dry 50e2 2 191 - 0.02 0.13 26204
aoDLAV 50e2 2 191 - 0.02 0.17 30852
aoULAV 50e2 2 191 - 0.03 0.16 30860
aoD2AG 50e2 2 191 - 0.03 0.16 31784
aoD2SG 50e2 2 191 - 0.02 0.18 31880
moore 50e2 2 191 - 0.32 115.94 762976
nbpm 50e2 2 191 - 1.97 56.90 2011948
greedy 50e2 2 191 - 1.52 61.54 2764780
dry 5e7 2 68 - 0.55 1.62 1006740
aoDLAV 5e7 2 68 - 4.20 282.17 7440220
aoULAV 5e7 2 68 - 5.49 297.97 7440192
aoD2AG 5e7 2 68 - 9.46 423.54 10936904
aoD2SG 5e7 2 68 - 10.07 515.25 11335508
dry 5e7 2 50 - 0.56 1.63 1006736
aoDLAV 5e7 2 50 - 4.20 298.44 7440192
aoULAV 5e7 2 50 - 5.45 316.22 7440192
aoD2AG 5e7 2 50 - 10.02 444.32 10936128
aoD2SG 5e7 2 50 - 10.41 516.35 11335584
dry 32e2 2 153 - 0.03 0.12 27952
aoDLAV 32e2 2 153 - 0.03 0.15 30540
aoULAV 32e2 2 153 - 0.04 0.15 30548
aoD2AG 32e2 2 153 - 0.04 0.16 31200
aoD2SG 32e2 2 153 - 0.04 0.16 31256
moore 32e2 2 153 - 0.18 48.23 330520
nbpm 32e2 2 153 - 0.91 21.65 854760
greedy 32e2 2 153 - 0.79 21.97 1150164
dry 4e7 2 68 - 0.46 1.32 811424
aoDLAV 4e7 2 68 - 3.47 239.17 5955820
aoULAV 4e7 2 68 - 4.43 252.37 5955816
aoD2AG 4e7 2 68 - 8.00 344.61 8755296
aoD2SG 4e7 2 68 - 8.20 404.73 9074204
dry 1e4 5 135 - 0.03 0.12 26900
aoDLAV 1e4 5 135 - 0.03 0.21 31084
aoULAV 1e4 5 135 - 0.04 0.20 31096
aoD2AG 1e4 5 135 - 0.03 0.22 32112
aoD2SG 1e4 5 135 - 0.03 0.23 32108
moore 1e4 5 135 - 1.38 865.43 2961736
nbpm 1e4 5 135 - 7.41 566.31 7811452
greedy 1e4 5 135 - 6.61 303.37 10959172
dry 56e6 2 136 - 0.64 1.80 1123924
aoDLAV 56e6 2 136 - 4.86 417.56 8330816
aoULAV 56e6 2 136 - 6.10 358.53 8330816
aoD2AG 56e6 2 136 - 10.91 554.00 12246512
aoD2SG 56e6 2 136 - 11.63 724.99 12695500
dry 6e7 2 79 - 0.66 1.94 1202044
aoDLAV 6e7 2 79 - 5.05 353.57 8924560
aoULAV 6e7 2 79 - 6.62 385.98 8924560
aoD2AG 6e7 2 79 - 11.91 553.89 13120856
aoD2SG 6e7 2 79 - 12.57 813.78 13598252
dry 32e2 2 147 - 0.02 0.13 26116
aoDLAV 32e2 2 147 - 0.03 0.15 30544
aoULAV 32e2 2 147 - 0.03 0.15 30548
aoD2AG 32e2 2 147 - 0.04 0.15 31216
aoD2SG 32e2 2 147 - 0.03 0.16 31256
moore 32e2 2 147 - 0.29 67.54 330520
nbpm 32e2 2 147 - 0.94 19.90 854764
greedy 32e2 2 147 - 0.76 23.52 1150192
dry 50e2 2 99 - 0.02 0.12 26204
aoDLAV 50e2 2 99 - 0.03 0.16 30848
aoULAV 50e2 2 99 - 0.03 0.15 30860
aoD2AG 50e2 2 99 - 0.03 0.16 31772
aoD2SG 50e2 2 99 - 0.03 0.17 31836
moore 50e2 2 99 - 0.59 181.27 764628
nbpm 50e2 2 99 - 2.04 56.10 2011924
greedy 50e2 2 99 - 1.72 66.41 2764780
dry 6e7 2 102 - 0.67 1.94 1202044
aoDLAV 6e7 2 102 - 5.05 361.43 8924620
aoULAV 6e7 2 102 - 6.53 383.76 8924560
aoD2AG 6e7 2 102 - 11.44 528.60 13118560
aoD2SG 6e7 2 102 - 12.11 637.59 13596064
dry 7e7 2 196 - 0.78 2.17 1397356
aoDLAV 7e7 2 196 - 5.85 421.86 10408936
aoULAV 7e7 2 196 - 7.38 459.12 10408936
aoD2AG 7e7 2 196 - 13.99 642.07 15304980
aoD2SG 7e7 2 196 - 14.56 978.47 15867096
dry 1e4 5 158 - 0.02 0.12 26904
aoDLAV 1e4 5 158 - 0.03 0.22 31108
aoULAV 1e4 5 158 - 0.03 0.23 31104
aoD2AG 1e4 5 158 - 0.03 0.23 32112
aoD2SG 1e4 5 158 - 0.03 0.24 32112
moore 1e4 5 158 - 1.11 935.53 2961736
nbpm 1e4 5 158 - 7.35 1121.96 7811460
greedy 1e4 5 158 - 6.32 297.14 10959172
dry 50e2 2 171 - 0.03 0.12 26204
aoDLAV 50e2 2 171 - 0.03 0.15 30848
aoULAV 50e2 2 171 - 0.03 0.15 30860
aoD2AG 50e2 2 171 - 0.03 0.16 31776
aoD2SG 50e2 2 171 - 0.03 0.17 31888
moore 50e2 2 171 - 0.34 123.23 762972
nbpm 50e2 2 171 - 2.07 52.47 2011916
greedy 50e2 2 171 - 1.70 59.86 2764780
dry 6e7 2 49 - 0.78 1.87 1202044
aoDLAV 6e7 2 49 - 5.09 363.54 8924564
aoULAV 6e7 2 49 - 6.60 389.59 8924560
aoD2AG 6e7 2 49 - 12.32 550.24 13119980
aoD2SG 6e7 2 49 - 12.90 643.15 13600256
dry 7e7 2 164 - 0.94 2.20 1397356
aoDLAV 7e7 2 164 - 5.97 423.73 10408936
aoULAV 7e7 2 164 - 7.42 454.26 10408936
aoD2AG 7e7 2 164 - 13.86 641.70 15306460
aoD2SG 7e7 2 164 - 14.27 759.50 15864000
dry 32e2 2 37 - 0.02 0.12 26116
aoDLAV 32e2 2 37 - 0.02 0.15 30544
aoULAV 32e2 2 37 - 0.04 0.14 30552
aoD2AG 32e2 2 37 - 0.03 0.15 31216
aoD2SG 32e2 2 37 - 0.02 0.16 31272
moore 32e2 2 37 - 0.29 68.37 330520
nbpm 32e2 2 37 - 0.95 20.58 854808
greedy 32e2 2 37 - 0.72 22.10 1150164
dry 25e2 2 130 - 0.03 0.11 26084
aoDLAV 25e2 2 130 - 0.03 0.14 30452
aoULAV 25e2 2 130 - 0.02 0.15 30468
aoD2AG 25e2 2 130 - 0.03 0.15 30980
aoD2SG 25e2 2 130 - 0.02 0.15 31040
moore 25e2 2 130 - 0.11 38.76 213596
nbpm 25e2 2 130 - 0.57 12.71 541636
greedy 25e2 2 130 - 0.42 10.29 713664
dry 18e2 2 80 - 0.02 0.12 26048
aoDLAV 18e2 2 80 - 0.03 0.14 30372
aoULAV 18e2 2 80 - 0.03 0.15 30384
aoD2AG 18e2 2 80 - 0.03 0.15 30784
aoD2SG 18e2 2 80 - 0.03 0.15 30828
moore 18e2 2 80 - 0.06 6.48 125512
nbpm 18e2 2 80 - 0.19 7.89 334528
greedy 18e2 2 80 - 0.25 3.87 384352
dry 5e7 2 125 - 0.54 1.61 1006736
aoDLAV 5e7 2 125 - 4.24 287.95 7440192
aoULAV 5e7 2 125 - 5.43 305.71 7440192
aoD2AG 5e7 2 125 - 9.63 432.92 10937336
aoD2SG 5e7 2 125 - 10.21 510.89 11336336
dry 7e7 2 50 - 0.91 2.21 1397356
aoDLAV 7e7 2 50 - 6.05 417.47 10408936
aoULAV 7e7 2 50 - 7.70 458.77 10408936
aoD2AG 7e7 2 50 - 13.94 660.21 15306060
aoD2SG 7e7 2 50 - 14.42 753.30 15864752
dry 56e2 2 215 - 0.03 0.13 26236
aoDLAV 56e2 2 215 - 0.03 0.17 30976
aoULAV 56e2 2 215 - 0.03 0.16 30992
aoD2AG 56e2 2 215 - 0.03 0.18 31984
aoD2SG 56e2 2 215 - 0.02 0.18 31124
moore 56e2 2 215 - 0.77 238.44 952724
nbpm 56e2 2 215 - 2.44 76.19 2388088
greedy 56e2 2 215 - 2.13 82.31 3460496
dry 3e7 2 164 - 0.39 1.04 616128
aoDLAV 3e7 2 164 - 2.67 172.13 4471428
aoULAV 3e7 2 164 - 2.49 177.69 4471432
aoD2AG 3e7 2 164 - 6.26 311.44 6569592
aoD2SG 3e7 2 164 - 6.07 293.04 6808704
dry 18e6 2 121 - 0.23 0.69 381736
aoDLAV 18e6 2 121 - 1.54 96.19 2690192
aoULAV 18e6 2 121 - 1.53 99.87 2690192
aoD2AG 18e6 2 121 - 3.30 149.12 3950200
aoD2SG 18e6 2 121 - 3.68 215.35 4092020
dry 1e4 10 146 - 0.02 0.12 27692
aoDLAV 1e4 10 146 - 0.03 0.67 32764
aoULAV 1e4 10 146 - 0.03 0.68 32776
aoD2AG 1e4 10 146 - 0.03 0.71 32744
aoD2SG 1e4 10 146 - 0.03 0.81 34180
moore 1e4 10 146 - 1.11 1317.15 2963852
nbpm 1e4 10 146 - 7.57 803.60 7764384
greedy 1e4 10 146 - 6.56 278.73 10961112
dry 75e2 2 124 - 0.02 0.13 26328
aoDLAV 75e2 2 124 - 0.03 0.16 31380
aoULAV 75e2 2 124 - 0.02 0.17 31388
aoD2AG 75e2 2 124 - 0.04 0.18 31380
aoD2SG 75e2 2 124 - 0.02 0.18 31384
moore 75e2 2 124 - 1.29 497.00 1688784
nbpm 75e2 2 124 - 4.13 181.97 4242124
greedy 75e2 2 124 - 3.80 154.17 6183096
dry 56e2 2 62 - 0.02 0.13 26236
aoDLAV 56e2 2 62 - 0.03 0.16 30980
aoULAV 56e2 2 62 - 0.03 0.16 30988
aoD2AG 56e2 2 62 - 0.03 0.18 31988
aoD2SG 56e2 2 62 - 0.03 0.18 31120
moore 56e2 2 62 - 1.33 337.91 952728
nbpm 56e2 2 62 - 2.54 74.80 2388088
greedy 56e2 2 62 - 2.17 78.70 3460492
dry 1e4 2 136 - 0.02 0.12 26432
aoDLAV 1e4 2 136 - 0.04 0.17 31864
aoULAV 1e4 2 136 - 0.04 0.17 31876
aoD2AG 1e4 2 136 - 0.04 0.18 31876
aoD2SG 1e4 2 136 - 0.03 0.18 31996
moore 1e4 2 136 - 1.16 1213.36 2960580
nbpm 1e4 2 136 - 7.63 347.28 7889424
greedy 1e4 2 136 - 6.30 273.04 10968568
dry 56e2 2 67 - 0.02 0.12 26240
aoDLAV 56e2 2 67 - 0.03 0.15 30976
aoULAV 56e2 2 67 - 0.03 0.15 30988
aoD2AG 56e2 2 67 - 0.02 0.17 31972
aoD2SG 56e2 2 67 - 0.03 0.17 31164
moore 56e2 2 67 - 0.68 219.68 952724
nbpm 56e2 2 67 - 2.38 73.90 2388092
greedy 56e2 2 67 - 2.15 74.12 3460488
dry 56e2 2 188 - 0.03 0.11 26236
aoDLAV 56e2 2 188 - 0.03 0.15 30976
aoULAV 56e2 2 188 - 0.02 0.16 30992
aoD2AG 56e2 2 188 - 0.04 0.16 31992
aoD2SG 56e2 2 188 - 0.03 0.17 31124
moore 56e2 2 188 - 0.74 231.54 952728
nbpm 56e2 2 188 - 2.42 73.29 2388092
greedy 56e2 2 188 - 2.06 78.08 3460492
dry 25e2 2 74 - 0.02 0.12 26084
aoDLAV 25e2 2 74 - 0.03 0.14 30456
aoULAV 25e2 2 74 - 0.02 0.15 30464
aoD2AG 25e2 2 74 - 0.03 0.14 30980
aoD2SG 25e2 2 74 - 0.02 0.16 31072
moore 25e2 2 74 - 0.10 31.43 213596
nbpm 25e2 2 74 - 0.48 14.23 541636
greedy 25e2 2 74 - 0.44 10.83 713668
dry 5e7 2 226 - 0.54 1.59 1006736
aoDLAV 5e7 2 226 - 4.09 293.99 7440192
aoULAV 5e7 2 226 - 5.77 314.33 7440192
aoD2AG 5e7 2 226 - 9.86 441.15 10936888
aoD2SG 5e7 2 226 - 10.98 519.91 11335680
dry 3e7 2 39 - 0.35 1.04 616108
aoDLAV 3e7 2 39 - 2.57 212.50 4471428
aoULAV 3e7 2 39 - 2.66 177.91 4471428
aoD2AG 3e7 2 39 - 5.66 252.11 6569264
aoD2SG 3e7 2 39 - 6.17 296.74 6810812
dry 1e4 2 223 - 0.03 0.11 26432
aoDLAV 1e4 2 223 - 0.03 0.17 31864
aoULAV 1e4 2 223 - 0.03 0.17 31876
aoD2AG 1e4 2 223 - 0.03 0.17 31876
aoD2SG 1e4 2 223 - 0.03 0.18 31992
moore 1e4 2 223 - 1.25 930.14 2960576
nbpm 1e4 2 223 - 7.62 352.30 7889468
greedy 1e4 2 223 - 6.97 278.51 10968568
dry 56e6 2 223 - 0.77 1.79 1123924
aoDLAV 56e6 2 223 - 4.83 333.00 8330816
aoULAV 56e6 2 223 - 6.28 347.50 8330876
aoD2AG 56e6 2 223 - 10.84 491.87 12245388
aoD2SG 56e6 2 223 - 11.76 594.04 12692328
dry 18e6 2 237 - 0.24 0.68 381736
aoDLAV 18e6 2 237 - 1.60 98.79 2690192
aoULAV 18e6 2 237 - 2.10 103.88 2690192
aoD2AG 18e6 2 237 - 3.21 146.91 3951892
aoD2SG 18e6 2 237 - 3.32 175.66 4092176
dry 6e7 2 186 - 0.65 1.90 1202048
aoDLAV 6e7 2 186 - 4.96 369.99 8924560
aoULAV 6e7 2 186 - 6.56 390.14 8924564
aoD2AG 6e7 2 186 - 12.23 566.01 13121596
aoD2SG 6e7 2 186 - 12.44 647.56 13602084
dry 25e2 2 123 - 0.02 0.12 26084
aoDLAV 25e2 2 123 - 0.03 0.14 30456
aoULAV 25e2 2 123 - 0.03 0.14 30468
aoD2AG 25e2 2 123 - 0.03 0.15 30984
aoD2SG 25e2 2 123 - 0.03 0.15 31024
moore 25e2 2 123 - 0.10 35.96 213600
nbpm 25e2 2 123 - 0.54 11.85 541640
greedy 25e2 2 123 - 0.43 9.86 713664
dry 32e2 2 128 - 0.03 0.11 26116
aoDLAV 32e2 2 128 - 0.03 0.14 30544
aoULAV 32e2 2 128 - 0.03 0.14 30556
aoD2AG 32e2 2 128 - 0.03 0.15 31212
aoD2SG 32e2 2 128 - 0.03 0.15 31272
moore 32e2 2 128 - 0.14 39.85 330520
nbpm 32e2 2 128 - 0.86 19.52 854760
greedy 32e2 2 128 - 0.69 21.28 1150168
dry 75e2 2 94 - 0.02 0.12 26328
aoDLAV 75e2 2 94 - 0.03 0.15 31376
aoULAV 75e2 2 94 - 0.03 0.15 31388
aoD2AG 75e2 2 94 - 0.03 0.17 31380
aoD2SG 75e2 2 94 - 0.03 0.17 31380
moore 75e2 2 94 - 1.19 481.69 1688792
nbpm 75e2 2 94 - 4.24 160.53 4242132
greedy 75e2 2 94 - 4.04 178.28 6183088
dry 1e4 10 10 - 0.03 0.12 29172
aoDLAV 1e4 10 10 - 0.04 0.75 32764
aoULAV 1e4 10 10 - 0.03 0.74 32776
aoD2AG 1e4 10 10 - 0.03 0.75 32748
aoD2SG 1e4 10 10 - 0.04 0.78 34176
moore 1e4 10 10 - 1.05 1472.84 2963856
nbpm 1e4 10 10 - 7.43 765.41 7764384
greedy 1e4 10 10 - 6.91 280.94 10961108
dry 56e2 2 197 - 0.03 0.13 26236
aoDLAV 56e2 2 197 - 0.04 0.16 30976
aoULAV 56e2 2 197 - 0.05 0.15 30992
aoD2AG 56e2 2 197 - 0.03 0.18 31988
aoD2SG 56e2 2 197 - 0.04 0.17 31124
moore 56e2 2 197 - 0.71 238.57 952724
nbpm 56e2 2 197 - 2.33 74.34 2388088
greedy 56e2 2 197 - 2.30 82.21 3460528
dry 32e6 2 94 - 0.43 1.08 655180
aoDLAV 32e6 2 94 - 2.74 187.17 4768328
aoULAV 32e6 2 94 - 2.93 189.00 4768324
aoD2AG 32e6 2 94 - 6.23 268.22 7006964
aoD2SG 32e6 2 94 - 6.88 346.92 7262428
dry 32e6 2 39 - 0.39 1.13 655176
aoDLAV 32e6 2 39 - 2.76 182.12 4768328
aoULAV 32e6 2 39 - 3.54 188.37 4768324
aoD2AG 32e6 2 39 - 6.41 265.32 7009016
aoD2SG 32e6 2 39 - 6.19 309.69 7263220
dry 56e2 2 9 - 0.02 0.12 26236
aoDLAV 56e2 2 9 - 0.02 0.16 30976
aoULAV 56e2 2 9 - 0.02 0.16 30988
aoD2AG 56e2 2 9 - 0.03 0.17 31988
aoD2SG 56e2 2 9 - 0.03 0.18 31128
moore 56e2 2 9 - 0.74 233.21 952720
nbpm 56e2 2 9 - 2.38 105.47 2388080
greedy 56e2 2 9 - 2.17 84.83 3460492
dry 1e4 2 194 - 0.02 0.12 26436
aoDLAV 1e4 2 194 - 0.03 0.18 31864
aoULAV 1e4 2 194 - 0.03 0.17 31876
aoD2AG 1e4 2 194 - 0.03 0.18 31876
aoD2SG 1e4 2 194 - 0.03 0.19 31988
moore 1e4 2 194 - 1.16 1119.39 2960576
nbpm 1e4 2 194 - 7.62 356.62 7889416
greedy 1e4 2 194 - 6.57 282.96 10968568
dry 1e4 10 25 - 0.03 0.13 27688
aoDLAV 1e4 10 25 - 0.04 0.82 32768
aoULAV 1e4 10 25 - 0.04 0.76 32776
aoD2AG 1e4 10 25 - 0.03 0.77 32744
aoD2SG 1e4 10 25 - 0.04 0.81 34180
moore 1e4 10 25 - 1.17 1051.53 2963864
nbpm 1e4 10 25 - 7.64 697.14 7764384
greedy 1e4 10 25 - 7.20 273.15 10961108
dry 18e2 2 147 - 0.02 0.12 26048
aoDLAV 18e2 2 147 - 0.03 0.15 30372
aoULAV 18e2 2 147 - 0.03 0.15 30428
aoD2AG 18e2 2 147 - 0.03 0.15 30788
aoD2SG 18e2 2 147 - 0.03 0.15 30824
moore 18e2 2 147 - 0.07 15.30 125408
nbpm 18e2 2 147 - 0.18 7.68 334528
greedy 18e2 2 147 - 0.21 4.27 384352
dry 18e6 2 90 - 0.21 0.69 381740
aoDLAV 18e6 2 90 - 1.59 115.96 2690196
aoULAV 18e6 2 90 - 1.61 96.75 2690192
aoD2AG 18e6 2 90 - 3.19 136.59 3950392
aoD2SG 18e6 2 90 - 3.89 166.99 4094860
dry 18e6 2 1 - 0.28 0.71 381736
aoDLAV 18e6 2 1 - 1.60 93.84 2690192
aoULAV 18e6 2 1 - 1.53 99.84 2690192
aoD2AG 18e6 2 1 - 3.05 145.48 3950728
aoD2SG 18e6 2 1 - 3.96 169.45 4094208
dry 18e2 2 213 - 0.02 0.12 26052
aoDLAV 18e2 2 213 - 0.03 0.14 30372
aoULAV 18e2 2 213 - 0.03 0.14 30384
aoD2AG 18e2 2 213 - 0.03 0.15 30792
aoD2SG 18e2 2 213 - 0.03 0.15 30816
moore 18e2 2 213 - 0.08 19.23 125496
nbpm 18e2 2 213 - 0.22 7.43 334532
greedy 18e2 2 213 - 0.31 4.01 384348
dry 56e2 2 186 - 0.02 0.12 26236
aoDLAV 56e2 2 186 - 0.02 0.15 30976
aoULAV 56e2 2 186 - 0.02 0.15 30988
aoD2AG 56e2 2 186 - 0.02 0.18 31980
aoD2SG 56e2 2 186 - 0.02 0.19 31120
moore 56e2 2 186 - 0.64 220.72 952720
nbpm 56e2 2 186 - 2.37 73.32 2388080
greedy 56e2 2 186 - 2.09 75.63 3460492
dry 1e4 2 88 - 0.03 0.11 26432
aoDLAV 1e4 2 88 - 0.02 0.18 31864
aoULAV 1e4 2 88 - 0.03 0.18 31876
aoD2AG 1e4 2 88 - 0.03 0.18 31876
aoD2SG 1e4 2 88 - 0.03 0.19 31988
moore 1e4 2 88 - 1.13 1139.69 2960572
nbpm 1e4 2 88 - 7.85 354.49 7889416
greedy 1e4 2 88 - 6.55 345.28 10968616
dry 7e7 2 70 - 0.79 2.21 1397356
aoDLAV 7e7 2 70 - 5.80 511.27 10408944
aoULAV 7e7 2 70 - 7.54 462.44 10408936
aoD2AG 7e7 2 70 - 13.57 642.68 15305636
aoD2SG 7e7 2 70 - 14.81 760.98 15862688
dry 1e4 5 246 - 0.02 0.12 27952
aoDLAV 1e4 5 246 - 0.02 0.22 31084
aoULAV 1e4 5 246 - 0.03 0.22 31100
aoD2AG 1e4 5 246 - 0.04 0.22 32112
aoD2SG 1e4 5 246 - 0.03 0.23 32108
moore 1e4 5 246 - 1.32 1012.87 2961732
nbpm 1e4 5 246 - 7.64 831.58 7811476
greedy 1e4 5 246 - 6.50 343.00 10959172
