dry 32e5 2 233 - 0.04 0.24 92676
aoDLAV 32e5 2 233 - 0.25 10.65 493324
aoULAV 32e5 2 233 - 0.26 11.53 493340
aoD2AG 32e5 2 233 - 0.39 20.97 718008
aoD2SG 32e5 2 233 - 0.42 21.66 743712
dry 1e7 10 9 - 0.38 1.39 850508
aoDLAV 1e7 10 9 - 1.53 7093.43 3533956
aoULAV 1e7 10 9 - 2.35 4789.28 3533956
aoD2AG 1e7 10 9 - 3.55 4875.57 4336100
aoD2SG 1e7 10 9 - 3.75 6293.07 4425688
dry 18e5 2 79 - 0.05 0.21 65324
aoDLAV 18e5 2 79 - 0.16 6.23 285508
aoULAV 18e5 2 79 - 0.15 6.61 285520
aoD2AG 18e5 2 79 - 0.23 9.57 413424
aoD2SG 18e5 2 79 - 0.28 10.84 426648
dry 1e7 2 208 - 0.12 0.44 225488
aoDLAV 1e7 2 208 - 0.81 43.21 1502684
aoULAV 1e7 2 208 - 0.78 45.96 1502684
aoD2AG 1e7 2 208 - 1.78 64.82 2202612
aoD2SG 1e7 2 208 - 1.69 75.05 2283900
dry 1e7 2 117 - 0.13 0.43 225488
aoDLAV 1e7 2 117 - 0.81 43.48 1502684
aoULAV 1e7 2 117 - 0.75 46.04 1502684
aoD2AG 1e7 2 117 - 1.61 65.19 2205004
aoD2SG 1e7 2 117 - 1.86 75.19 2284536
dry 18e5 2 105 - 0.05 0.21 65324
aoDLAV 18e5 2 105 - 0.16 6.17 285508
aoULAV 18e5 2 105 - 0.16 6.57 285524
aoD2AG 18e5 2 105 - 0.26 9.50 412484
aoD2SG 18e5 2 105 - 0.27 10.80 426584
dry 56e5 2 66 - 0.08 0.31 139548
aoDLAV 56e5 2 66 - 0.42 22.39 849560
aoULAV 56e5 2 66 - 0.46 23.72 849560
aoD2AG 56e5 2 66 - 0.72 33.78 1242796
aoD2SG 56e5 2 66 - 0.74 38.65 1286012
dry 1e7 5 163 - 0.23 0.79 459868
aoDLAV 1e7 5 163 - 1.10 209.02 2323016
aoULAV 1e7 5 163 - 1.61 219.28 2323020
aoD2AG 1e7 5 163 - 2.62 242.90 3064408
aoD2SG 1e7 5 163 - 2.67 285.01 3151564
dry 18e5 2 209 - 0.05 0.20 65324
aoDLAV 18e5 2 209 - 0.15 6.47 285508
aoULAV 18e5 2 209 - 0.15 6.91 285520
aoD2AG 18e5 2 209 - 0.27 9.97 412956
aoD2SG 18e5 2 209 - 0.26 11.34 427064
dry 1e7 5 184 - 0.25 0.78 459868
aoDLAV 1e7 5 184 - 1.09 219.26 2323016
aoULAV 1e7 5 184 - 1.07 221.62 2323016
aoD2AG 1e7 5 184 - 2.51 245.00 3064428
aoD2SG 1e7 5 184 - 2.63 288.46 3150280
dry 1e7 10 90 - 0.43 1.37 850508
aoDLAV 1e7 10 90 - 1.53 4775.71 3533952
aoULAV 1e7 10 90 - 2.41 4796.77 3533956
aoD2AG 1e7 10 90 - 3.67 4733.17 4336348
aoD2SG 1e7 10 90 - 3.49 5596.99 4427952
dry 1e7 2 81 - 0.12 0.44 225484
aoDLAV 1e7 2 81 - 0.73 43.93 1502688
aoULAV 1e7 2 81 - 1.00 46.58 1502688
aoD2AG 1e7 2 81 - 1.55 66.95 2203380
aoD2SG 1e7 2 81 - 1.66 76.26 2285080
dry 56e5 2 221 - 0.08 0.32 139548
aoDLAV 56e5 2 221 - 0.44 22.69 849560
aoULAV 56e5 2 221 - 0.47 24.22 849556
aoD2AG 56e5 2 221 - 0.71 34.29 1242040
aoD2SG 56e5 2 221 - 0.75 39.24 1286268
dry 56e5 2 33 - 0.08 0.32 139564
aoDLAV 56e5 2 33 - 0.49 22.58 849556
aoULAV 56e5 2 33 - 0.48 24.15 849556
aoD2AG 56e5 2 33 - 0.74 34.29 1241792
aoD2SG 56e5 2 33 - 0.69 39.39 1286196
dry 32e5 2 240 - 0.05 0.25 92680
aoDLAV 32e5 2 240 - 0.26 11.94 493324
aoULAV 32e5 2 240 - 0.27 12.66 493428
aoD2AG 32e5 2 240 - 0.44 18.12 718132
aoD2SG 32e5 2 240 - 0.44 20.76 743416
dry 32e5 2 35 - 0.06 0.25 92680
aoDLAV 32e5 2 35 - 0.26 11.84 493324
aoULAV 32e5 2 35 - 0.27 12.66 493340
aoD2AG 32e5 2 35 - 0.45 18.25 717352
aoD2SG 32e5 2 35 - 0.41 20.79 743532
dry 1e7 5 245 - 0.23 0.80 459868
aoDLAV 1e7 5 245 - 1.05 214.60 2323016
aoULAV 1e7 5 245 - 1.07 215.15 2323020
aoD2AG 1e7 5 245 - 2.52 233.58 3063692
aoD2SG 1e7 5 245 - 2.49 276.57 3149152
dry 56e5 2 215 - 0.08 0.32 139544
aoDLAV 56e5 2 215 - 0.49 22.13 849556
aoULAV 56e5 2 215 - 0.45 23.59 849556
aoD2AG 56e5 2 215 - 0.70 33.48 1242716
aoD2SG 56e5 2 215 - 0.76 38.43 1286896
dry 1e7 5 165 - 0.23 0.79 459868
aoDLAV 1e7 5 165 - 1.11 208.71 2323016
aoULAV 1e7 5 165 - 1.53 211.13 2323036
aoD2AG 1e7 5 165 - 2.46 232.44 3065004
aoD2SG 1e7 5 165 - 2.19 276.27 3149440
dry 1e7 2 48 - 0.12 0.44 225484
aoDLAV 1e7 2 48 - 0.76 43.07 1502684
aoULAV 1e7 2 48 - 0.81 45.69 1502684
aoD2AG 1e7 2 48 - 1.73 66.59 2203908
aoD2SG 1e7 2 48 - 1.69 76.32 2283104
dry 18e5 2 8 - 0.04 0.22 65324
aoDLAV 18e5 2 8 - 0.17 6.34 285512
aoULAV 18e5 2 8 - 0.17 6.75 285572
aoD2AG 18e5 2 8 - 0.26 9.73 413196
aoD2SG 18e5 2 8 - 0.27 11.08 427748
dry 1e7 10 141 - 0.42 1.37 850512
aoDLAV 1e7 10 141 - 1.54 4723.43 3533960
aoULAV 1e7 10 141 - 2.36 4714.25 3534060
aoD2AG 1e7 10 141 - 3.62 5171.24 4339036
aoD2SG 1e7 10 141 - 3.62 5846.83 4425544
dry 1e7 5 187 - 0.23 0.79 459872
aoDLAV 1e7 5 187 - 1.05 216.11 2323016
aoULAV 1e7 5 187 - 1.51 218.74 2323016
aoD2AG 1e7 5 187 - 2.55 241.22 3063440
aoD2SG 1e7 5 187 - 2.55 287.77 3151424
dry 18e5 2 174 - 0.05 0.20 65324
aoDLAV 18e5 2 174 - 0.16 6.42 285508
aoULAV 18e5 2 174 - 0.16 6.81 285640
aoD2AG 18e5 2 174 - 0.24 9.92 411368
aoD2SG 18e5 2 174 - 0.23 11.27 426252
dry 1e7 2 191 - 0.13 0.44 225484
aoDLAV 1e7 2 191 - 0.75 44.63 1502684
aoULAV 1e7 2 191 - 0.75 47.35 1502684
aoD2AG 1e7 2 191 - 1.52 67.18 2202808
aoD2SG 1e7 2 191 - 1.65 76.88 2283720
dry 18e5 2 232 - 0.04 0.21 65324
aoDLAV 18e5 2 232 - 0.17 6.36 285508
aoULAV 18e5 2 232 - 0.15 6.80 285520
aoD2AG 18e5 2 232 - 0.25 9.85 413032
aoD2SG 18e5 2 232 - 0.26 11.26 426972
dry 1e7 5 39 - 0.22 0.80 459868
aoDLAV 1e7 5 39 - 1.01 211.81 2323020
aoULAV 1e7 5 39 - 1.05 214.18 2323016
aoD2AG 1e7 5 39 - 2.46 236.01 3065008
aoD2SG 1e7 5 39 - 2.52 281.98 3150480
dry 1e7 2 45 - 0.13 0.43 225488
aoDLAV 1e7 2 45 - 0.75 44.39 1502684
aoULAV 1e7 2 45 - 0.74 46.94 1502684
aoD2AG 1e7 2 45 - 1.57 66.18 2204996
aoD2SG 1e7 2 45 - 1.65 76.56 2283624
dry 1e7 5 68 - 0.23 0.79 459868
aoDLAV 1e7 5 68 - 1.05 211.52 2323016
aoULAV 1e7 5 68 - 1.11 214.51 2323020
aoD2AG 1e7 5 68 - 2.50 239.94 3063884
aoD2SG 1e7 5 68 - 2.51 282.09 3151408
dry 1e7 5 199 - 0.23 0.80 459868
aoDLAV 1e7 5 199 - 1.05 214.43 2323020
aoULAV 1e7 5 199 - 1.53 217.84 2323016
aoD2AG 1e7 5 199 - 1.96 241.59 3063272
aoD2SG 1e7 5 199 - 2.49 288.39 3150396
dry 1e7 2 125 - 0.13 0.43 225484
aoDLAV 1e7 2 125 - 0.78 45.08 1502688
aoULAV 1e7 2 125 - 0.79 47.08 1502684
aoD2AG 1e7 2 125 - 1.58 67.26 2205344
aoD2SG 1e7 2 125 - 1.87 77.27 2284548
dry 1e7 5 220 - 0.24 0.78 459872
aoDLAV 1e7 5 220 - 1.03 214.51 2323016
aoULAV 1e7 5 220 - 1.47 216.82 2323016
aoD2AG 1e7 5 220 - 2.01 239.36 3065044
aoD2SG 1e7 5 220 - 2.46 284.48 3149920
dry 32e5 2 239 - 0.06 0.24 92676
aoDLAV 32e5 2 239 - 0.24 11.83 493324
aoULAV 32e5 2 239 - 0.26 12.76 493340
aoD2AG 32e5 2 239 - 0.42 18.45 718232
aoD2SG 32e5 2 239 - 0.40 20.83 743712
dry 1e7 2 11 - 0.12 0.44 225484
aoDLAV 1e7 2 11 - 0.75 44.50 1502684
aoULAV 1e7 2 11 - 0.96 46.94 1502684
aoD2AG 1e7 2 11 - 1.54 66.51 2205460
aoD2SG 1e7 2 11 - 1.63 76.99 2284692
dry 18e5 2 202 - 0.05 0.20 65324
aoDLAV 18e5 2 202 - 0.16 6.38 285508
aoULAV 18e5 2 202 - 0.14 6.66 285520
aoD2AG 18e5 2 202 - 0.26 10.07 413352
aoD2SG 18e5 2 202 - 0.26 11.02 426544
dry 32e5 2 124 - 0.06 0.25 92704
aoDLAV 32e5 2 124 - 0.23 11.91 493324
aoULAV 32e5 2 124 - 0.26 13.07 493368
aoD2AG 32e5 2 124 - 0.40 18.88 717740
aoD2SG 32e5 2 124 - 0.41 20.85 744916
dry 32e5 2 227 - 0.05 0.25 92676
aoDLAV 32e5 2 227 - 0.27 11.98 493328
aoULAV 32e5 2 227 - 0.24 12.81 493340
aoD2AG 32e5 2 227 - 0.40 18.21 717968
aoD2SG 32e5 2 227 - 0.41 20.87 743848
dry 1e7 10 152 - 0.40 1.38 850512
aoDLAV 1e7 10 152 - 1.58 4821.01 3533956
aoULAV 1e7 10 152 - 2.33 4864.11 3533952
aoD2AG 1e7 10 152 - 3.44 4806.98 4339312
aoD2SG 1e7 10 152 - 3.56 5818.82 4426324
dry 56e5 2 23 - 0.08 0.31 139544
aoDLAV 56e5 2 23 - 0.45 22.48 849556
aoULAV 56e5 2 23 - 0.42 24.30 849560
aoD2AG 56e5 2 23 - 0.71 34.25 1242264
aoD2SG 56e5 2 23 - 0.75 39.35 1285372
dry 1e7 10 65 - 0.41 1.37 850508
aoDLAV 1e7 10 65 - 1.46 4740.15 3533960
aoULAV 1e7 10 65 - 2.39 4804.31 3533964
aoD2AG 1e7 10 65 - 3.55 4834.47 4336716
aoD2SG 1e7 10 65 - 3.46 5771.20 4426392
dry 18e5 2 246 - 0.05 0.21 65324
aoDLAV 18e5 2 246 - 0.16 6.37 285508
aoULAV 18e5 2 246 - 0.17 6.79 285524
aoD2AG 18e5 2 246 - 0.25 9.83 412668
aoD2SG 18e5 2 246 - 0.26 11.18 425656
dry 32e5 2 234 - 0.06 0.25 92676
aoDLAV 32e5 2 234 - 0.27 11.91 493328
aoULAV 32e5 2 234 - 0.27 12.72 493336
aoD2AG 32e5 2 234 - 0.43 18.25 717996
aoD2SG 32e5 2 234 - 0.41 20.31 744644
dry 1e7 10 217 - 0.41 1.37 850512
aoDLAV 1e7 10 217 - 1.51 5941.36 3533952
aoULAV 1e7 10 217 - 2.74 4931.75 3533960
aoD2AG 1e7 10 217 - 3.84 6490.93 4336136
aoD2SG 1e7 10 217 - 3.52 5605.30 4425072
