dry 1e7 2 204 - 0.10 0.38 225484
aoDLAV 1e7 2 204 - 0.66 54.45 1502684
aoULAV 1e7 2 204 - 0.81 48.39 1502688
aoD2AG 1e7 2 204 - 1.50 67.76 2203416
aoD2SG 1e7 2 204 - 1.63 83.69 2282704
dry 1e7 2 225 - 0.12 0.45 225488
aoDLAV 1e7 2 225 - 0.80 43.71 1502684
aoULAV 1e7 2 225 - 0.77 47.20 1502684
aoD2AG 1e7 2 225 - 1.53 66.55 2203600
aoD2SG 1e7 2 225 - 1.74 77.37 2285348
dry 32e5 2 209 - 0.06 0.25 92676
aoDLAV 32e5 2 209 - 0.27 12.07 493324
aoULAV 32e5 2 209 - 0.28 12.67 493336
aoD2AG 32e5 2 209 - 0.41 18.91 718108
aoD2SG 32e5 2 209 - 0.42 21.14 744588
dry 1e7 5 233 - 0.22 0.80 459868
aoDLAV 1e7 5 233 - 1.05 217.79 2323016
aoULAV 1e7 5 233 - 1.46 221.40 2323016
aoD2AG 1e7 5 233 - 1.99 241.44 3062492
aoD2SG 1e7 5 233 - 2.53 288.53 3151504
dry 1e7 5 196 - 0.22 0.79 459868
aoDLAV 1e7 5 196 - 1.02 215.19 2323016
aoULAV 1e7 5 196 - 1.43 217.09 2323016
aoD2AG 1e7 5 196 - 2.50 240.35 3064564
aoD2SG 1e7 5 196 - 2.07 286.24 3150976
dry 32e5 2 67 - 0.06 0.25 92676
aoDLAV 32e5 2 67 - 0.25 12.06 493328
aoULAV 32e5 2 67 - 0.24 12.86 493340
aoD2AG 32e5 2 67 - 0.40 18.40 717032
aoD2SG 32e5 2 67 - 0.44 21.17 743364
dry 56e5 2 182 - 0.08 0.32 139544
aoDLAV 56e5 2 182 - 0.46 23.03 849556
aoULAV 56e5 2 182 - 0.43 24.58 849556
aoD2AG 56e5 2 182 - 0.74 35.18 1242456
aoD2SG 56e5 2 182 - 0.74 40.12 1285532
dry 32e5 2 186 - 0.06 0.24 92676
aoDLAV 32e5 2 186 - 0.25 11.93 493324
aoULAV 32e5 2 186 - 0.28 12.51 493336
aoD2AG 32e5 2 186 - 0.42 18.34 718016
aoD2SG 32e5 2 186 - 0.39 20.85 743420
dry 32e5 2 161 - 0.06 0.24 92676
aoDLAV 32e5 2 161 - 0.28 11.93 493324
aoULAV 32e5 2 161 - 0.27 12.99 493336
aoD2AG 32e5 2 161 - 0.38 18.56 718156
aoD2SG 32e5 2 161 - 0.41 21.12 742968
dry 32e5 2 187 - 0.06 0.25 92676
aoDLAV 32e5 2 187 - 0.26 12.13 493324
aoULAV 32e5 2 187 - 0.27 13.02 493336
aoD2AG 32e5 2 187 - 0.43 18.60 718856
aoD2SG 32e5 2 187 - 0.49 20.86 743504
dry 18e5 2 68 - 0.04 0.21 65376
aoDLAV 18e5 2 68 - 0.19 7.36 285508
aoULAV 18e5 2 68 - 0.20 7.83 285524
aoD2AG 18e5 2 68 - 0.29 10.94 412036
aoD2SG 18e5 2 68 - 0.30 12.50 427068
dry 1e7 5 59 - 0.30 0.81 459868
aoDLAV 1e7 5 59 - 1.39 264.60 2323016
aoULAV 1e7 5 59 - 1.82 267.65 2323016
aoD2AG 1e7 5 59 - 3.07 290.39 3065428
aoD2SG 1e7 5 59 - 3.00 339.93 3151608
dry 1e7 5 175 - 0.31 0.79 459868
aoDLAV 1e7 5 175 - 1.38 266.43 2323016
aoULAV 1e7 5 175 - 1.87 269.20 2323016
aoD2AG 1e7 5 175 - 2.87 293.70 3064208
aoD2SG 1e7 5 175 - 3.26 343.55 3149060
dry 56e5 2 232 - 0.08 0.32 139544
aoDLAV 56e5 2 232 - 0.50 23.50 849556
aoULAV 56e5 2 232 - 0.49 25.05 849556
aoD2AG 56e5 2 232 - 0.86 35.52 1241524
aoD2SG 56e5 2 232 - 0.93 40.67 1286680
dry 1e7 10 178 - 0.50 1.39 850508
aoDLAV 1e7 10 178 - 2.11 6228.52 3533956
aoULAV 1e7 10 178 - 2.47 4668.72 3533956
aoD2AG 1e7 10 178 - 3.65 4716.58 4337700
aoD2SG 1e7 10 178 - 3.91 6628.29 4425808
dry 18e5 2 77 - 0.04 0.21 65328
aoDLAV 18e5 2 77 - 0.14 6.36 285508
aoULAV 18e5 2 77 - 0.15 6.96 285520
aoD2AG 18e5 2 77 - 0.24 9.92 412684
aoD2SG 18e5 2 77 - 0.28 11.44 426968
dry 1e7 2 84 - 0.11 0.45 225484
aoDLAV 1e7 2 84 - 0.76 44.55 1502684
aoULAV 1e7 2 84 - 1.03 47.16 1502684
aoD2AG 1e7 2 84 - 1.53 66.85 2205304
aoD2SG 1e7 2 84 - 1.69 77.87 2283280
dry 1e7 2 145 - 0.11 0.46 225484
aoDLAV 1e7 2 145 - 0.79 44.77 1502684
aoULAV 1e7 2 145 - 0.79 47.28 1502684
aoD2AG 1e7 2 145 - 1.79 66.97 2203572
aoD2SG 1e7 2 145 - 1.77 78.05 2282664
dry 1e7 2 61 - 0.12 0.44 225484
aoDLAV 1e7 2 61 - 0.78 45.15 1502684
aoULAV 1e7 2 61 - 0.77 48.29 1502684
aoD2AG 1e7 2 61 - 1.72 68.61 2202884
aoD2SG 1e7 2 61 - 2.00 79.07 2283852
dry 1e7 10 205 - 0.48 1.37 850508
aoDLAV 1e7 10 205 - 2.09 6100.82 3533960
aoULAV 1e7 10 205 - 2.42 4825.66 3533952
aoD2AG 1e7 10 205 - 3.58 4865.10 4337168
aoD2SG 1e7 10 205 - 3.68 5884.90 4424884
dry 1e7 10 25 - 0.42 1.38 850508
aoDLAV 1e7 10 25 - 1.51 4834.07 3533956
aoULAV 1e7 10 25 - 2.67 5222.05 3533956
aoD2AG 1e7 10 25 - 3.70 4838.96 4339248
aoD2SG 1e7 10 25 - 3.68 5622.43 4425892
dry 1e7 10 188 - 0.43 1.37 850508
aoDLAV 1e7 10 188 - 1.52 4734.20 3533956
aoULAV 1e7 10 188 - 2.29 4733.27 3533956
aoD2AG 1e7 10 188 - 3.54 4790.82 4337188
aoD2SG 1e7 10 188 - 3.51 5688.68 4428316
dry 1e7 2 121 - 0.11 0.44 225484
aoDLAV 1e7 2 121 - 0.71 43.69 1502684
aoULAV 1e7 2 121 - 0.79 46.13 1502684
aoD2AG 1e7 2 121 - 1.73 65.11 2206412
aoD2SG 1e7 2 121 - 1.67 75.48 2285424
dry 56e5 2 189 - 0.08 0.32 139548
aoDLAV 56e5 2 189 - 0.48 22.33 849556
aoULAV 56e5 2 189 - 0.44 23.93 849556
aoD2AG 56e5 2 189 - 0.78 37.53 1242000
aoD2SG 56e5 2 189 - 0.78 39.89 1285852
dry 56e5 2 198 - 0.07 0.32 139544
aoDLAV 56e5 2 198 - 0.45 22.71 849556
aoULAV 56e5 2 198 - 0.61 24.20 849556
aoD2AG 56e5 2 198 - 0.84 34.77 1241756
aoD2SG 56e5 2 198 - 0.84 40.04 1285680
dry 1e7 2 165 - 0.14 0.42 225484
aoDLAV 1e7 2 165 - 0.86 47.10 1502688
aoULAV 1e7 2 165 - 0.84 50.31 1502684
aoD2AG 1e7 2 165 - 1.77 70.87 2201924
aoD2SG 1e7 2 165 - 1.81 77.06 2283700
dry 1e7 10 23 - 0.47 1.36 850508
aoDLAV 1e7 10 23 - 2.22 6373.11 3533960
aoULAV 1e7 10 23 - 2.40 4672.71 3533952
aoD2AG 1e7 10 23 - 4.14 4738.54 4335896
aoD2SG 1e7 10 23 - 3.74 5679.57 4426568
dry 18e5 2 206 - 0.05 0.21 65324
aoDLAV 18e5 2 206 - 0.18 6.18 285508
aoULAV 18e5 2 206 - 0.16 6.58 285524
aoD2AG 18e5 2 206 - 0.26 9.52 413104
aoD2SG 18e5 2 206 - 0.25 10.87 427208
dry 32e5 2 245 - 0.05 0.25 92676
aoDLAV 32e5 2 245 - 0.27 11.60 493324
aoULAV 32e5 2 245 - 0.34 12.38 493340
aoD2AG 32e5 2 245 - 0.41 17.76 717496
aoD2SG 32e5 2 245 - 0.42 20.36 744420
dry 18e5 2 118 - 0.05 0.20 65324
aoDLAV 18e5 2 118 - 0.17 6.24 285512
aoULAV 18e5 2 118 - 0.18 6.61 285520
aoD2AG 18e5 2 118 - 0.25 9.53 413188
aoD2SG 18e5 2 118 - 0.29 10.78 427508
dry 18e5 2 59 - 0.04 0.21 65324
aoDLAV 18e5 2 59 - 0.17 6.20 285508
aoULAV 18e5 2 59 - 0.16 6.59 285520
aoD2AG 18e5 2 59 - 0.24 9.57 412096
aoD2SG 18e5 2 59 - 0.27 10.80 427732
dry 1e7 10 161 - 0.42 1.37 850508
aoDLAV 1e7 10 161 - 1.54 4687.13 3533952
aoULAV 1e7 10 161 - 2.37 4595.93 3533956
aoD2AG 1e7 10 161 - 3.53 4727.60 4337784
aoD2SG 1e7 10 161 - 3.70 5656.72 4428008
