dry 1e7 10 2 - 0.36 1.23 850508
aoDLAV 1e7 10 2 - 1.35 4699.85 3533964
aoULAV 1e7 10 2 - 2.31 4800.81 3533960
aoD2AG 1e7 10 2 - 3.56 4821.50 4340172
aoD2SG 1e7 10 2 - 3.69 5688.42 4429116
dry 1e7 10 223 - 0.47 1.44 850508
aoDLAV 1e7 10 223 - 2.32 5277.58 3533952
aoULAV 1e7 10 223 - 2.69 5764.69 3533956
aoD2AG 1e7 10 223 - 3.54 4807.71 4336432
aoD2SG 1e7 10 223 - 3.66 5722.23 4427420
dry 56e5 2 168 - 0.09 0.31 139548
aoDLAV 56e5 2 168 - 0.44 22.44 849560
aoULAV 56e5 2 168 - 0.45 23.82 849556
aoD2AG 56e5 2 168 - 0.70 33.89 1241712
aoD2SG 56e5 2 168 - 0.73 38.87 1286988
dry 32e5 2 92 - 0.05 0.25 92680
aoDLAV 32e5 2 92 - 0.27 11.73 493328
aoULAV 32e5 2 92 - 0.27 12.45 493340
aoD2AG 32e5 2 92 - 0.42 17.91 718632
aoD2SG 32e5 2 92 - 0.41 20.51 743104
dry 32e5 2 105 - 0.05 0.25 92700
aoDLAV 32e5 2 105 - 0.24 11.58 493324
aoULAV 32e5 2 105 - 0.25 12.27 493340
aoD2AG 32e5 2 105 - 0.40 17.75 718060
aoD2SG 32e5 2 105 - 0.41 20.23 743648
dry 32e5 2 117 - 0.05 0.25 92676
aoDLAV 32e5 2 117 - 0.27 11.69 493324
aoULAV 32e5 2 117 - 0.33 12.44 493336
aoD2AG 32e5 2 117 - 0.41 17.86 717892
aoD2SG 32e5 2 117 - 0.39 20.43 744212
dry 56e5 2 49 - 0.07 0.32 139544
aoDLAV 56e5 2 49 - 0.47 22.39 849556
aoULAV 56e5 2 49 - 0.44 23.89 849556
aoD2AG 56e5 2 49 - 0.74 33.90 1242216
aoD2SG 56e5 2 49 - 0.71 38.93 1287424
dry 1e7 10 110 - 0.41 1.36 850508
aoDLAV 1e7 10 110 - 1.49 5071.82 3533960
aoULAV 1e7 10 110 - 2.39 4782.28 3533952
aoD2AG 1e7 10 110 - 3.51 4829.71 4337880
aoD2SG 1e7 10 110 - 3.65 5641.18 4424792
dry 56e5 2 186 - 0.08 0.31 139544
aoDLAV 56e5 2 186 - 0.46 22.29 849560
aoULAV 56e5 2 186 - 0.44 23.76 849556
aoD2AG 56e5 2 186 - 0.72 34.26 1241000
aoD2SG 56e5 2 186 - 0.76 40.32 1287860
dry 56e5 2 50 - 0.08 0.32 139544
aoDLAV 56e5 2 50 - 0.46 22.65 849556
aoULAV 56e5 2 50 - 0.44 24.06 849600
aoD2AG 56e5 2 50 - 0.85 34.33 1241272
aoD2SG 56e5 2 50 - 0.73 39.08 1287208
dry 18e5 2 113 - 0.04 0.21 65380
aoDLAV 18e5 2 113 - 0.15 6.36 285508
aoULAV 18e5 2 113 - 0.16 6.73 285520
aoD2AG 18e5 2 113 - 0.26 9.72 412256
aoD2SG 18e5 2 113 - 0.25 11.07 426508
dry 1e7 2 54 - 0.12 0.44 225484
aoDLAV 1e7 2 54 - 0.78 43.96 1502684
aoULAV 1e7 2 54 - 0.78 46.65 1502684
aoD2AG 1e7 2 54 - 1.55 65.57 2205384
aoD2SG 1e7 2 54 - 1.68 76.15 2284288
dry 32e5 2 54 - 0.06 0.24 92680
aoDLAV 32e5 2 54 - 0.25 11.78 493324
aoULAV 32e5 2 54 - 0.24 12.70 493356
aoD2AG 32e5 2 54 - 0.39 18.13 718024
aoD2SG 32e5 2 54 - 0.40 20.75 742572
dry 1e7 2 21 - 0.12 0.45 225484
aoDLAV 1e7 2 21 - 0.74 44.66 1502688
aoULAV 1e7 2 21 - 0.76 48.24 1502688
aoD2AG 1e7 2 21 - 1.49 66.42 2205028
aoD2SG 1e7 2 21 - 1.59 76.82 2281408
dry 1e7 5 123 - 0.23 0.80 459872
aoDLAV 1e7 5 123 - 1.03 216.06 2323016
aoULAV 1e7 5 123 - 1.10 220.72 2323016
aoD2AG 1e7 5 123 - 2.42 243.98 3064328
aoD2SG 1e7 5 123 - 2.54 291.40 3150020
dry 56e5 2 157 - 0.08 0.31 139544
aoDLAV 56e5 2 157 - 0.44 22.87 849556
aoULAV 56e5 2 157 - 0.42 24.67 849560
aoD2AG 56e5 2 157 - 0.70 34.64 1242580
aoD2SG 56e5 2 157 - 0.75 40.11 1286972
dry 32e5 2 172 - 0.06 0.25 92680
aoDLAV 32e5 2 172 - 0.27 11.88 493324
aoULAV 32e5 2 172 - 0.26 12.78 493340
aoD2AG 32e5 2 172 - 0.46 18.61 718388
aoD2SG 32e5 2 172 - 0.40 20.98 743548
dry 1e7 5 65 - 0.24 0.79 459868
aoDLAV 1e7 5 65 - 1.12 207.58 2323016
aoULAV 1e7 5 65 - 1.06 210.73 2323024
aoD2AG 1e7 5 65 - 2.45 228.35 3064252
aoD2SG 1e7 5 65 - 2.59 270.60 3148612
dry 18e5 2 157 - 0.05 0.20 65328
aoDLAV 18e5 2 157 - 0.16 6.04 285508
aoULAV 18e5 2 157 - 0.15 6.43 285524
aoD2AG 18e5 2 157 - 0.23 9.33 411548
aoD2SG 18e5 2 157 - 0.26 10.56 426008
dry 1e7 2 118 - 0.12 0.43 225488
aoDLAV 1e7 2 118 - 0.74 42.76 1502684
aoULAV 1e7 2 118 - 0.73 45.11 1502688
aoD2AG 1e7 2 118 - 1.49 63.73 2205120
aoD2SG 1e7 2 118 - 1.65 73.77 2283688
dry 1e7 2 196 - 0.12 0.43 225488
aoDLAV 1e7 2 196 - 0.79 42.84 1502684
aoULAV 1e7 2 196 - 0.75 45.32 1502688
aoD2AG 1e7 2 196 - 1.49 64.18 2204420
aoD2SG 1e7 2 196 - 1.58 74.28 2283716
dry 1e7 10 78 - 0.41 1.35 850508
aoDLAV 1e7 10 78 - 1.57 4649.19 3533952
aoULAV 1e7 10 78 - 2.35 4758.99 3533956
aoD2AG 1e7 10 78 - 3.52 4762.16 4336680
aoD2SG 1e7 10 78 - 3.64 5759.40 4425220
dry 1e7 10 143 - 0.42 1.36 850508
aoDLAV 1e7 10 143 - 1.57 4727.00 3533952
aoULAV 1e7 10 143 - 2.34 4666.94 3533972
aoD2AG 1e7 10 143 - 3.58 4799.15 4337668
aoD2SG 1e7 10 143 - 3.70 5688.39 4425384
dry 18e5 2 180 - 0.05 0.22 65328
aoDLAV 18e5 2 180 - 0.19 6.93 285508
aoULAV 18e5 2 180 - 0.19 7.93 285524
aoD2AG 18e5 2 180 - 0.25 10.69 412912
aoD2SG 18e5 2 180 - 0.30 12.46 425892
dry 56e5 2 51 - 0.09 0.32 139544
aoDLAV 56e5 2 51 - 0.54 26.76 849556
aoULAV 56e5 2 51 - 0.63 28.32 849556
aoD2AG 56e5 2 51 - 0.86 39.38 1242552
aoD2SG 56e5 2 51 - 0.90 44.85 1287248
dry 1e7 2 189 - 0.16 0.44 225484
aoDLAV 1e7 2 189 - 0.94 51.66 1502732
aoULAV 1e7 2 189 - 0.93 54.47 1502684
aoD2AG 1e7 2 189 - 1.85 75.55 2203524
aoD2SG 1e7 2 189 - 1.96 76.89 2283592
dry 1e7 10 56 - 0.49 1.43 850512
aoDLAV 1e7 10 56 - 1.61 4723.86 3533956
aoULAV 1e7 10 56 - 2.39 4796.89 3533956
aoD2AG 1e7 10 56 - 3.54 4752.76 4335896
aoD2SG 1e7 10 56 - 3.84 5743.18 4426992
dry 18e5 2 29 - 0.04 0.21 65324
aoDLAV 18e5 2 29 - 0.17 6.34 285508
aoULAV 18e5 2 29 - 0.16 6.80 285520
aoD2AG 18e5 2 29 - 0.25 9.83 411900
aoD2SG 18e5 2 29 - 0.23 10.97 428052
dry 56e5 2 228 - 0.08 0.31 139544
aoDLAV 56e5 2 228 - 0.47 22.61 849556
aoULAV 56e5 2 228 - 0.45 23.98 849560
aoD2AG 56e5 2 228 - 0.74 34.32 1242264
aoD2SG 56e5 2 228 - 0.74 39.09 1286428
dry 56e5 2 37 - 0.08 0.32 139548
aoDLAV 56e5 2 37 - 0.48 22.80 849556
aoULAV 56e5 2 37 - 0.42 23.85 849556
aoD2AG 56e5 2 37 - 0.73 34.21 1242016
aoD2SG 56e5 2 37 - 0.75 39.29 1285676
dry 56e5 2 192 - 0.09 0.32 139544
aoDLAV 56e5 2 192 - 0.48 23.28 849556
aoULAV 56e5 2 192 - 0.46 25.29 849560
aoD2AG 56e5 2 192 - 0.73 35.89 1243000
aoD2SG 56e5 2 192 - 0.77 40.62 1287540
dry 1e7 2 129 - 0.11 0.44 225484
aoDLAV 1e7 2 129 - 0.74 45.11 1502684
aoULAV 1e7 2 129 - 0.78 48.24 1502684
aoD2AG 1e7 2 129 - 1.57 68.54 2204936
aoD2SG 1e7 2 129 - 1.87 78.24 2283948
dry 1e7 10 63 - 0.42 1.38 850508
aoDLAV 1e7 10 63 - 1.72 4846.14 3533956
aoULAV 1e7 10 63 - 2.31 5277.28 3533956
aoD2AG 1e7 10 63 - 3.49 5139.40 4337256
aoD2SG 1e7 10 63 - 3.25 6854.90 4425484
