dry 1e7 5 88 - 0.18 0.69 459872
aoDLAV 1e7 5 88 - 0.92 301.26 2323020
aoULAV 1e7 5 88 - 1.46 218.75 2323020
aoD2AG 1e7 5 88 - 2.45 239.79 3065064
aoD2SG 1e7 5 88 - 2.07 282.82 3150068
dry 56e5 2 2 - 0.08 0.32 139548
aoDLAV 56e5 2 2 - 0.45 22.72 849556
aoULAV 56e5 2 2 - 0.43 24.21 849556
aoD2AG 56e5 2 2 - 0.77 34.37 1242688
aoD2SG 56e5 2 2 - 0.79 39.27 1287844
dry 1e7 10 129 - 0.41 1.38 850512
aoDLAV 1e7 10 129 - 1.52 4819.67 3533960
aoULAV 1e7 10 129 - 2.32 4795.34 3533956
aoD2AG 1e7 10 129 - 3.52 5422.76 4339484
aoD2SG 1e7 10 129 - 3.62 5826.34 4429540
dry 1e7 10 166 - 0.42 1.37 850508
aoDLAV 1e7 10 166 - 1.54 4764.27 3533956
aoULAV 1e7 10 166 - 2.38 4765.72 3533952
aoD2AG 1e7 10 166 - 3.77 4901.57 4336324
aoD2SG 1e7 10 166 - 3.61 5724.27 4424028
dry 1e7 2 13 - 0.13 0.43 225484
aoDLAV 1e7 2 13 - 0.80 43.76 1502684
aoULAV 1e7 2 13 - 0.79 46.38 1502684
aoD2AG 1e7 2 13 - 1.44 65.90 2203164
aoD2SG 1e7 2 13 - 1.60 75.85 2284092
dry 18e5 2 3 - 0.04 0.21 65324
aoDLAV 18e5 2 3 - 0.16 6.32 285512
aoULAV 18e5 2 3 - 0.15 6.73 285520
aoD2AG 18e5 2 3 - 0.29 9.76 412476
aoD2SG 18e5 2 3 - 0.27 11.05 425868
dry 18e5 2 240 - 0.04 0.21 65324
aoDLAV 18e5 2 240 - 0.17 6.37 285508
aoULAV 18e5 2 240 - 0.16 6.76 285520
aoD2AG 18e5 2 240 - 0.25 9.68 413088
aoD2SG 18e5 2 240 - 0.25 11.03 426976
dry 1e7 2 152 - 0.13 0.43 225484
aoDLAV 1e7 2 152 - 0.77 43.72 1502688
aoULAV 1e7 2 152 - 0.74 46.49 1502684
aoD2AG 1e7 2 152 - 1.51 65.73 2205044
aoD2SG 1e7 2 152 - 1.68 75.83 2282908
dry 18e5 2 87 - 0.05 0.21 65324
aoDLAV 18e5 2 87 - 0.15 6.32 285508
aoULAV 18e5 2 87 - 0.15 6.71 285520
aoD2AG 18e5 2 87 - 0.27 9.68 411980
aoD2SG 18e5 2 87 - 0.23 11.06 426376
dry 1e7 10 230 - 0.43 1.37 850508
aoDLAV 1e7 10 230 - 1.48 4794.97 3533960
aoULAV 1e7 10 230 - 2.38 4731.84 3533956
aoD2AG 1e7 10 230 - 3.91 4848.66 4338560
aoD2SG 1e7 10 230 - 3.62 5751.00 4426924
dry 1e7 5 60 - 0.27 0.78 459868
aoDLAV 1e7 5 60 - 1.07 219.46 2323016
aoULAV 1e7 5 60 - 1.55 221.89 2323016
aoD2AG 1e7 5 60 - 2.15 243.38 3064580
aoD2SG 1e7 5 60 - 2.67 285.01 3148720
dry 18e5 2 61 - 0.05 0.20 65324
aoDLAV 18e5 2 61 - 0.16 6.55 285508
aoULAV 18e5 2 61 - 0.16 6.79 285520
aoD2AG 18e5 2 61 - 0.25 9.78 411180
aoD2SG 18e5 2 61 - 0.26 11.30 425956
dry 32e5 2 29 - 0.06 0.25 92680
aoDLAV 32e5 2 29 - 0.26 11.97 493324
aoULAV 32e5 2 29 - 0.24 12.77 493340
aoD2AG 32e5 2 29 - 0.40 18.20 717284
aoD2SG 32e5 2 29 - 0.41 21.00 743396
dry 1e7 10 174 - 0.42 1.37 850508
aoDLAV 1e7 10 174 - 1.51 7193.38 3533960
aoULAV 1e7 10 174 - 2.34 4722.38 3533956
aoD2AG 1e7 10 174 - 3.54 4683.02 4339188
aoD2SG 1e7 10 174 - 3.60 5674.57 4427392
dry 1e7 5 211 - 0.23 0.78 459868
aoDLAV 1e7 5 211 - 1.01 211.87 2323016
aoULAV 1e7 5 211 - 1.03 212.70 2323020
aoD2AG 1e7 5 211 - 2.40 234.78 3064148
aoD2SG 1e7 5 211 - 2.56 281.98 3148904
dry 1e7 5 83 - 0.22 0.79 459868
aoDLAV 1e7 5 83 - 1.05 213.83 2323016
aoULAV 1e7 5 83 - 1.50 214.84 2323016
aoD2AG 1e7 5 83 - 2.00 233.32 3062176
aoD2SG 1e7 5 83 - 2.52 274.45 3149292
dry 56e5 2 117 - 0.08 0.31 139548
aoDLAV 56e5 2 117 - 0.43 22.59 849560
aoULAV 56e5 2 117 - 0.47 23.52 849556
aoD2AG 56e5 2 117 - 0.76 33.37 1242452
aoD2SG 56e5 2 117 - 0.76 38.29 1288256
dry 1e7 10 228 - 0.41 1.37 850508
aoDLAV 1e7 10 228 - 1.51 4762.53 3533956
aoULAV 1e7 10 228 - 2.23 4767.35 3533956
aoD2AG 1e7 10 228 - 3.68 4833.03 4337824
aoD2SG 1e7 10 228 - 3.57 7289.66 4425384
dry 32e5 2 23 - 0.06 0.25 92680
aoDLAV 32e5 2 23 - 0.24 11.91 493328
aoULAV 32e5 2 23 - 0.27 12.78 493336
aoD2AG 32e5 2 23 - 0.41 18.42 718620
aoD2SG 32e5 2 23 - 0.42 21.08 742776
dry 32e5 2 74 - 0.06 0.25 92680
aoDLAV 32e5 2 74 - 0.26 11.89 493324
aoULAV 32e5 2 74 - 0.26 12.73 493340
aoD2AG 32e5 2 74 - 0.43 18.39 718572
aoD2SG 32e5 2 74 - 0.41 21.09 744164
dry 1e7 2 136 - 0.12 0.45 225484
aoDLAV 1e7 2 136 - 0.75 44.58 1502684
aoULAV 1e7 2 136 - 0.77 47.48 1502688
aoD2AG 1e7 2 136 - 1.58 66.85 2202320
aoD2SG 1e7 2 136 - 1.84 76.69 2283944
dry 1e7 5 162 - 0.24 0.79 459868
aoDLAV 1e7 5 162 - 1.11 216.14 2323016
aoULAV 1e7 5 162 - 1.49 216.76 2323016
aoD2AG 1e7 5 162 - 2.08 235.09 3065284
aoD2SG 1e7 5 162 - 2.56 278.19 3152840
dry 32e5 2 40 - 0.07 0.25 92676
aoDLAV 32e5 2 40 - 0.28 11.62 493324
aoULAV 32e5 2 40 - 0.25 12.41 493340
aoD2AG 32e5 2 40 - 0.40 18.62 718804
aoD2SG 32e5 2 40 - 0.39 21.13 743496
dry 56e5 2 54 - 0.09 0.32 139548
aoDLAV 56e5 2 54 - 0.39 22.88 849556
aoULAV 56e5 2 54 - 0.44 24.33 849560
aoD2AG 56e5 2 54 - 0.85 34.66 1241816
aoD2SG 56e5 2 54 - 0.76 39.70 1286092
dry 1e7 5 168 - 0.24 0.80 459872
aoDLAV 1e7 5 168 - 1.10 219.10 2323016
aoULAV 1e7 5 168 - 1.57 250.56 2323016
aoD2AG 1e7 5 168 - 2.16 273.19 3062012
aoD2SG 1e7 5 168 - 2.67 319.72 3150032
dry 1e7 10 84 - 0.41 1.38 850508
aoDLAV 1e7 10 84 - 1.70 4715.60 3533952
aoULAV 1e7 10 84 - 2.40 4727.92 3533952
aoD2AG 1e7 10 84 - 3.57 4754.96 4340768
aoD2SG 1e7 10 84 - 3.57 7345.08 4428700
