dry 56e6 2 115 - 0.62 1.76 1123924
aoDLAV 56e6 2 115 - 4.63 329.79 8330816
aoULAV 56e6 2 115 - 5.78 361.17 8330820
aoD2AG 56e6 2 115 - 10.32 504.47 12246416
aoD2SG 56e6 2 115 - 11.22 592.98 12693928
dry 5e7 2 124 - 0.55 1.64 1006736
aoDLAV 5e7 2 124 - 4.20 298.37 7440196
aoULAV 5e7 2 124 - 5.74 360.57 7440192
aoD2AG 5e7 2 124 - 9.67 537.46 10937604
aoD2SG 5e7 2 124 - 10.77 661.20 11335640
dry 25e2 2 3 - 0.02 0.12 26080
aoDLAV 25e2 2 3 - 0.02 0.15 30452
aoULAV 25e2 2 3 - 0.02 0.16 30464
aoD2AG 25e2 2 3 - 0.03 0.15 30968
aoD2SG 25e2 2 3 - 0.02 0.16 31020
moore 25e2 2 3 - 0.10 29.80 213600
nbpm 25e2 2 3 - 0.55 15.06 541640
greedy 25e2 2 3 - 0.42 9.16 713664
dry 2e7 2 22 - 0.24 0.74 420796
aoDLAV 2e7 2 22 - 1.65 106.55 2987068
aoULAV 2e7 2 22 - 1.76 117.80 2987072
aoD2AG 2e7 2 22 - 4.04 164.77 4388400
aoD2SG 2e7 2 22 - 3.97 192.73 4545528
dry 56e6 2 242 - 0.65 1.78 1123924
aoDLAV 56e6 2 242 - 4.80 326.61 8330816
aoULAV 56e6 2 242 - 6.35 415.96 8330816
aoD2AG 56e6 2 242 - 10.93 514.12 12249004
aoD2SG 56e6 2 242 - 11.75 602.42 12694140
dry 1e4 10 36 - 0.02 0.13 27692
aoDLAV 1e4 10 36 - 0.04 0.82 32764
aoULAV 1e4 10 36 - 0.04 0.68 32776
aoD2AG 1e4 10 36 - 0.03 0.72 32744
aoD2SG 1e4 10 36 - 0.03 0.82 34176
moore 1e4 10 36 - 1.30 989.30 2963856
nbpm 1e4 10 36 - 7.94 792.21 7764392
greedy 1e4 10 36 - 7.15 279.88 10961112
dry 4e7 2 80 - 0.48 1.34 811428
aoDLAV 4e7 2 80 - 3.60 239.02 5955816
aoULAV 4e7 2 80 - 4.11 248.35 5955820
aoD2AG 4e7 2 80 - 7.67 343.51 8753120
aoD2SG 4e7 2 80 - 8.33 513.90 9070552
dry 18e6 2 192 - 0.23 0.69 381736
aoDLAV 18e6 2 192 - 1.49 95.93 2690192
aoULAV 18e6 2 192 - 1.61 101.84 2690192
aoD2AG 18e6 2 192 - 3.39 147.81 3951452
aoD2SG 18e6 2 192 - 3.27 168.33 4093896
dry 6e7 2 165 - 0.63 1.91 1202048
aoDLAV 6e7 2 165 - 4.90 365.51 8924564
aoULAV 6e7 2 165 - 6.33 379.95 8924564
aoD2AG 6e7 2 165 - 11.88 570.13 13124280
aoD2SG 6e7 2 165 - 12.58 654.73 13602212
dry 1e4 10 123 - 0.03 0.12 27688
aoDLAV 1e4 10 123 - 0.03 0.69 32764
aoULAV 1e4 10 123 - 0.03 0.69 32776
aoD2AG 1e4 10 123 - 0.03 0.72 32744
aoD2SG 1e4 10 123 - 0.03 0.78 34176
moore 1e4 10 123 - 1.06 1055.91 2963852
nbpm 1e4 10 123 - 7.72 703.99 7764392
greedy 1e4 10 123 - 6.91 279.84 10961108
dry 56e2 2 155 - 0.04 0.10 26240
aoDLAV 56e2 2 155 - 0.03 0.16 30980
aoULAV 56e2 2 155 - 0.04 0.15 30988
aoD2AG 56e2 2 155 - 0.02 0.19 31976
aoD2SG 56e2 2 155 - 0.03 0.18 31124
moore 56e2 2 155 - 0.41 147.51 949988
nbpm 56e2 2 155 - 2.53 72.02 2388088
greedy 56e2 2 155 - 2.05 79.84 3460492
dry 75e2 2 48 - 0.03 0.12 26328
aoDLAV 75e2 2 48 - 0.03 0.15 31376
aoULAV 75e2 2 48 - 0.03 0.16 31388
aoD2AG 75e2 2 48 - 0.03 0.18 31380
aoD2SG 75e2 2 48 - 0.03 0.18 31380
moore 75e2 2 48 - 0.68 390.77 1683872
nbpm 75e2 2 48 - 4.43 165.70 4242128
greedy 75e2 2 48 - 3.81 146.93 6183092
dry 1e4 5 36 - 0.03 0.12 28792
aoDLAV 1e4 5 36 - 0.03 0.22 31084
aoULAV 1e4 5 36 - 0.03 0.22 31100
aoD2AG 1e4 5 36 - 0.03 0.24 32108
aoD2SG 1e4 5 36 - 0.03 0.24 32108
moore 1e4 5 36 - 1.18 1007.30 2961736
nbpm 1e4 5 36 - 7.47 703.99 7811468
greedy 1e4 5 36 - 6.99 308.59 10959172
dry 7e7 2 15 - 0.86 2.20 1397376
aoDLAV 7e7 2 15 - 6.01 417.16 10408936
aoULAV 7e7 2 15 - 7.74 447.00 10408936
aoD2AG 7e7 2 15 - 14.09 631.67 15303852
aoD2SG 7e7 2 15 - 14.99 859.20 15863964
dry 6e7 2 30 - 0.68 1.92 1202044
aoDLAV 6e7 2 30 - 5.32 374.45 8924564
aoULAV 6e7 2 30 - 6.64 378.32 8924560
aoD2AG 6e7 2 30 - 11.38 547.77 13124092
aoD2SG 6e7 2 30 - 12.22 646.84 13602824
dry 7e7 2 219 - 0.77 2.19 1397360
aoDLAV 7e7 2 219 - 6.01 434.80 10408936
aoULAV 7e7 2 219 - 7.67 434.37 10408936
aoD2AG 7e7 2 219 - 13.90 641.96 15304780
aoD2SG 7e7 2 219 - 15.00 768.15 15862312
dry 1e4 10 220 - 0.03 0.12 28996
aoDLAV 1e4 10 220 - 0.03 0.69 32768
aoULAV 1e4 10 220 - 0.03 0.71 32780
aoD2AG 1e4 10 220 - 0.01 0.78 32744
aoD2SG 1e4 10 220 - 0.03 0.81 34176
moore 1e4 10 220 - 1.25 826.53 2963856
nbpm 1e4 10 220 - 7.36 714.41 7764380
greedy 1e4 10 220 - 6.63 266.49 10961108
dry 5e7 2 243 - 0.61 1.62 1006740
aoDLAV 5e7 2 243 - 4.16 287.21 7440192
aoULAV 5e7 2 243 - 5.37 299.71 7440192
aoD2AG 5e7 2 243 - 9.66 433.18 10939936
aoD2SG 5e7 2 243 - 10.32 514.39 11338136
dry 32e2 2 125 - 0.01 0.13 26116
aoDLAV 32e2 2 125 - 0.03 0.14 30540
aoULAV 32e2 2 125 - 0.03 0.15 30556
aoD2AG 32e2 2 125 - 0.03 0.15 31192
aoD2SG 32e2 2 125 - 0.02 0.16 31244
moore 32e2 2 125 - 0.24 54.55 330524
nbpm 32e2 2 125 - 0.88 20.31 854760
greedy 32e2 2 125 - 0.74 21.06 1150164
dry 32e2 2 73 - 0.02 0.13 26112
aoDLAV 32e2 2 73 - 0.02 0.15 30540
aoULAV 32e2 2 73 - 0.02 0.15 30556
aoD2AG 32e2 2 73 - 0.03 0.15 31196
aoD2SG 32e2 2 73 - 0.03 0.15 31248
moore 32e2 2 73 - 0.17 35.87 330520
nbpm 32e2 2 73 - 0.88 22.46 854760
greedy 32e2 2 73 - 0.63 20.84 1150168
dry 4e7 2 64 - 0.47 1.34 811424
aoDLAV 4e7 2 64 - 3.20 242.97 5955816
aoULAV 4e7 2 64 - 4.39 284.96 5955820
aoD2AG 4e7 2 64 - 8.20 449.09 8754240
aoD2SG 4e7 2 64 - 8.67 419.89 9076356
dry 32e6 2 52 - 0.41 1.14 655180
aoDLAV 32e6 2 52 - 2.82 185.15 4768328
aoULAV 32e6 2 52 - 3.46 188.09 4768324
aoD2AG 32e6 2 52 - 5.69 263.47 7009792
aoD2SG 32e6 2 52 - 6.79 325.67 7264064
dry 2e7 2 212 - 0.24 0.77 420800
aoDLAV 2e7 2 212 - 1.59 107.07 2987068
aoULAV 2e7 2 212 - 2.28 113.67 2987068
aoD2AG 2e7 2 212 - 3.77 168.48 4385596
aoD2SG 2e7 2 212 - 4.42 187.84 4547180
dry 56e2 2 51 - 0.02 0.12 26236
aoDLAV 56e2 2 51 - 0.03 0.15 30980
aoULAV 56e2 2 51 - 0.03 0.16 30992
aoD2AG 56e2 2 51 - 0.03 0.17 31968
aoD2SG 56e2 2 51 - 0.02 0.18 31124
moore 56e2 2 51 - 0.40 154.64 949980
nbpm 56e2 2 51 - 2.54 74.40 2388080
greedy 56e2 2 51 - 2.36 81.89 3460492
dry 7e7 2 83 - 0.84 2.20 1397360
aoDLAV 7e7 2 83 - 6.06 424.16 10408936
aoULAV 7e7 2 83 - 7.66 450.70 10408936
aoD2AG 7e7 2 83 - 14.49 646.90 15303384
aoD2SG 7e7 2 83 - 15.04 743.20 15862424
dry 5e7 2 97 - 0.56 1.61 1006740
aoDLAV 5e7 2 97 - 4.31 291.34 7440192
aoULAV 5e7 2 97 - 5.50 311.73 7440192
aoD2AG 5e7 2 97 - 9.99 442.27 10937136
aoD2SG 5e7 2 97 - 10.68 518.19 11337144
dry 56e2 2 202 - 0.02 0.13 26236
aoDLAV 56e2 2 202 - 0.03 0.16 30980
aoULAV 56e2 2 202 - 0.02 0.16 30988
aoD2AG 56e2 2 202 - 0.03 0.18 32000
aoD2SG 56e2 2 202 - 0.03 0.17 31128
moore 56e2 2 202 - 1.02 267.52 952716
nbpm 56e2 2 202 - 2.54 73.67 2388080
greedy 56e2 2 202 - 2.24 78.92 3460488
dry 18e2 2 8 - 0.02 0.12 26052
aoDLAV 18e2 2 8 - 0.04 0.14 30372
aoULAV 18e2 2 8 - 0.02 0.16 30384
aoD2AG 18e2 2 8 - 0.02 0.16 30780
aoD2SG 18e2 2 8 - 0.04 0.15 30828
moore 18e2 2 8 - 0.08 11.30 125416
nbpm 18e2 2 8 - 0.20 7.78 334532
greedy 18e2 2 8 - 0.25 4.74 384352
dry 3e7 2 231 - 0.36 1.05 616104
aoDLAV 3e7 2 231 - 2.56 165.88 4471428
aoULAV 3e7 2 231 - 2.55 175.38 4471432
aoD2AG 3e7 2 231 - 5.96 255.34 6570940
aoD2SG 3e7 2 231 - 6.32 296.46 6810340
dry 75e2 2 61 - 0.02 0.12 26332
aoDLAV 75e2 2 61 - 0.03 0.16 31376
aoULAV 75e2 2 61 - 0.03 0.16 31392
aoD2AG 75e2 2 61 - 0.03 0.18 31384
aoD2SG 75e2 2 61 - 0.03 0.18 31380
moore 75e2 2 61 - 0.81 414.53 1688796
nbpm 75e2 2 61 - 4.15 168.17 4242132
greedy 75e2 2 61 - 3.70 154.55 6183096
dry 32e2 2 124 - 0.02 0.12 26112
aoDLAV 32e2 2 124 - 0.03 0.15 30540
aoULAV 32e2 2 124 - 0.04 0.14 30548
aoD2AG 32e2 2 124 - 0.03 0.15 31212
aoD2SG 32e2 2 124 - 0.03 0.16 31268
moore 32e2 2 124 - 0.37 87.71 330512
nbpm 32e2 2 124 - 0.89 22.59 854752
greedy 32e2 2 124 - 0.63 20.47 1150168
dry 3e7 2 200 - 0.34 1.05 616108
aoDLAV 3e7 2 200 - 2.55 165.80 4471432
aoULAV 3e7 2 200 - 3.49 230.25 4471428
aoD2AG 3e7 2 200 - 5.20 250.81 6569252
aoD2SG 3e7 2 200 - 6.25 295.61 6807984
dry 4e7 2 147 - 0.44 1.31 811424
aoDLAV 4e7 2 147 - 3.35 228.11 5955816
aoULAV 4e7 2 147 - 4.29 248.02 5955848
aoD2AG 4e7 2 147 - 7.62 344.99 8752156
aoD2SG 4e7 2 147 - 8.05 413.74 9072464
dry 5e7 2 45 - 0.64 1.63 1006736
aoDLAV 5e7 2 45 - 4.54 368.85 7440192
aoULAV 5e7 2 45 - 5.64 315.10 7440192
aoD2AG 5e7 2 45 - 10.20 433.96 10936432
aoD2SG 5e7 2 45 - 11.03 518.02 11336584
dry 32e6 2 106 - 0.37 1.10 655180
aoDLAV 32e6 2 106 - 2.67 192.37 4768324
aoULAV 32e6 2 106 - 3.60 226.31 4768324
aoD2AG 32e6 2 106 - 5.81 270.09 7006512
aoD2SG 32e6 2 106 - 6.59 313.77 7262700
dry 32e6 2 148 - 0.39 1.08 655176
aoDLAV 32e6 2 148 - 2.71 180.40 4768324
aoULAV 32e6 2 148 - 2.69 190.80 4768324
aoD2AG 32e6 2 148 - 6.39 267.61 7007768
aoD2SG 32e6 2 148 - 6.67 302.10 7262432
dry 18e2 2 158 - 0.02 0.11 26048
aoDLAV 18e2 2 158 - 0.03 0.14 30376
aoULAV 18e2 2 158 - 0.03 0.14 30384
aoD2AG 18e2 2 158 - 0.03 0.14 30784
aoD2SG 18e2 2 158 - 0.03 0.15 30832
moore 18e2 2 158 - 0.08 20.82 125408
nbpm 18e2 2 158 - 0.18 7.37 334528
greedy 18e2 2 158 - 0.22 3.56 384348
dry 25e2 2 210 - 0.03 0.12 26080
aoDLAV 25e2 2 210 - 0.02 0.14 30452
aoULAV 25e2 2 210 - 0.02 0.15 30464
aoD2AG 25e2 2 210 - 0.02 0.16 31012
aoD2SG 25e2 2 210 - 0.02 0.16 31024
moore 25e2 2 210 - 0.08 37.96 213604
nbpm 25e2 2 210 - 0.53 11.97 541648
greedy 25e2 2 210 - 0.38 8.70 713664
dry 6e7 2 159 - 0.73 1.90 1202044
aoDLAV 6e7 2 159 - 5.04 357.00 8924560
aoULAV 6e7 2 159 - 6.86 372.36 8924560
aoD2AG 6e7 2 159 - 11.52 686.16 13124408
aoD2SG 6e7 2 159 - 12.23 636.53 13601200
dry 25e2 2 59 - 0.02 0.12 26080
aoDLAV 25e2 2 59 - 0.04 0.14 30456
aoULAV 25e2 2 59 - 0.03 0.14 30464
aoD2AG 25e2 2 59 - 0.03 0.14 30992
aoD2SG 25e2 2 59 - 0.04 0.14 31028
moore 25e2 2 59 - 0.09 26.26 213596
nbpm 25e2 2 59 - 0.57 13.94 541636
greedy 25e2 2 59 - 0.42 10.18 713660
dry 1e4 2 115 - 0.03 0.11 28316
aoDLAV 1e4 2 115 - 0.04 0.16 31864
aoULAV 1e4 2 115 - 0.03 0.17 31876
aoD2AG 1e4 2 115 - 0.04 0.17 31876
aoD2SG 1e4 2 115 - 0.03 0.19 31988
moore 1e4 2 115 - 1.25 1135.68 2960572
nbpm 1e4 2 115 - 7.43 344.07 7889416
greedy 1e4 2 115 - 6.52 312.90 10968568
dry 1e4 2 56 - 0.02 0.13 26432
aoDLAV 1e4 2 56 - 0.03 0.17 31868
aoULAV 1e4 2 56 - 0.02 0.18 31876
aoD2AG 1e4 2 56 - 0.03 0.18 31876
aoD2SG 1e4 2 56 - 0.03 0.18 31988
moore 1e4 2 56 - 1.22 1041.04 2960572
nbpm 1e4 2 56 - 7.59 378.62 7889416
greedy 1e4 2 56 - 6.96 286.00 10968568
dry 1e4 5 32 - 0.03 0.12 26900
aoDLAV 1e4 5 32 - 0.04 0.24 31088
aoULAV 1e4 5 32 - 0.03 0.23 31096
aoD2AG 1e4 5 32 - 0.03 0.25 32108
aoD2SG 1e4 5 32 - 0.03 0.26 32112
moore 1e4 5 32 - 1.12 1051.13 2961736
nbpm 1e4 5 32 - 7.90 691.99 7811564
greedy 1e4 5 32 - 6.24 293.50 10959172
dry 18e2 2 98 - 0.02 0.12 26048
aoDLAV 18e2 2 98 - 0.03 0.15 30372
aoULAV 18e2 2 98 - 0.03 0.14 30384
aoD2AG 18e2 2 98 - 0.03 0.14 30780
aoD2SG 18e2 2 98 - 0.04 0.14 30824
moore 18e2 2 98 - 0.07 12.09 125408
nbpm 18e2 2 98 - 0.18 7.28 334532
greedy 18e2 2 98 - 0.21 3.53 384352
dry 4e7 2 209 - 0.47 1.32 811424
aoDLAV 4e7 2 209 - 3.45 243.31 5955820
aoULAV 4e7 2 209 - 4.52 246.07 5955820
aoD2AG 4e7 2 209 - 8.21 352.42 8750644
aoD2SG 4e7 2 209 - 8.60 400.90 9071552
dry 18e2 2 35 - 0.02 0.12 26048
aoDLAV 18e2 2 35 - 0.03 0.14 30376
aoULAV 18e2 2 35 - 0.03 0.14 30388
aoD2AG 18e2 2 35 - 0.03 0.15 30796
aoD2SG 18e2 2 35 - 0.03 0.15 30816
moore 18e2 2 35 - 0.07 9.33 125436
nbpm 18e2 2 35 - 0.22 7.44 334528
greedy 18e2 2 35 - 0.28 3.86 384348
dry 3e7 2 47 - 0.41 1.10 616104
aoDLAV 3e7 2 47 - 2.63 169.09 4471432
aoULAV 3e7 2 47 - 3.21 187.93 4471432
aoD2AG 3e7 2 47 - 6.09 328.08 6570108
aoD2SG 3e7 2 47 - 6.46 297.42 6807896
dry 32e2 2 97 - 0.02 0.12 26112
aoDLAV 32e2 2 97 - 0.03 0.16 30540
aoULAV 32e2 2 97 - 0.03 0.15 30552
aoD2AG 32e2 2 97 - 0.04 0.15 31200
aoD2SG 32e2 2 97 - 0.03 0.16 31260
moore 32e2 2 97 - 0.43 100.65 330520
nbpm 32e2 2 97 - 0.90 19.99 854760
greedy 32e2 2 97 - 0.67 21.00 1150164
dry 2e7 2 85 - 0.24 0.76 420796
aoDLAV 2e7 2 85 - 1.70 107.00 2987072
aoULAV 2e7 2 85 - 2.42 117.17 2987068
aoD2AG 2e7 2 85 - 3.55 158.95 4387804
aoD2SG 2e7 2 85 - 4.15 181.01 4547284
dry 2e7 2 196 - 0.27 0.73 420796
aoDLAV 2e7 2 196 - 1.81 105.40 2987068
aoULAV 2e7 2 196 - 2.25 142.85 2987072
aoD2AG 2e7 2 196 - 3.69 165.57 4388192
aoD2SG 2e7 2 196 - 4.25 209.56 4545820
dry 4e7 2 122 - 0.58 1.33 811428
aoDLAV 4e7 2 122 - 3.27 224.99 5955816
aoULAV 4e7 2 122 - 4.43 235.80 5955816
aoD2AG 4e7 2 122 - 7.85 337.38 8756212
aoD2SG 4e7 2 122 - 8.14 410.50 9073576
dry 3e7 2 129 - 0.40 1.05 616104
aoDLAV 3e7 2 129 - 2.68 217.05 4471432
aoULAV 3e7 2 129 - 2.56 180.00 4471428
aoD2AG 3e7 2 129 - 5.72 304.44 6569340
aoD2SG 3e7 2 129 - 6.16 302.78 6807124
dry 32e6 2 228 - 0.40 1.10 655180
aoDLAV 32e6 2 228 - 2.60 188.12 4768324
aoULAV 32e6 2 228 - 3.62 205.69 4768324
aoD2AG 32e6 2 228 - 5.74 283.59 7007868
aoD2SG 32e6 2 228 - 6.74 326.75 7262692
dry 3e7 2 209 - 0.34 1.04 616104
aoDLAV 3e7 2 209 - 2.53 171.71 4471440
aoULAV 3e7 2 209 - 3.43 184.69 4471428
aoD2AG 3e7 2 209 - 5.99 261.12 6570048
aoD2SG 3e7 2 209 - 6.61 319.64 6808844
dry 18e6 2 204 - 0.22 0.69 381740
aoDLAV 18e6 2 204 - 1.50 95.16 2690192
aoULAV 18e6 2 204 - 1.51 99.06 2690192
aoD2AG 18e6 2 204 - 3.05 141.05 3949472
aoD2SG 18e6 2 204 - 3.77 172.35 4094604
dry 3e7 2 31 - 0.42 1.07 616104
aoDLAV 3e7 2 31 - 2.53 170.60 4471428
aoULAV 3e7 2 31 - 3.37 182.60 4471432
aoD2AG 3e7 2 31 - 5.98 257.51 6571092
aoD2SG 3e7 2 31 - 5.61 301.29 6809352
dry 2e7 2 90 - 0.26 0.74 420796
aoDLAV 2e7 2 90 - 1.75 111.07 2987068
aoULAV 2e7 2 90 - 2.31 117.62 2987068
aoD2AG 2e7 2 90 - 3.63 169.06 4387632
aoD2SG 2e7 2 90 - 4.06 245.84 4548528
dry 50e2 2 110 - 0.01 0.13 26204
aoDLAV 50e2 2 110 - 0.03 0.15 30848
aoULAV 50e2 2 110 - 0.04 0.14 30860
aoD2AG 50e2 2 110 - 0.02 0.16 31788
aoD2SG 50e2 2 110 - 0.03 0.17 31880
moore 50e2 2 110 - 0.60 191.14 764632
nbpm 50e2 2 110 - 2.07 54.61 2011924
greedy 50e2 2 110 - 1.77 61.66 2764780
dry 4e7 2 176 - 0.46 1.33 811424
aoDLAV 4e7 2 176 - 3.60 228.57 5955816
aoULAV 4e7 2 176 - 4.70 289.95 5955816
aoD2AG 4e7 2 176 - 7.50 294.63 8755956
aoD2SG 4e7 2 176 - 7.87 373.79 9076460
