dry 56e5 2 10 - 0.09 0.31 139544
aoDLAV 56e5 2 10 - 0.45 22.39 849560
aoULAV 56e5 2 10 - 0.41 23.20 849556
aoD2AG 56e5 2 10 - 0.72 40.09 1242744
aoD2SG 56e5 2 10 - 0.77 39.76 1286432
dry 1e7 10 212 - 0.41 1.37 850508
aoDLAV 1e7 10 212 - 1.62 4729.11 3533956
aoULAV 1e7 10 212 - 2.46 4773.92 3533956
aoD2AG 1e7 10 212 - 3.63 4898.32 4338508
aoD2SG 1e7 10 212 - 3.93 5773.24 4428052
dry 56e5 2 220 - 0.08 0.32 139548
aoDLAV 56e5 2 220 - 0.50 22.23 849556
aoULAV 56e5 2 220 - 0.45 23.64 849560
aoD2AG 56e5 2 220 - 0.73 33.59 1242860
aoD2SG 56e5 2 220 - 0.75 38.61 1287104
dry 56e5 2 224 - 0.09 0.31 139544
aoDLAV 56e5 2 224 - 0.47 22.39 849560
aoULAV 56e5 2 224 - 0.45 23.74 849556
aoD2AG 56e5 2 224 - 0.71 33.75 1241676
aoD2SG 56e5 2 224 - 0.77 38.77 1286256
dry 56e5 2 45 - 0.08 0.31 139548
aoDLAV 56e5 2 45 - 0.42 22.51 849556
aoULAV 56e5 2 45 - 0.46 23.73 849556
aoD2AG 56e5 2 45 - 0.74 34.09 1242836
aoD2SG 56e5 2 45 - 0.75 40.23 1286436
dry 56e5 2 173 - 0.08 0.32 139544
aoDLAV 56e5 2 173 - 0.44 23.19 849560
aoULAV 56e5 2 173 - 0.44 24.19 849556
aoD2AG 56e5 2 173 - 0.72 33.82 1242064
aoD2SG 56e5 2 173 - 0.76 39.09 1286616
dry 1e7 2 4 - 0.11 0.44 225484
aoDLAV 1e7 2 4 - 0.76 43.82 1502688
aoULAV 1e7 2 4 - 0.78 46.63 1502684
aoD2AG 1e7 2 4 - 1.77 65.33 2203188
aoD2SG 1e7 2 4 - 1.72 75.32 2281580
dry 1e7 5 101 - 0.22 0.80 459868
aoDLAV 1e7 5 101 - 1.05 210.73 2323016
aoULAV 1e7 5 101 - 1.50 212.25 2323016
aoD2AG 1e7 5 101 - 2.47 233.17 3065328
aoD2SG 1e7 5 101 - 2.13 279.94 3152336
dry 1e7 5 61 - 0.22 0.81 459868
aoDLAV 1e7 5 61 - 1.05 212.65 2323016
aoULAV 1e7 5 61 - 1.56 215.49 2323016
aoD2AG 1e7 5 61 - 2.58 243.00 3063692
aoD2SG 1e7 5 61 - 2.60 284.43 3148636
dry 1e7 2 178 - 0.13 0.44 225484
aoDLAV 1e7 2 178 - 0.78 44.22 1502684
aoULAV 1e7 2 178 - 0.73 46.90 1502684
aoD2AG 1e7 2 178 - 1.55 66.96 2205864
aoD2SG 1e7 2 178 - 1.63 76.36 2285196
dry 1e7 10 70 - 0.43 1.37 850508
aoDLAV 1e7 10 70 - 1.50 4867.52 3533960
aoULAV 1e7 10 70 - 2.43 4734.27 3533956
aoD2AG 1e7 10 70 - 3.70 4749.97 4337372
aoD2SG 1e7 10 70 - 3.66 5729.44 4427016
dry 1e7 10 58 - 0.42 1.39 850508
aoDLAV 1e7 10 58 - 1.52 4754.15 3533952
aoULAV 1e7 10 58 - 2.42 4756.40 3533952
aoD2AG 1e7 10 58 - 3.65 4809.42 4337704
aoD2SG 1e7 10 58 - 3.67 5664.74 4426504
dry 1e7 5 177 - 0.27 0.84 459868
aoDLAV 1e7 5 177 - 1.10 219.88 2323016
aoULAV 1e7 5 177 - 1.55 223.20 2323016
aoD2AG 1e7 5 177 - 2.48 246.02 3064160
aoD2SG 1e7 5 177 - 2.07 289.71 3151820
dry 1e7 2 158 - 0.12 0.44 225484
aoDLAV 1e7 2 158 - 0.78 45.28 1502684
aoULAV 1e7 2 158 - 1.00 48.08 1502684
aoD2AG 1e7 2 158 - 1.66 69.41 2205340
aoD2SG 1e7 2 158 - 1.78 79.01 2284852
dry 18e5 2 123 - 0.04 0.21 65324
aoDLAV 18e5 2 123 - 0.16 6.52 285512
aoULAV 18e5 2 123 - 0.16 6.39 285524
aoD2AG 18e5 2 123 - 0.24 9.24 411596
aoD2SG 18e5 2 123 - 0.22 10.51 427156
dry 32e5 2 226 - 0.05 0.24 92676
aoDLAV 32e5 2 226 - 0.26 11.27 493324
aoULAV 32e5 2 226 - 0.24 12.33 493336
aoD2AG 32e5 2 226 - 0.40 17.56 718912
aoD2SG 32e5 2 226 - 0.45 19.73 743928
dry 56e5 2 170 - 0.08 0.31 139548
aoDLAV 56e5 2 170 - 0.44 21.70 849556
aoULAV 56e5 2 170 - 0.43 23.00 849560
aoD2AG 56e5 2 170 - 0.74 32.76 1242596
aoD2SG 56e5 2 170 - 0.78 38.41 1287384
dry 32e5 2 109 - 0.05 0.25 92676
aoDLAV 32e5 2 109 - 0.29 11.40 493328
aoULAV 32e5 2 109 - 0.27 12.11 493336
aoD2AG 32e5 2 109 - 0.42 17.49 718432
aoD2SG 32e5 2 109 - 0.49 21.29 743000
dry 18e5 2 88 - 0.04 0.21 65328
aoDLAV 18e5 2 88 - 0.14 6.42 285508
aoULAV 18e5 2 88 - 0.14 6.79 285520
aoD2AG 18e5 2 88 - 0.23 9.94 411696
aoD2SG 18e5 2 88 - 0.26 11.28 426416
dry 1e7 10 55 - 0.46 1.39 850512
aoDLAV 1e7 10 55 - 1.98 6321.08 3533956
aoULAV 1e7 10 55 - 2.35 5189.56 3533956
aoD2AG 1e7 10 55 - 3.48 4804.46 4336228
aoD2SG 1e7 10 55 - 3.63 5719.08 4425512
dry 32e5 2 116 - 0.06 0.27 92676
aoDLAV 32e5 2 116 - 0.28 12.14 493324
aoULAV 32e5 2 116 - 0.28 12.58 493336
aoD2AG 32e5 2 116 - 0.41 17.79 718624
aoD2SG 32e5 2 116 - 0.42 20.38 744508
dry 18e5 2 42 - 0.06 0.20 65328
aoDLAV 18e5 2 42 - 0.15 6.25 285512
aoULAV 18e5 2 42 - 0.14 6.65 285520
aoD2AG 18e5 2 42 - 0.25 9.56 412672
aoD2SG 18e5 2 42 - 0.27 10.93 427192
dry 1e7 10 243 - 0.41 1.38 850512
aoDLAV 1e7 10 243 - 1.53 4713.01 3533956
aoULAV 1e7 10 243 - 2.33 4730.26 3534016
aoD2AG 1e7 10 243 - 3.58 4839.54 4336164
aoD2SG 1e7 10 243 - 3.99 5759.51 4427168
dry 1e7 5 95 - 0.23 0.78 459868
aoDLAV 1e7 5 95 - 1.08 211.66 2323016
aoULAV 1e7 5 95 - 1.51 211.06 2323016
aoD2AG 1e7 5 95 - 2.07 226.81 3064396
aoD2SG 1e7 5 95 - 2.56 269.28 3152436
dry 32e5 2 243 - 0.07 0.23 92676
aoDLAV 32e5 2 243 - 0.25 11.30 493348
aoULAV 32e5 2 243 - 0.27 11.97 493340
aoD2AG 32e5 2 243 - 0.38 17.18 717968
aoD2SG 32e5 2 243 - 0.41 19.64 742292
dry 56e5 2 195 - 0.08 0.30 139548
aoDLAV 56e5 2 195 - 0.47 21.67 849556
aoULAV 56e5 2 195 - 0.44 22.97 849560
aoD2AG 56e5 2 195 - 0.71 32.59 1241560
aoD2SG 56e5 2 195 - 0.87 37.34 1286900
dry 18e5 2 81 - 0.04 0.20 65328
aoDLAV 18e5 2 81 - 0.16 6.07 285508
aoULAV 18e5 2 81 - 0.17 6.39 285524
aoD2AG 18e5 2 81 - 0.25 9.22 412380
aoD2SG 18e5 2 81 - 0.24 10.50 426408
dry 56e5 2 82 - 0.08 0.31 139544
aoDLAV 56e5 2 82 - 0.43 21.58 849556
aoULAV 56e5 2 82 - 0.47 22.85 849556
aoD2AG 56e5 2 82 - 0.72 32.66 1241804
aoD2SG 56e5 2 82 - 0.72 37.38 1286572
dry 1e7 2 122 - 0.11 0.43 225488
aoDLAV 1e7 2 122 - 0.74 42.44 1502684
aoULAV 1e7 2 122 - 0.74 45.38 1502684
aoD2AG 1e7 2 122 - 1.74 63.12 2203732
aoD2SG 1e7 2 122 - 1.67 72.95 2282324
dry 1e7 2 102 - 0.11 0.43 225484
aoDLAV 1e7 2 102 - 0.79 42.20 1502684
aoULAV 1e7 2 102 - 0.76 44.91 1502684
aoD2AG 1e7 2 102 - 1.56 65.13 2205004
aoD2SG 1e7 2 102 - 1.69 74.35 2283748
dry 32e5 2 248 - 0.05 0.25 92676
aoDLAV 32e5 2 248 - 0.28 11.51 493324
aoULAV 32e5 2 248 - 0.26 12.29 493336
aoD2AG 32e5 2 248 - 0.40 17.66 718728
aoD2SG 32e5 2 248 - 0.41 20.11 744288
dry 1e7 2 127 - 0.12 0.43 225488
aoDLAV 1e7 2 127 - 0.72 44.25 1502688
aoULAV 1e7 2 127 - 0.74 46.44 1502684
aoD2AG 1e7 2 127 - 1.54 65.80 2202840
aoD2SG 1e7 2 127 - 1.85 75.26 2284076
dry 1e7 2 110 - 0.11 0.45 225488
aoDLAV 1e7 2 110 - 0.76 44.02 1502688
aoULAV 1e7 2 110 - 0.75 46.57 1502684
aoD2AG 1e7 2 110 - 1.52 65.30 2203756
aoD2SG 1e7 2 110 - 1.64 75.94 2285064
dry 18e5 2 231 - 0.05 0.20 65328
aoDLAV 18e5 2 231 - 0.16 6.27 285508
aoULAV 18e5 2 231 - 0.16 6.67 285520
aoD2AG 18e5 2 231 - 0.26 9.63 413488
aoD2SG 18e5 2 231 - 0.26 10.96 428076
dry 1e7 2 101 - 0.12 0.44 225484
aoDLAV 1e7 2 101 - 0.78 44.05 1502684
aoULAV 1e7 2 101 - 0.74 46.11 1502684
aoD2AG 1e7 2 101 - 1.53 65.43 2204508
aoD2SG 1e7 2 101 - 1.62 75.65 2284828
dry 18e5 2 99 - 0.04 0.21 65324
aoDLAV 18e5 2 99 - 0.15 6.17 285512
aoULAV 18e5 2 99 - 0.21 6.62 285524
aoD2AG 18e5 2 99 - 0.24 9.53 411624
aoD2SG 18e5 2 99 - 0.25 10.84 426604
dry 1e7 2 9 - 0.11 0.44 225484
aoDLAV 1e7 2 9 - 0.80 43.77 1502684
aoULAV 1e7 2 9 - 0.77 46.12 1502684
aoD2AG 1e7 2 9 - 1.56 64.84 2203848
aoD2SG 1e7 2 9 - 1.62 74.40 2282656
dry 56e5 2 120 - 0.08 0.32 139548
aoDLAV 56e5 2 120 - 0.45 21.99 849556
aoULAV 56e5 2 120 - 0.43 23.45 849600
aoD2AG 56e5 2 120 - 0.89 33.22 1241952
aoD2SG 56e5 2 120 - 0.77 38.24 1286220
dry 56e5 2 1 - 0.07 0.32 139544
aoDLAV 56e5 2 1 - 0.45 21.58 849556
aoULAV 56e5 2 1 - 0.44 22.95 849640
aoD2AG 56e5 2 1 - 0.72 32.83 1242160
aoD2SG 56e5 2 1 - 0.70 37.62 1285988
dry 32e5 2 180 - 0.06 0.24 92676
aoDLAV 32e5 2 180 - 0.25 11.50 493328
aoULAV 32e5 2 180 - 0.27 12.43 493340
aoD2AG 32e5 2 180 - 0.40 17.73 718124
aoD2SG 32e5 2 180 - 0.43 20.21 742584
dry 1e7 2 141 - 0.12 0.44 225484
aoDLAV 1e7 2 141 - 0.76 42.93 1502684
aoULAV 1e7 2 141 - 0.97 45.57 1502688
aoD2AG 1e7 2 141 - 1.53 64.41 2202592
aoD2SG 1e7 2 141 - 1.70 74.51 2283028
dry 56e5 2 108 - 0.08 0.32 139544
aoDLAV 56e5 2 108 - 0.45 22.18 849556
aoULAV 56e5 2 108 - 0.45 23.51 849560
aoD2AG 56e5 2 108 - 0.72 33.38 1241584
aoD2SG 56e5 2 108 - 0.74 38.36 1285364
dry 32e5 2 22 - 0.06 0.24 92676
aoDLAV 32e5 2 22 - 0.27 11.51 493324
aoULAV 32e5 2 22 - 0.26 12.29 493340
aoD2AG 32e5 2 22 - 0.40 17.73 718940
aoD2SG 32e5 2 22 - 0.41 20.25 743644
dry 56e5 2 172 - 0.08 0.31 139544
aoDLAV 56e5 2 172 - 0.48 22.05 849556
aoULAV 56e5 2 172 - 0.46 23.52 849556
aoD2AG 56e5 2 172 - 0.75 33.37 1242364
aoD2SG 56e5 2 172 - 0.73 38.48 1285856
dry 18e5 2 22 - 0.05 0.20 65324
aoDLAV 18e5 2 22 - 0.16 6.16 285508
aoULAV 18e5 2 22 - 0.19 6.56 285520
aoD2AG 18e5 2 22 - 0.24 9.54 412348
aoD2SG 18e5 2 22 - 0.25 10.86 425292
dry 18e5 2 152 - 0.04 0.21 65324
aoDLAV 18e5 2 152 - 0.16 6.18 285612
aoULAV 18e5 2 152 - 0.16 6.61 285524
aoD2AG 18e5 2 152 - 0.24 9.51 412916
aoD2SG 18e5 2 152 - 0.26 10.79 426096
dry 1e7 2 240 - 0.12 0.44 225488
aoDLAV 1e7 2 240 - 0.78 43.37 1502684
aoULAV 1e7 2 240 - 0.99 46.49 1502688
aoD2AG 1e7 2 240 - 1.58 64.87 2203492
aoD2SG 1e7 2 240 - 1.63 74.89 2284352
dry 18e5 2 78 - 0.05 0.20 65324
aoDLAV 18e5 2 78 - 0.16 6.22 285552
aoULAV 18e5 2 78 - 0.17 6.59 285524
aoD2AG 18e5 2 78 - 0.26 9.57 412484
aoD2SG 18e5 2 78 - 0.26 10.93 426712
dry 18e5 2 193 - 0.05 0.20 65328
aoDLAV 18e5 2 193 - 0.16 6.13 285512
aoULAV 18e5 2 193 - 0.16 6.53 285520
aoD2AG 18e5 2 193 - 0.26 9.48 412176
aoD2SG 18e5 2 193 - 0.25 10.76 427400
dry 18e5 2 64 - 0.04 0.22 65328
aoDLAV 18e5 2 64 - 0.13 6.22 285508
aoULAV 18e5 2 64 - 0.18 6.62 285520
aoD2AG 18e5 2 64 - 0.27 9.61 411916
aoD2SG 18e5 2 64 - 0.27 10.87 427284
dry 1e7 5 213 - 0.24 0.78 459868
aoDLAV 1e7 5 213 - 1.08 291.06 2323020
aoULAV 1e7 5 213 - 1.54 221.47 2323016
aoD2AG 1e7 5 213 - 2.08 241.72 3064044
aoD2SG 1e7 5 213 - 2.72 350.94 3149772
dry 1e7 2 78 - 0.11 0.45 225484
aoDLAV 1e7 2 78 - 0.76 43.61 1502688
aoULAV 1e7 2 78 - 0.77 47.27 1502684
aoD2AG 1e7 2 78 - 1.73 65.92 2205532
aoD2SG 1e7 2 78 - 1.66 76.14 2281808
dry 18e5 2 98 - 0.04 0.21 65324
aoDLAV 18e5 2 98 - 0.16 6.30 285508
aoULAV 18e5 2 98 - 0.16 6.74 285520
aoD2AG 18e5 2 98 - 0.23 9.77 411788
aoD2SG 18e5 2 98 - 0.24 11.07 427464
dry 1e7 5 116 - 0.23 0.80 459868
aoDLAV 1e7 5 116 - 1.11 212.07 2323020
aoULAV 1e7 5 116 - 1.41 213.32 2323020
aoD2AG 1e7 5 116 - 2.42 234.92 3065248
aoD2SG 1e7 5 116 - 2.22 280.35 3149640
dry 1e7 5 210 - 0.24 0.78 459868
aoDLAV 1e7 5 210 - 1.14 211.36 2323016
aoULAV 1e7 5 210 - 1.52 213.53 2323016
aoD2AG 1e7 5 210 - 2.43 237.36 3064848
aoD2SG 1e7 5 210 - 2.53 280.59 3149636
dry 32e5 2 27 - 0.05 0.25 92676
aoDLAV 32e5 2 27 - 0.26 11.88 493328
aoULAV 32e5 2 27 - 0.27 12.69 493336
aoD2AG 32e5 2 27 - 0.41 18.21 718832
aoD2SG 32e5 2 27 - 0.41 20.71 743612
dry 1e7 2 83 - 0.12 0.44 225484
aoDLAV 1e7 2 83 - 0.75 44.10 1502688
aoULAV 1e7 2 83 - 0.79 47.49 1502684
aoD2AG 1e7 2 83 - 1.48 66.30 2205084
aoD2SG 1e7 2 83 - 1.71 76.12 2283564
dry 32e5 2 129 - 0.06 0.24 92676
aoDLAV 32e5 2 129 - 0.26 11.92 493324
aoULAV 32e5 2 129 - 0.29 12.69 493336
aoD2AG 32e5 2 129 - 0.45 18.43 719032
aoD2SG 32e5 2 129 - 0.42 21.04 744192
dry 1e7 2 108 - 0.12 0.43 225484
aoDLAV 1e7 2 108 - 0.77 44.06 1502688
aoULAV 1e7 2 108 - 0.77 46.71 1502684
aoD2AG 1e7 2 108 - 1.50 65.73 2204864
aoD2SG 1e7 2 108 - 1.59 76.06 2284160
dry 1e7 2 160 - 0.11 0.44 225484
aoDLAV 1e7 2 160 - 0.72 43.92 1502684
aoULAV 1e7 2 160 - 0.76 46.53 1502684
aoD2AG 1e7 2 160 - 1.49 65.92 2205116
aoD2SG 1e7 2 160 - 1.68 77.04 2281576
dry 56e5 2 210 - 0.07 0.33 139544
aoDLAV 56e5 2 210 - 0.46 22.83 849556
aoULAV 56e5 2 210 - 0.58 24.28 849556
aoD2AG 56e5 2 210 - 0.75 35.07 1242132
aoD2SG 56e5 2 210 - 0.72 39.60 1287620
dry 1e7 2 200 - 0.12 0.44 225484
aoDLAV 1e7 2 200 - 0.76 44.23 1502684
aoULAV 1e7 2 200 - 0.75 46.96 1502684
aoD2AG 1e7 2 200 - 1.52 66.75 2203976
aoD2SG 1e7 2 200 - 1.59 77.28 2284496
dry 56e5 2 44 - 0.08 0.33 139544
aoDLAV 56e5 2 44 - 0.44 22.95 849556
aoULAV 56e5 2 44 - 0.47 24.14 849560
aoD2AG 56e5 2 44 - 0.75 34.36 1243072
aoD2SG 56e5 2 44 - 0.71 39.13 1288072
dry 18e5 2 226 - 0.05 0.20 65324
aoDLAV 18e5 2 226 - 0.17 6.40 285512
aoULAV 18e5 2 226 - 0.15 6.77 285524
aoD2AG 18e5 2 226 - 0.25 9.79 412072
aoD2SG 18e5 2 226 - 0.27 11.16 427400
dry 32e5 2 152 - 0.06 0.25 92676
aoDLAV 32e5 2 152 - 0.25 11.94 493324
aoULAV 32e5 2 152 - 0.24 12.76 493340
aoD2AG 32e5 2 152 - 0.40 18.38 717292
aoD2SG 32e5 2 152 - 0.41 21.07 744176
dry 18e5 2 194 - 0.04 0.21 65324
aoDLAV 18e5 2 194 - 0.16 6.40 285508
aoULAV 18e5 2 194 - 0.19 6.86 285612
aoD2AG 18e5 2 194 - 0.26 9.86 413076
aoD2SG 18e5 2 194 - 0.27 11.01 427976
dry 1e7 2 190 - 0.12 0.44 225484
aoDLAV 1e7 2 190 - 0.81 44.22 1502684
aoULAV 1e7 2 190 - 0.72 46.96 1502684
aoD2AG 1e7 2 190 - 1.50 65.70 2203380
aoD2SG 1e7 2 190 - 1.59 77.16 2283904
dry 1e7 5 93 - 0.23 0.79 459868
aoDLAV 1e7 5 93 - 1.08 218.14 2323016
aoULAV 1e7 5 93 - 1.50 219.50 2323016
aoD2AG 1e7 5 93 - 2.49 242.36 3064940
aoD2SG 1e7 5 93 - 2.59 291.04 3152900
dry 18e5 2 160 - 0.04 0.22 65328
aoDLAV 18e5 2 160 - 0.16 6.38 285508
aoULAV 18e5 2 160 - 0.16 6.80 285564
aoD2AG 18e5 2 160 - 0.26 9.88 412788
aoD2SG 18e5 2 160 - 0.24 11.16 425488
dry 56e5 2 90 - 0.08 0.32 139548
aoDLAV 56e5 2 90 - 0.43 23.06 849560
aoULAV 56e5 2 90 - 0.43 24.60 849556
aoD2AG 56e5 2 90 - 0.71 35.05 1242936
aoD2SG 56e5 2 90 - 0.74 40.37 1286016
dry 1e7 5 237 - 0.24 0.79 459872
aoDLAV 1e7 5 237 - 1.15 219.42 2323020
aoULAV 1e7 5 237 - 1.52 220.34 2323016
aoD2AG 1e7 5 237 - 2.51 242.92 3064052
aoD2SG 1e7 5 237 - 2.60 286.30 3149484
dry 56e5 2 235 - 0.08 0.33 139544
aoDLAV 56e5 2 235 - 0.47 22.95 849556
aoULAV 56e5 2 235 - 0.46 24.45 849556
aoD2AG 56e5 2 235 - 0.74 34.74 1242020
aoD2SG 56e5 2 235 - 0.76 40.48 1285940
dry 18e5 2 117 - 0.04 0.22 65324
aoDLAV 18e5 2 117 - 0.17 6.41 285508
aoULAV 18e5 2 117 - 0.18 6.83 285520
aoD2AG 18e5 2 117 - 0.26 9.88 412624
aoD2SG 18e5 2 117 - 0.26 11.19 427536
dry 18e5 2 26 - 0.04 0.21 65328
aoDLAV 18e5 2 26 - 0.17 6.39 285508
aoULAV 18e5 2 26 - 0.16 6.81 285524
aoD2AG 18e5 2 26 - 0.25 9.87 413560
aoD2SG 18e5 2 26 - 0.24 11.20 426688
dry 32e5 2 214 - 0.06 0.25 92676
aoDLAV 32e5 2 214 - 0.27 11.95 493324
aoULAV 32e5 2 214 - 0.26 12.76 493336
aoD2AG 32e5 2 214 - 0.40 18.37 718492
aoD2SG 32e5 2 214 - 0.43 20.97 744192
dry 32e5 2 63 - 0.05 0.25 92676
aoDLAV 32e5 2 63 - 0.26 11.96 493328
aoULAV 32e5 2 63 - 0.26 12.77 493336
aoD2AG 32e5 2 63 - 0.48 18.44 718648
aoD2SG 32e5 2 63 - 0.43 20.98 743088
dry 56e5 2 81 - 0.08 0.31 139544
aoDLAV 56e5 2 81 - 0.44 22.85 849556
aoULAV 56e5 2 81 - 0.46 24.30 849556
aoD2AG 56e5 2 81 - 0.72 34.70 1242968
aoD2SG 56e5 2 81 - 0.77 39.72 1287568
dry 1e7 10 139 - 0.44 1.37 850512
aoDLAV 1e7 10 139 - 1.81 6110.35 3533960
aoULAV 1e7 10 139 - 2.29 4845.75 3533956
aoD2AG 1e7 10 139 - 3.47 4673.25 4338928
aoD2SG 1e7 10 139 - 3.45 6110.97 4427880
