dry 32e1 2 68 - 0.02 0.11 26000
aoDLAV 32e1 2 68 - 0.02 0.14 30200
aoULAV 32e1 2 68 - 0.02 0.14 30212
aoD2AG 32e1 2 68 - 0.02 0.14 30380
aoD2SG 32e1 2 68 - 0.02 0.14 30388
moore 32e1 2 68 - 0.03 0.45 33676
nbpm 32e1 2 68 - 0.08 2.26 58300
greedy 32e1 2 68 - 0.03 0.20 40976
dry 250e2 2 43 - 0.02 0.12 27020
aoDLAV 250e2 2 43 - 0.02 0.20 31112
aoULAV 250e2 2 43 - 0.02 0.20 31212
aoD2AG 250e2 2 43 - 0.02 0.21 33864
aoD2SG 250e2 2 43 - 0.02 0.22 33964
dry 1e5 2 81 - 0.02 0.13 30496
aoDLAV 1e5 2 81 - 0.03 0.40 34800
aoULAV 1e5 2 81 - 0.03 0.42 35324
aoD2AG 1e5 2 81 - 0.04 0.51 42604
aoD2SG 1e5 2 81 - 0.04 0.57 43808
dry 32e1 2 141 - 0.02 0.11 26004
aoDLAV 32e1 2 141 - 0.02 0.14 30196
aoULAV 32e1 2 141 - 0.03 0.13 30208
aoD2AG 32e1 2 141 - 0.02 0.14 30376
aoD2SG 32e1 2 141 - 0.02 0.14 30384
moore 32e1 2 141 - 0.04 0.65 33684
nbpm 32e1 2 141 - 0.08 2.41 58308
greedy 32e1 2 141 - 0.03 0.21 40976
dry 1e6 5 22 - 0.05 0.28 73152
aoDLAV 1e6 5 22 - 0.14 17.94 252688
aoULAV 1e6 5 22 - 0.14 17.89 252688
aoD2AG 1e6 5 22 - 0.21 19.61 324220
aoD2SG 1e6 5 22 - 0.22 22.95 331840
dry 350e2 2 37 - 0.03 0.11 27416
aoDLAV 350e2 2 37 - 0.02 0.22 31484
aoULAV 350e2 2 37 - 0.03 0.21 32260
aoD2AG 350e2 2 37 - 0.03 0.26 34848
aoD2SG 350e2 2 37 - 0.03 0.27 35136
dry 1e3 5 46 - 0.02 0.12 26056
aoDLAV 1e3 5 46 - 0.03 0.14 30424
aoULAV 1e3 5 46 - 0.02 0.15 30436
aoD2AG 1e3 5 46 - 0.03 0.14 30744
aoD2SG 1e3 5 46 - 0.03 0.14 30764
moore 1e3 5 46 - 0.04 3.19 59828
nbpm 1e3 5 46 - 0.12 4.27 129244
greedy 1e3 5 46 - 0.08 1.00 139388
dry 18e4 2 236 - 0.03 0.13 33108
aoDLAV 18e4 2 236 - 0.05 0.79 47860
aoULAV 18e4 2 236 - 0.05 0.80 47860
aoD2AG 18e4 2 236 - 0.06 0.99 58640
aoD2SG 18e4 2 236 - 0.05 1.11 59832
dry 5e4 10 133 - 0.03 0.14 33888
aoDLAV 5e4 10 133 - 0.04 8.04 40204
aoULAV 5e4 10 133 - 0.05 8.00 40200
aoD2AG 5e4 10 133 - 0.04 7.78 44980
aoD2SG 5e4 10 133 - 0.05 8.58 44996
dry 375e2 2 240 - 0.03 0.12 29144
aoDLAV 375e2 2 240 - 0.03 0.25 31784
aoULAV 375e2 2 240 - 0.03 0.24 32604
aoD2AG 375e2 2 240 - 0.05 0.25 35520
aoD2SG 375e2 2 240 - 0.04 0.28 35524
dry 32e3 2 113 - 0.02 0.12 27296
aoDLAV 32e3 2 113 - 0.03 0.21 31436
aoULAV 32e3 2 113 - 0.02 0.23 32148
aoD2AG 32e3 2 113 - 0.03 0.26 35020
aoD2SG 32e3 2 113 - 0.03 0.26 34784
dry 325e2 2 151 - 0.02 0.12 29280
aoDLAV 325e2 2 151 - 0.03 0.21 31372
aoULAV 325e2 2 151 - 0.03 0.22 32084
aoD2AG 325e2 2 151 - 0.03 0.25 35000
aoD2SG 325e2 2 151 - 0.03 0.26 34764
dry 1e6 2 211 - 0.05 0.20 49704
aoDLAV 1e6 2 211 - 0.10 3.73 178460
aoULAV 1e6 2 211 - 0.14 3.71 178460
aoD2AG 1e6 2 211 - 0.18 5.60 233756
aoD2SG 1e6 2 211 - 0.17 6.19 241908
dry 1e5 2 91 - 0.02 0.13 32124
aoDLAV 1e5 2 91 - 0.04 0.44 34800
aoULAV 1e5 2 91 - 0.04 0.43 35324
aoD2AG 1e5 2 91 - 0.03 0.55 42600
aoD2SG 1e5 2 91 - 0.04 0.62 43800
dry 56e3 2 182 - 0.02 0.12 29768
aoDLAV 56e3 2 182 - 0.03 0.27 33476
aoULAV 56e3 2 182 - 0.03 0.28 34696
aoD2AG 56e3 2 182 - 0.04 0.34 37280
aoD2SG 56e3 2 182 - 0.03 0.38 37300
dry 56e4 2 114 - 0.03 0.19 41108
aoDLAV 56e4 2 114 - 0.08 2.00 107988
aoULAV 56e4 2 114 - 0.09 2.00 107988
aoD2AG 56e4 2 114 - 0.11 2.88 139648
aoD2SG 56e4 2 114 - 0.16 3.46 144020
dry 350e2 2 187 - 0.03 0.11 29092
aoDLAV 350e2 2 187 - 0.03 0.21 31484
aoULAV 350e2 2 187 - 0.02 0.23 32260
aoD2AG 350e2 2 187 - 0.03 0.27 34848
aoD2SG 350e2 2 187 - 0.03 0.26 35128
dry 32e4 2 191 - 0.04 0.16 36424
aoDLAV 32e4 2 191 - 0.07 1.22 70828
aoULAV 32e4 2 191 - 0.08 1.23 70840
aoD2AG 32e4 2 191 - 0.08 1.74 88420
aoD2SG 32e4 2 191 - 0.07 1.91 90900
dry 5e4 2 35 - 0.03 0.11 28000
aoDLAV 5e4 2 35 - 0.04 0.25 33012
aoULAV 5e4 2 35 - 0.03 0.28 33312
aoD2AG 5e4 2 35 - 0.04 0.33 36408
aoD2SG 5e4 2 35 - 0.03 0.38 36424
dry 1e3 2 82 - 0.02 0.11 26020
aoDLAV 1e3 2 82 - 0.02 0.14 30280
aoULAV 1e3 2 82 - 0.02 0.15 30292
aoD2AG 1e3 2 82 - 0.03 0.14 30548
aoD2SG 1e3 2 82 - 0.03 0.14 30564
moore 1e3 2 82 - 0.05 2.28 59796
nbpm 1e3 2 82 - 0.11 4.15 138552
greedy 1e3 2 82 - 0.08 1.04 139244
dry 1e2 10 78 - 0.02 0.12 26008
aoDLAV 1e2 10 78 - 0.03 0.14 30260
aoULAV 1e2 10 78 - 0.03 0.15 30276
aoD2AG 1e2 10 78 - 0.03 0.14 30444
aoD2SG 1e2 10 78 - 0.02 0.15 30448
moore 1e2 10 78 - 0.03 0.23 30496
nbpm 1e2 10 78 - 0.08 2.18 53076
greedy 1e2 10 78 - 0.03 0.14 30972
dry 1e3 5 17 - 0.02 0.12 26056
aoDLAV 1e3 5 17 - 0.02 0.16 30424
aoULAV 1e3 5 17 - 0.03 0.15 30436
aoD2AG 1e3 5 17 - 0.03 0.15 30744
aoD2SG 1e3 5 17 - 0.02 0.15 30764
moore 1e3 5 17 - 0.04 3.68 59856
nbpm 1e3 5 17 - 0.12 4.51 129244
greedy 1e3 5 17 - 0.10 0.99 139440
dry 18e4 2 154 - 0.03 0.14 33108
aoDLAV 18e4 2 154 - 0.04 0.79 47860
aoULAV 18e4 2 154 - 0.05 0.79 47860
aoD2AG 18e4 2 154 - 0.05 1.05 58644
aoD2SG 18e4 2 154 - 0.05 1.14 60264
dry 56e4 2 6 - 0.04 0.18 41104
aoDLAV 56e4 2 6 - 0.09 2.13 107984
aoULAV 56e4 2 6 - 0.08 2.07 107984
aoD2AG 56e4 2 6 - 0.12 2.89 139936
aoD2SG 56e4 2 6 - 0.10 3.23 143432
dry 1e3 10 176 - 0.03 0.11 26136
aoDLAV 1e3 10 176 - 0.02 0.16 30652
aoULAV 1e3 10 176 - 0.02 0.16 30668
aoD2AG 1e3 10 176 - 0.03 0.16 31076
aoD2SG 1e3 10 176 - 0.03 0.16 31084
moore 1e3 10 176 - 0.04 4.06 59844
nbpm 1e3 10 176 - 0.14 4.63 136136
greedy 1e3 10 176 - 0.07 1.01 139620
dry 18e4 2 160 - 0.02 0.14 33104
aoDLAV 18e4 2 160 - 0.04 0.73 47860
aoULAV 18e4 2 160 - 0.05 0.76 47860
aoD2AG 18e4 2 160 - 0.06 0.95 59208
aoD2SG 18e4 2 160 - 0.05 1.09 59968
dry 1e5 2 160 - 0.03 0.13 31340
aoDLAV 1e5 2 160 - 0.03 0.45 34800
aoULAV 1e5 2 160 - 0.03 0.45 35320
aoD2AG 1e5 2 160 - 0.05 0.53 42600
aoD2SG 1e5 2 160 - 0.04 0.61 43800
dry 5e4 5 204 - 0.03 0.13 30108
aoDLAV 5e4 5 204 - 0.03 0.68 34704
aoULAV 5e4 5 204 - 0.03 0.68 34704
aoD2AG 5e4 5 204 - 0.04 0.74 37724
aoD2SG 5e4 5 204 - 0.03 0.81 37936
dry 1e3 10 120 - 0.03 0.11 26140
aoDLAV 1e3 10 120 - 0.03 0.16 30652
aoULAV 1e3 10 120 - 0.02 0.16 30664
aoD2AG 1e3 10 120 - 0.02 0.16 31064
aoD2SG 1e3 10 120 - 0.02 0.17 31088
moore 1e3 10 120 - 0.05 2.27 59872
nbpm 1e3 10 120 - 0.13 4.74 136140
greedy 1e3 10 120 - 0.07 1.01 139616
dry 1e6 5 205 - 0.05 0.26 73152
aoDLAV 1e6 5 205 - 0.15 18.24 252692
aoULAV 1e6 5 205 - 0.16 18.47 252688
aoD2AG 1e6 5 205 - 0.20 21.92 323360
aoD2SG 1e6 5 205 - 0.21 25.77 332004
dry 1e6 2 171 - 0.04 0.20 49708
aoDLAV 1e6 2 171 - 0.11 3.82 178460
aoULAV 1e6 2 171 - 0.12 4.03 178456
aoD2AG 1e6 2 171 - 0.17 5.82 233304
aoD2SG 1e6 2 171 - 0.18 6.52 242392
dry 32e1 2 65 - 0.02 0.12 26000
aoDLAV 32e1 2 65 - 0.02 0.15 30196
aoULAV 32e1 2 65 - 0.03 0.14 30208
aoD2AG 32e1 2 65 - 0.03 0.14 30376
aoD2SG 32e1 2 65 - 0.02 0.15 30384
moore 32e1 2 65 - 0.03 0.51 33676
nbpm 32e1 2 65 - 0.08 2.30 58304
greedy 32e1 2 65 - 0.04 0.20 40972
dry 1e3 10 121 - 0.03 0.11 28156
aoDLAV 1e3 10 121 - 0.02 0.16 30652
aoULAV 1e3 10 121 - 0.02 0.16 30664
aoD2AG 1e3 10 121 - 0.03 0.16 31080
aoD2SG 1e3 10 121 - 0.03 0.16 31084
moore 1e3 10 121 - 0.04 1.43 59868
nbpm 1e3 10 121 - 0.12 4.80 136184
greedy 1e3 10 121 - 0.08 0.99 139616
dry 5e4 5 157 - 0.02 0.14 31032
aoDLAV 5e4 5 157 - 0.03 0.68 34704
aoULAV 5e4 5 157 - 0.03 0.69 34704
aoD2AG 5e4 5 157 - 0.03 0.74 37732
aoD2SG 5e4 5 157 - 0.04 0.80 37936
dry 5e4 5 17 - 0.02 0.13 30452
aoDLAV 5e4 5 17 - 0.04 0.67 34704
aoULAV 5e4 5 17 - 0.04 0.67 34704
aoD2AG 5e4 5 17 - 0.03 0.74 37728
aoD2SG 5e4 5 17 - 0.03 0.81 37936
dry 1e2 5 53 - 0.02 0.12 25996
aoDLAV 1e2 5 53 - 0.02 0.15 30212
aoULAV 1e2 5 53 - 0.02 0.14 30224
aoD2AG 1e2 5 53 - 0.03 0.14 30388
aoD2SG 1e2 5 53 - 0.02 0.14 30388
moore 1e2 5 53 - 0.03 0.23 30492
nbpm 1e2 5 53 - 0.08 2.09 53020
greedy 1e2 5 53 - 0.04 0.13 30920
dry 1e1 2 62 - 0.02 0.11 25992
aoDLAV 1e1 2 62 - 0.02 0.14 30164
aoULAV 1e1 2 62 - 0.02 0.14 30176
aoD2AG 1e1 2 62 - 0.02 0.15 30316
aoD2SG 1e1 2 62 - 0.02 0.14 30316
moore 1e1 2 62 - 0.03 0.18 30484
nbpm 1e1 2 62 - 0.07 2.18 49824
greedy 1e1 2 62 - 0.03 0.14 30128
dry 1e5 2 30 - 0.02 0.14 31080
aoDLAV 1e5 2 30 - 0.03 0.45 34800
aoULAV 1e5 2 30 - 0.04 0.46 35320
aoD2AG 1e5 2 30 - 0.04 0.59 42632
aoD2SG 1e5 2 30 - 0.04 0.63 43800
dry 32e3 2 66 - 0.02 0.12 29048
aoDLAV 32e3 2 66 - 0.02 0.23 31476
aoULAV 32e3 2 66 - 0.03 0.22 32148
aoD2AG 32e3 2 66 - 0.04 0.25 35028
aoD2SG 32e3 2 66 - 0.02 0.28 34792
dry 1e3 2 241 - 0.02 0.12 26020
aoDLAV 1e3 2 241 - 0.03 0.14 30284
aoULAV 1e3 2 241 - 0.02 0.15 30292
aoD2AG 1e3 2 241 - 0.02 0.15 30532
aoD2SG 1e3 2 241 - 0.03 0.14 30560
moore 1e3 2 241 - 0.04 6.95 59768
nbpm 1e3 2 241 - 0.12 4.11 138552
greedy 1e3 2 241 - 0.08 1.06 139248
dry 1e5 2 168 - 0.03 0.13 32128
aoDLAV 1e5 2 168 - 0.03 0.45 34804
aoULAV 1e5 2 168 - 0.03 0.46 35324
aoD2AG 1e5 2 168 - 0.04 0.58 42600
aoD2SG 1e5 2 168 - 0.05 0.65 43800
dry 1e5 5 233 - 0.03 0.14 34476
aoDLAV 1e5 5 233 - 0.04 1.65 41816
aoULAV 1e5 5 233 - 0.05 1.66 43568
aoD2AG 1e5 5 233 - 0.05 1.81 53568
aoD2SG 1e5 5 233 - 0.04 2.02 53204
dry 32e3 2 152 - 0.02 0.12 29044
aoDLAV 32e3 2 152 - 0.03 0.22 31436
aoULAV 32e3 2 152 - 0.03 0.22 32148
aoD2AG 32e3 2 152 - 0.03 0.26 35028
aoD2SG 32e3 2 152 - 0.03 0.27 34788
dry 5e4 2 116 - 0.03 0.12 29860
aoDLAV 5e4 2 116 - 0.03 0.27 33008
aoULAV 5e4 2 116 - 0.03 0.28 33316
aoD2AG 5e4 2 116 - 0.04 0.34 36424
aoD2SG 5e4 2 116 - 0.03 0.36 36428
dry 1e2 5 201 - 0.03 0.11 25996
aoDLAV 1e2 5 201 - 0.02 0.15 30212
aoULAV 1e2 5 201 - 0.02 0.15 30228
aoD2AG 1e2 5 201 - 0.02 0.15 30388
aoD2SG 1e2 5 201 - 0.03 0.14 30388
moore 1e2 5 201 - 0.03 0.20 30492
nbpm 1e2 5 201 - 0.09 2.35 53016
greedy 1e2 5 201 - 0.03 0.15 30920
dry 350e2 2 243 - 0.03 0.11 30828
aoDLAV 350e2 2 243 - 0.03 0.23 31480
aoULAV 350e2 2 243 - 0.03 0.24 32260
aoD2AG 350e2 2 243 - 0.03 0.26 34852
aoD2SG 350e2 2 243 - 0.03 0.28 35136
dry 56e4 2 243 - 0.04 0.19 41108
aoDLAV 56e4 2 243 - 0.07 2.11 107984
aoULAV 56e4 2 243 - 0.09 2.20 107988
aoD2AG 56e4 2 243 - 0.11 3.17 139396
aoD2SG 56e4 2 243 - 0.11 3.49 144680
dry 1e2 5 64 - 0.02 0.11 26000
aoDLAV 1e2 5 64 - 0.02 0.15 30212
aoULAV 1e2 5 64 - 0.03 0.14 30224
aoD2AG 1e2 5 64 - 0.02 0.15 30384
aoD2SG 1e2 5 64 - 0.03 0.14 30388
moore 1e2 5 64 - 0.03 0.20 30492
nbpm 1e2 5 64 - 0.07 2.13 53064
greedy 1e2 5 64 - 0.02 0.15 30920
dry 1e1 2 134 - 0.03 0.11 25992
aoDLAV 1e1 2 134 - 0.02 0.14 30160
aoULAV 1e1 2 134 - 0.03 0.14 30176
aoD2AG 1e1 2 134 - 0.03 0.14 30316
aoD2SG 1e1 2 134 - 0.02 0.14 30320
moore 1e1 2 134 - 0.02 0.19 30488
nbpm 1e1 2 134 - 0.09 2.13 49828
greedy 1e1 2 134 - 0.03 0.14 30124
dry 5e4 2 122 - 0.02 0.12 31120
aoDLAV 5e4 2 122 - 0.03 0.27 33008
aoULAV 5e4 2 122 - 0.02 0.29 33312
aoD2AG 5e4 2 122 - 0.03 0.33 36408
aoD2SG 5e4 2 122 - 0.03 0.36 36420
dry 1e6 2 83 - 0.04 0.20 49704
aoDLAV 1e6 2 83 - 0.11 3.81 178456
aoULAV 1e6 2 83 - 0.12 3.99 178456
aoD2AG 1e6 2 83 - 0.18 5.65 233184
aoD2SG 1e6 2 83 - 0.18 6.48 243064
dry 1e1 2 137 - 0.03 0.11 25992
aoDLAV 1e1 2 137 - 0.03 0.13 30160
aoULAV 1e1 2 137 - 0.03 0.14 30176
aoD2AG 1e1 2 137 - 0.03 0.14 30316
aoD2SG 1e1 2 137 - 0.02 0.14 30320
moore 1e1 2 137 - 0.02 0.18 30480
nbpm 1e1 2 137 - 0.07 2.14 49816
greedy 1e1 2 137 - 0.03 0.13 30124
dry 350e2 2 41 - 0.03 0.11 29040
aoDLAV 350e2 2 41 - 0.04 0.21 31480
aoULAV 350e2 2 41 - 0.03 0.23 32264
aoD2AG 350e2 2 41 - 0.04 0.25 34848
aoD2SG 350e2 2 41 - 0.02 0.28 35132
dry 32e1 2 1 - 0.02 0.12 26000
aoDLAV 32e1 2 1 - 0.03 0.14 30196
aoULAV 32e1 2 1 - 0.03 0.14 30208
aoD2AG 32e1 2 1 - 0.03 0.14 30376
aoD2SG 32e1 2 1 - 0.03 0.14 30384
moore 32e1 2 1 - 0.04 0.39 33688
nbpm 32e1 2 1 - 0.07 2.36 58304
greedy 32e1 2 1 - 0.04 0.20 40972
dry 56e1 2 65 - 0.02 0.12 26012
aoDLAV 56e1 2 65 - 0.03 0.14 30224
aoULAV 56e1 2 65 - 0.02 0.14 30232
aoD2AG 56e1 2 65 - 0.03 0.14 30416
aoD2SG 56e1 2 65 - 0.03 0.14 30424
moore 56e1 2 65 - 0.03 1.65 39652
nbpm 56e1 2 65 - 0.10 2.94 78704
greedy 56e1 2 65 - 0.03 0.40 64104
dry 1e2 5 63 - 0.02 0.11 26000
aoDLAV 1e2 5 63 - 0.02 0.14 30212
aoULAV 1e2 5 63 - 0.02 0.14 30224
aoD2AG 1e2 5 63 - 0.02 0.15 30384
aoD2SG 1e2 5 63 - 0.03 0.14 30388
moore 1e2 5 63 - 0.04 0.21 30492
nbpm 1e2 5 63 - 0.09 2.12 53016
greedy 1e2 5 63 - 0.04 0.14 30920
dry 1e6 10 162 - 0.08 0.39 112232
aoDLAV 1e6 10 162 - 0.21 359.61 369888
aoULAV 1e6 10 162 - 0.32 366.90 369924
aoD2AG 1e6 10 162 - 0.39 359.87 446512
aoD2SG 1e6 10 162 - 0.41 421.52 455328
dry 1e6 10 215 - 0.08 0.39 112236
aoDLAV 1e6 10 215 - 0.20 367.04 369888
aoULAV 1e6 10 215 - 0.31 364.34 369992
aoD2AG 1e6 10 215 - 0.42 350.62 447572
aoD2SG 1e6 10 215 - 0.39 439.73 457460
dry 325e2 2 121 - 0.02 0.12 27320
aoDLAV 325e2 2 121 - 0.02 0.22 31376
aoULAV 325e2 2 121 - 0.02 0.22 32084
aoD2AG 325e2 2 121 - 0.02 0.25 35004
aoD2SG 325e2 2 121 - 0.04 0.25 34756
dry 300e2 2 240 - 0.03 0.11 27220
aoDLAV 300e2 2 240 - 0.03 0.21 31300
aoULAV 300e2 2 240 - 0.03 0.21 31896
aoD2AG 300e2 2 240 - 0.03 0.24 35064
aoD2SG 300e2 2 240 - 0.04 0.23 34716
dry 5e4 5 69 - 0.03 0.13 31832
aoDLAV 5e4 5 69 - 0.02 0.72 34708
aoULAV 5e4 5 69 - 0.04 0.72 34704
aoD2AG 5e4 5 69 - 0.03 0.77 37724
aoD2SG 5e4 5 69 - 0.03 0.80 37936
dry 400e2 2 87 - 0.02 0.12 27616
aoDLAV 400e2 2 87 - 0.03 0.23 32236
aoULAV 400e2 2 87 - 0.03 0.24 33112
aoD2AG 400e2 2 87 - 0.03 0.27 36072
aoD2SG 400e2 2 87 - 0.03 0.30 35928
dry 1e3 2 128 - 0.03 0.11 26020
aoDLAV 1e3 2 128 - 0.03 0.13 30280
aoULAV 1e3 2 128 - 0.03 0.14 30296
aoD2AG 1e3 2 128 - 0.03 0.14 30544
aoD2SG 1e3 2 128 - 0.03 0.14 30564
moore 1e3 2 128 - 0.04 4.00 59768
nbpm 1e3 2 128 - 0.13 3.99 138556
greedy 1e3 2 128 - 0.08 1.02 139244
dry 1e5 2 171 - 0.02 0.13 31480
aoDLAV 1e5 2 171 - 0.03 0.43 34800
aoULAV 1e5 2 171 - 0.04 0.44 35320
aoD2AG 1e5 2 171 - 0.04 0.56 42600
aoD2SG 1e5 2 171 - 0.04 0.62 43936
dry 1e3 10 250 - 0.02 0.12 26140
aoDLAV 1e3 10 250 - 0.02 0.16 30652
aoULAV 1e3 10 250 - 0.03 0.16 30664
aoD2AG 1e3 10 250 - 0.02 0.16 31056
aoD2SG 1e3 10 250 - 0.02 0.16 31076
moore 1e3 10 250 - 0.05 2.49 59868
nbpm 1e3 10 250 - 0.12 4.78 136140
greedy 1e3 10 250 - 0.08 1.04 139620
dry 1e2 2 5 - 0.02 0.12 25996
aoDLAV 1e2 2 5 - 0.02 0.15 30168
aoULAV 1e2 2 5 - 0.02 0.15 30180
aoD2AG 1e2 2 5 - 0.02 0.15 30328
aoD2SG 1e2 2 5 - 0.02 0.15 30340
moore 1e2 2 5 - 0.03 0.21 30480
nbpm 1e2 2 5 - 0.07 2.14 53000
greedy 1e2 2 5 - 0.02 0.15 30884
dry 1e6 10 70 - 0.08 0.40 112232
aoDLAV 1e6 10 70 - 0.20 498.71 369892
aoULAV 1e6 10 70 - 0.29 366.27 369888
aoD2AG 1e6 10 70 - 0.41 367.27 448744
aoD2SG 1e6 10 70 - 0.41 423.41 458716
dry 5e4 2 125 - 0.02 0.12 31116
aoDLAV 5e4 2 125 - 0.02 0.26 33008
aoULAV 5e4 2 125 - 0.02 0.26 33312
aoD2AG 5e4 2 125 - 0.04 0.30 36408
aoD2SG 5e4 2 125 - 0.04 0.32 36420
dry 1e2 2 19 - 0.02 0.12 25996
aoDLAV 1e2 2 19 - 0.03 0.14 30172
aoULAV 1e2 2 19 - 0.03 0.14 30180
aoD2AG 1e2 2 19 - 0.03 0.13 30340
aoD2SG 1e2 2 19 - 0.03 0.14 30340
moore 1e2 2 19 - 0.03 0.20 30480
nbpm 1e2 2 19 - 0.08 2.05 53000
greedy 1e2 2 19 - 0.03 0.14 30884
dry 375e2 2 236 - 0.03 0.11 28996
aoDLAV 375e2 2 236 - 0.03 0.22 31788
aoULAV 375e2 2 236 - 0.03 0.23 32600
aoD2AG 375e2 2 236 - 0.04 0.27 35516
aoD2SG 375e2 2 236 - 0.02 0.28 35528
dry 56e1 2 33 - 0.02 0.12 26008
aoDLAV 56e1 2 33 - 0.03 0.14 30220
aoULAV 56e1 2 33 - 0.03 0.14 30232
aoD2AG 56e1 2 33 - 0.02 0.15 30416
aoD2SG 56e1 2 33 - 0.02 0.15 30424
moore 56e1 2 33 - 0.04 1.74 39652
nbpm 56e1 2 33 - 0.10 2.98 78704
greedy 56e1 2 33 - 0.05 0.37 64104
dry 225e2 2 12 - 0.02 0.12 28792
aoDLAV 225e2 2 12 - 0.02 0.20 30980
aoULAV 225e2 2 12 - 0.03 0.20 30992
aoD2AG 225e2 2 12 - 0.02 0.22 33368
aoD2SG 225e2 2 12 - 0.03 0.22 33460
dry 1e5 10 206 - 0.04 0.18 38400
aoDLAV 1e5 10 206 - 0.05 23.12 53536
aoULAV 1e5 10 206 - 0.05 23.58 55316
aoD2AG 1e5 10 206 - 0.06 23.48 62628
aoD2SG 1e5 10 206 - 0.06 19.70 66832
dry 1e6 2 8 - 0.04 0.21 49708
aoDLAV 1e6 2 8 - 0.11 4.40 178456
aoULAV 1e6 2 8 - 0.12 4.12 178456
aoD2AG 1e6 2 8 - 0.15 4.92 234640
aoD2SG 1e6 2 8 - 0.20 5.63 240828
dry 1e5 10 237 - 0.05 0.19 38396
aoDLAV 1e5 10 237 - 0.04 18.05 53536
aoULAV 1e5 10 237 - 0.05 18.15 55312
aoD2AG 1e5 10 237 - 0.05 26.88 62664
aoD2SG 1e5 10 237 - 0.04 27.01 66832
dry 1e2 2 83 - 0.02 0.12 25996
aoDLAV 1e2 2 83 - 0.03 0.14 30172
aoULAV 1e2 2 83 - 0.03 0.14 30184
aoD2AG 1e2 2 83 - 0.03 0.14 30332
aoD2SG 1e2 2 83 - 0.03 0.14 30340
moore 1e2 2 83 - 0.03 0.22 30480
nbpm 1e2 2 83 - 0.07 2.19 53000
greedy 1e2 2 83 - 0.02 0.15 30880
dry 300e2 2 213 - 0.03 0.12 27220
aoDLAV 300e2 2 213 - 0.02 0.22 31296
aoULAV 300e2 2 213 - 0.02 0.22 31896
aoD2AG 300e2 2 213 - 0.03 0.25 35060
aoD2SG 300e2 2 213 - 0.03 0.27 34716
dry 5e4 2 24 - 0.03 0.11 28000
aoDLAV 5e4 2 24 - 0.03 0.27 33008
aoULAV 5e4 2 24 - 0.03 0.28 33312
aoD2AG 5e4 2 24 - 0.04 0.34 36412
aoD2SG 5e4 2 24 - 0.03 0.40 36480
dry 1e2 2 244 - 0.02 0.12 25992
aoDLAV 1e2 2 244 - 0.03 0.15 30168
aoULAV 1e2 2 244 - 0.03 0.13 30180
aoD2AG 1e2 2 244 - 0.02 0.15 30336
aoD2SG 1e2 2 244 - 0.02 0.15 30340
moore 1e2 2 244 - 0.02 0.19 30492
nbpm 1e2 2 244 - 0.08 2.18 53008
greedy 1e2 2 244 - 0.03 0.14 30884
dry 32e3 2 72 - 0.03 0.11 27300
aoDLAV 32e3 2 72 - 0.02 0.22 31436
aoULAV 32e3 2 72 - 0.03 0.21 32152
aoD2AG 32e3 2 72 - 0.04 0.24 35020
aoD2SG 32e3 2 72 - 0.03 0.25 34788
dry 18e4 2 190 - 0.03 0.13 33104
aoDLAV 18e4 2 190 - 0.04 0.76 47860
aoULAV 18e4 2 190 - 0.03 0.83 47860
aoD2AG 18e4 2 190 - 0.05 1.07 58644
aoD2SG 18e4 2 190 - 0.04 1.16 59856
dry 1e5 2 73 - 0.03 0.13 32124
aoDLAV 1e5 2 73 - 0.04 0.43 34800
aoULAV 1e5 2 73 - 0.03 0.46 35320
aoD2AG 1e5 2 73 - 0.04 0.57 42604
aoD2SG 1e5 2 73 - 0.04 0.64 43804
dry 275e2 2 25 - 0.02 0.11 29160
aoDLAV 275e2 2 25 - 0.03 0.20 31240
aoULAV 275e2 2 25 - 0.02 0.21 31576
aoD2AG 275e2 2 25 - 0.03 0.22 34696
aoD2SG 275e2 2 25 - 0.03 0.24 34812
dry 225e2 2 73 - 0.02 0.12 26920
aoDLAV 225e2 2 73 - 0.03 0.20 30980
aoULAV 225e2 2 73 - 0.03 0.20 30992
aoD2AG 225e2 2 73 - 0.03 0.21 33368
aoD2SG 225e2 2 73 - 0.03 0.22 33468
dry 32e1 2 145 - 0.01 0.12 26000
aoDLAV 32e1 2 145 - 0.03 0.14 30196
aoULAV 32e1 2 145 - 0.03 0.14 30208
aoD2AG 32e1 2 145 - 0.03 0.14 30376
aoD2SG 32e1 2 145 - 0.03 0.14 30384
moore 32e1 2 145 - 0.03 0.54 33684
nbpm 32e1 2 145 - 0.07 2.38 58308
greedy 32e1 2 145 - 0.03 0.21 40972
dry 5e4 2 169 - 0.02 0.12 28000
aoDLAV 5e4 2 169 - 0.02 0.27 33008
aoULAV 5e4 2 169 - 0.03 0.27 33312
aoD2AG 5e4 2 169 - 0.03 0.33 36416
aoD2SG 5e4 2 169 - 0.03 0.35 36428
dry 275e2 2 174 - 0.02 0.12 29116
aoDLAV 275e2 2 174 - 0.02 0.20 31240
aoULAV 275e2 2 174 - 0.03 0.20 31576
aoD2AG 275e2 2 174 - 0.03 0.23 34692
aoD2SG 275e2 2 174 - 0.03 0.24 34852
dry 1e5 2 59 - 0.02 0.14 31576
aoDLAV 1e5 2 59 - 0.04 0.44 34804
aoULAV 1e5 2 59 - 0.03 0.45 35320
aoD2AG 1e5 2 59 - 0.04 0.56 42596
aoD2SG 1e5 2 59 - 0.03 0.65 43796
dry 32e1 2 30 - 0.02 0.11 26000
aoDLAV 32e1 2 30 - 0.03 0.14 30196
aoULAV 32e1 2 30 - 0.03 0.13 30212
aoD2AG 32e1 2 30 - 0.02 0.14 30376
aoD2SG 32e1 2 30 - 0.02 0.14 30384
moore 32e1 2 30 - 0.02 0.28 33676
nbpm 32e1 2 30 - 0.07 2.39 58304
greedy 32e1 2 30 - 0.03 0.21 40976
dry 18e1 2 222 - 0.02 0.11 26004
aoDLAV 18e1 2 222 - 0.03 0.14 30184
aoULAV 18e1 2 222 - 0.02 0.14 30196
aoD2AG 18e1 2 222 - 0.02 0.15 30356
aoD2SG 18e1 2 222 - 0.02 0.14 30364
moore 18e1 2 222 - 0.03 0.44 30500
nbpm 18e1 2 222 - 0.06 2.21 54444
greedy 18e1 2 222 - 0.03 0.15 33348
dry 1e2 2 200 - 0.02 0.11 25992
aoDLAV 1e2 2 200 - 0.03 0.14 30172
aoULAV 1e2 2 200 - 0.03 0.14 30184
aoD2AG 1e2 2 200 - 0.03 0.14 30340
aoD2SG 1e2 2 200 - 0.03 0.14 30344
moore 1e2 2 200 - 0.03 0.20 30480
nbpm 1e2 2 200 - 0.06 2.20 53004
greedy 1e2 2 200 - 0.02 0.15 30880
dry 1e5 5 4 - 0.03 0.14 34476
aoDLAV 1e5 5 4 - 0.04 1.68 41816
aoULAV 1e5 5 4 - 0.06 1.69 43572
aoD2AG 1e5 5 4 - 0.05 1.83 53564
aoD2SG 1e5 5 4 - 0.07 2.04 53200
dry 56e3 2 163 - 0.02 0.12 31236
aoDLAV 56e3 2 163 - 0.03 0.29 33476
aoULAV 56e3 2 163 - 0.02 0.31 34696
aoD2AG 56e3 2 163 - 0.03 0.37 37288
aoD2SG 56e3 2 163 - 0.03 0.36 37300
dry 1e3 10 157 - 0.01 0.12 26136
aoDLAV 1e3 10 157 - 0.03 0.16 30652
aoULAV 1e3 10 157 - 0.03 0.16 30664
aoD2AG 1e3 10 157 - 0.03 0.15 31072
aoD2SG 1e3 10 157 - 0.03 0.16 31108
moore 1e3 10 157 - 0.09 4.86 59840
nbpm 1e3 10 157 - 0.12 5.01 136140
greedy 1e3 10 157 - 0.06 1.08 139616
dry 5e4 5 154 - 0.03 0.13 30336
aoDLAV 5e4 5 154 - 0.04 0.70 34704
aoULAV 5e4 5 154 - 0.03 0.71 34708
aoD2AG 5e4 5 154 - 0.04 0.77 37732
aoD2SG 5e4 5 154 - 0.04 0.85 37936
dry 250e2 2 153 - 0.03 0.11 27024
aoDLAV 250e2 2 153 - 0.02 0.20 31112
aoULAV 250e2 2 153 - 0.03 0.20 31212
aoD2AG 250e2 2 153 - 0.02 0.22 33860
aoD2SG 250e2 2 153 - 0.04 0.22 33964
dry 5e4 2 91 - 0.02 0.12 29512
aoDLAV 5e4 2 91 - 0.03 0.27 33012
aoULAV 5e4 2 91 - 0.03 0.27 33312
aoD2AG 5e4 2 91 - 0.04 0.34 36412
aoD2SG 5e4 2 91 - 0.03 0.36 36424
dry 1e5 2 37 - 0.03 0.13 31008
aoDLAV 1e5 2 37 - 0.03 0.45 34800
aoULAV 1e5 2 37 - 0.03 0.46 35320
aoD2AG 1e5 2 37 - 0.04 0.57 42600
aoD2SG 1e5 2 37 - 0.04 0.66 43804
dry 56e4 2 24 - 0.03 0.18 41104
aoDLAV 56e4 2 24 - 0.07 2.12 107988
aoULAV 56e4 2 24 - 0.11 2.24 107988
aoD2AG 56e4 2 24 - 0.12 3.22 138812
aoD2SG 56e4 2 24 - 0.12 3.22 144680
dry 5e4 5 244 - 0.02 0.13 31632
aoDLAV 5e4 5 244 - 0.04 0.70 34704
aoULAV 5e4 5 244 - 0.03 0.71 34708
aoD2AG 5e4 5 244 - 0.04 0.79 37732
aoD2SG 5e4 5 244 - 0.04 0.90 37940
dry 1e6 5 167 - 0.05 0.28 73152
aoDLAV 1e6 5 167 - 0.15 20.02 252688
aoULAV 1e6 5 167 - 0.14 17.60 252692
aoD2AG 1e6 5 167 - 0.20 19.60 325024
aoD2SG 1e6 5 167 - 0.22 26.48 333448
dry 1e6 2 14 - 0.04 0.19 49708
aoDLAV 1e6 2 14 - 0.11 3.44 178456
aoULAV 1e6 2 14 - 0.13 3.55 178456
aoD2AG 1e6 2 14 - 0.23 5.96 233488
aoD2SG 1e6 2 14 - 0.25 6.55 243460
dry 1e3 2 187 - 0.02 0.12 26020
aoDLAV 1e3 2 187 - 0.02 0.15 30284
aoULAV 1e3 2 187 - 0.02 0.15 30320
aoD2AG 1e3 2 187 - 0.03 0.14 30540
aoD2SG 1e3 2 187 - 0.02 0.15 30560
moore 1e3 2 187 - 0.09 3.65 59768
nbpm 1e3 2 187 - 0.15 4.05 138556
greedy 1e3 2 187 - 0.09 1.04 139248
dry 1e3 2 81 - 0.03 0.11 26024
aoDLAV 1e3 2 81 - 0.02 0.15 30280
aoULAV 1e3 2 81 - 0.03 0.14 30292
aoD2AG 1e3 2 81 - 0.03 0.14 30548
aoD2SG 1e3 2 81 - 0.02 0.15 30564
moore 1e3 2 81 - 0.03 2.58 59804
nbpm 1e3 2 81 - 0.13 4.25 138560
greedy 1e3 2 81 - 0.09 1.05 139284
dry 400e2 2 163 - 0.02 0.12 27616
aoDLAV 400e2 2 163 - 0.02 0.25 32236
aoULAV 400e2 2 163 - 0.05 0.23 33116
aoD2AG 400e2 2 163 - 0.04 0.27 36068
aoD2SG 400e2 2 163 - 0.03 0.30 35924
dry 56e3 2 193 - 0.03 0.11 28240
aoDLAV 56e3 2 193 - 0.04 0.29 33476
aoULAV 56e3 2 193 - 0.04 0.29 34696
aoD2AG 56e3 2 193 - 0.03 0.34 37284
aoD2SG 56e3 2 193 - 0.04 0.39 37300
dry 18e1 2 207 - 0.03 0.11 26008
aoDLAV 18e1 2 207 - 0.03 0.14 30188
aoULAV 18e1 2 207 - 0.04 0.13 30196
aoD2AG 18e1 2 207 - 0.03 0.14 30360
aoD2SG 18e1 2 207 - 0.02 0.15 30368
moore 18e1 2 207 - 0.03 0.27 30496
nbpm 18e1 2 207 - 0.10 2.18 54444
greedy 18e1 2 207 - 0.04 0.15 33348
dry 1e6 10 109 - 0.08 0.41 112232
aoDLAV 1e6 10 109 - 0.22 384.81 369892
aoULAV 1e6 10 109 - 0.34 379.16 369884
aoD2AG 1e6 10 109 - 0.38 380.96 448388
aoD2SG 1e6 10 109 - 0.42 469.68 459136
dry 5e4 10 54 - 0.03 0.14 33888
aoDLAV 5e4 10 54 - 0.03 8.20 40200
aoULAV 5e4 10 54 - 0.04 8.11 40200
aoD2AG 5e4 10 54 - 0.04 7.96 44980
aoD2SG 5e4 10 54 - 0.04 9.03 44996
dry 400e2 2 60 - 0.03 0.11 27616
aoDLAV 400e2 2 60 - 0.03 0.25 32236
aoULAV 400e2 2 60 - 0.03 0.25 33112
aoD2AG 400e2 2 60 - 0.04 0.28 36076
aoD2SG 400e2 2 60 - 0.03 0.31 35928
dry 1e6 10 133 - 0.07 0.41 112232
aoDLAV 1e6 10 133 - 0.21 436.25 369888
aoULAV 1e6 10 133 - 0.31 340.39 369884
aoD2AG 1e6 10 133 - 0.41 353.70 449184
aoD2SG 1e6 10 133 - 0.40 415.99 456080
