dry 300e2 2 116 - 0.03 0.11 27216
aoDLAV 300e2 2 116 - 0.02 0.22 31320
aoULAV 300e2 2 116 - 0.02 0.23 31896
aoD2AG 300e2 2 116 - 0.03 0.23 35060
aoD2SG 300e2 2 116 - 0.03 0.25 34716
dry 275e2 2 157 - 0.02 0.11 27120
aoDLAV 275e2 2 157 - 0.03 0.20 31244
aoULAV 275e2 2 157 - 0.03 0.20 31568
aoD2AG 275e2 2 157 - 0.02 0.22 34692
aoD2SG 275e2 2 157 - 0.03 0.23 34808
dry 300e2 2 196 - 0.02 0.12 30724
aoDLAV 300e2 2 196 - 0.04 0.19 31300
aoULAV 300e2 2 196 - 0.03 0.22 31892
aoD2AG 300e2 2 196 - 0.03 0.23 35056
aoD2SG 300e2 2 196 - 0.04 0.23 34716
dry 1e6 10 60 - 0.07 0.43 112232
aoDLAV 1e6 10 60 - 0.20 371.27 369884
aoULAV 1e6 10 60 - 0.29 377.98 369892
aoD2AG 1e6 10 60 - 0.38 372.36 448760
aoD2SG 1e6 10 60 - 0.41 465.08 457740
dry 400e2 2 16 - 0.02 0.12 29396
aoDLAV 400e2 2 16 - 0.03 0.25 32236
aoULAV 400e2 2 16 - 0.03 0.25 33116
aoD2AG 400e2 2 16 - 0.03 0.29 36076
aoD2SG 400e2 2 16 - 0.03 0.30 35924
dry 250e2 2 200 - 0.03 0.12 29056
aoDLAV 250e2 2 200 - 0.03 0.21 31112
aoULAV 250e2 2 200 - 0.02 0.22 31216
aoD2AG 250e2 2 200 - 0.03 0.22 33864
aoD2SG 250e2 2 200 - 0.03 0.24 33960
dry 1e6 2 28 - 0.04 0.20 49704
aoDLAV 1e6 2 28 - 0.11 3.84 178456
aoULAV 1e6 2 28 - 0.14 3.98 178456
aoD2AG 1e6 2 28 - 0.17 5.57 234420
aoD2SG 1e6 2 28 - 0.18 6.26 242020
dry 5e4 2 230 - 0.03 0.12 28000
aoDLAV 5e4 2 230 - 0.03 0.29 33008
aoULAV 5e4 2 230 - 0.03 0.30 33312
aoD2AG 5e4 2 230 - 0.04 0.35 36412
aoD2SG 5e4 2 230 - 0.04 0.37 36420
dry 275e2 2 167 - 0.03 0.11 27124
aoDLAV 275e2 2 167 - 0.03 0.20 31240
aoULAV 275e2 2 167 - 0.03 0.21 31572
aoD2AG 275e2 2 167 - 0.03 0.26 34708
aoD2SG 275e2 2 167 - 0.03 0.27 34816
dry 56e1 2 226 - 0.03 0.12 26008
aoDLAV 56e1 2 226 - 0.03 0.15 30220
aoULAV 56e1 2 226 - 0.03 0.14 30232
aoD2AG 56e1 2 226 - 0.03 0.15 30416
aoD2SG 56e1 2 226 - 0.03 0.15 30428
moore 56e1 2 226 - 0.05 1.59 39660
nbpm 56e1 2 226 - 0.13 2.96 78712
greedy 56e1 2 226 - 0.05 0.39 64104
dry 400e2 2 88 - 0.02 0.12 27616
aoDLAV 400e2 2 88 - 0.03 0.24 32236
aoULAV 400e2 2 88 - 0.03 0.25 33112
aoD2AG 400e2 2 88 - 0.04 0.28 36076
aoD2SG 400e2 2 88 - 0.04 0.30 35936
dry 225e2 2 167 - 0.02 0.12 26920
aoDLAV 225e2 2 167 - 0.02 0.21 30980
aoULAV 225e2 2 167 - 0.03 0.21 30992
aoD2AG 225e2 2 167 - 0.04 0.21 33372
aoD2SG 225e2 2 167 - 0.03 0.22 33464
dry 1e6 5 45 - 0.06 0.27 73152
aoDLAV 1e6 5 45 - 0.14 19.54 252688
aoULAV 1e6 5 45 - 0.16 19.96 252688
aoD2AG 1e6 5 45 - 0.24 21.80 324836
aoD2SG 1e6 5 45 - 0.21 25.56 331788
dry 1e5 2 203 - 0.03 0.13 31072
aoDLAV 1e5 2 203 - 0.04 0.44 34800
aoULAV 1e5 2 203 - 0.03 0.46 35320
aoD2AG 1e5 2 203 - 0.04 0.57 42600
aoD2SG 1e5 2 203 - 0.04 0.64 43800
dry 56e1 2 229 - 0.02 0.12 26012
aoDLAV 56e1 2 229 - 0.01 0.16 30268
aoULAV 56e1 2 229 - 0.02 0.15 30232
aoD2AG 56e1 2 229 - 0.03 0.15 30416
aoD2SG 56e1 2 229 - 0.03 0.14 30428
moore 56e1 2 229 - 0.04 2.89 39660
nbpm 56e1 2 229 - 0.12 2.99 78712
greedy 56e1 2 229 - 0.05 0.40 64104
dry 32e1 2 180 - 0.02 0.12 26000
aoDLAV 32e1 2 180 - 0.04 0.14 30196
aoULAV 32e1 2 180 - 0.02 0.15 30208
aoD2AG 32e1 2 180 - 0.03 0.14 30376
aoD2SG 32e1 2 180 - 0.03 0.13 30384
moore 32e1 2 180 - 0.02 0.85 33684
nbpm 32e1 2 180 - 0.08 2.41 58308
greedy 32e1 2 180 - 0.03 0.21 40976
dry 1e5 5 79 - 0.02 0.15 34480
aoDLAV 1e5 5 79 - 0.04 1.61 41816
aoULAV 1e5 5 79 - 0.04 1.64 43572
aoD2AG 1e5 5 79 - 0.04 1.80 53564
aoD2SG 1e5 5 79 - 0.06 1.92 53200
dry 250e2 2 27 - 0.02 0.12 28924
aoDLAV 250e2 2 27 - 0.03 0.21 31108
aoULAV 250e2 2 27 - 0.03 0.20 31212
aoD2AG 250e2 2 27 - 0.03 0.23 33860
aoD2SG 250e2 2 27 - 0.03 0.23 33968
dry 56e4 2 177 - 0.04 0.18 41136
aoDLAV 56e4 2 177 - 0.08 2.06 107984
aoULAV 56e4 2 177 - 0.08 2.14 107984
aoD2AG 56e4 2 177 - 0.12 3.06 138824
aoD2SG 56e4 2 177 - 0.13 3.42 143888
dry 1e3 2 153 - 0.02 0.11 26020
aoDLAV 1e3 2 153 - 0.03 0.14 30324
aoULAV 1e3 2 153 - 0.03 0.14 30296
aoD2AG 1e3 2 153 - 0.02 0.15 30532
aoD2SG 1e3 2 153 - 0.02 0.15 30556
moore 1e3 2 153 - 0.04 5.17 59772
nbpm 1e3 2 153 - 0.14 4.06 138552
greedy 1e3 2 153 - 0.07 1.06 139244
dry 32e4 2 211 - 0.02 0.17 36424
aoDLAV 32e4 2 211 - 0.05 1.22 70832
aoULAV 32e4 2 211 - 0.05 1.30 70840
aoD2AG 32e4 2 211 - 0.07 1.80 89204
aoD2SG 32e4 2 211 - 0.07 1.98 90920
dry 32e1 2 152 - 0.03 0.12 26000
aoDLAV 32e1 2 152 - 0.03 0.14 30196
aoULAV 32e1 2 152 - 0.03 0.15 30212
aoD2AG 32e1 2 152 - 0.02 0.16 30380
aoD2SG 32e1 2 152 - 0.03 0.14 30384
moore 32e1 2 152 - 0.03 0.55 33680
nbpm 32e1 2 152 - 0.08 2.36 58304
greedy 32e1 2 152 - 0.04 0.21 40972
dry 5e4 10 196 - 0.03 0.14 33888
aoDLAV 5e4 10 196 - 0.05 7.99 40200
aoULAV 5e4 10 196 - 0.04 7.96 40204
aoD2AG 5e4 10 196 - 0.05 8.38 44984
aoD2SG 5e4 10 196 - 0.05 8.60 45000
dry 1e6 2 140 - 0.04 0.20 49708
aoDLAV 1e6 2 140 - 0.09 3.72 178456
aoULAV 1e6 2 140 - 0.11 3.88 178456
aoD2AG 1e6 2 140 - 0.19 5.53 234064
aoD2SG 1e6 2 140 - 0.19 7.07 241148
dry 1e2 5 117 - 0.02 0.12 27952
aoDLAV 1e2 5 117 - 0.03 0.14 30216
aoULAV 1e2 5 117 - 0.03 0.15 30224
aoD2AG 1e2 5 117 - 0.02 0.16 30384
aoD2SG 1e2 5 117 - 0.03 0.14 30388
moore 1e2 5 117 - 0.04 0.21 30484
nbpm 1e2 5 117 - 0.07 2.31 53008
greedy 1e2 5 117 - 0.03 0.15 30920
dry 1e5 5 197 - 0.04 0.14 34476
aoDLAV 1e5 5 197 - 0.04 1.69 41820
aoULAV 1e5 5 197 - 0.05 1.63 43568
aoD2AG 1e5 5 197 - 0.04 1.61 53564
aoD2SG 1e5 5 197 - 0.05 2.25 53204
dry 1e5 5 71 - 0.03 0.13 34476
aoDLAV 1e5 5 71 - 0.06 1.48 41820
aoULAV 1e5 5 71 - 0.04 1.81 43568
aoD2AG 1e5 5 71 - 0.05 1.82 53992
aoD2SG 1e5 5 71 - 0.04 2.01 53200
dry 225e2 2 179 - 0.03 0.11 26920
aoDLAV 225e2 2 179 - 0.03 0.19 30980
aoULAV 225e2 2 179 - 0.03 0.19 30992
aoD2AG 225e2 2 179 - 0.02 0.22 33368
aoD2SG 225e2 2 179 - 0.03 0.22 33464
dry 32e1 2 121 - 0.02 0.13 26000
aoDLAV 32e1 2 121 - 0.03 0.14 30196
aoULAV 32e1 2 121 - 0.03 0.14 30208
aoD2AG 32e1 2 121 - 0.03 0.14 30376
aoD2SG 32e1 2 121 - 0.03 0.14 30384
moore 32e1 2 121 - 0.04 0.83 33680
nbpm 32e1 2 121 - 0.08 2.39 58304
greedy 32e1 2 121 - 0.03 0.21 40972
dry 250e2 2 78 - 0.03 0.11 27020
aoDLAV 250e2 2 78 - 0.02 0.20 31112
aoULAV 250e2 2 78 - 0.03 0.20 31212
aoD2AG 250e2 2 78 - 0.03 0.23 33896
aoD2SG 250e2 2 78 - 0.03 0.23 33968
dry 1e5 10 130 - 0.03 0.18 38396
aoDLAV 1e5 10 130 - 0.05 22.35 53536
aoULAV 1e5 10 130 - 0.06 22.45 55312
aoD2AG 1e5 10 130 - 0.06 22.34 62724
aoD2SG 1e5 10 130 - 0.06 26.09 66832
dry 18e4 2 132 - 0.04 0.12 33108
aoDLAV 18e4 2 132 - 0.03 0.71 47860
aoULAV 18e4 2 132 - 0.04 0.70 47864
aoD2AG 18e4 2 132 - 0.06 0.90 58640
aoD2SG 18e4 2 132 - 0.06 1.01 59924
dry 1e6 2 212 - 0.04 0.20 49704
aoDLAV 1e6 2 212 - 0.11 3.75 178456
aoULAV 1e6 2 212 - 0.11 4.00 178456
aoD2AG 1e6 2 212 - 0.17 5.67 234340
aoD2SG 1e6 2 212 - 0.17 7.37 242040
dry 400e2 2 235 - 0.02 0.11 27616
aoDLAV 400e2 2 235 - 0.04 0.22 32236
aoULAV 400e2 2 235 - 0.04 0.23 33112
aoD2AG 400e2 2 235 - 0.03 0.27 36072
aoD2SG 400e2 2 235 - 0.03 0.28 35932
dry 275e2 2 131 - 0.02 0.12 27120
aoDLAV 275e2 2 131 - 0.03 0.20 31244
aoULAV 275e2 2 131 - 0.02 0.22 31576
aoD2AG 275e2 2 131 - 0.03 0.23 34696
aoD2SG 275e2 2 131 - 0.03 0.24 34808
dry 1e2 2 188 - 0.03 0.11 25996
aoDLAV 1e2 2 188 - 0.03 0.14 30172
aoULAV 1e2 2 188 - 0.03 0.14 30180
aoD2AG 1e2 2 188 - 0.03 0.15 30340
aoD2SG 1e2 2 188 - 0.02 0.15 30344
moore 1e2 2 188 - 0.03 0.20 30488
nbpm 1e2 2 188 - 0.09 2.21 53008
greedy 1e2 2 188 - 0.03 0.14 30884
dry 1e5 10 129 - 0.03 0.18 38396
aoDLAV 1e5 10 129 - 0.04 22.41 53540
aoULAV 1e5 10 129 - 0.04 18.85 55308
aoD2AG 1e5 10 129 - 0.05 19.38 63036
aoD2SG 1e5 10 129 - 0.05 22.25 66832
dry 1e3 2 171 - 0.02 0.12 26024
aoDLAV 1e3 2 171 - 0.03 0.14 30280
aoULAV 1e3 2 171 - 0.02 0.14 30292
aoD2AG 1e3 2 171 - 0.02 0.14 30540
aoD2SG 1e3 2 171 - 0.03 0.14 30552
moore 1e3 2 171 - 0.05 4.48 59776
nbpm 1e3 2 171 - 0.13 4.18 138560
greedy 1e3 2 171 - 0.08 1.06 139244
dry 1e5 2 77 - 0.02 0.14 31632
aoDLAV 1e5 2 77 - 0.03 0.43 34800
aoULAV 1e5 2 77 - 0.04 0.43 35320
aoD2AG 1e5 2 77 - 0.04 0.56 42600
aoD2SG 1e5 2 77 - 0.05 0.61 43804
dry 1e3 2 172 - 0.03 0.11 28048
aoDLAV 1e3 2 172 - 0.03 0.15 30280
aoULAV 1e3 2 172 - 0.03 0.14 30296
aoD2AG 1e3 2 172 - 0.03 0.14 30540
aoD2SG 1e3 2 172 - 0.03 0.15 30556
moore 1e3 2 172 - 0.05 1.73 59808
nbpm 1e3 2 172 - 0.12 4.17 138560
greedy 1e3 2 172 - 0.09 1.04 139244
dry 1e5 10 28 - 0.04 0.18 38396
aoDLAV 1e5 10 28 - 0.05 23.00 53536
aoULAV 1e5 10 28 - 0.04 22.73 55312
aoD2AG 1e5 10 28 - 0.06 23.07 62848
aoD2SG 1e5 10 28 - 0.05 26.37 66832
dry 350e2 2 110 - 0.02 0.12 27420
aoDLAV 350e2 2 110 - 0.02 0.23 31484
aoULAV 350e2 2 110 - 0.03 0.23 32260
aoD2AG 350e2 2 110 - 0.03 0.26 34848
aoD2SG 350e2 2 110 - 0.03 0.28 35132
dry 1e2 10 111 - 0.02 0.12 26004
aoDLAV 1e2 10 111 - 0.02 0.15 30264
aoULAV 1e2 10 111 - 0.02 0.15 30272
aoD2AG 1e2 10 111 - 0.04 0.13 30440
aoD2SG 1e2 10 111 - 0.03 0.14 30452
moore 1e2 10 111 - 0.02 0.21 30500
nbpm 1e2 10 111 - 0.09 2.08 53076
greedy 1e2 10 111 - 0.03 0.15 30972
dry 1e6 2 38 - 0.04 0.19 49708
aoDLAV 1e6 2 38 - 0.12 3.33 178460
aoULAV 1e6 2 38 - 0.12 3.51 178456
aoD2AG 1e6 2 38 - 0.16 4.94 233940
aoD2SG 1e6 2 38 - 0.17 5.75 241292
dry 400e2 2 85 - 0.02 0.12 27616
aoDLAV 400e2 2 85 - 0.04 0.22 32236
aoULAV 400e2 2 85 - 0.03 0.23 33116
aoD2AG 400e2 2 85 - 0.02 0.28 36072
aoD2SG 400e2 2 85 - 0.05 0.27 35928
dry 1e2 10 25 - 0.02 0.12 26004
aoDLAV 1e2 10 25 - 0.03 0.14 30260
aoULAV 1e2 10 25 - 0.03 0.14 30276
aoD2AG 1e2 10 25 - 0.03 0.14 30440
aoD2SG 1e2 10 25 - 0.03 0.14 30448
moore 1e2 10 25 - 0.03 0.21 30496
nbpm 1e2 10 25 - 0.08 2.10 53076
greedy 1e2 10 25 - 0.03 0.15 31004
dry 350e2 2 221 - 0.03 0.12 27416
aoDLAV 350e2 2 221 - 0.03 0.23 31480
aoULAV 350e2 2 221 - 0.03 0.24 32260
aoD2AG 350e2 2 221 - 0.04 0.26 34848
aoD2SG 350e2 2 221 - 0.04 0.27 35136
dry 1e5 2 86 - 0.03 0.13 31496
aoDLAV 1e5 2 86 - 0.04 0.45 34800
aoULAV 1e5 2 86 - 0.03 0.47 35320
aoD2AG 1e5 2 86 - 0.04 0.59 42600
aoD2SG 1e5 2 86 - 0.05 0.65 44068
dry 1e3 5 225 - 0.03 0.12 26056
aoDLAV 1e3 5 225 - 0.02 0.15 30428
aoULAV 1e3 5 225 - 0.02 0.15 30436
aoD2AG 1e3 5 225 - 0.02 0.15 30744
aoD2SG 1e3 5 225 - 0.03 0.15 30768
moore 1e3 5 225 - 0.04 3.63 59804
nbpm 1e3 5 225 - 0.13 4.39 129244
greedy 1e3 5 225 - 0.09 0.96 139392
dry 225e2 2 140 - 0.02 0.12 26920
aoDLAV 225e2 2 140 - 0.03 0.20 30980
aoULAV 225e2 2 140 - 0.03 0.20 30996
aoD2AG 225e2 2 140 - 0.03 0.22 33368
aoD2SG 225e2 2 140 - 0.03 0.23 33464
dry 18e4 2 148 - 0.02 0.14 33104
aoDLAV 18e4 2 148 - 0.04 0.81 47860
aoULAV 18e4 2 148 - 0.04 0.83 47860
aoD2AG 18e4 2 148 - 0.06 1.06 58644
aoD2SG 18e4 2 148 - 0.06 1.16 60424
dry 5e4 5 16 - 0.03 0.14 31036
aoDLAV 5e4 5 16 - 0.04 1.00 34704
aoULAV 5e4 5 16 - 0.05 0.82 34704
aoD2AG 5e4 5 16 - 0.04 0.86 37724
aoD2SG 5e4 5 16 - 0.03 0.92 37936
dry 1e5 10 231 - 0.03 0.19 38400
aoDLAV 1e5 10 231 - 0.05 32.68 53536
aoULAV 1e5 10 231 - 0.06 19.12 55308
aoD2AG 1e5 10 231 - 0.06 23.79 63044
aoD2SG 1e5 10 231 - 0.06 26.19 66836
dry 56e4 2 229 - 0.04 0.18 41108
aoDLAV 56e4 2 229 - 0.08 2.15 107984
aoULAV 56e4 2 229 - 0.09 2.21 107988
aoD2AG 56e4 2 229 - 0.12 3.15 140980
aoD2SG 56e4 2 229 - 0.12 3.57 143772
dry 32e3 2 82 - 0.02 0.13 29008
aoDLAV 32e3 2 82 - 0.03 0.23 31436
aoULAV 32e3 2 82 - 0.03 0.23 32144
aoD2AG 32e3 2 82 - 0.04 0.25 35024
aoD2SG 32e3 2 82 - 0.04 0.26 34788
dry 375e2 2 134 - 0.02 0.12 29440
aoDLAV 375e2 2 134 - 0.03 0.23 31788
aoULAV 375e2 2 134 - 0.03 0.25 32604
aoD2AG 375e2 2 134 - 0.03 0.28 35520
aoD2SG 375e2 2 134 - 0.02 0.29 35528
dry 32e3 2 199 - 0.03 0.11 27300
aoDLAV 32e3 2 199 - 0.04 0.22 31436
aoULAV 32e3 2 199 - 0.04 0.22 32148
aoD2AG 32e3 2 199 - 0.03 0.26 35024
aoD2SG 32e3 2 199 - 0.03 0.27 34788
dry 5e4 2 97 - 0.02 0.13 29356
aoDLAV 5e4 2 97 - 0.03 0.27 33008
aoULAV 5e4 2 97 - 0.03 0.28 33316
aoD2AG 5e4 2 97 - 0.03 0.35 36412
aoD2SG 5e4 2 97 - 0.04 0.37 36424
dry 1e3 2 179 - 0.03 0.12 26020
aoDLAV 1e3 2 179 - 0.03 0.14 30280
aoULAV 1e3 2 179 - 0.03 0.14 30292
aoD2AG 1e3 2 179 - 0.03 0.14 30544
aoD2SG 1e3 2 179 - 0.03 0.15 30580
moore 1e3 2 179 - 0.04 4.73 59768
nbpm 1e3 2 179 - 0.14 4.13 138552
greedy 1e3 2 179 - 0.08 1.05 139244
dry 250e2 2 54 - 0.02 0.12 27020
aoDLAV 250e2 2 54 - 0.03 0.19 31144
aoULAV 250e2 2 54 - 0.02 0.20 31212
aoD2AG 250e2 2 54 - 0.03 0.22 33860
aoD2SG 250e2 2 54 - 0.02 0.23 33960
dry 1e5 2 133 - 0.03 0.13 31752
aoDLAV 1e5 2 133 - 0.03 0.42 34800
aoULAV 1e5 2 133 - 0.03 0.42 35320
aoD2AG 1e5 2 133 - 0.04 0.53 42784
aoD2SG 1e5 2 133 - 0.04 0.66 43800
dry 1e3 5 36 - 0.02 0.12 26060
aoDLAV 1e3 5 36 - 0.02 0.15 30424
aoULAV 1e3 5 36 - 0.04 0.14 30468
aoD2AG 1e3 5 36 - 0.03 0.15 30756
aoD2SG 1e3 5 36 - 0.03 0.14 30772
moore 1e3 5 36 - 0.04 3.94 59800
nbpm 1e3 5 36 - 0.12 4.42 129244
greedy 1e3 5 36 - 0.08 0.97 139392
dry 1e3 10 218 - 0.03 0.11 26136
aoDLAV 1e3 10 218 - 0.03 0.15 30652
aoULAV 1e3 10 218 - 0.02 0.17 30664
aoD2AG 1e3 10 218 - 0.03 0.17 31056
aoD2SG 1e3 10 218 - 0.02 0.17 31096
moore 1e3 10 218 - 0.05 4.76 59840
nbpm 1e3 10 218 - 0.13 4.87 136144
greedy 1e3 10 218 - 0.09 1.06 139616
dry 1e6 2 231 - 0.05 0.20 49704
aoDLAV 1e6 2 231 - 0.11 3.89 178456
aoULAV 1e6 2 231 - 0.12 3.83 178460
aoD2AG 1e6 2 231 - 0.18 5.82 233380
aoD2SG 1e6 2 231 - 0.20 6.56 241244
dry 5e4 5 205 - 0.04 0.13 30688
aoDLAV 5e4 5 205 - 0.03 0.78 34704
aoULAV 5e4 5 205 - 0.04 0.79 34704
aoD2AG 5e4 5 205 - 0.03 0.84 37728
aoD2SG 5e4 5 205 - 0.04 0.92 37936
dry 1e3 5 87 - 0.03 0.11 26056
aoDLAV 1e3 5 87 - 0.03 0.15 30424
aoULAV 1e3 5 87 - 0.03 0.14 30440
aoD2AG 1e3 5 87 - 0.03 0.15 30744
aoD2SG 1e3 5 87 - 0.03 0.16 30768
moore 1e3 5 87 - 0.05 3.76 59804
nbpm 1e3 5 87 - 0.14 4.59 129244
greedy 1e3 5 87 - 0.08 1.07 139388
dry 1e2 5 116 - 0.02 0.12 25996
aoDLAV 1e2 5 116 - 0.03 0.14 30212
aoULAV 1e2 5 116 - 0.03 0.15 30224
aoD2AG 1e2 5 116 - 0.03 0.14 30384
aoD2SG 1e2 5 116 - 0.03 0.14 30388
moore 1e2 5 116 - 0.03 0.20 30492
nbpm 1e2 5 116 - 0.08 2.19 53016
greedy 1e2 5 116 - 0.03 0.15 30924
dry 56e4 2 247 - 0.03 0.19 41104
aoDLAV 56e4 2 247 - 0.07 2.13 107984
aoULAV 56e4 2 247 - 0.09 2.05 107984
aoD2AG 56e4 2 247 - 0.12 2.93 141348
aoD2SG 56e4 2 247 - 0.10 3.62 144856
dry 1e6 10 219 - 0.08 0.40 112232
aoDLAV 1e6 10 219 - 0.21 360.27 369884
aoULAV 1e6 10 219 - 0.31 365.34 369888
aoD2AG 1e6 10 219 - 0.70 422.99 447352
aoD2SG 1e6 10 219 - 0.42 420.12 456584
dry 1e6 2 206 - 0.04 0.20 49704
aoDLAV 1e6 2 206 - 0.10 3.57 178456
aoULAV 1e6 2 206 - 0.12 3.66 178456
aoD2AG 1e6 2 206 - 0.19 5.18 234208
aoD2SG 1e6 2 206 - 0.22 6.50 243268
dry 325e2 2 44 - 0.02 0.12 27316
aoDLAV 325e2 2 44 - 0.03 0.23 31372
aoULAV 325e2 2 44 - 0.02 0.22 32084
aoD2AG 325e2 2 44 - 0.04 0.26 35000
aoD2SG 325e2 2 44 - 0.04 0.26 34764
dry 1e6 10 39 - 0.07 0.40 112232
aoDLAV 1e6 10 39 - 0.22 382.93 369884
aoULAV 1e6 10 39 - 0.29 384.95 369924
aoD2AG 1e6 10 39 - 0.39 384.08 448132
aoD2SG 1e6 10 39 - 0.43 448.76 456460
dry 1e3 2 226 - 0.02 0.12 26020
aoDLAV 1e3 2 226 - 0.03 0.14 30280
aoULAV 1e3 2 226 - 0.03 0.14 30292
aoD2AG 1e3 2 226 - 0.03 0.14 30536
aoD2SG 1e3 2 226 - 0.03 0.14 30548
moore 1e3 2 226 - 0.05 3.90 59780
nbpm 1e3 2 226 - 0.14 4.01 138560
greedy 1e3 2 226 - 0.08 1.00 139244
dry 275e2 2 46 - 0.02 0.12 27952
aoDLAV 275e2 2 46 - 0.03 0.20 31240
aoULAV 275e2 2 46 - 0.03 0.20 31568
aoD2AG 275e2 2 46 - 0.02 0.23 34696
aoD2SG 275e2 2 46 - 0.03 0.24 34812
dry 1e5 2 110 - 0.02 0.13 31388
aoDLAV 1e5 2 110 - 0.03 0.43 34800
aoULAV 1e5 2 110 - 0.04 0.44 35320
aoD2AG 1e5 2 110 - 0.04 0.58 42600
aoD2SG 1e5 2 110 - 0.04 0.64 43800
dry 375e2 2 122 - 0.03 0.11 27952
aoDLAV 375e2 2 122 - 0.03 0.23 31788
aoULAV 375e2 2 122 - 0.02 0.24 32600
aoD2AG 375e2 2 122 - 0.03 0.28 35516
aoD2SG 375e2 2 122 - 0.04 0.28 35528
dry 375e2 2 164 - 0.02 0.12 29480
aoDLAV 375e2 2 164 - 0.02 0.24 31784
aoULAV 375e2 2 164 - 0.03 0.24 32604
aoD2AG 375e2 2 164 - 0.03 0.28 35520
aoD2SG 375e2 2 164 - 0.04 0.28 35528
dry 1e3 2 15 - 0.02 0.12 26020
aoDLAV 1e3 2 15 - 0.02 0.15 30284
aoULAV 1e3 2 15 - 0.03 0.14 30296
aoD2AG 1e3 2 15 - 0.02 0.15 30536
aoD2SG 1e3 2 15 - 0.03 0.14 30572
moore 1e3 2 15 - 0.04 2.47 59808
nbpm 1e3 2 15 - 0.13 4.01 138556
greedy 1e3 2 15 - 0.07 1.04 139276
dry 1e6 5 59 - 0.05 0.28 73152
aoDLAV 1e6 5 59 - 0.15 19.01 252688
aoULAV 1e6 5 59 - 0.30 19.45 252692
aoD2AG 1e6 5 59 - 0.21 28.90 323240
aoD2SG 1e6 5 59 - 0.25 25.57 333100
dry 18e4 2 131 - 0.03 0.13 33104
aoDLAV 18e4 2 131 - 0.03 0.76 47860
aoULAV 18e4 2 131 - 0.05 0.80 47860
aoD2AG 18e4 2 131 - 0.05 1.01 58688
aoD2SG 18e4 2 131 - 0.06 1.08 59948
dry 375e2 2 135 - 0.02 0.12 27516
aoDLAV 375e2 2 135 - 0.03 0.23 31788
aoULAV 375e2 2 135 - 0.03 0.24 32604
aoD2AG 375e2 2 135 - 0.02 0.28 35516
aoD2SG 375e2 2 135 - 0.03 0.29 35524
dry 18e4 2 19 - 0.03 0.14 33104
aoDLAV 18e4 2 19 - 0.04 0.75 47860
aoULAV 18e4 2 19 - 0.06 0.73 47864
aoD2AG 18e4 2 19 - 0.06 0.94 58644
aoD2SG 18e4 2 19 - 0.05 1.05 60168
dry 1e3 5 146 - 0.02 0.11 26060
aoDLAV 1e3 5 146 - 0.02 0.16 30424
aoULAV 1e3 5 146 - 0.03 0.15 30436
aoD2AG 1e3 5 146 - 0.02 0.15 30756
aoD2SG 1e3 5 146 - 0.02 0.16 30772
moore 1e3 5 146 - 0.04 6.21 59804
nbpm 1e3 5 146 - 0.12 4.27 129264
greedy 1e3 5 146 - 0.07 1.10 139388
dry 1e3 10 221 - 0.02 0.12 26136
aoDLAV 1e3 10 221 - 0.02 0.17 30652
aoULAV 1e3 10 221 - 0.03 0.16 30664
aoD2AG 1e3 10 221 - 0.03 0.16 31072
aoD2SG 1e3 10 221 - 0.02 0.17 31092
moore 1e3 10 221 - 0.04 4.35 59844
nbpm 1e3 10 221 - 0.11 5.14 136136
greedy 1e3 10 221 - 0.09 1.08 139616
dry 5e4 2 165 - 0.02 0.12 29740
aoDLAV 5e4 2 165 - 0.04 0.27 33008
aoULAV 5e4 2 165 - 0.03 0.28 33312
aoD2AG 5e4 2 165 - 0.03 0.35 36412
aoD2SG 5e4 2 165 - 0.04 0.36 36424
dry 1e3 10 187 - 0.03 0.11 26136
aoDLAV 1e3 10 187 - 0.04 0.15 30652
aoULAV 1e3 10 187 - 0.02 0.17 30664
aoD2AG 1e3 10 187 - 0.03 0.16 31076
aoD2SG 1e3 10 187 - 0.02 0.17 31088
moore 1e3 10 187 - 0.05 2.79 59872
nbpm 1e3 10 187 - 0.13 4.79 136144
greedy 1e3 10 187 - 0.09 1.05 139616
dry 1e6 5 200 - 0.05 0.27 73152
aoDLAV 1e6 5 200 - 0.14 19.55 252688
aoULAV 1e6 5 200 - 0.15 19.73 252692
aoD2AG 1e6 5 200 - 0.20 20.22 324300
aoD2SG 1e6 5 200 - 0.20 24.94 332336
dry 225e2 2 14 - 0.01 0.12 30576
aoDLAV 225e2 2 14 - 0.02 0.19 30980
aoULAV 225e2 2 14 - 0.03 0.20 30992
aoD2AG 225e2 2 14 - 0.02 0.21 33388
aoD2SG 225e2 2 14 - 0.03 0.22 33468
dry 1e6 2 82 - 0.06 0.18 49708
aoDLAV 1e6 2 82 - 0.11 3.76 178456
aoULAV 1e6 2 82 - 0.12 3.86 178456
aoD2AG 1e6 2 82 - 0.17 5.73 232976
aoD2SG 1e6 2 82 - 0.19 6.43 241324
dry 32e1 2 74 - 0.02 0.12 26004
aoDLAV 32e1 2 74 - 0.03 0.14 30196
aoULAV 32e1 2 74 - 0.03 0.14 30208
aoD2AG 32e1 2 74 - 0.04 0.13 30376
aoD2SG 32e1 2 74 - 0.03 0.15 30384
moore 32e1 2 74 - 0.03 0.59 33676
nbpm 32e1 2 74 - 0.08 2.35 58300
greedy 32e1 2 74 - 0.03 0.21 40976
dry 1e6 10 74 - 0.08 0.39 112232
aoDLAV 1e6 10 74 - 0.22 377.56 369884
aoULAV 1e6 10 74 - 0.32 374.40 369888
aoD2AG 1e6 10 74 - 0.40 367.14 446776
aoD2SG 1e6 10 74 - 0.40 404.19 457304
