dry 8e7 2 43 - 0.72 2.30 1592676
aoDLAV 8e7 2 43 - 6.08 475.43 11893324
aoULAV 8e7 2 43 - 8.25 504.48 11893324
aoD2AG 8e7 2 43 - 15.06 735.60 17487132
aoD2SG 8e7 2 43 - 15.88 848.79 18127004
dry 175e2 2 30 - 0.02 0.12 26732
aoDLAV 175e2 2 30 - 0.02 0.19 30716
aoULAV 175e2 2 30 - 0.03 0.18 30720
aoD2AG 175e2 2 30 - 0.03 0.20 31756
aoD2SG 175e2 2 30 - 0.02 0.21 31760
moore 175e2 2 30 - 2.89 4173.50 9014032
nbpm 175e2 2 30 - 21.09 1877.50 22863144
greedy 175e2 2 30 - 16.44 914.18 33516976
dry 150e2 2 228 - 0.02 0.12 26628
aoDLAV 150e2 2 228 - 0.03 0.17 30824
aoULAV 150e2 2 228 - 0.03 0.17 30824
aoD2AG 150e2 2 228 - 0.03 0.18 31608
aoD2SG 150e2 2 228 - 0.02 0.19 31608
moore 150e2 2 228 - 2.19 2803.53 6629352
nbpm 150e2 2 228 - 14.63 1152.02 16814172
greedy 150e2 2 228 - 13.29 638.82 24630028
dry 125e2 2 232 - 0.03 0.12 26532
aoDLAV 125e2 2 232 - 0.03 0.17 30708
aoULAV 125e2 2 232 - 0.03 0.17 30712
aoD2AG 125e2 2 232 - 0.03 0.18 31376
aoD2SG 125e2 2 232 - 0.02 0.20 31380
moore 125e2 2 232 - 1.60 1729.90 4611548
nbpm 125e2 2 232 - 11.22 921.23 12302376
greedy 125e2 2 232 - 9.66 448.03 17109964
dry 150e2 2 243 - 0.03 0.11 26632
aoDLAV 150e2 2 243 - 0.03 0.19 30824
aoULAV 150e2 2 243 - 0.03 0.18 30824
aoD2AG 150e2 2 243 - 0.03 0.19 31608
aoD2SG 150e2 2 243 - 0.03 0.20 31612
moore 150e2 2 243 - 2.24 3155.40 6629356
nbpm 150e2 2 243 - 14.58 2052.65 16814172
greedy 150e2 2 243 - 13.63 659.26 24630064
dry 125e2 2 144 - 0.03 0.11 26532
aoDLAV 125e2 2 144 - 0.04 0.17 30708
aoULAV 125e2 2 144 - 0.03 0.16 30712
aoD2AG 125e2 2 144 - 0.03 0.18 31376
aoD2SG 125e2 2 144 - 0.03 0.19 31376
moore 125e2 2 144 - 1.54 2051.70 4611540
nbpm 125e2 2 144 - 11.64 716.85 12302320
greedy 125e2 2 144 - 9.43 463.88 17110020
dry 8e7 2 94 - 0.85 2.49 1592676
aoDLAV 8e7 2 94 - 6.67 474.23 11893324
aoULAV 8e7 2 94 - 8.01 475.87 11893324
aoD2AG 8e7 2 94 - 14.35 699.23 17488816
aoD2SG 8e7 2 94 - 15.63 835.25 18127564
dry 1e8 5 163 - 2.22 6.31 4327052
aoDLAV 1e8 5 163 - 11.32 2643.85 23065204
aoULAV 1e8 5 163 - 16.56 2666.37 23065204
aoD2AG 1e8 5 163 - 26.13 2998.30 30454396
aoD2SG 1e8 5 163 - 28.64 3899.72 31311440
dry 1e8 2 90 - 1.19 3.06 1983296
aoDLAV 1e8 2 90 - 8.49 624.02 14862068
aoULAV 1e8 2 90 - 10.64 643.38 14862068
aoD2AG 1e8 2 90 - 18.59 916.74 21852196
aoD2SG 1e8 2 90 - 19.51 1073.25 22649816
dry 2e4 2 164 - 0.02 0.12 30532
aoDLAV 2e4 2 164 - 0.02 0.19 30812
aoULAV 2e4 2 164 - 0.03 0.19 30808
aoD2AG 2e4 2 164 - 0.03 0.20 32288
aoD2SG 2e4 2 164 - 0.03 0.22 32292
moore 2e4 2 164 - 3.41 6968.91 11765544
nbpm 2e4 2 164 - 29.02 2666.17 31402188
greedy 2e4 2 164 - 24.97 1242.49 43771044
dry 2e4 10 195 - 0.03 0.12 29948
aoDLAV 2e4 10 195 - 0.04 1.88 34836
aoULAV 2e4 10 195 - 0.04 1.83 34852
aoD2AG 2e4 10 195 - 0.04 1.90 36076
aoD2SG 2e4 10 195 - 0.04 2.16 36076
moore 2e4 10 195 - 3.40 7253.81 11770836
nbpm 2e4 10 195 - 28.85 5389.92 30880040
greedy 2e4 10 195 - 22.80 1280.84 43775824
dry 2e4 10 132 - 0.03 0.12 31400
aoDLAV 2e4 10 132 - 0.03 1.86 34836
aoULAV 2e4 10 132 - 0.03 1.74 34852
aoD2AG 2e4 10 132 - 0.05 1.83 36076
aoD2SG 2e4 10 132 - 0.05 2.02 36076
moore 2e4 10 132 - 3.43 7633.29 11770840
nbpm 2e4 10 132 - 28.64 5636.97 30880032
greedy 2e4 10 132 - 24.56 1277.86 43775820
dry 9e7 2 53 - 0.89 2.71 1787984
aoDLAV 9e7 2 53 - 6.91 502.96 13377688
aoULAV 9e7 2 53 - 9.66 535.10 13377688
aoD2AG 9e7 2 53 - 16.17 786.60 19670336
aoD2SG 9e7 2 53 - 17.45 952.31 20390200
dry 2e4 5 37 - 0.02 0.12 29800
aoDLAV 2e4 5 37 - 0.03 0.30 32756
aoULAV 2e4 5 37 - 0.03 0.29 32768
aoD2AG 2e4 5 37 - 0.04 0.31 33344
aoD2SG 2e4 5 37 - 0.04 0.39 32864
moore 2e4 5 37 - 3.55 8223.48 11768080
nbpm 2e4 5 37 - 28.65 5117.92 34200496
greedy 2e4 5 37 - 22.69 1281.61 43774004
dry 2e4 5 83 - 0.03 0.12 29260
aoDLAV 2e4 5 83 - 0.03 0.29 32756
aoULAV 2e4 5 83 - 0.03 0.30 32772
aoD2AG 2e4 5 83 - 0.03 0.32 33340
aoD2SG 2e4 5 83 - 0.03 0.35 32860
moore 2e4 5 83 - 3.58 7477.82 11768128
nbpm 2e4 5 83 - 29.09 5093.92 34200496
greedy 2e4 5 83 - 25.30 1327.01 43774004
dry 125e2 2 22 - 0.02 0.12 26532
aoDLAV 125e2 2 22 - 0.03 0.17 30768
aoULAV 125e2 2 22 - 0.04 0.16 30708
aoD2AG 125e2 2 22 - 0.03 0.18 31376
aoD2SG 125e2 2 22 - 0.03 0.19 31376
moore 125e2 2 22 - 1.63 1922.11 4611540
nbpm 125e2 2 22 - 11.34 681.87 12302320
greedy 125e2 2 22 - 9.62 460.99 17109968
dry 2e4 5 174 - 0.03 0.12 27776
aoDLAV 2e4 5 174 - 0.04 0.29 32756
aoULAV 2e4 5 174 - 0.04 0.29 32768
aoD2AG 2e4 5 174 - 0.04 0.33 33344
aoD2SG 2e4 5 174 - 0.03 0.37 32860
moore 2e4 5 174 - 3.50 7024.46 11768080
nbpm 2e4 5 174 - 29.07 4733.13 34200496
greedy 2e4 5 174 - 25.10 1295.45 43774004
dry 2e4 2 143 - 0.02 0.12 26828
aoDLAV 2e4 2 143 - 0.03 0.19 30808
aoULAV 2e4 2 143 - 0.04 0.19 30812
aoD2AG 2e4 2 143 - 0.04 0.20 32284
aoD2SG 2e4 2 143 - 0.03 0.22 32292
moore 2e4 2 143 - 3.46 6298.37 11765552
nbpm 2e4 2 143 - 29.94 2636.75 31402188
greedy 2e4 2 143 - 24.92 1233.51 43771040
dry 8e7 2 163 - 0.88 2.43 1592680
aoDLAV 8e7 2 163 - 6.82 462.38 11893324
aoULAV 8e7 2 163 - 8.36 498.59 11893324
aoD2AG 8e7 2 163 - 15.33 721.31 17486876
aoD2SG 8e7 2 163 - 15.71 815.89 18124840
dry 9e7 2 162 - 0.99 2.75 1787988
aoDLAV 9e7 2 162 - 7.36 517.60 13377688
aoULAV 9e7 2 162 - 9.36 552.91 13377684
aoD2AG 9e7 2 162 - 16.97 783.66 19673376
aoD2SG 9e7 2 162 - 18.40 931.65 20392280
dry 9e7 2 137 - 1.06 2.71 1787984
aoDLAV 9e7 2 137 - 7.70 523.14 13377684
aoULAV 9e7 2 137 - 9.54 547.51 13377684
aoD2AG 9e7 2 137 - 16.59 769.82 19672516
aoD2SG 9e7 2 137 - 18.12 927.16 20389736
dry 150e2 2 137 - 0.02 0.12 26628
aoDLAV 150e2 2 137 - 0.03 0.18 30824
aoULAV 150e2 2 137 - 0.03 0.18 30828
aoD2AG 150e2 2 137 - 0.03 0.19 31612
aoD2SG 150e2 2 137 - 0.03 0.19 31612
moore 150e2 2 137 - 2.09 2788.86 6629392
nbpm 150e2 2 137 - 14.51 1126.18 16814168
greedy 150e2 2 137 - 13.32 632.18 24630024
dry 150e2 2 196 - 0.02 0.12 28388
aoDLAV 150e2 2 196 - 0.02 0.18 30824
aoULAV 150e2 2 196 - 0.03 0.18 30876
aoD2AG 150e2 2 196 - 0.02 0.20 31612
aoD2SG 150e2 2 196 - 0.03 0.19 31608
moore 150e2 2 196 - 2.09 2989.68 6629344
nbpm 150e2 2 196 - 15.05 1143.40 16814168
greedy 150e2 2 196 - 13.43 654.23 24630024
dry 9e7 2 13 - 1.00 2.73 1787984
aoDLAV 9e7 2 13 - 7.63 519.57 13377684
aoULAV 9e7 2 13 - 9.53 571.29 13377684
aoD2AG 9e7 2 13 - 16.99 816.62 19672380
aoD2SG 9e7 2 13 - 18.24 925.73 20390484
dry 1e8 5 107 - 2.26 6.22 4327052
aoDLAV 1e8 5 107 - 11.32 2536.96 23065204
aoULAV 1e8 5 107 - 16.89 2971.06 23065204
aoD2AG 1e8 5 107 - 25.61 3091.12 30456308
aoD2SG 1e8 5 107 - 26.87 3485.76 31311272
dry 175e2 2 161 - 0.02 0.12 26736
aoDLAV 175e2 2 161 - 0.03 0.18 30716
aoULAV 175e2 2 161 - 0.03 0.18 30720
aoD2AG 175e2 2 161 - 0.03 0.20 31756
aoD2SG 175e2 2 161 - 0.03 0.20 31760
moore 175e2 2 161 - 2.67 4608.65 9014032
nbpm 175e2 2 161 - 21.42 1988.88 22863144
greedy 175e2 2 161 - 18.75 988.65 33516980
dry 2e4 10 235 - 0.03 0.12 30652
aoDLAV 2e4 10 235 - 0.02 1.83 34836
aoULAV 2e4 10 235 - 0.04 1.89 34848
aoD2AG 2e4 10 235 - 0.05 1.81 36076
aoD2SG 2e4 10 235 - 0.04 1.99 36076
moore 2e4 10 235 - 3.47 7983.71 11770832
nbpm 2e4 10 235 - 28.61 5279.02 30880036
greedy 2e4 10 235 - 24.67 1298.38 43775820
dry 2e4 10 168 - 0.03 0.12 31064
aoDLAV 2e4 10 168 - 0.04 1.71 34836
aoULAV 2e4 10 168 - 0.04 1.66 34848
aoD2AG 2e4 10 168 - 0.03 1.73 36076
aoD2SG 2e4 10 168 - 0.04 1.95 36080
moore 2e4 10 168 - 3.40 6829.86 11770832
nbpm 2e4 10 168 - 28.74 6574.49 30880040
greedy 2e4 10 168 - 24.84 1405.82 43775820
dry 1e8 2 30 - 1.09 3.03 1983296
aoDLAV 1e8 2 30 - 8.23 612.89 14862072
aoULAV 1e8 2 30 - 10.52 634.45 14862068
aoD2AG 1e8 2 30 - 18.83 894.30 21853000
aoD2SG 1e8 2 30 - 19.59 1077.16 22650684
dry 2e4 5 61 - 0.02 0.12 27780
aoDLAV 2e4 5 61 - 0.03 0.28 32756
aoULAV 2e4 5 61 - 0.04 0.27 32768
aoD2AG 2e4 5 61 - 0.03 0.31 33340
aoD2SG 2e4 5 61 - 0.03 0.33 32860
moore 2e4 5 61 - 3.53 6523.26 11768080
nbpm 2e4 5 61 - 28.63 4714.02 34200496
greedy 2e4 5 61 - 24.41 1255.89 43774000
dry 2e4 2 173 - 0.02 0.12 26828
aoDLAV 2e4 2 173 - 0.05 0.17 30808
aoULAV 2e4 2 173 - 0.03 0.19 30808
aoD2AG 2e4 2 173 - 0.03 0.20 32284
aoD2SG 2e4 2 173 - 0.03 0.21 32292
moore 2e4 2 173 - 3.47 6411.47 11765544
nbpm 2e4 2 173 - 29.03 2627.51 31402188
greedy 2e4 2 173 - 25.35 1256.48 43771040
dry 175e2 2 97 - 0.03 0.11 26732
aoDLAV 175e2 2 97 - 0.03 0.19 30716
aoULAV 175e2 2 97 - 0.03 0.19 30716
aoD2AG 175e2 2 97 - 0.04 0.19 31752
aoD2SG 175e2 2 97 - 0.04 0.20 31760
moore 175e2 2 97 - 2.99 4780.83 9014028
nbpm 175e2 2 97 - 21.66 1915.71 22863144
greedy 175e2 2 97 - 19.36 943.66 33516976
dry 2e4 5 46 - 0.03 0.11 31016
aoDLAV 2e4 5 46 - 0.03 0.28 32756
aoULAV 2e4 5 46 - 0.02 0.29 32768
aoD2AG 2e4 5 46 - 0.03 0.32 33344
aoD2SG 2e4 5 46 - 0.03 0.34 32860
moore 2e4 5 46 - 3.32 6398.00 11768084
nbpm 2e4 5 46 - 29.44 4954.38 34200496
greedy 2e4 5 46 - 24.51 1268.02 43774004
dry 2e4 5 235 - 0.02 0.12 27780
aoDLAV 2e4 5 235 - 0.03 0.29 32756
aoULAV 2e4 5 235 - 0.04 0.27 32768
aoD2AG 2e4 5 235 - 0.03 0.31 33340
aoD2SG 2e4 5 235 - 0.03 0.34 32864
