dry 25e2 2 235 - 0.02 0.10 26084
aoDLAV 25e2 2 235 - 0.02 0.13 30452
aoULAV 25e2 2 235 - 0.02 0.14 30464
aoD2AG 25e2 2 235 - 0.03 0.13 30988
aoD2SG 25e2 2 235 - 0.03 0.13 31028
moore 25e2 2 235 - 0.11 26.99 213612
nbpm 25e2 2 235 - 0.50 12.88 541636
greedy 25e2 2 235 - 0.50 6.19 713664
dry 56e2 2 92 - 0.02 0.11 26236
aoDLAV 56e2 2 92 - 0.03 0.15 30976
aoULAV 56e2 2 92 - 0.03 0.14 30992
aoD2AG 56e2 2 92 - 0.03 0.17 32000
aoD2SG 56e2 2 92 - 0.03 0.16 31128
moore 56e2 2 92 - 0.50 201.45 952716
nbpm 56e2 2 92 - 2.27 76.00 2388084
greedy 56e2 2 92 - 1.83 80.11 3460488
dry 7e7 2 218 - 0.79 2.23 1397356
aoDLAV 7e7 2 218 - 5.70 457.47 10408936
aoULAV 7e7 2 218 - 7.52 600.19 10408940
aoD2AG 7e7 2 218 - 13.21 648.30 15304172
aoD2SG 7e7 2 218 - 14.59 762.21 15863052
dry 7e7 2 44 - 0.83 2.18 1397356
aoDLAV 7e7 2 44 - 6.19 419.36 10408936
aoULAV 7e7 2 44 - 7.73 454.38 10408936
aoD2AG 7e7 2 44 - 14.15 650.02 15305504
aoD2SG 7e7 2 44 - 15.05 965.04 15860344
dry 1e4 5 58 - 0.03 0.12 26900
aoDLAV 1e4 5 58 - 0.03 0.22 31088
aoULAV 1e4 5 58 - 0.03 0.22 31096
aoD2AG 1e4 5 58 - 0.03 0.24 32108
aoD2SG 1e4 5 58 - 0.03 0.24 32108
moore 1e4 5 58 - 1.15 1177.06 2961732
nbpm 1e4 5 58 - 7.22 641.09 7811452
greedy 1e4 5 58 - 7.03 292.90 10959172
dry 32e2 2 231 - 0.03 0.11 28096
aoDLAV 32e2 2 231 - 0.03 0.15 30540
aoULAV 32e2 2 231 - 0.03 0.15 30548
aoD2AG 32e2 2 231 - 0.03 0.15 31204
aoD2SG 32e2 2 231 - 0.03 0.15 31268
moore 32e2 2 231 - 0.30 65.69 330512
nbpm 32e2 2 231 - 0.94 20.14 854752
greedy 32e2 2 231 - 0.80 21.51 1150164
dry 56e6 2 192 - 0.64 1.81 1123924
aoDLAV 56e6 2 192 - 4.87 423.67 8330816
aoULAV 56e6 2 192 - 6.10 362.57 8330816
aoD2AG 56e6 2 192 - 10.86 501.46 12246892
aoD2SG 56e6 2 192 - 11.55 592.56 12693896
dry 50e2 2 86 - 0.03 0.11 26208
aoDLAV 50e2 2 86 - 0.03 0.15 30852
aoULAV 50e2 2 86 - 0.02 0.15 30864
aoD2AG 50e2 2 86 - 0.02 0.16 31776
aoD2SG 50e2 2 86 - 0.03 0.17 31876
moore 50e2 2 86 - 0.52 164.21 764628
nbpm 50e2 2 86 - 1.92 55.09 2011924
greedy 50e2 2 86 - 1.76 63.20 2764784
dry 56e2 2 157 - 0.03 0.12 26236
aoDLAV 56e2 2 157 - 0.03 0.15 30980
aoULAV 56e2 2 157 - 0.03 0.16 30988
aoD2AG 56e2 2 157 - 0.02 0.19 31980
aoD2SG 56e2 2 157 - 0.03 0.18 31124
moore 56e2 2 157 - 0.57 202.18 952724
nbpm 56e2 2 157 - 2.52 75.01 2388092
greedy 56e2 2 157 - 1.93 77.07 3460488
dry 50e2 2 78 - 0.02 0.12 26204
aoDLAV 50e2 2 78 - 0.02 0.16 30848
aoULAV 50e2 2 78 - 0.03 0.14 30860
aoD2AG 50e2 2 78 - 0.02 0.16 31784
aoD2SG 50e2 2 78 - 0.02 0.18 31872
moore 50e2 2 78 - 0.43 157.31 764632
nbpm 50e2 2 78 - 1.99 58.97 2011924
greedy 50e2 2 78 - 1.63 60.62 2764780
dry 25e2 2 132 - 0.02 0.12 26084
aoDLAV 25e2 2 132 - 0.03 0.14 30452
aoULAV 25e2 2 132 - 0.03 0.14 30464
aoD2AG 25e2 2 132 - 0.03 0.15 30988
aoD2SG 25e2 2 132 - 0.03 0.15 31044
moore 25e2 2 132 - 0.10 61.93 213608
nbpm 25e2 2 132 - 0.59 12.66 541648
greedy 25e2 2 132 - 0.45 9.97 713664
dry 75e2 2 19 - 0.02 0.12 26328
aoDLAV 75e2 2 19 - 0.03 0.15 31376
aoULAV 75e2 2 19 - 0.02 0.16 31388
aoD2AG 75e2 2 19 - 0.03 0.18 31384
aoD2SG 75e2 2 19 - 0.03 0.18 31384
moore 75e2 2 19 - 0.82 407.84 1688788
nbpm 75e2 2 19 - 4.16 196.03 4242124
greedy 75e2 2 19 - 3.77 153.94 6183096
dry 1e4 10 32 - 0.03 0.12 27688
aoDLAV 1e4 10 32 - 0.03 0.76 32764
aoULAV 1e4 10 32 - 0.03 0.75 32776
aoD2AG 1e4 10 32 - 0.04 0.73 32744
aoD2SG 1e4 10 32 - 0.04 0.85 34176
moore 1e4 10 32 - 1.22 1149.72 2963856
nbpm 1e4 10 32 - 7.54 729.60 7764396
greedy 1e4 10 32 - 6.48 268.63 10961108
dry 4e7 2 172 - 0.46 1.33 811424
aoDLAV 4e7 2 172 - 3.43 228.22 5955824
aoULAV 4e7 2 172 - 4.18 237.80 5955816
aoD2AG 4e7 2 172 - 7.81 341.64 8753748
aoD2SG 4e7 2 172 - 8.21 403.40 9073800
dry 56e2 2 139 - 0.03 0.12 26240
aoDLAV 56e2 2 139 - 0.02 0.16 30976
aoULAV 56e2 2 139 - 0.04 0.15 30992
aoD2AG 56e2 2 139 - 0.03 0.17 31964
aoD2SG 56e2 2 139 - 0.03 0.17 31128
moore 56e2 2 139 - 0.71 218.85 952716
nbpm 56e2 2 139 - 2.36 79.64 2388080
greedy 56e2 2 139 - 2.19 77.88 3460488
dry 18e2 2 42 - 0.03 0.12 26048
aoDLAV 18e2 2 42 - 0.04 0.14 30376
aoULAV 18e2 2 42 - 0.03 0.15 30388
aoD2AG 18e2 2 42 - 0.03 0.15 30800
aoD2SG 18e2 2 42 - 0.03 0.15 30832
moore 18e2 2 42 - 0.07 16.48 125408
nbpm 18e2 2 42 - 0.22 7.53 334576
greedy 18e2 2 42 - 0.21 4.52 384352
dry 6e7 2 91 - 0.75 1.95 1202044
aoDLAV 6e7 2 91 - 5.10 357.52 8924560
aoULAV 6e7 2 91 - 6.62 396.29 8924560
aoD2AG 6e7 2 91 - 12.36 582.28 13120500
aoD2SG 6e7 2 91 - 12.36 647.24 13597952
dry 6e7 2 248 - 0.67 1.94 1202044
aoDLAV 6e7 2 248 - 4.86 356.67 8924564
aoULAV 6e7 2 248 - 6.63 390.09 8924564
aoD2AG 6e7 2 248 - 12.05 546.61 13120624
aoD2SG 6e7 2 248 - 12.58 649.59 13600432
dry 32e6 2 231 - 0.35 1.12 655180
aoDLAV 32e6 2 231 - 2.89 184.24 4768328
aoULAV 32e6 2 231 - 3.81 196.37 4768324
aoD2AG 32e6 2 231 - 6.61 278.26 7008808
aoD2SG 32e6 2 231 - 6.81 315.12 7263956
dry 7e7 2 139 - 0.79 2.19 1397356
aoDLAV 7e7 2 139 - 5.92 418.52 10408936
aoULAV 7e7 2 139 - 7.57 442.81 10408940
aoD2AG 7e7 2 139 - 13.68 642.53 15304388
aoD2SG 7e7 2 139 - 14.61 777.55 15861128
dry 18e6 2 226 - 0.23 0.70 381736
aoDLAV 18e6 2 226 - 1.61 95.82 2690192
aoULAV 18e6 2 226 - 1.55 104.53 2690196
aoD2AG 18e6 2 226 - 3.14 148.02 3949444
aoD2SG 18e6 2 226 - 3.86 169.41 4095012
dry 56e6 2 111 - 0.64 1.82 1123924
aoDLAV 56e6 2 111 - 4.74 322.95 8330816
aoULAV 56e6 2 111 - 6.01 345.07 8330816
aoD2AG 56e6 2 111 - 10.31 492.78 12245920
aoD2SG 56e6 2 111 - 11.71 594.70 12693908
dry 32e2 2 64 - 0.02 0.12 26112
aoDLAV 32e2 2 64 - 0.03 0.15 30544
aoULAV 32e2 2 64 - 0.03 0.15 30548
aoD2AG 32e2 2 64 - 0.04 0.15 31200
aoD2SG 32e2 2 64 - 0.03 0.16 31256
moore 32e2 2 64 - 0.38 68.68 330524
nbpm 32e2 2 64 - 0.96 19.76 854784
greedy 32e2 2 64 - 0.72 22.19 1150164
dry 6e7 2 2 - 0.66 1.93 1202044
aoDLAV 6e7 2 2 - 5.41 388.61 8924560
aoULAV 6e7 2 2 - 6.79 404.89 8924560
aoD2AG 6e7 2 2 - 11.48 536.75 13118528
aoD2SG 6e7 2 2 - 12.75 653.29 13599016
dry 2e7 2 205 - 0.25 0.76 420796
aoDLAV 2e7 2 205 - 1.85 144.66 2987068
aoULAV 2e7 2 205 - 1.74 108.77 2987068
aoD2AG 2e7 2 205 - 4.11 164.32 4386912
aoD2SG 2e7 2 205 - 3.74 188.84 4547200
dry 25e2 2 103 - 0.03 0.12 26084
aoDLAV 25e2 2 103 - 0.03 0.16 30452
aoULAV 25e2 2 103 - 0.04 0.15 30464
aoD2AG 25e2 2 103 - 0.03 0.16 30996
aoD2SG 25e2 2 103 - 0.04 0.15 31036
moore 25e2 2 103 - 0.10 24.58 213604
nbpm 25e2 2 103 - 0.55 13.19 541644
greedy 25e2 2 103 - 0.42 11.33 713668
dry 1e4 2 90 - 0.02 0.13 26432
aoDLAV 1e4 2 90 - 0.03 0.19 31864
aoULAV 1e4 2 90 - 0.04 0.17 31876
aoD2AG 1e4 2 90 - 0.03 0.20 31876
aoD2SG 1e4 2 90 - 0.04 0.19 31988
moore 1e4 2 90 - 1.19 1041.70 2960580
nbpm 1e4 2 90 - 7.77 372.34 7889424
greedy 1e4 2 90 - 6.89 266.90 10968572
dry 75e2 2 196 - 0.03 0.12 26328
aoDLAV 75e2 2 196 - 0.02 0.16 31376
aoULAV 75e2 2 196 - 0.03 0.16 31388
aoD2AG 75e2 2 196 - 0.03 0.17 31380
aoD2SG 75e2 2 196 - 0.03 0.18 31380
moore 75e2 2 196 - 0.82 417.20 1688796
nbpm 75e2 2 196 - 4.22 160.40 4242136
greedy 75e2 2 196 - 4.18 162.50 6183088
dry 1e4 10 78 - 0.02 0.13 29528
aoDLAV 1e4 10 78 - 0.04 0.86 32764
aoULAV 1e4 10 78 - 0.03 0.74 32776
aoD2AG 1e4 10 78 - 0.04 0.74 32744
aoD2SG 1e4 10 78 - 0.03 0.90 34176
moore 1e4 10 78 - 1.24 909.21 2963856
nbpm 1e4 10 78 - 7.56 755.83 7764384
greedy 1e4 10 78 - 6.61 277.50 10961108
dry 18e2 2 29 - 0.03 0.12 26048
aoDLAV 18e2 2 29 - 0.02 0.16 30376
aoULAV 18e2 2 29 - 0.02 0.16 30388
aoD2AG 18e2 2 29 - 0.03 0.15 30788
aoD2SG 18e2 2 29 - 0.03 0.16 30824
moore 18e2 2 29 - 0.07 13.39 125408
nbpm 18e2 2 29 - 0.19 7.76 334532
greedy 18e2 2 29 - 0.23 4.71 384352
dry 5e7 2 199 - 0.59 1.63 1006736
aoDLAV 5e7 2 199 - 4.47 381.35 7440192
aoULAV 5e7 2 199 - 5.12 307.58 7440192
aoD2AG 5e7 2 199 - 9.55 438.94 10938416
aoD2SG 5e7 2 199 - 10.27 523.88 11337824
dry 18e6 2 123 - 0.22 0.71 381736
aoDLAV 18e6 2 123 - 1.53 101.18 2690196
aoULAV 18e6 2 123 - 1.95 104.61 2690192
aoD2AG 18e6 2 123 - 3.28 143.75 3949228
aoD2SG 18e6 2 123 - 3.70 165.46 4094588
dry 2e7 2 91 - 0.25 0.74 420796
aoDLAV 2e7 2 91 - 1.66 105.13 2987068
aoULAV 2e7 2 91 - 2.24 111.75 2987068
aoD2AG 2e7 2 91 - 3.52 152.70 4387668
aoD2SG 2e7 2 91 - 3.67 179.00 4546920
dry 1e4 10 195 - 0.02 0.12 27692
aoDLAV 1e4 10 195 - 0.02 0.67 32764
aoULAV 1e4 10 195 - 0.02 0.68 32776
aoD2AG 1e4 10 195 - 0.03 0.70 32748
aoD2SG 1e4 10 195 - 0.03 0.77 34176
moore 1e4 10 195 - 1.18 1167.91 2963856
nbpm 1e4 10 195 - 7.57 860.12 7764384
greedy 1e4 10 195 - 6.45 263.59 10961108
dry 56e6 2 62 - 0.65 1.78 1123924
aoDLAV 56e6 2 62 - 4.59 334.74 8330816
aoULAV 56e6 2 62 - 5.94 361.86 8330816
aoD2AG 56e6 2 62 - 11.09 516.43 12248912
aoD2SG 56e6 2 62 - 11.67 592.93 12695504
dry 5e7 2 2 - 0.56 1.64 1006736
aoDLAV 5e7 2 2 - 4.06 294.89 7440192
aoULAV 5e7 2 2 - 5.39 318.28 7440192
aoD2AG 5e7 2 2 - 10.01 454.07 10938920
aoD2SG 5e7 2 2 - 10.46 525.12 11336300
dry 5e7 2 54 - 0.61 1.62 1006736
aoDLAV 5e7 2 54 - 4.28 293.05 7440192
aoULAV 5e7 2 54 - 5.53 311.77 7440192
aoD2AG 5e7 2 54 - 9.87 457.74 10937772
aoD2SG 5e7 2 54 - 10.40 535.53 11334752
dry 18e6 2 222 - 0.22 0.68 381736
aoDLAV 18e6 2 222 - 1.49 96.14 2690192
aoULAV 18e6 2 222 - 1.65 104.42 2690192
aoD2AG 18e6 2 222 - 3.51 147.66 3949036
aoD2SG 18e6 2 222 - 3.41 168.31 4093272
dry 18e6 2 157 - 0.23 0.69 381740
aoDLAV 18e6 2 157 - 1.61 97.12 2690192
aoULAV 18e6 2 157 - 1.52 99.14 2690192
aoD2AG 18e6 2 157 - 3.02 141.77 3950932
aoD2SG 18e6 2 157 - 3.76 160.84 4090680
dry 1e4 10 229 - 0.03 0.13 29332
aoDLAV 1e4 10 229 - 0.04 0.75 32764
aoULAV 1e4 10 229 - 0.03 0.73 32776
aoD2AG 1e4 10 229 - 0.03 0.74 32744
aoD2SG 1e4 10 229 - 0.03 0.77 34176
moore 1e4 10 229 - 1.16 1151.18 2963852
nbpm 1e4 10 229 - 7.50 716.99 7764384
greedy 1e4 10 229 - 7.36 306.28 10961108
dry 6e7 2 117 - 0.63 1.91 1202044
aoDLAV 6e7 2 117 - 4.86 353.26 8924560
aoULAV 6e7 2 117 - 6.44 383.31 8924560
aoD2AG 6e7 2 117 - 12.24 683.36 13119992
aoD2SG 6e7 2 117 - 12.79 644.58 13596692
dry 1e4 5 63 - 0.03 0.11 26900
aoDLAV 1e4 5 63 - 0.03 0.21 31084
aoULAV 1e4 5 63 - 0.05 0.21 31100
aoD2AG 1e4 5 63 - 0.04 0.23 32108
aoD2SG 1e4 5 63 - 0.03 0.23 32112
moore 1e4 5 63 - 1.14 1060.83 2961736
nbpm 1e4 5 63 - 7.29 656.39 7811564
greedy 1e4 5 63 - 6.10 292.43 10959172
dry 1e4 10 194 - 0.04 0.11 27952
aoDLAV 1e4 10 194 - 0.03 0.70 32764
aoULAV 1e4 10 194 - 0.04 0.72 32776
aoD2AG 1e4 10 194 - 0.04 0.78 32744
aoD2SG 1e4 10 194 - 0.03 0.80 34180
moore 1e4 10 194 - 1.21 1025.94 2963856
nbpm 1e4 10 194 - 7.55 766.69 7764384
greedy 1e4 10 194 - 6.20 275.64 10961108
dry 32e2 2 7 - 0.02 0.12 26112
aoDLAV 32e2 2 7 - 0.03 0.15 30540
aoULAV 32e2 2 7 - 0.03 0.15 30548
aoD2AG 32e2 2 7 - 0.03 0.16 31208
aoD2SG 32e2 2 7 - 0.03 0.15 31256
moore 32e2 2 7 - 0.35 76.04 330516
nbpm 32e2 2 7 - 1.05 21.84 854752
greedy 32e2 2 7 - 0.69 21.48 1150164
dry 32e6 2 15 - 0.38 1.12 655180
aoDLAV 32e6 2 15 - 2.70 185.93 4768324
aoULAV 32e6 2 15 - 3.58 193.93 4768324
aoD2AG 32e6 2 15 - 5.83 271.54 7006300
aoD2SG 32e6 2 15 - 6.77 320.16 7262280
dry 75e2 2 223 - 0.02 0.12 26328
aoDLAV 75e2 2 223 - 0.04 0.15 31376
aoULAV 75e2 2 223 - 0.03 0.15 31392
aoD2AG 75e2 2 223 - 0.03 0.17 31380
aoD2SG 75e2 2 223 - 0.03 0.17 31380
moore 75e2 2 223 - 1.10 467.71 1688764
nbpm 75e2 2 223 - 4.27 163.39 4242132
greedy 75e2 2 223 - 3.70 144.64 6183088
dry 75e2 2 186 - 0.03 0.12 28368
aoDLAV 75e2 2 186 - 0.03 0.16 31380
aoULAV 75e2 2 186 - 0.03 0.15 31388
aoD2AG 75e2 2 186 - 0.03 0.17 31384
aoD2SG 75e2 2 186 - 0.03 0.18 31380
moore 75e2 2 186 - 0.66 345.94 1683880
nbpm 75e2 2 186 - 4.20 164.17 4242132
greedy 75e2 2 186 - 3.73 147.95 6183092
dry 1e4 5 59 - 0.03 0.12 27952
aoDLAV 1e4 5 59 - 0.04 0.22 31084
aoULAV 1e4 5 59 - 0.03 0.24 31096
aoD2AG 1e4 5 59 - 0.04 0.24 32108
aoD2SG 1e4 5 59 - 0.03 0.25 32108
moore 1e4 5 59 - 1.27 1000.72 2961736
nbpm 1e4 5 59 - 7.47 622.86 7811460
greedy 1e4 5 59 - 7.15 320.77 10959172
dry 56e6 2 224 - 0.59 1.85 1123924
aoDLAV 56e6 2 224 - 4.80 333.19 8330820
aoULAV 56e6 2 224 - 6.29 357.88 8330816
aoD2AG 56e6 2 224 - 10.76 501.12 12249252
aoD2SG 56e6 2 224 - 11.54 600.76 12692884
dry 6e7 2 105 - 0.62 1.89 1202044
aoDLAV 6e7 2 105 - 5.04 425.91 8924560
aoULAV 6e7 2 105 - 6.62 379.32 8924560
aoD2AG 6e7 2 105 - 11.02 537.64 13122272
aoD2SG 6e7 2 105 - 12.55 631.66 13599196
dry 1e4 2 111 - 0.03 0.12 26436
aoDLAV 1e4 2 111 - 0.03 0.17 31864
aoULAV 1e4 2 111 - 0.02 0.18 31880
aoD2AG 1e4 2 111 - 0.04 0.18 31880
aoD2SG 1e4 2 111 - 0.03 0.20 31988
moore 1e4 2 111 - 1.15 1141.65 2960572
nbpm 1e4 2 111 - 7.63 371.19 7889420
greedy 1e4 2 111 - 6.46 250.00 10968572
