dry 7e7 2 128 - 0.68 1.99 1397360
aoDLAV 7e7 2 128 - 5.30 434.22 10408988
aoULAV 7e7 2 128 - 7.41 466.18 10408936
aoD2AG 7e7 2 128 - 13.30 696.14 15303364
aoD2SG 7e7 2 128 - 14.16 757.96 15864260
dry 25e2 2 203 - 0.02 0.13 26084
aoDLAV 25e2 2 203 - 0.03 0.16 30452
aoULAV 25e2 2 203 - 0.03 0.16 30464
aoD2AG 25e2 2 203 - 0.03 0.16 30992
aoD2SG 25e2 2 203 - 0.04 0.15 31048
moore 25e2 2 203 - 0.10 15.43 213624
nbpm 25e2 2 203 - 0.62 13.47 541636
greedy 25e2 2 203 - 0.41 10.95 713664
dry 18e6 2 23 - 0.23 0.71 381736
aoDLAV 18e6 2 23 - 1.54 97.01 2690196
aoULAV 18e6 2 23 - 1.56 102.68 2690248
aoD2AG 18e6 2 23 - 3.50 147.40 3949976
aoD2SG 18e6 2 23 - 3.39 170.31 4094956
dry 18e2 2 1 - 0.02 0.13 26048
aoDLAV 18e2 2 1 - 0.03 0.14 30372
aoULAV 18e2 2 1 - 0.02 0.14 30384
aoD2AG 18e2 2 1 - 0.03 0.14 30796
aoD2SG 18e2 2 1 - 0.03 0.14 30824
moore 18e2 2 1 - 0.06 9.38 125436
nbpm 18e2 2 1 - 0.23 7.56 334604
greedy 18e2 2 1 - 0.25 4.77 384352
dry 56e2 2 11 - 0.02 0.13 26240
aoDLAV 56e2 2 11 - 0.03 0.15 30980
aoULAV 56e2 2 11 - 0.03 0.15 30988
aoD2AG 56e2 2 11 - 0.02 0.18 31984
aoD2SG 56e2 2 11 - 0.03 0.18 31120
moore 56e2 2 11 - 1.10 306.38 952716
nbpm 56e2 2 11 - 2.38 73.94 2388080
greedy 56e2 2 11 - 2.26 87.10 3460492
dry 5e7 2 217 - 0.65 1.67 1006736
aoDLAV 5e7 2 217 - 4.16 298.36 7440196
aoULAV 5e7 2 217 - 5.83 322.99 7440192
aoD2AG 5e7 2 217 - 9.82 439.03 10937584
aoD2SG 5e7 2 217 - 10.53 668.62 11335912
dry 1e4 5 22 - 0.03 0.11 26900
aoDLAV 1e4 5 22 - 0.03 0.21 31084
aoULAV 1e4 5 22 - 0.02 0.22 31100
aoD2AG 1e4 5 22 - 0.03 0.22 32112
aoD2SG 1e4 5 22 - 0.04 0.22 32108
moore 1e4 5 22 - 1.09 1001.65 2961736
nbpm 1e4 5 22 - 7.47 609.54 7811452
greedy 1e4 5 22 - 6.48 297.92 10959176
dry 2e7 2 117 - 0.28 0.73 420796
aoDLAV 2e7 2 117 - 1.75 107.46 2987072
aoULAV 2e7 2 117 - 1.65 115.59 2987072
aoD2AG 2e7 2 117 - 3.79 157.29 4387384
aoD2SG 2e7 2 117 - 3.91 190.89 4545124
dry 18e6 2 15 - 0.23 0.71 381736
aoDLAV 18e6 2 15 - 1.51 107.28 2690192
aoULAV 18e6 2 15 - 1.55 102.57 2690192
aoD2AG 18e6 2 15 - 3.70 141.75 3950448
aoD2SG 18e6 2 15 - 3.56 166.03 4093804
dry 7e7 2 187 - 0.81 2.18 1397360
aoDLAV 7e7 2 187 - 5.87 538.12 10408936
aoULAV 7e7 2 187 - 8.05 468.74 10408940
aoD2AG 7e7 2 187 - 14.48 665.27 15305368
aoD2SG 7e7 2 187 - 15.12 777.59 15863668
dry 3e7 2 143 - 0.36 1.05 616104
aoDLAV 3e7 2 143 - 2.54 167.41 4471428
aoULAV 3e7 2 143 - 3.35 181.10 4471428
aoD2AG 3e7 2 143 - 5.37 284.54 6571216
aoD2SG 3e7 2 143 - 6.20 296.88 6811392
dry 32e2 2 119 - 0.03 0.13 26112
aoDLAV 32e2 2 119 - 0.02 0.16 30540
aoULAV 32e2 2 119 - 0.03 0.15 30552
aoD2AG 32e2 2 119 - 0.03 0.15 31204
aoD2SG 32e2 2 119 - 0.02 0.16 31260
moore 32e2 2 119 - 0.45 95.80 330512
nbpm 32e2 2 119 - 0.97 19.70 854752
greedy 32e2 2 119 - 0.70 22.92 1150168
dry 5e7 2 203 - 0.61 1.62 1006736
aoDLAV 5e7 2 203 - 4.36 282.21 7440192
aoULAV 5e7 2 203 - 5.78 368.73 7440196
aoD2AG 5e7 2 203 - 10.25 459.66 10937904
aoD2SG 5e7 2 203 - 11.07 519.14 11336504
dry 3e7 2 12 - 0.41 1.05 616108
aoDLAV 3e7 2 12 - 2.64 173.05 4471428
aoULAV 3e7 2 12 - 3.28 180.93 4471428
aoD2AG 3e7 2 12 - 5.68 251.51 6569308
aoD2SG 3e7 2 12 - 5.83 301.63 6810416
dry 56e6 2 40 - 1.33 1.79 1123924
aoDLAV 56e6 2 40 - 5.57 343.44 8330816
aoULAV 56e6 2 40 - 6.16 365.87 8330816
aoD2AG 56e6 2 40 - 11.13 501.62 12245760
aoD2SG 56e6 2 40 - 11.57 590.63 12693836
dry 75e2 2 12 - 0.03 0.11 26328
aoDLAV 75e2 2 12 - 0.03 0.15 31408
aoULAV 75e2 2 12 - 0.02 0.16 31388
aoD2AG 75e2 2 12 - 0.03 0.17 31380
aoD2SG 75e2 2 12 - 0.03 0.17 31380
moore 75e2 2 12 - 1.38 506.28 1688784
nbpm 75e2 2 12 - 4.22 166.39 4242124
greedy 75e2 2 12 - 3.55 157.15 6183092
dry 25e2 2 53 - 0.03 0.12 26080
aoDLAV 25e2 2 53 - 0.03 0.15 30472
aoULAV 25e2 2 53 - 0.03 0.15 30464
aoD2AG 25e2 2 53 - 0.03 0.16 30988
aoD2SG 25e2 2 53 - 0.04 0.16 31036
moore 25e2 2 53 - 0.09 17.90 213632
nbpm 25e2 2 53 - 0.56 12.67 541648
greedy 25e2 2 53 - 0.44 10.34 713664
dry 5e7 2 142 - 0.55 1.65 1006740
aoDLAV 5e7 2 142 - 4.21 298.24 7440192
aoULAV 5e7 2 142 - 5.34 311.38 7440196
aoD2AG 5e7 2 142 - 9.91 574.58 10939900
aoD2SG 5e7 2 142 - 10.53 518.45 11338704
dry 5e7 2 208 - 1.07 1.61 1006736
aoDLAV 5e7 2 208 - 4.04 304.31 7440192
aoULAV 5e7 2 208 - 5.26 307.95 7440196
aoD2AG 5e7 2 208 - 9.50 440.90 10936752
aoD2SG 5e7 2 208 - 10.31 512.41 11335908
dry 56e6 2 144 - 0.63 1.77 1123924
aoDLAV 56e6 2 144 - 4.54 419.35 8330820
aoULAV 56e6 2 144 - 6.27 359.75 8330816
aoD2AG 56e6 2 144 - 10.87 509.72 12249024
aoD2SG 56e6 2 144 - 11.84 598.97 12695304
dry 3e7 2 10 - 0.36 1.04 616104
aoDLAV 3e7 2 10 - 2.55 165.96 4471432
aoULAV 3e7 2 10 - 3.44 173.36 4471432
aoD2AG 3e7 2 10 - 5.93 266.99 6572664
aoD2SG 3e7 2 10 - 5.92 291.08 6808700
dry 5e7 2 173 - 0.58 1.61 1006740
aoDLAV 5e7 2 173 - 4.28 298.77 7440196
aoULAV 5e7 2 173 - 5.52 311.20 7440192
aoD2AG 5e7 2 173 - 10.25 440.99 10938292
aoD2SG 5e7 2 173 - 10.64 506.88 11337420
dry 56e2 2 84 - 0.02 0.12 26240
aoDLAV 56e2 2 84 - 0.04 0.14 30976
aoULAV 56e2 2 84 - 0.02 0.16 30988
aoD2AG 56e2 2 84 - 0.03 0.17 31980
aoD2SG 56e2 2 84 - 0.03 0.17 31128
moore 56e2 2 84 - 0.58 197.77 952720
nbpm 56e2 2 84 - 2.45 73.78 2388080
greedy 56e2 2 84 - 2.11 80.78 3460488
dry 50e2 2 76 - 0.02 0.13 26204
aoDLAV 50e2 2 76 - 0.04 0.15 30848
aoULAV 50e2 2 76 - 0.03 0.16 30860
aoD2AG 50e2 2 76 - 0.03 0.17 31792
aoD2SG 50e2 2 76 - 0.04 0.18 31884
moore 50e2 2 76 - 0.41 137.34 764620
nbpm 50e2 2 76 - 2.02 51.72 2011916
greedy 50e2 2 76 - 1.66 59.74 2764780
dry 32e6 2 147 - 0.35 1.09 655180
aoDLAV 32e6 2 147 - 2.62 174.41 4768328
aoULAV 32e6 2 147 - 2.99 194.54 4768328
aoD2AG 32e6 2 147 - 6.31 293.91 7007552
aoD2SG 32e6 2 147 - 6.62 314.27 7262832
dry 1e4 2 237 - 0.02 0.12 26432
aoDLAV 1e4 2 237 - 0.03 0.17 31868
aoULAV 1e4 2 237 - 0.03 0.17 31876
aoD2AG 1e4 2 237 - 0.03 0.18 31880
aoD2SG 1e4 2 237 - 0.03 0.18 31988
moore 1e4 2 237 - 1.21 837.01 2960572
nbpm 1e4 2 237 - 7.65 377.01 7889420
greedy 1e4 2 237 - 6.44 267.63 10968572
dry 50e2 2 206 - 0.03 0.13 26204
aoDLAV 50e2 2 206 - 0.04 0.15 30848
aoULAV 50e2 2 206 - 0.03 0.15 30860
aoD2AG 50e2 2 206 - 0.02 0.16 31760
aoD2SG 50e2 2 206 - 0.03 0.16 31864
moore 50e2 2 206 - 0.36 109.88 762980
nbpm 50e2 2 206 - 2.06 58.36 2011924
greedy 50e2 2 206 - 1.53 58.68 2764780
dry 32e2 2 70 - 0.03 0.11 26112
aoDLAV 32e2 2 70 - 0.03 0.15 30544
aoULAV 32e2 2 70 - 0.03 0.14 30556
aoD2AG 32e2 2 70 - 0.03 0.15 31216
aoD2SG 32e2 2 70 - 0.03 0.15 31264
moore 32e2 2 70 - 0.34 69.10 330512
nbpm 32e2 2 70 - 0.84 19.48 854752
greedy 32e2 2 70 - 0.68 20.35 1150164
dry 1e4 2 171 - 0.03 0.12 26432
aoDLAV 1e4 2 171 - 0.03 0.18 31868
aoULAV 1e4 2 171 - 0.03 0.18 31876
aoD2AG 1e4 2 171 - 0.04 0.19 31876
aoD2SG 1e4 2 171 - 0.03 0.19 31988
moore 1e4 2 171 - 1.12 1084.99 2960572
nbpm 1e4 2 171 - 7.55 441.19 7889416
greedy 1e4 2 171 - 6.42 272.08 10968568
dry 3e7 2 181 - 0.36 1.03 616104
aoDLAV 3e7 2 181 - 2.60 167.77 4471432
aoULAV 3e7 2 181 - 3.32 183.42 4471428
aoD2AG 3e7 2 181 - 5.74 247.02 6570864
aoD2SG 3e7 2 181 - 5.73 291.75 6811468
dry 1e4 2 248 - 0.02 0.13 26432
aoDLAV 1e4 2 248 - 0.03 0.18 31864
aoULAV 1e4 2 248 - 0.04 0.17 31880
aoD2AG 1e4 2 248 - 0.04 0.18 31876
aoD2SG 1e4 2 248 - 0.04 0.19 31988
moore 1e4 2 248 - 1.20 995.69 2960580
nbpm 1e4 2 248 - 7.50 344.60 7889428
greedy 1e4 2 248 - 6.09 263.81 10968572
dry 75e2 2 71 - 0.02 0.12 26328
aoDLAV 75e2 2 71 - 0.03 0.16 31376
aoULAV 75e2 2 71 - 0.03 0.16 31388
aoD2AG 75e2 2 71 - 0.02 0.18 31380
aoD2SG 75e2 2 71 - 0.01 0.19 31380
moore 75e2 2 71 - 1.33 500.55 1688784
nbpm 75e2 2 71 - 4.23 167.27 4242124
greedy 75e2 2 71 - 3.46 152.97 6183092
dry 1e4 2 182 - 0.02 0.12 26432
aoDLAV 1e4 2 182 - 0.02 0.18 31864
aoULAV 1e4 2 182 - 0.03 0.18 31876
aoD2AG 1e4 2 182 - 0.03 0.18 31880
aoD2SG 1e4 2 182 - 0.03 0.18 31988
moore 1e4 2 182 - 1.16 907.24 2960580
nbpm 1e4 2 182 - 7.57 352.57 7889424
greedy 1e4 2 182 - 6.03 275.03 10968572
dry 2e7 2 177 - 0.26 0.79 420796
aoDLAV 2e7 2 177 - 1.75 112.62 2987068
aoULAV 2e7 2 177 - 1.86 112.52 2987072
aoD2AG 2e7 2 177 - 3.93 160.47 4388212
aoD2SG 2e7 2 177 - 3.68 195.97 4547696
dry 6e7 2 217 - 0.63 1.92 1202048
aoDLAV 6e7 2 217 - 5.06 359.38 8924560
aoULAV 6e7 2 217 - 6.89 385.91 8924560
aoD2AG 6e7 2 217 - 12.53 557.83 13120680
aoD2SG 6e7 2 217 - 13.09 636.80 13599628
dry 7e7 2 53 - 0.85 2.20 1397356
aoDLAV 7e7 2 53 - 6.02 434.12 10408936
aoULAV 7e7 2 53 - 7.39 449.87 10408936
aoD2AG 7e7 2 53 - 13.86 642.25 15304636
aoD2SG 7e7 2 53 - 14.59 755.90 15863300
dry 50e2 2 63 - 0.02 0.13 26208
aoDLAV 50e2 2 63 - 0.02 0.16 30852
aoULAV 50e2 2 63 - 0.02 0.16 30860
aoD2AG 50e2 2 63 - 0.03 0.16 31780
aoD2SG 50e2 2 63 - 0.03 0.17 31864
moore 50e2 2 63 - 0.48 161.83 764628
nbpm 50e2 2 63 - 1.99 57.27 2011924
greedy 50e2 2 63 - 1.71 65.14 2764780
dry 56e6 2 161 - 0.62 1.79 1123924
aoDLAV 56e6 2 161 - 4.79 329.15 8330816
aoULAV 56e6 2 161 - 6.44 345.94 8330816
aoD2AG 56e6 2 161 - 11.14 500.82 12249164
aoD2SG 56e6 2 161 - 12.07 606.60 12693052
dry 1e4 5 14 - 0.03 0.11 26900
aoDLAV 1e4 5 14 - 0.02 0.23 31084
aoULAV 1e4 5 14 - 0.03 0.22 31100
aoD2AG 1e4 5 14 - 0.03 0.23 32148
aoD2SG 1e4 5 14 - 0.03 0.24 32108
moore 1e4 5 14 - 1.22 931.87 2961732
nbpm 1e4 5 14 - 7.57 658.54 7811564
greedy 1e4 5 14 - 7.04 299.79 10959172
dry 25e2 2 54 - 0.03 0.12 26080
aoDLAV 25e2 2 54 - 0.03 0.15 30452
aoULAV 25e2 2 54 - 0.02 0.16 30464
aoD2AG 25e2 2 54 - 0.04 0.14 30984
aoD2SG 25e2 2 54 - 0.03 0.15 31032
moore 25e2 2 54 - 0.09 21.53 213624
nbpm 25e2 2 54 - 0.51 13.09 541636
greedy 25e2 2 54 - 0.44 10.18 713664
dry 1e4 10 40 - 0.03 0.13 29712
aoDLAV 1e4 10 40 - 0.04 0.75 32764
aoULAV 1e4 10 40 - 0.03 0.71 32776
aoD2AG 1e4 10 40 - 0.04 0.71 32744
aoD2SG 1e4 10 40 - 0.03 0.84 34176
moore 1e4 10 40 - 1.21 1156.28 2963856
nbpm 1e4 10 40 - 7.44 737.29 7764392
greedy 1e4 10 40 - 6.69 266.14 10961108
dry 56e6 2 88 - 0.66 1.78 1123928
aoDLAV 56e6 2 88 - 4.75 330.11 8330820
aoULAV 56e6 2 88 - 6.23 347.18 8330816
aoD2AG 56e6 2 88 - 11.05 495.86 12248520
aoD2SG 56e6 2 88 - 12.10 756.39 12692944
dry 6e7 2 50 - 0.69 1.90 1202044
aoDLAV 6e7 2 50 - 5.00 355.27 8924560
aoULAV 6e7 2 50 - 6.87 389.92 8924564
aoD2AG 6e7 2 50 - 12.56 524.05 13120096
aoD2SG 6e7 2 50 - 12.90 790.86 13598008
dry 1e4 2 87 - 0.03 0.12 26432
aoDLAV 1e4 2 87 - 0.03 0.18 31868
aoULAV 1e4 2 87 - 0.03 0.18 31876
aoD2AG 1e4 2 87 - 0.02 0.20 31876
aoD2SG 1e4 2 87 - 0.03 0.19 31988
moore 1e4 2 87 - 1.27 1265.92 2960572
nbpm 1e4 2 87 - 7.70 382.14 7889416
greedy 1e4 2 87 - 6.66 280.40 10968572
dry 2e7 2 208 - 0.28 0.76 420796
aoDLAV 2e7 2 208 - 1.78 109.09 2987068
aoULAV 2e7 2 208 - 2.20 113.84 2987072
aoD2AG 2e7 2 208 - 3.46 198.47 4387824
aoD2SG 2e7 2 208 - 4.24 186.28 4546348
dry 4e7 2 244 - 0.47 1.32 811428
aoDLAV 4e7 2 244 - 3.39 287.14 5955820
aoULAV 4e7 2 244 - 4.71 253.51 5955820
aoD2AG 4e7 2 244 - 7.44 350.51 8752932
aoD2SG 4e7 2 244 - 8.38 406.79 9074484
dry 18e2 2 246 - 0.02 0.12 26048
aoDLAV 18e2 2 246 - 0.03 0.15 30372
aoULAV 18e2 2 246 - 0.03 0.14 30384
aoD2AG 18e2 2 246 - 0.03 0.15 30780
aoD2SG 18e2 2 246 - 0.03 0.15 30812
moore 18e2 2 246 - 0.08 11.72 125416
nbpm 18e2 2 246 - 0.21 7.45 334540
greedy 18e2 2 246 - 0.25 4.29 384356
dry 2e7 2 169 - 0.24 0.73 420796
aoDLAV 2e7 2 169 - 1.64 107.43 2987072
aoULAV 2e7 2 169 - 1.75 121.39 2987068
aoD2AG 2e7 2 169 - 3.90 166.86 4388792
aoD2SG 2e7 2 169 - 3.96 198.63 4548420
dry 56e2 2 50 - 0.02 0.12 26240
aoDLAV 56e2 2 50 - 0.03 0.15 30976
aoULAV 56e2 2 50 - 0.02 0.16 30992
aoD2AG 56e2 2 50 - 0.02 0.19 31976
aoD2SG 56e2 2 50 - 0.03 0.17 31124
moore 56e2 2 50 - 0.67 225.36 952716
nbpm 56e2 2 50 - 2.51 78.81 2388084
greedy 56e2 2 50 - 1.93 81.84 3460492
dry 56e6 2 90 - 0.71 1.77 1123928
aoDLAV 56e6 2 90 - 4.70 334.64 8330820
aoULAV 56e6 2 90 - 6.18 354.83 8330820
aoD2AG 56e6 2 90 - 10.80 506.96 12249824
aoD2SG 56e6 2 90 - 12.04 767.20 12695052
dry 18e6 2 65 - 0.28 0.73 381736
aoDLAV 18e6 2 65 - 1.66 100.54 2690196
aoULAV 18e6 2 65 - 2.09 105.39 2690192
aoD2AG 18e6 2 65 - 3.14 145.81 3952972
aoD2SG 18e6 2 65 - 3.35 202.42 4095140
dry 3e7 2 177 - 0.35 1.04 616108
aoDLAV 3e7 2 177 - 2.48 161.12 4471428
aoULAV 3e7 2 177 - 3.31 173.98 4471428
aoD2AG 3e7 2 177 - 5.13 247.53 6570116
aoD2SG 3e7 2 177 - 6.24 290.60 6809028
dry 50e2 2 184 - 0.03 0.12 26204
aoDLAV 50e2 2 184 - 0.02 0.16 30848
aoULAV 50e2 2 184 - 0.04 0.14 30860
aoD2AG 50e2 2 184 - 0.03 0.16 31768
aoD2SG 50e2 2 184 - 0.03 0.17 31876
moore 50e2 2 184 - 0.56 178.60 764628
nbpm 50e2 2 184 - 1.98 56.92 2011924
greedy 50e2 2 184 - 1.76 61.65 2764780
dry 1e4 10 102 - 0.03 0.12 27688
aoDLAV 1e4 10 102 - 0.03 0.69 32768
aoULAV 1e4 10 102 - 0.03 0.69 32776
aoD2AG 1e4 10 102 - 0.04 0.70 32748
aoD2SG 1e4 10 102 - 0.04 0.80 34176
moore 1e4 10 102 - 1.19 986.76 2963856
nbpm 1e4 10 102 - 7.46 826.29 7764388
greedy 1e4 10 102 - 6.67 275.01 10961108
dry 56e6 2 38 - 0.67 1.77 1123928
aoDLAV 56e6 2 38 - 4.91 334.69 8330856
aoULAV 56e6 2 38 - 6.02 336.76 8330816
aoD2AG 56e6 2 38 - 10.74 447.52 12248080
aoD2SG 56e6 2 38 - 10.77 486.57 12694116
