dry 8e7 2 244 - 0.78 2.43 1592680
aoDLAV 8e7 2 244 - 6.14 477.12 11893328
aoULAV 8e7 2 244 - 8.04 511.24 11893324
aoD2AG 8e7 2 244 - 14.53 708.23 17487776
aoD2SG 8e7 2 244 - 15.75 856.65 18124636
dry 2e4 5 136 - 0.03 0.11 29368
aoDLAV 2e4 5 136 - 0.04 0.28 32756
aoULAV 2e4 5 136 - 0.03 0.29 32772
aoD2AG 2e4 5 136 - 0.03 0.32 33344
aoD2SG 2e4 5 136 - 0.03 0.34 32864
moore 2e4 5 136 - 3.37 6965.54 11768080
nbpm 2e4 5 136 - 28.57 5114.01 34200496
greedy 2e4 5 136 - 23.98 1346.58 43774008
dry 2e4 10 28 - 0.03 0.12 31228
aoDLAV 2e4 10 28 - 0.05 1.86 34836
aoULAV 2e4 10 28 - 0.03 1.87 34852
aoD2AG 2e4 10 28 - 0.04 1.96 36108
aoD2SG 2e4 10 28 - 0.04 2.14 36108
moore 2e4 10 28 - 3.47 6997.93 11770836
nbpm 2e4 10 28 - 29.18 5759.10 30880036
greedy 2e4 10 28 - 23.92 1283.29 43775820
dry 18e3 2 198 - 0.02 0.12 26748
aoDLAV 18e3 2 198 - 0.03 0.18 30740
aoULAV 18e3 2 198 - 0.03 0.19 30744
aoD2AG 18e3 2 198 - 0.03 0.20 31804
aoD2SG 18e3 2 198 - 0.03 0.21 31816
moore 18e3 2 198 - 2.81 5586.25 9534980
nbpm 18e3 2 198 - 23.83 1919.00 25451056
greedy 18e3 2 198 - 21.53 1084.75 35458364
dry 150e2 2 105 - 0.03 0.12 26628
aoDLAV 150e2 2 105 - 0.03 0.18 30824
aoULAV 150e2 2 105 - 0.04 0.18 30828
aoD2AG 150e2 2 105 - 0.03 0.20 31608
aoD2SG 150e2 2 105 - 0.03 0.20 31612
moore 150e2 2 105 - 2.12 3325.26 6629344
nbpm 150e2 2 105 - 15.20 1129.32 16814168
greedy 150e2 2 105 - 13.90 690.92 24630024
dry 18e3 2 166 - 0.02 0.12 26748
aoDLAV 18e3 2 166 - 0.03 0.18 30740
aoULAV 18e3 2 166 - 0.02 0.19 30744
aoD2AG 18e3 2 166 - 0.03 0.20 31804
aoD2SG 18e3 2 166 - 0.03 0.20 31812
moore 18e3 2 166 - 2.84 5349.72 9534976
nbpm 18e3 2 166 - 23.45 1975.64 25451056
greedy 18e3 2 166 - 21.96 1073.70 35458364
dry 2e4 5 100 - 0.03 0.12 29240
aoDLAV 2e4 5 100 - 0.04 0.31 32756
aoULAV 2e4 5 100 - 0.03 0.29 32772
aoD2AG 2e4 5 100 - 0.03 0.33 33344
aoD2SG 2e4 5 100 - 0.03 0.34 32860
moore 2e4 5 100 - 3.57 7948.75 11768080
nbpm 2e4 5 100 - 29.18 4806.83 34200504
greedy 2e4 5 100 - 25.54 1341.53 43774004
dry 175e2 2 183 - 0.03 0.11 28640
aoDLAV 175e2 2 183 - 0.04 0.18 30720
aoULAV 175e2 2 183 - 0.03 0.19 30716
aoD2AG 175e2 2 183 - 0.03 0.20 31760
aoD2SG 175e2 2 183 - 0.04 0.20 31764
moore 175e2 2 183 - 2.73 4875.21 9014028
nbpm 175e2 2 183 - 20.93 1832.30 22863148
greedy 175e2 2 183 - 18.15 960.76 33516976
dry 1e8 5 154 - 2.19 6.24 4327052
aoDLAV 1e8 5 154 - 11.07 3696.68 23065204
aoULAV 1e8 5 154 - 16.23 2592.94 23065204
aoD2AG 1e8 5 154 - 26.09 2878.81 30454620
aoD2SG 1e8 5 154 - 27.05 3560.06 31309292
dry 8e7 2 177 - 0.83 2.45 1592676
aoDLAV 8e7 2 177 - 6.23 465.83 11893324
aoULAV 8e7 2 177 - 8.05 483.55 11893328
aoD2AG 8e7 2 177 - 15.08 694.55 17488768
aoD2SG 8e7 2 177 - 16.35 834.47 18122760
dry 1e8 5 225 - 2.19 6.23 4327052
aoDLAV 1e8 5 225 - 10.62 2622.95 23065204
aoULAV 1e8 5 225 - 16.27 2656.75 23065208
aoD2AG 1e8 5 225 - 27.05 2884.44 30460452
aoD2SG 1e8 5 225 - 28.36 3524.37 31310584
dry 125e2 2 249 - 0.03 0.13 28436
aoDLAV 125e2 2 249 - 0.04 0.18 30712
aoULAV 125e2 2 249 - 0.04 0.18 30712
aoD2AG 125e2 2 249 - 0.03 0.19 31380
aoD2SG 125e2 2 249 - 0.03 0.20 31376
moore 125e2 2 249 - 1.57 2041.18 4611540
nbpm 125e2 2 249 - 11.13 633.04 12302320
greedy 125e2 2 249 - 8.96 435.91 17109964
dry 1e8 2 60 - 1.02 3.00 1983296
aoDLAV 1e8 2 60 - 7.88 582.23 14862068
aoULAV 1e8 2 60 - 10.92 624.52 14862068
aoD2AG 1e8 2 60 - 19.32 864.59 21855936
aoD2SG 1e8 2 60 - 20.24 1018.86 22653068
dry 1e8 5 162 - 2.47 6.28 4327052
aoDLAV 1e8 5 162 - 11.80 3489.12 23065204
aoULAV 1e8 5 162 - 16.21 2679.91 23065204
aoD2AG 1e8 5 162 - 26.96 3161.93 30456528
aoD2SG 1e8 5 162 - 28.08 3516.08 31313144
dry 8e7 2 102 - 0.89 2.44 1592676
aoDLAV 8e7 2 102 - 6.63 451.91 11893324
aoULAV 8e7 2 102 - 8.61 478.56 11893324
aoD2AG 8e7 2 102 - 15.06 743.42 17488220
aoD2SG 8e7 2 102 - 15.80 837.85 18125920
dry 2e4 5 88 - 0.03 0.12 29456
aoDLAV 2e4 5 88 - 0.03 0.29 32756
aoULAV 2e4 5 88 - 0.03 0.29 32772
aoD2AG 2e4 5 88 - 0.04 0.32 33348
aoD2SG 2e4 5 88 - 0.04 0.34 32860
moore 2e4 5 88 - 3.65 7028.58 11768084
nbpm 2e4 5 88 - 28.71 4809.58 34200504
greedy 2e4 5 88 - 24.84 1265.18 43774004
dry 9e7 2 119 - 0.91 2.78 1787984
aoDLAV 9e7 2 119 - 7.20 511.15 13377688
aoULAV 9e7 2 119 - 9.41 536.32 13377684
aoD2AG 9e7 2 119 - 17.06 758.94 19671376
aoD2SG 9e7 2 119 - 17.73 970.09 20392164
dry 2e4 10 7 - 0.02 0.12 30500
aoDLAV 2e4 10 7 - 0.03 1.63 34840
aoULAV 2e4 10 7 - 0.03 1.62 34848
aoD2AG 2e4 10 7 - 0.03 1.66 36076
aoD2SG 2e4 10 7 - 0.04 1.85 36076
moore 2e4 10 7 - 3.53 6951.90 11770832
nbpm 2e4 10 7 - 28.87 6007.28 30880036
greedy 2e4 10 7 - 24.23 1245.62 43775820
dry 18e3 2 181 - 0.03 0.11 26748
aoDLAV 18e3 2 181 - 0.03 0.19 30740
aoULAV 18e3 2 181 - 0.03 0.19 30740
aoD2AG 18e3 2 181 - 0.03 0.19 31804
aoD2SG 18e3 2 181 - 0.03 0.21 31812
moore 18e3 2 181 - 2.78 5373.26 9534980
nbpm 18e3 2 181 - 24.47 1979.52 25451056
greedy 18e3 2 181 - 19.70 1020.50 35458364
dry 9e7 2 131 - 0.93 2.74 1787988
aoDLAV 9e7 2 131 - 7.37 514.47 13377684
aoULAV 9e7 2 131 - 9.38 539.22 13377684
aoD2AG 9e7 2 131 - 16.53 787.09 19670600
aoD2SG 9e7 2 131 - 18.07 958.05 20386792
dry 175e2 2 14 - 0.03 0.11 26732
aoDLAV 175e2 2 14 - 0.04 0.18 30716
aoULAV 175e2 2 14 - 0.03 0.20 30716
aoD2AG 175e2 2 14 - 0.03 0.21 31752
aoD2SG 175e2 2 14 - 0.04 0.20 31760
moore 175e2 2 14 - 2.77 4647.95 9014024
nbpm 175e2 2 14 - 21.46 1844.59 22863136
greedy 175e2 2 14 - 19.00 939.95 33516976
dry 1e8 2 145 - 1.08 2.98 1983300
aoDLAV 1e8 2 145 - 7.98 584.88 14862068
aoULAV 1e8 2 145 - 11.23 632.92 14862068
aoD2AG 1e8 2 145 - 18.99 927.24 21855336
aoD2SG 1e8 2 145 - 20.96 1098.83 22650964
dry 2e4 2 170 - 0.03 0.13 28752
aoDLAV 2e4 2 170 - 0.02 0.21 30808
aoULAV 2e4 2 170 - 0.03 0.21 30808
aoD2AG 2e4 2 170 - 0.04 0.21 32284
aoD2SG 2e4 2 170 - 0.04 0.23 32292
moore 2e4 2 170 - 3.53 6980.02 11765552
nbpm 2e4 2 170 - 29.48 2874.59 31402196
greedy 2e4 2 170 - 24.93 1289.24 43771040
dry 8e7 2 15 - 0.90 2.49 1592676
aoDLAV 8e7 2 15 - 6.57 463.75 11893328
aoULAV 8e7 2 15 - 8.29 487.20 11893324
aoD2AG 8e7 2 15 - 15.64 696.79 17487772
aoD2SG 8e7 2 15 - 16.89 835.51 18128268
dry 125e2 2 235 - 0.03 0.12 26532
aoDLAV 125e2 2 235 - 0.04 0.17 30708
aoULAV 125e2 2 235 - 0.03 0.18 30708
aoD2AG 125e2 2 235 - 0.03 0.19 31376
aoD2SG 125e2 2 235 - 0.04 0.19 31376
moore 125e2 2 235 - 1.61 1517.35 4611540
nbpm 125e2 2 235 - 11.55 764.57 12302320
greedy 125e2 2 235 - 9.10 461.52 17109968
dry 1e8 2 183 - 1.03 2.99 1983296
aoDLAV 1e8 2 183 - 7.57 614.23 14862068
aoULAV 1e8 2 183 - 10.55 658.39 14862068
aoD2AG 1e8 2 183 - 18.61 912.22 21857332
aoD2SG 1e8 2 183 - 20.29 1076.58 22652440
dry 175e2 2 124 - 0.03 0.12 26732
aoDLAV 175e2 2 124 - 0.04 0.18 30720
aoULAV 175e2 2 124 - 0.04 0.18 30716
aoD2AG 175e2 2 124 - 0.03 0.20 31752
aoD2SG 175e2 2 124 - 0.03 0.21 31756
moore 175e2 2 124 - 2.82 4591.04 9014032
nbpm 175e2 2 124 - 22.17 2028.64 22863204
greedy 175e2 2 124 - 19.05 965.74 33516976
dry 125e2 2 165 - 0.03 0.12 28516
aoDLAV 125e2 2 165 - 0.04 0.18 30708
aoULAV 125e2 2 165 - 0.03 0.18 30708
aoD2AG 125e2 2 165 - 0.03 0.19 31376
aoD2SG 125e2 2 165 - 0.03 0.19 31376
moore 125e2 2 165 - 1.50 1918.15 4611548
nbpm 125e2 2 165 - 11.57 687.98 12302332
greedy 125e2 2 165 - 9.33 451.11 17110008
dry 8e7 2 10 - 0.88 2.47 1592680
aoDLAV 8e7 2 10 - 6.71 468.19 11893324
aoULAV 8e7 2 10 - 8.34 503.64 11893324
aoD2AG 8e7 2 10 - 15.34 721.83 17489404
aoD2SG 8e7 2 10 - 16.53 833.28 18129620
dry 18e3 2 129 - 0.02 0.13 26748
aoDLAV 18e3 2 129 - 0.02 0.20 30740
aoULAV 18e3 2 129 - 0.03 0.19 30740
aoD2AG 18e3 2 129 - 0.03 0.21 31804
aoD2SG 18e3 2 129 - 0.03 0.21 31808
moore 18e3 2 129 - 2.90 4652.58 9534976
nbpm 18e3 2 129 - 23.47 1948.76 25451052
greedy 18e3 2 129 - 19.18 1050.67 35458364
dry 2e4 2 198 - 0.03 0.12 26828
aoDLAV 2e4 2 198 - 0.03 0.19 30808
aoULAV 2e4 2 198 - 0.03 0.20 30808
aoD2AG 2e4 2 198 - 0.04 0.21 32288
aoD2SG 2e4 2 198 - 0.03 0.22 32292
moore 2e4 2 198 - 3.45 6322.68 11765544
nbpm 2e4 2 198 - 29.45 2611.12 31402188
greedy 2e4 2 198 - 24.39 1277.14 43771040
dry 2e4 2 191 - 0.03 0.12 26828
aoDLAV 2e4 2 191 - 0.04 0.19 30808
aoULAV 2e4 2 191 - 0.03 0.20 30808
aoD2AG 2e4 2 191 - 0.03 0.21 32284
aoD2SG 2e4 2 191 - 0.03 0.22 32292
moore 2e4 2 191 - 3.45 6350.21 11765552
nbpm 2e4 2 191 - 29.29 2628.91 31402196
greedy 2e4 2 191 - 25.51 1247.15 43771048
dry 18e3 2 82 - 0.02 0.12 26748
aoDLAV 18e3 2 82 - 0.03 0.19 30740
aoULAV 18e3 2 82 - 0.04 0.19 30740
aoD2AG 18e3 2 82 - 0.03 0.20 31804
aoD2SG 18e3 2 82 - 0.04 0.20 31812
moore 18e3 2 82 - 2.96 5501.47 9534980
nbpm 18e3 2 82 - 23.92 1890.09 25451056
greedy 18e3 2 82 - 20.76 1021.39 35458368
dry 1e8 2 58 - 1.24 3.01 1983296
aoDLAV 1e8 2 58 - 8.95 747.69 14862072
aoULAV 1e8 2 58 - 10.33 625.43 14862068
aoD2AG 1e8 2 58 - 18.76 944.15 21854776
aoD2SG 1e8 2 58 - 20.28 1077.31 22651136
dry 175e2 2 41 - 0.03 0.12 28740
aoDLAV 175e2 2 41 - 0.02 0.19 30716
aoULAV 175e2 2 41 - 0.03 0.18 30752
aoD2AG 175e2 2 41 - 0.02 0.21 31752
aoD2SG 175e2 2 41 - 0.03 0.21 31756
moore 175e2 2 41 - 2.82 5868.52 9014024
nbpm 175e2 2 41 - 21.72 1866.66 22863136
greedy 175e2 2 41 - 18.64 917.88 33516976
dry 150e2 2 195 - 0.02 0.12 26628
aoDLAV 150e2 2 195 - 0.03 0.17 30824
aoULAV 150e2 2 195 - 0.03 0.17 30824
aoD2AG 150e2 2 195 - 0.03 0.19 31608
aoD2SG 150e2 2 195 - 0.03 0.19 31608
