dry 1e7 5 40 - 0.21 0.75 459868
aoDLAV 1e7 5 40 - 0.97 218.31 2323016
aoULAV 1e7 5 40 - 1.47 221.95 2323016
aoD2AG 1e7 5 40 - 2.04 239.08 3065256
aoD2SG 1e7 5 40 - 2.57 283.63 3149660
dry 1e7 10 134 - 0.42 1.38 850508
aoDLAV 1e7 10 134 - 1.56 4779.26 3533956
aoULAV 1e7 10 134 - 2.40 4791.61 3533960
aoD2AG 1e7 10 134 - 3.58 4842.12 4336932
aoD2SG 1e7 10 134 - 3.69 5803.18 4426740
dry 32e5 2 55 - 0.05 0.25 92676
aoDLAV 32e5 2 55 - 0.24 11.75 493328
aoULAV 32e5 2 55 - 0.24 12.60 493336
aoD2AG 32e5 2 55 - 0.39 17.98 717328
aoD2SG 32e5 2 55 - 0.42 20.54 743236
dry 1e7 10 239 - 0.41 1.37 850508
aoDLAV 1e7 10 239 - 1.52 4754.83 3533964
aoULAV 1e7 10 239 - 2.29 6848.51 3533988
aoD2AG 1e7 10 239 - 3.61 4793.43 4338044
aoD2SG 1e7 10 239 - 3.84 5776.06 4426016
dry 32e5 2 102 - 0.06 0.25 92676
aoDLAV 32e5 2 102 - 0.28 11.64 493324
aoULAV 32e5 2 102 - 0.27 12.41 493336
aoD2AG 32e5 2 102 - 0.42 17.89 717120
aoD2SG 32e5 2 102 - 0.39 20.98 743224
dry 1e7 10 224 - 0.42 1.36 850508
aoDLAV 1e7 10 224 - 1.49 4888.72 3533956
aoULAV 1e7 10 224 - 2.46 4844.67 3533960
aoD2AG 1e7 10 224 - 3.56 4777.60 4340264
aoD2SG 1e7 10 224 - 3.74 5871.99 4427472
dry 56e5 2 75 - 0.08 0.33 139544
aoDLAV 56e5 2 75 - 0.48 22.74 849556
aoULAV 56e5 2 75 - 0.45 24.27 849556
aoD2AG 56e5 2 75 - 0.74 34.83 1241600
aoD2SG 56e5 2 75 - 0.81 39.84 1285756
dry 1e7 10 5 - 0.43 1.40 850508
aoDLAV 1e7 10 5 - 1.52 4866.44 3533952
aoULAV 1e7 10 5 - 2.34 4799.69 3534004
aoD2AG 1e7 10 5 - 3.62 4787.60 4338340
aoD2SG 1e7 10 5 - 3.52 5771.83 4425288
dry 1e7 2 75 - 0.13 0.43 225484
aoDLAV 1e7 2 75 - 0.77 44.61 1502684
aoULAV 1e7 2 75 - 0.77 47.10 1502684
aoD2AG 1e7 2 75 - 1.58 67.48 2203864
aoD2SG 1e7 2 75 - 1.85 77.74 2284692
dry 18e5 2 74 - 0.04 0.21 65324
aoDLAV 18e5 2 74 - 0.15 6.46 285508
aoULAV 18e5 2 74 - 0.18 6.84 285632
aoD2AG 18e5 2 74 - 0.26 9.83 412728
aoD2SG 18e5 2 74 - 0.28 11.28 425812
dry 1e7 10 248 - 0.41 1.39 850508
aoDLAV 1e7 10 248 - 1.56 4869.68 3533960
aoULAV 1e7 10 248 - 2.31 4777.77 3534036
aoD2AG 1e7 10 248 - 3.48 4787.67 4340404
aoD2SG 1e7 10 248 - 3.67 5705.63 4428060
dry 1e7 5 223 - 0.23 0.79 459868
aoDLAV 1e7 5 223 - 1.01 211.47 2323016
aoULAV 1e7 5 223 - 1.50 215.55 2323016
aoD2AG 1e7 5 223 - 2.46 237.54 3064448
aoD2SG 1e7 5 223 - 2.21 275.48 3149012
dry 32e5 2 57 - 0.06 0.25 92676
aoDLAV 32e5 2 57 - 0.27 11.67 493324
aoULAV 32e5 2 57 - 0.27 12.43 493336
aoD2AG 32e5 2 57 - 0.40 17.82 717968
aoD2SG 32e5 2 57 - 0.45 20.35 744760
dry 56e5 2 65 - 0.09 0.31 139544
aoDLAV 56e5 2 65 - 0.42 22.31 849556
aoULAV 56e5 2 65 - 0.42 23.67 849556
aoD2AG 56e5 2 65 - 0.74 33.65 1241364
aoD2SG 56e5 2 65 - 0.76 38.55 1287256
dry 56e5 2 103 - 0.08 0.32 139544
aoDLAV 56e5 2 103 - 0.46 22.44 849556
aoULAV 56e5 2 103 - 0.48 23.70 849556
aoD2AG 56e5 2 103 - 0.73 33.65 1241516
aoD2SG 56e5 2 103 - 0.74 38.61 1286340
dry 32e5 2 206 - 0.06 0.25 92676
aoDLAV 32e5 2 206 - 0.26 11.68 493324
aoULAV 32e5 2 206 - 0.25 12.41 493340
aoD2AG 32e5 2 206 - 0.41 17.80 717796
aoD2SG 32e5 2 206 - 0.44 20.34 744060
dry 1e7 10 177 - 0.41 1.38 850508
aoDLAV 1e7 10 177 - 1.59 4718.84 3533952
aoULAV 1e7 10 177 - 2.36 4702.78 3533956
aoD2AG 1e7 10 177 - 3.61 4765.60 4336980
aoD2SG 1e7 10 177 - 3.46 5680.41 4427788
dry 1e7 2 116 - 0.13 0.43 225484
aoDLAV 1e7 2 116 - 0.74 45.30 1502684
aoULAV 1e7 2 116 - 0.74 47.53 1502684
aoD2AG 1e7 2 116 - 1.54 67.21 2205228
aoD2SG 1e7 2 116 - 1.68 78.02 2284128
dry 18e5 2 222 - 0.05 0.21 65324
aoDLAV 18e5 2 222 - 0.16 6.39 285508
aoULAV 18e5 2 222 - 0.18 6.83 285524
aoD2AG 18e5 2 222 - 0.24 9.97 413540
aoD2SG 18e5 2 222 - 0.28 11.21 426416
dry 18e5 2 203 - 0.04 0.22 65324
aoDLAV 18e5 2 203 - 0.18 6.37 285508
aoULAV 18e5 2 203 - 0.15 6.84 285520
aoD2AG 18e5 2 203 - 0.26 9.95 412212
aoD2SG 18e5 2 203 - 0.25 11.24 426144
dry 18e5 2 50 - 0.04 0.22 65328
aoDLAV 18e5 2 50 - 0.18 6.50 285508
aoULAV 18e5 2 50 - 0.15 6.92 285520
aoD2AG 18e5 2 50 - 0.25 10.02 411884
aoD2SG 18e5 2 50 - 0.26 11.37 426448
dry 1e7 2 166 - 0.12 0.44 225484
aoDLAV 1e7 2 166 - 0.76 44.69 1502684
aoULAV 1e7 2 166 - 0.77 47.54 1502684
aoD2AG 1e7 2 166 - 1.55 67.24 2202536
aoD2SG 1e7 2 166 - 1.85 77.63 2281452
dry 1e7 5 76 - 0.24 0.79 459868
aoDLAV 1e7 5 76 - 1.07 215.01 2323016
aoULAV 1e7 5 76 - 1.52 217.79 2323016
aoD2AG 1e7 5 76 - 1.97 240.20 3062280
aoD2SG 1e7 5 76 - 2.48 283.87 3149788
dry 1e7 5 240 - 0.23 0.79 459872
aoDLAV 1e7 5 240 - 1.02 210.80 2323020
aoULAV 1e7 5 240 - 1.41 213.19 2323016
aoD2AG 1e7 5 240 - 2.40 236.37 3063136
aoD2SG 1e7 5 240 - 2.04 282.41 3150664
dry 56e5 2 161 - 0.08 0.31 139544
aoDLAV 56e5 2 161 - 0.44 22.39 849556
aoULAV 56e5 2 161 - 0.43 24.20 849560
aoD2AG 56e5 2 161 - 0.73 33.90 1242344
aoD2SG 56e5 2 161 - 0.89 39.41 1287120
dry 1e7 2 146 - 0.12 0.44 225484
aoDLAV 1e7 2 146 - 0.78 43.81 1502684
aoULAV 1e7 2 146 - 0.82 46.73 1502684
aoD2AG 1e7 2 146 - 1.50 65.32 2204792
aoD2SG 1e7 2 146 - 1.64 75.49 2283844
dry 1e7 2 5 - 0.12 0.44 225488
aoDLAV 1e7 2 5 - 0.78 43.91 1502684
aoULAV 1e7 2 5 - 0.75 45.95 1502688
aoD2AG 1e7 2 5 - 1.55 64.70 2205340
aoD2SG 1e7 2 5 - 1.60 74.88 2284620
dry 1e7 5 215 - 0.23 0.78 459868
aoDLAV 1e7 5 215 - 1.07 211.11 2323020
aoULAV 1e7 5 215 - 1.44 219.53 2323016
aoD2AG 1e7 5 215 - 2.46 241.11 3064884
aoD2SG 1e7 5 215 - 2.49 287.03 3151944
dry 1e7 2 1 - 0.12 0.43 225484
aoDLAV 1e7 2 1 - 0.75 44.42 1502684
aoULAV 1e7 2 1 - 0.74 46.53 1502684
aoD2AG 1e7 2 1 - 1.50 66.12 2204508
aoD2SG 1e7 2 1 - 1.62 76.98 2283784
dry 56e5 2 113 - 0.08 0.31 139548
aoDLAV 56e5 2 113 - 0.44 22.91 849556
aoULAV 56e5 2 113 - 0.49 24.60 849556
aoD2AG 56e5 2 113 - 0.80 34.25 1241832
aoD2SG 56e5 2 113 - 0.75 39.27 1287572
dry 1e7 5 66 - 0.23 0.79 459868
aoDLAV 1e7 5 66 - 1.04 215.11 2323016
aoULAV 1e7 5 66 - 1.21 216.98 2323016
aoD2AG 1e7 5 66 - 2.25 238.38 3065548
aoD2SG 1e7 5 66 - 2.54 283.69 3150552
dry 18e5 2 13 - 0.04 0.21 65328
aoDLAV 18e5 2 13 - 0.16 6.30 285508
aoULAV 18e5 2 13 - 0.15 6.74 285520
aoD2AG 18e5 2 13 - 0.23 9.88 411884
aoD2SG 18e5 2 13 - 0.24 11.11 426900
dry 1e7 10 231 - 0.40 1.38 850508
aoDLAV 1e7 10 231 - 1.55 4577.68 3533952
aoULAV 1e7 10 231 - 2.27 4513.70 3533952
aoD2AG 1e7 10 231 - 3.19 5924.12 4335844
aoD2SG 1e7 10 231 - 3.21 5476.34 4425268
