dry 56e6 2 249 - 0.72 1.89 1123928
aoDLAV 56e6 2 249 - 5.36 346.21 8330816
aoULAV 56e6 2 249 - 6.12 383.07 8330820
aoD2AG 56e6 2 249 - 10.74 510.59 12245496
aoD2SG 56e6 2 249 - 11.43 586.14 12692884
dry 4e7 2 132 - 0.52 1.39 811424
aoDLAV 4e7 2 132 - 3.35 230.34 5955816
aoULAV 4e7 2 132 - 4.28 244.40 5955816
aoD2AG 4e7 2 132 - 6.81 341.40 8756948
aoD2SG 4e7 2 132 - 8.23 428.56 9074392
dry 3e7 2 235 - 0.38 1.01 616104
aoDLAV 3e7 2 235 - 2.40 164.22 4471428
aoULAV 3e7 2 235 - 3.36 178.86 4471428
aoD2AG 3e7 2 235 - 5.43 262.18 6572660
aoD2SG 3e7 2 235 - 6.45 334.51 6810832
dry 32e6 2 189 - 0.41 1.10 655176
aoDLAV 32e6 2 189 - 2.81 185.37 4768324
aoULAV 32e6 2 189 - 3.75 195.71 4768324
aoD2AG 32e6 2 189 - 6.64 273.38 7007620
aoD2SG 32e6 2 189 - 6.03 308.21 7262176
dry 1e4 10 33 - 0.03 0.12 29488
aoDLAV 1e4 10 33 - 0.04 0.68 32764
aoULAV 1e4 10 33 - 0.04 0.69 32776
aoD2AG 1e4 10 33 - 0.04 0.71 32744
aoD2SG 1e4 10 33 - 0.04 0.78 34180
moore 1e4 10 33 - 1.09 1223.90 2963852
nbpm 1e4 10 33 - 7.33 879.56 7764396
greedy 1e4 10 33 - 6.11 267.75 10961108
dry 1e4 5 6 - 0.02 0.12 28752
aoDLAV 1e4 5 6 - 0.03 0.21 31084
aoULAV 1e4 5 6 - 0.04 0.21 31100
aoD2AG 1e4 5 6 - 0.03 0.23 32112
aoD2SG 1e4 5 6 - 0.03 0.24 32108
moore 1e4 5 6 - 1.19 1092.98 2961736
nbpm 1e4 5 6 - 7.84 654.61 7811476
greedy 1e4 5 6 - 6.77 285.46 10959172
dry 32e2 2 13 - 0.03 0.12 26112
aoDLAV 32e2 2 13 - 0.03 0.15 30540
aoULAV 32e2 2 13 - 0.03 0.15 30552
aoD2AG 32e2 2 13 - 0.03 0.16 31200
aoD2SG 32e2 2 13 - 0.04 0.15 31260
moore 32e2 2 13 - 0.36 78.42 330524
nbpm 32e2 2 13 - 0.90 20.50 854764
greedy 32e2 2 13 - 0.71 19.97 1150164
dry 1e4 10 167 - 0.03 0.12 29064
aoDLAV 1e4 10 167 - 0.03 0.67 32764
aoULAV 1e4 10 167 - 0.03 0.66 32780
aoD2AG 1e4 10 167 - 0.03 0.69 32744
aoD2SG 1e4 10 167 - 0.03 0.76 34176
moore 1e4 10 167 - 1.11 1277.34 2963852
nbpm 1e4 10 167 - 7.46 809.14 7764384
greedy 1e4 10 167 - 6.83 271.81 10961112
dry 4e7 2 145 - 0.52 1.32 811424
aoDLAV 4e7 2 145 - 3.58 228.54 5955816
aoULAV 4e7 2 145 - 4.14 240.63 5955816
aoD2AG 4e7 2 145 - 7.16 337.84 8754572
aoD2SG 4e7 2 145 - 8.33 398.91 9072468
dry 2e7 2 176 - 0.25 0.74 420800
aoDLAV 2e7 2 176 - 1.64 103.53 2987068
aoULAV 2e7 2 176 - 1.61 113.71 2987072
aoD2AG 2e7 2 176 - 3.82 157.86 4388784
aoD2SG 2e7 2 176 - 3.69 185.52 4546376
dry 50e2 2 11 - 0.02 0.11 26204
aoDLAV 50e2 2 11 - 0.03 0.14 30852
aoULAV 50e2 2 11 - 0.03 0.15 30860
aoD2AG 50e2 2 11 - 0.02 0.15 31776
aoD2SG 50e2 2 11 - 0.02 0.18 31868
moore 50e2 2 11 - 0.36 130.10 762984
nbpm 50e2 2 11 - 1.93 55.61 2011920
greedy 50e2 2 11 - 1.78 77.38 2764780
dry 18e2 2 152 - 0.02 0.12 26048
aoDLAV 18e2 2 152 - 0.03 0.15 30372
aoULAV 18e2 2 152 - 0.04 0.14 30388
aoD2AG 18e2 2 152 - 0.02 0.16 30788
aoD2SG 18e2 2 152 - 0.03 0.15 30824
moore 18e2 2 152 - 0.09 23.69 125408
nbpm 18e2 2 152 - 0.20 7.98 334528
greedy 18e2 2 152 - 0.25 4.06 384352
dry 18e2 2 241 - 0.02 0.12 26048
aoDLAV 18e2 2 241 - 0.03 0.15 30372
aoULAV 18e2 2 241 - 0.03 0.14 30388
aoD2AG 18e2 2 241 - 0.02 0.15 30796
aoD2SG 18e2 2 241 - 0.02 0.16 30832
moore 18e2 2 241 - 0.06 10.39 125448
nbpm 18e2 2 241 - 0.18 7.45 334540
greedy 18e2 2 241 - 0.24 3.60 384348
dry 75e2 2 164 - 0.03 0.11 26328
aoDLAV 75e2 2 164 - 0.02 0.16 31380
aoULAV 75e2 2 164 - 0.03 0.15 31388
aoD2AG 75e2 2 164 - 0.02 0.18 31380
aoD2SG 75e2 2 164 - 0.03 0.18 31380
moore 75e2 2 164 - 1.33 516.05 1688792
nbpm 75e2 2 164 - 4.22 158.20 4242132
greedy 75e2 2 164 - 3.78 149.13 6183092
dry 2e7 2 226 - 0.24 0.79 420796
aoDLAV 2e7 2 226 - 1.74 108.53 2987100
aoULAV 2e7 2 226 - 1.74 110.44 2987068
aoD2AG 2e7 2 226 - 3.60 164.09 4388324
aoD2SG 2e7 2 226 - 4.34 190.56 4546948
dry 6e7 2 128 - 0.69 1.89 1202044
aoDLAV 6e7 2 128 - 4.87 358.01 8924560
aoULAV 6e7 2 128 - 6.27 382.09 8924560
aoD2AG 6e7 2 128 - 11.81 685.96 13122776
aoD2SG 6e7 2 128 - 12.60 638.29 13600236
dry 4e7 2 128 - 0.47 1.34 811460
aoDLAV 4e7 2 128 - 3.34 226.43 5955816
aoULAV 4e7 2 128 - 4.29 248.78 5955816
aoD2AG 4e7 2 128 - 7.00 353.48 8756180
aoD2SG 4e7 2 128 - 8.57 415.20 9073992
dry 2e7 2 124 - 0.25 0.77 420796
aoDLAV 2e7 2 124 - 1.76 108.50 2987072
aoULAV 2e7 2 124 - 1.76 117.51 2987068
aoD2AG 2e7 2 124 - 3.99 163.02 4387524
aoD2SG 2e7 2 124 - 3.92 192.61 4547528
dry 75e2 2 8 - 0.03 0.12 26328
aoDLAV 75e2 2 8 - 0.04 0.15 31380
aoULAV 75e2 2 8 - 0.03 0.16 31392
aoD2AG 75e2 2 8 - 0.04 0.17 31380
aoD2SG 75e2 2 8 - 0.03 0.18 31380
moore 75e2 2 8 - 1.15 463.44 1688796
nbpm 75e2 2 8 - 4.41 168.89 4242132
greedy 75e2 2 8 - 3.73 150.81 6183088
dry 2e7 2 156 - 0.26 0.75 420796
aoDLAV 2e7 2 156 - 1.71 109.66 2987068
aoULAV 2e7 2 156 - 1.64 118.41 2987068
aoD2AG 2e7 2 156 - 3.60 162.50 4387212
aoD2SG 2e7 2 156 - 4.35 191.78 4544780
dry 32e6 2 233 - 0.37 1.10 655176
aoDLAV 32e6 2 233 - 2.65 180.35 4768324
aoULAV 32e6 2 233 - 2.61 188.63 4768324
aoD2AG 32e6 2 233 - 6.15 271.73 7007920
aoD2SG 32e6 2 233 - 6.40 318.78 7264172
dry 2e7 2 130 - 0.24 0.75 420796
aoDLAV 2e7 2 130 - 1.72 107.07 2987072
aoULAV 2e7 2 130 - 1.74 112.21 2987072
aoD2AG 2e7 2 130 - 4.11 165.96 4385828
aoD2SG 2e7 2 130 - 3.88 187.77 4546172
dry 1e4 10 181 - 0.03 0.12 29676
aoDLAV 1e4 10 181 - 0.03 0.69 32768
aoULAV 1e4 10 181 - 0.03 0.67 32820
aoD2AG 1e4 10 181 - 0.04 0.69 32744
aoD2SG 1e4 10 181 - 0.03 0.76 34176
moore 1e4 10 181 - 1.15 1258.48 2963856
nbpm 1e4 10 181 - 7.63 735.86 7764384
greedy 1e4 10 181 - 6.44 268.18 10961112
dry 32e6 2 86 - 0.38 1.09 655176
aoDLAV 32e6 2 86 - 2.79 182.42 4768324
aoULAV 32e6 2 86 - 2.67 194.82 4768324
aoD2AG 32e6 2 86 - 6.75 259.49 7007240
aoD2SG 32e6 2 86 - 6.75 305.95 7261048
dry 3e7 2 22 - 0.33 1.04 616104
aoDLAV 3e7 2 22 - 2.56 177.45 4471428
aoULAV 3e7 2 22 - 2.78 175.00 4471428
aoD2AG 3e7 2 22 - 5.82 258.91 6571768
aoD2SG 3e7 2 22 - 6.25 295.76 6811976
dry 3e7 2 201 - 0.36 1.05 616104
aoDLAV 3e7 2 201 - 2.56 176.55 4471432
aoULAV 3e7 2 201 - 3.42 184.86 4471428
aoD2AG 3e7 2 201 - 5.25 255.15 6569280
aoD2SG 3e7 2 201 - 6.36 297.79 6808672
dry 1e4 10 112 - 0.03 0.12 29632
aoDLAV 1e4 10 112 - 0.04 0.69 32764
aoULAV 1e4 10 112 - 0.04 0.69 32776
aoD2AG 1e4 10 112 - 0.03 0.72 32744
aoD2SG 1e4 10 112 - 0.03 0.79 34176
moore 1e4 10 112 - 1.24 923.97 2963908
nbpm 1e4 10 112 - 7.89 778.23 7764384
greedy 1e4 10 112 - 6.43 285.83 10961112
dry 56e6 2 8 - 0.70 1.84 1123924
aoDLAV 56e6 2 8 - 4.85 326.48 8330816
aoULAV 56e6 2 8 - 6.19 362.32 8330816
aoD2AG 56e6 2 8 - 11.39 492.48 12248124
aoD2SG 56e6 2 8 - 11.75 733.69 12692900
dry 18e6 2 74 - 0.21 0.72 381740
aoDLAV 18e6 2 74 - 1.53 94.13 2690196
aoULAV 18e6 2 74 - 2.03 96.09 2690192
aoD2AG 18e6 2 74 - 3.13 145.16 3952596
aoD2SG 18e6 2 74 - 3.73 169.23 4095512
dry 32e6 2 111 - 0.38 1.10 655176
aoDLAV 32e6 2 111 - 2.67 175.64 4768324
aoULAV 32e6 2 111 - 3.35 194.63 4768324
aoD2AG 32e6 2 111 - 5.82 264.57 7008116
aoD2SG 32e6 2 111 - 6.59 314.77 7263092
dry 4e7 2 11 - 0.43 1.32 811428
aoDLAV 4e7 2 11 - 3.44 229.29 5955816
aoULAV 4e7 2 11 - 4.33 247.91 5955816
aoD2AG 4e7 2 11 - 7.74 358.36 8755428
aoD2SG 4e7 2 11 - 8.34 401.46 9073620
dry 56e6 2 137 - 0.65 1.81 1123924
aoDLAV 56e6 2 137 - 4.79 353.00 8330816
aoULAV 56e6 2 137 - 6.03 364.59 8330820
aoD2AG 56e6 2 137 - 11.23 495.34 12248456
aoD2SG 56e6 2 137 - 11.56 655.03 12692412
dry 25e2 2 89 - 0.02 0.12 26080
aoDLAV 25e2 2 89 - 0.02 0.15 30452
aoULAV 25e2 2 89 - 0.03 0.14 30468
aoD2AG 25e2 2 89 - 0.03 0.14 30996
aoD2SG 25e2 2 89 - 0.03 0.15 31032
moore 25e2 2 89 - 0.10 23.65 213608
nbpm 25e2 2 89 - 0.51 12.78 541644
greedy 25e2 2 89 - 0.40 10.63 713668
dry 50e2 2 54 - 0.03 0.11 26208
aoDLAV 50e2 2 54 - 0.03 0.15 30848
aoULAV 50e2 2 54 - 0.03 0.15 30860
aoD2AG 50e2 2 54 - 0.03 0.15 31780
aoD2SG 50e2 2 54 - 0.03 0.17 31872
moore 50e2 2 54 - 0.61 189.58 764624
nbpm 50e2 2 54 - 2.17 54.01 2011920
greedy 50e2 2 54 - 1.58 61.33 2764784
dry 7e7 2 23 - 0.74 2.19 1397356
aoDLAV 7e7 2 23 - 5.66 417.48 10408940
aoULAV 7e7 2 23 - 7.92 447.73 10408936
aoD2AG 7e7 2 23 - 13.76 642.75 15302736
aoD2SG 7e7 2 23 - 15.25 757.72 15864856
dry 1e4 2 76 - 0.03 0.12 26432
aoDLAV 1e4 2 76 - 0.04 0.17 31864
aoULAV 1e4 2 76 - 0.04 0.17 31876
aoD2AG 1e4 2 76 - 0.04 0.17 31876
aoD2SG 1e4 2 76 - 0.03 0.18 31988
moore 1e4 2 76 - 1.19 1267.31 2960572
nbpm 1e4 2 76 - 7.56 371.71 7889420
greedy 1e4 2 76 - 6.34 273.22 10968572
dry 1e4 10 223 - 0.03 0.11 27688
aoDLAV 1e4 10 223 - 0.03 0.67 32764
aoULAV 1e4 10 223 - 0.03 0.68 32780
aoD2AG 1e4 10 223 - 0.03 0.70 32744
aoD2SG 1e4 10 223 - 0.03 0.77 34176
moore 1e4 10 223 - 1.12 1072.11 2963856
nbpm 1e4 10 223 - 7.47 817.63 7764384
greedy 1e4 10 223 - 6.69 271.41 10961108
dry 1e4 2 8 - 0.03 0.12 26432
aoDLAV 1e4 2 8 - 0.02 0.18 31864
aoULAV 1e4 2 8 - 0.03 0.18 31884
aoD2AG 1e4 2 8 - 0.03 0.18 31876
aoD2SG 1e4 2 8 - 0.02 0.19 31992
moore 1e4 2 8 - 1.10 1123.67 2960580
nbpm 1e4 2 8 - 7.54 349.16 7889424
greedy 1e4 2 8 - 6.51 282.23 10968568
dry 18e2 2 39 - 0.02 0.13 26048
aoDLAV 18e2 2 39 - 0.02 0.15 30372
aoULAV 18e2 2 39 - 0.03 0.14 30384
aoD2AG 18e2 2 39 - 0.03 0.15 30792
aoD2SG 18e2 2 39 - 0.03 0.15 30832
moore 18e2 2 39 - 0.05 18.65 125420
nbpm 18e2 2 39 - 0.19 7.75 334536
greedy 18e2 2 39 - 0.29 4.82 384356
dry 56e6 2 80 - 0.67 1.81 1123924
aoDLAV 56e6 2 80 - 4.83 336.42 8330816
aoULAV 56e6 2 80 - 6.21 359.57 8330820
aoD2AG 56e6 2 80 - 11.11 508.62 12245412
aoD2SG 56e6 2 80 - 11.41 592.53 12692872
dry 56e6 2 226 - 0.62 1.80 1123924
aoDLAV 56e6 2 226 - 4.83 336.66 8330820
aoULAV 56e6 2 226 - 6.40 361.50 8330816
aoD2AG 56e6 2 226 - 10.97 502.93 12247544
aoD2SG 56e6 2 226 - 11.96 716.03 12694364
dry 18e6 2 28 - 0.25 0.68 381736
aoDLAV 18e6 2 28 - 1.68 97.24 2690192
aoULAV 18e6 2 28 - 1.60 99.87 2690192
aoD2AG 18e6 2 28 - 3.25 142.82 3950012
aoD2SG 18e6 2 28 - 3.86 161.85 4094312
dry 2e7 2 115 - 0.24 0.75 420796
aoDLAV 2e7 2 115 - 1.78 108.48 2987068
aoULAV 2e7 2 115 - 2.16 109.74 2987072
aoD2AG 2e7 2 115 - 3.78 159.95 4388356
aoD2SG 2e7 2 115 - 4.41 188.68 4549020
dry 50e2 2 123 - 0.02 0.12 26204
aoDLAV 50e2 2 123 - 0.03 0.15 30848
aoULAV 50e2 2 123 - 0.04 0.14 30860
aoD2AG 50e2 2 123 - 0.04 0.16 31780
aoD2SG 50e2 2 123 - 0.04 0.18 31868
moore 50e2 2 123 - 0.48 157.17 764596
nbpm 50e2 2 123 - 1.99 55.30 2011916
greedy 50e2 2 123 - 1.95 61.56 2764788
dry 4e7 2 247 - 0.52 1.32 811424
aoDLAV 4e7 2 247 - 3.50 232.11 5955816
aoULAV 4e7 2 247 - 4.48 242.28 5955816
aoD2AG 4e7 2 247 - 8.02 338.79 8754836
aoD2SG 4e7 2 247 - 8.17 405.23 9072288
dry 32e6 2 242 - 0.36 1.11 655176
aoDLAV 32e6 2 242 - 2.69 178.04 4768324
aoULAV 32e6 2 242 - 3.50 187.96 4768324
aoD2AG 32e6 2 242 - 6.27 291.33 7004504
aoD2SG 32e6 2 242 - 6.66 315.14 7261892
dry 4e7 2 52 - 0.49 1.32 811428
aoDLAV 4e7 2 52 - 3.35 229.39 5955820
aoULAV 4e7 2 52 - 4.43 237.71 5955820
aoD2AG 4e7 2 52 - 7.29 344.49 8754712
aoD2SG 4e7 2 52 - 8.18 408.19 9071544
dry 1e4 10 216 - 0.02 0.12 29156
aoDLAV 1e4 10 216 - 0.03 0.68 32768
aoULAV 1e4 10 216 - 0.03 0.67 32776
aoD2AG 1e4 10 216 - 0.03 0.70 32744
aoD2SG 1e4 10 216 - 0.03 0.77 34176
moore 1e4 10 216 - 1.16 1050.00 2963852
nbpm 1e4 10 216 - 7.44 731.26 7764384
greedy 1e4 10 216 - 6.50 280.07 10961108
dry 32e6 2 68 - 0.41 1.08 655176
aoDLAV 32e6 2 68 - 2.80 178.64 4768324
aoULAV 32e6 2 68 - 3.59 188.02 4768324
aoD2AG 32e6 2 68 - 5.62 263.43 7005476
aoD2SG 32e6 2 68 - 6.42 313.76 7264060
dry 75e2 2 20 - 0.03 0.11 28320
aoDLAV 75e2 2 20 - 0.03 0.15 31376
aoULAV 75e2 2 20 - 0.03 0.15 31388
aoD2AG 75e2 2 20 - 0.04 0.19 31380
aoD2SG 75e2 2 20 - 0.03 0.20 31380
moore 75e2 2 20 - 0.88 404.09 1688784
nbpm 75e2 2 20 - 4.37 175.26 4242124
greedy 75e2 2 20 - 3.61 149.17 6183092
dry 56e6 2 107 - 0.68 1.74 1123924
aoDLAV 56e6 2 107 - 4.67 335.18 8330816
aoULAV 56e6 2 107 - 6.22 358.27 8330816
aoD2AG 56e6 2 107 - 11.42 513.22 12248640
aoD2SG 56e6 2 107 - 11.94 745.27 12693956
dry 18e6 2 165 - 0.23 0.69 381736
aoDLAV 18e6 2 165 - 1.63 97.18 2690192
aoULAV 18e6 2 165 - 1.99 101.21 2690192
aoD2AG 18e6 2 165 - 2.92 142.64 3951524
aoD2SG 18e6 2 165 - 3.87 171.61 4093952
dry 32e2 2 245 - 0.02 0.12 26112
aoDLAV 32e2 2 245 - 0.03 0.16 30544
aoULAV 32e2 2 245 - 0.04 0.14 30548
aoD2AG 32e2 2 245 - 0.03 0.15 31208
aoD2SG 32e2 2 245 - 0.03 0.16 31256
moore 32e2 2 245 - 0.33 75.17 330520
nbpm 32e2 2 245 - 0.87 20.87 854760
greedy 32e2 2 245 - 0.74 24.33 1150168
dry 75e2 2 236 - 0.03 0.12 26328
aoDLAV 75e2 2 236 - 0.04 0.16 31376
aoULAV 75e2 2 236 - 0.04 0.16 31388
aoD2AG 75e2 2 236 - 0.03 0.18 31384
aoD2SG 75e2 2 236 - 0.03 0.19 31380
moore 75e2 2 236 - 1.67 557.22 1688792
nbpm 75e2 2 236 - 4.07 189.66 4242136
greedy 75e2 2 236 - 3.92 154.64 6183132
dry 25e2 2 192 - 0.02 0.12 26080
aoDLAV 25e2 2 192 - 0.02 0.15 30452
aoULAV 25e2 2 192 - 0.03 0.15 30464
aoD2AG 25e2 2 192 - 0.02 0.16 31000
aoD2SG 25e2 2 192 - 0.02 0.16 31044
moore 25e2 2 192 - 0.09 34.62 213604
nbpm 25e2 2 192 - 0.60 13.25 541644
greedy 25e2 2 192 - 0.39 11.86 713728
dry 1e4 10 88 - 0.03 0.12 29188
aoDLAV 1e4 10 88 - 0.03 0.74 32764
aoULAV 1e4 10 88 - 0.02 0.74 32776
aoD2AG 1e4 10 88 - 0.04 0.76 32748
aoD2SG 1e4 10 88 - 0.03 0.85 34176
moore 1e4 10 88 - 1.14 826.49 2963856
nbpm 1e4 10 88 - 7.34 694.07 7764396
greedy 1e4 10 88 - 5.86 166.71 10961108
