dry 1e4 10 143 - 0.02 0.13 29444
aoDLAV 1e4 10 143 - 0.04 0.69 32764
aoULAV 1e4 10 143 - 0.03 0.68 32780
aoD2AG 1e4 10 143 - 0.03 0.71 32744
aoD2SG 1e4 10 143 - 0.03 0.77 34180
moore 1e4 10 143 - 1.14 1192.37 2963856
nbpm 1e4 10 143 - 7.54 1161.41 7764392
greedy 1e4 10 143 - 6.65 269.10 10961108
dry 75e2 2 78 - 0.02 0.12 26328
aoDLAV 75e2 2 78 - 0.03 0.16 31376
aoULAV 75e2 2 78 - 0.04 0.15 31392
aoD2AG 75e2 2 78 - 0.03 0.17 31384
aoD2SG 75e2 2 78 - 0.02 0.18 31384
moore 75e2 2 78 - 0.83 418.13 1688792
nbpm 75e2 2 78 - 4.34 159.11 4242132
greedy 75e2 2 78 - 3.50 147.42 6183092
dry 4e7 2 222 - 0.47 1.33 811428
aoDLAV 4e7 2 222 - 3.54 233.73 5955820
aoULAV 4e7 2 222 - 3.58 256.06 5955816
aoD2AG 4e7 2 222 - 8.14 351.01 8755248
aoD2SG 4e7 2 222 - 8.23 404.03 9073428
dry 3e7 2 18 - 0.37 1.03 616104
aoDLAV 3e7 2 18 - 2.50 166.92 4471432
aoULAV 3e7 2 18 - 2.52 180.50 4471432
aoD2AG 3e7 2 18 - 5.78 256.05 6571676
aoD2SG 3e7 2 18 - 6.33 300.74 6811192
dry 7e7 2 148 - 0.81 2.17 1397356
aoDLAV 7e7 2 148 - 5.80 425.15 10408936
aoULAV 7e7 2 148 - 7.61 453.06 10408936
aoD2AG 7e7 2 148 - 13.56 646.48 15304108
aoD2SG 7e7 2 148 - 14.40 751.00 15866552
dry 2e7 2 28 - 0.23 0.75 420800
aoDLAV 2e7 2 28 - 1.76 120.16 2987068
aoULAV 2e7 2 28 - 1.77 114.61 2987072
aoD2AG 2e7 2 28 - 4.20 168.70 4388432
aoD2SG 2e7 2 28 - 3.80 181.97 4547056
dry 32e2 2 139 - 0.03 0.12 27956
aoDLAV 32e2 2 139 - 0.04 0.16 30540
aoULAV 32e2 2 139 - 0.03 0.16 30548
aoD2AG 32e2 2 139 - 0.04 0.15 31200
aoD2SG 32e2 2 139 - 0.03 0.16 31256
moore 32e2 2 139 - 0.20 49.25 330520
nbpm 32e2 2 139 - 0.91 20.13 854760
greedy 32e2 2 139 - 0.76 20.88 1150164
dry 75e2 2 73 - 0.02 0.12 26328
aoDLAV 75e2 2 73 - 0.02 0.16 31376
aoULAV 75e2 2 73 - 0.03 0.15 31392
aoD2AG 75e2 2 73 - 0.03 0.17 31380
aoD2SG 75e2 2 73 - 0.03 0.17 31380
moore 75e2 2 73 - 1.20 486.06 1688792
nbpm 75e2 2 73 - 4.20 161.52 4242136
greedy 75e2 2 73 - 3.76 148.63 6183092
dry 56e2 2 231 - 0.02 0.13 26240
aoDLAV 56e2 2 231 - 0.03 0.16 30976
aoULAV 56e2 2 231 - 0.03 0.16 30992
aoD2AG 56e2 2 231 - 0.04 0.17 31976
aoD2SG 56e2 2 231 - 0.04 0.17 31120
moore 56e2 2 231 - 0.40 158.19 949988
nbpm 56e2 2 231 - 2.57 100.56 2388104
greedy 56e2 2 231 - 2.10 75.57 3460488
dry 4e7 2 66 - 0.46 1.32 811428
aoDLAV 4e7 2 66 - 3.60 227.73 5955816
aoULAV 4e7 2 66 - 4.55 249.00 5955816
aoD2AG 4e7 2 66 - 8.01 350.73 8752112
aoD2SG 4e7 2 66 - 8.14 415.22 9072544
dry 1e4 10 16 - 0.03 0.11 27692
aoDLAV 1e4 10 16 - 0.03 0.70 32764
aoULAV 1e4 10 16 - 0.02 0.69 32776
aoD2AG 1e4 10 16 - 0.03 0.72 32744
aoD2SG 1e4 10 16 - 0.03 0.79 34176
moore 1e4 10 16 - 1.15 1160.56 2963852
nbpm 1e4 10 16 - 7.33 699.76 7764384
greedy 1e4 10 16 - 6.76 277.11 10961108
dry 32e6 2 169 - 0.41 1.12 655176
aoDLAV 32e6 2 169 - 2.69 196.11 4768324
aoULAV 32e6 2 169 - 3.60 187.15 4768324
aoD2AG 32e6 2 169 - 6.22 273.69 7008452
aoD2SG 32e6 2 169 - 6.73 324.27 7262796
dry 56e2 2 2 - 0.02 0.12 26236
aoDLAV 56e2 2 2 - 0.04 0.14 30976
aoULAV 56e2 2 2 - 0.03 0.15 30988
aoD2AG 56e2 2 2 - 0.02 0.17 31980
aoD2SG 56e2 2 2 - 0.02 0.18 31124
moore 56e2 2 2 - 0.88 261.83 952720
nbpm 56e2 2 2 - 2.34 89.05 2388080
greedy 56e2 2 2 - 2.09 77.37 3460492
dry 18e2 2 182 - 0.03 0.12 26052
aoDLAV 18e2 2 182 - 0.03 0.15 30376
aoULAV 18e2 2 182 - 0.03 0.15 30384
aoD2AG 18e2 2 182 - 0.03 0.15 30792
aoD2SG 18e2 2 182 - 0.03 0.15 30832
moore 18e2 2 182 - 0.08 21.62 125408
nbpm 18e2 2 182 - 0.19 7.73 334532
greedy 18e2 2 182 - 0.24 4.81 384352
dry 6e7 2 103 - 0.73 1.95 1202044
aoDLAV 6e7 2 103 - 5.06 366.64 8924560
aoULAV 6e7 2 103 - 6.60 380.70 8924560
aoD2AG 6e7 2 103 - 11.57 540.88 13119736
aoD2SG 6e7 2 103 - 12.33 656.61 13598588
dry 6e7 2 97 - 0.73 1.90 1202044
aoDLAV 6e7 2 97 - 5.25 365.19 8924560
aoULAV 6e7 2 97 - 6.60 449.08 8924564
aoD2AG 6e7 2 97 - 11.90 531.49 13120904
aoD2SG 6e7 2 97 - 12.51 646.92 13598696
dry 1e4 10 129 - 0.02 0.13 27688
aoDLAV 1e4 10 129 - 0.03 0.71 32768
aoULAV 1e4 10 129 - 0.04 0.69 32776
aoD2AG 1e4 10 129 - 0.04 0.72 32744
aoD2SG 1e4 10 129 - 0.04 0.77 34176
moore 1e4 10 129 - 1.21 1047.93 2963892
nbpm 1e4 10 129 - 7.83 693.06 7764388
greedy 1e4 10 129 - 6.87 271.57 10961108
dry 32e2 2 71 - 0.03 0.12 26112
aoDLAV 32e2 2 71 - 0.03 0.15 30544
aoULAV 32e2 2 71 - 0.03 0.15 30552
aoD2AG 32e2 2 71 - 0.03 0.15 31192
aoD2SG 32e2 2 71 - 0.03 0.15 31260
moore 32e2 2 71 - 0.29 68.50 330524
nbpm 32e2 2 71 - 0.89 19.78 854760
greedy 32e2 2 71 - 0.66 20.20 1150168
dry 2e7 2 233 - 0.24 0.74 420796
aoDLAV 2e7 2 233 - 1.64 102.33 2987072
aoULAV 2e7 2 233 - 1.81 112.61 2987068
aoD2AG 2e7 2 233 - 3.86 165.01 4388416
aoD2SG 2e7 2 233 - 3.77 183.33 4545444
dry 5e7 2 231 - 0.55 1.60 1006736
aoDLAV 5e7 2 231 - 4.17 293.86 7440192
aoULAV 5e7 2 231 - 5.65 325.19 7440192
aoD2AG 5e7 2 231 - 9.92 463.96 10936864
aoD2SG 5e7 2 231 - 10.45 544.59 11336252
dry 75e2 2 52 - 0.02 0.12 26328
aoDLAV 75e2 2 52 - 0.03 0.15 31376
aoULAV 75e2 2 52 - 0.02 0.16 31388
aoD2AG 75e2 2 52 - 0.03 0.18 31380
aoD2SG 75e2 2 52 - 0.02 0.19 31380
moore 75e2 2 52 - 2.28 670.16 1688796
nbpm 75e2 2 52 - 4.19 162.71 4242132
greedy 75e2 2 52 - 4.09 156.26 6183096
dry 1e4 5 236 - 0.03 0.12 26904
aoDLAV 1e4 5 236 - 0.04 0.21 31084
aoULAV 1e4 5 236 - 0.04 0.22 31100
aoD2AG 1e4 5 236 - 0.03 0.23 32108
aoD2SG 1e4 5 236 - 0.02 0.24 32108
moore 1e4 5 236 - 1.08 1199.46 2961736
nbpm 1e4 5 236 - 7.79 648.23 7811452
greedy 1e4 5 236 - 6.72 291.89 10959172
dry 56e6 2 185 - 0.67 1.81 1123956
aoDLAV 56e6 2 185 - 4.87 327.67 8330816
aoULAV 56e6 2 185 - 6.21 355.15 8330816
aoD2AG 56e6 2 185 - 10.82 490.68 12250240
aoD2SG 56e6 2 185 - 11.71 576.75 12696484
dry 56e2 2 240 - 0.02 0.12 26240
aoDLAV 56e2 2 240 - 0.03 0.15 30976
aoULAV 56e2 2 240 - 0.04 0.15 30988
aoD2AG 56e2 2 240 - 0.03 0.18 31992
aoD2SG 56e2 2 240 - 0.04 0.18 31124
moore 56e2 2 240 - 0.42 149.65 949988
nbpm 56e2 2 240 - 2.31 72.31 2388084
greedy 56e2 2 240 - 1.92 80.13 3460488
dry 18e2 2 234 - 0.03 0.12 26048
aoDLAV 18e2 2 234 - 0.03 0.15 30372
aoULAV 18e2 2 234 - 0.04 0.14 30384
aoD2AG 18e2 2 234 - 0.02 0.16 30784
aoD2SG 18e2 2 234 - 0.03 0.15 30812
moore 18e2 2 234 - 0.07 20.82 125408
nbpm 18e2 2 234 - 0.18 7.98 334528
greedy 18e2 2 234 - 0.30 3.97 384352
dry 50e2 2 187 - 0.02 0.12 27952
aoDLAV 50e2 2 187 - 0.03 0.15 30848
aoULAV 50e2 2 187 - 0.03 0.15 30860
aoD2AG 50e2 2 187 - 0.02 0.17 31780
aoD2SG 50e2 2 187 - 0.03 0.17 31868
moore 50e2 2 187 - 0.64 192.87 764600
nbpm 50e2 2 187 - 2.02 57.13 2011928
greedy 50e2 2 187 - 1.52 60.58 2764780
dry 32e2 2 29 - 0.02 0.12 26116
aoDLAV 32e2 2 29 - 0.03 0.15 30540
aoULAV 32e2 2 29 - 0.03 0.15 30548
aoD2AG 32e2 2 29 - 0.04 0.15 31216
aoD2SG 32e2 2 29 - 0.03 0.16 31260
moore 32e2 2 29 - 0.27 62.73 330512
nbpm 32e2 2 29 - 0.90 19.71 854752
greedy 32e2 2 29 - 0.74 23.17 1150164
dry 18e6 2 153 - 0.25 0.68 381736
aoDLAV 18e6 2 153 - 1.45 95.20 2690192
aoULAV 18e6 2 153 - 1.66 100.97 2690196
aoD2AG 18e6 2 153 - 3.02 145.37 3949164
aoD2SG 18e6 2 153 - 3.57 172.55 4094088
dry 1e4 2 169 - 0.02 0.12 26432
aoDLAV 1e4 2 169 - 0.03 0.18 31864
aoULAV 1e4 2 169 - 0.03 0.18 31876
aoD2AG 1e4 2 169 - 0.03 0.19 31876
aoD2SG 1e4 2 169 - 0.02 0.19 31984
moore 1e4 2 169 - 1.19 1130.50 2960572
nbpm 1e4 2 169 - 7.44 348.74 7889416
greedy 1e4 2 169 - 7.11 282.82 10968576
dry 6e7 2 84 - 0.72 1.92 1202048
aoDLAV 6e7 2 84 - 5.27 356.38 8924560
aoULAV 6e7 2 84 - 6.59 470.38 8924560
aoD2AG 6e7 2 84 - 11.63 537.47 13122424
aoD2SG 6e7 2 84 - 12.42 632.26 13599512
dry 1e4 10 18 - 0.03 0.12 27692
aoDLAV 1e4 10 18 - 0.04 0.68 32764
aoULAV 1e4 10 18 - 0.02 0.71 32776
aoD2AG 1e4 10 18 - 0.03 0.71 32744
aoD2SG 1e4 10 18 - 0.04 0.79 34180
moore 1e4 10 18 - 1.22 1050.45 2963852
nbpm 1e4 10 18 - 7.47 718.24 7764396
greedy 1e4 10 18 - 6.18 269.86 10961108
dry 6e7 2 207 - 0.68 1.91 1202044
aoDLAV 6e7 2 207 - 4.77 358.04 8924564
aoULAV 6e7 2 207 - 6.52 380.84 8924560
aoD2AG 6e7 2 207 - 11.40 534.62 13120800
aoD2SG 6e7 2 207 - 12.04 633.63 13598960
dry 32e6 2 224 - 0.37 1.10 655180
aoDLAV 32e6 2 224 - 2.64 179.37 4768324
aoULAV 32e6 2 224 - 2.72 195.48 4768324
aoD2AG 32e6 2 224 - 6.09 274.35 7008128
aoD2SG 32e6 2 224 - 6.53 326.61 7264476
dry 56e2 2 211 - 0.03 0.12 26236
aoDLAV 56e2 2 211 - 0.04 0.15 30976
aoULAV 56e2 2 211 - 0.04 0.15 30988
aoD2AG 56e2 2 211 - 0.03 0.18 31980
aoD2SG 56e2 2 211 - 0.03 0.17 31124
moore 56e2 2 211 - 0.43 145.11 949992
nbpm 56e2 2 211 - 2.42 71.86 2388088
greedy 56e2 2 211 - 2.27 85.07 3460492
dry 32e2 2 167 - 0.02 0.13 26112
aoDLAV 32e2 2 167 - 0.03 0.15 30540
aoULAV 32e2 2 167 - 0.04 0.15 30548
aoD2AG 32e2 2 167 - 0.03 0.16 31220
aoD2SG 32e2 2 167 - 0.03 0.15 31284
moore 32e2 2 167 - 0.21 52.30 330512
nbpm 32e2 2 167 - 0.86 20.20 854752
greedy 32e2 2 167 - 0.74 22.57 1150168
dry 25e2 2 147 - 0.03 0.13 26080
aoDLAV 25e2 2 147 - 0.02 0.16 30452
aoULAV 25e2 2 147 - 0.02 0.16 30468
aoD2AG 25e2 2 147 - 0.03 0.15 30988
aoD2SG 25e2 2 147 - 0.03 0.16 31036
moore 25e2 2 147 - 0.10 35.08 213596
nbpm 25e2 2 147 - 0.54 12.82 541640
greedy 25e2 2 147 - 0.49 10.27 713660
dry 25e2 2 64 - 0.03 0.11 26080
aoDLAV 25e2 2 64 - 0.03 0.14 30452
aoULAV 25e2 2 64 - 0.03 0.15 30464
aoD2AG 25e2 2 64 - 0.03 0.15 30980
aoD2SG 25e2 2 64 - 0.03 0.15 31024
moore 25e2 2 64 - 0.10 22.94 213604
nbpm 25e2 2 64 - 0.58 12.42 541644
greedy 25e2 2 64 - 0.49 10.19 713664
dry 50e2 2 117 - 0.02 0.12 26204
aoDLAV 50e2 2 117 - 0.02 0.15 30848
aoULAV 50e2 2 117 - 0.03 0.15 30864
aoD2AG 50e2 2 117 - 0.03 0.15 31788
aoD2SG 50e2 2 117 - 0.03 0.17 31888
moore 50e2 2 117 - 0.79 222.25 764676
nbpm 50e2 2 117 - 2.15 54.54 2011928
greedy 50e2 2 117 - 1.67 63.65 2764784
dry 3e7 2 26 - 0.36 1.04 616104
aoDLAV 3e7 2 26 - 2.51 168.61 4471428
aoULAV 3e7 2 26 - 3.52 178.81 4471428
aoD2AG 3e7 2 26 - 5.37 256.89 6572096
aoD2SG 3e7 2 26 - 6.31 298.59 6809828
dry 1e4 10 117 - 0.02 0.13 29628
aoDLAV 1e4 10 117 - 0.03 0.71 32764
aoULAV 1e4 10 117 - 0.02 0.72 32776
aoD2AG 1e4 10 117 - 0.03 0.72 32744
aoD2SG 1e4 10 117 - 0.03 0.82 34176
moore 1e4 10 117 - 1.14 937.84 2963852
nbpm 1e4 10 117 - 7.51 732.09 7764384
greedy 1e4 10 117 - 6.79 292.21 10961112
dry 18e2 2 12 - 0.02 0.12 26048
aoDLAV 18e2 2 12 - 0.03 0.14 30372
aoULAV 18e2 2 12 - 0.02 0.15 30384
aoD2AG 18e2 2 12 - 0.03 0.15 30792
aoD2SG 18e2 2 12 - 0.03 0.14 30832
moore 18e2 2 12 - 0.07 11.11 125416
nbpm 18e2 2 12 - 0.17 7.99 334620
greedy 18e2 2 12 - 0.21 3.67 384352
dry 1e4 10 161 - 0.03 0.12 29020
aoDLAV 1e4 10 161 - 0.03 0.66 32764
aoULAV 1e4 10 161 - 0.03 0.67 32776
aoD2AG 1e4 10 161 - 0.03 0.69 32744
aoD2SG 1e4 10 161 - 0.03 0.77 34176
moore 1e4 10 161 - 1.15 1170.74 2963856
nbpm 1e4 10 161 - 7.56 812.01 7764392
greedy 1e4 10 161 - 6.78 277.80 10961108
dry 18e6 2 198 - 0.22 0.70 381736
aoDLAV 18e6 2 198 - 1.57 93.51 2690192
aoULAV 18e6 2 198 - 1.97 97.48 2690196
aoD2AG 18e6 2 198 - 3.21 143.98 3950524
aoD2SG 18e6 2 198 - 3.90 186.29 4094764
dry 4e7 2 146 - 0.44 1.32 811424
aoDLAV 4e7 2 146 - 3.22 227.93 5955816
aoULAV 4e7 2 146 - 4.23 252.41 5955816
aoD2AG 4e7 2 146 - 7.76 347.15 8754184
aoD2SG 4e7 2 146 - 8.51 396.92 9072264
dry 32e2 2 187 - 0.02 0.12 26116
aoDLAV 32e2 2 187 - 0.03 0.15 30540
aoULAV 32e2 2 187 - 0.03 0.15 30552
aoD2AG 32e2 2 187 - 0.04 0.15 31220
aoD2SG 32e2 2 187 - 0.04 0.15 31276
moore 32e2 2 187 - 0.31 73.97 330516
nbpm 32e2 2 187 - 0.88 19.73 854752
greedy 32e2 2 187 - 0.62 20.17 1150164
dry 56e2 2 222 - 0.03 0.12 26236
aoDLAV 56e2 2 222 - 0.02 0.17 30976
aoULAV 56e2 2 222 - 0.03 0.16 30992
aoD2AG 56e2 2 222 - 0.04 0.17 31980
aoD2SG 56e2 2 222 - 0.04 0.17 31124
moore 56e2 2 222 - 0.39 151.68 949984
nbpm 56e2 2 222 - 2.54 91.68 2388076
greedy 56e2 2 222 - 2.32 81.80 3460488
dry 2e7 2 185 - 0.27 0.74 420800
aoDLAV 2e7 2 185 - 1.78 110.59 2987068
aoULAV 2e7 2 185 - 1.82 116.41 2987068
aoD2AG 2e7 2 185 - 3.87 158.44 4388260
aoD2SG 2e7 2 185 - 3.77 189.77 4548504
dry 1e4 2 224 - 0.03 0.11 26432
aoDLAV 1e4 2 224 - 0.03 0.17 31864
aoULAV 1e4 2 224 - 0.03 0.17 31876
aoD2AG 1e4 2 224 - 0.03 0.18 31876
aoD2SG 1e4 2 224 - 0.02 0.19 31988
moore 1e4 2 224 - 1.11 1119.12 2960572
nbpm 1e4 2 224 - 7.54 362.46 7889420
greedy 1e4 2 224 - 7.00 275.81 10968568
dry 4e7 2 170 - 0.52 1.31 811424
aoDLAV 4e7 2 170 - 3.39 226.41 5955820
aoULAV 4e7 2 170 - 4.55 238.66 5955816
aoD2AG 4e7 2 170 - 7.03 343.93 8753340
aoD2SG 4e7 2 170 - 8.59 403.68 9072684
dry 56e2 2 96 - 0.02 0.12 26240
aoDLAV 56e2 2 96 - 0.03 0.15 30976
aoULAV 56e2 2 96 - 0.02 0.16 30988
aoD2AG 56e2 2 96 - 0.03 0.17 31984
aoD2SG 56e2 2 96 - 0.03 0.17 31124
moore 56e2 2 96 - 0.66 218.64 952720
nbpm 56e2 2 96 - 2.36 72.40 2388080
greedy 56e2 2 96 - 2.27 85.15 3460492
dry 4e7 2 160 - 0.41 1.36 811424
aoDLAV 4e7 2 160 - 3.25 230.45 5955816
aoULAV 4e7 2 160 - 4.18 244.14 5955820
aoD2AG 4e7 2 160 - 7.87 386.94 8755332
aoD2SG 4e7 2 160 - 8.22 407.28 9075176
dry 75e2 2 229 - 0.03 0.12 26332
aoDLAV 75e2 2 229 - 0.02 0.17 31376
aoULAV 75e2 2 229 - 0.03 0.16 31388
aoD2AG 75e2 2 229 - 0.02 0.19 31380
aoD2SG 75e2 2 229 - 0.03 0.19 31380
moore 75e2 2 229 - 0.86 420.52 1688788
nbpm 75e2 2 229 - 4.16 161.79 4242124
greedy 75e2 2 229 - 4.15 174.48 6183088
dry 25e2 2 163 - 0.02 0.12 26080
aoDLAV 25e2 2 163 - 0.03 0.15 30452
aoULAV 25e2 2 163 - 0.02 0.16 30464
aoD2AG 25e2 2 163 - 0.03 0.15 30984
aoD2SG 25e2 2 163 - 0.02 0.16 31032
moore 25e2 2 163 - 0.10 36.44 213640
nbpm 25e2 2 163 - 0.57 12.79 541644
greedy 25e2 2 163 - 0.39 9.44 713668
dry 32e2 2 135 - 0.02 0.12 26112
aoDLAV 32e2 2 135 - 0.03 0.14 30540
aoULAV 32e2 2 135 - 0.04 0.16 30552
aoD2AG 32e2 2 135 - 0.03 0.15 31196
aoD2SG 32e2 2 135 - 0.03 0.15 31268
moore 32e2 2 135 - 0.34 78.79 330520
nbpm 32e2 2 135 - 0.92 19.37 854760
greedy 32e2 2 135 - 0.69 21.44 1150168
dry 32e6 2 102 - 0.35 1.10 655176
aoDLAV 32e6 2 102 - 2.66 175.67 4768328
aoULAV 32e6 2 102 - 2.93 189.85 4768324
aoD2AG 32e6 2 102 - 6.14 273.77 7005484
aoD2SG 32e6 2 102 - 6.36 315.98 7261408
dry 1e4 5 30 - 0.02 0.12 28548
aoDLAV 1e4 5 30 - 0.02 0.22 31084
aoULAV 1e4 5 30 - 0.03 0.21 31100
aoD2AG 1e4 5 30 - 0.03 0.22 32108
aoD2SG 1e4 5 30 - 0.03 0.23 32108
moore 1e4 5 30 - 1.21 774.67 2961768
nbpm 1e4 5 30 - 7.40 636.72 7811448
greedy 1e4 5 30 - 6.60 282.71 10959172
dry 18e2 2 140 - 0.03 0.12 26048
aoDLAV 18e2 2 140 - 0.03 0.15 30376
aoULAV 18e2 2 140 - 0.03 0.15 30384
aoD2AG 18e2 2 140 - 0.03 0.16 30776
aoD2SG 18e2 2 140 - 0.02 0.16 30820
moore 18e2 2 140 - 0.07 7.17 125444
nbpm 18e2 2 140 - 0.21 8.29 334540
greedy 18e2 2 140 - 0.28 3.73 384356
dry 5e7 2 220 - 0.69 1.63 1006740
aoDLAV 5e7 2 220 - 4.33 378.41 7440192
aoULAV 5e7 2 220 - 5.33 419.73 7440192
aoD2AG 5e7 2 220 - 9.61 436.75 10936728
aoD2SG 5e7 2 220 - 10.79 576.36 11337332
dry 18e6 2 149 - 0.22 0.70 381736
aoDLAV 18e6 2 149 - 1.67 98.23 2690196
aoULAV 18e6 2 149 - 1.61 102.07 2690192
aoD2AG 18e6 2 149 - 3.77 188.75 3951344
aoD2SG 18e6 2 149 - 3.47 165.59 4095568
dry 56e6 2 218 - 0.60 1.78 1123924
aoDLAV 56e6 2 218 - 4.50 328.06 8330816
aoULAV 56e6 2 218 - 6.31 358.64 8330816
aoD2AG 56e6 2 218 - 10.93 526.79 12248816
aoD2SG 56e6 2 218 - 11.55 584.67 12695200
dry 6e7 2 204 - 0.65 1.88 1202048
aoDLAV 6e7 2 204 - 4.71 366.16 8924564
aoULAV 6e7 2 204 - 6.55 391.45 8924560
aoD2AG 6e7 2 204 - 11.44 525.83 13120220
aoD2SG 6e7 2 204 - 12.47 804.93 13601768
