dry 2e4 10 175 - 0.02 0.11 30788
aoDLAV 2e4 10 175 - 0.02 1.29 34836
aoULAV 2e4 10 175 - 0.03 1.25 34852
aoD2AG 2e4 10 175 - 0.03 1.34 36080
aoD2SG 2e4 10 175 - 0.03 1.56 36076
moore 2e4 10 175 - 3.33 7188.69 11770836
nbpm 2e4 10 175 - 28.83 7508.31 30880036
greedy 2e4 10 175 - 26.14 1353.53 43775824
dry 1e8 2 162 - 1.17 3.04 1983296
aoDLAV 1e8 2 162 - 7.87 592.92 14862068
aoULAV 1e8 2 162 - 10.52 634.61 14862068
aoD2AG 1e8 2 162 - 19.04 1133.53 21857164
aoD2SG 1e8 2 162 - 19.89 1040.76 22652592
dry 9e7 2 164 - 0.93 2.77 1787984
aoDLAV 9e7 2 164 - 7.29 529.60 13377684
aoULAV 9e7 2 164 - 9.49 549.32 13377684
aoD2AG 9e7 2 164 - 16.62 789.16 19673520
aoD2SG 9e7 2 164 - 18.15 908.16 20388868
dry 1e8 5 90 - 2.32 6.18 4327052
aoDLAV 1e8 5 90 - 11.66 2605.02 23065204
aoULAV 1e8 5 90 - 16.76 2637.48 23065208
aoD2AG 1e8 5 90 - 27.03 2941.85 30456604
aoD2SG 1e8 5 90 - 26.67 3547.99 31313872
dry 1e8 5 178 - 2.37 6.23 4327052
aoDLAV 1e8 5 178 - 11.58 2579.17 23065204
aoULAV 1e8 5 178 - 16.43 2608.17 23065208
aoD2AG 1e8 5 178 - 26.91 2900.80 30455664
aoD2SG 1e8 5 178 - 28.21 3605.41 31310076
dry 2e4 2 65 - 0.02 0.12 26832
aoDLAV 2e4 2 65 - 0.03 0.19 30808
aoULAV 2e4 2 65 - 0.02 0.19 30808
aoD2AG 2e4 2 65 - 0.02 0.21 32288
aoD2SG 2e4 2 65 - 0.02 0.21 32288
moore 2e4 2 65 - 3.39 6915.60 11765552
nbpm 2e4 2 65 - 28.78 2828.02 31402196
greedy 2e4 2 65 - 24.24 1171.59 43771040
dry 9e7 2 235 - 1.43 2.68 1787984
aoDLAV 9e7 2 235 - 9.11 507.60 13377688
aoULAV 9e7 2 235 - 9.62 539.62 13377688
aoD2AG 9e7 2 235 - 17.40 771.27 19673248
aoD2SG 9e7 2 235 - 18.81 921.62 20392908
dry 2e4 10 16 - 0.03 0.12 30084
aoDLAV 2e4 10 16 - 0.05 1.71 34836
aoULAV 2e4 10 16 - 0.05 1.74 34848
aoD2AG 2e4 10 16 - 0.04 1.77 36076
aoD2SG 2e4 10 16 - 0.05 2.03 36080
moore 2e4 10 16 - 3.34 7327.90 11770836
nbpm 2e4 10 16 - 29.31 6443.08 30880040
greedy 2e4 10 16 - 24.54 1290.21 43775824
dry 150e2 2 224 - 0.03 0.13 26632
aoDLAV 150e2 2 224 - 0.04 0.19 30824
aoULAV 150e2 2 224 - 0.04 0.19 30824
aoD2AG 150e2 2 224 - 0.04 0.19 31608
aoD2SG 150e2 2 224 - 0.04 0.21 31608
moore 150e2 2 224 - 2.09 2567.05 6629352
nbpm 150e2 2 224 - 14.75 1413.51 16814176
greedy 150e2 2 224 - 14.73 657.63 24630028
dry 1e8 2 121 - 1.25 3.07 1983296
aoDLAV 1e8 2 121 - 7.74 603.39 14862068
aoULAV 1e8 2 121 - 10.79 660.14 14862068
aoD2AG 1e8 2 121 - 19.17 891.00 21857380
aoD2SG 1e8 2 121 - 20.44 1044.68 22653644
dry 18e3 2 34 - 0.03 0.12 26748
aoDLAV 18e3 2 34 - 0.03 0.19 30740
aoULAV 18e3 2 34 - 0.04 0.18 30740
aoD2AG 18e3 2 34 - 0.04 0.20 31804
aoD2SG 18e3 2 34 - 0.03 0.22 31824
moore 18e3 2 34 - 2.98 4909.28 9534988
nbpm 18e3 2 34 - 24.00 1987.19 25451068
greedy 18e3 2 34 - 21.14 1025.34 35458392
dry 175e2 2 35 - 0.04 0.12 30488
aoDLAV 175e2 2 35 - 0.03 0.19 30716
aoULAV 175e2 2 35 - 0.03 0.19 30716
aoD2AG 175e2 2 35 - 0.04 0.20 31756
aoD2SG 175e2 2 35 - 0.03 0.21 31760
moore 175e2 2 35 - 2.80 4982.74 9014028
nbpm 175e2 2 35 - 21.72 1815.65 22863144
greedy 175e2 2 35 - 20.01 958.32 33516976
dry 2e4 10 204 - 0.04 0.11 30364
aoDLAV 2e4 10 204 - 0.03 1.71 34836
aoULAV 2e4 10 204 - 0.05 1.82 34848
aoD2AG 2e4 10 204 - 0.04 1.70 36084
aoD2SG 2e4 10 204 - 0.04 1.94 36076
moore 2e4 10 204 - 3.47 8419.12 11770836
nbpm 2e4 10 204 - 29.18 6656.04 30880040
greedy 2e4 10 204 - 23.74 1274.26 43775820
dry 9e7 2 93 - 0.95 2.77 1787984
aoDLAV 9e7 2 93 - 7.67 566.28 13377688
aoULAV 9e7 2 93 - 9.18 553.13 13377684
aoD2AG 9e7 2 93 - 17.09 889.63 19672500
aoD2SG 9e7 2 93 - 17.79 932.83 20390540
dry 2e4 10 113 - 0.02 0.12 29960
aoDLAV 2e4 10 113 - 0.03 1.56 34836
aoULAV 2e4 10 113 - 0.04 1.54 34848
aoD2AG 2e4 10 113 - 0.04 1.58 36080
aoD2SG 2e4 10 113 - 0.04 1.81 36076
moore 2e4 10 113 - 3.47 6725.44 11770832
nbpm 2e4 10 113 - 28.65 5498.24 30880044
greedy 2e4 10 113 - 26.33 1330.89 43775824
dry 2e4 10 224 - 0.02 0.13 29984
aoDLAV 2e4 10 224 - 0.04 1.67 34840
aoULAV 2e4 10 224 - 0.03 1.70 34848
aoD2AG 2e4 10 224 - 0.04 1.73 36076
aoD2SG 2e4 10 224 - 0.04 2.58 36076
moore 2e4 10 224 - 3.51 6718.74 11770888
nbpm 2e4 10 224 - 29.00 6099.97 30880040
greedy 2e4 10 224 - 24.42 1349.25 43775824
dry 2e4 10 178 - 0.03 0.12 31160
aoDLAV 2e4 10 178 - 0.04 1.75 34836
aoULAV 2e4 10 178 - 0.05 1.89 34852
aoD2AG 2e4 10 178 - 0.03 1.81 36076
aoD2SG 2e4 10 178 - 0.04 2.14 36076
moore 2e4 10 178 - 3.40 6694.02 11770836
nbpm 2e4 10 178 - 28.80 5688.05 30880044
greedy 2e4 10 178 - 25.73 1296.35 43775820
dry 8e7 2 85 - 0.85 2.43 1592676
aoDLAV 8e7 2 85 - 6.59 459.78 11893324
aoULAV 8e7 2 85 - 8.61 488.52 11893324
aoD2AG 8e7 2 85 - 15.32 696.60 17486260
aoD2SG 8e7 2 85 - 17.21 858.82 18124308
dry 8e7 2 247 - 0.89 2.48 1592680
aoDLAV 8e7 2 247 - 6.69 479.75 11893324
aoULAV 8e7 2 247 - 8.47 644.70 11893328
aoD2AG 8e7 2 247 - 15.48 746.49 17486704
aoD2SG 8e7 2 247 - 16.22 818.56 18123240
dry 125e2 2 97 - 0.03 0.12 26532
aoDLAV 125e2 2 97 - 0.04 0.17 30708
aoULAV 125e2 2 97 - 0.03 0.17 30708
aoD2AG 125e2 2 97 - 0.03 0.19 31376
aoD2SG 125e2 2 97 - 0.04 0.18 31376
moore 125e2 2 97 - 1.63 2302.40 4611540
nbpm 125e2 2 97 - 11.59 658.09 12302352
greedy 125e2 2 97 - 9.73 443.91 17109964
dry 2e4 5 27 - 0.03 0.12 29396
aoDLAV 2e4 5 27 - 0.04 0.27 32756
aoULAV 2e4 5 27 - 0.03 0.29 32772
aoD2AG 2e4 5 27 - 0.03 0.32 33348
aoD2SG 2e4 5 27 - 0.03 0.33 32864
moore 2e4 5 27 - 3.40 7039.96 11768088
nbpm 2e4 5 27 - 28.68 5252.53 34200504
greedy 2e4 5 27 - 23.98 1294.63 43774004
dry 125e2 2 180 - 0.02 0.12 26536
aoDLAV 125e2 2 180 - 0.03 0.18 30708
aoULAV 125e2 2 180 - 0.02 0.19 30708
aoD2AG 125e2 2 180 - 0.03 0.19 31376
aoD2SG 125e2 2 180 - 0.03 0.19 31376
moore 125e2 2 180 - 1.59 2062.27 4611544
nbpm 125e2 2 180 - 11.76 682.68 12302324
greedy 125e2 2 180 - 9.66 442.16 17109964
dry 150e2 2 72 - 0.02 0.12 28552
aoDLAV 150e2 2 72 - 0.03 0.18 30824
aoULAV 150e2 2 72 - 0.03 0.18 30824
aoD2AG 150e2 2 72 - 0.03 0.19 31608
aoD2SG 150e2 2 72 - 0.03 0.20 31608
moore 150e2 2 72 - 2.11 3116.24 6629352
nbpm 150e2 2 72 - 14.87 1137.62 16814176
greedy 150e2 2 72 - 13.86 672.65 24630024
dry 1e8 5 36 - 2.44 6.22 4327056
aoDLAV 1e8 5 36 - 11.11 2624.90 23065204
aoULAV 1e8 5 36 - 16.01 2666.57 23065208
aoD2AG 1e8 5 36 - 26.24 2864.13 30452516
aoD2SG 1e8 5 36 - 27.87 3528.49 31308796
dry 125e2 2 141 - 0.02 0.12 26536
aoDLAV 125e2 2 141 - 0.03 0.17 30708
aoULAV 125e2 2 141 - 0.03 0.18 30708
aoD2AG 125e2 2 141 - 0.03 0.19 31380
aoD2SG 125e2 2 141 - 0.03 0.19 31380
moore 125e2 2 141 - 1.59 1949.44 4611540
nbpm 125e2 2 141 - 11.40 917.70 12302320
greedy 125e2 2 141 - 9.57 465.21 17109964
dry 9e7 2 46 - 0.89 2.75 1787988
aoDLAV 9e7 2 46 - 7.11 522.23 13377688
aoULAV 9e7 2 46 - 9.31 555.96 13377684
aoD2AG 9e7 2 46 - 16.49 987.98 19670908
aoD2SG 9e7 2 46 - 17.73 927.93 20388196
dry 150e2 2 34 - 0.02 0.12 26628
aoDLAV 150e2 2 34 - 0.03 0.18 30824
aoULAV 150e2 2 34 - 0.02 0.18 30824
aoD2AG 150e2 2 34 - 0.03 0.19 31608
aoD2SG 150e2 2 34 - 0.03 0.19 31612
moore 150e2 2 34 - 2.10 2859.51 6629344
nbpm 150e2 2 34 - 14.60 1084.74 16814164
greedy 150e2 2 34 - 14.07 836.62 24630028
dry 125e2 2 167 - 0.03 0.11 28496
aoDLAV 125e2 2 167 - 0.03 0.18 30708
aoULAV 125e2 2 167 - 0.03 0.17 30708
aoD2AG 125e2 2 167 - 0.03 0.19 31376
aoD2SG 125e2 2 167 - 0.02 0.20 31376
moore 125e2 2 167 - 1.60 1770.42 4611544
nbpm 125e2 2 167 - 11.41 781.05 12302320
greedy 125e2 2 167 - 10.28 452.03 17109964
dry 175e2 2 160 - 0.03 0.11 26732
aoDLAV 175e2 2 160 - 0.04 0.19 30720
aoULAV 175e2 2 160 - 0.03 0.19 30716
aoD2AG 175e2 2 160 - 0.04 0.21 31752
aoD2SG 175e2 2 160 - 0.04 0.21 31760
moore 175e2 2 160 - 2.81 4406.80 9014020
nbpm 175e2 2 160 - 21.07 1874.82 22863140
greedy 175e2 2 160 - 17.10 915.98 33516976
dry 150e2 2 142 - 0.02 0.13 26628
aoDLAV 150e2 2 142 - 0.03 0.18 30828
aoULAV 150e2 2 142 - 0.02 0.18 30824
aoD2AG 150e2 2 142 - 0.03 0.18 31612
aoD2SG 150e2 2 142 - 0.02 0.20 31608
moore 150e2 2 142 - 2.05 2812.79 6629352
nbpm 150e2 2 142 - 14.79 1893.31 16814176
greedy 150e2 2 142 - 13.59 676.93 24630024
dry 2e4 5 208 - 0.03 0.11 29432
aoDLAV 2e4 5 208 - 0.03 0.29 32756
aoULAV 2e4 5 208 - 0.03 0.29 32768
aoD2AG 2e4 5 208 - 0.03 0.32 33344
aoD2SG 2e4 5 208 - 0.03 0.35 32860
moore 2e4 5 208 - 3.44 7083.84 11768116
nbpm 2e4 5 208 - 28.69 4843.77 34200496
greedy 2e4 5 208 - 24.38 1349.45 43774008
dry 1e8 5 141 - 2.24 6.23 4327056
aoDLAV 1e8 5 141 - 14.20 2676.18 23065208
aoULAV 1e8 5 141 - 16.11 2688.81 23065204
aoD2AG 1e8 5 141 - 25.44 3021.87 30454008
aoD2SG 1e8 5 141 - 27.53 4886.39 31310376
dry 8e7 2 187 - 0.92 2.47 1592676
aoDLAV 8e7 2 187 - 6.56 452.84 11893328
aoULAV 8e7 2 187 - 8.19 474.06 11893328
aoD2AG 8e7 2 187 - 15.03 664.60 17487220
aoD2SG 8e7 2 187 - 15.54 829.81 18129020
dry 8e7 2 224 - 0.78 2.45 1592676
aoDLAV 8e7 2 224 - 5.93 466.85 11893324
