dry 56e2 2 56 - 0.02 0.12 26240
aoDLAV 56e2 2 56 - 0.03 0.15 30976
aoULAV 56e2 2 56 - 0.02 0.16 30992
aoD2AG 56e2 2 56 - 0.03 0.18 31988
aoD2SG 56e2 2 56 - 0.02 0.18 31124
moore 56e2 2 56 - 0.35 176.81 949992
nbpm 56e2 2 56 - 2.47 82.56 2388088
greedy 56e2 2 56 - 1.89 83.99 3460488
dry 1e4 5 148 - 0.03 0.12 28836
aoDLAV 1e4 5 148 - 0.03 0.21 31084
aoULAV 1e4 5 148 - 0.03 0.22 31100
aoD2AG 1e4 5 148 - 0.03 0.23 32108
aoD2SG 1e4 5 148 - 0.03 0.24 32108
moore 1e4 5 148 - 1.18 891.78 2961732
nbpm 1e4 5 148 - 7.49 619.78 7811560
greedy 1e4 5 148 - 6.60 288.78 10959172
dry 1e4 2 78 - 0.03 0.12 26436
aoDLAV 1e4 2 78 - 0.03 0.18 31864
aoULAV 1e4 2 78 - 0.03 0.18 31936
aoD2AG 1e4 2 78 - 0.03 0.19 31876
aoD2SG 1e4 2 78 - 0.03 0.19 31992
moore 1e4 2 78 - 1.23 1006.80 2960580
nbpm 1e4 2 78 - 7.41 361.43 7889424
greedy 1e4 2 78 - 6.06 271.42 10968568
dry 25e2 2 37 - 0.02 0.12 26080
aoDLAV 25e2 2 37 - 0.03 0.15 30456
aoULAV 25e2 2 37 - 0.03 0.14 30464
aoD2AG 25e2 2 37 - 0.04 0.15 30980
aoD2SG 25e2 2 37 - 0.03 0.17 31012
moore 25e2 2 37 - 0.10 32.26 213604
nbpm 25e2 2 37 - 0.54 13.69 541648
greedy 25e2 2 37 - 0.42 9.38 713668
dry 4e7 2 140 - 0.50 1.33 811424
aoDLAV 4e7 2 140 - 3.42 236.82 5955820
aoULAV 4e7 2 140 - 4.56 251.55 5955816
aoD2AG 4e7 2 140 - 7.99 443.39 8755540
aoD2SG 4e7 2 140 - 8.59 406.53 9071764
dry 1e4 2 179 - 0.02 0.13 26432
aoDLAV 1e4 2 179 - 0.03 0.18 31868
aoULAV 1e4 2 179 - 0.03 0.20 31880
aoD2AG 1e4 2 179 - 0.04 0.19 31876
aoD2SG 1e4 2 179 - 0.04 0.20 31992
moore 1e4 2 179 - 1.21 1348.96 2960584
nbpm 1e4 2 179 - 7.61 367.00 7889424
greedy 1e4 2 179 - 6.41 291.30 10968572
dry 75e2 2 104 - 0.02 0.13 26328
aoDLAV 75e2 2 104 - 0.03 0.16 31376
aoULAV 75e2 2 104 - 0.03 0.16 31388
aoD2AG 75e2 2 104 - 0.04 0.17 31380
aoD2SG 75e2 2 104 - 0.03 0.19 31384
moore 75e2 2 104 - 2.10 634.57 1688760
nbpm 75e2 2 104 - 4.12 169.90 4242124
greedy 75e2 2 104 - 4.01 155.49 6183088
dry 1e4 10 97 - 0.02 0.13 29200
aoDLAV 1e4 10 97 - 0.03 0.71 32764
aoULAV 1e4 10 97 - 0.03 0.68 32776
aoD2AG 1e4 10 97 - 0.04 0.70 32744
aoD2SG 1e4 10 97 - 0.04 0.76 34180
moore 1e4 10 97 - 1.12 1127.29 2963852
nbpm 1e4 10 97 - 7.52 820.22 7764384
greedy 1e4 10 97 - 6.58 285.71 10961108
dry 32e2 2 207 - 0.02 0.12 26112
aoDLAV 32e2 2 207 - 0.02 0.16 30544
aoULAV 32e2 2 207 - 0.02 0.16 30552
aoD2AG 32e2 2 207 - 0.03 0.15 31208
aoD2SG 32e2 2 207 - 0.02 0.16 31256
moore 32e2 2 207 - 0.17 46.95 330520
nbpm 32e2 2 207 - 0.96 19.71 854760
greedy 32e2 2 207 - 0.69 21.42 1150164
dry 25e2 2 35 - 0.03 0.12 26080
aoDLAV 25e2 2 35 - 0.03 0.16 30456
aoULAV 25e2 2 35 - 0.03 0.15 30468
aoD2AG 25e2 2 35 - 0.03 0.15 30996
aoD2SG 25e2 2 35 - 0.03 0.15 31044
moore 25e2 2 35 - 0.11 24.86 213600
nbpm 25e2 2 35 - 0.55 16.21 541636
greedy 25e2 2 35 - 0.38 10.55 713664
dry 18e6 2 167 - 0.21 0.69 381736
aoDLAV 18e6 2 167 - 1.51 93.57 2690196
aoULAV 18e6 2 167 - 1.62 103.03 2690192
aoD2AG 18e6 2 167 - 3.75 146.12 3949840
aoD2SG 18e6 2 167 - 3.25 169.32 4094456
dry 56e2 2 158 - 0.02 0.12 26236
aoDLAV 56e2 2 158 - 0.03 0.15 30976
aoULAV 56e2 2 158 - 0.02 0.16 30988
aoD2AG 56e2 2 158 - 0.03 0.17 32036
aoD2SG 56e2 2 158 - 0.03 0.18 31120
moore 56e2 2 158 - 0.53 194.33 952720
nbpm 56e2 2 158 - 2.50 72.17 2388076
greedy 56e2 2 158 - 2.19 78.95 3460488
dry 1e4 2 135 - 0.02 0.12 26436
aoDLAV 1e4 2 135 - 0.04 0.18 31868
aoULAV 1e4 2 135 - 0.03 0.18 31880
aoD2AG 1e4 2 135 - 0.03 0.18 31880
aoD2SG 1e4 2 135 - 0.03 0.19 31992
moore 1e4 2 135 - 1.19 1197.70 2960572
nbpm 1e4 2 135 - 7.60 393.19 7889416
greedy 1e4 2 135 - 6.40 268.30 10968568
dry 3e7 2 158 - 0.43 1.07 616108
aoDLAV 3e7 2 158 - 2.62 171.58 4471428
aoULAV 3e7 2 158 - 3.30 181.36 4471428
aoD2AG 3e7 2 158 - 5.30 251.68 6571672
aoD2SG 3e7 2 158 - 6.11 305.27 6810832
dry 32e6 2 176 - 0.37 1.10 655176
aoDLAV 32e6 2 176 - 2.91 185.75 4768324
aoULAV 32e6 2 176 - 3.69 190.30 4768324
aoD2AG 32e6 2 176 - 6.55 272.52 7008216
aoD2SG 32e6 2 176 - 6.30 314.64 7263044
dry 6e7 2 66 - 0.66 1.90 1202044
aoDLAV 6e7 2 66 - 5.29 350.77 8924560
aoULAV 6e7 2 66 - 6.45 379.66 8924560
aoD2AG 6e7 2 66 - 11.92 537.30 13118860
aoD2SG 6e7 2 66 - 12.19 633.49 13599792
dry 3e7 2 135 - 0.34 1.04 616104
aoDLAV 3e7 2 135 - 2.64 182.39 4471432
aoULAV 3e7 2 135 - 3.28 186.87 4471428
aoD2AG 3e7 2 135 - 5.31 259.30 6570140
aoD2SG 3e7 2 135 - 6.33 299.94 6810348
dry 1e4 10 103 - 0.02 0.12 27688
aoDLAV 1e4 10 103 - 0.03 0.67 32768
aoULAV 1e4 10 103 - 0.03 0.69 32776
aoD2AG 1e4 10 103 - 0.02 0.70 32744
aoD2SG 1e4 10 103 - 0.03 0.76 34176
moore 1e4 10 103 - 1.20 944.64 2963852
nbpm 1e4 10 103 - 7.40 748.67 7764492
greedy 1e4 10 103 - 6.79 293.52 10961112
dry 1e4 2 14 - 0.03 0.12 28424
aoDLAV 1e4 2 14 - 0.03 0.18 31864
aoULAV 1e4 2 14 - 0.04 0.17 31876
aoD2AG 1e4 2 14 - 0.03 0.19 31876
aoD2SG 1e4 2 14 - 0.03 0.19 31988
moore 1e4 2 14 - 1.22 802.08 2960580
nbpm 1e4 2 14 - 7.56 348.67 7889424
greedy 1e4 2 14 - 6.47 278.77 10968568
dry 50e2 2 236 - 0.03 0.12 26208
aoDLAV 50e2 2 236 - 0.04 0.15 30848
aoULAV 50e2 2 236 - 0.03 0.16 30860
aoD2AG 50e2 2 236 - 0.04 0.15 31796
aoD2SG 50e2 2 236 - 0.02 0.18 31884
moore 50e2 2 236 - 0.61 183.24 764628
nbpm 50e2 2 236 - 1.95 54.78 2011928
greedy 50e2 2 236 - 1.75 62.05 2764784
dry 75e2 2 163 - 0.03 0.13 26332
aoDLAV 75e2 2 163 - 0.03 0.16 31380
aoULAV 75e2 2 163 - 0.03 0.15 31388
aoD2AG 75e2 2 163 - 0.04 0.17 31380
aoD2SG 75e2 2 163 - 0.03 0.17 31380
moore 75e2 2 163 - 0.87 423.92 1688840
nbpm 75e2 2 163 - 4.27 162.10 4242132
greedy 75e2 2 163 - 3.79 145.49 6183088
dry 56e6 2 127 - 0.67 1.79 1123924
aoDLAV 56e6 2 127 - 4.91 334.34 8330820
aoULAV 56e6 2 127 - 6.32 351.22 8330820
aoD2AG 56e6 2 127 - 11.08 513.11 12246676
aoD2SG 56e6 2 127 - 11.92 601.57 12691748
dry 56e2 2 161 - 0.02 0.13 26236
aoDLAV 56e2 2 161 - 0.04 0.15 30980
aoULAV 56e2 2 161 - 0.04 0.15 30988
aoD2AG 56e2 2 161 - 0.04 0.17 31996
aoD2SG 56e2 2 161 - 0.02 0.18 31124
moore 56e2 2 161 - 0.76 236.73 952716
nbpm 56e2 2 161 - 2.30 74.90 2388084
greedy 56e2 2 161 - 2.19 76.65 3460488
dry 1e4 10 72 - 0.02 0.12 29392
aoDLAV 1e4 10 72 - 0.03 0.68 32764
aoULAV 1e4 10 72 - 0.03 0.68 32776
aoD2AG 1e4 10 72 - 0.03 0.70 32744
aoD2SG 1e4 10 72 - 0.03 0.77 34176
moore 1e4 10 72 - 1.15 1027.75 2963856
nbpm 1e4 10 72 - 7.61 736.77 7764388
greedy 1e4 10 72 - 6.61 350.52 10961112
dry 56e6 2 229 - 0.64 1.79 1123924
aoDLAV 56e6 2 229 - 4.66 325.79 8330816
aoULAV 56e6 2 229 - 6.11 344.28 8330816
aoD2AG 56e6 2 229 - 11.14 492.54 12246804
aoD2SG 56e6 2 229 - 11.86 598.46 12693496
dry 32e2 2 35 - 0.03 0.12 26112
aoDLAV 32e2 2 35 - 0.02 0.15 30540
aoULAV 32e2 2 35 - 0.03 0.15 30556
aoD2AG 32e2 2 35 - 0.04 0.14 31208
aoD2SG 32e2 2 35 - 0.02 0.16 31264
moore 32e2 2 35 - 0.18 45.62 330516
nbpm 32e2 2 35 - 0.85 21.11 854752
greedy 32e2 2 35 - 0.68 22.59 1150164
dry 4e7 2 48 - 0.44 1.31 811424
aoDLAV 4e7 2 48 - 3.31 229.88 5955820
aoULAV 4e7 2 48 - 4.59 316.48 5955816
aoD2AG 4e7 2 48 - 8.18 349.94 8752216
aoD2SG 4e7 2 48 - 8.81 400.44 9071748
dry 50e2 2 10 - 0.02 0.13 26208
aoDLAV 50e2 2 10 - 0.03 0.16 30848
aoULAV 50e2 2 10 - 0.03 0.16 30864
aoD2AG 50e2 2 10 - 0.02 0.17 31808
aoD2SG 50e2 2 10 - 0.03 0.17 31884
moore 50e2 2 10 - 0.39 141.57 764628
nbpm 50e2 2 10 - 1.97 54.24 2011924
greedy 50e2 2 10 - 1.69 62.27 2764784
dry 1e4 2 189 - 0.03 0.12 26432
aoDLAV 1e4 2 189 - 0.03 0.19 31864
aoULAV 1e4 2 189 - 0.04 0.19 31876
aoD2AG 1e4 2 189 - 0.04 0.18 31876
aoD2SG 1e4 2 189 - 0.03 0.19 32012
moore 1e4 2 189 - 1.18 897.64 2960572
nbpm 1e4 2 189 - 7.83 355.43 7889416
greedy 1e4 2 189 - 6.92 281.76 10968572
dry 6e7 2 39 - 0.72 1.93 1202044
aoDLAV 6e7 2 39 - 5.04 355.78 8924564
aoULAV 6e7 2 39 - 6.69 478.76 8924560
aoD2AG 6e7 2 39 - 12.17 535.14 13120180
aoD2SG 6e7 2 39 - 12.96 632.87 13599620
dry 50e2 2 182 - 0.02 0.12 26204
aoDLAV 50e2 2 182 - 0.04 0.14 30848
aoULAV 50e2 2 182 - 0.03 0.15 30860
aoD2AG 50e2 2 182 - 0.03 0.16 31780
aoD2SG 50e2 2 182 - 0.04 0.17 31860
moore 50e2 2 182 - 0.50 179.67 764628
nbpm 50e2 2 182 - 2.07 57.12 2011924
greedy 50e2 2 182 - 1.82 62.49 2764780
dry 32e2 2 88 - 0.02 0.14 26112
aoDLAV 32e2 2 88 - 0.03 0.15 30540
aoULAV 32e2 2 88 - 0.04 0.15 30552
aoD2AG 32e2 2 88 - 0.03 0.16 31208
aoD2SG 32e2 2 88 - 0.03 0.17 31280
moore 32e2 2 88 - 0.25 56.97 330524
nbpm 32e2 2 88 - 0.87 19.65 854756
greedy 32e2 2 88 - 0.67 23.68 1150164
dry 25e2 2 247 - 0.03 0.12 26080
aoDLAV 25e2 2 247 - 0.03 0.15 30456
aoULAV 25e2 2 247 - 0.02 0.15 30468
aoD2AG 25e2 2 247 - 0.04 0.14 30996
aoD2SG 25e2 2 247 - 0.02 0.16 31056
moore 25e2 2 247 - 0.14 33.89 213596
nbpm 25e2 2 247 - 0.60 12.14 541640
greedy 25e2 2 247 - 0.48 9.81 713664
dry 56e2 2 144 - 0.02 0.12 26236
aoDLAV 56e2 2 144 - 0.02 0.16 30976
aoULAV 56e2 2 144 - 0.03 0.15 30988
aoD2AG 56e2 2 144 - 0.03 0.17 32000
aoD2SG 56e2 2 144 - 0.02 0.18 31128
moore 56e2 2 144 - 0.45 170.59 949992
nbpm 56e2 2 144 - 2.43 74.66 2388088
greedy 56e2 2 144 - 2.21 83.18 3460492
dry 1e4 5 112 - 0.02 0.13 28680
aoDLAV 1e4 5 112 - 0.04 0.22 31088
aoULAV 1e4 5 112 - 0.03 0.22 31100
aoD2AG 1e4 5 112 - 0.03 0.24 32108
aoD2SG 1e4 5 112 - 0.04 0.24 32112
moore 1e4 5 112 - 1.19 1241.16 2961736
nbpm 1e4 5 112 - 7.57 619.58 7811452
greedy 1e4 5 112 - 7.05 294.87 10959172
dry 3e7 2 227 - 0.36 1.02 616108
aoDLAV 3e7 2 227 - 2.56 163.80 4471428
aoULAV 3e7 2 227 - 2.65 178.12 4471428
aoD2AG 3e7 2 227 - 5.99 250.36 6571628
aoD2SG 3e7 2 227 - 6.20 300.03 6813104
dry 56e2 2 184 - 0.02 0.13 26236
aoDLAV 56e2 2 184 - 0.03 0.15 30976
aoULAV 56e2 2 184 - 0.03 0.15 30988
aoD2AG 56e2 2 184 - 0.03 0.18 31968
aoD2SG 56e2 2 184 - 0.03 0.18 31120
moore 56e2 2 184 - 0.52 186.84 952716
nbpm 56e2 2 184 - 2.57 71.83 2388080
greedy 56e2 2 184 - 2.01 76.24 3460492
dry 32e6 2 214 - 0.34 1.08 655176
aoDLAV 32e6 2 214 - 2.48 179.53 4768324
aoULAV 32e6 2 214 - 2.66 196.86 4768324
aoD2AG 32e6 2 214 - 6.84 316.67 7007992
aoD2SG 32e6 2 214 - 6.83 320.99 7262492
dry 1e4 2 174 - 0.03 0.12 26432
aoDLAV 1e4 2 174 - 0.03 0.18 31864
aoULAV 1e4 2 174 - 0.03 0.18 31876
aoD2AG 1e4 2 174 - 0.02 0.19 31876
aoD2SG 1e4 2 174 - 0.03 0.19 31988
moore 1e4 2 174 - 1.11 1101.90 2960572
nbpm 1e4 2 174 - 7.74 337.48 7889416
greedy 1e4 2 174 - 6.90 274.23 10968624
dry 56e6 2 129 - 0.72 1.84 1123924
aoDLAV 56e6 2 129 - 4.80 388.81 8330816
aoULAV 56e6 2 129 - 6.35 359.49 8330816
aoD2AG 56e6 2 129 - 11.24 493.98 12247092
aoD2SG 56e6 2 129 - 11.99 614.14 12694600
dry 6e7 2 73 - 0.73 1.91 1202076
aoDLAV 6e7 2 73 - 6.99 366.33 8924560
aoULAV 6e7 2 73 - 7.02 371.48 8924564
aoD2AG 6e7 2 73 - 11.91 540.18 13122540
aoD2SG 6e7 2 73 - 13.07 688.64 13598924
dry 56e2 2 198 - 0.03 0.12 26236
aoDLAV 56e2 2 198 - 0.03 0.16 30976
aoULAV 56e2 2 198 - 0.03 0.15 30988
aoD2AG 56e2 2 198 - 0.03 0.17 31972
aoD2SG 56e2 2 198 - 0.04 0.17 31124
moore 56e2 2 198 - 0.70 248.44 952688
nbpm 56e2 2 198 - 2.41 75.83 2388080
greedy 56e2 2 198 - 2.13 81.48 3460492
dry 6e7 2 232 - 0.75 1.90 1202044
aoDLAV 6e7 2 232 - 5.04 357.26 8924560
aoULAV 6e7 2 232 - 6.36 373.05 8924560
aoD2AG 6e7 2 232 - 11.36 528.96 13120276
aoD2SG 6e7 2 232 - 12.54 645.97 13598228
dry 3e7 2 196 - 0.35 1.04 616104
aoDLAV 3e7 2 196 - 2.54 167.22 4471428
aoULAV 3e7 2 196 - 3.32 186.93 4471428
aoD2AG 3e7 2 196 - 5.37 243.73 6570560
aoD2SG 3e7 2 196 - 6.19 291.80 6811272
dry 5e7 2 159 - 0.52 1.61 1006740
aoDLAV 5e7 2 159 - 4.09 290.74 7440192
aoULAV 5e7 2 159 - 5.43 320.07 7440196
aoD2AG 5e7 2 159 - 10.31 456.13 10937832
aoD2SG 5e7 2 159 - 10.38 512.76 11334684
dry 2e7 2 58 - 0.26 0.74 420796
aoDLAV 2e7 2 58 - 1.75 132.50 2987068
aoULAV 2e7 2 58 - 1.84 114.46 2987072
aoD2AG 2e7 2 58 - 4.22 168.88 4388796
aoD2SG 2e7 2 58 - 3.65 191.44 4546368
dry 4e7 2 175 - 0.46 1.33 811424
aoDLAV 4e7 2 175 - 3.27 228.51 5955816
aoULAV 4e7 2 175 - 4.42 238.58 5955816
aoD2AG 4e7 2 175 - 6.64 345.48 8755196
aoD2SG 4e7 2 175 - 8.19 405.22 9073968
dry 56e2 2 43 - 0.02 0.12 26236
aoDLAV 56e2 2 43 - 0.02 0.16 30976
aoULAV 56e2 2 43 - 0.02 0.15 30988
aoD2AG 56e2 2 43 - 0.02 0.18 31992
aoD2SG 56e2 2 43 - 0.02 0.18 31128
moore 56e2 2 43 - 0.83 252.38 952728
nbpm 56e2 2 43 - 2.30 78.08 2388088
greedy 56e2 2 43 - 1.95 84.08 3460492
dry 2e7 2 99 - 0.27 0.75 420796
aoDLAV 2e7 2 99 - 1.66 105.87 2987068
aoULAV 2e7 2 99 - 2.29 110.91 2987068
aoD2AG 2e7 2 99 - 3.56 156.30 4385856
aoD2SG 2e7 2 99 - 4.19 182.13 4547800
dry 4e7 2 31 - 0.49 1.32 811424
aoDLAV 4e7 2 31 - 3.40 239.73 5955816
aoULAV 4e7 2 31 - 4.27 246.88 5955816
aoD2AG 4e7 2 31 - 7.76 360.37 8755712
aoD2SG 4e7 2 31 - 8.09 413.06 9074436
dry 25e2 2 20 - 0.02 0.13 26080
aoDLAV 25e2 2 20 - 0.03 0.16 30456
aoULAV 25e2 2 20 - 0.03 0.15 30468
aoD2AG 25e2 2 20 - 0.04 0.15 30980
aoD2SG 25e2 2 20 - 0.03 0.15 31020
moore 25e2 2 20 - 0.10 28.00 213608
nbpm 25e2 2 20 - 0.62 12.26 541644
greedy 25e2 2 20 - 0.42 10.12 713668
dry 1e4 2 94 - 0.02 0.13 28396
aoDLAV 1e4 2 94 - 0.03 0.17 31864
aoULAV 1e4 2 94 - 0.03 0.17 31880
aoD2AG 1e4 2 94 - 0.02 0.19 31880
aoD2SG 1e4 2 94 - 0.02 0.19 31988
moore 1e4 2 94 - 1.15 1051.23 2960584
nbpm 1e4 2 94 - 7.51 355.85 7889424
greedy 1e4 2 94 - 6.77 275.42 10968592
dry 1e4 5 55 - 0.03 0.12 28608
aoDLAV 1e4 5 55 - 0.03 0.21 31084
aoULAV 1e4 5 55 - 0.03 0.22 31100
aoD2AG 1e4 5 55 - 0.03 0.23 32108
aoD2SG 1e4 5 55 - 0.04 0.24 32108
moore 1e4 5 55 - 1.22 1381.35 2961740
nbpm 1e4 5 55 - 7.48 633.26 7811452
greedy 1e4 5 55 - 7.35 368.93 10959172
dry 18e6 2 59 - 0.23 0.68 381740
aoDLAV 18e6 2 59 - 1.61 100.07 2690196
aoULAV 18e6 2 59 - 2.00 104.27 2690192
aoD2AG 18e6 2 59 - 3.14 145.45 3950568
aoD2SG 18e6 2 59 - 3.84 171.25 4095092
dry 25e2 2 243 - 0.03 0.12 26080
aoDLAV 25e2 2 243 - 0.03 0.15 30456
aoULAV 25e2 2 243 - 0.03 0.15 30468
aoD2AG 25e2 2 243 - 0.03 0.14 31000
aoD2SG 25e2 2 243 - 0.03 0.15 31056
moore 25e2 2 243 - 0.10 34.82 213604
nbpm 25e2 2 243 - 0.53 12.22 541644
greedy 25e2 2 243 - 0.39 9.56 713664
dry 7e7 2 55 - 0.79 2.22 1397360
aoDLAV 7e7 2 55 - 5.74 428.18 10408936
aoULAV 7e7 2 55 - 7.62 467.42 10408936
aoD2AG 7e7 2 55 - 13.97 656.24 15301968
aoD2SG 7e7 2 55 - 14.29 744.63 15860672
dry 6e7 2 176 - 0.64 1.88 1202044
aoDLAV 6e7 2 176 - 5.00 346.51 8924560
aoULAV 6e7 2 176 - 6.31 353.22 8924564
aoD2AG 6e7 2 176 - 11.10 516.89 13121684
aoD2SG 6e7 2 176 - 11.18 560.92 13599500
