dry 1e8 5 68 - 1.84 5.80 4327052
aoDLAV 1e8 5 68 - 10.54 2630.72 23065204
aoULAV 1e8 5 68 - 16.49 3487.77 23065208
aoD2AG 1e8 5 68 - 25.27 2851.03 30458668
aoD2SG 1e8 5 68 - 27.44 4875.38 31308768
dry 2e4 2 97 - 0.02 0.12 26828
aoDLAV 2e4 2 97 - 0.02 0.20 30808
aoULAV 2e4 2 97 - 0.02 0.19 30808
aoD2AG 2e4 2 97 - 0.03 0.21 32288
aoD2SG 2e4 2 97 - 0.02 0.22 32288
moore 2e4 2 97 - 3.49 6580.13 11765544
nbpm 2e4 2 97 - 28.90 2544.95 31402192
greedy 2e4 2 97 - 24.37 1234.09 43771040
dry 2e4 10 84 - 0.03 0.11 29364
aoDLAV 2e4 10 84 - 0.05 1.90 34836
aoULAV 2e4 10 84 - 0.03 1.87 34848
aoD2AG 2e4 10 84 - 0.04 1.91 36076
aoD2SG 2e4 10 84 - 0.04 2.30 36076
moore 2e4 10 84 - 3.33 7419.46 11770836
nbpm 2e4 10 84 - 28.88 5671.36 30880036
greedy 2e4 10 84 - 23.88 1285.65 43775824
dry 150e2 2 140 - 0.03 0.12 26628
aoDLAV 150e2 2 140 - 0.03 0.19 30824
aoULAV 150e2 2 140 - 0.03 0.18 30824
aoD2AG 150e2 2 140 - 0.04 0.19 31608
aoD2SG 150e2 2 140 - 0.03 0.20 31608
moore 150e2 2 140 - 2.09 2938.34 6629344
nbpm 150e2 2 140 - 14.42 1193.90 16814164
greedy 150e2 2 140 - 13.43 710.40 24630024
dry 150e2 2 249 - 0.03 0.12 28412
aoDLAV 150e2 2 249 - 0.03 0.18 30828
aoULAV 150e2 2 249 - 0.02 0.19 30824
aoD2AG 150e2 2 249 - 0.03 0.20 31612
aoD2SG 150e2 2 249 - 0.04 0.20 31612
moore 150e2 2 249 - 2.14 3118.95 6629344
nbpm 150e2 2 249 - 14.70 1187.18 16814168
greedy 150e2 2 249 - 13.75 637.16 24630028
dry 125e2 2 182 - 0.02 0.12 26532
aoDLAV 125e2 2 182 - 0.03 0.18 30708
aoULAV 125e2 2 182 - 0.03 0.17 30708
aoD2AG 125e2 2 182 - 0.03 0.19 31416
aoD2SG 125e2 2 182 - 0.04 0.18 31376
moore 125e2 2 182 - 1.53 1467.78 4611544
nbpm 125e2 2 182 - 11.35 666.44 12302320
greedy 125e2 2 182 - 10.33 469.19 17109964
dry 175e2 2 78 - 0.04 0.11 26732
aoDLAV 175e2 2 78 - 0.04 0.19 30720
aoULAV 175e2 2 78 - 0.02 0.20 30716
aoD2AG 175e2 2 78 - 0.03 0.20 31752
aoD2SG 175e2 2 78 - 0.03 0.21 31760
moore 175e2 2 78 - 2.75 4861.29 9014032
nbpm 175e2 2 78 - 21.33 1835.61 22863144
greedy 175e2 2 78 - 18.40 999.87 33516980
dry 2e4 2 22 - 0.02 0.14 28868
aoDLAV 2e4 2 22 - 0.05 0.20 30808
aoULAV 2e4 2 22 - 0.04 0.20 30808
aoD2AG 2e4 2 22 - 0.04 0.22 32288
aoD2SG 2e4 2 22 - 0.04 0.22 32292
moore 2e4 2 22 - 3.42 7378.95 11765552
nbpm 2e4 2 22 - 29.16 2653.07 31402196
greedy 2e4 2 22 - 24.57 1296.45 43771040
dry 1e8 5 219 - 2.46 6.37 4327056
aoDLAV 1e8 5 219 - 11.29 2652.27 23065208
aoULAV 1e8 5 219 - 16.53 3180.39 23065204
aoD2AG 1e8 5 219 - 26.44 3700.67 30454932
aoD2SG 1e8 5 219 - 28.86 3866.14 31311988
dry 125e2 2 48 - 0.04 0.11 26536
aoDLAV 125e2 2 48 - 0.04 0.18 30708
aoULAV 125e2 2 48 - 0.03 0.19 30708
aoD2AG 125e2 2 48 - 0.05 0.19 31380
aoD2SG 125e2 2 48 - 0.04 0.22 31376
moore 125e2 2 48 - 1.66 2052.79 4611552
nbpm 125e2 2 48 - 11.92 680.08 12302332
greedy 125e2 2 48 - 9.58 481.13 17109964
dry 9e7 2 223 - 0.97 2.74 1787984
aoDLAV 9e7 2 223 - 7.36 539.39 13377688
aoULAV 9e7 2 223 - 9.32 553.39 13377688
aoD2AG 9e7 2 223 - 16.55 784.87 19667920
aoD2SG 9e7 2 223 - 17.50 1067.03 20388244
dry 2e4 2 55 - 0.02 0.12 26828
aoDLAV 2e4 2 55 - 0.03 0.19 30808
aoULAV 2e4 2 55 - 0.03 0.19 30808
aoD2AG 2e4 2 55 - 0.04 0.20 32284
aoD2SG 2e4 2 55 - 0.04 0.21 32296
moore 2e4 2 55 - 3.63 7865.48 11765652
nbpm 2e4 2 55 - 33.43 2704.20 31402192
greedy 2e4 2 55 - 26.56 1339.41 43771040
dry 9e7 2 240 - 0.93 2.74 1787988
aoDLAV 9e7 2 240 - 7.63 637.84 13377684
aoULAV 9e7 2 240 - 9.92 663.31 13377684
aoD2AG 9e7 2 240 - 16.68 776.55 19673144
aoD2SG 9e7 2 240 - 18.62 968.97 20389848
dry 8e7 2 84 - 0.92 2.44 1592676
aoDLAV 8e7 2 84 - 6.64 511.07 11893328
aoULAV 8e7 2 84 - 8.53 485.71 11893324
aoD2AG 8e7 2 84 - 15.34 683.38 17490724
aoD2SG 8e7 2 84 - 15.77 811.35 18124704
dry 8e7 2 174 - 0.89 2.45 1592680
aoDLAV 8e7 2 174 - 6.46 452.07 11893324
aoULAV 8e7 2 174 - 8.11 572.71 11893324
aoD2AG 8e7 2 174 - 14.89 889.76 17491576
aoD2SG 8e7 2 174 - 16.04 793.30 18129684
dry 1e8 2 113 - 1.11 2.99 1983296
aoDLAV 1e8 2 113 - 8.00 581.63 14862068
aoULAV 1e8 2 113 - 10.67 617.15 14862072
aoD2AG 1e8 2 113 - 18.80 862.50 21856548
aoD2SG 1e8 2 113 - 19.72 1013.72 22654148
dry 18e3 2 25 - 0.03 0.12 26752
aoDLAV 18e3 2 25 - 0.04 0.19 30744
aoULAV 18e3 2 25 - 0.02 0.19 30740
aoD2AG 18e3 2 25 - 0.02 0.20 31808
aoD2SG 18e3 2 25 - 0.03 0.21 31812
moore 18e3 2 25 - 2.97 4471.08 9534976
nbpm 18e3 2 25 - 24.02 2302.41 25451056
greedy 18e3 2 25 - 20.08 1023.31 35458364
dry 9e7 2 60 - 0.97 2.71 1787984
aoDLAV 9e7 2 60 - 7.42 519.73 13377688
aoULAV 9e7 2 60 - 9.66 554.96 13377688
aoD2AG 9e7 2 60 - 17.12 773.35 19670256
aoD2SG 9e7 2 60 - 18.65 923.54 20390244
dry 18e3 2 146 - 0.02 0.12 26752
aoDLAV 18e3 2 146 - 0.04 0.18 30740
aoULAV 18e3 2 146 - 0.04 0.18 30740
aoD2AG 18e3 2 146 - 0.03 0.21 31804
aoD2SG 18e3 2 146 - 0.04 0.20 31808
moore 18e3 2 146 - 2.91 4880.84 9534976
nbpm 18e3 2 146 - 24.12 2010.31 25451056
greedy 18e3 2 146 - 19.67 969.32 35458364
dry 2e4 2 210 - 0.02 0.12 26832
aoDLAV 2e4 2 210 - 0.03 0.19 30808
aoULAV 2e4 2 210 - 0.03 0.19 30812
aoD2AG 2e4 2 210 - 0.02 0.22 32328
aoD2SG 2e4 2 210 - 0.03 0.21 32292
moore 2e4 2 210 - 3.49 6794.57 11765552
nbpm 2e4 2 210 - 31.90 2880.40 31402196
greedy 2e4 2 210 - 25.59 1491.77 43771044
dry 8e7 2 14 - 0.84 2.44 1592680
aoDLAV 8e7 2 14 - 6.34 466.28 11893324
aoULAV 8e7 2 14 - 8.15 499.97 11893324
aoD2AG 8e7 2 14 - 15.07 729.42 17485912
aoD2SG 8e7 2 14 - 15.73 865.83 18126300
dry 175e2 2 21 - 0.04 0.11 28680
aoDLAV 175e2 2 21 - 0.04 0.18 30716
aoULAV 175e2 2 21 - 0.04 0.19 30716
aoD2AG 175e2 2 21 - 0.04 0.20 31760
aoD2SG 175e2 2 21 - 0.04 0.21 31760
moore 175e2 2 21 - 2.82 5304.81 9014020
nbpm 175e2 2 21 - 21.13 1720.91 22863136
greedy 175e2 2 21 - 18.59 1011.51 33516980
dry 175e2 2 31 - 0.02 0.12 26732
aoDLAV 175e2 2 31 - 0.03 0.19 30720
aoULAV 175e2 2 31 - 0.04 0.18 30720
aoD2AG 175e2 2 31 - 0.02 0.21 31760
aoD2SG 175e2 2 31 - 0.04 0.20 31760
moore 175e2 2 31 - 2.76 4793.08 9014028
nbpm 175e2 2 31 - 21.57 1951.18 22863144
greedy 175e2 2 31 - 19.98 1016.09 33516976
dry 2e4 10 39 - 0.04 0.11 30532
aoDLAV 2e4 10 39 - 0.03 1.73 34836
aoULAV 2e4 10 39 - 0.04 1.69 34852
aoD2AG 2e4 10 39 - 0.04 1.66 36080
aoD2SG 2e4 10 39 - 0.03 1.94 36120
moore 2e4 10 39 - 3.51 7389.35 11770840
nbpm 2e4 10 39 - 29.58 5678.79 30880036
greedy 2e4 10 39 - 24.65 1322.94 43775824
dry 1e8 2 112 - 1.06 3.05 1983300
aoDLAV 1e8 2 112 - 7.93 584.77 14862072
aoULAV 1e8 2 112 - 10.88 642.10 14862068
aoD2AG 1e8 2 112 - 19.29 1001.08 21856188
aoD2SG 1e8 2 112 - 21.27 1376.52 22655968
dry 2e4 10 183 - 0.03 0.12 29396
aoDLAV 2e4 10 183 - 0.03 1.63 34836
aoULAV 2e4 10 183 - 0.03 1.63 34848
aoD2AG 2e4 10 183 - 0.04 1.67 36076
aoD2SG 2e4 10 183 - 0.03 1.88 36080
moore 2e4 10 183 - 3.42 7518.02 11770836
nbpm 2e4 10 183 - 29.74 5828.95 30880040
greedy 2e4 10 183 - 24.61 1670.92 43775820
dry 8e7 2 220 - 0.89 2.46 1592676
aoDLAV 8e7 2 220 - 6.72 484.55 11893324
aoULAV 8e7 2 220 - 8.27 498.91 11893324
aoD2AG 8e7 2 220 - 15.35 697.78 17486948
aoD2SG 8e7 2 220 - 16.21 1044.89 18124164
dry 1e8 5 139 - 2.49 6.25 4327052
aoDLAV 1e8 5 139 - 11.76 2602.61 23065204
aoULAV 1e8 5 139 - 16.57 2707.66 23065204
aoD2AG 1e8 5 139 - 27.21 3788.80 30457708
aoD2SG 1e8 5 139 - 28.38 3699.77 31310472
dry 1e8 2 95 - 1.06 3.03 1983300
aoDLAV 1e8 2 95 - 8.36 744.96 14862068
aoULAV 1e8 2 95 - 11.08 672.57 14862068
aoD2AG 1e8 2 95 - 19.61 957.75 21855036
aoD2SG 1e8 2 95 - 20.78 1131.57 22653700
dry 1e8 5 70 - 2.57 6.35 4327052
aoDLAV 1e8 5 70 - 12.96 3593.68 23065204
aoULAV 1e8 5 70 - 15.99 3216.88 23065204
aoD2AG 1e8 5 70 - 26.98 2969.43 30457788
aoD2SG 1e8 5 70 - 27.65 3656.55 31310156
dry 125e2 2 200 - 0.03 0.12 26532
aoDLAV 125e2 2 200 - 0.03 0.18 30740
aoULAV 125e2 2 200 - 0.03 0.18 30708
aoD2AG 125e2 2 200 - 0.04 0.17 31380
aoD2SG 125e2 2 200 - 0.02 0.20 31380
moore 125e2 2 200 - 1.58 1531.37 4611548
nbpm 125e2 2 200 - 11.32 668.61 12302332
greedy 125e2 2 200 - 9.34 441.63 17109968
dry 2e4 10 98 - 0.03 0.12 30152
aoDLAV 2e4 10 98 - 0.04 1.51 34836
aoULAV 2e4 10 98 - 0.04 1.69 34848
aoD2AG 2e4 10 98 - 0.04 1.57 36076
aoD2SG 2e4 10 98 - 0.03 1.78 36076
moore 2e4 10 98 - 4.10 7456.00 11770836
nbpm 2e4 10 98 - 28.81 7686.45 30880148
greedy 2e4 10 98 - 25.69 1377.32 43775824
dry 8e7 2 202 - 0.89 2.47 1592680
aoDLAV 8e7 2 202 - 6.61 477.91 11893328
aoULAV 8e7 2 202 - 8.55 508.93 11893328
aoD2AG 8e7 2 202 - 15.91 731.64 17487916
aoD2SG 8e7 2 202 - 16.96 868.13 18124608
dry 2e4 10 71 - 0.04 0.13 29364
aoDLAV 2e4 10 71 - 0.04 1.59 34836
aoULAV 2e4 10 71 - 0.04 1.59 34848
aoD2AG 2e4 10 71 - 0.04 1.63 36076
aoD2SG 2e4 10 71 - 0.03 1.87 36080
moore 2e4 10 71 - 3.49 7377.45 11770836
