dry 350e2 2 67 - 0.03 0.11 29352
aoDLAV 350e2 2 67 - 0.03 0.23 31484
aoULAV 350e2 2 67 - 0.03 0.22 32264
aoD2AG 350e2 2 67 - 0.04 0.26 34852
aoD2SG 350e2 2 67 - 0.02 0.28 35132
dry 325e2 2 160 - 0.02 0.11 27316
aoDLAV 325e2 2 160 - 0.03 0.22 31376
aoULAV 325e2 2 160 - 0.03 0.22 32088
aoD2AG 325e2 2 160 - 0.03 0.26 35000
aoD2SG 325e2 2 160 - 0.03 0.27 34764
dry 400e2 2 50 - 0.03 0.11 27616
aoDLAV 400e2 2 50 - 0.02 0.25 32240
aoULAV 400e2 2 50 - 0.02 0.25 33112
aoD2AG 400e2 2 50 - 0.04 0.27 36072
aoD2SG 400e2 2 50 - 0.03 0.28 35928
dry 18e4 2 71 - 0.03 0.12 33104
aoDLAV 18e4 2 71 - 0.04 0.75 47864
aoULAV 18e4 2 71 - 0.05 0.77 47860
aoD2AG 18e4 2 71 - 0.05 0.93 58640
aoD2SG 18e4 2 71 - 0.05 1.02 59840
dry 1e3 5 15 - 0.02 0.11 26056
aoDLAV 1e3 5 15 - 0.04 0.13 30424
aoULAV 1e3 5 15 - 0.02 0.14 30436
aoD2AG 1e3 5 15 - 0.02 0.14 30752
aoD2SG 1e3 5 15 - 0.03 0.14 30764
moore 1e3 5 15 - 0.04 4.19 59804
nbpm 1e3 5 15 - 0.12 4.42 129244
greedy 1e3 5 15 - 0.07 1.01 139388
dry 32e1 2 57 - 0.03 0.10 26004
aoDLAV 32e1 2 57 - 0.03 0.14 30200
aoULAV 32e1 2 57 - 0.03 0.14 30208
aoD2AG 32e1 2 57 - 0.03 0.14 30392
aoD2SG 32e1 2 57 - 0.03 0.14 30384
moore 32e1 2 57 - 0.03 0.98 33684
nbpm 32e1 2 57 - 0.08 2.58 58312
greedy 32e1 2 57 - 0.04 0.20 40976
dry 275e2 2 1 - 0.02 0.12 27120
aoDLAV 275e2 2 1 - 0.02 0.21 31240
aoULAV 275e2 2 1 - 0.03 0.22 31572
aoD2AG 275e2 2 1 - 0.04 0.22 34696
aoD2SG 275e2 2 1 - 0.02 0.25 34812
dry 350e2 2 226 - 0.02 0.12 27416
aoDLAV 350e2 2 226 - 0.02 0.22 31484
aoULAV 350e2 2 226 - 0.03 0.23 32260
aoD2AG 350e2 2 226 - 0.03 0.25 34856
aoD2SG 350e2 2 226 - 0.03 0.28 35136
dry 56e3 2 152 - 0.02 0.12 28236
aoDLAV 56e3 2 152 - 0.03 0.28 33480
aoULAV 56e3 2 152 - 0.02 0.29 34700
aoD2AG 56e3 2 152 - 0.03 0.35 37284
aoD2SG 56e3 2 152 - 0.03 0.38 37300
dry 5e4 5 162 - 0.02 0.13 30880
aoDLAV 5e4 5 162 - 0.03 0.76 34704
aoULAV 5e4 5 162 - 0.03 0.76 34704
aoD2AG 5e4 5 162 - 0.03 0.81 37728
aoD2SG 5e4 5 162 - 0.04 0.83 37936
dry 1e2 2 37 - 0.02 0.11 25996
aoDLAV 1e2 2 37 - 0.01 0.15 30168
aoULAV 1e2 2 37 - 0.03 0.13 30184
aoD2AG 1e2 2 37 - 0.03 0.13 30328
aoD2SG 1e2 2 37 - 0.02 0.15 30332
moore 1e2 2 37 - 0.03 0.20 30480
nbpm 1e2 2 37 - 0.07 2.13 52996
greedy 1e2 2 37 - 0.03 0.14 30880
dry 1e5 2 246 - 0.02 0.13 31536
aoDLAV 1e5 2 246 - 0.04 0.43 34800
aoULAV 1e5 2 246 - 0.03 0.45 35320
aoD2AG 1e5 2 246 - 0.04 0.57 42604
aoD2SG 1e5 2 246 - 0.04 0.64 43804
dry 325e2 2 40 - 0.02 0.12 27316
aoDLAV 325e2 2 40 - 0.03 0.22 31372
aoULAV 325e2 2 40 - 0.02 0.22 32084
aoD2AG 325e2 2 40 - 0.03 0.24 35000
aoD2SG 325e2 2 40 - 0.03 0.26 34756
dry 1e6 2 153 - 0.04 0.19 49704
aoDLAV 1e6 2 153 - 0.11 3.86 178456
aoULAV 1e6 2 153 - 0.11 3.90 178456
aoD2AG 1e6 2 153 - 0.15 5.49 233248
aoD2SG 1e6 2 153 - 0.19 6.30 241260
dry 1e3 5 60 - 0.03 0.11 26056
aoDLAV 1e3 5 60 - 0.03 0.14 30424
aoULAV 1e3 5 60 - 0.03 0.14 30436
aoD2AG 1e3 5 60 - 0.02 0.15 30756
aoD2SG 1e3 5 60 - 0.03 0.15 30772
moore 1e3 5 60 - 0.04 5.30 59800
nbpm 1e3 5 60 - 0.11 4.28 129248
greedy 1e3 5 60 - 0.08 1.02 139388
dry 5e4 10 40 - 0.03 0.13 33888
aoDLAV 5e4 10 40 - 0.04 7.51 40200
aoULAV 5e4 10 40 - 0.03 7.97 40200
aoD2AG 5e4 10 40 - 0.05 7.63 44980
aoD2SG 5e4 10 40 - 0.05 8.64 45000
dry 325e2 2 177 - 0.02 0.12 29064
aoDLAV 325e2 2 177 - 0.03 0.22 31372
aoULAV 325e2 2 177 - 0.02 0.23 32088
aoD2AG 325e2 2 177 - 0.03 0.25 35052
aoD2SG 325e2 2 177 - 0.02 0.27 34760
dry 1e5 2 105 - 0.02 0.13 32124
aoDLAV 1e5 2 105 - 0.03 0.43 34800
aoULAV 1e5 2 105 - 0.03 0.44 35320
aoD2AG 1e5 2 105 - 0.05 0.55 42600
aoD2SG 1e5 2 105 - 0.04 0.70 43804
dry 1e6 5 203 - 0.05 0.27 73176
aoDLAV 1e6 5 203 - 0.14 19.18 252688
aoULAV 1e6 5 203 - 0.15 19.10 252692
aoD2AG 1e6 5 203 - 0.24 21.66 324216
aoD2SG 1e6 5 203 - 0.20 25.08 331988
dry 400e2 2 57 - 0.02 0.13 27620
aoDLAV 400e2 2 57 - 0.03 0.25 32240
aoULAV 400e2 2 57 - 0.03 0.25 33116
aoD2AG 400e2 2 57 - 0.04 0.29 36072
aoD2SG 400e2 2 57 - 0.03 0.28 35928
dry 32e1 2 20 - 0.03 0.11 26000
aoDLAV 32e1 2 20 - 0.02 0.14 30196
aoULAV 32e1 2 20 - 0.02 0.14 30208
aoD2AG 32e1 2 20 - 0.03 0.14 30376
aoD2SG 32e1 2 20 - 0.03 0.14 30384
moore 32e1 2 20 - 0.03 0.56 33688
nbpm 32e1 2 20 - 0.06 2.34 58308
greedy 32e1 2 20 - 0.04 0.20 40972
dry 56e4 2 225 - 0.03 0.19 41104
aoDLAV 56e4 2 225 - 0.09 2.04 107984
aoULAV 56e4 2 225 - 0.09 2.14 107984
aoD2AG 56e4 2 225 - 0.12 3.09 139976
aoD2SG 56e4 2 225 - 0.13 3.38 143568
dry 56e1 2 185 - 0.03 0.11 26008
aoDLAV 56e1 2 185 - 0.02 0.15 30220
aoULAV 56e1 2 185 - 0.02 0.15 30232
aoD2AG 56e1 2 185 - 0.02 0.15 30416
aoD2SG 56e1 2 185 - 0.03 0.14 30424
moore 56e1 2 185 - 0.04 1.21 39688
nbpm 56e1 2 185 - 0.10 2.96 78716
greedy 56e1 2 185 - 0.04 0.39 64108
dry 1e6 5 82 - 0.06 0.27 73156
aoDLAV 1e6 5 82 - 0.16 19.23 252688
aoULAV 1e6 5 82 - 0.15 19.24 252688
aoD2AG 1e6 5 82 - 0.19 21.19 325172
aoD2SG 1e6 5 82 - 0.22 24.71 333204
dry 1e3 10 198 - 0.01 0.13 26136
aoDLAV 1e3 10 198 - 0.03 0.16 30652
aoULAV 1e3 10 198 - 0.03 0.16 30668
aoD2AG 1e3 10 198 - 0.02 0.17 31068
aoD2SG 1e3 10 198 - 0.03 0.16 31092
moore 1e3 10 198 - 0.04 2.07 59868
nbpm 1e3 10 198 - 0.14 4.75 136144
greedy 1e3 10 198 - 0.07 1.06 139656
dry 5e4 5 166 - 0.02 0.14 30896
aoDLAV 5e4 5 166 - 0.04 0.76 34704
aoULAV 5e4 5 166 - 0.04 0.76 34704
aoD2AG 5e4 5 166 - 0.04 0.82 37728
aoD2SG 5e4 5 166 - 0.04 0.90 37940
dry 32e3 2 155 - 0.03 0.11 30764
aoDLAV 32e3 2 155 - 0.03 0.22 31436
aoULAV 32e3 2 155 - 0.02 0.23 32148
aoD2AG 32e3 2 155 - 0.03 0.26 35020
aoD2SG 32e3 2 155 - 0.03 0.26 34784
dry 1e5 10 192 - 0.04 0.18 38396
aoDLAV 1e5 10 192 - 0.05 22.39 53540
aoULAV 1e5 10 192 - 0.05 22.30 55312
aoD2AG 1e5 10 192 - 0.04 22.29 62640
aoD2SG 1e5 10 192 - 0.04 24.39 66832
dry 350e2 2 12 - 0.02 0.12 27420
aoDLAV 350e2 2 12 - 0.02 0.23 31480
aoULAV 350e2 2 12 - 0.03 0.22 32260
aoD2AG 350e2 2 12 - 0.03 0.26 34848
aoD2SG 350e2 2 12 - 0.03 0.27 35136
dry 350e2 2 32 - 0.02 0.12 29348
aoDLAV 350e2 2 32 - 0.03 0.23 31480
aoULAV 350e2 2 32 - 0.03 0.22 32260
aoD2AG 350e2 2 32 - 0.04 0.26 34848
aoD2SG 350e2 2 32 - 0.04 0.26 35132
dry 350e2 2 157 - 0.03 0.11 28928
aoDLAV 350e2 2 157 - 0.03 0.23 31484
aoULAV 350e2 2 157 - 0.03 0.23 32260
aoD2AG 350e2 2 157 - 0.03 0.26 34848
aoD2SG 350e2 2 157 - 0.03 0.28 35136
dry 56e4 2 71 - 0.03 0.19 41108
aoDLAV 56e4 2 71 - 0.06 2.09 107988
aoULAV 56e4 2 71 - 0.10 2.17 107984
aoD2AG 56e4 2 71 - 0.12 3.03 140332
aoD2SG 56e4 2 71 - 0.11 3.46 142832
dry 1e3 2 200 - 0.02 0.11 26020
aoDLAV 1e3 2 200 - 0.02 0.15 30280
aoULAV 1e3 2 200 - 0.03 0.14 30292
aoD2AG 1e3 2 200 - 0.02 0.15 30536
aoD2SG 1e3 2 200 - 0.02 0.15 30552
moore 1e3 2 200 - 0.04 5.82 59768
nbpm 1e3 2 200 - 0.12 4.08 138552
greedy 1e3 2 200 - 0.07 1.04 139244
dry 1e1 2 88 - 0.03 0.11 25992
aoDLAV 1e1 2 88 - 0.01 0.15 30160
aoULAV 1e1 2 88 - 0.02 0.14 30176
aoD2AG 1e1 2 88 - 0.03 0.14 30316
aoD2SG 1e1 2 88 - 0.03 0.14 30320
moore 1e1 2 88 - 0.02 0.18 30484
nbpm 1e1 2 88 - 0.08 2.14 49824
greedy 1e1 2 88 - 0.02 0.14 30124
dry 5e4 2 148 - 0.02 0.12 29736
aoDLAV 5e4 2 148 - 0.03 0.28 33012
aoULAV 5e4 2 148 - 0.02 0.31 33312
aoD2AG 5e4 2 148 - 0.03 0.35 36408
aoD2SG 5e4 2 148 - 0.04 0.35 36424
dry 1e3 2 231 - 0.02 0.12 26020
aoDLAV 1e3 2 231 - 0.03 0.14 30284
aoULAV 1e3 2 231 - 0.02 0.14 30292
aoD2AG 1e3 2 231 - 0.02 0.14 30544
aoD2SG 1e3 2 231 - 0.02 0.15 30560
moore 1e3 2 231 - 0.04 5.37 59772
nbpm 1e3 2 231 - 0.13 4.09 138556
greedy 1e3 2 231 - 0.07 1.04 139244
dry 32e1 2 100 - 0.02 0.12 26000
aoDLAV 32e1 2 100 - 0.02 0.14 30196
aoULAV 32e1 2 100 - 0.02 0.14 30208
aoD2AG 32e1 2 100 - 0.03 0.14 30380
aoD2SG 32e1 2 100 - 0.02 0.15 30388
moore 32e1 2 100 - 0.02 0.54 33680
nbpm 32e1 2 100 - 0.07 2.39 58300
greedy 32e1 2 100 - 0.03 0.21 40972
dry 300e2 2 26 - 0.03 0.11 29236
aoDLAV 300e2 2 26 - 0.02 0.23 31296
aoULAV 300e2 2 26 - 0.03 0.22 31892
aoD2AG 300e2 2 26 - 0.02 0.25 35060
aoD2SG 300e2 2 26 - 0.03 0.25 34720
dry 56e3 2 77 - 0.02 0.12 31240
aoDLAV 56e3 2 77 - 0.03 0.30 33480
aoULAV 56e3 2 77 - 0.03 0.30 34696
aoD2AG 56e3 2 77 - 0.03 0.36 37280
aoD2SG 56e3 2 77 - 0.03 0.39 37304
dry 1e3 10 208 - 0.01 0.12 26140
aoDLAV 1e3 10 208 - 0.03 0.15 30652
aoULAV 1e3 10 208 - 0.02 0.17 30668
aoD2AG 1e3 10 208 - 0.02 0.16 31060
aoD2SG 1e3 10 208 - 0.02 0.17 31072
moore 1e3 10 208 - 0.04 6.49 59840
nbpm 1e3 10 208 - 0.10 4.80 136140
greedy 1e3 10 208 - 0.07 1.06 139620
dry 1e3 2 88 - 0.03 0.11 26020
aoDLAV 1e3 2 88 - 0.03 0.14 30280
aoULAV 1e3 2 88 - 0.03 0.14 30292
aoD2AG 1e3 2 88 - 0.03 0.14 30548
aoD2SG 1e3 2 88 - 0.03 0.14 30560
moore 1e3 2 88 - 0.04 4.81 59776
nbpm 1e3 2 88 - 0.14 4.14 138560
greedy 1e3 2 88 - 0.07 1.03 139244
dry 1e1 2 246 - 0.02 0.12 25992
aoDLAV 1e1 2 246 - 0.02 0.15 30160
aoULAV 1e1 2 246 - 0.03 0.14 30172
aoD2AG 1e1 2 246 - 0.03 0.14 30320
aoD2SG 1e1 2 246 - 0.03 0.14 30320
moore 1e1 2 246 - 0.03 0.17 30484
nbpm 1e1 2 246 - 0.09 2.12 49824
greedy 1e1 2 246 - 0.03 0.14 30124
dry 1e1 2 231 - 0.03 0.11 25996
aoDLAV 1e1 2 231 - 0.02 0.14 30164
aoULAV 1e1 2 231 - 0.03 0.14 30172
aoD2AG 1e1 2 231 - 0.02 0.15 30316
aoD2SG 1e1 2 231 - 0.02 0.14 30320
moore 1e1 2 231 - 0.02 0.18 30488
nbpm 1e1 2 231 - 0.07 2.13 49824
greedy 1e1 2 231 - 0.03 0.14 30128
dry 56e3 2 174 - 0.02 0.12 31240
aoDLAV 56e3 2 174 - 0.03 0.29 33476
aoULAV 56e3 2 174 - 0.02 0.31 34700
aoD2AG 56e3 2 174 - 0.03 0.36 37284
aoD2SG 56e3 2 174 - 0.03 0.39 37300
dry 1e3 10 154 - 0.02 0.11 26136
aoDLAV 1e3 10 154 - 0.03 0.16 30652
aoULAV 1e3 10 154 - 0.04 0.15 30664
aoD2AG 1e3 10 154 - 0.02 0.16 31064
aoD2SG 1e3 10 154 - 0.02 0.17 31092
moore 1e3 10 154 - 0.03 4.61 59844
nbpm 1e3 10 154 - 0.11 4.73 136140
greedy 1e3 10 154 - 0.08 1.04 139620
dry 56e1 2 62 - 0.02 0.12 26008
aoDLAV 56e1 2 62 - 0.02 0.15 30220
aoULAV 56e1 2 62 - 0.03 0.15 30232
aoD2AG 56e1 2 62 - 0.03 0.14 30416
aoD2SG 56e1 2 62 - 0.03 0.14 30424
moore 56e1 2 62 - 0.04 1.42 39660
nbpm 56e1 2 62 - 0.09 2.98 78712
greedy 56e1 2 62 - 0.06 0.37 64104
dry 1e2 5 90 - 0.02 0.12 25996
aoDLAV 1e2 5 90 - 0.02 0.14 30212
aoULAV 1e2 5 90 - 0.03 0.13 30228
aoD2AG 1e2 5 90 - 0.02 0.14 30388
aoD2SG 1e2 5 90 - 0.03 0.14 30388
moore 1e2 5 90 - 0.03 0.20 30496
nbpm 1e2 5 90 - 0.07 2.13 53016
greedy 1e2 5 90 - 0.03 0.14 30920
dry 1e5 10 45 - 0.04 0.17 38396
aoDLAV 1e5 10 45 - 0.04 21.29 53536
aoULAV 1e5 10 45 - 0.13 21.96 55308
aoD2AG 1e5 10 45 - 0.18 22.42 62628
aoD2SG 1e5 10 45 - 0.07 38.50 66836
dry 32e4 2 54 - 0.04 0.16 36424
aoDLAV 32e4 2 54 - 0.07 1.26 70828
aoULAV 32e4 2 54 - 0.05 1.27 70840
aoD2AG 32e4 2 54 - 0.09 1.78 89312
aoD2SG 32e4 2 54 - 0.07 1.93 90752
dry 1e5 5 172 - 0.03 0.13 34480
aoDLAV 1e5 5 172 - 0.05 1.62 41816
aoULAV 1e5 5 172 - 0.05 1.62 43568
aoD2AG 1e5 5 172 - 0.05 1.77 53568
aoD2SG 1e5 5 172 - 0.05 1.96 53204
dry 1e2 2 22 - 0.02 0.12 25992
aoDLAV 1e2 2 22 - 0.02 0.15 30172
aoULAV 1e2 2 22 - 0.02 0.14 30180
aoD2AG 1e2 2 22 - 0.02 0.15 30336
aoD2SG 1e2 2 22 - 0.02 0.15 30340
moore 1e2 2 22 - 0.04 0.21 30488
nbpm 1e2 2 22 - 0.08 2.16 53008
greedy 1e2 2 22 - 0.03 0.14 30880
dry 325e2 2 182 - 0.02 0.12 27316
aoDLAV 325e2 2 182 - 0.03 0.22 31372
aoULAV 325e2 2 182 - 0.03 0.22 32084
aoD2AG 325e2 2 182 - 0.03 0.25 35004
aoD2SG 325e2 2 182 - 0.03 0.26 34760
dry 5e4 2 175 - 0.02 0.12 28000
aoDLAV 5e4 2 175 - 0.03 0.27 33008
aoULAV 5e4 2 175 - 0.03 0.27 33312
aoD2AG 5e4 2 175 - 0.04 0.34 36412
aoD2SG 5e4 2 175 - 0.03 0.36 36424
dry 1e2 2 64 - 0.02 0.11 25992
aoDLAV 1e2 2 64 - 0.02 0.14 30168
aoULAV 1e2 2 64 - 0.05 0.12 30180
aoD2AG 1e2 2 64 - 0.02 0.15 30328
aoD2SG 1e2 2 64 - 0.02 0.15 30340
moore 1e2 2 64 - 0.03 0.20 30488
nbpm 1e2 2 64 - 0.07 2.15 53008
greedy 1e2 2 64 - 0.02 0.15 30880
dry 32e3 2 126 - 0.03 0.11 27296
aoDLAV 32e3 2 126 - 0.02 0.22 31436
aoULAV 32e3 2 126 - 0.03 0.22 32148
aoD2AG 32e3 2 126 - 0.02 0.25 35024
aoD2SG 32e3 2 126 - 0.03 0.26 34836
dry 1e2 5 69 - 0.01 0.13 27952
aoDLAV 1e2 5 69 - 0.03 0.14 30212
aoULAV 1e2 5 69 - 0.03 0.15 30228
aoD2AG 1e2 5 69 - 0.03 0.14 30384
aoD2SG 1e2 5 69 - 0.02 0.15 30388
moore 1e2 5 69 - 0.03 0.21 30496
nbpm 1e2 5 69 - 0.06 2.18 53016
greedy 1e2 5 69 - 0.02 0.15 30924
dry 375e2 2 52 - 0.02 0.12 27516
aoDLAV 375e2 2 52 - 0.02 0.24 31788
aoULAV 375e2 2 52 - 0.03 0.24 32604
aoD2AG 375e2 2 52 - 0.03 0.28 35516
aoD2SG 375e2 2 52 - 0.03 0.31 35532
dry 32e4 2 10 - 0.02 0.17 36424
aoDLAV 32e4 2 10 - 0.05 1.28 70832
aoULAV 32e4 2 10 - 0.06 1.27 70840
aoD2AG 32e4 2 10 - 0.08 1.73 88364
aoD2SG 32e4 2 10 - 0.07 1.94 91736
dry 5e4 2 54 - 0.02 0.12 29900
aoDLAV 5e4 2 54 - 0.04 0.26 33012
aoULAV 5e4 2 54 - 0.03 0.27 33316
aoD2AG 5e4 2 54 - 0.04 0.32 36416
aoD2SG 5e4 2 54 - 0.04 0.36 36424
dry 1e6 2 210 - 0.04 0.19 49704
aoDLAV 1e6 2 210 - 0.13 3.73 178456
aoULAV 1e6 2 210 - 0.14 3.96 178456
aoD2AG 1e6 2 210 - 0.16 5.70 234432
aoD2SG 1e6 2 210 - 0.20 6.37 242172
dry 56e1 2 248 - 0.03 0.11 26008
aoDLAV 56e1 2 248 - 0.03 0.14 30220
aoULAV 56e1 2 248 - 0.04 0.13 30236
aoD2AG 56e1 2 248 - 0.03 0.14 30416
aoD2SG 56e1 2 248 - 0.02 0.15 30428
moore 56e1 2 248 - 0.03 1.97 39652
nbpm 56e1 2 248 - 0.10 2.92 78704
greedy 56e1 2 248 - 0.04 0.39 64104
dry 18e4 2 127 - 0.03 0.14 33104
aoDLAV 18e4 2 127 - 0.05 0.77 47860
aoULAV 18e4 2 127 - 0.05 0.78 47864
aoD2AG 18e4 2 127 - 0.06 1.04 58644
aoD2SG 18e4 2 127 - 0.06 1.13 59832
dry 1e5 2 159 - 0.02 0.13 30680
aoDLAV 1e5 2 159 - 0.04 0.44 34800
aoULAV 1e5 2 159 - 0.03 0.45 35320
aoD2AG 1e5 2 159 - 0.04 0.57 42600
aoD2SG 1e5 2 159 - 0.05 0.64 43804
dry 1e3 10 17 - 0.03 0.11 26136
aoDLAV 1e3 10 17 - 0.02 0.17 30656
aoULAV 1e3 10 17 - 0.03 0.16 30664
aoD2AG 1e3 10 17 - 0.03 0.16 31056
aoD2SG 1e3 10 17 - 0.03 0.16 31080
moore 1e3 10 17 - 0.05 2.09 59868
nbpm 1e3 10 17 - 0.12 4.95 136140
greedy 1e3 10 17 - 0.09 1.04 139616
dry 56e4 2 240 - 0.03 0.19 41104
aoDLAV 56e4 2 240 - 0.08 2.18 107988
aoULAV 56e4 2 240 - 0.07 2.15 107988
aoD2AG 56e4 2 240 - 0.13 3.00 140124
aoD2SG 56e4 2 240 - 0.10 3.41 146308
dry 5e4 5 199 - 0.03 0.13 30840
aoDLAV 5e4 5 199 - 0.03 0.83 34708
aoULAV 5e4 5 199 - 0.03 0.75 34704
aoD2AG 5e4 5 199 - 0.04 0.82 37728
aoD2SG 5e4 5 199 - 0.03 0.86 37936
dry 350e2 2 200 - 0.02 0.12 27952
aoDLAV 350e2 2 200 - 0.03 0.22 31480
aoULAV 350e2 2 200 - 0.03 0.23 32260
aoD2AG 350e2 2 200 - 0.03 0.26 34852
aoD2SG 350e2 2 200 - 0.03 0.27 35172
dry 300e2 2 198 - 0.03 0.11 30724
aoDLAV 300e2 2 198 - 0.03 0.21 31300
aoULAV 300e2 2 198 - 0.02 0.22 31892
aoD2AG 300e2 2 198 - 0.03 0.24 35060
aoD2SG 300e2 2 198 - 0.03 0.25 34720
dry 32e3 2 246 - 0.03 0.11 27296
aoDLAV 32e3 2 246 - 0.03 0.22 31436
aoULAV 32e3 2 246 - 0.03 0.22 32152
aoD2AG 32e3 2 246 - 0.02 0.26 35024
aoD2SG 32e3 2 246 - 0.03 0.26 34792
dry 1e6 2 132 - 0.04 0.20 49704
aoDLAV 1e6 2 132 - 0.10 3.66 178456
aoULAV 1e6 2 132 - 0.12 3.95 178456
aoD2AG 1e6 2 132 - 0.16 5.55 235232
aoD2SG 1e6 2 132 - 0.23 6.61 241016
dry 1e2 2 143 - 0.02 0.12 25992
aoDLAV 1e2 2 143 - 0.03 0.14 30168
aoULAV 1e2 2 143 - 0.03 0.14 30184
aoD2AG 1e2 2 143 - 0.03 0.14 30332
aoD2SG 1e2 2 143 - 0.03 0.14 30332
moore 1e2 2 143 - 0.02 0.20 30480
nbpm 1e2 2 143 - 0.08 2.26 53000
greedy 1e2 2 143 - 0.03 0.15 30880
dry 18e4 2 151 - 0.03 0.14 33108
aoDLAV 18e4 2 151 - 0.05 0.79 47860
aoULAV 18e4 2 151 - 0.06 0.80 47860
aoD2AG 18e4 2 151 - 0.07 0.99 58884
aoD2SG 18e4 2 151 - 0.05 1.10 60396
dry 32e3 2 22 - 0.02 0.12 27952
aoDLAV 32e3 2 22 - 0.03 0.21 31440
aoULAV 32e3 2 22 - 0.03 0.22 32148
aoD2AG 32e3 2 22 - 0.02 0.25 35024
aoD2SG 32e3 2 22 - 0.03 0.25 34788
dry 32e3 2 142 - 0.03 0.11 29328
aoDLAV 32e3 2 142 - 0.02 0.23 31436
aoULAV 32e3 2 142 - 0.04 0.21 32148
aoD2AG 32e3 2 142 - 0.03 0.24 35024
aoD2SG 32e3 2 142 - 0.03 0.26 34792
dry 1e1 2 21 - 0.03 0.11 25992
aoDLAV 1e1 2 21 - 0.03 0.14 30160
aoULAV 1e1 2 21 - 0.03 0.14 30176
aoD2AG 1e1 2 21 - 0.02 0.14 30316
aoD2SG 1e1 2 21 - 0.02 0.14 30320
moore 1e1 2 21 - 0.03 0.18 30480
nbpm 1e1 2 21 - 0.06 2.15 49820
greedy 1e1 2 21 - 0.03 0.14 30124
dry 32e1 2 89 - 0.03 0.11 26000
aoDLAV 32e1 2 89 - 0.03 0.13 30228
aoULAV 32e1 2 89 - 0.02 0.14 30208
aoD2AG 32e1 2 89 - 0.02 0.14 30368
aoD2SG 32e1 2 89 - 0.03 0.14 30384
moore 32e1 2 89 - 0.04 0.72 33680
nbpm 32e1 2 89 - 0.09 2.33 58296
greedy 32e1 2 89 - 0.03 0.20 40972
dry 275e2 2 95 - 0.02 0.12 27120
aoDLAV 275e2 2 95 - 0.02 0.20 31240
aoULAV 275e2 2 95 - 0.02 0.21 31572
aoD2AG 275e2 2 95 - 0.03 0.22 34696
aoD2SG 275e2 2 95 - 0.03 0.23 34812
dry 1e6 5 32 - 0.06 0.26 73152
aoDLAV 1e6 5 32 - 0.22 19.64 252692
aoULAV 1e6 5 32 - 0.21 20.38 252692
aoD2AG 1e6 5 32 - 0.29 22.31 324880
aoD2SG 1e6 5 32 - 0.29 26.01 333360
dry 32e1 2 110 - 0.02 0.12 26004
aoDLAV 32e1 2 110 - 0.03 0.14 30196
aoULAV 32e1 2 110 - 0.02 0.15 30208
aoD2AG 32e1 2 110 - 0.02 0.14 30376
aoD2SG 32e1 2 110 - 0.02 0.14 30384
moore 32e1 2 110 - 0.03 0.40 33684
nbpm 32e1 2 110 - 0.08 2.36 58308
greedy 32e1 2 110 - 0.02 0.22 40976
dry 56e4 2 29 - 0.03 0.19 41104
aoDLAV 56e4 2 29 - 0.07 2.15 107984
aoULAV 56e4 2 29 - 0.08 2.18 107984
aoD2AG 56e4 2 29 - 0.11 3.11 139560
aoD2SG 56e4 2 29 - 0.10 3.50 144916
dry 32e1 2 151 - 0.02 0.12 26004
aoDLAV 32e1 2 151 - 0.03 0.14 30200
aoULAV 32e1 2 151 - 0.02 0.14 30212
aoD2AG 32e1 2 151 - 0.02 0.15 30376
aoD2SG 32e1 2 151 - 0.03 0.14 30388
moore 32e1 2 151 - 0.03 0.36 33680
nbpm 32e1 2 151 - 0.09 2.40 58304
greedy 32e1 2 151 - 0.03 0.21 40972
dry 1e3 2 170 - 0.02 0.12 26020
aoDLAV 1e3 2 170 - 0.02 0.15 30284
aoULAV 1e3 2 170 - 0.02 0.15 30292
aoD2AG 1e3 2 170 - 0.02 0.15 30536
aoD2SG 1e3 2 170 - 0.02 0.15 30560
moore 1e3 2 170 - 0.04 6.32 59768
nbpm 1e3 2 170 - 0.12 4.05 138552
greedy 1e3 2 170 - 0.08 1.03 139244
dry 275e2 2 125 - 0.02 0.12 27120
aoDLAV 275e2 2 125 - 0.04 0.20 31240
aoULAV 275e2 2 125 - 0.03 0.21 31572
aoD2AG 275e2 2 125 - 0.03 0.24 34692
aoD2SG 275e2 2 125 - 0.03 0.25 34808
dry 1e3 10 233 - 0.02 0.12 26136
aoDLAV 1e3 10 233 - 0.02 0.16 30652
aoULAV 1e3 10 233 - 0.03 0.15 30664
aoD2AG 1e3 10 233 - 0.03 0.17 31060
aoD2SG 1e3 10 233 - 0.03 0.16 31084
moore 1e3 10 233 - 0.04 1.97 59868
nbpm 1e3 10 233 - 0.13 4.70 136140
greedy 1e3 10 233 - 0.08 1.04 139616
dry 225e2 2 147 - 0.02 0.12 30576
aoDLAV 225e2 2 147 - 0.03 0.19 30980
aoULAV 225e2 2 147 - 0.03 0.19 30996
aoD2AG 225e2 2 147 - 0.03 0.21 33372
aoD2SG 225e2 2 147 - 0.03 0.22 33464
dry 225e2 2 183 - 0.02 0.12 26920
aoDLAV 225e2 2 183 - 0.03 0.19 30980
aoULAV 225e2 2 183 - 0.03 0.19 30996
aoD2AG 225e2 2 183 - 0.02 0.22 33368
aoD2SG 225e2 2 183 - 0.02 0.23 33464
dry 250e2 2 120 - 0.03 0.11 29036
aoDLAV 250e2 2 120 - 0.03 0.20 31112
aoULAV 250e2 2 120 - 0.03 0.20 31212
aoD2AG 250e2 2 120 - 0.03 0.22 33860
aoD2SG 250e2 2 120 - 0.02 0.24 33964
dry 1e6 2 179 - 0.03 0.20 49704
aoDLAV 1e6 2 179 - 0.13 3.79 178456
aoULAV 1e6 2 179 - 0.11 3.98 178456
aoD2AG 1e6 2 179 - 0.14 5.85 235116
aoD2SG 1e6 2 179 - 0.18 6.46 242560
dry 1e2 10 237 - 0.01 0.12 26004
aoDLAV 1e2 10 237 - 0.02 0.14 30260
aoULAV 1e2 10 237 - 0.02 0.15 30272
aoD2AG 1e2 10 237 - 0.03 0.15 30444
aoD2SG 1e2 10 237 - 0.02 0.15 30452
moore 1e2 10 237 - 0.02 0.22 30496
nbpm 1e2 10 237 - 0.08 2.16 53080
greedy 1e2 10 237 - 0.02 0.15 30976
dry 18e4 2 218 - 0.03 0.13 33104
aoDLAV 18e4 2 218 - 0.05 0.77 47860
aoULAV 18e4 2 218 - 0.05 0.78 47860
aoD2AG 18e4 2 218 - 0.05 1.03 58640
aoD2SG 18e4 2 218 - 0.04 1.12 59928
dry 1e2 2 16 - 0.03 0.11 27952
aoDLAV 1e2 2 16 - 0.02 0.14 30168
aoULAV 1e2 2 16 - 0.02 0.15 30184
aoD2AG 1e2 2 16 - 0.03 0.14 30332
aoD2SG 1e2 2 16 - 0.03 0.14 30344
moore 1e2 2 16 - 0.03 0.22 30488
nbpm 1e2 2 16 - 0.08 2.17 53008
greedy 1e2 2 16 - 0.03 0.15 30880
dry 1e3 5 106 - 0.02 0.11 26056
aoDLAV 1e3 5 106 - 0.03 0.15 30424
aoULAV 1e3 5 106 - 0.03 0.14 30436
aoD2AG 1e3 5 106 - 0.02 0.15 30756
aoD2SG 1e3 5 106 - 0.03 0.15 30764
moore 1e3 5 106 - 0.04 5.33 59800
nbpm 1e3 5 106 - 0.10 4.49 129244
greedy 1e3 5 106 - 0.09 1.03 139392
dry 1e1 2 215 - 0.03 0.11 25992
aoDLAV 1e1 2 215 - 0.03 0.14 30160
aoULAV 1e1 2 215 - 0.03 0.14 30172
aoD2AG 1e1 2 215 - 0.03 0.14 30316
aoD2SG 1e1 2 215 - 0.03 0.14 30324
moore 1e1 2 215 - 0.04 0.17 30484
nbpm 1e1 2 215 - 0.08 2.15 49828
greedy 1e1 2 215 - 0.03 0.14 30124
dry 1e6 10 167 - 0.07 0.40 112232
aoDLAV 1e6 10 167 - 0.19 389.75 369888
aoULAV 1e6 10 167 - 0.33 382.24 369888
aoD2AG 1e6 10 167 - 0.38 428.45 447880
aoD2SG 1e6 10 167 - 0.39 412.01 457620
dry 32e1 2 7 - 0.01 0.12 26000
aoDLAV 32e1 2 7 - 0.03 0.14 30196
aoULAV 32e1 2 7 - 0.03 0.14 30208
aoD2AG 32e1 2 7 - 0.02 0.15 30380
aoD2SG 32e1 2 7 - 0.03 0.14 30384
moore 32e1 2 7 - 0.03 0.47 33680
nbpm 32e1 2 7 - 0.08 2.37 58296
greedy 32e1 2 7 - 0.03 0.21 40972
dry 375e2 2 241 - 0.02 0.12 29344
aoDLAV 375e2 2 241 - 0.03 0.23 31788
aoULAV 375e2 2 241 - 0.03 0.24 32604
aoD2AG 375e2 2 241 - 0.03 0.27 35516
aoD2SG 375e2 2 241 - 0.03 0.29 35528
dry 1e6 5 161 - 0.05 0.28 73152
aoDLAV 1e6 5 161 - 0.15 19.69 252688
aoULAV 1e6 5 161 - 0.15 19.48 252788
aoD2AG 1e6 5 161 - 0.19 21.57 324080
aoD2SG 1e6 5 161 - 0.23 24.95 332304
dry 5e4 10 247 - 0.04 0.13 33888
aoDLAV 5e4 10 247 - 0.04 7.66 40204
aoULAV 5e4 10 247 - 0.04 7.63 40200
aoD2AG 5e4 10 247 - 0.04 7.70 44984
aoD2SG 5e4 10 247 - 0.04 8.92 44992
dry 1e6 5 3 - 0.05 0.27 73152
aoDLAV 1e6 5 3 - 0.13 19.26 252692
aoULAV 1e6 5 3 - 0.14 19.62 252688
aoD2AG 1e6 5 3 - 0.21 21.70 323332
aoD2SG 1e6 5 3 - 0.21 25.38 331800
dry 1e6 2 195 - 0.04 0.20 49704
aoDLAV 1e6 2 195 - 0.10 3.85 178460
aoULAV 1e6 2 195 - 0.13 3.93 178456
aoD2AG 1e6 2 195 - 0.16 5.62 232860
aoD2SG 1e6 2 195 - 0.19 6.08 242580
dry 56e4 2 70 - 0.02 0.19 41104
aoDLAV 56e4 2 70 - 0.07 2.04 107984
aoULAV 56e4 2 70 - 0.08 2.06 107988
aoD2AG 56e4 2 70 - 0.12 3.01 138992
aoD2SG 56e4 2 70 - 0.13 3.37 143592
dry 1e6 10 222 - 0.07 0.41 112232
aoDLAV 1e6 10 222 - 0.19 381.28 369884
aoULAV 1e6 10 222 - 0.30 390.00 369884
aoD2AG 1e6 10 222 - 0.40 547.99 447860
aoD2SG 1e6 10 222 - 0.42 439.17 455968
dry 56e1 2 56 - 0.02 0.12 26012
aoDLAV 56e1 2 56 - 0.02 0.15 30220
aoULAV 56e1 2 56 - 0.03 0.14 30232
aoD2AG 56e1 2 56 - 0.03 0.14 30416
aoD2SG 56e1 2 56 - 0.02 0.15 30424
moore 56e1 2 56 - 0.04 1.13 39692
nbpm 56e1 2 56 - 0.12 2.88 78712
greedy 56e1 2 56 - 0.04 0.38 64104
dry 18e1 2 214 - 0.02 0.12 26004
aoDLAV 18e1 2 214 - 0.02 0.15 30184
aoULAV 18e1 2 214 - 0.02 0.14 30200
aoD2AG 18e1 2 214 - 0.03 0.14 30360
aoD2SG 18e1 2 214 - 0.02 0.15 30364
moore 18e1 2 214 - 0.02 0.38 30496
nbpm 18e1 2 214 - 0.09 2.15 54444
greedy 18e1 2 214 - 0.02 0.16 33352
dry 300e2 2 15 - 0.02 0.12 29152
aoDLAV 300e2 2 15 - 0.03 0.22 31296
aoULAV 300e2 2 15 - 0.02 0.22 31892
aoD2AG 300e2 2 15 - 0.03 0.25 35056
aoD2SG 300e2 2 15 - 0.03 0.27 34716
dry 375e2 2 117 - 0.03 0.12 27516
aoDLAV 375e2 2 117 - 0.03 0.24 31784
aoULAV 375e2 2 117 - 0.02 0.24 32604
aoD2AG 375e2 2 117 - 0.03 0.27 35524
aoD2SG 375e2 2 117 - 0.02 0.30 35528
dry 1e3 5 117 - 0.02 0.12 26056
aoDLAV 1e3 5 117 - 0.02 0.15 30424
aoULAV 1e3 5 117 - 0.02 0.15 30436
aoD2AG 1e3 5 117 - 0.02 0.15 30760
aoD2SG 1e3 5 117 - 0.02 0.15 30772
moore 1e3 5 117 - 0.04 4.16 59800
nbpm 1e3 5 117 - 0.11 4.61 129248
greedy 1e3 5 117 - 0.08 1.03 139396
dry 18e4 2 106 - 0.02 0.14 33108
aoDLAV 18e4 2 106 - 0.04 0.78 47860
aoULAV 18e4 2 106 - 0.05 0.80 47860
aoD2AG 18e4 2 106 - 0.06 1.02 59012
aoD2SG 18e4 2 106 - 0.05 1.16 59840
dry 1e5 2 107 - 0.02 0.13 31396
aoDLAV 1e5 2 107 - 0.03 0.45 34804
aoULAV 1e5 2 107 - 0.03 0.46 35324
aoD2AG 1e5 2 107 - 0.04 0.57 42600
aoD2SG 1e5 2 107 - 0.04 0.64 43804
dry 32e1 2 46 - 0.02 0.12 26004
aoDLAV 32e1 2 46 - 0.03 0.14 30196
aoULAV 32e1 2 46 - 0.02 0.15 30208
aoD2AG 32e1 2 46 - 0.03 0.14 30376
aoD2SG 32e1 2 46 - 0.03 0.14 30384
moore 32e1 2 46 - 0.04 0.58 33676
nbpm 32e1 2 46 - 0.09 2.36 58300
greedy 32e1 2 46 - 0.03 0.21 40972
dry 1e2 2 116 - 0.02 0.12 25992
aoDLAV 1e2 2 116 - 0.02 0.14 30172
aoULAV 1e2 2 116 - 0.03 0.14 30180
aoD2AG 1e2 2 116 - 0.02 0.15 30340
aoD2SG 1e2 2 116 - 0.03 0.15 30340
moore 1e2 2 116 - 0.03 0.22 30492
nbpm 1e2 2 116 - 0.08 2.15 53012
greedy 1e2 2 116 - 0.03 0.14 30880
dry 5e4 2 105 - 0.02 0.12 28004
aoDLAV 5e4 2 105 - 0.03 0.27 33008
aoULAV 5e4 2 105 - 0.03 0.28 33316
aoD2AG 5e4 2 105 - 0.03 0.34 36408
aoD2SG 5e4 2 105 - 0.04 0.36 36424
dry 1e2 10 9 - 0.02 0.12 26004
aoDLAV 1e2 10 9 - 0.02 0.15 30260
aoULAV 1e2 10 9 - 0.03 0.14 30276
aoD2AG 1e2 10 9 - 0.02 0.15 30440
aoD2SG 1e2 10 9 - 0.03 0.14 30448
moore 1e2 10 9 - 0.03 0.22 30496
nbpm 1e2 10 9 - 0.08 2.15 53076
greedy 1e2 10 9 - 0.03 0.14 30972
dry 5e4 5 233 - 0.03 0.13 30112
aoDLAV 5e4 5 233 - 0.03 0.72 34704
aoULAV 5e4 5 233 - 0.03 0.73 34704
aoD2AG 5e4 5 233 - 0.03 0.79 37732
aoD2SG 5e4 5 233 - 0.02 0.86 37936
dry 1e5 5 106 - 0.03 0.14 34476
aoDLAV 1e5 5 106 - 0.05 1.54 41816
aoULAV 1e5 5 106 - 0.04 1.57 43568
aoD2AG 1e5 5 106 - 0.04 1.70 53560
aoD2SG 1e5 5 106 - 0.05 1.89 53200
dry 56e4 2 89 - 0.04 0.18 41108
aoDLAV 56e4 2 89 - 0.09 2.00 107988
aoULAV 56e4 2 89 - 0.07 2.16 107988
aoD2AG 56e4 2 89 - 0.12 3.01 140288
aoD2SG 56e4 2 89 - 0.11 3.38 144016
dry 375e2 2 97 - 0.02 0.12 27516
aoDLAV 375e2 2 97 - 0.03 0.23 31840
aoULAV 375e2 2 97 - 0.03 0.24 32600
aoD2AG 375e2 2 97 - 0.02 0.28 35512
aoD2SG 375e2 2 97 - 0.03 0.29 35528
dry 1e6 5 238 - 0.04 0.28 73196
aoDLAV 1e6 5 238 - 0.14 18.82 252692
aoULAV 1e6 5 238 - 0.14 19.01 252688
aoD2AG 1e6 5 238 - 0.23 20.90 323940
aoD2SG 1e6 5 238 - 0.22 24.84 333220
dry 250e2 2 65 - 0.02 0.12 28848
aoDLAV 250e2 2 65 - 0.04 0.19 31108
aoULAV 250e2 2 65 - 0.02 0.21 31212
aoD2AG 250e2 2 65 - 0.03 0.22 33860
aoD2SG 250e2 2 65 - 0.03 0.23 33964
dry 1e5 10 61 - 0.03 0.18 38396
aoDLAV 1e5 10 61 - 0.05 21.42 53536
aoULAV 1e5 10 61 - 0.04 20.93 55312
aoD2AG 1e5 10 61 - 0.05 24.71 62724
aoD2SG 1e5 10 61 - 0.05 24.79 66832
dry 1e5 2 211 - 0.03 0.13 30600
aoDLAV 1e5 2 211 - 0.04 0.43 34804
aoULAV 1e5 2 211 - 0.04 0.50 35320
aoD2AG 1e5 2 211 - 0.04 0.57 42604
aoD2SG 1e5 2 211 - 0.04 0.63 43800
dry 325e2 2 114 - 0.03 0.11 27316
aoDLAV 325e2 2 114 - 0.03 0.22 31372
aoULAV 325e2 2 114 - 0.03 0.22 32084
aoD2AG 325e2 2 114 - 0.04 0.24 35004
aoD2SG 325e2 2 114 - 0.03 0.27 34760
dry 18e1 2 164 - 0.03 0.11 26008
aoDLAV 18e1 2 164 - 0.03 0.14 30184
aoULAV 18e1 2 164 - 0.03 0.14 30196
aoD2AG 18e1 2 164 - 0.03 0.14 30356
aoD2SG 18e1 2 164 - 0.03 0.14 30364
moore 18e1 2 164 - 0.03 0.31 30492
nbpm 18e1 2 164 - 0.08 2.17 54436
greedy 18e1 2 164 - 0.03 0.16 33348
dry 1e3 2 243 - 0.02 0.12 27956
aoDLAV 1e3 2 243 - 0.03 0.14 30280
aoULAV 1e3 2 243 - 0.03 0.14 30292
aoD2AG 1e3 2 243 - 0.03 0.14 30532
aoD2SG 1e3 2 243 - 0.03 0.14 30560
moore 1e3 2 243 - 0.04 2.85 59800
nbpm 1e3 2 243 - 0.14 4.53 138616
greedy 1e3 2 243 - 0.08 1.01 139244
dry 32e1 2 227 - 0.03 0.11 26000
aoDLAV 32e1 2 227 - 0.03 0.14 30196
aoULAV 32e1 2 227 - 0.02 0.15 30212
aoD2AG 32e1 2 227 - 0.03 0.15 30376
aoD2SG 32e1 2 227 - 0.03 0.14 30384
moore 32e1 2 227 - 0.03 0.53 33676
nbpm 32e1 2 227 - 0.11 2.41 58300
greedy 32e1 2 227 - 0.04 0.22 40972
dry 1e6 10 212 - 0.07 0.40 112288
aoDLAV 1e6 10 212 - 0.43 515.53 369936
aoULAV 1e6 10 212 - 0.31 364.77 369892
aoD2AG 1e6 10 212 - 0.41 522.70 448000
aoD2SG 1e6 10 212 - 0.40 407.87 456092
dry 1e6 5 6 - 0.05 0.26 73152
aoDLAV 1e6 5 6 - 0.13 17.63 252688
aoULAV 1e6 5 6 - 0.15 18.07 252688
aoD2AG 1e6 5 6 - 0.20 19.92 324652
aoD2SG 1e6 5 6 - 0.28 26.23 333288
dry 56e4 2 200 - 0.03 0.19 41104
aoDLAV 56e4 2 200 - 0.11 2.17 107984
aoULAV 56e4 2 200 - 0.09 2.23 107984
aoD2AG 56e4 2 200 - 0.11 2.84 138428
aoD2SG 56e4 2 200 - 0.12 3.22 144012
dry 1e5 5 13 - 0.03 0.14 34476
aoDLAV 1e5 5 13 - 0.05 1.49 41816
aoULAV 1e5 5 13 - 0.04 1.62 43568
aoD2AG 1e5 5 13 - 0.05 1.79 53568
aoD2SG 1e5 5 13 - 0.04 1.97 53200
dry 350e2 2 135 - 0.02 0.11 27952
aoDLAV 350e2 2 135 - 0.03 0.22 31480
aoULAV 350e2 2 135 - 0.03 0.23 32260
aoD2AG 350e2 2 135 - 0.03 0.26 34856
aoD2SG 350e2 2 135 - 0.04 0.27 35132
dry 1e2 5 51 - 0.02 0.12 25996
aoDLAV 1e2 5 51 - 0.03 0.14 30216
aoULAV 1e2 5 51 - 0.03 0.14 30228
aoD2AG 1e2 5 51 - 0.03 0.14 30384
aoD2SG 1e2 5 51 - 0.03 0.14 30388
moore 1e2 5 51 - 0.03 0.20 30492
nbpm 1e2 5 51 - 0.08 2.16 53016
greedy 1e2 5 51 - 0.03 0.14 30920
dry 1e3 10 171 - 0.02 0.12 26140
aoDLAV 1e3 10 171 - 0.03 0.16 30652
aoULAV 1e3 10 171 - 0.03 0.16 30664
aoD2AG 1e3 10 171 - 0.03 0.16 31056
aoD2SG 1e3 10 171 - 0.03 0.16 31088
moore 1e3 10 171 - 0.04 3.78 59844
nbpm 1e3 10 171 - 0.12 4.55 136140
greedy 1e3 10 171 - 0.07 0.99 139616
dry 5e4 10 242 - 0.02 0.14 33892
aoDLAV 5e4 10 242 - 0.04 6.57 40200
aoULAV 5e4 10 242 - 0.04 6.98 40200
aoD2AG 5e4 10 242 - 0.05 7.04 44984
aoD2SG 5e4 10 242 - 0.05 9.28 44996
dry 250e2 2 5 - 0.03 0.11 27024
aoDLAV 250e2 2 5 - 0.03 0.20 31108
aoULAV 250e2 2 5 - 0.03 0.20 31212
aoD2AG 250e2 2 5 - 0.03 0.22 33860
aoD2SG 250e2 2 5 - 0.04 0.22 33964
dry 225e2 2 232 - 0.02 0.12 28828
aoDLAV 225e2 2 232 - 0.03 0.19 30980
aoULAV 225e2 2 232 - 0.03 0.19 31028
aoD2AG 225e2 2 232 - 0.03 0.21 33368
aoD2SG 225e2 2 232 - 0.02 0.23 33464
dry 56e4 2 4 - 0.03 0.19 41104
aoDLAV 56e4 2 4 - 0.07 2.17 107988
aoULAV 56e4 2 4 - 0.08 2.28 107984
aoD2AG 56e4 2 4 - 0.12 3.15 139184
aoD2SG 56e4 2 4 - 0.12 3.51 143972
dry 400e2 2 3 - 0.02 0.12 27616
aoDLAV 400e2 2 3 - 0.02 0.25 32236
aoULAV 400e2 2 3 - 0.03 0.24 33116
aoD2AG 400e2 2 3 - 0.03 0.29 36072
aoD2SG 400e2 2 3 - 0.03 0.30 35928
dry 32e3 2 103 - 0.02 0.12 27296
aoDLAV 32e3 2 103 - 0.03 0.22 31436
aoULAV 32e3 2 103 - 0.02 0.23 32148
aoD2AG 32e3 2 103 - 0.03 0.25 35020
aoD2SG 32e3 2 103 - 0.03 0.27 34788
dry 32e3 2 86 - 0.02 0.12 29044
aoDLAV 32e3 2 86 - 0.03 0.22 31436
aoULAV 32e3 2 86 - 0.03 0.22 32148
aoD2AG 32e3 2 86 - 0.03 0.25 35052
aoD2SG 32e3 2 86 - 0.03 0.27 34784
dry 300e2 2 109 - 0.02 0.12 27216
aoDLAV 300e2 2 109 - 0.02 0.22 31300
aoULAV 300e2 2 109 - 0.02 0.22 31896
aoD2AG 300e2 2 109 - 0.03 0.24 35060
aoD2SG 300e2 2 109 - 0.03 0.26 34716
dry 32e4 2 94 - 0.03 0.17 36424
aoDLAV 32e4 2 94 - 0.05 1.26 70828
aoULAV 32e4 2 94 - 0.05 1.31 70840
aoD2AG 32e4 2 94 - 0.06 1.79 88216
aoD2SG 32e4 2 94 - 0.08 2.00 90868
dry 18e1 2 95 - 0.02 0.12 26004
aoDLAV 18e1 2 95 - 0.02 0.15 30184
aoULAV 18e1 2 95 - 0.03 0.13 30196
aoD2AG 18e1 2 95 - 0.03 0.14 30356
aoD2SG 18e1 2 95 - 0.03 0.14 30364
moore 18e1 2 95 - 0.03 0.28 30492
nbpm 18e1 2 95 - 0.07 2.30 54436
greedy 18e1 2 95 - 0.03 0.15 33348
dry 1e5 5 128 - 0.04 0.13 34476
aoDLAV 1e5 5 128 - 0.04 1.59 41816
aoULAV 1e5 5 128 - 0.05 1.55 43568
aoD2AG 1e5 5 128 - 0.04 1.80 53568
aoD2SG 1e5 5 128 - 0.04 2.03 53204
dry 56e3 2 114 - 0.03 0.11 30016
aoDLAV 56e3 2 114 - 0.03 0.30 33480
aoULAV 56e3 2 114 - 0.03 0.29 34696
aoD2AG 56e3 2 114 - 0.04 0.36 37284
aoD2SG 56e3 2 114 - 0.04 0.39 37300
dry 1e3 2 33 - 0.02 0.12 26024
aoDLAV 1e3 2 33 - 0.03 0.14 30320
aoULAV 1e3 2 33 - 0.02 0.16 30292
aoD2AG 1e3 2 33 - 0.03 0.14 30544
aoD2SG 1e3 2 33 - 0.02 0.15 30564
moore 1e3 2 33 - 0.04 4.15 59856
nbpm 1e3 2 33 - 0.11 4.04 138556
greedy 1e3 2 33 - 0.09 1.00 139244
dry 1e5 2 125 - 0.02 0.14 31076
aoDLAV 1e5 2 125 - 0.03 0.41 34800
aoULAV 1e5 2 125 - 0.02 0.43 35320
aoD2AG 1e5 2 125 - 0.04 0.55 42604
aoD2SG 1e5 2 125 - 0.03 0.63 43804
dry 5e4 5 130 - 0.02 0.13 30196
aoDLAV 5e4 5 130 - 0.03 0.69 34704
aoULAV 5e4 5 130 - 0.04 0.68 34704
aoD2AG 5e4 5 130 - 0.04 0.76 37728
aoD2SG 5e4 5 130 - 0.04 0.82 37936
dry 1e5 2 60 - 0.02 0.14 32124
aoDLAV 1e5 2 60 - 0.03 0.42 34800
aoULAV 1e5 2 60 - 0.03 0.43 35324
aoD2AG 1e5 2 60 - 0.04 0.58 42800
aoD2SG 1e5 2 60 - 0.03 0.61 43920
dry 375e2 2 123 - 0.02 0.12 27516
aoDLAV 375e2 2 123 - 0.02 0.23 31784
aoULAV 375e2 2 123 - 0.02 0.24 32608
aoD2AG 375e2 2 123 - 0.03 0.27 35516
aoD2SG 375e2 2 123 - 0.03 0.28 35528
dry 1e6 10 67 - 0.08 0.38 112232
aoDLAV 1e6 10 67 - 0.20 344.28 369888
aoULAV 1e6 10 67 - 0.29 348.94 369884
aoD2AG 1e6 10 67 - 0.39 364.32 447196
aoD2SG 1e6 10 67 - 0.44 427.04 456644
dry 1e2 5 204 - 0.03 0.11 25996
aoDLAV 1e2 5 204 - 0.03 0.14 30212
aoULAV 1e2 5 204 - 0.02 0.15 30224
aoD2AG 1e2 5 204 - 0.03 0.15 30376
aoD2SG 1e2 5 204 - 0.03 0.14 30380
moore 1e2 5 204 - 0.03 0.20 30492
nbpm 1e2 5 204 - 0.09 2.16 53016
greedy 1e2 5 204 - 0.03 0.14 30920
dry 56e1 2 24 - 0.02 0.11 26008
aoDLAV 56e1 2 24 - 0.02 0.14 30228
aoULAV 56e1 2 24 - 0.03 0.14 30232
aoD2AG 56e1 2 24 - 0.01 0.15 30416
aoD2SG 56e1 2 24 - 0.03 0.14 30424
moore 56e1 2 24 - 0.05 2.28 39664
nbpm 56e1 2 24 - 0.08 2.96 78732
greedy 56e1 2 24 - 0.06 0.38 64104
dry 32e3 2 101 - 0.02 0.12 30764
aoDLAV 32e3 2 101 - 0.03 0.22 31436
aoULAV 32e3 2 101 - 0.03 0.22 32148
aoD2AG 32e3 2 101 - 0.03 0.25 35028
aoD2SG 32e3 2 101 - 0.03 0.26 34792
dry 350e2 2 225 - 0.02 0.12 27416
aoDLAV 350e2 2 225 - 0.03 0.23 31480
aoULAV 350e2 2 225 - 0.03 0.23 32256
aoD2AG 350e2 2 225 - 0.04 0.26 34848
aoD2SG 350e2 2 225 - 0.04 0.27 35132
dry 1e3 10 201 - 0.02 0.12 26136
aoDLAV 1e3 10 201 - 0.03 0.16 30652
aoULAV 1e3 10 201 - 0.03 0.16 30668
aoD2AG 1e3 10 201 - 0.03 0.16 31072
aoD2SG 1e3 10 201 - 0.03 0.16 31092
moore 1e3 10 201 - 0.04 7.86 59840
nbpm 1e3 10 201 - 0.10 4.94 136140
greedy 1e3 10 201 - 0.09 1.05 139616
dry 1e1 2 77 - 0.02 0.12 25992
aoDLAV 1e1 2 77 - 0.02 0.15 30160
aoULAV 1e1 2 77 - 0.03 0.14 30172
aoD2AG 1e1 2 77 - 0.03 0.14 30316
aoD2SG 1e1 2 77 - 0.02 0.15 30320
moore 1e1 2 77 - 0.03 0.18 30476
nbpm 1e1 2 77 - 0.08 2.18 49816
greedy 1e1 2 77 - 0.03 0.14 30124
dry 32e4 2 196 - 0.04 0.16 36428
aoDLAV 32e4 2 196 - 0.05 1.27 70828
aoULAV 32e4 2 196 - 0.06 1.28 70840
aoD2AG 32e4 2 196 - 0.07 1.78 88112
aoD2SG 32e4 2 196 - 0.07 1.96 91280
dry 56e4 2 56 - 0.03 0.19 41104
aoDLAV 56e4 2 56 - 0.07 2.06 107984
aoULAV 56e4 2 56 - 0.08 2.16 107984
aoD2AG 56e4 2 56 - 0.11 3.00 139976
aoD2SG 56e4 2 56 - 0.11 3.51 144276
dry 5e4 2 47 - 0.02 0.12 28004
aoDLAV 5e4 2 47 - 0.03 0.27 33008
aoULAV 5e4 2 47 - 0.03 0.27 33312
aoD2AG 5e4 2 47 - 0.04 0.33 36412
aoD2SG 5e4 2 47 - 0.04 0.35 36428
dry 1e2 5 107 - 0.02 0.12 25996
aoDLAV 1e2 5 107 - 0.02 0.15 30212
aoULAV 1e2 5 107 - 0.02 0.14 30224
aoD2AG 1e2 5 107 - 0.03 0.14 30388
aoD2SG 1e2 5 107 - 0.03 0.14 30392
moore 1e2 5 107 - 0.03 0.21 30492
nbpm 1e2 5 107 - 0.07 2.19 53016
greedy 1e2 5 107 - 0.03 0.14 30924
dry 300e2 2 179 - 0.02 0.12 29140
aoDLAV 300e2 2 179 - 0.03 0.21 31300
aoULAV 300e2 2 179 - 0.03 0.21 31892
aoD2AG 300e2 2 179 - 0.03 0.24 35060
aoD2SG 300e2 2 179 - 0.03 0.25 34716
dry 375e2 2 79 - 0.02 0.11 29292
aoDLAV 375e2 2 79 - 0.03 0.24 31784
aoULAV 375e2 2 79 - 0.03 0.23 32604
aoD2AG 375e2 2 79 - 0.03 0.27 35520
aoD2SG 375e2 2 79 - 0.03 0.29 35528
dry 1e2 2 20 - 0.02 0.12 25992
aoDLAV 1e2 2 20 - 0.02 0.14 30168
aoULAV 1e2 2 20 - 0.02 0.15 30196
aoD2AG 1e2 2 20 - 0.02 0.14 30332
aoD2SG 1e2 2 20 - 0.02 0.14 30340
moore 1e2 2 20 - 0.02 0.23 30504
nbpm 1e2 2 20 - 0.06 2.19 53000
greedy 1e2 2 20 - 0.03 0.14 30880
dry 400e2 2 83 - 0.02 0.12 27616
aoDLAV 400e2 2 83 - 0.03 0.25 32236
aoULAV 400e2 2 83 - 0.03 0.25 33112
aoD2AG 400e2 2 83 - 0.02 0.29 36072
aoD2SG 400e2 2 83 - 0.03 0.30 35928
dry 56e3 2 130 - 0.02 0.12 29412
aoDLAV 56e3 2 130 - 0.02 0.30 33480
aoULAV 56e3 2 130 - 0.03 0.30 34696
aoD2AG 56e3 2 130 - 0.03 0.37 37284
aoD2SG 56e3 2 130 - 0.03 0.39 37300
dry 350e2 2 27 - 0.02 0.12 27420
aoDLAV 350e2 2 27 - 0.02 0.24 31484
aoULAV 350e2 2 27 - 0.03 0.23 32256
aoD2AG 350e2 2 27 - 0.04 0.25 34856
aoD2SG 350e2 2 27 - 0.03 0.28 35132
dry 1e3 10 80 - 0.02 0.11 26136
aoDLAV 1e3 10 80 - 0.03 0.16 30656
aoULAV 1e3 10 80 - 0.03 0.15 30664
aoD2AG 1e3 10 80 - 0.02 0.17 31068
aoD2SG 1e3 10 80 - 0.03 0.16 31080
moore 1e3 10 80 - 0.05 3.41 59868
nbpm 1e3 10 80 - 0.13 4.85 136136
greedy 1e3 10 80 - 0.08 1.04 139616
dry 350e2 2 96 - 0.03 0.11 29408
aoDLAV 350e2 2 96 - 0.03 0.22 31480
aoULAV 350e2 2 96 - 0.03 0.22 32260
aoD2AG 350e2 2 96 - 0.03 0.25 34852
aoD2SG 350e2 2 96 - 0.03 0.27 35136
dry 1e2 5 238 - 0.02 0.12 26000
aoDLAV 1e2 5 238 - 0.02 0.15 30212
aoULAV 1e2 5 238 - 0.02 0.14 30224
aoD2AG 1e2 5 238 - 0.03 0.14 30384
aoD2SG 1e2 5 238 - 0.03 0.14 30388
moore 1e2 5 238 - 0.03 0.21 30492
nbpm 1e2 5 238 - 0.08 2.20 53016
greedy 1e2 5 238 - 0.02 0.16 30920
dry 1e5 10 166 - 0.03 0.18 38396
aoDLAV 1e5 10 166 - 0.04 22.60 53536
aoULAV 1e5 10 166 - 0.04 22.79 55316
aoD2AG 1e5 10 166 - 0.13 22.82 62780
aoD2SG 1e5 10 166 - 0.15 26.13 66832
dry 1e6 2 209 - 0.05 0.19 49704
aoDLAV 1e6 2 209 - 0.11 3.78 178460
aoULAV 1e6 2 209 - 0.15 3.98 178456
aoD2AG 1e6 2 209 - 0.18 5.73 234288
aoD2SG 1e6 2 209 - 0.19 6.52 241200
dry 32e1 2 105 - 0.02 0.12 26004
aoDLAV 32e1 2 105 - 0.03 0.14 30196
aoULAV 32e1 2 105 - 0.03 0.14 30208
aoD2AG 32e1 2 105 - 0.03 0.14 30376
aoD2SG 32e1 2 105 - 0.03 0.14 30384
moore 32e1 2 105 - 0.03 0.54 33684
nbpm 32e1 2 105 - 0.08 2.37 58312
greedy 32e1 2 105 - 0.03 0.21 40972
dry 1e2 5 171 - 0.01 0.12 25996
aoDLAV 1e2 5 171 - 0.02 0.14 30212
aoULAV 1e2 5 171 - 0.02 0.15 30224
aoD2AG 1e2 5 171 - 0.03 0.14 30384
aoD2SG 1e2 5 171 - 0.03 0.15 30388
moore 1e2 5 171 - 0.03 0.22 30496
nbpm 1e2 5 171 - 0.07 2.17 53020
greedy 1e2 5 171 - 0.03 0.14 30920
dry 275e2 2 153 - 0.02 0.12 27120
aoDLAV 275e2 2 153 - 0.03 0.20 31240
aoULAV 275e2 2 153 - 0.03 0.21 31572
aoD2AG 275e2 2 153 - 0.04 0.23 34696
aoD2SG 275e2 2 153 - 0.03 0.25 34816
dry 400e2 2 248 - 0.02 0.12 27616
aoDLAV 400e2 2 248 - 0.02 0.25 32236
aoULAV 400e2 2 248 - 0.03 0.24 33112
aoD2AG 400e2 2 248 - 0.03 0.29 36072
aoD2SG 400e2 2 248 - 0.04 0.30 35928
dry 1e5 5 88 - 0.03 0.13 34476
aoDLAV 1e5 5 88 - 0.04 1.60 41816
aoULAV 1e5 5 88 - 0.05 1.63 43568
aoD2AG 1e5 5 88 - 0.05 1.78 53560
aoD2SG 1e5 5 88 - 0.05 2.01 53624
dry 56e3 2 228 - 0.03 0.12 28240
aoDLAV 56e3 2 228 - 0.03 0.30 33480
aoULAV 56e3 2 228 - 0.03 0.32 34696
aoD2AG 56e3 2 228 - 0.05 0.38 37284
aoD2SG 56e3 2 228 - 0.03 0.41 37300
dry 225e2 2 192 - 0.02 0.12 26920
aoDLAV 225e2 2 192 - 0.02 0.20 30984
aoULAV 225e2 2 192 - 0.03 0.19 30992
aoD2AG 225e2 2 192 - 0.02 0.22 33372
aoD2SG 225e2 2 192 - 0.03 0.22 33464
dry 1e3 2 147 - 0.03 0.11 26020
aoDLAV 1e3 2 147 - 0.03 0.14 30280
aoULAV 1e3 2 147 - 0.04 0.14 30292
aoD2AG 1e3 2 147 - 0.03 0.14 30540
aoD2SG 1e3 2 147 - 0.02 0.15 30564
moore 1e3 2 147 - 0.05 4.23 59768
nbpm 1e3 2 147 - 0.14 4.03 138552
greedy 1e3 2 147 - 0.08 1.04 139244
dry 1e6 5 64 - 0.05 0.28 73152
aoDLAV 1e6 5 64 - 0.14 19.22 252692
aoULAV 1e6 5 64 - 0.16 19.91 252688
aoD2AG 1e6 5 64 - 0.21 21.51 324132
aoD2SG 1e6 5 64 - 0.21 25.12 333048
dry 275e2 2 220 - 0.02 0.12 27120
aoDLAV 275e2 2 220 - 0.03 0.21 31240
aoULAV 275e2 2 220 - 0.02 0.22 31576
aoD2AG 275e2 2 220 - 0.03 0.23 34692
aoD2SG 275e2 2 220 - 0.03 0.25 34812
dry 5e4 2 52 - 0.03 0.11 31116
aoDLAV 5e4 2 52 - 0.03 0.28 33012
aoULAV 5e4 2 52 - 0.03 0.29 33312
aoD2AG 5e4 2 52 - 0.02 0.35 36412
aoD2SG 5e4 2 52 - 0.03 0.36 36424
dry 32e3 2 134 - 0.02 0.12 30764
aoDLAV 32e3 2 134 - 0.03 0.21 31440
aoULAV 32e3 2 134 - 0.04 0.21 32148
aoD2AG 32e3 2 134 - 0.03 0.25 35020
aoD2SG 32e3 2 134 - 0.04 0.27 34788
dry 325e2 2 71 - 0.03 0.11 27316
aoDLAV 325e2 2 71 - 0.03 0.22 31376
aoULAV 325e2 2 71 - 0.03 0.23 32084
aoD2AG 325e2 2 71 - 0.03 0.26 35008
aoD2SG 325e2 2 71 - 0.04 0.26 34764
dry 5e4 10 162 - 0.03 0.13 33892
aoDLAV 5e4 10 162 - 0.04 7.56 40204
aoULAV 5e4 10 162 - 0.04 7.71 40200
aoD2AG 5e4 10 162 - 0.04 7.90 44988
aoD2SG 5e4 10 162 - 0.05 8.39 45000
dry 18e1 2 132 - 0.02 0.12 26008
aoDLAV 18e1 2 132 - 0.03 0.14 30188
aoULAV 18e1 2 132 - 0.03 0.14 30196
aoD2AG 18e1 2 132 - 0.03 0.15 30356
aoD2SG 18e1 2 132 - 0.02 0.14 30364
moore 18e1 2 132 - 0.02 0.36 30496
nbpm 18e1 2 132 - 0.08 2.25 54444
greedy 18e1 2 132 - 0.02 0.18 33348
dry 1e6 2 131 - 0.03 0.20 49704
aoDLAV 1e6 2 131 - 0.11 3.70 178456
aoULAV 1e6 2 131 - 0.11 4.66 178456
aoD2AG 1e6 2 131 - 0.15 5.79 233944
aoD2SG 1e6 2 131 - 0.19 7.48 241656
dry 18e1 2 91 - 0.02 0.12 26004
aoDLAV 18e1 2 91 - 0.02 0.15 30184
aoULAV 18e1 2 91 - 0.03 0.14 30196
aoD2AG 18e1 2 91 - 0.02 0.15 30356
aoD2SG 18e1 2 91 - 0.02 0.15 30364
moore 18e1 2 91 - 0.03 0.31 30496
nbpm 18e1 2 91 - 0.07 2.20 54444
greedy 18e1 2 91 - 0.03 0.16 33352
dry 1e5 5 34 - 0.03 0.14 34480
aoDLAV 1e5 5 34 - 0.04 1.66 41816
aoULAV 1e5 5 34 - 0.04 1.64 43568
aoD2AG 1e5 5 34 - 0.04 1.80 53568
aoD2SG 1e5 5 34 - 0.04 2.02 53200
dry 250e2 2 60 - 0.03 0.11 27020
aoDLAV 250e2 2 60 - 0.03 0.20 31108
aoULAV 250e2 2 60 - 0.02 0.21 31212
aoD2AG 250e2 2 60 - 0.03 0.22 33864
aoD2SG 250e2 2 60 - 0.03 0.24 33964
dry 1e1 2 218 - 0.02 0.12 25992
aoDLAV 1e1 2 218 - 0.03 0.14 30160
aoULAV 1e1 2 218 - 0.02 0.15 30172
aoD2AG 1e1 2 218 - 0.03 0.14 30312
aoD2SG 1e1 2 218 - 0.02 0.15 30316
moore 1e1 2 218 - 0.02 0.18 30484
nbpm 1e1 2 218 - 0.06 2.18 49824
greedy 1e1 2 218 - 0.03 0.14 30128
dry 1e6 5 152 - 0.05 0.28 73156
aoDLAV 1e6 5 152 - 0.12 20.09 252692
aoULAV 1e6 5 152 - 0.13 20.34 252688
aoD2AG 1e6 5 152 - 0.24 22.12 323252
aoD2SG 1e6 5 152 - 0.24 25.09 332036
dry 350e2 2 84 - 0.02 0.12 27416
aoDLAV 350e2 2 84 - 0.03 0.22 31480
aoULAV 350e2 2 84 - 0.03 0.23 32260
aoD2AG 350e2 2 84 - 0.03 0.27 34848
aoD2SG 350e2 2 84 - 0.03 0.27 35128
dry 32e3 2 249 - 0.02 0.11 27296
aoDLAV 32e3 2 249 - 0.03 0.22 31436
aoULAV 32e3 2 249 - 0.02 0.22 32148
aoD2AG 32e3 2 249 - 0.03 0.25 35024
aoD2SG 32e3 2 249 - 0.02 0.26 34792
dry 32e4 2 53 - 0.04 0.16 36424
aoDLAV 32e4 2 53 - 0.06 1.29 70832
aoULAV 32e4 2 53 - 0.06 1.29 70840
aoD2AG 32e4 2 53 - 0.07 1.80 88696
aoD2SG 32e4 2 53 - 0.09 1.98 91532
dry 56e1 2 8 - 0.02 0.12 26008
aoDLAV 56e1 2 8 - 0.03 0.14 30220
aoULAV 56e1 2 8 - 0.02 0.15 30232
aoD2AG 56e1 2 8 - 0.03 0.14 30420
aoD2SG 56e1 2 8 - 0.02 0.15 30424
moore 56e1 2 8 - 0.03 1.32 39672
nbpm 56e1 2 8 - 0.10 2.95 78708
greedy 56e1 2 8 - 0.05 0.39 64108
dry 300e2 2 139 - 0.03 0.11 28964
aoDLAV 300e2 2 139 - 0.03 0.21 31296
aoULAV 300e2 2 139 - 0.03 0.21 31892
aoD2AG 300e2 2 139 - 0.03 0.25 35056
aoD2SG 300e2 2 139 - 0.03 0.25 34716
dry 5e4 5 219 - 0.03 0.12 30228
aoDLAV 5e4 5 219 - 0.03 0.78 34704
aoULAV 5e4 5 219 - 0.03 0.77 34704
aoD2AG 5e4 5 219 - 0.05 0.81 37728
aoD2SG 5e4 5 219 - 0.03 0.90 37940
