dry 1e8 2 223 - 0.71 2.69 1983296
aoDLAV 1e8 2 223 - 7.62 590.30 14862068
aoULAV 1e8 2 223 - 10.21 638.74 14862068
aoD2AG 1e8 2 223 - 18.92 906.85 21853676
aoD2SG 1e8 2 223 - 19.70 1043.71 22651920
dry 18e3 2 40 - 0.03 0.12 26748
aoDLAV 18e3 2 40 - 0.03 0.19 30740
aoULAV 18e3 2 40 - 0.03 0.19 30740
aoD2AG 18e3 2 40 - 0.03 0.21 31828
aoD2SG 18e3 2 40 - 0.04 0.20 31808
moore 18e3 2 40 - 2.88 4672.59 9534988
nbpm 18e3 2 40 - 23.18 1967.62 25451064
greedy 18e3 2 40 - 19.50 949.99 35458364
dry 2e4 5 135 - 0.03 0.12 29272
aoDLAV 2e4 5 135 - 0.03 0.28 32756
aoULAV 2e4 5 135 - 0.03 0.32 32768
aoD2AG 2e4 5 135 - 0.03 0.34 33344
aoD2SG 2e4 5 135 - 0.04 0.35 32860
moore 2e4 5 135 - 3.71 6704.90 11768084
nbpm 2e4 5 135 - 29.86 5052.11 34200500
greedy 2e4 5 135 - 23.74 1353.68 43774004
dry 18e3 2 194 - 0.03 0.11 26752
aoDLAV 18e3 2 194 - 0.03 0.19 30740
aoULAV 18e3 2 194 - 0.04 0.18 30740
aoD2AG 18e3 2 194 - 0.02 0.21 31812
aoD2SG 18e3 2 194 - 0.03 0.21 31812
moore 18e3 2 194 - 2.87 4670.30 9534976
nbpm 18e3 2 194 - 23.66 2378.81 25451060
greedy 18e3 2 194 - 19.94 1044.15 35458364
dry 125e2 2 109 - 0.02 0.12 26532
aoDLAV 125e2 2 109 - 0.04 0.17 30708
aoULAV 125e2 2 109 - 0.03 0.18 30712
aoD2AG 125e2 2 109 - 0.04 0.17 31380
aoD2SG 125e2 2 109 - 0.04 0.19 31376
moore 125e2 2 109 - 1.58 1898.42 4611548
nbpm 125e2 2 109 - 11.63 776.00 12302328
greedy 125e2 2 109 - 9.66 453.04 17109968
dry 1e8 5 171 - 2.34 6.25 4327052
aoDLAV 1e8 5 171 - 11.32 2668.50 23065204
aoULAV 1e8 5 171 - 16.30 3789.78 23065208
aoD2AG 1e8 5 171 - 25.98 2835.77 30457556
aoD2SG 1e8 5 171 - 28.44 3662.69 31312036
dry 1e8 5 43 - 2.32 6.31 4327052
aoDLAV 1e8 5 43 - 11.53 3250.49 23065208
aoULAV 1e8 5 43 - 16.16 2587.03 23065204
aoD2AG 1e8 5 43 - 26.15 2899.35 30455988
aoD2SG 1e8 5 43 - 28.42 3682.88 31308216
dry 8e7 2 155 - 0.89 2.45 1592676
aoDLAV 8e7 2 155 - 6.35 457.68 11893328
aoULAV 8e7 2 155 - 8.18 486.12 11893324
aoD2AG 8e7 2 155 - 15.17 899.84 17484440
aoD2SG 8e7 2 155 - 16.53 838.96 18123844
dry 150e2 2 179 - 0.02 0.12 26628
aoDLAV 150e2 2 179 - 0.03 0.18 30824
aoULAV 150e2 2 179 - 0.03 0.18 30824
aoD2AG 150e2 2 179 - 0.03 0.19 31612
aoD2SG 150e2 2 179 - 0.03 0.20 31608
moore 150e2 2 179 - 2.27 2576.41 6629344
nbpm 150e2 2 179 - 14.60 1153.81 16814172
greedy 150e2 2 179 - 14.31 676.81 24630024
dry 175e2 2 88 - 0.03 0.12 26732
aoDLAV 175e2 2 88 - 0.03 0.18 30716
aoULAV 175e2 2 88 - 0.03 0.19 30716
aoD2AG 175e2 2 88 - 0.03 0.20 31752
aoD2SG 175e2 2 88 - 0.04 0.20 31760
moore 175e2 2 88 - 2.78 5199.16 9014028
nbpm 175e2 2 88 - 20.71 2477.19 22863144
greedy 175e2 2 88 - 17.51 993.35 33516980
dry 8e7 2 146 - 0.83 2.46 1592704
aoDLAV 8e7 2 146 - 6.17 470.74 11893324
aoULAV 8e7 2 146 - 7.97 503.54 11893324
aoD2AG 8e7 2 146 - 14.92 712.34 17487832
aoD2SG 8e7 2 146 - 15.93 846.00 18126120
dry 2e4 10 172 - 0.03 0.12 29368
aoDLAV 2e4 10 172 - 0.04 1.71 34836
aoULAV 2e4 10 172 - 0.03 1.75 34852
aoD2AG 2e4 10 172 - 0.04 1.91 36076
aoD2SG 2e4 10 172 - 0.04 2.12 36076
moore 2e4 10 172 - 3.36 6626.72 11770832
nbpm 2e4 10 172 - 29.43 5391.30 30880036
greedy 2e4 10 172 - 25.33 1271.06 43775820
dry 1e8 5 184 - 7.07 6.18 4327056
aoDLAV 1e8 5 184 - 11.61 2557.45 23065204
aoULAV 1e8 5 184 - 16.84 2607.35 23065208
aoD2AG 1e8 5 184 - 26.78 3713.33 30457024
aoD2SG 1e8 5 184 - 28.02 3449.76 31307772
dry 2e4 2 121 - 0.03 0.12 26828
aoDLAV 2e4 2 121 - 0.03 0.19 30808
aoULAV 2e4 2 121 - 0.03 0.19 30808
aoD2AG 2e4 2 121 - 0.03 0.21 32284
aoD2SG 2e4 2 121 - 0.03 0.23 32296
moore 2e4 2 121 - 3.62 7381.90 11765544
nbpm 2e4 2 121 - 28.55 2825.70 31402188
greedy 2e4 2 121 - 22.11 1224.54 43771040
dry 18e3 2 180 - 0.02 0.12 26748
aoDLAV 18e3 2 180 - 0.03 0.19 30740
aoULAV 18e3 2 180 - 0.03 0.19 30740
aoD2AG 18e3 2 180 - 0.02 0.21 31808
aoD2SG 18e3 2 180 - 0.02 0.22 31812
moore 18e3 2 180 - 2.89 4804.16 9534988
nbpm 18e3 2 180 - 23.56 1989.01 25451064
greedy 18e3 2 180 - 19.14 1058.77 35458364
dry 8e7 2 81 - 0.89 2.44 1592676
aoDLAV 8e7 2 81 - 6.22 463.49 11893324
aoULAV 8e7 2 81 - 8.26 491.55 11893324
aoD2AG 8e7 2 81 - 14.46 699.64 17491000
aoD2SG 8e7 2 81 - 15.48 833.18 18127248
dry 2e4 10 70 - 0.02 0.12 31400
aoDLAV 2e4 10 70 - 0.04 1.58 34836
aoULAV 2e4 10 70 - 0.03 1.60 34848
aoD2AG 2e4 10 70 - 0.02 1.63 36076
aoD2SG 2e4 10 70 - 0.03 1.83 36076
moore 2e4 10 70 - 3.37 6693.40 11770836
nbpm 2e4 10 70 - 28.84 6324.25 30880036
greedy 2e4 10 70 - 23.89 1350.50 43775824
dry 9e7 2 39 - 0.96 2.74 1787988
aoDLAV 9e7 2 39 - 7.24 536.87 13377684
aoULAV 9e7 2 39 - 9.47 565.10 13377684
aoD2AG 9e7 2 39 - 17.36 834.17 19669772
aoD2SG 9e7 2 39 - 18.05 969.80 20390124
dry 9e7 2 34 - 0.94 2.75 1787984
aoDLAV 9e7 2 34 - 7.00 550.59 13377684
aoULAV 9e7 2 34 - 9.68 573.60 13377688
aoD2AG 9e7 2 34 - 16.95 832.56 19672384
aoD2SG 9e7 2 34 - 18.29 970.74 20391104
dry 18e3 2 212 - 0.03 0.12 26748
aoDLAV 18e3 2 212 - 0.04 0.18 30740
aoULAV 18e3 2 212 - 0.03 0.19 30744
aoD2AG 18e3 2 212 - 0.04 0.19 31804
aoD2SG 18e3 2 212 - 0.02 0.22 31812
moore 18e3 2 212 - 3.02 5432.44 9534976
nbpm 18e3 2 212 - 23.39 2051.86 25451060
greedy 18e3 2 212 - 20.46 1333.13 35458368
dry 18e3 2 81 - 0.03 0.12 26748
aoDLAV 18e3 2 81 - 0.03 0.20 30740
aoULAV 18e3 2 81 - 0.04 0.19 30740
aoD2AG 18e3 2 81 - 0.03 0.21 31812
aoD2SG 18e3 2 81 - 0.04 0.21 31812
moore 18e3 2 81 - 2.92 5049.51 9534988
nbpm 18e3 2 81 - 23.53 1953.07 25451064
greedy 18e3 2 81 - 20.40 1041.40 35458364
dry 1e8 2 192 - 1.07 3.04 1983296
aoDLAV 1e8 2 192 - 8.28 589.85 14862068
aoULAV 1e8 2 192 - 10.46 620.68 14862068
aoD2AG 1e8 2 192 - 19.54 950.99 21855760
aoD2SG 1e8 2 192 - 21.24 1104.89 22650336
dry 175e2 2 205 - 0.03 0.12 26732
aoDLAV 175e2 2 205 - 0.03 0.19 30716
aoULAV 175e2 2 205 - 0.03 0.19 30716
aoD2AG 175e2 2 205 - 0.04 0.20 31756
aoD2SG 175e2 2 205 - 0.04 0.20 31764
moore 175e2 2 205 - 3.06 4947.77 9014020
nbpm 175e2 2 205 - 21.35 1806.93 22863140
greedy 175e2 2 205 - 19.07 923.97 33516976
dry 1e8 5 192 - 2.22 6.17 4327052
aoDLAV 1e8 5 192 - 11.02 2553.26 23065208
aoULAV 1e8 5 192 - 16.78 2643.92 23065208
aoD2AG 1e8 5 192 - 26.57 2917.21 30456680
aoD2SG 1e8 5 192 - 27.74 3601.09 31306724
dry 2e4 2 116 - 0.03 0.12 26828
aoDLAV 2e4 2 116 - 0.04 0.19 30812
aoULAV 2e4 2 116 - 0.03 0.20 30808
aoD2AG 2e4 2 116 - 0.03 0.21 32284
aoD2SG 2e4 2 116 - 0.04 0.21 32296
moore 2e4 2 116 - 3.44 6762.08 11765556
nbpm 2e4 2 116 - 30.20 2686.78 31402196
greedy 2e4 2 116 - 25.28 1280.22 43771040
dry 2e4 2 230 - 0.04 0.11 26828
aoDLAV 2e4 2 230 - 0.03 0.19 30860
aoULAV 2e4 2 230 - 0.03 0.19 30812
aoD2AG 2e4 2 230 - 0.03 0.21 32284
aoD2SG 2e4 2 230 - 0.03 0.21 32292
moore 2e4 2 230 - 3.57 8671.37 11765548
nbpm 2e4 2 230 - 29.38 2665.45 31402188
greedy 2e4 2 230 - 25.05 1295.95 43771044
dry 18e3 2 186 - 0.02 0.12 28720
aoDLAV 18e3 2 186 - 0.04 0.18 30740
aoULAV 18e3 2 186 - 0.03 0.19 30740
aoD2AG 18e3 2 186 - 0.03 0.20 31804
aoD2SG 18e3 2 186 - 0.05 0.21 31812
moore 18e3 2 186 - 2.93 4739.08 9534980
nbpm 18e3 2 186 - 23.16 2037.07 25451056
greedy 18e3 2 186 - 19.24 1053.59 35458364
dry 8e7 2 179 - 0.84 2.41 1592680
aoDLAV 8e7 2 179 - 6.18 465.97 11893324
aoULAV 8e7 2 179 - 8.07 503.22 11893324
aoD2AG 8e7 2 179 - 15.57 735.71 17485576
aoD2SG 8e7 2 179 - 16.14 860.51 18124120
dry 2e4 10 152 - 0.03 0.12 31244
aoDLAV 2e4 10 152 - 0.04 2.09 34836
aoULAV 2e4 10 152 - 0.04 1.92 34848
aoD2AG 2e4 10 152 - 0.04 2.01 36076
aoD2SG 2e4 10 152 - 0.03 2.23 36076
moore 2e4 10 152 - 3.59 7077.54 11770832
nbpm 2e4 10 152 - 28.91 5254.39 30880036
greedy 2e4 10 152 - 24.04 1325.93 43775820
dry 175e2 2 121 - 0.02 0.12 26732
aoDLAV 175e2 2 121 - 0.04 0.18 30732
aoULAV 175e2 2 121 - 0.03 0.18 30716
aoD2AG 175e2 2 121 - 0.03 0.20 31752
aoD2SG 175e2 2 121 - 0.03 0.22 31760
moore 175e2 2 121 - 2.72 4253.32 9014020
nbpm 175e2 2 121 - 21.24 2024.68 22863140
greedy 175e2 2 121 - 19.44 949.60 33516980
dry 175e2 2 143 - 0.04 0.12 26732
aoDLAV 175e2 2 143 - 0.03 0.20 30716
aoULAV 175e2 2 143 - 0.03 0.20 30716
aoD2AG 175e2 2 143 - 0.04 0.21 31752
aoD2SG 175e2 2 143 - 0.04 0.21 31756
moore 175e2 2 143 - 2.78 4469.41 9014024
nbpm 175e2 2 143 - 21.43 1818.64 22863136
greedy 175e2 2 143 - 18.64 982.61 33517020
dry 1e8 5 51 - 2.25 6.23 4327052
aoDLAV 1e8 5 51 - 11.28 2555.10 23065204
aoULAV 1e8 5 51 - 16.10 2601.74 23065204
aoD2AG 1e8 5 51 - 25.89 3035.67 30452768
