dry 9e7 2 159 - 0.74 2.58 1787988
aoDLAV 9e7 2 159 - 6.57 539.37 13377684
aoULAV 9e7 2 159 - 9.31 576.59 13377684
aoD2AG 9e7 2 159 - 16.49 826.18 19669556
aoD2SG 9e7 2 159 - 17.90 985.10 20388244
dry 2e4 2 209 - 0.02 0.12 30532
aoDLAV 2e4 2 209 - 0.03 0.19 30812
aoULAV 2e4 2 209 - 0.03 0.19 30812
aoD2AG 2e4 2 209 - 0.03 0.22 32284
aoD2SG 2e4 2 209 - 0.03 0.22 32292
moore 2e4 2 209 - 3.51 6664.27 11765556
nbpm 2e4 2 209 - 29.46 2709.89 31402200
greedy 2e4 2 209 - 24.49 1280.52 43771040
dry 150e2 2 53 - 0.03 0.12 26628
aoDLAV 150e2 2 53 - 0.03 0.18 30828
aoULAV 150e2 2 53 - 0.03 0.19 30824
aoD2AG 150e2 2 53 - 0.03 0.20 31608
aoD2SG 150e2 2 53 - 0.03 0.20 31608
moore 150e2 2 53 - 2.18 3130.43 6629344
nbpm 150e2 2 53 - 14.69 1452.02 16814168
greedy 150e2 2 53 - 13.23 644.27 24630024
dry 2e4 5 111 - 0.03 0.12 27776
aoDLAV 2e4 5 111 - 0.04 0.28 32756
aoULAV 2e4 5 111 - 0.03 0.29 32772
aoD2AG 2e4 5 111 - 0.04 0.32 33340
aoD2SG 2e4 5 111 - 0.04 0.33 32860
moore 2e4 5 111 - 3.42 6801.04 11768080
nbpm 2e4 5 111 - 28.75 4711.07 34200500
greedy 2e4 5 111 - 24.22 1296.40 43774008
dry 125e2 2 188 - 0.04 0.11 26536
aoDLAV 125e2 2 188 - 0.02 0.19 30708
aoULAV 125e2 2 188 - 0.03 0.18 30708
aoD2AG 125e2 2 188 - 0.03 0.19 31376
aoD2SG 125e2 2 188 - 0.04 0.19 31376
moore 125e2 2 188 - 1.63 1613.52 4611548
nbpm 125e2 2 188 - 11.32 797.19 12302328
greedy 125e2 2 188 - 9.26 443.09 17109968
dry 9e7 2 50 - 0.91 2.72 1787984
aoDLAV 9e7 2 50 - 6.79 531.31 13377684
aoULAV 9e7 2 50 - 9.01 569.39 13377688
aoD2AG 9e7 2 50 - 16.87 883.09 19671636
aoD2SG 9e7 2 50 - 17.86 922.07 20390112
dry 2e4 5 17 - 0.03 0.12 27776
aoDLAV 2e4 5 17 - 0.03 0.29 32760
aoULAV 2e4 5 17 - 0.03 0.29 32768
aoD2AG 2e4 5 17 - 0.04 0.32 33344
aoD2SG 2e4 5 17 - 0.04 0.34 32860
moore 2e4 5 17 - 3.41 6960.73 11768084
nbpm 2e4 5 17 - 29.09 4754.97 34200500
greedy 2e4 5 17 - 23.34 1316.24 43774004
dry 175e2 2 125 - 0.02 0.12 27952
aoDLAV 175e2 2 125 - 0.04 0.20 30716
aoULAV 175e2 2 125 - 0.03 0.19 30716
aoD2AG 175e2 2 125 - 0.03 0.21 31756
aoD2SG 175e2 2 125 - 0.03 0.21 31764
moore 175e2 2 125 - 2.76 4908.67 9014020
nbpm 175e2 2 125 - 21.59 1814.64 22863136
greedy 175e2 2 125 - 18.47 997.32 33516976
dry 125e2 2 85 - 0.03 0.11 26532
aoDLAV 125e2 2 85 - 0.03 0.18 30708
aoULAV 125e2 2 85 - 0.03 0.18 30708
aoD2AG 125e2 2 85 - 0.03 0.18 31376
aoD2SG 125e2 2 85 - 0.03 0.19 31376
moore 125e2 2 85 - 1.80 2055.41 4611548
nbpm 125e2 2 85 - 11.58 653.24 12302328
greedy 125e2 2 85 - 10.20 444.06 17109964
dry 125e2 2 42 - 0.03 0.12 26532
aoDLAV 125e2 2 42 - 0.03 0.18 30708
aoULAV 125e2 2 42 - 0.04 0.18 30708
aoD2AG 125e2 2 42 - 0.02 0.20 31376
aoD2SG 125e2 2 42 - 0.03 0.19 31376
moore 125e2 2 42 - 1.68 2239.44 4611544
nbpm 125e2 2 42 - 11.39 656.32 12302320
greedy 125e2 2 42 - 10.03 468.72 17109964
dry 1e8 2 82 - 1.08 3.04 1983300
aoDLAV 1e8 2 82 - 8.63 586.79 14862068
aoULAV 1e8 2 82 - 9.99 639.43 14862072
aoD2AG 1e8 2 82 - 18.29 896.04 21854328
aoD2SG 1e8 2 82 - 18.64 1038.15 22650156
dry 1e8 2 240 - 1.11 2.97 1983300
aoDLAV 1e8 2 240 - 8.30 583.08 14862072
aoULAV 1e8 2 240 - 10.42 645.05 14862072
aoD2AG 1e8 2 240 - 19.44 912.55 21853252
aoD2SG 1e8 2 240 - 20.22 1069.09 22651116
dry 18e3 2 163 - 0.03 0.11 26748
aoDLAV 18e3 2 163 - 0.03 0.18 30740
aoULAV 18e3 2 163 - 0.03 0.18 30744
aoD2AG 18e3 2 163 - 0.03 0.20 31804
aoD2SG 18e3 2 163 - 0.03 0.20 31812
moore 18e3 2 163 - 2.83 4657.90 9534980
nbpm 18e3 2 163 - 23.86 1943.31 25451056
greedy 18e3 2 163 - 20.59 1054.68 35458368
dry 2e4 2 20 - 0.03 0.11 26828
aoDLAV 2e4 2 20 - 0.03 0.19 30808
aoULAV 2e4 2 20 - 0.03 0.18 30808
aoD2AG 2e4 2 20 - 0.03 0.20 32284
aoD2SG 2e4 2 20 - 0.03 0.22 32292
moore 2e4 2 20 - 3.56 6949.88 11765552
nbpm 2e4 2 20 - 34.00 2654.64 31402196
greedy 2e4 2 20 - 24.28 1317.82 43771040
dry 1e8 2 177 - 1.11 3.07 1983300
aoDLAV 1e8 2 177 - 8.24 648.08 14862068
aoULAV 1e8 2 177 - 10.55 607.07 14862068
aoD2AG 1e8 2 177 - 19.23 857.22 21853912
aoD2SG 1e8 2 177 - 20.20 1139.66 22654440
dry 8e7 2 29 - 0.86 2.46 1592676
aoDLAV 8e7 2 29 - 6.31 566.81 11893324
aoULAV 8e7 2 29 - 8.05 469.80 11893324
aoD2AG 8e7 2 29 - 14.68 675.59 17488808
aoD2SG 8e7 2 29 - 15.52 798.68 18128832
dry 1e8 2 139 - 1.08 3.03 1983296
aoDLAV 1e8 2 139 - 8.52 647.70 14862068
aoULAV 1e8 2 139 - 11.09 675.43 14862068
aoD2AG 1e8 2 139 - 20.00 1148.83 21854664
aoD2SG 1e8 2 139 - 20.42 1090.81 22652672
dry 18e3 2 199 - 0.03 0.11 26748
aoDLAV 18e3 2 199 - 0.03 0.18 30744
aoULAV 18e3 2 199 - 0.03 0.18 30740
aoD2AG 18e3 2 199 - 0.04 0.19 31808
aoD2SG 18e3 2 199 - 0.03 0.21 31816
moore 18e3 2 199 - 2.86 5694.62 9534976
nbpm 18e3 2 199 - 23.88 1901.65 25451056
greedy 18e3 2 199 - 20.43 1062.01 35458364
dry 8e7 2 191 - 0.85 2.44 1592676
aoDLAV 8e7 2 191 - 6.46 473.77 11893324
aoULAV 8e7 2 191 - 8.78 511.96 11893328
aoD2AG 8e7 2 191 - 15.86 727.11 17489440
aoD2SG 8e7 2 191 - 15.84 845.67 18130020
dry 150e2 2 84 - 0.03 0.12 26628
aoDLAV 150e2 2 84 - 0.04 0.17 30828
aoULAV 150e2 2 84 - 0.03 0.18 30824
aoD2AG 150e2 2 84 - 0.03 0.19 31612
aoD2SG 150e2 2 84 - 0.04 0.20 31608
moore 150e2 2 84 - 2.11 3418.81 6629348
nbpm 150e2 2 84 - 16.83 1150.41 16814168
greedy 150e2 2 84 - 14.76 688.05 24630024
dry 2e4 10 129 - 0.03 0.12 30964
aoDLAV 2e4 10 129 - 0.05 1.68 34836
aoULAV 2e4 10 129 - 0.03 1.69 34848
aoD2AG 2e4 10 129 - 0.04 1.70 36076
aoD2SG 2e4 10 129 - 0.05 1.95 36076
moore 2e4 10 129 - 4.79 7214.31 11770836
nbpm 2e4 10 129 - 29.98 5626.76 30880040
greedy 2e4 10 129 - 23.82 1416.77 43775824
dry 8e7 2 223 - 0.81 2.45 1592676
aoDLAV 8e7 2 223 - 6.57 451.21 11893324
aoULAV 8e7 2 223 - 8.34 502.28 11893324
aoD2AG 8e7 2 223 - 15.18 727.07 17487332
aoD2SG 8e7 2 223 - 17.65 861.72 18126560
dry 175e2 2 195 - 0.02 0.12 26732
aoDLAV 175e2 2 195 - 0.03 0.18 30716
aoULAV 175e2 2 195 - 0.02 0.19 30716
aoD2AG 175e2 2 195 - 0.03 0.20 31760
aoD2SG 175e2 2 195 - 0.02 0.22 31760
moore 175e2 2 195 - 3.70 4588.94 9014020
nbpm 175e2 2 195 - 24.89 1862.27 22863136
greedy 175e2 2 195 - 18.33 1226.79 33516976
dry 1e8 2 88 - 1.11 2.99 1983300
aoDLAV 1e8 2 88 - 8.27 594.53 14862068
aoULAV 1e8 2 88 - 10.90 631.72 14862068
aoD2AG 1e8 2 88 - 18.72 888.07 21852076
aoD2SG 1e8 2 88 - 20.45 1044.37 22649604
dry 8e7 2 27 - 0.76 2.53 1592676
aoDLAV 8e7 2 27 - 6.26 460.67 11893328
aoULAV 8e7 2 27 - 8.56 662.01 11893324
aoD2AG 8e7 2 27 - 15.31 731.04 17490096
aoD2SG 8e7 2 27 - 16.91 876.66 18127996
dry 9e7 2 215 - 1.06 2.73 1787984
aoDLAV 9e7 2 215 - 7.34 502.50 13377684
aoULAV 9e7 2 215 - 9.70 532.06 13377684
aoD2AG 9e7 2 215 - 16.88 835.38 19672688
aoD2SG 9e7 2 215 - 18.29 954.24 20388820
dry 125e2 2 171 - 0.03 0.12 26536
aoDLAV 125e2 2 171 - 0.03 0.18 30708
aoULAV 125e2 2 171 - 0.03 0.18 30712
aoD2AG 125e2 2 171 - 0.03 0.19 31380
aoD2SG 125e2 2 171 - 0.04 0.18 31376
moore 125e2 2 171 - 1.64 2061.13 4611548
nbpm 125e2 2 171 - 11.31 822.11 12302320
greedy 125e2 2 171 - 9.68 453.75 17109968
dry 125e2 2 194 - 0.03 0.12 26536
aoDLAV 125e2 2 194 - 0.03 0.17 30708
aoULAV 125e2 2 194 - 0.02 0.18 30712
aoD2AG 125e2 2 194 - 0.03 0.18 31380
aoD2SG 125e2 2 194 - 0.03 0.19 31376
moore 125e2 2 194 - 1.76 1772.67 4611540
nbpm 125e2 2 194 - 11.78 671.02 12302320
greedy 125e2 2 194 - 9.97 436.21 17109964
dry 175e2 2 98 - 0.03 0.12 26732
aoDLAV 175e2 2 98 - 0.03 0.19 30716
aoULAV 175e2 2 98 - 0.03 0.18 30716
aoD2AG 175e2 2 98 - 0.03 0.19 31752
aoD2SG 175e2 2 98 - 0.03 0.20 31756
moore 175e2 2 98 - 2.87 5064.37 9014020
nbpm 175e2 2 98 - 21.51 1907.49 22863136
greedy 175e2 2 98 - 19.52 992.78 33516980
dry 18e3 2 209 - 0.02 0.13 26748
aoDLAV 18e3 2 209 - 0.03 0.19 30744
aoULAV 18e3 2 209 - 0.03 0.19 30744
aoD2AG 18e3 2 209 - 0.03 0.21 31804
aoD2SG 18e3 2 209 - 0.03 0.22 31812
moore 18e3 2 209 - 3.16 5081.17 9534988
nbpm 18e3 2 209 - 24.15 1943.29 25451064
greedy 18e3 2 209 - 20.23 1021.41 35458368
dry 8e7 2 57 - 0.84 2.39 1592676
aoDLAV 8e7 2 57 - 6.25 444.48 11893324
aoULAV 8e7 2 57 - 8.32 467.64 11893328
aoD2AG 8e7 2 57 - 14.77 662.56 17487732
aoD2SG 8e7 2 57 - 15.97 794.71 18122804
dry 2e4 2 183 - 0.03 0.11 26828
aoDLAV 2e4 2 183 - 0.04 0.18 30808
aoULAV 2e4 2 183 - 0.03 0.19 30812
aoD2AG 2e4 2 183 - 0.03 0.20 32288
aoD2SG 2e4 2 183 - 0.03 0.22 32288
moore 2e4 2 183 - 3.55 7292.42 11765544
nbpm 2e4 2 183 - 30.39 2840.60 31402184
greedy 2e4 2 183 - 25.98 1250.08 43771044
dry 2e4 2 240 - 0.03 0.12 28788
aoDLAV 2e4 2 240 - 0.03 0.19 30808
aoULAV 2e4 2 240 - 0.03 0.19 30812
aoD2AG 2e4 2 240 - 0.03 0.21 32292
aoD2SG 2e4 2 240 - 0.03 0.21 32292
moore 2e4 2 240 - 3.45 6859.06 11765544
nbpm 2e4 2 240 - 28.81 2673.49 31402188
greedy 2e4 2 240 - 23.94 1200.44 43771044
dry 1e8 5 74 - 2.24 6.29 4327056
aoDLAV 1e8 5 74 - 11.53 2550.49 23065244
aoULAV 1e8 5 74 - 16.13 2548.17 23065204
aoD2AG 1e8 5 74 - 26.25 2856.68 30455448
aoD2SG 1e8 5 74 - 27.85 4749.26 31307028
dry 9e7 2 166 - 1.03 2.72 1787984
aoDLAV 9e7 2 166 - 7.59 711.07 13377684
aoULAV 9e7 2 166 - 9.73 724.12 13377688
aoD2AG 9e7 2 166 - 17.21 840.47 19670348
aoD2SG 9e7 2 166 - 18.10 991.47 20389568
dry 18e3 2 77 - 0.03 0.12 26752
aoDLAV 18e3 2 77 - 0.03 0.20 30740
aoULAV 18e3 2 77 - 0.04 0.19 30740
aoD2AG 18e3 2 77 - 0.03 0.20 31804
aoD2SG 18e3 2 77 - 0.04 0.21 31812
moore 18e3 2 77 - 2.87 5022.97 9534984
nbpm 18e3 2 77 - 23.38 1926.46 25451064
greedy 18e3 2 77 - 21.93 1041.54 35458364
dry 2e4 10 20 - 0.04 0.12 30864
aoDLAV 2e4 10 20 - 0.04 1.59 34840
aoULAV 2e4 10 20 - 0.04 1.59 34848
aoD2AG 2e4 10 20 - 0.03 1.86 36080
aoD2SG 2e4 10 20 - 0.04 2.09 36076
moore 2e4 10 20 - 3.47 8024.04 11770832
nbpm 2e4 10 20 - 28.51 6127.49 30880036
greedy 2e4 10 20 - 24.32 1359.86 43775820
dry 1e8 5 4 - 2.29 6.23 4327052
aoDLAV 1e8 5 4 - 11.37 2729.67 23065208
aoULAV 1e8 5 4 - 16.05 2542.91 23065204
aoD2AG 1e8 5 4 - 26.43 2969.38 30457324
aoD2SG 1e8 5 4 - 28.01 4972.09 31315696
dry 2e4 2 167 - 0.03 0.11 30532
aoDLAV 2e4 2 167 - 0.03 0.19 30808
aoULAV 2e4 2 167 - 0.04 0.18 30808
aoD2AG 2e4 2 167 - 0.03 0.21 32284
aoD2SG 2e4 2 167 - 0.04 0.20 32292
moore 2e4 2 167 - 3.38 6291.81 11765544
