dry 56e6 2 57 - 0.67 1.83 1123928
aoDLAV 56e6 2 57 - 4.58 335.80 8330816
aoULAV 56e6 2 57 - 5.94 354.35 8330816
aoD2AG 56e6 2 57 - 10.48 498.55 12249476
aoD2SG 56e6 2 57 - 11.27 574.81 12694668
dry 56e2 2 248 - 0.02 0.13 26236
aoDLAV 56e2 2 248 - 0.03 0.15 30976
aoULAV 56e2 2 248 - 0.03 0.16 30992
aoD2AG 56e2 2 248 - 0.03 0.17 31976
aoD2SG 56e2 2 248 - 0.02 0.18 31124
moore 56e2 2 248 - 0.91 270.05 952724
nbpm 56e2 2 248 - 2.43 70.23 2388084
greedy 56e2 2 248 - 2.02 78.75 3460488
dry 1e4 2 201 - 0.02 0.12 26432
aoDLAV 1e4 2 201 - 0.03 0.17 31864
aoULAV 1e4 2 201 - 0.03 0.17 31876
aoD2AG 1e4 2 201 - 0.02 0.18 31924
aoD2SG 1e4 2 201 - 0.03 0.18 31996
moore 1e4 2 201 - 1.13 1148.48 2960572
nbpm 1e4 2 201 - 7.27 345.44 7889416
greedy 1e4 2 201 - 6.17 274.11 10968568
dry 50e2 2 166 - 0.02 0.12 26204
aoDLAV 50e2 2 166 - 0.02 0.15 30852
aoULAV 50e2 2 166 - 0.03 0.15 30860
aoD2AG 50e2 2 166 - 0.03 0.15 31796
aoD2SG 50e2 2 166 - 0.03 0.16 31872
moore 50e2 2 166 - 0.81 220.40 764620
nbpm 50e2 2 166 - 2.02 57.02 2011920
greedy 50e2 2 166 - 1.50 58.16 2764784
dry 75e2 2 166 - 0.02 0.12 26328
aoDLAV 75e2 2 166 - 0.03 0.15 31380
aoULAV 75e2 2 166 - 0.02 0.16 31392
aoD2AG 75e2 2 166 - 0.03 0.17 31384
aoD2SG 75e2 2 166 - 0.03 0.17 31380
moore 75e2 2 166 - 1.06 460.41 1688812
nbpm 75e2 2 166 - 4.21 161.72 4242128
greedy 75e2 2 166 - 3.58 152.01 6183124
dry 2e7 2 6 - 0.28 0.75 420796
aoDLAV 2e7 2 6 - 1.89 109.80 2987068
aoULAV 2e7 2 6 - 1.67 115.10 2987068
aoD2AG 2e7 2 6 - 3.39 160.19 4385600
aoD2SG 2e7 2 6 - 4.23 210.57 4544100
dry 18e6 2 124 - 0.24 0.71 381736
aoDLAV 18e6 2 124 - 1.41 95.72 2690192
aoULAV 18e6 2 124 - 1.56 100.74 2690192
aoD2AG 18e6 2 124 - 3.26 147.60 3950168
aoD2SG 18e6 2 124 - 3.78 173.33 4094580
dry 6e7 2 235 - 0.66 1.88 1202044
aoDLAV 6e7 2 235 - 4.99 357.03 8924560
aoULAV 6e7 2 235 - 6.52 391.97 8924564
aoD2AG 6e7 2 235 - 11.96 569.78 13120088
aoD2SG 6e7 2 235 - 12.55 625.03 13599092
dry 7e7 2 201 - 0.80 2.17 1397356
aoDLAV 7e7 2 201 - 5.99 542.38 10408936
aoULAV 7e7 2 201 - 7.19 436.26 10408940
aoD2AG 7e7 2 201 - 13.77 776.62 15303112
aoD2SG 7e7 2 201 - 14.81 980.94 15862584
dry 32e6 2 181 - 0.35 1.11 655176
aoDLAV 32e6 2 181 - 2.72 179.26 4768324
aoULAV 32e6 2 181 - 3.75 186.03 4768324
aoD2AG 32e6 2 181 - 6.56 268.29 7006552
aoD2SG 32e6 2 181 - 6.66 321.23 7262964
dry 32e2 2 192 - 0.04 0.11 26112
aoDLAV 32e2 2 192 - 0.03 0.15 30540
aoULAV 32e2 2 192 - 0.03 0.15 30552
aoD2AG 32e2 2 192 - 0.03 0.15 31188
aoD2SG 32e2 2 192 - 0.03 0.16 31260
moore 32e2 2 192 - 0.16 40.06 330512
nbpm 32e2 2 192 - 0.84 20.45 854756
greedy 32e2 2 192 - 0.70 21.12 1150164
dry 1e4 2 95 - 0.02 0.12 26432
aoDLAV 1e4 2 95 - 0.03 0.17 31864
aoULAV 1e4 2 95 - 0.03 0.18 31880
aoD2AG 1e4 2 95 - 0.03 0.18 31876
aoD2SG 1e4 2 95 - 0.03 0.18 31992
moore 1e4 2 95 - 1.16 1149.57 2960572
nbpm 1e4 2 95 - 7.59 347.33 7889416
greedy 1e4 2 95 - 7.10 277.72 10968568
dry 5e7 2 233 - 0.62 1.59 1006736
aoDLAV 5e7 2 233 - 4.35 301.45 7440192
aoULAV 5e7 2 233 - 5.45 366.09 7440192
aoD2AG 5e7 2 233 - 9.60 436.81 10936212
aoD2SG 5e7 2 233 - 10.58 508.26 11334148
dry 75e2 2 154 - 0.03 0.12 26332
aoDLAV 75e2 2 154 - 0.03 0.17 31380
aoULAV 75e2 2 154 - 0.03 0.17 31388
aoD2AG 75e2 2 154 - 0.04 0.18 31380
aoD2SG 75e2 2 154 - 0.04 0.18 31380
moore 75e2 2 154 - 1.36 494.65 1688784
nbpm 75e2 2 154 - 4.15 156.93 4242120
greedy 75e2 2 154 - 3.56 146.97 6183088
dry 3e7 2 194 - 0.37 1.06 616108
aoDLAV 3e7 2 194 - 2.70 171.00 4471444
aoULAV 3e7 2 194 - 3.38 180.36 4471432
aoD2AG 3e7 2 194 - 5.24 250.42 6569924
aoD2SG 3e7 2 194 - 6.35 306.01 6812096
dry 32e2 2 48 - 0.02 0.12 26112
aoDLAV 32e2 2 48 - 0.03 0.16 30540
aoULAV 32e2 2 48 - 0.03 0.16 30548
aoD2AG 32e2 2 48 - 0.03 0.16 31200
aoD2SG 32e2 2 48 - 0.03 0.16 31264
moore 32e2 2 48 - 0.18 46.42 330520
nbpm 32e2 2 48 - 0.93 20.67 854800
greedy 32e2 2 48 - 0.65 20.02 1150164
dry 50e2 2 15 - 0.02 0.12 26204
aoDLAV 50e2 2 15 - 0.03 0.15 30848
aoULAV 50e2 2 15 - 0.03 0.15 30860
aoD2AG 50e2 2 15 - 0.03 0.16 31792
aoD2SG 50e2 2 15 - 0.03 0.18 31888
moore 50e2 2 15 - 0.59 182.07 764620
nbpm 50e2 2 15 - 1.92 57.40 2011916
greedy 50e2 2 15 - 1.91 62.65 2764784
dry 32e2 2 132 - 0.03 0.13 26112
aoDLAV 32e2 2 132 - 0.03 0.16 30540
aoULAV 32e2 2 132 - 0.03 0.16 30548
aoD2AG 32e2 2 132 - 0.04 0.15 31212
aoD2SG 32e2 2 132 - 0.03 0.15 31272
moore 32e2 2 132 - 0.24 59.30 330512
nbpm 32e2 2 132 - 0.94 20.26 854752
greedy 32e2 2 132 - 0.74 23.01 1150164
dry 1e4 2 64 - 0.02 0.13 27956
aoDLAV 1e4 2 64 - 0.03 0.18 31864
aoULAV 1e4 2 64 - 0.03 0.19 31908
aoD2AG 1e4 2 64 - 0.03 0.18 31880
aoD2SG 1e4 2 64 - 0.03 0.19 31992
moore 1e4 2 64 - 1.20 1041.91 2960572
nbpm 1e4 2 64 - 7.56 349.83 7889416
greedy 1e4 2 64 - 7.13 276.65 10968568
dry 2e7 2 221 - 0.25 0.75 420796
aoDLAV 2e7 2 221 - 1.64 109.94 2987068
aoULAV 2e7 2 221 - 1.60 112.21 2987068
aoD2AG 2e7 2 221 - 3.64 159.08 4385444
aoD2SG 2e7 2 221 - 4.25 183.35 4546232
dry 1e4 10 171 - 0.02 0.12 27952
aoDLAV 1e4 10 171 - 0.03 0.66 32764
aoULAV 1e4 10 171 - 0.03 0.66 32776
aoD2AG 1e4 10 171 - 0.03 0.69 32744
aoD2SG 1e4 10 171 - 0.03 0.79 34176
moore 1e4 10 171 - 1.14 860.30 2963856
nbpm 1e4 10 171 - 7.58 747.81 7764404
greedy 1e4 10 171 - 6.94 274.66 10961108
dry 18e2 2 108 - 0.03 0.12 26048
aoDLAV 18e2 2 108 - 0.03 0.15 30372
aoULAV 18e2 2 108 - 0.03 0.15 30388
aoD2AG 18e2 2 108 - 0.03 0.15 30796
aoD2SG 18e2 2 108 - 0.03 0.15 30832
moore 18e2 2 108 - 0.07 12.33 125412
nbpm 18e2 2 108 - 0.20 7.96 334528
greedy 18e2 2 108 - 0.27 4.20 384352
dry 1e4 10 180 - 0.03 0.12 27688
aoDLAV 1e4 10 180 - 0.04 0.73 32768
aoULAV 1e4 10 180 - 0.04 0.80 32776
aoD2AG 1e4 10 180 - 0.03 0.90 32744
aoD2SG 1e4 10 180 - 0.02 0.84 34176
moore 1e4 10 180 - 1.23 895.09 2963852
nbpm 1e4 10 180 - 7.74 715.67 7764388
greedy 1e4 10 180 - 6.37 266.87 10961112
dry 75e2 2 218 - 0.03 0.11 26328
aoDLAV 75e2 2 218 - 0.02 0.16 31376
aoULAV 75e2 2 218 - 0.03 0.16 31388
aoD2AG 75e2 2 218 - 0.03 0.18 31384
aoD2SG 75e2 2 218 - 0.04 0.18 31384
moore 75e2 2 218 - 0.67 365.15 1683876
nbpm 75e2 2 218 - 4.02 163.25 4242124
greedy 75e2 2 218 - 3.99 155.39 6183092
dry 56e6 2 23 - 0.72 1.80 1123948
aoDLAV 56e6 2 23 - 4.75 332.39 8330816
aoULAV 56e6 2 23 - 6.18 366.14 8330848
aoD2AG 56e6 2 23 - 11.40 507.41 12248956
aoD2SG 56e6 2 23 - 11.69 592.86 12695300
dry 1e4 10 85 - 0.03 0.12 27688
aoDLAV 1e4 10 85 - 0.03 0.69 32764
aoULAV 1e4 10 85 - 0.03 0.68 32776
aoD2AG 1e4 10 85 - 0.03 0.74 32748
aoD2SG 1e4 10 85 - 0.03 0.83 34176
moore 1e4 10 85 - 1.39 1109.37 2963852
nbpm 1e4 10 85 - 7.96 718.16 7764384
greedy 1e4 10 85 - 6.71 264.40 10961108
dry 50e2 2 134 - 0.02 0.13 26208
aoDLAV 50e2 2 134 - 0.02 0.17 30848
aoULAV 50e2 2 134 - 0.04 0.16 30860
aoD2AG 50e2 2 134 - 0.04 0.16 31788
aoD2SG 50e2 2 134 - 0.04 0.17 31868
moore 50e2 2 134 - 0.85 215.91 764628
nbpm 50e2 2 134 - 2.01 57.86 2011924
greedy 50e2 2 134 - 1.79 62.74 2764780
dry 75e2 2 125 - 0.02 0.12 26328
aoDLAV 75e2 2 125 - 0.04 0.16 31376
aoULAV 75e2 2 125 - 0.04 0.16 31388
aoD2AG 75e2 2 125 - 0.03 0.17 31380
aoD2SG 75e2 2 125 - 0.03 0.17 31380
moore 75e2 2 125 - 2.43 706.89 1688896
nbpm 75e2 2 125 - 4.27 152.28 4242124
greedy 75e2 2 125 - 3.79 160.18 6183092
dry 1e4 5 233 - 0.02 0.13 26900
aoDLAV 1e4 5 233 - 0.03 0.22 31084
aoULAV 1e4 5 233 - 0.02 0.23 31096
aoD2AG 1e4 5 233 - 0.03 0.22 32132
aoD2SG 1e4 5 233 - 0.03 0.23 32108
moore 1e4 5 233 - 1.24 1202.61 2961736
nbpm 1e4 5 233 - 7.38 592.47 7811456
greedy 1e4 5 233 - 6.47 296.14 10959172
dry 6e7 2 197 - 0.72 1.91 1202044
aoDLAV 6e7 2 197 - 5.06 356.03 8924564
aoULAV 6e7 2 197 - 6.63 376.45 8924560
aoD2AG 6e7 2 197 - 11.58 542.91 13120692
aoD2SG 6e7 2 197 - 12.49 619.53 13601140
dry 7e7 2 112 - 0.84 2.20 1397356
aoDLAV 7e7 2 112 - 5.81 418.04 10408940
aoULAV 7e7 2 112 - 7.65 459.12 10408936
aoD2AG 7e7 2 112 - 13.73 640.08 15302992
aoD2SG 7e7 2 112 - 14.78 757.03 15861876
dry 32e6 2 236 - 0.41 1.11 655176
aoDLAV 32e6 2 236 - 2.79 190.40 4768324
aoULAV 32e6 2 236 - 3.62 196.65 4768324
aoD2AG 32e6 2 236 - 5.70 279.58 7007224
aoD2SG 32e6 2 236 - 6.65 330.34 7261632
dry 2e7 2 144 - 0.26 0.75 420800
aoDLAV 2e7 2 144 - 1.65 108.11 2987072
aoULAV 2e7 2 144 - 2.13 114.27 2987068
aoD2AG 2e7 2 144 - 3.66 170.07 4387796
aoD2SG 2e7 2 144 - 4.12 187.01 4548568
dry 1e4 5 95 - 0.02 0.13 26900
aoDLAV 1e4 5 95 - 0.04 0.21 31088
aoULAV 1e4 5 95 - 0.03 0.21 31096
aoD2AG 1e4 5 95 - 0.02 0.24 32108
aoD2SG 1e4 5 95 - 0.03 0.24 32108
moore 1e4 5 95 - 1.19 1033.58 2961736
nbpm 1e4 5 95 - 7.56 602.21 7811452
greedy 1e4 5 95 - 6.79 299.14 10959172
dry 4e7 2 186 - 0.49 1.33 811464
aoDLAV 4e7 2 186 - 3.23 231.76 5955816
aoULAV 4e7 2 186 - 4.67 241.95 5955816
aoD2AG 4e7 2 186 - 6.98 346.75 8752864
aoD2SG 4e7 2 186 - 8.19 416.44 9074732
dry 75e2 2 58 - 0.02 0.12 26328
aoDLAV 75e2 2 58 - 0.02 0.16 31376
aoULAV 75e2 2 58 - 0.03 0.15 31388
aoD2AG 75e2 2 58 - 0.02 0.18 31384
aoD2SG 75e2 2 58 - 0.03 0.17 31380
moore 75e2 2 58 - 1.29 507.35 1688792
nbpm 75e2 2 58 - 4.15 160.73 4242128
greedy 75e2 2 58 - 3.79 149.74 6183092
dry 25e2 2 30 - 0.03 0.12 26084
aoDLAV 25e2 2 30 - 0.02 0.16 30452
aoULAV 25e2 2 30 - 0.04 0.15 30464
aoD2AG 25e2 2 30 - 0.03 0.16 30988
aoD2SG 25e2 2 30 - 0.02 0.17 31052
moore 25e2 2 30 - 0.09 30.04 213604
nbpm 25e2 2 30 - 0.56 14.02 541652
greedy 25e2 2 30 - 0.40 9.31 713664
dry 18e6 2 62 - 0.22 0.68 381736
aoDLAV 18e6 2 62 - 1.46 95.08 2690192
aoULAV 18e6 2 62 - 1.51 99.29 2690192
aoD2AG 18e6 2 62 - 3.34 140.36 3950644
aoD2SG 18e6 2 62 - 3.46 189.67 4094376
dry 32e2 2 40 - 0.03 0.12 26112
aoDLAV 32e2 2 40 - 0.04 0.14 30540
aoULAV 32e2 2 40 - 0.02 0.16 30548
aoD2AG 32e2 2 40 - 0.04 0.15 31220
aoD2SG 32e2 2 40 - 0.04 0.14 31272
moore 32e2 2 40 - 0.23 57.43 330520
nbpm 32e2 2 40 - 0.93 20.58 854768
greedy 32e2 2 40 - 0.69 22.30 1150164
dry 3e7 2 144 - 0.44 1.01 616104
aoDLAV 3e7 2 144 - 2.66 168.15 4471428
aoULAV 3e7 2 144 - 3.25 177.51 4471432
aoD2AG 3e7 2 144 - 5.31 254.14 6568920
aoD2SG 3e7 2 144 - 6.32 290.10 6809256
dry 25e2 2 178 - 0.02 0.12 26080
aoDLAV 25e2 2 178 - 0.03 0.15 30452
aoULAV 25e2 2 178 - 0.03 0.14 30468
aoD2AG 25e2 2 178 - 0.03 0.15 30992
aoD2SG 25e2 2 178 - 0.03 0.15 31032
moore 25e2 2 178 - 0.12 34.47 213596
nbpm 25e2 2 178 - 0.53 13.28 541632
greedy 25e2 2 178 - 0.43 9.75 713664
dry 18e2 2 232 - 0.02 0.12 26048
aoDLAV 18e2 2 232 - 0.02 0.15 30372
aoULAV 18e2 2 232 - 0.03 0.14 30388
aoD2AG 18e2 2 232 - 0.03 0.15 30800
aoD2SG 18e2 2 232 - 0.03 0.15 30832
moore 18e2 2 232 - 0.06 15.04 125408
nbpm 18e2 2 232 - 0.19 7.78 334528
greedy 18e2 2 232 - 0.27 4.16 384356
dry 32e2 2 170 - 0.02 0.12 26112
aoDLAV 32e2 2 170 - 0.03 0.15 30540
aoULAV 32e2 2 170 - 0.03 0.14 30580
aoD2AG 32e2 2 170 - 0.03 0.15 31216
aoD2SG 32e2 2 170 - 0.03 0.15 31268
moore 32e2 2 170 - 0.20 50.23 330520
nbpm 32e2 2 170 - 0.90 19.01 854760
greedy 32e2 2 170 - 0.71 21.37 1150164
dry 25e2 2 141 - 0.03 0.11 26080
aoDLAV 25e2 2 141 - 0.03 0.15 30452
aoULAV 25e2 2 141 - 0.03 0.15 30464
aoD2AG 25e2 2 141 - 0.03 0.16 30992
aoD2SG 25e2 2 141 - 0.04 0.15 31036
moore 25e2 2 141 - 0.10 32.31 213604
nbpm 25e2 2 141 - 0.54 12.34 541644
greedy 25e2 2 141 - 0.43 10.04 713660
dry 50e2 2 162 - 0.02 0.13 26208
aoDLAV 50e2 2 162 - 0.03 0.15 30848
aoULAV 50e2 2 162 - 0.03 0.15 30864
aoD2AG 50e2 2 162 - 0.03 0.16 31772
aoD2SG 50e2 2 162 - 0.02 0.19 31876
moore 50e2 2 162 - 0.47 153.48 764620
nbpm 50e2 2 162 - 1.92 94.13 2011916
greedy 50e2 2 162 - 1.66 62.78 2764780
dry 3e7 2 93 - 0.36 1.04 616104
aoDLAV 3e7 2 93 - 2.44 168.84 4471428
aoULAV 3e7 2 93 - 3.42 186.50 4471428
aoD2AG 3e7 2 93 - 5.42 249.77 6571436
aoD2SG 3e7 2 93 - 6.25 292.79 6810896
dry 56e2 2 140 - 0.02 0.13 26236
aoDLAV 56e2 2 140 - 0.03 0.16 30980
aoULAV 56e2 2 140 - 0.02 0.16 30988
aoD2AG 56e2 2 140 - 0.03 0.17 31992
aoD2SG 56e2 2 140 - 0.03 0.18 31128
moore 56e2 2 140 - 0.39 145.57 949988
nbpm 56e2 2 140 - 2.38 73.64 2388088
greedy 56e2 2 140 - 2.23 85.16 3460488
dry 32e2 2 215 - 0.03 0.12 26112
aoDLAV 32e2 2 215 - 0.03 0.16 30540
aoULAV 32e2 2 215 - 0.04 0.15 30548
aoD2AG 32e2 2 215 - 0.03 0.15 31200
aoD2SG 32e2 2 215 - 0.03 0.15 31272
moore 32e2 2 215 - 0.23 60.28 330516
nbpm 32e2 2 215 - 0.96 23.68 854752
greedy 32e2 2 215 - 0.70 22.28 1150164
dry 5e7 2 152 - 0.54 1.64 1006736
aoDLAV 5e7 2 152 - 4.13 301.13 7440192
aoULAV 5e7 2 152 - 5.28 320.68 7440192
aoD2AG 5e7 2 152 - 9.81 440.28 10938796
aoD2SG 5e7 2 152 - 10.71 514.69 11337996
dry 2e7 2 179 - 0.29 0.77 420796
aoDLAV 2e7 2 179 - 1.74 105.72 2987068
aoULAV 2e7 2 179 - 1.79 110.36 2987072
aoD2AG 2e7 2 179 - 4.08 163.19 4387000
aoD2SG 2e7 2 179 - 3.96 185.63 4546740
dry 4e7 2 204 - 0.47 1.30 811424
aoDLAV 4e7 2 204 - 3.36 232.67 5955868
aoULAV 4e7 2 204 - 4.42 245.33 5955820
aoD2AG 4e7 2 204 - 8.18 354.89 8756360
aoD2SG 4e7 2 204 - 8.68 412.91 9073636
dry 18e2 2 164 - 0.02 0.12 26048
aoDLAV 18e2 2 164 - 0.03 0.15 30376
aoULAV 18e2 2 164 - 0.03 0.14 30396
aoD2AG 18e2 2 164 - 0.03 0.15 30784
aoD2SG 18e2 2 164 - 0.02 0.16 30820
moore 18e2 2 164 - 0.07 15.59 125408
nbpm 18e2 2 164 - 0.19 7.65 334528
greedy 18e2 2 164 - 0.22 3.77 384348
dry 32e6 2 136 - 0.37 1.07 655176
aoDLAV 32e6 2 136 - 2.83 173.90 4768324
aoULAV 32e6 2 136 - 3.68 189.53 4768328
aoD2AG 32e6 2 136 - 6.41 268.78 7008564
aoD2SG 32e6 2 136 - 6.82 320.88 7263064
dry 2e7 2 140 - 0.29 0.74 420796
aoDLAV 2e7 2 140 - 1.67 107.86 2987072
aoULAV 2e7 2 140 - 1.70 114.20 2987068
aoD2AG 2e7 2 140 - 3.54 163.90 4387644
aoD2SG 2e7 2 140 - 4.36 188.25 4547684
dry 1e4 5 71 - 0.03 0.12 26904
aoDLAV 1e4 5 71 - 0.03 0.22 31088
aoULAV 1e4 5 71 - 0.02 0.23 31096
aoD2AG 1e4 5 71 - 0.04 0.21 32108
aoD2SG 1e4 5 71 - 0.03 0.23 32112
moore 1e4 5 71 - 1.17 1134.29 2961736
nbpm 1e4 5 71 - 7.59 671.34 7811452
greedy 1e4 5 71 - 6.91 290.15 10959172
dry 2e7 2 36 - 0.27 0.75 420796
aoDLAV 2e7 2 36 - 1.80 108.67 2987096
aoULAV 2e7 2 36 - 1.73 114.06 2987072
aoD2AG 2e7 2 36 - 3.55 163.12 4388772
aoD2SG 2e7 2 36 - 4.22 194.12 4545456
dry 25e2 2 17 - 0.02 0.13 26080
aoDLAV 25e2 2 17 - 0.03 0.15 30456
aoULAV 25e2 2 17 - 0.03 0.15 30464
aoD2AG 25e2 2 17 - 0.03 0.16 30988
aoD2SG 25e2 2 17 - 0.02 0.17 31028
moore 25e2 2 17 - 0.09 20.60 213632
nbpm 25e2 2 17 - 0.54 13.14 541648
greedy 25e2 2 17 - 0.42 11.49 713664
dry 4e7 2 250 - 0.44 1.36 811424
aoDLAV 4e7 2 250 - 3.30 232.42 5955820
aoULAV 4e7 2 250 - 4.46 254.87 5955816
aoD2AG 4e7 2 250 - 7.92 399.25 8753092
aoD2SG 4e7 2 250 - 8.52 398.24 9075168
dry 1e4 2 29 - 0.03 0.11 26432
aoDLAV 1e4 2 29 - 0.02 0.18 31864
aoULAV 1e4 2 29 - 0.03 0.17 31876
aoD2AG 1e4 2 29 - 0.03 0.18 31876
aoD2SG 1e4 2 29 - 0.03 0.18 31988
moore 1e4 2 29 - 1.11 1324.34 2960580
nbpm 1e4 2 29 - 7.97 409.14 7889424
greedy 1e4 2 29 - 6.24 267.93 10968632
dry 1e4 2 164 - 0.02 0.12 28288
aoDLAV 1e4 2 164 - 0.03 0.17 31864
aoULAV 1e4 2 164 - 0.03 0.17 31876
aoD2AG 1e4 2 164 - 0.02 0.18 31876
aoD2SG 1e4 2 164 - 0.04 0.17 31988
moore 1e4 2 164 - 1.10 1500.14 2960572
nbpm 1e4 2 164 - 7.95 357.51 7889416
greedy 1e4 2 164 - 6.63 277.20 10968572
dry 75e2 2 203 - 0.03 0.11 26328
aoDLAV 75e2 2 203 - 0.03 0.16 31376
aoULAV 75e2 2 203 - 0.03 0.15 31392
aoD2AG 75e2 2 203 - 0.03 0.19 31380
aoD2SG 75e2 2 203 - 0.03 0.18 31380
moore 75e2 2 203 - 0.83 408.48 1688788
nbpm 75e2 2 203 - 4.26 161.23 4242128
greedy 75e2 2 203 - 3.62 151.32 6183092
dry 56e2 2 18 - 0.03 0.11 26236
aoDLAV 56e2 2 18 - 0.03 0.15 30980
aoULAV 56e2 2 18 - 0.03 0.15 30988
aoD2AG 56e2 2 18 - 0.02 0.18 31988
aoD2SG 56e2 2 18 - 0.03 0.17 31120
moore 56e2 2 18 - 0.74 232.01 952716
nbpm 56e2 2 18 - 2.46 72.13 2388084
greedy 56e2 2 18 - 1.93 79.62 3460488
dry 50e2 2 221 - 0.02 0.12 26204
aoDLAV 50e2 2 221 - 0.03 0.14 30856
aoULAV 50e2 2 221 - 0.02 0.15 30860
aoD2AG 50e2 2 221 - 0.03 0.15 31796
aoD2SG 50e2 2 221 - 0.04 0.16 31868
moore 50e2 2 221 - 0.58 175.71 764620
nbpm 50e2 2 221 - 2.09 59.28 2011916
greedy 50e2 2 221 - 1.68 63.71 2764780
dry 1e4 2 104 - 0.02 0.12 26436
aoDLAV 1e4 2 104 - 0.03 0.18 31864
aoULAV 1e4 2 104 - 0.04 0.16 31876
aoD2AG 1e4 2 104 - 0.03 0.18 31876
aoD2SG 1e4 2 104 - 0.02 0.19 31988
moore 1e4 2 104 - 1.20 1117.07 2960572
nbpm 1e4 2 104 - 7.37 351.22 7889416
greedy 1e4 2 104 - 6.00 229.41 10968568
