dry 1e2 2 118 - 0.03 0.10 25992
aoDLAV 1e2 2 118 - 0.02 0.13 30168
aoULAV 1e2 2 118 - 0.03 0.13 30180
aoD2AG 1e2 2 118 - 0.03 0.13 30336
aoD2SG 1e2 2 118 - 0.03 0.14 30348
moore 1e2 2 118 - 0.03 0.21 30492
nbpm 1e2 2 118 - 0.07 1.98 53012
greedy 1e2 2 118 - 0.02 0.12 30880
dry 5e4 2 228 - 0.03 0.09 29964
aoDLAV 5e4 2 228 - 0.03 0.20 33008
aoULAV 5e4 2 228 - 0.04 0.21 33312
aoD2AG 5e4 2 228 - 0.04 0.32 36408
aoD2SG 5e4 2 228 - 0.04 0.27 36424
dry 1e5 10 64 - 0.02 0.14 38400
aoDLAV 1e5 10 64 - 0.05 9.61 53536
aoULAV 1e5 10 64 - 0.04 10.19 55312
aoD2AG 1e5 10 64 - 0.04 17.44 62780
aoD2SG 1e5 10 64 - 0.04 18.17 66836
dry 1e5 2 192 - 0.02 0.13 32012
aoDLAV 1e5 2 192 - 0.03 0.39 34800
aoULAV 1e5 2 192 - 0.02 0.39 35320
aoD2AG 1e5 2 192 - 0.03 0.48 42600
aoD2SG 1e5 2 192 - 0.03 0.57 43800
dry 1e2 10 14 - 0.03 0.11 26004
aoDLAV 1e2 10 14 - 0.02 0.14 30312
aoULAV 1e2 10 14 - 0.02 0.14 30272
aoD2AG 1e2 10 14 - 0.02 0.13 30440
aoD2SG 1e2 10 14 - 0.02 0.14 30452
moore 1e2 10 14 - 0.03 0.20 30500
nbpm 1e2 10 14 - 0.06 2.07 53080
greedy 1e2 10 14 - 0.03 0.14 30972
dry 1e3 10 2 - 0.02 0.12 26136
aoDLAV 1e3 10 2 - 0.01 0.17 30652
aoULAV 1e3 10 2 - 0.02 0.17 30704
aoD2AG 1e3 10 2 - 0.03 0.15 31068
aoD2SG 1e3 10 2 - 0.03 0.15 31100
moore 1e3 10 2 - 0.07 4.02 59840
nbpm 1e3 10 2 - 0.11 4.71 136136
greedy 1e3 10 2 - 0.08 0.95 139616
dry 5e4 10 155 - 0.03 0.13 33888
aoDLAV 5e4 10 155 - 0.04 5.76 40200
aoULAV 5e4 10 155 - 0.03 6.45 40200
aoD2AG 5e4 10 155 - 0.04 7.02 44984
aoD2SG 5e4 10 155 - 0.05 7.67 45000
dry 1e2 2 206 - 0.01 0.12 25996
aoDLAV 1e2 2 206 - 0.03 0.14 30172
aoULAV 1e2 2 206 - 0.03 0.14 30180
aoD2AG 1e2 2 206 - 0.02 0.15 30336
aoD2SG 1e2 2 206 - 0.02 0.14 30348
moore 1e2 2 206 - 0.03 0.21 30492
nbpm 1e2 2 206 - 0.08 2.10 53012
greedy 1e2 2 206 - 0.03 0.14 30880
dry 1e3 10 148 - 0.02 0.11 26136
aoDLAV 1e3 10 148 - 0.02 0.15 30652
aoULAV 1e3 10 148 - 0.03 0.15 30664
aoD2AG 1e3 10 148 - 0.02 0.16 31068
aoD2SG 1e3 10 148 - 0.04 0.15 31096
moore 1e3 10 148 - 0.03 4.78 59844
nbpm 1e3 10 148 - 0.13 5.04 136140
greedy 1e3 10 148 - 0.08 1.03 139620
dry 400e2 2 23 - 0.02 0.12 29124
aoDLAV 400e2 2 23 - 0.02 0.25 32236
aoULAV 400e2 2 23 - 0.03 0.24 33112
aoD2AG 400e2 2 23 - 0.03 0.29 36072
aoD2SG 400e2 2 23 - 0.04 0.30 35924
dry 1e1 2 208 - 0.02 0.12 25992
aoDLAV 1e1 2 208 - 0.03 0.13 30160
aoULAV 1e1 2 208 - 0.02 0.14 30172
aoD2AG 1e1 2 208 - 0.02 0.14 30316
aoD2SG 1e1 2 208 - 0.02 0.14 30320
moore 1e1 2 208 - 0.03 0.18 30476
nbpm 1e1 2 208 - 0.06 2.12 49816
greedy 1e1 2 208 - 0.03 0.14 30124
dry 18e4 2 188 - 0.03 0.13 33108
aoDLAV 18e4 2 188 - 0.04 0.78 47860
aoULAV 18e4 2 188 - 0.04 0.76 47864
aoD2AG 18e4 2 188 - 0.05 1.00 58992
aoD2SG 18e4 2 188 - 0.06 1.11 59840
dry 32e3 2 150 - 0.02 0.12 27952
aoDLAV 32e3 2 150 - 0.03 0.22 31436
aoULAV 32e3 2 150 - 0.03 0.22 32148
aoD2AG 32e3 2 150 - 0.04 0.25 35020
aoD2SG 32e3 2 150 - 0.03 0.26 34784
dry 325e2 2 229 - 0.01 0.13 27316
aoDLAV 325e2 2 229 - 0.03 0.21 31376
aoULAV 325e2 2 229 - 0.03 0.22 32092
aoD2AG 325e2 2 229 - 0.02 0.25 35056
aoD2SG 325e2 2 229 - 0.02 0.27 34764
dry 1e3 5 70 - 0.02 0.11 26056
aoDLAV 1e3 5 70 - 0.02 0.15 30424
aoULAV 1e3 5 70 - 0.02 0.14 30436
aoD2AG 1e3 5 70 - 0.02 0.15 30748
aoD2SG 1e3 5 70 - 0.02 0.15 30780
moore 1e3 5 70 - 0.04 3.54 59828
nbpm 1e3 5 70 - 0.13 4.46 129240
greedy 1e3 5 70 - 0.09 1.03 139388
dry 1e1 2 182 - 0.02 0.12 25996
aoDLAV 1e1 2 182 - 0.03 0.14 30160
aoULAV 1e1 2 182 - 0.02 0.14 30172
aoD2AG 1e1 2 182 - 0.03 0.14 30316
aoD2SG 1e1 2 182 - 0.03 0.14 30320
moore 1e1 2 182 - 0.03 0.17 30484
nbpm 1e1 2 182 - 0.05 2.15 49824
greedy 1e1 2 182 - 0.03 0.14 30124
dry 1e2 2 166 - 0.02 0.11 25992
aoDLAV 1e2 2 166 - 0.03 0.14 30168
aoULAV 1e2 2 166 - 0.03 0.14 30180
aoD2AG 1e2 2 166 - 0.03 0.14 30328
aoD2SG 1e2 2 166 - 0.02 0.14 30332
moore 1e2 2 166 - 0.02 0.23 30480
nbpm 1e2 2 166 - 0.08 2.12 53000
greedy 1e2 2 166 - 0.03 0.14 30880
dry 5e4 5 114 - 0.03 0.13 29984
aoDLAV 5e4 5 114 - 0.03 0.76 34708
aoULAV 5e4 5 114 - 0.04 0.76 34704
aoD2AG 5e4 5 114 - 0.03 0.82 37728
aoD2SG 5e4 5 114 - 0.03 0.87 37940
dry 1e2 10 183 - 0.03 0.11 26004
aoDLAV 1e2 10 183 - 0.03 0.14 30264
aoULAV 1e2 10 183 - 0.03 0.14 30272
aoD2AG 1e2 10 183 - 0.02 0.15 30440
aoD2SG 1e2 10 183 - 0.02 0.14 30444
moore 1e2 10 183 - 0.03 0.20 30500
nbpm 1e2 10 183 - 0.08 2.16 53076
greedy 1e2 10 183 - 0.02 0.15 30972
dry 5e4 10 224 - 0.02 0.14 33892
aoDLAV 5e4 10 224 - 0.03 7.30 40204
aoULAV 5e4 10 224 - 0.03 7.03 40204
aoD2AG 5e4 10 224 - 0.03 7.46 44980
aoD2SG 5e4 10 224 - 0.10 8.88 45000
dry 300e2 2 187 - 0.03 0.11 29240
aoDLAV 300e2 2 187 - 0.03 0.21 31296
aoULAV 300e2 2 187 - 0.03 0.21 31892
aoD2AG 300e2 2 187 - 0.03 0.24 35060
aoD2SG 300e2 2 187 - 0.03 0.25 34716
dry 1e1 2 173 - 0.02 0.11 25996
aoDLAV 1e1 2 173 - 0.02 0.14 30160
aoULAV 1e1 2 173 - 0.03 0.14 30172
aoD2AG 1e1 2 173 - 0.03 0.14 30316
aoD2SG 1e1 2 173 - 0.03 0.14 30324
moore 1e1 2 173 - 0.02 0.18 30476
nbpm 1e1 2 173 - 0.08 2.10 49816
greedy 1e1 2 173 - 0.03 0.14 30124
dry 1e2 10 243 - 0.02 0.11 26004
aoDLAV 1e2 10 243 - 0.02 0.15 30260
aoULAV 1e2 10 243 - 0.02 0.14 30272
aoD2AG 1e2 10 243 - 0.03 0.14 30444
aoD2SG 1e2 10 243 - 0.03 0.14 30448
moore 1e2 10 243 - 0.02 0.19 30496
nbpm 1e2 10 243 - 0.09 2.20 53076
greedy 1e2 10 243 - 0.02 0.15 30976
dry 1e5 10 33 - 0.04 0.17 38396
aoDLAV 1e5 10 33 - 0.04 21.54 53536
aoULAV 1e5 10 33 - 0.06 21.84 55312
aoD2AG 1e5 10 33 - 0.06 22.35 62708
aoD2SG 1e5 10 33 - 0.06 25.45 66848
dry 56e4 2 228 - 0.03 0.19 41104
aoDLAV 56e4 2 228 - 0.08 2.13 107984
aoULAV 56e4 2 228 - 0.10 2.59 107984
aoD2AG 56e4 2 228 - 0.13 3.11 139724
aoD2SG 56e4 2 228 - 0.11 3.42 143560
dry 1e5 2 13 - 0.03 0.13 31976
aoDLAV 1e5 2 13 - 0.04 0.44 34800
aoULAV 1e5 2 13 - 0.04 0.44 35320
aoD2AG 1e5 2 13 - 0.04 0.57 42604
aoD2SG 1e5 2 13 - 0.04 0.63 43804
dry 5e4 10 125 - 0.03 0.13 33888
aoDLAV 5e4 10 125 - 0.04 7.82 40204
aoULAV 5e4 10 125 - 0.04 7.94 40200
aoD2AG 5e4 10 125 - 0.05 8.31 44984
aoD2SG 5e4 10 125 - 0.05 8.55 44996
dry 56e4 2 22 - 0.04 0.18 41104
aoDLAV 56e4 2 22 - 0.07 2.08 107988
aoULAV 56e4 2 22 - 0.08 2.16 107984
aoD2AG 56e4 2 22 - 0.10 3.07 139668
aoD2SG 56e4 2 22 - 0.13 3.35 143408
dry 5e4 2 250 - 0.02 0.12 28004
aoDLAV 5e4 2 250 - 0.03 0.27 33008
aoULAV 5e4 2 250 - 0.02 0.28 33316
aoD2AG 5e4 2 250 - 0.03 0.35 36408
aoD2SG 5e4 2 250 - 0.04 0.36 36424
dry 5e4 2 132 - 0.03 0.11 28004
aoDLAV 5e4 2 132 - 0.03 0.27 33008
aoULAV 5e4 2 132 - 0.02 0.29 33312
aoD2AG 5e4 2 132 - 0.04 0.33 36408
aoD2SG 5e4 2 132 - 0.03 0.36 36424
dry 1e5 5 178 - 0.03 0.13 34476
aoDLAV 1e5 5 178 - 0.03 1.57 41816
aoULAV 1e5 5 178 - 0.05 1.54 43568
aoD2AG 1e5 5 178 - 0.04 1.77 53560
aoD2SG 1e5 5 178 - 0.04 1.89 53204
dry 5e4 5 55 - 0.03 0.12 30732
aoDLAV 5e4 5 55 - 0.04 0.71 34704
aoULAV 5e4 5 55 - 0.04 0.71 34704
aoD2AG 5e4 5 55 - 0.03 0.78 37728
aoD2SG 5e4 5 55 - 0.03 0.85 37944
dry 350e2 2 29 - 0.02 0.12 27416
aoDLAV 350e2 2 29 - 0.02 0.23 31480
aoULAV 350e2 2 29 - 0.03 0.24 32260
aoD2AG 350e2 2 29 - 0.02 0.26 34848
aoD2SG 350e2 2 29 - 0.03 0.27 35128
dry 32e4 2 182 - 0.03 0.16 36424
aoDLAV 32e4 2 182 - 0.06 1.23 70832
aoULAV 32e4 2 182 - 0.05 1.25 70840
aoD2AG 32e4 2 182 - 0.07 1.73 89244
aoD2SG 32e4 2 182 - 0.06 1.91 91200
dry 18e4 2 152 - 0.03 0.14 33104
aoDLAV 18e4 2 152 - 0.05 0.74 47864
aoULAV 18e4 2 152 - 0.04 0.76 47904
aoD2AG 18e4 2 152 - 0.06 0.98 58788
aoD2SG 18e4 2 152 - 0.05 1.13 59848
dry 18e1 2 63 - 0.02 0.12 26004
aoDLAV 18e1 2 63 - 0.03 0.14 30184
aoULAV 18e1 2 63 - 0.02 0.15 30196
aoD2AG 18e1 2 63 - 0.04 0.13 30360
aoD2SG 18e1 2 63 - 0.02 0.15 30364
moore 18e1 2 63 - 0.02 0.46 30488
nbpm 18e1 2 63 - 0.06 2.19 54440
greedy 18e1 2 63 - 0.03 0.16 33352
dry 32e3 2 60 - 0.03 0.11 27296
aoDLAV 32e3 2 60 - 0.04 0.21 31436
aoULAV 32e3 2 60 - 0.03 0.22 32148
aoD2AG 32e3 2 60 - 0.03 0.25 35020
aoD2SG 32e3 2 60 - 0.03 0.26 34792
dry 1e2 10 134 - 0.02 0.12 26004
aoDLAV 1e2 10 134 - 0.03 0.14 30264
aoULAV 1e2 10 134 - 0.03 0.14 30328
aoD2AG 1e2 10 134 - 0.03 0.14 30440
aoD2SG 1e2 10 134 - 0.02 0.15 30448
moore 1e2 10 134 - 0.03 0.24 30496
nbpm 1e2 10 134 - 0.05 2.17 53080
greedy 1e2 10 134 - 0.02 0.15 30972
dry 1e3 2 44 - 0.02 0.12 26024
aoDLAV 1e3 2 44 - 0.02 0.15 30284
aoULAV 1e3 2 44 - 0.02 0.14 30292
aoD2AG 1e3 2 44 - 0.03 0.14 30532
aoD2SG 1e3 2 44 - 0.03 0.15 30556
moore 1e3 2 44 - 0.04 4.73 59776
nbpm 1e3 2 44 - 0.13 4.10 138560
greedy 1e3 2 44 - 0.07 1.05 139248
dry 1e5 10 63 - 0.04 0.18 38396
aoDLAV 1e5 10 63 - 0.05 21.86 53540
aoULAV 1e5 10 63 - 0.05 21.20 55312
aoD2AG 1e5 10 63 - 0.06 21.27 62692
aoD2SG 1e5 10 63 - 0.05 24.26 66832
dry 250e2 2 211 - 0.02 0.12 30624
aoDLAV 250e2 2 211 - 0.03 0.20 31112
aoULAV 250e2 2 211 - 0.03 0.20 31212
aoD2AG 250e2 2 211 - 0.02 0.23 33860
aoD2SG 250e2 2 211 - 0.02 0.24 33960
dry 18e1 2 137 - 0.02 0.12 26004
aoDLAV 18e1 2 137 - 0.03 0.14 30188
aoULAV 18e1 2 137 - 0.03 0.13 30196
aoD2AG 18e1 2 137 - 0.02 0.14 30356
aoD2SG 18e1 2 137 - 0.03 0.14 30364
moore 18e1 2 137 - 0.04 0.22 30496
nbpm 18e1 2 137 - 0.08 2.15 54448
greedy 18e1 2 137 - 0.04 0.15 33348
dry 56e1 2 83 - 0.02 0.12 26008
aoDLAV 56e1 2 83 - 0.03 0.14 30220
aoULAV 56e1 2 83 - 0.03 0.14 30268
aoD2AG 56e1 2 83 - 0.02 0.14 30416
aoD2SG 56e1 2 83 - 0.03 0.13 30424
moore 56e1 2 83 - 0.04 2.62 39664
nbpm 56e1 2 83 - 0.08 2.90 78712
greedy 56e1 2 83 - 0.05 0.38 64104
dry 225e2 2 250 - 0.02 0.12 26920
aoDLAV 225e2 2 250 - 0.03 0.19 30980
aoULAV 225e2 2 250 - 0.02 0.20 30992
aoD2AG 225e2 2 250 - 0.03 0.21 33368
aoD2SG 225e2 2 250 - 0.04 0.21 33464
dry 1e5 5 174 - 0.03 0.13 34528
aoDLAV 1e5 5 174 - 0.04 1.57 41820
aoULAV 1e5 5 174 - 0.04 1.55 43576
aoD2AG 1e5 5 174 - 0.04 1.70 53564
aoD2SG 1e5 5 174 - 0.04 1.92 53200
dry 56e4 2 80 - 0.03 0.18 41104
aoDLAV 56e4 2 80 - 0.07 2.07 107988
aoULAV 56e4 2 80 - 0.09 2.17 107984
aoD2AG 56e4 2 80 - 0.13 3.06 138988
aoD2SG 56e4 2 80 - 0.12 3.37 144084
dry 300e2 2 89 - 0.01 0.13 27216
aoDLAV 300e2 2 89 - 0.03 0.20 31332
aoULAV 300e2 2 89 - 0.02 0.22 31892
aoD2AG 300e2 2 89 - 0.03 0.24 35060
aoD2SG 300e2 2 89 - 0.04 0.25 34716
dry 1e2 10 229 - 0.03 0.11 26004
aoDLAV 1e2 10 229 - 0.03 0.14 30260
aoULAV 1e2 10 229 - 0.02 0.15 30272
aoD2AG 1e2 10 229 - 0.03 0.14 30444
aoD2SG 1e2 10 229 - 0.02 0.15 30448
moore 1e2 10 229 - 0.03 0.25 30496
nbpm 1e2 10 229 - 0.07 2.17 53072
greedy 1e2 10 229 - 0.02 0.15 30972
dry 1e6 5 170 - 0.06 0.27 73152
aoDLAV 1e6 5 170 - 0.15 19.14 252688
aoULAV 1e6 5 170 - 0.14 19.45 252688
aoD2AG 1e6 5 170 - 0.21 21.60 323352
aoD2SG 1e6 5 170 - 0.20 24.92 332436
dry 5e4 2 194 - 0.02 0.12 28004
aoDLAV 5e4 2 194 - 0.03 0.27 33008
aoULAV 5e4 2 194 - 0.03 0.28 33312
aoD2AG 5e4 2 194 - 0.02 0.33 36408
aoD2SG 5e4 2 194 - 0.03 0.35 36424
dry 325e2 2 135 - 0.03 0.11 27316
aoDLAV 325e2 2 135 - 0.02 0.22 31372
aoULAV 325e2 2 135 - 0.02 0.22 32084
aoD2AG 325e2 2 135 - 0.02 0.25 35000
aoD2SG 325e2 2 135 - 0.03 0.26 34760
dry 350e2 2 74 - 0.02 0.12 29124
aoDLAV 350e2 2 74 - 0.02 0.23 31480
aoULAV 350e2 2 74 - 0.02 0.22 32260
aoD2AG 350e2 2 74 - 0.03 0.25 34848
aoD2SG 350e2 2 74 - 0.03 0.27 35132
dry 1e1 2 161 - 0.02 0.12 25992
aoDLAV 1e1 2 161 - 0.02 0.14 30160
aoULAV 1e1 2 161 - 0.02 0.14 30172
aoD2AG 1e1 2 161 - 0.03 0.14 30312
aoD2SG 1e1 2 161 - 0.03 0.13 30312
moore 1e1 2 161 - 0.03 0.17 30484
nbpm 1e1 2 161 - 0.06 2.13 49824
greedy 1e1 2 161 - 0.02 0.14 30124
dry 18e1 2 226 - 0.02 0.12 26008
aoDLAV 18e1 2 226 - 0.03 0.13 30184
aoULAV 18e1 2 226 - 0.03 0.13 30196
aoD2AG 18e1 2 226 - 0.03 0.14 30348
aoD2SG 18e1 2 226 - 0.03 0.13 30364
moore 18e1 2 226 - 0.03 0.21 30488
nbpm 18e1 2 226 - 0.09 2.15 54436
greedy 18e1 2 226 - 0.02 0.16 33348
dry 1e5 2 163 - 0.03 0.12 30604
aoDLAV 1e5 2 163 - 0.03 0.44 34800
aoULAV 1e5 2 163 - 0.03 0.44 35320
aoD2AG 1e5 2 163 - 0.03 0.56 42596
aoD2SG 1e5 2 163 - 0.04 0.62 43796
dry 275e2 2 184 - 0.02 0.11 27120
aoDLAV 275e2 2 184 - 0.02 0.20 31244
aoULAV 275e2 2 184 - 0.03 0.20 31572
aoD2AG 275e2 2 184 - 0.03 0.23 34696
aoD2SG 275e2 2 184 - 0.03 0.24 34812
dry 225e2 2 169 - 0.02 0.12 28880
aoDLAV 225e2 2 169 - 0.03 0.19 30980
aoULAV 225e2 2 169 - 0.03 0.19 30992
aoD2AG 225e2 2 169 - 0.02 0.21 33372
aoD2SG 225e2 2 169 - 0.03 0.22 33464
dry 400e2 2 139 - 0.02 0.12 27616
aoDLAV 400e2 2 139 - 0.04 0.23 32244
aoULAV 400e2 2 139 - 0.04 0.25 33116
aoD2AG 400e2 2 139 - 0.03 0.28 36072
aoD2SG 400e2 2 139 - 0.03 0.29 35932
dry 1e6 2 105 - 0.04 0.19 49708
aoDLAV 1e6 2 105 - 0.12 3.76 178512
aoULAV 1e6 2 105 - 0.13 4.01 178456
aoD2AG 1e6 2 105 - 0.17 5.59 233364
aoD2SG 1e6 2 105 - 0.20 6.36 241764
dry 1e3 5 21 - 0.02 0.11 26060
aoDLAV 1e3 5 21 - 0.03 0.15 30424
aoULAV 1e3 5 21 - 0.02 0.15 30436
aoD2AG 1e3 5 21 - 0.03 0.15 30752
aoD2SG 1e3 5 21 - 0.03 0.14 30768
moore 1e3 5 21 - 0.05 2.22 59832
nbpm 1e3 5 21 - 0.12 4.44 129244
greedy 1e3 5 21 - 0.08 1.05 139388
dry 350e2 2 21 - 0.03 0.11 27420
aoDLAV 350e2 2 21 - 0.02 0.24 31480
aoULAV 350e2 2 21 - 0.02 0.23 32260
aoD2AG 350e2 2 21 - 0.03 0.25 34852
aoD2SG 350e2 2 21 - 0.03 0.27 35128
dry 56e4 2 173 - 0.05 0.17 41108
aoDLAV 56e4 2 173 - 0.08 2.07 107988
aoULAV 56e4 2 173 - 0.09 2.15 107988
aoD2AG 56e4 2 173 - 0.12 3.09 140156
aoD2SG 56e4 2 173 - 0.12 3.44 144220
dry 350e2 2 242 - 0.02 0.12 29432
aoDLAV 350e2 2 242 - 0.03 0.22 31480
aoULAV 350e2 2 242 - 0.02 0.23 32256
aoD2AG 350e2 2 242 - 0.04 0.25 34848
aoD2SG 350e2 2 242 - 0.03 0.27 35132
dry 375e2 2 167 - 0.02 0.12 27516
aoDLAV 375e2 2 167 - 0.03 0.23 31784
aoULAV 375e2 2 167 - 0.04 0.23 32604
aoD2AG 375e2 2 167 - 0.04 0.27 35516
aoD2SG 375e2 2 167 - 0.03 0.29 35528
dry 1e5 2 118 - 0.03 0.13 31960
aoDLAV 1e5 2 118 - 0.03 0.44 34800
aoULAV 1e5 2 118 - 0.04 0.44 35320
aoD2AG 1e5 2 118 - 0.05 0.57 42600
aoD2SG 1e5 2 118 - 0.04 0.65 44084
dry 5e4 10 128 - 0.04 0.12 33888
aoDLAV 5e4 10 128 - 0.04 7.63 40200
aoULAV 5e4 10 128 - 0.04 7.60 40200
aoD2AG 5e4 10 128 - 0.06 7.56 44984
aoD2SG 5e4 10 128 - 0.04 8.36 45000
dry 350e2 2 25 - 0.02 0.12 29220
aoDLAV 350e2 2 25 - 0.02 0.23 31480
aoULAV 350e2 2 25 - 0.03 0.22 32264
aoD2AG 350e2 2 25 - 0.03 0.26 34852
aoD2SG 350e2 2 25 - 0.04 0.27 35136
dry 56e3 2 42 - 0.02 0.12 28236
aoDLAV 56e3 2 42 - 0.03 0.29 33476
aoULAV 56e3 2 42 - 0.03 0.30 34696
aoD2AG 56e3 2 42 - 0.04 0.35 37284
aoD2SG 56e3 2 42 - 0.03 0.40 37296
dry 5e4 2 236 - 0.02 0.12 28000
aoDLAV 5e4 2 236 - 0.03 0.28 33008
aoULAV 5e4 2 236 - 0.03 0.28 33312
aoD2AG 5e4 2 236 - 0.03 0.34 36408
aoD2SG 5e4 2 236 - 0.04 0.36 36428
dry 32e3 2 120 - 0.02 0.12 30764
aoDLAV 32e3 2 120 - 0.03 0.22 31436
aoULAV 32e3 2 120 - 0.02 0.23 32148
aoD2AG 32e3 2 120 - 0.03 0.25 35020
aoD2SG 32e3 2 120 - 0.03 0.26 34784
dry 1e2 10 97 - 0.02 0.12 26004
aoDLAV 1e2 10 97 - 0.03 0.14 30264
aoULAV 1e2 10 97 - 0.03 0.14 30276
aoD2AG 1e2 10 97 - 0.03 0.14 30440
aoD2SG 1e2 10 97 - 0.03 0.14 30448
moore 1e2 10 97 - 0.03 0.21 30496
nbpm 1e2 10 97 - 0.07 2.15 53080
greedy 1e2 10 97 - 0.02 0.15 30972
dry 1e2 5 60 - 0.02 0.12 25996
aoDLAV 1e2 5 60 - 0.03 0.14 30212
aoULAV 1e2 5 60 - 0.03 0.14 30224
aoD2AG 1e2 5 60 - 0.03 0.14 30388
aoD2SG 1e2 5 60 - 0.02 0.15 30388
moore 1e2 5 60 - 0.03 0.22 30484
nbpm 1e2 5 60 - 0.08 2.14 53008
greedy 1e2 5 60 - 0.02 0.15 30920
dry 56e4 2 35 - 0.03 0.19 41104
aoDLAV 56e4 2 35 - 0.07 2.12 107984
aoULAV 56e4 2 35 - 0.07 2.20 107988
aoD2AG 56e4 2 35 - 0.12 3.16 139740
aoD2SG 56e4 2 35 - 0.13 3.41 144124
dry 18e1 2 29 - 0.02 0.11 26004
aoDLAV 18e1 2 29 - 0.02 0.14 30184
aoULAV 18e1 2 29 - 0.02 0.15 30196
aoD2AG 18e1 2 29 - 0.02 0.15 30356
aoD2SG 18e1 2 29 - 0.03 0.15 30396
moore 18e1 2 29 - 0.03 0.23 30496
nbpm 18e1 2 29 - 0.08 2.18 54444
greedy 18e1 2 29 - 0.03 0.16 33348
dry 56e1 2 88 - 0.03 0.11 26008
aoDLAV 56e1 2 88 - 0.02 0.14 30220
aoULAV 56e1 2 88 - 0.03 0.14 30232
aoD2AG 56e1 2 88 - 0.03 0.14 30416
aoD2SG 56e1 2 88 - 0.03 0.14 30424
moore 56e1 2 88 - 0.04 1.43 39656
nbpm 56e1 2 88 - 0.11 2.95 78704
greedy 56e1 2 88 - 0.05 0.38 64104
dry 1e6 5 173 - 0.05 0.27 73152
aoDLAV 1e6 5 173 - 0.27 19.58 252688
aoULAV 1e6 5 173 - 0.16 28.54 252688
aoD2AG 1e6 5 173 - 0.20 21.04 323784
aoD2SG 1e6 5 173 - 0.25 24.42 332432
dry 275e2 2 100 - 0.02 0.12 27124
aoDLAV 275e2 2 100 - 0.03 0.20 31240
aoULAV 275e2 2 100 - 0.02 0.22 31572
aoD2AG 275e2 2 100 - 0.04 0.22 34696
aoD2SG 275e2 2 100 - 0.03 0.24 34812
dry 1e2 2 36 - 0.02 0.12 25992
aoDLAV 1e2 2 36 - 0.02 0.15 30168
aoULAV 1e2 2 36 - 0.02 0.14 30180
aoD2AG 1e2 2 36 - 0.03 0.14 30336
aoD2SG 1e2 2 36 - 0.02 0.15 30348
moore 1e2 2 36 - 0.03 0.22 30480
nbpm 1e2 2 36 - 0.09 2.37 53000
greedy 1e2 2 36 - 0.02 0.15 30880
dry 32e3 2 20 - 0.03 0.12 27296
aoDLAV 32e3 2 20 - 0.03 0.23 31440
aoULAV 32e3 2 20 - 0.03 0.23 32152
aoD2AG 32e3 2 20 - 0.03 0.26 35020
aoD2SG 32e3 2 20 - 0.04 0.26 34788
dry 300e2 2 29 - 0.02 0.12 27216
aoDLAV 300e2 2 29 - 0.03 0.22 31300
aoULAV 300e2 2 29 - 0.03 0.22 31892
aoD2AG 300e2 2 29 - 0.03 0.24 35060
aoD2SG 300e2 2 29 - 0.03 0.27 34720
dry 56e1 2 54 - 0.02 0.12 26008
aoDLAV 56e1 2 54 - 0.02 0.14 30224
aoULAV 56e1 2 54 - 0.02 0.14 30232
aoD2AG 56e1 2 54 - 0.03 0.14 30416
aoD2SG 56e1 2 54 - 0.02 0.15 30424
moore 56e1 2 54 - 0.05 1.29 39688
nbpm 56e1 2 54 - 0.13 2.91 78712
greedy 56e1 2 54 - 0.05 0.38 64104
dry 56e1 2 41 - 0.02 0.12 26008
aoDLAV 56e1 2 41 - 0.02 0.14 30224
aoULAV 56e1 2 41 - 0.03 0.13 30272
aoD2AG 56e1 2 41 - 0.03 0.14 30416
aoD2SG 56e1 2 41 - 0.03 0.14 30424
moore 56e1 2 41 - 0.05 0.99 39688
nbpm 56e1 2 41 - 0.11 2.93 78708
greedy 56e1 2 41 - 0.05 0.37 64108
dry 1e2 5 104 - 0.02 0.11 26000
aoDLAV 1e2 5 104 - 0.02 0.14 30212
aoULAV 1e2 5 104 - 0.02 0.14 30228
aoD2AG 1e2 5 104 - 0.02 0.14 30384
aoD2SG 1e2 5 104 - 0.02 0.14 30392
moore 1e2 5 104 - 0.02 0.18 30492
nbpm 1e2 5 104 - 0.07 2.12 53016
greedy 1e2 5 104 - 0.02 0.15 30924
dry 1e2 5 42 - 0.02 0.11 26000
aoDLAV 1e2 5 42 - 0.02 0.14 30216
aoULAV 1e2 5 42 - 0.03 0.14 30228
aoD2AG 1e2 5 42 - 0.03 0.13 30384
aoD2SG 1e2 5 42 - 0.03 0.14 30388
moore 1e2 5 42 - 0.02 0.23 30492
nbpm 1e2 5 42 - 0.06 2.18 53016
greedy 1e2 5 42 - 0.03 0.14 30924
dry 1e5 10 39 - 0.04 0.17 38396
aoDLAV 1e5 10 39 - 0.04 22.10 53536
aoULAV 1e5 10 39 - 0.05 22.79 55308
aoD2AG 1e5 10 39 - 0.05 22.89 62744
aoD2SG 1e5 10 39 - 0.06 25.31 66832
dry 56e3 2 148 - 0.02 0.12 30132
aoDLAV 56e3 2 148 - 0.03 0.30 33480
aoULAV 56e3 2 148 - 0.04 0.29 34700
aoD2AG 56e3 2 148 - 0.04 0.36 37284
aoD2SG 56e3 2 148 - 0.04 0.38 37300
dry 225e2 2 220 - 0.02 0.12 26924
aoDLAV 225e2 2 220 - 0.03 0.20 30980
aoULAV 225e2 2 220 - 0.03 0.20 30996
aoD2AG 225e2 2 220 - 0.03 0.21 33368
aoD2SG 225e2 2 220 - 0.03 0.23 33468
dry 325e2 2 96 - 0.02 0.12 27316
aoDLAV 325e2 2 96 - 0.03 0.22 31372
aoULAV 325e2 2 96 - 0.03 0.22 32084
aoD2AG 325e2 2 96 - 0.03 0.25 35004
aoD2SG 325e2 2 96 - 0.04 0.26 34760
dry 5e4 10 21 - 0.03 0.14 33892
aoDLAV 5e4 10 21 - 0.03 7.85 40204
aoULAV 5e4 10 21 - 0.05 7.51 40200
aoD2AG 5e4 10 21 - 0.06 7.78 44984
aoD2SG 5e4 10 21 - 0.06 8.83 44996
dry 250e2 2 99 - 0.02 0.12 27020
aoDLAV 250e2 2 99 - 0.03 0.21 31108
aoULAV 250e2 2 99 - 0.02 0.21 31212
aoD2AG 250e2 2 99 - 0.03 0.22 33860
aoD2SG 250e2 2 99 - 0.04 0.22 33996
dry 5e4 2 186 - 0.03 0.11 28056
aoDLAV 5e4 2 186 - 0.03 0.27 33008
aoULAV 5e4 2 186 - 0.03 0.27 33316
aoD2AG 5e4 2 186 - 0.03 0.34 36412
aoD2SG 5e4 2 186 - 0.03 0.36 36424
dry 1e1 2 38 - 0.03 0.12 25992
aoDLAV 1e1 2 38 - 0.02 0.15 30160
aoULAV 1e1 2 38 - 0.03 0.14 30172
aoD2AG 1e1 2 38 - 0.03 0.14 30316
aoD2SG 1e1 2 38 - 0.03 0.13 30320
moore 1e1 2 38 - 0.03 0.18 30484
nbpm 1e1 2 38 - 0.06 2.18 49824
greedy 1e1 2 38 - 0.02 0.14 30128
dry 18e4 2 239 - 0.03 0.13 33104
aoDLAV 18e4 2 239 - 0.05 0.73 47864
aoULAV 18e4 2 239 - 0.04 0.81 47860
aoD2AG 18e4 2 239 - 0.07 0.96 58656
aoD2SG 18e4 2 239 - 0.06 1.09 59852
dry 1e5 5 222 - 0.02 0.14 34476
aoDLAV 1e5 5 222 - 0.05 1.52 41816
aoULAV 1e5 5 222 - 0.05 1.54 43572
aoD2AG 1e5 5 222 - 0.05 1.87 53568
aoD2SG 1e5 5 222 - 0.04 2.05 53264
dry 18e4 2 201 - 0.03 0.13 33104
aoDLAV 18e4 2 201 - 0.04 0.80 47860
aoULAV 18e4 2 201 - 0.04 0.80 47864
aoD2AG 18e4 2 201 - 0.04 1.05 58644
aoD2SG 18e4 2 201 - 0.05 1.15 59880
dry 1e1 2 2 - 0.02 0.12 25992
aoDLAV 1e1 2 2 - 0.03 0.14 30160
aoULAV 1e1 2 2 - 0.02 0.15 30172
aoD2AG 1e1 2 2 - 0.02 0.15 30324
aoD2SG 1e1 2 2 - 0.02 0.14 30328
moore 1e1 2 2 - 0.03 0.18 30476
nbpm 1e1 2 2 - 0.07 2.15 49816
greedy 1e1 2 2 - 0.02 0.14 30124
dry 1e5 2 215 - 0.03 0.13 31700
aoDLAV 1e5 2 215 - 0.03 0.45 34804
aoULAV 1e5 2 215 - 0.04 0.44 35320
aoD2AG 1e5 2 215 - 0.05 0.57 42604
aoD2SG 1e5 2 215 - 0.03 0.66 43804
dry 1e1 2 98 - 0.02 0.12 25996
aoDLAV 1e1 2 98 - 0.02 0.15 30160
aoULAV 1e1 2 98 - 0.03 0.14 30172
aoD2AG 1e1 2 98 - 0.02 0.14 30320
aoD2SG 1e1 2 98 - 0.04 0.13 30320
moore 1e1 2 98 - 0.03 0.18 30476
nbpm 1e1 2 98 - 0.08 2.16 49816
greedy 1e1 2 98 - 0.03 0.13 30124
dry 225e2 2 150 - 0.02 0.13 30576
aoDLAV 225e2 2 150 - 0.03 0.19 30980
aoULAV 225e2 2 150 - 0.03 0.19 30996
aoD2AG 225e2 2 150 - 0.03 0.21 33368
aoD2SG 225e2 2 150 - 0.04 0.22 33496
dry 1e2 10 150 - 0.02 0.12 26004
aoDLAV 1e2 10 150 - 0.02 0.15 30260
aoULAV 1e2 10 150 - 0.02 0.14 30324
aoD2AG 1e2 10 150 - 0.03 0.14 30444
aoD2SG 1e2 10 150 - 0.02 0.14 30448
moore 1e2 10 150 - 0.02 0.22 30496
nbpm 1e2 10 150 - 0.08 2.16 53080
greedy 1e2 10 150 - 0.03 0.14 30992
dry 275e2 2 105 - 0.02 0.12 29032
aoDLAV 275e2 2 105 - 0.03 0.20 31240
aoULAV 275e2 2 105 - 0.02 0.21 31572
aoD2AG 275e2 2 105 - 0.03 0.22 34696
aoD2SG 275e2 2 105 - 0.03 0.24 34812
dry 5e4 10 18 - 0.03 0.13 33888
aoDLAV 5e4 10 18 - 0.04 7.67 40200
aoULAV 5e4 10 18 - 0.07 7.92 40200
aoD2AG 5e4 10 18 - 0.07 8.17 44984
aoD2SG 5e4 10 18 - 0.06 9.25 45000
dry 32e4 2 14 - 0.04 0.16 36424
aoDLAV 32e4 2 14 - 0.06 1.30 70828
aoULAV 32e4 2 14 - 0.06 1.30 70840
aoD2AG 32e4 2 14 - 0.07 1.83 88488
aoD2SG 32e4 2 14 - 0.07 2.00 91308
dry 56e4 2 124 - 0.03 0.19 41104
aoDLAV 56e4 2 124 - 0.08 2.11 107984
aoULAV 56e4 2 124 - 0.08 2.24 107988
aoD2AG 56e4 2 124 - 0.11 3.18 139236
aoD2SG 56e4 2 124 - 0.10 3.58 144788
dry 1e1 2 78 - 0.02 0.12 25992
aoDLAV 1e1 2 78 - 0.02 0.14 30160
aoULAV 1e1 2 78 - 0.03 0.14 30176
aoD2AG 1e1 2 78 - 0.03 0.14 30316
aoD2SG 1e1 2 78 - 0.03 0.14 30324
moore 1e1 2 78 - 0.02 0.18 30476
nbpm 1e1 2 78 - 0.07 2.15 49816
greedy 1e1 2 78 - 0.01 0.15 30124
dry 1e6 5 60 - 0.04 0.28 73152
aoDLAV 1e6 5 60 - 0.15 19.50 252688
aoULAV 1e6 5 60 - 0.20 19.66 252688
aoD2AG 1e6 5 60 - 0.20 22.69 324808
aoD2SG 1e6 5 60 - 0.22 26.88 332832
dry 1e5 5 14 - 0.03 0.14 34480
aoDLAV 1e5 5 14 - 0.05 1.72 41816
aoULAV 1e5 5 14 - 0.04 1.72 43572
aoD2AG 1e5 5 14 - 0.05 1.86 53560
aoD2SG 1e5 5 14 - 0.05 2.04 53200
dry 1e3 2 126 - 0.02 0.12 27952
aoDLAV 1e3 2 126 - 0.02 0.15 30280
aoULAV 1e3 2 126 - 0.03 0.14 30296
aoD2AG 1e3 2 126 - 0.02 0.15 30532
aoD2SG 1e3 2 126 - 0.03 0.15 30552
moore 1e3 2 126 - 0.05 4.12 59768
nbpm 1e3 2 126 - 0.12 4.17 138552
greedy 1e3 2 126 - 0.08 1.08 139244
dry 56e4 2 121 - 0.04 0.19 41108
aoDLAV 56e4 2 121 - 0.07 2.17 107988
aoULAV 56e4 2 121 - 0.07 2.31 107984
aoD2AG 56e4 2 121 - 0.13 3.21 139008
aoD2SG 56e4 2 121 - 0.13 3.59 144276
dry 1e6 10 102 - 0.08 0.41 112236
aoDLAV 1e6 10 102 - 0.82 400.37 369884
aoULAV 1e6 10 102 - 0.30 346.13 369888
aoD2AG 1e6 10 102 - 0.41 354.22 448480
aoD2SG 1e6 10 102 - 0.45 414.85 458032
dry 56e4 2 40 - 0.04 0.17 41104
aoDLAV 56e4 2 40 - 0.08 2.05 107988
aoULAV 56e4 2 40 - 0.08 2.13 107984
aoD2AG 56e4 2 40 - 0.11 3.04 139052
aoD2SG 56e4 2 40 - 0.12 3.36 145604
dry 5e4 5 34 - 0.03 0.13 30684
aoDLAV 5e4 5 34 - 0.03 0.73 34708
aoULAV 5e4 5 34 - 0.03 0.74 34708
aoD2AG 5e4 5 34 - 0.04 0.78 37728
aoD2SG 5e4 5 34 - 0.04 0.87 37936
dry 1e1 2 94 - 0.02 0.12 25992
aoDLAV 1e1 2 94 - 0.03 0.14 30164
aoULAV 1e1 2 94 - 0.03 0.14 30172
aoD2AG 1e1 2 94 - 0.02 0.15 30316
aoD2SG 1e1 2 94 - 0.03 0.14 30320
moore 1e1 2 94 - 0.03 0.18 30484
nbpm 1e1 2 94 - 0.07 2.15 49824
greedy 1e1 2 94 - 0.03 0.14 30124
dry 1e3 5 148 - 0.03 0.10 26060
aoDLAV 1e3 5 148 - 0.03 0.14 30424
aoULAV 1e3 5 148 - 0.03 0.14 30440
aoD2AG 1e3 5 148 - 0.03 0.14 30740
aoD2SG 1e3 5 148 - 0.03 0.15 30760
moore 1e3 5 148 - 0.05 5.46 59800
nbpm 1e3 5 148 - 0.12 4.39 129244
greedy 1e3 5 148 - 0.08 1.01 139388
dry 1e2 2 108 - 0.02 0.11 25992
aoDLAV 1e2 2 108 - 0.02 0.14 30168
aoULAV 1e2 2 108 - 0.03 0.14 30180
aoD2AG 1e2 2 108 - 0.03 0.14 30336
aoD2SG 1e2 2 108 - 0.03 0.14 30340
moore 1e2 2 108 - 0.02 0.24 30488
nbpm 1e2 2 108 - 0.08 2.16 53008
greedy 1e2 2 108 - 0.03 0.15 30880
dry 1e2 10 18 - 0.03 0.11 26004
aoDLAV 1e2 10 18 - 0.02 0.15 30260
aoULAV 1e2 10 18 - 0.03 0.14 30276
aoD2AG 1e2 10 18 - 0.02 0.15 30440
aoD2SG 1e2 10 18 - 0.03 0.14 30444
moore 1e2 10 18 - 0.02 0.20 30500
nbpm 1e2 10 18 - 0.08 2.17 53076
greedy 1e2 10 18 - 0.03 0.14 30972
dry 56e1 2 63 - 0.02 0.11 26012
aoDLAV 56e1 2 63 - 0.03 0.14 30224
aoULAV 56e1 2 63 - 0.03 0.14 30232
aoD2AG 56e1 2 63 - 0.03 0.14 30420
aoD2SG 56e1 2 63 - 0.02 0.15 30424
moore 56e1 2 63 - 0.03 1.39 39652
nbpm 56e1 2 63 - 0.09 2.96 78704
greedy 56e1 2 63 - 0.05 0.39 64104
dry 250e2 2 63 - 0.02 0.12 27020
aoDLAV 250e2 2 63 - 0.03 0.19 31112
aoULAV 250e2 2 63 - 0.03 0.21 31212
aoD2AG 250e2 2 63 - 0.03 0.23 33860
aoD2SG 250e2 2 63 - 0.03 0.24 33968
dry 32e3 2 25 - 0.02 0.12 27296
aoDLAV 32e3 2 25 - 0.03 0.22 31436
aoULAV 32e3 2 25 - 0.03 0.22 32148
aoD2AG 32e3 2 25 - 0.03 0.25 35024
aoD2SG 32e3 2 25 - 0.02 0.27 34788
dry 5e4 10 249 - 0.03 0.13 33892
aoDLAV 5e4 10 249 - 0.04 8.04 40200
aoULAV 5e4 10 249 - 0.05 7.74 40200
aoD2AG 5e4 10 249 - 0.04 7.58 44984
aoD2SG 5e4 10 249 - 0.04 8.59 44996
dry 400e2 2 10 - 0.03 0.12 29368
aoDLAV 400e2 2 10 - 0.02 0.25 32236
aoULAV 400e2 2 10 - 0.03 0.25 33112
aoD2AG 400e2 2 10 - 0.03 0.29 36080
aoD2SG 400e2 2 10 - 0.04 0.32 35932
dry 1e2 10 48 - 0.02 0.12 26008
aoDLAV 1e2 10 48 - 0.02 0.15 30260
aoULAV 1e2 10 48 - 0.02 0.15 30272
aoD2AG 1e2 10 48 - 0.03 0.14 30440
aoD2SG 1e2 10 48 - 0.02 0.15 30448
moore 1e2 10 48 - 0.03 0.24 30496
nbpm 1e2 10 48 - 0.07 2.18 53076
greedy 1e2 10 48 - 0.03 0.14 30976
dry 18e1 2 17 - 0.02 0.12 27952
aoDLAV 18e1 2 17 - 0.03 0.14 30184
aoULAV 18e1 2 17 - 0.02 0.15 30196
aoD2AG 18e1 2 17 - 0.02 0.14 30360
aoD2SG 18e1 2 17 - 0.02 0.15 30364
moore 18e1 2 17 - 0.03 0.42 30488
nbpm 18e1 2 17 - 0.08 2.19 54436
greedy 18e1 2 17 - 0.03 0.16 33348
dry 1e6 2 125 - 0.04 0.20 49704
aoDLAV 1e6 2 125 - 0.12 3.87 178456
aoULAV 1e6 2 125 - 0.12 4.09 178460
aoD2AG 1e6 2 125 - 0.17 5.79 234020
aoD2SG 1e6 2 125 - 0.18 6.36 242732
dry 1e5 2 217 - 0.03 0.13 29992
aoDLAV 1e5 2 217 - 0.03 0.44 34800
aoULAV 1e5 2 217 - 0.03 0.45 35324
aoD2AG 1e5 2 217 - 0.04 0.56 42668
aoD2SG 1e5 2 217 - 0.04 0.70 43804
dry 5e4 10 20 - 0.03 0.14 33892
aoDLAV 5e4 10 20 - 0.04 8.38 40200
aoULAV 5e4 10 20 - 0.04 8.14 40200
aoD2AG 5e4 10 20 - 0.05 8.21 44980
aoD2SG 5e4 10 20 - 0.04 9.03 45000
dry 325e2 2 67 - 0.02 0.12 27316
aoDLAV 325e2 2 67 - 0.03 0.21 31372
aoULAV 325e2 2 67 - 0.02 0.21 32084
aoD2AG 325e2 2 67 - 0.03 0.24 35000
aoD2SG 325e2 2 67 - 0.03 0.26 34760
dry 225e2 2 71 - 0.02 0.12 26924
aoDLAV 225e2 2 71 - 0.02 0.20 30980
aoULAV 225e2 2 71 - 0.03 0.19 30992
aoD2AG 225e2 2 71 - 0.02 0.21 33372
aoD2SG 225e2 2 71 - 0.02 0.22 33464
dry 1e2 5 247 - 0.02 0.11 26000
aoDLAV 1e2 5 247 - 0.02 0.14 30212
aoULAV 1e2 5 247 - 0.02 0.14 30224
aoD2AG 1e2 5 247 - 0.02 0.14 30388
aoD2SG 1e2 5 247 - 0.03 0.13 30388
moore 1e2 5 247 - 0.02 0.24 30492
nbpm 1e2 5 247 - 0.07 2.12 53016
greedy 1e2 5 247 - 0.02 0.15 30920
dry 18e1 2 231 - 0.02 0.11 26004
aoDLAV 18e1 2 231 - 0.03 0.14 30188
aoULAV 18e1 2 231 - 0.02 0.14 30196
aoD2AG 18e1 2 231 - 0.03 0.13 30356
aoD2SG 18e1 2 231 - 0.02 0.14 30364
moore 18e1 2 231 - 0.02 0.27 30488
nbpm 18e1 2 231 - 0.07 2.12 54436
greedy 18e1 2 231 - 0.03 0.16 33348
dry 5e4 5 93 - 0.02 0.13 31016
aoDLAV 5e4 5 93 - 0.02 0.70 34704
aoULAV 5e4 5 93 - 0.03 0.70 34704
aoD2AG 5e4 5 93 - 0.03 0.77 37728
aoD2SG 5e4 5 93 - 0.04 0.89 37936
dry 1e3 10 29 - 0.02 0.12 26136
aoDLAV 1e3 10 29 - 0.02 0.17 30656
aoULAV 1e3 10 29 - 0.03 0.16 30664
aoD2AG 1e3 10 29 - 0.03 0.16 31068
aoD2SG 1e3 10 29 - 0.03 0.16 31080
moore 1e3 10 29 - 0.04 5.56 59844
nbpm 1e3 10 29 - 0.11 4.74 136140
greedy 1e3 10 29 - 0.09 1.15 139616
dry 1e2 2 201 - 0.02 0.12 25996
aoDLAV 1e2 2 201 - 0.03 0.14 30172
aoULAV 1e2 2 201 - 0.02 0.15 30180
aoD2AG 1e2 2 201 - 0.01 0.16 30336
aoD2SG 1e2 2 201 - 0.03 0.14 30344
moore 1e2 2 201 - 0.02 0.22 30484
nbpm 1e2 2 201 - 0.08 2.11 53000
greedy 1e2 2 201 - 0.03 0.14 30880
dry 5e4 5 151 - 0.03 0.13 31780
aoDLAV 5e4 5 151 - 0.03 0.70 34704
aoULAV 5e4 5 151 - 0.03 0.72 34704
aoD2AG 5e4 5 151 - 0.04 0.74 37728
aoD2SG 5e4 5 151 - 0.03 0.83 37936
dry 18e1 2 147 - 0.02 0.12 26004
aoDLAV 18e1 2 147 - 0.03 0.14 30188
aoULAV 18e1 2 147 - 0.02 0.14 30196
aoD2AG 18e1 2 147 - 0.03 0.14 30356
aoD2SG 18e1 2 147 - 0.03 0.14 30364
moore 18e1 2 147 - 0.04 0.25 30488
nbpm 18e1 2 147 - 0.10 2.13 54432
greedy 18e1 2 147 - 0.02 0.16 33348
dry 5e4 10 116 - 0.03 0.14 33888
aoDLAV 5e4 10 116 - 0.04 7.28 40200
aoULAV 5e4 10 116 - 0.04 6.97 40200
aoD2AG 5e4 10 116 - 0.05 7.33 44980
aoD2SG 5e4 10 116 - 0.05 8.15 45000
dry 32e1 2 69 - 0.02 0.12 26004
aoDLAV 32e1 2 69 - 0.03 0.14 30196
aoULAV 32e1 2 69 - 0.02 0.14 30208
aoD2AG 32e1 2 69 - 0.02 0.15 30380
aoD2SG 32e1 2 69 - 0.02 0.15 30384
moore 32e1 2 69 - 0.03 0.59 33680
nbpm 32e1 2 69 - 0.11 2.31 58300
greedy 32e1 2 69 - 0.04 0.20 40972
dry 350e2 2 111 - 0.03 0.11 27416
aoDLAV 350e2 2 111 - 0.03 0.22 31484
aoULAV 350e2 2 111 - 0.03 0.23 32264
aoD2AG 350e2 2 111 - 0.02 0.27 34848
aoD2SG 350e2 2 111 - 0.03 0.28 35136
dry 56e1 2 124 - 0.02 0.12 26012
aoDLAV 56e1 2 124 - 0.03 0.13 30224
aoULAV 56e1 2 124 - 0.03 0.14 30236
aoD2AG 56e1 2 124 - 0.03 0.14 30416
aoD2SG 56e1 2 124 - 0.02 0.15 30428
moore 56e1 2 124 - 0.03 0.94 39684
nbpm 56e1 2 124 - 0.09 2.89 78700
greedy 56e1 2 124 - 0.03 0.39 64104
dry 1e2 5 148 - 0.02 0.12 26000
aoDLAV 1e2 5 148 - 0.02 0.15 30216
aoULAV 1e2 5 148 - 0.02 0.15 30228
aoD2AG 1e2 5 148 - 0.03 0.14 30384
aoD2SG 1e2 5 148 - 0.03 0.14 30388
moore 1e2 5 148 - 0.03 0.22 30492
nbpm 1e2 5 148 - 0.09 2.11 53016
greedy 1e2 5 148 - 0.03 0.14 30924
dry 325e2 2 147 - 0.02 0.12 27316
aoDLAV 325e2 2 147 - 0.02 0.23 31372
aoULAV 325e2 2 147 - 0.02 0.23 32084
aoD2AG 325e2 2 147 - 0.04 0.24 35020
aoD2SG 325e2 2 147 - 0.04 0.25 34760
dry 5e4 5 167 - 0.03 0.13 31600
aoDLAV 5e4 5 167 - 0.03 0.70 34720
aoULAV 5e4 5 167 - 0.04 0.70 34704
aoD2AG 5e4 5 167 - 0.04 0.75 37724
aoD2SG 5e4 5 167 - 0.03 0.83 37940
dry 5e4 10 64 - 0.03 0.13 33892
aoDLAV 5e4 10 64 - 0.03 7.29 40200
aoULAV 5e4 10 64 - 0.04 7.36 40204
aoD2AG 5e4 10 64 - 0.04 7.37 44980
aoD2SG 5e4 10 64 - 0.05 8.16 44996
dry 56e4 2 234 - 0.04 0.18 41104
aoDLAV 56e4 2 234 - 0.07 2.00 107988
aoULAV 56e4 2 234 - 0.09 2.02 107988
aoD2AG 56e4 2 234 - 0.12 2.92 140084
aoD2SG 56e4 2 234 - 0.11 3.28 144068
dry 1e5 2 36 - 0.02 0.14 31700
aoDLAV 1e5 2 36 - 0.03 0.43 34800
aoULAV 1e5 2 36 - 0.04 0.43 35320
aoD2AG 1e5 2 36 - 0.04 0.55 42600
aoD2SG 1e5 2 36 - 0.04 0.63 43800
dry 18e1 2 87 - 0.02 0.11 26004
aoDLAV 18e1 2 87 - 0.02 0.14 30188
aoULAV 18e1 2 87 - 0.02 0.14 30200
aoD2AG 18e1 2 87 - 0.03 0.14 30360
aoD2SG 18e1 2 87 - 0.03 0.14 30364
moore 18e1 2 87 - 0.02 0.36 30488
nbpm 18e1 2 87 - 0.10 2.13 54436
greedy 18e1 2 87 - 0.03 0.16 33348
dry 32e1 2 35 - 0.03 0.11 26004
aoDLAV 32e1 2 35 - 0.02 0.14 30196
aoULAV 32e1 2 35 - 0.03 0.14 30208
aoD2AG 32e1 2 35 - 0.03 0.14 30376
aoD2SG 32e1 2 35 - 0.03 0.14 30384
moore 32e1 2 35 - 0.04 0.82 33676
nbpm 32e1 2 35 - 0.08 2.33 58300
greedy 32e1 2 35 - 0.03 0.21 40976
dry 375e2 2 58 - 0.03 0.12 27516
aoDLAV 375e2 2 58 - 0.03 0.22 31784
aoULAV 375e2 2 58 - 0.03 0.23 32604
aoD2AG 375e2 2 58 - 0.02 0.27 35520
aoD2SG 375e2 2 58 - 0.03 0.28 35528
dry 56e1 2 46 - 0.02 0.11 26008
aoDLAV 56e1 2 46 - 0.03 0.14 30220
aoULAV 56e1 2 46 - 0.03 0.14 30232
aoD2AG 56e1 2 46 - 0.03 0.14 30416
aoD2SG 56e1 2 46 - 0.02 0.15 30424
moore 56e1 2 46 - 0.03 1.76 39656
nbpm 56e1 2 46 - 0.09 2.88 78704
greedy 56e1 2 46 - 0.05 0.37 64108
dry 1e5 2 28 - 0.03 0.13 31604
aoDLAV 1e5 2 28 - 0.04 0.43 34800
aoULAV 1e5 2 28 - 0.05 0.42 35324
aoD2AG 1e5 2 28 - 0.04 0.55 42808
aoD2SG 1e5 2 28 - 0.04 0.62 43800
dry 325e2 2 232 - 0.02 0.12 27320
aoDLAV 325e2 2 232 - 0.02 0.22 31372
aoULAV 325e2 2 232 - 0.03 0.22 32088
aoD2AG 325e2 2 232 - 0.03 0.25 35000
aoD2SG 325e2 2 232 - 0.04 0.25 34760
dry 250e2 2 89 - 0.03 0.12 27024
aoDLAV 250e2 2 89 - 0.02 0.20 31108
aoULAV 250e2 2 89 - 0.02 0.21 31212
aoD2AG 250e2 2 89 - 0.04 0.21 33860
aoD2SG 250e2 2 89 - 0.03 0.23 33968
dry 5e4 10 61 - 0.03 0.14 33888
aoDLAV 5e4 10 61 - 0.04 7.14 40200
aoULAV 5e4 10 61 - 0.04 7.34 40200
aoD2AG 5e4 10 61 - 0.04 8.15 44980
aoD2SG 5e4 10 61 - 0.05 9.08 45000
dry 400e2 2 77 - 0.02 0.12 27616
aoDLAV 400e2 2 77 - 0.03 0.24 32236
aoULAV 400e2 2 77 - 0.03 0.25 33112
aoD2AG 400e2 2 77 - 0.04 0.28 36072
aoD2SG 400e2 2 77 - 0.04 0.30 35932
dry 300e2 2 206 - 0.02 0.12 27216
aoDLAV 300e2 2 206 - 0.02 0.22 31296
aoULAV 300e2 2 206 - 0.03 0.22 31892
aoD2AG 300e2 2 206 - 0.04 0.24 35056
aoD2SG 300e2 2 206 - 0.03 0.26 34716
dry 300e2 2 22 - 0.02 0.12 27216
aoDLAV 300e2 2 22 - 0.02 0.22 31296
aoULAV 300e2 2 22 - 0.03 0.22 31892
aoD2AG 300e2 2 22 - 0.02 0.25 35056
aoD2SG 300e2 2 22 - 0.04 0.25 34716
dry 1e3 5 65 - 0.02 0.12 28092
aoDLAV 1e3 5 65 - 0.03 0.14 30428
aoULAV 1e3 5 65 - 0.03 0.14 30436
aoD2AG 1e3 5 65 - 0.02 0.15 30756
aoD2SG 1e3 5 65 - 0.03 0.15 30768
moore 1e3 5 65 - 0.04 2.88 59828
nbpm 1e3 5 65 - 0.12 4.42 129244
greedy 1e3 5 65 - 0.10 1.03 139388
dry 1e5 5 192 - 0.03 0.14 34524
aoDLAV 1e5 5 192 - 0.04 1.57 41816
aoULAV 1e5 5 192 - 0.03 1.55 43568
aoD2AG 1e5 5 192 - 0.05 1.61 53560
aoD2SG 1e5 5 192 - 0.04 1.84 53200
dry 5e4 2 180 - 0.02 0.12 29488
aoDLAV 5e4 2 180 - 0.03 0.26 33028
aoULAV 5e4 2 180 - 0.02 0.28 33312
aoD2AG 5e4 2 180 - 0.03 0.32 36408
aoD2SG 5e4 2 180 - 0.04 0.35 36424
dry 5e4 5 160 - 0.03 0.13 30856
aoDLAV 5e4 5 160 - 0.02 0.70 34708
aoULAV 5e4 5 160 - 0.03 0.69 34704
aoD2AG 5e4 5 160 - 0.03 0.75 37724
aoD2SG 5e4 5 160 - 0.04 0.83 37940
dry 1e5 2 2 - 0.02 0.13 30740
aoDLAV 1e5 2 2 - 0.04 0.44 34804
aoULAV 1e5 2 2 - 0.04 0.46 35320
aoD2AG 1e5 2 2 - 0.04 0.58 42600
aoD2SG 1e5 2 2 - 0.04 0.61 43796
dry 350e2 2 155 - 0.02 0.12 27416
aoDLAV 350e2 2 155 - 0.02 0.22 31480
aoULAV 350e2 2 155 - 0.04 0.21 32260
aoD2AG 350e2 2 155 - 0.03 0.26 34848
aoD2SG 350e2 2 155 - 0.03 0.28 35132
dry 18e4 2 202 - 0.04 0.13 33104
aoDLAV 18e4 2 202 - 0.04 0.73 47860
aoULAV 18e4 2 202 - 0.05 0.83 47860
aoD2AG 18e4 2 202 - 0.05 0.93 58640
aoD2SG 18e4 2 202 - 0.06 1.04 59892
dry 300e2 2 146 - 0.02 0.12 27220
aoDLAV 300e2 2 146 - 0.03 0.21 31300
aoULAV 300e2 2 146 - 0.03 0.21 31892
aoD2AG 300e2 2 146 - 0.03 0.24 35064
aoD2SG 300e2 2 146 - 0.03 0.24 34716
dry 1e5 5 205 - 0.03 0.13 34504
aoDLAV 1e5 5 205 - 0.04 1.67 41816
aoULAV 1e5 5 205 - 0.03 1.70 43572
aoD2AG 1e5 5 205 - 0.04 1.62 53564
aoD2SG 1e5 5 205 - 0.04 1.78 53416
dry 1e3 10 54 - 0.03 0.11 28112
aoDLAV 1e3 10 54 - 0.03 0.15 30652
aoULAV 1e3 10 54 - 0.03 0.15 30664
aoD2AG 1e3 10 54 - 0.03 0.16 31088
aoD2SG 1e3 10 54 - 0.03 0.16 31104
moore 1e3 10 54 - 0.05 4.37 59840
nbpm 1e3 10 54 - 0.12 4.62 136140
greedy 1e3 10 54 - 0.07 1.01 139616
dry 1e5 5 179 - 0.02 0.14 34476
aoDLAV 1e5 5 179 - 0.05 1.47 41816
aoULAV 1e5 5 179 - 0.04 1.52 43568
aoD2AG 1e5 5 179 - 0.06 1.78 53944
aoD2SG 1e5 5 179 - 0.04 1.88 53196
dry 1e5 5 191 - 0.03 0.13 34476
aoDLAV 1e5 5 191 - 0.05 1.62 41816
aoULAV 1e5 5 191 - 0.05 1.64 43572
aoD2AG 1e5 5 191 - 0.05 1.78 53564
aoD2SG 1e5 5 191 - 0.05 2.00 53200
dry 1e6 5 235 - 0.05 0.27 73152
aoDLAV 1e6 5 235 - 0.16 18.57 252688
aoULAV 1e6 5 235 - 0.15 18.55 252688
aoD2AG 1e6 5 235 - 0.23 20.34 324024
aoD2SG 1e6 5 235 - 0.27 23.80 332148
dry 325e2 2 241 - 0.03 0.12 27316
aoDLAV 325e2 2 241 - 0.03 0.22 31376
aoULAV 325e2 2 241 - 0.03 0.24 32088
aoD2AG 325e2 2 241 - 0.04 0.26 35004
aoD2SG 325e2 2 241 - 0.03 0.28 34756
dry 32e3 2 18 - 0.02 0.12 29040
aoDLAV 32e3 2 18 - 0.02 0.23 31440
aoULAV 32e3 2 18 - 0.04 0.20 32148
aoD2AG 32e3 2 18 - 0.03 0.24 35024
aoD2SG 32e3 2 18 - 0.02 0.26 34788
dry 32e3 2 27 - 0.03 0.11 27296
aoDLAV 32e3 2 27 - 0.03 0.23 31436
aoULAV 32e3 2 27 - 0.03 0.23 32148
aoD2AG 32e3 2 27 - 0.03 0.26 35020
aoD2SG 32e3 2 27 - 0.03 0.28 34784
dry 56e4 2 150 - 0.03 0.19 41104
aoDLAV 56e4 2 150 - 0.09 2.20 107984
aoULAV 56e4 2 150 - 0.10 2.25 107984
aoD2AG 56e4 2 150 - 0.14 3.20 138808
aoD2SG 56e4 2 150 - 0.12 3.48 143708
dry 5e4 2 222 - 0.02 0.12 29596
aoDLAV 5e4 2 222 - 0.03 0.32 33008
aoULAV 5e4 2 222 - 0.03 0.28 33316
aoD2AG 5e4 2 222 - 0.04 0.33 36464
aoD2SG 5e4 2 222 - 0.04 0.36 36424
dry 5e4 2 155 - 0.02 0.12 28004
aoDLAV 5e4 2 155 - 0.02 0.28 33008
aoULAV 5e4 2 155 - 0.03 0.28 33312
aoD2AG 5e4 2 155 - 0.04 0.33 36408
aoD2SG 5e4 2 155 - 0.03 0.36 36424
dry 1e3 10 64 - 0.02 0.11 28168
aoDLAV 1e3 10 64 - 0.02 0.16 30704
aoULAV 1e3 10 64 - 0.03 0.15 30664
aoD2AG 1e3 10 64 - 0.03 0.16 31060
aoD2SG 1e3 10 64 - 0.02 0.17 31080
moore 1e3 10 64 - 0.04 5.43 59840
nbpm 1e3 10 64 - 0.12 4.82 136144
greedy 1e3 10 64 - 0.08 1.06 139616
dry 56e4 2 45 - 0.04 0.18 41104
aoDLAV 56e4 2 45 - 0.08 2.14 107984
aoULAV 56e4 2 45 - 0.08 2.33 107984
aoD2AG 56e4 2 45 - 0.13 3.18 138992
aoD2SG 56e4 2 45 - 0.12 3.57 144528
dry 1e6 5 2 - 0.05 0.28 73152
aoDLAV 1e6 5 2 - 0.17 28.03 252688
aoULAV 1e6 5 2 - 0.15 18.34 252688
aoD2AG 1e6 5 2 - 0.21 20.30 324384
aoD2SG 1e6 5 2 - 0.22 23.79 333324
dry 1e5 10 188 - 0.04 0.17 38396
aoDLAV 1e5 10 188 - 0.05 20.65 53536
aoULAV 1e5 10 188 - 0.06 23.85 55316
aoD2AG 1e5 10 188 - 0.06 23.70 62588
aoD2SG 1e5 10 188 - 0.14 27.32 66832
dry 1e2 2 81 - 0.02 0.12 25992
aoDLAV 1e2 2 81 - 0.02 0.15 30168
aoULAV 1e2 2 81 - 0.02 0.15 30180
aoD2AG 1e2 2 81 - 0.03 0.14 30328
aoD2SG 1e2 2 81 - 0.02 0.15 30340
moore 1e2 2 81 - 0.03 0.19 30484
nbpm 1e2 2 81 - 0.09 2.17 53000
greedy 1e2 2 81 - 0.02 0.15 30932
dry 32e4 2 203 - 0.03 0.17 36428
aoDLAV 32e4 2 203 - 0.06 1.28 70828
aoULAV 32e4 2 203 - 0.05 1.29 70840
aoD2AG 32e4 2 203 - 0.08 1.81 88568
aoD2SG 32e4 2 203 - 0.07 2.00 91736
dry 32e1 2 61 - 0.02 0.11 26000
aoDLAV 32e1 2 61 - 0.04 0.13 30196
aoULAV 32e1 2 61 - 0.02 0.15 30208
aoD2AG 32e1 2 61 - 0.02 0.15 30376
aoD2SG 32e1 2 61 - 0.04 0.13 30384
moore 32e1 2 61 - 0.03 0.55 33688
nbpm 32e1 2 61 - 0.09 2.40 58308
greedy 32e1 2 61 - 0.03 0.21 40972
dry 5e4 10 27 - 0.03 0.14 33892
aoDLAV 5e4 10 27 - 0.06 8.17 40200
aoULAV 5e4 10 27 - 0.08 8.20 40204
aoD2AG 5e4 10 27 - 0.05 8.37 44980
aoD2SG 5e4 10 27 - 0.08 9.33 44996
dry 1e5 2 44 - 0.04 0.12 31840
aoDLAV 1e5 2 44 - 0.04 0.45 34800
aoULAV 1e5 2 44 - 0.03 0.46 35324
aoD2AG 1e5 2 44 - 0.04 0.59 42600
aoD2SG 1e5 2 44 - 0.04 0.66 43804
dry 325e2 2 242 - 0.03 0.11 27316
aoDLAV 325e2 2 242 - 0.03 0.23 31376
aoULAV 325e2 2 242 - 0.03 0.22 32084
aoD2AG 325e2 2 242 - 0.03 0.25 35004
aoD2SG 325e2 2 242 - 0.04 0.28 34760
dry 325e2 2 200 - 0.03 0.12 27316
aoDLAV 325e2 2 200 - 0.02 0.23 31372
aoULAV 325e2 2 200 - 0.03 0.23 32088
aoD2AG 325e2 2 200 - 0.03 0.26 35004
aoD2SG 325e2 2 200 - 0.03 0.27 34760
dry 1e6 2 74 - 0.05 0.19 49708
aoDLAV 1e6 2 74 - 0.10 3.87 178456
aoULAV 1e6 2 74 - 0.12 4.06 178456
aoD2AG 1e6 2 74 - 0.16 5.85 235880
aoD2SG 1e6 2 74 - 0.18 6.55 242204
dry 1e6 2 184 - 0.04 0.19 49704
aoDLAV 1e6 2 184 - 0.11 4.40 178456
aoULAV 1e6 2 184 - 0.11 3.73 178456
aoD2AG 1e6 2 184 - 0.16 5.29 234100
aoD2SG 1e6 2 184 - 0.20 5.95 241080
dry 1e6 5 73 - 0.05 0.27 73156
aoDLAV 1e6 5 73 - 0.16 17.81 252804
aoULAV 1e6 5 73 - 0.15 18.09 252688
aoD2AG 1e6 5 73 - 0.21 19.53 323764
aoD2SG 1e6 5 73 - 0.18 23.15 332584
dry 1e2 5 152 - 0.03 0.11 25996
aoDLAV 1e2 5 152 - 0.03 0.14 30212
aoULAV 1e2 5 152 - 0.04 0.13 30224
aoD2AG 1e2 5 152 - 0.02 0.15 30384
aoD2SG 1e2 5 152 - 0.03 0.14 30388
moore 1e2 5 152 - 0.03 0.19 30492
nbpm 1e2 5 152 - 0.07 2.20 53020
greedy 1e2 5 152 - 0.02 0.15 30920
dry 18e4 2 133 - 0.02 0.14 33104
aoDLAV 18e4 2 133 - 0.03 0.80 47864
aoULAV 18e4 2 133 - 0.03 0.82 47860
aoD2AG 18e4 2 133 - 0.06 1.04 58844
aoD2SG 18e4 2 133 - 0.05 1.14 60352
dry 1e3 2 22 - 0.02 0.12 26024
aoDLAV 1e3 2 22 - 0.02 0.15 30280
aoULAV 1e3 2 22 - 0.03 0.14 30292
aoD2AG 1e3 2 22 - 0.02 0.15 30536
aoD2SG 1e3 2 22 - 0.03 0.14 30560
moore 1e3 2 22 - 0.04 3.53 59804
nbpm 1e3 2 22 - 0.12 3.96 138560
greedy 1e3 2 22 - 0.09 0.98 139244
dry 18e1 2 221 - 0.02 0.12 26004
aoDLAV 18e1 2 221 - 0.02 0.14 30184
aoULAV 18e1 2 221 - 0.03 0.13 30196
aoD2AG 18e1 2 221 - 0.02 0.16 30356
aoD2SG 18e1 2 221 - 0.02 0.15 30364
moore 18e1 2 221 - 0.03 0.33 30496
nbpm 18e1 2 221 - 0.10 2.29 54448
greedy 18e1 2 221 - 0.03 0.15 33348
dry 1e2 2 121 - 0.02 0.12 25992
aoDLAV 1e2 2 121 - 0.02 0.14 30168
aoULAV 1e2 2 121 - 0.02 0.15 30180
aoD2AG 1e2 2 121 - 0.03 0.14 30344
aoD2SG 1e2 2 121 - 0.03 0.14 30344
moore 1e2 2 121 - 0.02 0.20 30488
nbpm 1e2 2 121 - 0.06 2.20 53008
greedy 1e2 2 121 - 0.04 0.14 30880
dry 1e6 2 91 - 0.04 0.20 49704
aoDLAV 1e6 2 91 - 0.12 3.94 178456
aoULAV 1e6 2 91 - 0.13 4.22 178456
aoD2AG 1e6 2 91 - 0.17 5.94 234504
aoD2SG 1e6 2 91 - 0.21 6.49 241252
dry 56e1 2 121 - 0.02 0.11 26008
aoDLAV 56e1 2 121 - 0.03 0.14 30220
aoULAV 56e1 2 121 - 0.02 0.15 30232
aoD2AG 56e1 2 121 - 0.03 0.14 30416
aoD2SG 56e1 2 121 - 0.03 0.14 30424
moore 56e1 2 121 - 0.03 1.32 39664
nbpm 56e1 2 121 - 0.11 3.30 78712
greedy 56e1 2 121 - 0.04 0.37 64152
dry 1e3 2 80 - 0.03 0.11 26024
aoDLAV 1e3 2 80 - 0.03 0.14 30280
aoULAV 1e3 2 80 - 0.02 0.14 30296
aoD2AG 1e3 2 80 - 0.03 0.13 30540
aoD2SG 1e3 2 80 - 0.02 0.14 30560
moore 1e3 2 80 - 0.04 2.01 59804
nbpm 1e3 2 80 - 0.13 4.34 138564
greedy 1e3 2 80 - 0.08 1.08 139244
dry 1e2 10 185 - 0.02 0.12 26008
aoDLAV 1e2 10 185 - 0.03 0.14 30260
aoULAV 1e2 10 185 - 0.03 0.15 30276
aoD2AG 1e2 10 185 - 0.02 0.15 30440
aoD2SG 1e2 10 185 - 0.03 0.15 30444
moore 1e2 10 185 - 0.02 0.21 30500
nbpm 1e2 10 185 - 0.08 2.09 53076
greedy 1e2 10 185 - 0.03 0.14 30972
dry 56e3 2 210 - 0.03 0.11 28236
aoDLAV 56e3 2 210 - 0.03 0.29 33476
aoULAV 56e3 2 210 - 0.03 0.30 34700
aoD2AG 56e3 2 210 - 0.04 0.39 37280
aoD2SG 56e3 2 210 - 0.03 0.40 37300
dry 300e2 2 230 - 0.02 0.12 27216
aoDLAV 300e2 2 230 - 0.03 0.21 31296
aoULAV 300e2 2 230 - 0.03 0.22 31952
aoD2AG 300e2 2 230 - 0.04 0.26 35060
aoD2SG 300e2 2 230 - 0.03 0.26 34720
dry 32e1 2 169 - 0.02 0.12 26004
aoDLAV 32e1 2 169 - 0.03 0.14 30196
aoULAV 32e1 2 169 - 0.04 0.13 30208
aoD2AG 32e1 2 169 - 0.03 0.14 30376
aoD2SG 32e1 2 169 - 0.03 0.14 30384
moore 32e1 2 169 - 0.03 0.74 33676
nbpm 32e1 2 169 - 0.10 2.43 58300
greedy 32e1 2 169 - 0.04 0.21 40976
dry 1e6 10 146 - 0.06 0.41 112232
aoDLAV 1e6 10 146 - 0.20 384.41 369948
aoULAV 1e6 10 146 - 0.30 373.89 369888
aoD2AG 1e6 10 146 - 0.42 375.86 447260
aoD2SG 1e6 10 146 - 0.41 464.91 458068
dry 5e4 5 191 - 0.03 0.13 31928
aoDLAV 5e4 5 191 - 0.02 0.78 34704
aoULAV 5e4 5 191 - 0.03 0.78 34704
aoD2AG 5e4 5 191 - 0.03 0.83 37728
aoD2SG 5e4 5 191 - 0.04 0.90 37940
dry 1e2 5 136 - 0.02 0.12 25996
aoDLAV 1e2 5 136 - 0.02 0.14 30212
aoULAV 1e2 5 136 - 0.02 0.15 30228
aoD2AG 1e2 5 136 - 0.03 0.14 30384
aoD2SG 1e2 5 136 - 0.03 0.14 30388
moore 1e2 5 136 - 0.03 0.20 30496
nbpm 1e2 5 136 - 0.09 2.18 53016
greedy 1e2 5 136 - 0.02 0.15 30920
dry 32e4 2 217 - 0.03 0.17 36424
aoDLAV 32e4 2 217 - 0.08 1.25 70828
aoULAV 32e4 2 217 - 0.07 1.28 70844
aoD2AG 32e4 2 217 - 0.08 1.80 88124
aoD2SG 32e4 2 217 - 0.07 2.04 90660
dry 1e1 2 126 - 0.03 0.12 25992
aoDLAV 1e1 2 126 - 0.03 0.14 30160
aoULAV 1e1 2 126 - 0.03 0.14 30172
aoD2AG 1e1 2 126 - 0.03 0.14 30316
aoD2SG 1e1 2 126 - 0.03 0.14 30320
moore 1e1 2 126 - 0.02 0.18 30488
nbpm 1e1 2 126 - 0.06 2.17 49828
greedy 1e1 2 126 - 0.03 0.14 30124
dry 325e2 2 150 - 0.02 0.12 27316
aoDLAV 325e2 2 150 - 0.03 0.22 31376
aoULAV 325e2 2 150 - 0.03 0.23 32088
aoD2AG 325e2 2 150 - 0.03 0.25 35004
aoD2SG 325e2 2 150 - 0.03 0.27 34760
dry 32e3 2 112 - 0.02 0.12 29344
aoDLAV 32e3 2 112 - 0.04 0.21 31440
aoULAV 32e3 2 112 - 0.03 0.23 32148
aoD2AG 32e3 2 112 - 0.02 0.26 35024
aoD2SG 32e3 2 112 - 0.03 0.27 34788
dry 300e2 2 123 - 0.03 0.11 28936
aoDLAV 300e2 2 123 - 0.03 0.22 31296
aoULAV 300e2 2 123 - 0.02 0.23 31892
aoD2AG 300e2 2 123 - 0.04 0.23 35056
aoD2SG 300e2 2 123 - 0.03 0.26 34716
dry 275e2 2 44 - 0.02 0.12 27124
aoDLAV 275e2 2 44 - 0.02 0.21 31244
aoULAV 275e2 2 44 - 0.03 0.21 31576
aoD2AG 275e2 2 44 - 0.03 0.23 34696
aoD2SG 275e2 2 44 - 0.03 0.25 34812
dry 1e2 5 149 - 0.02 0.12 26000
aoDLAV 1e2 5 149 - 0.02 0.15 30212
aoULAV 1e2 5 149 - 0.03 0.14 30224
aoD2AG 1e2 5 149 - 0.03 0.14 30384
aoD2SG 1e2 5 149 - 0.02 0.14 30388
moore 1e2 5 149 - 0.02 0.26 30492
nbpm 1e2 5 149 - 0.08 2.13 53016
greedy 1e2 5 149 - 0.02 0.15 30920
dry 1e5 2 153 - 0.02 0.14 31768
aoDLAV 1e5 2 153 - 0.04 0.45 34800
aoULAV 1e5 2 153 - 0.04 0.46 35324
aoD2AG 1e5 2 153 - 0.04 0.58 42604
aoD2SG 1e5 2 153 - 0.03 0.66 43944
dry 400e2 2 116 - 0.02 0.12 29428
aoDLAV 400e2 2 116 - 0.03 0.24 32240
aoULAV 400e2 2 116 - 0.03 0.24 33112
aoD2AG 400e2 2 116 - 0.04 0.28 36072
aoD2SG 400e2 2 116 - 0.04 0.29 35928
dry 375e2 2 160 - 0.03 0.11 29104
aoDLAV 375e2 2 160 - 0.03 0.23 31788
aoULAV 375e2 2 160 - 0.02 0.25 32608
aoD2AG 375e2 2 160 - 0.04 0.27 35520
aoD2SG 375e2 2 160 - 0.03 0.30 35532
dry 1e1 2 187 - 0.02 0.12 25992
aoDLAV 1e1 2 187 - 0.03 0.14 30160
aoULAV 1e1 2 187 - 0.02 0.15 30172
aoD2AG 1e1 2 187 - 0.03 0.14 30316
aoD2SG 1e1 2 187 - 0.02 0.14 30324
moore 1e1 2 187 - 0.02 0.19 30476
nbpm 1e1 2 187 - 0.07 2.17 49816
greedy 1e1 2 187 - 0.03 0.14 30124
dry 5e4 5 109 - 0.03 0.13 30988
aoDLAV 5e4 5 109 - 0.03 0.75 34708
aoULAV 5e4 5 109 - 0.03 0.77 34708
aoD2AG 5e4 5 109 - 0.04 0.80 37732
aoD2SG 5e4 5 109 - 0.03 0.91 37944
dry 350e2 2 35 - 0.03 0.11 27416
aoDLAV 350e2 2 35 - 0.02 0.23 31484
aoULAV 350e2 2 35 - 0.03 0.23 32260
aoD2AG 350e2 2 35 - 0.04 0.26 34852
aoD2SG 350e2 2 35 - 0.03 0.28 35132
dry 1e5 2 220 - 0.03 0.13 30488
aoDLAV 1e5 2 220 - 0.03 0.44 34800
aoULAV 1e5 2 220 - 0.03 0.45 35320
aoD2AG 1e5 2 220 - 0.03 0.58 42600
aoD2SG 1e5 2 220 - 0.05 0.63 43800
dry 1e6 10 233 - 0.09 0.39 112236
aoDLAV 1e6 10 233 - 0.20 380.77 369888
aoULAV 1e6 10 233 - 0.29 389.77 369884
aoD2AG 1e6 10 233 - 0.39 390.69 448456
aoD2SG 1e6 10 233 - 0.41 468.23 461560
dry 1e3 10 27 - 0.02 0.12 26140
aoDLAV 1e3 10 27 - 0.03 0.15 30652
aoULAV 1e3 10 27 - 0.03 0.16 30664
aoD2AG 1e3 10 27 - 0.03 0.15 31100
aoD2SG 1e3 10 27 - 0.03 0.16 31084
moore 1e3 10 27 - 0.05 1.98 59868
nbpm 1e3 10 27 - 0.11 4.85 136140
greedy 1e3 10 27 - 0.08 1.07 139620
dry 1e2 10 80 - 0.02 0.11 26004
aoDLAV 1e2 10 80 - 0.03 0.14 30264
aoULAV 1e2 10 80 - 0.02 0.15 30272
aoD2AG 1e2 10 80 - 0.03 0.14 30436
aoD2SG 1e2 10 80 - 0.03 0.14 30448
moore 1e2 10 80 - 0.03 0.19 30496
nbpm 1e2 10 80 - 0.09 2.17 53076
greedy 1e2 10 80 - 0.03 0.14 30988
dry 56e1 2 223 - 0.02 0.12 26008
aoDLAV 56e1 2 223 - 0.03 0.14 30220
aoULAV 56e1 2 223 - 0.03 0.14 30232
aoD2AG 56e1 2 223 - 0.03 0.14 30416
aoD2SG 56e1 2 223 - 0.03 0.14 30424
moore 56e1 2 223 - 0.03 1.86 39652
nbpm 56e1 2 223 - 0.09 2.90 78704
greedy 56e1 2 223 - 0.04 0.38 64104
dry 56e4 2 214 - 0.03 0.19 41104
aoDLAV 56e4 2 214 - 0.07 1.98 107984
aoULAV 56e4 2 214 - 0.09 2.85 107984
aoD2AG 56e4 2 214 - 0.10 2.97 138816
aoD2SG 56e4 2 214 - 0.11 3.31 143260
dry 275e2 2 248 - 0.02 0.12 27120
aoDLAV 275e2 2 248 - 0.03 0.22 31240
aoULAV 275e2 2 248 - 0.03 0.21 31568
aoD2AG 275e2 2 248 - 0.04 0.23 34692
aoD2SG 275e2 2 248 - 0.02 0.26 34816
dry 32e3 2 158 - 0.03 0.11 27952
aoDLAV 32e3 2 158 - 0.03 0.22 31436
aoULAV 32e3 2 158 - 0.03 0.22 32152
aoD2AG 32e3 2 158 - 0.03 0.26 35028
aoD2SG 32e3 2 158 - 0.04 0.26 34792
dry 1e2 10 147 - 0.02 0.12 26004
aoDLAV 1e2 10 147 - 0.02 0.15 30260
aoULAV 1e2 10 147 - 0.03 0.14 30272
aoD2AG 1e2 10 147 - 0.03 0.14 30440
aoD2SG 1e2 10 147 - 0.03 0.14 30448
moore 1e2 10 147 - 0.03 0.23 30496
nbpm 1e2 10 147 - 0.09 2.16 53076
greedy 1e2 10 147 - 0.02 0.15 30972
dry 32e1 2 95 - 0.03 0.11 26000
aoDLAV 32e1 2 95 - 0.03 0.14 30200
aoULAV 32e1 2 95 - 0.03 0.14 30216
aoD2AG 32e1 2 95 - 0.02 0.14 30376
aoD2SG 32e1 2 95 - 0.03 0.14 30384
moore 32e1 2 95 - 0.02 0.54 33676
nbpm 32e1 2 95 - 0.06 2.37 58300
greedy 32e1 2 95 - 0.04 0.21 41028
dry 225e2 2 135 - 0.02 0.12 28528
aoDLAV 225e2 2 135 - 0.03 0.20 30980
aoULAV 225e2 2 135 - 0.02 0.20 30996
aoD2AG 225e2 2 135 - 0.02 0.22 33372
aoD2SG 225e2 2 135 - 0.03 0.22 33464
dry 1e6 5 76 - 0.05 0.28 73152
aoDLAV 1e6 5 76 - 0.16 19.93 252688
aoULAV 1e6 5 76 - 0.16 19.99 252688
aoD2AG 1e6 5 76 - 0.20 21.81 323300
aoD2SG 1e6 5 76 - 0.25 26.00 332316
dry 18e1 2 59 - 0.03 0.11 26004
aoDLAV 18e1 2 59 - 0.03 0.14 30184
aoULAV 18e1 2 59 - 0.03 0.14 30196
aoD2AG 18e1 2 59 - 0.02 0.15 30360
aoD2SG 18e1 2 59 - 0.03 0.14 30368
moore 18e1 2 59 - 0.02 0.25 30500
nbpm 18e1 2 59 - 0.07 2.23 54444
greedy 18e1 2 59 - 0.02 0.17 33348
dry 1e3 10 243 - 0.03 0.12 26136
aoDLAV 1e3 10 243 - 0.03 0.15 30656
aoULAV 1e3 10 243 - 0.02 0.16 30664
aoD2AG 1e3 10 243 - 0.02 0.16 31072
aoD2SG 1e3 10 243 - 0.03 0.16 31092
moore 1e3 10 243 - 0.05 3.03 59868
nbpm 1e3 10 243 - 0.11 4.97 136144
greedy 1e3 10 243 - 0.11 1.04 139616
dry 32e4 2 154 - 0.04 0.16 36424
aoDLAV 32e4 2 154 - 0.07 1.24 70828
aoULAV 32e4 2 154 - 0.07 1.29 70844
aoD2AG 32e4 2 154 - 0.07 1.77 88332
aoD2SG 32e4 2 154 - 0.08 1.93 91740
dry 1e6 5 229 - 0.05 0.28 73152
aoDLAV 1e6 5 229 - 0.15 19.78 252688
aoULAV 1e6 5 229 - 0.14 19.93 252688
aoD2AG 1e6 5 229 - 0.22 22.15 324228
aoD2SG 1e6 5 229 - 0.20 25.77 333380
dry 250e2 2 51 - 0.02 0.12 30624
aoDLAV 250e2 2 51 - 0.03 0.20 31112
aoULAV 250e2 2 51 - 0.03 0.19 31212
aoD2AG 250e2 2 51 - 0.03 0.21 33860
aoD2SG 250e2 2 51 - 0.03 0.22 33968
dry 1e6 5 118 - 0.05 0.27 73156
aoDLAV 1e6 5 118 - 0.14 19.88 252692
aoULAV 1e6 5 118 - 0.14 20.10 252688
aoD2AG 1e6 5 118 - 0.23 22.02 325132
aoD2SG 1e6 5 118 - 0.23 26.05 332336
dry 1e6 10 245 - 0.08 0.43 112232
aoDLAV 1e6 10 245 - 0.20 535.23 369932
aoULAV 1e6 10 245 - 0.29 352.14 369888
aoD2AG 1e6 10 245 - 0.39 360.66 447280
aoD2SG 1e6 10 245 - 0.45 420.83 460584
