dry 56e1 2 132 - 0.03 0.16 28032
aoDLAV 56e1 2 132 - 0.02 0.15 30220
aoULAV 56e1 2 132 - 0.03 0.20 30232
aoD2AG 56e1 2 132 - 0.03 0.18 30416
aoD2SG 56e1 2 132 - 0.02 0.16 30424
moore 56e1 2 132 - 0.04 0.79 39688
nbpm 56e1 2 132 - 0.11 2.89 78712
greedy 56e1 2 132 - 0.04 0.38 64108
dry 1e3 2 176 - 0.02 0.09 26024
aoDLAV 1e3 2 176 - 0.02 0.12 30284
aoULAV 1e3 2 176 - 0.02 0.12 30292
aoD2AG 1e3 2 176 - 0.02 0.13 30532
aoD2SG 1e3 2 176 - 0.02 0.15 30552
moore 1e3 2 176 - 0.05 4.33 59768
nbpm 1e3 2 176 - 0.11 3.80 138552
greedy 1e3 2 176 - 0.07 0.87 139248
dry 5e4 2 216 - 0.03 0.09 28000
aoDLAV 5e4 2 216 - 0.03 0.21 33008
aoULAV 5e4 2 216 - 0.03 0.21 33312
aoD2AG 5e4 2 216 - 0.04 0.25 36412
aoD2SG 5e4 2 216 - 0.04 0.26 36428
dry 1e6 5 23 - 0.05 0.25 73152
aoDLAV 1e6 5 23 - 0.13 16.92 252688
aoULAV 1e6 5 23 - 0.12 16.80 252692
aoD2AG 1e6 5 23 - 0.37 19.03 322872
aoD2SG 1e6 5 23 - 0.21 23.43 331752
dry 1e2 2 168 - 0.01 0.13 25992
aoDLAV 1e2 2 168 - 0.02 0.15 30196
aoULAV 1e2 2 168 - 0.02 0.15 30184
aoD2AG 1e2 2 168 - 0.02 0.15 30336
aoD2SG 1e2 2 168 - 0.03 0.14 30348
moore 1e2 2 168 - 0.02 0.22 30480
nbpm 1e2 2 168 - 0.07 2.25 53000
greedy 1e2 2 168 - 0.02 0.14 30880
dry 56e4 2 101 - 0.03 0.20 41108
aoDLAV 56e4 2 101 - 0.09 2.10 107984
aoULAV 56e4 2 101 - 0.08 1.95 107984
aoD2AG 56e4 2 101 - 0.12 2.82 139024
aoD2SG 56e4 2 101 - 0.15 3.40 145664
dry 1e6 2 3 - 0.04 0.19 49704
aoDLAV 1e6 2 3 - 0.11 4.27 178460
aoULAV 1e6 2 3 - 0.19 3.98 178456
aoD2AG 1e6 2 3 - 0.22 5.81 233252
aoD2SG 1e6 2 3 - 0.20 6.54 242308
dry 1e3 10 181 - 0.02 0.12 26136
aoDLAV 1e3 10 181 - 0.03 0.16 30652
aoULAV 1e3 10 181 - 0.03 0.16 30668
aoD2AG 1e3 10 181 - 0.03 0.16 31100
aoD2SG 1e3 10 181 - 0.02 0.17 31080
moore 1e3 10 181 - 0.04 4.28 59840
nbpm 1e3 10 181 - 0.12 4.94 136144
greedy 1e3 10 181 - 0.08 1.07 139616
dry 250e2 2 219 - 0.03 0.12 28936
aoDLAV 250e2 2 219 - 0.02 0.20 31108
aoULAV 250e2 2 219 - 0.03 0.20 31216
aoD2AG 250e2 2 219 - 0.03 0.21 33860
aoD2SG 250e2 2 219 - 0.03 0.22 33964
dry 32e4 2 25 - 0.03 0.15 36476
aoDLAV 32e4 2 25 - 0.04 1.14 70828
aoULAV 32e4 2 25 - 0.05 1.14 70840
aoD2AG 32e4 2 25 - 0.06 1.81 88412
aoD2SG 32e4 2 25 - 0.08 1.95 90892
dry 1e2 10 142 - 0.02 0.12 26004
aoDLAV 1e2 10 142 - 0.02 0.14 30264
aoULAV 1e2 10 142 - 0.03 0.14 30272
aoD2AG 1e2 10 142 - 0.02 0.14 30440
aoD2SG 1e2 10 142 - 0.03 0.14 30448
moore 1e2 10 142 - 0.03 0.23 30496
nbpm 1e2 10 142 - 0.08 2.16 53076
greedy 1e2 10 142 - 0.03 0.14 30972
dry 1e2 5 78 - 0.02 0.12 25996
aoDLAV 1e2 5 78 - 0.02 0.14 30212
aoULAV 1e2 5 78 - 0.02 0.14 30224
aoD2AG 1e2 5 78 - 0.03 0.14 30384
aoD2SG 1e2 5 78 - 0.03 0.14 30388
moore 1e2 5 78 - 0.02 0.20 30492
nbpm 1e2 5 78 - 0.07 2.23 53016
greedy 1e2 5 78 - 0.03 0.14 30920
dry 275e2 2 218 - 0.02 0.12 27124
aoDLAV 275e2 2 218 - 0.02 0.21 31240
aoULAV 275e2 2 218 - 0.03 0.20 31576
aoD2AG 275e2 2 218 - 0.03 0.24 34696
aoD2SG 275e2 2 218 - 0.03 0.24 34812
dry 1e3 10 112 - 0.02 0.12 26140
aoDLAV 1e3 10 112 - 0.03 0.15 30652
aoULAV 1e3 10 112 - 0.03 0.16 30664
aoD2AG 1e3 10 112 - 0.02 0.16 31060
aoD2SG 1e3 10 112 - 0.03 0.16 31084
moore 1e3 10 112 - 0.04 5.54 59840
nbpm 1e3 10 112 - 0.13 4.72 136136
greedy 1e3 10 112 - 0.09 0.99 139616
dry 1e2 2 213 - 0.02 0.12 25992
aoDLAV 1e2 2 213 - 0.03 0.14 30168
aoULAV 1e2 2 213 - 0.03 0.14 30180
aoD2AG 1e2 2 213 - 0.02 0.15 30336
aoD2SG 1e2 2 213 - 0.02 0.15 30344
moore 1e2 2 213 - 0.03 0.21 30480
nbpm 1e2 2 213 - 0.09 2.16 53004
greedy 1e2 2 213 - 0.02 0.15 30880
dry 32e1 2 114 - 0.02 0.12 27952
aoDLAV 32e1 2 114 - 0.02 0.14 30196
aoULAV 32e1 2 114 - 0.03 0.14 30208
aoD2AG 32e1 2 114 - 0.03 0.14 30376
aoD2SG 32e1 2 114 - 0.04 0.13 30384
moore 32e1 2 114 - 0.02 0.43 33676
nbpm 32e1 2 114 - 0.07 2.35 58300
greedy 32e1 2 114 - 0.03 0.22 40972
dry 400e2 2 243 - 0.02 0.12 29168
aoDLAV 400e2 2 243 - 0.03 0.23 32268
aoULAV 400e2 2 243 - 0.02 0.25 33112
aoD2AG 400e2 2 243 - 0.03 0.28 36072
aoD2SG 400e2 2 243 - 0.04 0.29 35932
dry 350e2 2 167 - 0.02 0.12 27420
aoDLAV 350e2 2 167 - 0.03 0.23 31480
aoULAV 350e2 2 167 - 0.03 0.22 32260
aoD2AG 350e2 2 167 - 0.03 0.26 34852
aoD2SG 350e2 2 167 - 0.02 0.28 35132
dry 1e3 10 15 - 0.02 0.12 26136
aoDLAV 1e3 10 15 - 0.03 0.16 30692
aoULAV 1e3 10 15 - 0.03 0.16 30664
aoD2AG 1e3 10 15 - 0.03 0.16 31064
aoD2SG 1e3 10 15 - 0.03 0.16 31100
moore 1e3 10 15 - 0.05 2.62 59936
nbpm 1e3 10 15 - 0.11 4.73 136144
greedy 1e3 10 15 - 0.08 1.02 139616
dry 1e5 10 77 - 0.03 0.18 38396
aoDLAV 1e5 10 77 - 0.05 19.62 53540
aoULAV 1e5 10 77 - 0.06 20.17 55308
aoD2AG 1e5 10 77 - 0.05 20.06 62652
aoD2SG 1e5 10 77 - 0.06 22.54 66832
dry 1e6 5 175 - 0.05 0.27 73152
aoDLAV 1e6 5 175 - 0.15 17.82 252720
aoULAV 1e6 5 175 - 0.14 18.25 252688
aoD2AG 1e6 5 175 - 0.22 21.58 324320
aoD2SG 1e6 5 175 - 0.21 25.40 333556
dry 5e4 10 113 - 0.03 0.14 33888
aoDLAV 5e4 10 113 - 0.04 7.70 40204
aoULAV 5e4 10 113 - 0.04 8.05 40204
aoD2AG 5e4 10 113 - 0.05 8.28 44984
aoD2SG 5e4 10 113 - 0.08 8.81 45000
dry 5e4 2 107 - 0.03 0.12 31116
aoDLAV 5e4 2 107 - 0.02 0.27 33008
aoULAV 5e4 2 107 - 0.03 0.28 33312
aoD2AG 5e4 2 107 - 0.03 0.34 36408
aoD2SG 5e4 2 107 - 0.04 0.36 36424
dry 350e2 2 17 - 0.02 0.12 29228
aoDLAV 350e2 2 17 - 0.03 0.25 31480
aoULAV 350e2 2 17 - 0.02 0.23 32260
aoD2AG 350e2 2 17 - 0.02 0.26 34852
aoD2SG 350e2 2 17 - 0.04 0.26 35132
dry 32e1 2 197 - 0.02 0.11 26004
aoDLAV 32e1 2 197 - 0.02 0.14 30196
aoULAV 32e1 2 197 - 0.02 0.14 30208
aoD2AG 32e1 2 197 - 0.03 0.14 30380
aoD2SG 32e1 2 197 - 0.03 0.14 30388
moore 32e1 2 197 - 0.03 0.57 33740
nbpm 32e1 2 197 - 0.10 2.35 58308
greedy 32e1 2 197 - 0.03 0.21 40972
dry 5e4 10 10 - 0.03 0.13 33888
aoDLAV 5e4 10 10 - 0.04 7.84 40204
aoULAV 5e4 10 10 - 0.13 8.32 40200
aoD2AG 5e4 10 10 - 0.05 8.39 44984
aoD2SG 5e4 10 10 - 0.08 9.18 45000
dry 1e2 2 109 - 0.02 0.12 25996
aoDLAV 1e2 2 109 - 0.02 0.15 30168
aoULAV 1e2 2 109 - 0.02 0.15 30184
aoD2AG 1e2 2 109 - 0.02 0.14 30336
aoD2SG 1e2 2 109 - 0.03 0.13 30348
moore 1e2 2 109 - 0.03 0.20 30488
nbpm 1e2 2 109 - 0.08 2.20 53008
greedy 1e2 2 109 - 0.02 0.15 30880
dry 18e4 2 170 - 0.04 0.13 33104
aoDLAV 18e4 2 170 - 0.05 0.82 47860
aoULAV 18e4 2 170 - 0.05 0.79 47860
aoD2AG 18e4 2 170 - 0.05 1.11 58648
aoD2SG 18e4 2 170 - 0.06 1.15 60168
dry 18e4 2 141 - 0.03 0.14 33228
aoDLAV 18e4 2 141 - 0.07 0.78 47864
aoULAV 18e4 2 141 - 0.05 0.80 47864
aoD2AG 18e4 2 141 - 0.05 1.00 58712
aoD2SG 18e4 2 141 - 0.06 1.11 59848
dry 1e2 5 59 - 0.02 0.11 26000
aoDLAV 1e2 5 59 - 0.03 0.13 30212
aoULAV 1e2 5 59 - 0.03 0.14 30224
aoD2AG 1e2 5 59 - 0.03 0.14 30384
aoD2SG 1e2 5 59 - 0.03 0.14 30388
moore 1e2 5 59 - 0.03 0.21 30492
nbpm 1e2 5 59 - 0.08 2.30 53020
greedy 1e2 5 59 - 0.02 0.15 30952
dry 56e3 2 137 - 0.02 0.13 28236
aoDLAV 56e3 2 137 - 0.04 0.28 33480
aoULAV 56e3 2 137 - 0.03 0.30 34696
aoD2AG 56e3 2 137 - 0.03 0.37 37288
aoD2SG 56e3 2 137 - 0.03 0.40 37300
dry 5e4 10 78 - 0.03 0.14 33888
aoDLAV 5e4 10 78 - 0.04 8.01 40200
aoULAV 5e4 10 78 - 0.05 7.49 40204
aoD2AG 5e4 10 78 - 0.05 7.05 44980
aoD2SG 5e4 10 78 - 0.05 7.78 44996
dry 1e5 10 125 - 0.04 0.17 38396
aoDLAV 1e5 10 125 - 0.05 19.93 53536
aoULAV 1e5 10 125 - 0.05 20.41 55308
aoD2AG 1e5 10 125 - 0.05 20.10 62668
aoD2SG 1e5 10 125 - 0.06 22.92 66832
dry 225e2 2 228 - 0.02 0.13 26924
aoDLAV 225e2 2 228 - 0.03 0.19 30984
aoULAV 225e2 2 228 - 0.03 0.20 30992
aoD2AG 225e2 2 228 - 0.03 0.21 33368
aoD2SG 225e2 2 228 - 0.04 0.21 33464
dry 250e2 2 243 - 0.02 0.13 30628
aoDLAV 250e2 2 243 - 0.03 0.20 31108
aoULAV 250e2 2 243 - 0.03 0.19 31212
aoD2AG 250e2 2 243 - 0.02 0.22 33864
aoD2SG 250e2 2 243 - 0.03 0.23 33964
dry 275e2 2 81 - 0.03 0.11 27120
aoDLAV 275e2 2 81 - 0.03 0.20 31240
aoULAV 275e2 2 81 - 0.03 0.21 31572
aoD2AG 275e2 2 81 - 0.03 0.22 34696
aoD2SG 275e2 2 81 - 0.02 0.24 34812
dry 1e1 2 239 - 0.02 0.12 25992
aoDLAV 1e1 2 239 - 0.03 0.14 30164
aoULAV 1e1 2 239 - 0.02 0.15 30172
aoD2AG 1e1 2 239 - 0.03 0.14 30320
aoD2SG 1e1 2 239 - 0.03 0.15 30328
moore 1e1 2 239 - 0.03 0.18 30484
nbpm 1e1 2 239 - 0.09 2.34 49824
greedy 1e1 2 239 - 0.03 0.14 30124
dry 300e2 2 151 - 0.02 0.13 27216
aoDLAV 300e2 2 151 - 0.03 0.21 31296
aoULAV 300e2 2 151 - 0.03 0.22 31892
aoD2AG 300e2 2 151 - 0.03 0.24 35060
aoD2SG 300e2 2 151 - 0.03 0.26 34716
dry 5e4 10 11 - 0.03 0.15 33892
aoDLAV 5e4 10 11 - 0.04 7.94 40204
aoULAV 5e4 10 11 - 0.03 7.30 40204
aoD2AG 5e4 10 11 - 0.04 7.17 44980
aoD2SG 5e4 10 11 - 0.05 8.62 44996
dry 1e6 10 183 - 0.07 0.41 112232
aoDLAV 1e6 10 183 - 0.19 369.26 369892
aoULAV 1e6 10 183 - 0.31 514.23 369892
aoD2AG 1e6 10 183 - 0.40 353.18 447992
aoD2SG 1e6 10 183 - 0.42 414.85 457640
dry 5e4 5 113 - 0.02 0.14 31424
aoDLAV 5e4 5 113 - 0.03 0.76 34704
aoULAV 5e4 5 113 - 0.03 0.76 34704
aoD2AG 5e4 5 113 - 0.04 0.73 37724
aoD2SG 5e4 5 113 - 0.04 0.80 37936
dry 18e1 2 115 - 0.02 0.12 26004
aoDLAV 18e1 2 115 - 0.02 0.15 30188
aoULAV 18e1 2 115 - 0.02 0.15 30200
aoD2AG 18e1 2 115 - 0.03 0.14 30356
aoD2SG 18e1 2 115 - 0.03 0.15 30364
moore 18e1 2 115 - 0.03 0.31 30496
nbpm 18e1 2 115 - 0.08 2.24 54444
greedy 18e1 2 115 - 0.03 0.16 33348
dry 1e6 2 70 - 0.04 0.19 49704
aoDLAV 1e6 2 70 - 0.12 3.46 178456
aoULAV 1e6 2 70 - 0.14 4.15 178456
aoD2AG 1e6 2 70 - 0.16 4.95 233052
aoD2SG 1e6 2 70 - 0.19 5.64 241260
dry 5e4 10 143 - 0.03 0.14 33892
aoDLAV 5e4 10 143 - 0.04 8.53 40200
aoULAV 5e4 10 143 - 0.03 8.62 40200
aoD2AG 5e4 10 143 - 0.04 8.58 44980
aoD2SG 5e4 10 143 - 0.04 7.62 44996
dry 1e2 2 238 - 0.03 0.11 25992
aoDLAV 1e2 2 238 - 0.03 0.14 30168
aoULAV 1e2 2 238 - 0.04 0.13 30180
aoD2AG 1e2 2 238 - 0.02 0.15 30328
aoD2SG 1e2 2 238 - 0.02 0.15 30332
moore 1e2 2 238 - 0.02 0.22 30480
nbpm 1e2 2 238 - 0.10 2.18 53004
greedy 1e2 2 238 - 0.03 0.15 30884
dry 1e2 5 208 - 0.03 0.11 25996
aoDLAV 1e2 5 208 - 0.03 0.14 30212
aoULAV 1e2 5 208 - 0.03 0.14 30228
aoD2AG 1e2 5 208 - 0.03 0.14 30388
aoD2SG 1e2 5 208 - 0.03 0.14 30388
moore 1e2 5 208 - 0.03 0.24 30496
nbpm 1e2 5 208 - 0.07 2.23 53016
greedy 1e2 5 208 - 0.03 0.15 30920
dry 56e4 2 168 - 0.03 0.20 41108
aoDLAV 56e4 2 168 - 0.09 2.19 107984
aoULAV 56e4 2 168 - 0.08 2.29 107984
aoD2AG 56e4 2 168 - 0.13 3.21 139840
aoD2SG 56e4 2 168 - 0.12 4.28 143344
dry 400e2 2 204 - 0.02 0.13 29352
aoDLAV 400e2 2 204 - 0.03 0.25 32236
aoULAV 400e2 2 204 - 0.03 0.26 33112
aoD2AG 400e2 2 204 - 0.03 0.30 36076
aoD2SG 400e2 2 204 - 0.03 0.34 35932
dry 400e2 2 249 - 0.02 0.12 27616
aoDLAV 400e2 2 249 - 0.02 0.25 32240
aoULAV 400e2 2 249 - 0.03 0.25 33112
aoD2AG 400e2 2 249 - 0.04 0.28 36072
aoD2SG 400e2 2 249 - 0.03 0.28 35928
dry 1e5 5 137 - 0.02 0.14 34476
aoDLAV 1e5 5 137 - 0.05 1.80 41816
aoULAV 1e5 5 137 - 0.06 1.32 43576
aoD2AG 1e5 5 137 - 0.03 1.48 53824
aoD2SG 1e5 5 137 - 0.05 1.65 53200
dry 250e2 2 154 - 0.02 0.13 27020
aoDLAV 250e2 2 154 - 0.03 0.19 31108
aoULAV 250e2 2 154 - 0.02 0.21 31216
aoD2AG 250e2 2 154 - 0.03 0.22 33860
aoD2SG 250e2 2 154 - 0.03 0.23 33960
dry 375e2 2 108 - 0.02 0.12 30880
aoDLAV 375e2 2 108 - 0.02 0.22 31784
aoULAV 375e2 2 108 - 0.03 0.22 32604
aoD2AG 375e2 2 108 - 0.03 0.25 35520
aoD2SG 375e2 2 108 - 0.03 0.27 35524
dry 32e3 2 98 - 0.02 0.12 29328
aoDLAV 32e3 2 98 - 0.02 0.21 31436
aoULAV 32e3 2 98 - 0.03 0.21 32152
aoD2AG 32e3 2 98 - 0.03 0.25 35020
aoD2SG 32e3 2 98 - 0.03 0.27 34788
dry 56e3 2 96 - 0.02 0.12 28240
aoDLAV 56e3 2 96 - 0.03 0.30 33480
aoULAV 56e3 2 96 - 0.04 0.30 34700
aoD2AG 56e3 2 96 - 0.05 0.36 37284
aoD2SG 56e3 2 96 - 0.04 0.35 37300
dry 18e4 2 43 - 0.03 0.14 33108
aoDLAV 18e4 2 43 - 0.04 0.80 47864
aoULAV 18e4 2 43 - 0.03 0.73 47864
aoD2AG 18e4 2 43 - 0.05 0.90 58644
aoD2SG 18e4 2 43 - 0.05 0.99 59892
dry 5e4 10 137 - 0.03 0.13 33888
aoDLAV 5e4 10 137 - 0.04 6.13 40200
aoULAV 5e4 10 137 - 0.04 6.96 40200
aoD2AG 5e4 10 137 - 0.05 8.19 44984
aoD2SG 5e4 10 137 - 0.04 9.17 45000
dry 1e5 5 220 - 0.04 0.13 34476
aoDLAV 1e5 5 220 - 0.04 1.67 41816
aoULAV 1e5 5 220 - 0.04 1.65 43572
aoD2AG 1e5 5 220 - 0.06 1.80 53664
aoD2SG 1e5 5 220 - 0.06 2.02 53200
dry 1e1 2 155 - 0.02 0.12 25992
aoDLAV 1e1 2 155 - 0.03 0.15 30160
aoULAV 1e1 2 155 - 0.03 0.15 30172
aoD2AG 1e1 2 155 - 0.03 0.14 30368
aoD2SG 1e1 2 155 - 0.03 0.15 30320
moore 1e1 2 155 - 0.02 0.18 30480
nbpm 1e1 2 155 - 0.08 2.17 49816
greedy 1e1 2 155 - 0.03 0.14 30128
dry 1e5 5 28 - 0.04 0.13 34476
aoDLAV 1e5 5 28 - 0.04 1.49 41816
aoULAV 1e5 5 28 - 0.04 1.46 43568
aoD2AG 1e5 5 28 - 0.04 1.61 53560
aoD2SG 1e5 5 28 - 0.05 1.86 53304
dry 1e5 2 19 - 0.03 0.14 31372
aoDLAV 1e5 2 19 - 0.04 0.41 34804
aoULAV 1e5 2 19 - 0.03 0.42 35320
aoD2AG 1e5 2 19 - 0.03 0.55 42600
aoD2SG 1e5 2 19 - 0.04 0.66 43800
dry 56e4 2 23 - 0.03 0.18 41108
aoDLAV 56e4 2 23 - 0.08 2.79 107988
aoULAV 56e4 2 23 - 0.08 2.09 107988
aoD2AG 56e4 2 23 - 0.12 3.21 139152
aoD2SG 56e4 2 23 - 0.12 3.27 143588
dry 5e4 10 52 - 0.03 0.13 33892
aoDLAV 5e4 10 52 - 0.05 8.32 40204
aoULAV 5e4 10 52 - 0.04 8.26 40204
aoD2AG 5e4 10 52 - 0.04 8.21 44984
aoD2SG 5e4 10 52 - 0.05 9.02 44996
dry 1e2 10 120 - 0.02 0.12 26008
aoDLAV 1e2 10 120 - 0.04 0.14 30260
aoULAV 1e2 10 120 - 0.04 0.14 30272
aoD2AG 1e2 10 120 - 0.03 0.15 30440
aoD2SG 1e2 10 120 - 0.02 0.15 30444
moore 1e2 10 120 - 0.04 0.22 30496
nbpm 1e2 10 120 - 0.08 2.20 53080
greedy 1e2 10 120 - 0.04 0.14 30976
dry 32e3 2 226 - 0.02 0.13 27300
aoDLAV 32e3 2 226 - 0.03 0.21 31436
aoULAV 32e3 2 226 - 0.04 0.22 32148
aoD2AG 32e3 2 226 - 0.02 0.26 35020
aoD2SG 32e3 2 226 - 0.04 0.25 34784
dry 1e5 10 72 - 0.04 0.18 38400
aoDLAV 1e5 10 72 - 0.05 22.69 53540
aoULAV 1e5 10 72 - 0.05 23.37 55312
aoD2AG 1e5 10 72 - 0.06 23.34 62592
aoD2SG 1e5 10 72 - 0.05 25.64 66832
dry 250e2 2 44 - 0.02 0.12 29036
aoDLAV 250e2 2 44 - 0.03 0.20 31112
aoULAV 250e2 2 44 - 0.03 0.20 31212
aoD2AG 250e2 2 44 - 0.02 0.23 33856
aoD2SG 250e2 2 44 - 0.03 0.23 33960
dry 1e3 10 114 - 0.02 0.12 26136
aoDLAV 1e3 10 114 - 0.03 0.16 30652
aoULAV 1e3 10 114 - 0.02 0.16 30668
aoD2AG 1e3 10 114 - 0.02 0.16 31068
aoD2SG 1e3 10 114 - 0.03 0.16 31088
moore 1e3 10 114 - 0.04 2.71 59868
nbpm 1e3 10 114 - 0.13 4.84 136136
greedy 1e3 10 114 - 0.08 1.05 139616
dry 1e5 2 137 - 0.03 0.13 31548
aoDLAV 1e5 2 137 - 0.04 0.43 34800
aoULAV 1e5 2 137 - 0.02 0.46 35320
aoD2AG 1e5 2 137 - 0.04 0.56 42912
aoD2SG 1e5 2 137 - 0.04 0.64 43804
dry 18e1 2 106 - 0.02 0.11 26008
aoDLAV 18e1 2 106 - 0.03 0.14 30188
aoULAV 18e1 2 106 - 0.03 0.14 30196
aoD2AG 18e1 2 106 - 0.04 0.13 30356
aoD2SG 18e1 2 106 - 0.02 0.15 30364
moore 18e1 2 106 - 0.03 0.27 30496
nbpm 18e1 2 106 - 0.07 2.19 54448
greedy 18e1 2 106 - 0.03 0.16 33348
dry 32e1 2 205 - 0.02 0.12 26000
aoDLAV 32e1 2 205 - 0.03 0.14 30200
aoULAV 32e1 2 205 - 0.02 0.15 30208
aoD2AG 32e1 2 205 - 0.02 0.14 30376
aoD2SG 32e1 2 205 - 0.03 0.14 30384
moore 32e1 2 205 - 0.02 0.42 33688
nbpm 32e1 2 205 - 0.08 2.39 58308
greedy 32e1 2 205 - 0.03 0.22 40972
dry 250e2 2 215 - 0.03 0.11 27020
aoDLAV 250e2 2 215 - 0.03 0.20 31112
aoULAV 250e2 2 215 - 0.03 0.20 31212
aoD2AG 250e2 2 215 - 0.03 0.22 33860
aoD2SG 250e2 2 215 - 0.03 0.23 33968
dry 1e2 5 157 - 0.03 0.11 26000
aoDLAV 1e2 5 157 - 0.02 0.15 30212
aoULAV 1e2 5 157 - 0.03 0.15 30224
aoD2AG 1e2 5 157 - 0.03 0.14 30388
aoD2SG 1e2 5 157 - 0.02 0.15 30388
moore 1e2 5 157 - 0.03 0.21 30492
nbpm 1e2 5 157 - 0.08 2.20 53016
greedy 1e2 5 157 - 0.02 0.15 30920
dry 1e5 10 205 - 0.04 0.18 38396
aoDLAV 1e5 10 205 - 0.04 22.95 53536
aoULAV 1e5 10 205 - 0.05 22.94 55308
aoD2AG 1e5 10 205 - 0.06 22.76 62692
aoD2SG 1e5 10 205 - 0.06 25.75 66836
dry 1e5 10 113 - 0.03 0.18 38396
aoDLAV 1e5 10 113 - 0.05 22.32 53540
aoULAV 1e5 10 113 - 0.06 22.69 55308
aoD2AG 1e5 10 113 - 0.05 22.60 62608
aoD2SG 1e5 10 113 - 0.04 25.68 66832
dry 5e4 10 95 - 0.03 0.13 33892
aoDLAV 5e4 10 95 - 0.04 8.30 40200
aoULAV 5e4 10 95 - 0.04 7.89 40200
aoD2AG 5e4 10 95 - 0.04 8.10 44988
aoD2SG 5e4 10 95 - 0.04 9.04 45000
dry 5e4 10 135 - 0.03 0.14 33888
aoDLAV 5e4 10 135 - 0.04 7.76 40200
aoULAV 5e4 10 135 - 0.05 7.50 40200
aoD2AG 5e4 10 135 - 0.05 7.85 44984
aoD2SG 5e4 10 135 - 0.04 8.67 44996
dry 56e3 2 10 - 0.03 0.12 29576
aoDLAV 56e3 2 10 - 0.03 0.29 33476
aoULAV 56e3 2 10 - 0.04 0.29 34696
aoD2AG 56e3 2 10 - 0.04 0.36 37280
aoD2SG 56e3 2 10 - 0.03 0.39 37296
dry 300e2 2 78 - 0.02 0.13 27220
aoDLAV 300e2 2 78 - 0.03 0.22 31296
aoULAV 300e2 2 78 - 0.03 0.22 31892
aoD2AG 300e2 2 78 - 0.03 0.24 35060
aoD2SG 300e2 2 78 - 0.03 0.25 34716
dry 325e2 2 78 - 0.03 0.12 29272
aoDLAV 325e2 2 78 - 0.03 0.22 31372
aoULAV 325e2 2 78 - 0.03 0.22 32088
aoD2AG 325e2 2 78 - 0.02 0.26 35004
aoD2SG 325e2 2 78 - 0.04 0.26 34760
dry 1e2 2 57 - 0.02 0.12 25992
aoDLAV 1e2 2 57 - 0.03 0.15 30168
aoULAV 1e2 2 57 - 0.03 0.15 30180
aoD2AG 1e2 2 57 - 0.02 0.16 30340
aoD2SG 1e2 2 57 - 0.03 0.14 30344
moore 1e2 2 57 - 0.03 0.24 30480
nbpm 1e2 2 57 - 0.09 2.16 53004
greedy 1e2 2 57 - 0.03 0.15 30880
dry 32e3 2 56 - 0.03 0.12 29100
aoDLAV 32e3 2 56 - 0.02 0.23 31436
aoULAV 32e3 2 56 - 0.03 0.22 32148
aoD2AG 32e3 2 56 - 0.04 0.24 35020
aoD2SG 32e3 2 56 - 0.03 0.27 34788
dry 225e2 2 47 - 0.03 0.11 26920
aoDLAV 225e2 2 47 - 0.02 0.20 30980
aoULAV 225e2 2 47 - 0.03 0.20 30996
aoD2AG 225e2 2 47 - 0.03 0.22 33368
aoD2SG 225e2 2 47 - 0.04 0.22 33464
dry 5e4 5 232 - 0.03 0.13 31364
aoDLAV 5e4 5 232 - 0.04 0.72 34708
aoULAV 5e4 5 232 - 0.04 0.73 34704
aoD2AG 5e4 5 232 - 0.04 0.77 37732
aoD2SG 5e4 5 232 - 0.04 0.85 37936
dry 5e4 10 55 - 0.03 0.14 33892
aoDLAV 5e4 10 55 - 0.04 8.01 40200
aoULAV 5e4 10 55 - 0.04 8.00 40200
aoD2AG 5e4 10 55 - 0.03 8.09 44980
aoD2SG 5e4 10 55 - 0.04 9.08 45000
dry 32e3 2 55 - 0.02 0.13 29108
aoDLAV 32e3 2 55 - 0.04 0.21 31436
aoULAV 32e3 2 55 - 0.03 0.22 32152
aoD2AG 32e3 2 55 - 0.04 0.25 35020
aoD2SG 32e3 2 55 - 0.04 0.26 34784
dry 350e2 2 77 - 0.02 0.12 27420
aoDLAV 350e2 2 77 - 0.03 0.22 31480
aoULAV 350e2 2 77 - 0.04 0.23 32260
aoD2AG 350e2 2 77 - 0.03 0.26 34852
aoD2SG 350e2 2 77 - 0.03 0.29 35132
dry 325e2 2 207 - 0.03 0.12 27316
aoDLAV 325e2 2 207 - 0.02 0.23 31372
aoULAV 325e2 2 207 - 0.03 0.22 32084
aoD2AG 325e2 2 207 - 0.03 0.26 35000
aoD2SG 325e2 2 207 - 0.03 0.27 34760
dry 1e6 5 243 - 0.06 0.27 73152
aoDLAV 1e6 5 243 - 0.17 19.47 252688
aoULAV 1e6 5 243 - 0.15 19.76 252688
aoD2AG 1e6 5 243 - 0.22 21.71 325076
aoD2SG 1e6 5 243 - 0.20 25.63 333336
dry 225e2 2 96 - 0.02 0.12 26920
aoDLAV 225e2 2 96 - 0.03 0.19 31000
aoULAV 225e2 2 96 - 0.02 0.21 30996
aoD2AG 225e2 2 96 - 0.03 0.21 33368
aoD2SG 225e2 2 96 - 0.03 0.23 33464
dry 1e3 2 148 - 0.02 0.12 26020
aoDLAV 1e3 2 148 - 0.04 0.14 30280
aoULAV 1e3 2 148 - 0.03 0.14 30296
aoD2AG 1e3 2 148 - 0.03 0.15 30528
aoD2SG 1e3 2 148 - 0.03 0.15 30544
moore 1e3 2 148 - 0.04 4.42 59772
nbpm 1e3 2 148 - 0.14 4.11 138556
greedy 1e3 2 148 - 0.09 1.03 139248
dry 1e5 2 132 - 0.03 0.13 30764
aoDLAV 1e5 2 132 - 0.04 0.45 34800
aoULAV 1e5 2 132 - 0.03 0.46 35320
aoD2AG 1e5 2 132 - 0.04 0.57 42616
aoD2SG 1e5 2 132 - 0.04 0.66 43804
dry 1e6 5 246 - 0.06 0.27 73152
aoDLAV 1e6 5 246 - 0.13 19.42 252688
aoULAV 1e6 5 246 - 0.14 19.75 252688
aoD2AG 1e6 5 246 - 0.21 21.60 324196
aoD2SG 1e6 5 246 - 0.21 25.35 332248
dry 225e2 2 59 - 0.03 0.11 26920
aoDLAV 225e2 2 59 - 0.02 0.20 30980
aoULAV 225e2 2 59 - 0.03 0.20 30992
aoD2AG 225e2 2 59 - 0.02 0.23 33372
aoD2SG 225e2 2 59 - 0.03 0.23 33464
dry 250e2 2 237 - 0.02 0.13 27020
aoDLAV 250e2 2 237 - 0.03 0.20 31112
aoULAV 250e2 2 237 - 0.03 0.21 31212
aoD2AG 250e2 2 237 - 0.03 0.22 33864
aoD2SG 250e2 2 237 - 0.03 0.23 33964
dry 1e2 10 131 - 0.02 0.12 26004
aoDLAV 1e2 10 131 - 0.03 0.14 30260
aoULAV 1e2 10 131 - 0.02 0.15 30272
aoD2AG 1e2 10 131 - 0.03 0.14 30440
aoD2SG 1e2 10 131 - 0.03 0.15 30448
moore 1e2 10 131 - 0.02 0.25 30500
nbpm 1e2 10 131 - 0.09 2.17 53076
greedy 1e2 10 131 - 0.02 0.15 30976
dry 1e5 2 186 - 0.03 0.13 32128
aoDLAV 1e5 2 186 - 0.03 0.45 34800
aoULAV 1e5 2 186 - 0.03 0.45 35320
aoD2AG 1e5 2 186 - 0.04 0.57 42648
aoD2SG 1e5 2 186 - 0.05 0.64 43932
dry 56e1 2 10 - 0.01 0.13 26008
aoDLAV 56e1 2 10 - 0.03 0.15 30220
aoULAV 56e1 2 10 - 0.02 0.14 30232
aoD2AG 56e1 2 10 - 0.03 0.14 30420
aoD2SG 56e1 2 10 - 0.02 0.15 30424
moore 56e1 2 10 - 0.04 1.08 39680
nbpm 56e1 2 10 - 0.10 2.96 78708
greedy 56e1 2 10 - 0.05 0.39 64104
dry 275e2 2 62 - 0.03 0.11 28908
aoDLAV 275e2 2 62 - 0.03 0.20 31268
aoULAV 275e2 2 62 - 0.02 0.22 31572
aoD2AG 275e2 2 62 - 0.03 0.25 34696
aoD2SG 275e2 2 62 - 0.03 0.24 34808
dry 1e3 2 107 - 0.02 0.12 26020
aoDLAV 1e3 2 107 - 0.03 0.14 30292
aoULAV 1e3 2 107 - 0.03 0.15 30296
aoD2AG 1e3 2 107 - 0.03 0.15 30548
aoD2SG 1e3 2 107 - 0.03 0.15 30564
moore 1e3 2 107 - 0.04 6.50 59768
nbpm 1e3 2 107 - 0.11 4.07 138552
greedy 1e3 2 107 - 0.08 1.03 139244
dry 400e2 2 95 - 0.03 0.11 29588
aoDLAV 400e2 2 95 - 0.03 0.24 32236
aoULAV 400e2 2 95 - 0.03 0.26 33112
aoD2AG 400e2 2 95 - 0.03 0.28 36068
aoD2SG 400e2 2 95 - 0.03 0.30 35928
dry 1e2 2 128 - 0.02 0.12 25992
aoDLAV 1e2 2 128 - 0.03 0.15 30168
aoULAV 1e2 2 128 - 0.03 0.14 30184
aoD2AG 1e2 2 128 - 0.03 0.15 30336
aoD2SG 1e2 2 128 - 0.02 0.15 30340
moore 1e2 2 128 - 0.03 0.20 30488
nbpm 1e2 2 128 - 0.07 2.18 53016
greedy 1e2 2 128 - 0.02 0.15 30880
dry 18e4 2 222 - 0.02 0.15 33104
aoDLAV 18e4 2 222 - 0.04 0.76 47860
aoULAV 18e4 2 222 - 0.04 0.79 47864
aoD2AG 18e4 2 222 - 0.06 1.03 58644
aoD2SG 18e4 2 222 - 0.07 1.12 59820
dry 5e4 5 117 - 0.02 0.14 30088
aoDLAV 5e4 5 117 - 0.04 0.76 34704
aoULAV 5e4 5 117 - 0.05 0.75 34704
aoD2AG 5e4 5 117 - 0.03 0.83 37728
aoD2SG 5e4 5 117 - 0.05 0.89 37936
dry 250e2 2 24 - 0.03 0.12 28940
aoDLAV 250e2 2 24 - 0.02 0.21 31108
aoULAV 250e2 2 24 - 0.04 0.20 31212
aoD2AG 250e2 2 24 - 0.03 0.23 33860
aoD2SG 250e2 2 24 - 0.03 0.23 33968
dry 1e2 10 217 - 0.02 0.12 26004
aoDLAV 1e2 10 217 - 0.03 0.14 30260
aoULAV 1e2 10 217 - 0.03 0.15 30272
aoD2AG 1e2 10 217 - 0.03 0.15 30440
aoD2SG 1e2 10 217 - 0.03 0.14 30444
moore 1e2 10 217 - 0.02 0.25 30496
nbpm 1e2 10 217 - 0.09 2.16 53072
greedy 1e2 10 217 - 0.03 0.14 30976
dry 32e1 2 54 - 0.02 0.12 26000
aoDLAV 32e1 2 54 - 0.04 0.13 30196
aoULAV 32e1 2 54 - 0.03 0.14 30208
aoD2AG 32e1 2 54 - 0.02 0.15 30376
aoD2SG 32e1 2 54 - 0.03 0.14 30384
moore 32e1 2 54 - 0.03 0.69 33684
nbpm 32e1 2 54 - 0.08 2.41 58304
greedy 32e1 2 54 - 0.04 0.22 40972
dry 56e4 2 82 - 0.04 0.19 41104
aoDLAV 56e4 2 82 - 0.08 2.12 107984
aoULAV 56e4 2 82 - 0.09 2.21 107984
aoD2AG 56e4 2 82 - 0.10 3.10 138844
aoD2SG 56e4 2 82 - 0.13 3.50 144664
dry 1e6 2 170 - 0.04 0.20 49708
aoDLAV 1e6 2 170 - 0.12 3.87 178460
aoULAV 1e6 2 170 - 0.11 4.02 178456
aoD2AG 1e6 2 170 - 0.17 5.77 234476
aoD2SG 1e6 2 170 - 0.19 6.48 242524
dry 325e2 2 90 - 0.02 0.12 27316
aoDLAV 325e2 2 90 - 0.03 0.22 31376
aoULAV 325e2 2 90 - 0.03 0.22 32084
aoD2AG 325e2 2 90 - 0.03 0.26 35000
aoD2SG 325e2 2 90 - 0.03 0.27 34760
dry 250e2 2 92 - 0.02 0.12 28860
aoDLAV 250e2 2 92 - 0.02 0.21 31108
aoULAV 250e2 2 92 - 0.03 0.21 31212
aoD2AG 250e2 2 92 - 0.03 0.23 33864
aoD2SG 250e2 2 92 - 0.03 0.24 33968
dry 275e2 2 241 - 0.02 0.12 27120
aoDLAV 275e2 2 241 - 0.03 0.21 31240
aoULAV 275e2 2 241 - 0.04 0.20 31572
aoD2AG 275e2 2 241 - 0.04 0.23 34692
aoD2SG 275e2 2 241 - 0.02 0.26 34808
dry 1e3 10 168 - 0.02 0.12 28180
aoDLAV 1e3 10 168 - 0.03 0.16 30656
aoULAV 1e3 10 168 - 0.03 0.16 30664
aoD2AG 1e3 10 168 - 0.03 0.16 31056
aoD2SG 1e3 10 168 - 0.03 0.16 31080
moore 1e3 10 168 - 0.04 5.61 59840
nbpm 1e3 10 168 - 0.13 4.99 136144
greedy 1e3 10 168 - 0.09 1.05 139616
dry 1e2 5 45 - 0.02 0.12 26000
aoDLAV 1e2 5 45 - 0.02 0.15 30216
aoULAV 1e2 5 45 - 0.03 0.15 30228
aoD2AG 1e2 5 45 - 0.03 0.14 30384
aoD2SG 1e2 5 45 - 0.03 0.15 30388
moore 1e2 5 45 - 0.03 0.22 30492
nbpm 1e2 5 45 - 0.08 2.18 53040
greedy 1e2 5 45 - 0.03 0.14 30920
dry 400e2 2 110 - 0.02 0.13 29636
aoDLAV 400e2 2 110 - 0.04 0.24 32236
aoULAV 400e2 2 110 - 0.03 0.25 33112
aoD2AG 400e2 2 110 - 0.03 0.29 36072
aoD2SG 400e2 2 110 - 0.03 0.31 35928
dry 250e2 2 168 - 0.03 0.12 27020
aoDLAV 250e2 2 168 - 0.02 0.21 31108
aoULAV 250e2 2 168 - 0.02 0.22 31212
aoD2AG 250e2 2 168 - 0.03 0.23 33860
aoD2SG 250e2 2 168 - 0.02 0.24 33968
dry 400e2 2 129 - 0.02 0.13 29168
aoDLAV 400e2 2 129 - 0.02 0.25 32236
aoULAV 400e2 2 129 - 0.04 0.24 33112
aoD2AG 400e2 2 129 - 0.05 0.27 36072
aoD2SG 400e2 2 129 - 0.03 0.31 35928
dry 1e3 10 183 - 0.02 0.12 26136
aoDLAV 1e3 10 183 - 0.04 0.16 30656
aoULAV 1e3 10 183 - 0.03 0.16 30668
aoD2AG 1e3 10 183 - 0.03 0.16 31072
aoD2SG 1e3 10 183 - 0.03 0.17 31084
moore 1e3 10 183 - 0.05 2.71 59868
nbpm 1e3 10 183 - 0.14 4.77 136140
greedy 1e3 10 183 - 0.09 1.10 139616
dry 400e2 2 74 - 0.02 0.12 27956
aoDLAV 400e2 2 74 - 0.04 0.24 32240
aoULAV 400e2 2 74 - 0.03 0.25 33144
aoD2AG 400e2 2 74 - 0.03 0.29 36072
aoD2SG 400e2 2 74 - 0.03 0.30 35928
dry 1e6 5 218 - 0.06 0.27 73152
aoDLAV 1e6 5 218 - 0.16 19.71 252688
aoULAV 1e6 5 218 - 0.15 26.34 252740
aoD2AG 1e6 5 218 - 0.20 20.90 323804
aoD2SG 1e6 5 218 - 0.20 24.35 333624
dry 1e5 10 226 - 0.03 0.19 38400
aoDLAV 1e5 10 226 - 0.05 21.15 53536
aoULAV 1e5 10 226 - 0.05 21.15 55308
aoD2AG 1e5 10 226 - 0.05 21.41 62944
aoD2SG 1e5 10 226 - 0.05 24.33 66836
dry 325e2 2 224 - 0.03 0.11 30776
aoDLAV 325e2 2 224 - 0.03 0.22 31372
aoULAV 325e2 2 224 - 0.03 0.22 32088
aoD2AG 325e2 2 224 - 0.03 0.25 35008
aoD2SG 325e2 2 224 - 0.03 0.26 34776
dry 1e2 2 221 - 0.03 0.11 25996
aoDLAV 1e2 2 221 - 0.04 0.14 30172
aoULAV 1e2 2 221 - 0.02 0.15 30180
aoD2AG 1e2 2 221 - 0.03 0.15 30336
aoD2SG 1e2 2 221 - 0.03 0.14 30340
moore 1e2 2 221 - 0.03 0.20 30488
nbpm 1e2 2 221 - 0.09 2.16 53012
greedy 1e2 2 221 - 0.03 0.15 30880
dry 1e5 5 131 - 0.03 0.14 34480
aoDLAV 1e5 5 131 - 0.04 1.55 41816
aoULAV 1e5 5 131 - 0.05 1.55 43572
aoD2AG 1e5 5 131 - 0.05 1.68 53564
aoD2SG 1e5 5 131 - 0.04 1.93 53200
dry 300e2 2 197 - 0.02 0.12 30724
aoDLAV 300e2 2 197 - 0.03 0.20 31296
aoULAV 300e2 2 197 - 0.03 0.24 31892
aoD2AG 300e2 2 197 - 0.03 0.25 35060
aoD2SG 300e2 2 197 - 0.04 0.26 34716
dry 225e2 2 128 - 0.03 0.11 28888
aoDLAV 225e2 2 128 - 0.03 0.20 30980
aoULAV 225e2 2 128 - 0.03 0.21 30992
aoD2AG 225e2 2 128 - 0.03 0.22 33372
aoD2SG 225e2 2 128 - 0.03 0.23 33464
dry 225e2 2 7 - 0.03 0.11 26920
aoDLAV 225e2 2 7 - 0.04 0.19 30980
aoULAV 225e2 2 7 - 0.03 0.20 30996
aoD2AG 225e2 2 7 - 0.04 0.22 33368
aoD2SG 225e2 2 7 - 0.03 0.22 33460
dry 1e6 5 19 - 0.05 0.28 73156
aoDLAV 1e6 5 19 - 0.16 19.74 252692
aoULAV 1e6 5 19 - 0.17 19.99 252688
aoD2AG 1e6 5 19 - 0.23 22.13 322848
aoD2SG 1e6 5 19 - 0.20 25.85 333324
dry 325e2 2 20 - 0.03 0.12 27316
aoDLAV 325e2 2 20 - 0.02 0.23 31372
aoULAV 325e2 2 20 - 0.03 0.23 32088
aoD2AG 325e2 2 20 - 0.04 0.25 35000
aoD2SG 325e2 2 20 - 0.03 0.27 34756
dry 5e4 2 227 - 0.02 0.13 29956
aoDLAV 5e4 2 227 - 0.03 0.28 33012
aoULAV 5e4 2 227 - 0.04 0.28 33312
aoD2AG 5e4 2 227 - 0.03 0.35 36408
aoD2SG 5e4 2 227 - 0.04 0.37 36424
dry 56e3 2 221 - 0.03 0.11 29672
aoDLAV 56e3 2 221 - 0.04 0.29 33476
aoULAV 56e3 2 221 - 0.04 0.30 34696
aoD2AG 56e3 2 221 - 0.04 0.37 37288
aoD2SG 56e3 2 221 - 0.04 0.39 37300
dry 32e4 2 216 - 0.04 0.16 36428
aoDLAV 32e4 2 216 - 0.06 1.22 70828
aoULAV 32e4 2 216 - 0.06 1.30 70860
aoD2AG 32e4 2 216 - 0.07 1.76 89048
aoD2SG 32e4 2 216 - 0.07 1.95 91492
dry 32e1 2 181 - 0.02 0.12 26004
aoDLAV 32e1 2 181 - 0.02 0.15 30200
aoULAV 32e1 2 181 - 0.03 0.14 30208
aoD2AG 32e1 2 181 - 0.02 0.15 30376
aoD2SG 32e1 2 181 - 0.03 0.14 30384
moore 32e1 2 181 - 0.05 0.78 33676
nbpm 32e1 2 181 - 0.10 2.39 58300
greedy 32e1 2 181 - 0.04 0.21 41032
dry 375e2 2 136 - 0.03 0.11 29440
aoDLAV 375e2 2 136 - 0.03 0.24 31784
aoULAV 375e2 2 136 - 0.04 0.24 32608
aoD2AG 375e2 2 136 - 0.02 0.29 35516
aoD2SG 375e2 2 136 - 0.03 0.30 35528
dry 5e4 2 39 - 0.02 0.12 28000
aoDLAV 5e4 2 39 - 0.03 0.27 33008
aoULAV 5e4 2 39 - 0.03 0.28 33316
aoD2AG 5e4 2 39 - 0.02 0.35 36412
aoD2SG 5e4 2 39 - 0.04 0.35 36424
dry 56e4 2 118 - 0.03 0.19 41104
aoDLAV 56e4 2 118 - 0.06 2.15 107984
aoULAV 56e4 2 118 - 0.09 2.21 107988
aoD2AG 56e4 2 118 - 0.13 3.10 139824
aoD2SG 56e4 2 118 - 0.12 3.47 143852
dry 1e3 10 182 - 0.02 0.12 26136
aoDLAV 1e3 10 182 - 0.03 0.17 30656
aoULAV 1e3 10 182 - 0.03 0.17 30664
aoD2AG 1e3 10 182 - 0.04 0.16 31064
aoD2SG 1e3 10 182 - 0.02 0.17 31092
moore 1e3 10 182 - 0.04 2.19 59868
nbpm 1e3 10 182 - 0.13 5.31 136136
greedy 1e3 10 182 - 0.08 1.07 139616
dry 18e4 2 104 - 0.03 0.13 33104
aoDLAV 18e4 2 104 - 0.04 0.78 47860
aoULAV 18e4 2 104 - 0.04 0.80 47860
aoD2AG 18e4 2 104 - 0.05 1.04 58836
aoD2SG 18e4 2 104 - 0.06 1.15 59880
dry 350e2 2 136 - 0.02 0.13 29132
aoDLAV 350e2 2 136 - 0.04 0.22 31484
aoULAV 350e2 2 136 - 0.02 0.24 32260
aoD2AG 350e2 2 136 - 0.03 0.27 34852
aoD2SG 350e2 2 136 - 0.04 0.28 35132
dry 32e3 2 64 - 0.02 0.12 27952
aoDLAV 32e3 2 64 - 0.02 0.23 31436
aoULAV 32e3 2 64 - 0.03 0.22 32144
aoD2AG 32e3 2 64 - 0.03 0.26 35020
aoD2SG 32e3 2 64 - 0.03 0.27 34784
dry 1e5 2 172 - 0.03 0.13 30608
aoDLAV 1e5 2 172 - 0.03 0.46 34800
aoULAV 1e5 2 172 - 0.04 0.46 35320
aoD2AG 1e5 2 172 - 0.04 0.59 42604
aoD2SG 1e5 2 172 - 0.04 0.68 43800
dry 1e2 5 234 - 0.02 0.12 26000
aoDLAV 1e2 5 234 - 0.03 0.14 30212
aoULAV 1e2 5 234 - 0.02 0.15 30224
aoD2AG 1e2 5 234 - 0.03 0.14 30384
aoD2SG 1e2 5 234 - 0.02 0.15 30388
moore 1e2 5 234 - 0.03 0.25 30492
nbpm 1e2 5 234 - 0.07 2.20 53028
greedy 1e2 5 234 - 0.02 0.15 30924
dry 1e5 2 6 - 0.03 0.13 31452
aoDLAV 1e5 2 6 - 0.03 0.46 34800
aoULAV 1e5 2 6 - 0.03 0.46 35320
aoD2AG 1e5 2 6 - 0.04 0.58 42596
aoD2SG 1e5 2 6 - 0.04 0.66 43804
dry 375e2 2 189 - 0.03 0.12 27516
aoDLAV 375e2 2 189 - 0.03 0.24 31784
aoULAV 375e2 2 189 - 0.03 0.24 32604
aoD2AG 375e2 2 189 - 0.03 0.28 35516
aoD2SG 375e2 2 189 - 0.04 0.29 35528
dry 1e3 2 165 - 0.03 0.11 26020
aoDLAV 1e3 2 165 - 0.03 0.15 30280
aoULAV 1e3 2 165 - 0.02 0.15 30292
aoD2AG 1e3 2 165 - 0.02 0.15 30548
aoD2SG 1e3 2 165 - 0.03 0.15 30560
moore 1e3 2 165 - 0.04 4.75 59776
nbpm 1e3 2 165 - 0.14 4.10 138560
greedy 1e3 2 165 - 0.08 1.06 139244
dry 32e1 2 157 - 0.02 0.13 26000
aoDLAV 32e1 2 157 - 0.03 0.15 30200
aoULAV 32e1 2 157 - 0.02 0.16 30208
aoD2AG 32e1 2 157 - 0.03 0.15 30376
aoD2SG 32e1 2 157 - 0.03 0.15 30388
moore 32e1 2 157 - 0.04 0.68 33684
nbpm 32e1 2 157 - 0.09 2.44 58308
greedy 32e1 2 157 - 0.04 0.21 40976
dry 1e5 10 54 - 0.04 0.18 38396
aoDLAV 1e5 10 54 - 0.13 22.77 53536
aoULAV 1e5 10 54 - 0.16 22.56 55308
aoD2AG 1e5 10 54 - 0.06 25.42 63024
aoD2SG 1e5 10 54 - 0.06 24.41 66832
dry 1e5 5 210 - 0.03 0.14 34476
aoDLAV 1e5 5 210 - 0.05 1.54 41816
aoULAV 1e5 5 210 - 0.05 1.55 43572
aoD2AG 1e5 5 210 - 0.04 1.70 53564
aoD2SG 1e5 5 210 - 0.06 1.88 53200
dry 1e5 5 146 - 0.02 0.15 34476
aoDLAV 1e5 5 146 - 0.04 1.56 41816
aoULAV 1e5 5 146 - 0.06 1.59 43568
aoD2AG 1e5 5 146 - 0.05 1.69 53560
aoD2SG 1e5 5 146 - 0.05 1.90 53196
dry 5e4 10 250 - 0.03 0.14 33888
aoDLAV 5e4 10 250 - 0.03 7.49 40200
aoULAV 5e4 10 250 - 0.05 8.34 40204
aoD2AG 5e4 10 250 - 0.05 8.19 45020
aoD2SG 5e4 10 250 - 0.04 8.77 44996
dry 350e2 2 233 - 0.03 0.12 27416
aoDLAV 350e2 2 233 - 0.03 0.25 31540
aoULAV 350e2 2 233 - 0.04 0.23 32264
aoD2AG 350e2 2 233 - 0.02 0.29 34852
aoD2SG 350e2 2 233 - 0.04 0.27 35128
dry 56e4 2 199 - 0.03 0.19 41104
aoDLAV 56e4 2 199 - 0.08 2.11 107984
aoULAV 56e4 2 199 - 0.07 2.25 107984
aoD2AG 56e4 2 199 - 0.12 3.14 140252
aoD2SG 56e4 2 199 - 0.10 3.53 144428
dry 300e2 2 227 - 0.03 0.11 27216
aoDLAV 300e2 2 227 - 0.03 0.22 31296
aoULAV 300e2 2 227 - 0.03 0.22 31892
aoD2AG 300e2 2 227 - 0.04 0.24 35060
aoD2SG 300e2 2 227 - 0.03 0.26 34716
dry 18e4 2 180 - 0.03 0.14 33104
aoDLAV 18e4 2 180 - 0.06 0.75 47860
aoULAV 18e4 2 180 - 0.05 0.78 47864
aoD2AG 18e4 2 180 - 0.06 1.04 58644
aoD2SG 18e4 2 180 - 0.04 1.15 59924
dry 18e4 2 20 - 0.03 0.14 33264
aoDLAV 18e4 2 20 - 0.05 0.78 47864
aoULAV 18e4 2 20 - 0.05 0.79 47860
aoD2AG 18e4 2 20 - 0.05 1.04 58644
aoD2SG 18e4 2 20 - 0.06 1.12 59916
dry 1e6 10 172 - 0.08 0.40 112232
aoDLAV 1e6 10 172 - 0.20 377.61 369896
aoULAV 1e6 10 172 - 0.29 349.89 369884
aoD2AG 1e6 10 172 - 0.39 361.13 446624
aoD2SG 1e6 10 172 - 0.44 427.62 457808
dry 1e2 2 39 - 0.01 0.13 25996
aoDLAV 1e2 2 39 - 0.03 0.14 30168
aoULAV 1e2 2 39 - 0.03 0.14 30180
aoD2AG 1e2 2 39 - 0.02 0.16 30336
aoD2SG 1e2 2 39 - 0.02 0.15 30340
moore 1e2 2 39 - 0.02 0.26 30488
nbpm 1e2 2 39 - 0.11 2.14 53008
greedy 1e2 2 39 - 0.02 0.16 30880
dry 18e4 2 206 - 0.03 0.13 33108
aoDLAV 18e4 2 206 - 0.05 0.74 47864
aoULAV 18e4 2 206 - 0.05 0.76 47860
aoD2AG 18e4 2 206 - 0.05 0.98 58708
aoD2SG 18e4 2 206 - 0.05 1.06 60176
dry 5e4 5 163 - 0.03 0.13 31928
aoDLAV 5e4 5 163 - 0.03 0.69 34704
aoULAV 5e4 5 163 - 0.03 0.72 34704
aoD2AG 5e4 5 163 - 0.03 0.76 37728
aoD2SG 5e4 5 163 - 0.04 0.82 37936
dry 1e6 2 147 - 0.04 0.19 49704
aoDLAV 1e6 2 147 - 0.11 3.57 178456
aoULAV 1e6 2 147 - 0.10 3.80 178456
aoD2AG 1e6 2 147 - 0.17 5.37 234148
aoD2SG 1e6 2 147 - 0.18 6.08 242440
dry 1e5 10 99 - 0.02 0.19 38396
aoDLAV 1e5 10 99 - 0.05 20.81 53536
aoULAV 1e5 10 99 - 0.06 21.60 55308
aoD2AG 1e5 10 99 - 0.06 21.78 62716
aoD2SG 1e5 10 99 - 0.06 24.60 66836
dry 325e2 2 141 - 0.02 0.12 27316
aoDLAV 325e2 2 141 - 0.03 0.23 31372
aoULAV 325e2 2 141 - 0.04 0.21 32084
aoD2AG 325e2 2 141 - 0.03 0.25 35060
aoD2SG 325e2 2 141 - 0.03 0.26 34764
dry 5e4 10 72 - 0.03 0.14 33888
aoDLAV 5e4 10 72 - 0.04 7.48 40204
aoULAV 5e4 10 72 - 0.04 7.45 40204
aoD2AG 5e4 10 72 - 0.05 7.68 44980
aoD2SG 5e4 10 72 - 0.05 8.41 44996
dry 1e2 5 36 - 0.03 0.11 27952
aoDLAV 1e2 5 36 - 0.03 0.15 30216
aoULAV 1e2 5 36 - 0.02 0.15 30224
aoD2AG 1e2 5 36 - 0.03 0.15 30388
aoD2SG 1e2 5 36 - 0.02 0.16 30392
moore 1e2 5 36 - 0.03 0.20 30492
nbpm 1e2 5 36 - 0.10 2.16 53024
greedy 1e2 5 36 - 0.03 0.15 30920
dry 325e2 2 129 - 0.02 0.12 29076
aoDLAV 325e2 2 129 - 0.03 0.21 31372
aoULAV 325e2 2 129 - 0.02 0.23 32084
aoD2AG 325e2 2 129 - 0.02 0.26 35008
aoD2SG 325e2 2 129 - 0.04 0.26 34760
dry 300e2 2 115 - 0.02 0.12 27216
aoDLAV 300e2 2 115 - 0.02 0.22 31296
aoULAV 300e2 2 115 - 0.03 0.21 31892
aoD2AG 300e2 2 115 - 0.03 0.24 35060
aoD2SG 300e2 2 115 - 0.03 0.25 34712
dry 5e4 10 31 - 0.04 0.13 33888
aoDLAV 5e4 10 31 - 0.04 7.20 40204
aoULAV 5e4 10 31 - 0.04 7.41 40200
aoD2AG 5e4 10 31 - 0.04 7.51 44984
aoD2SG 5e4 10 31 - 0.04 8.09 44996
dry 350e2 2 184 - 0.03 0.11 27416
aoDLAV 350e2 2 184 - 0.04 0.22 31480
aoULAV 350e2 2 184 - 0.02 0.24 32260
aoD2AG 350e2 2 184 - 0.04 0.26 34848
aoD2SG 350e2 2 184 - 0.03 0.27 35128
dry 18e4 2 33 - 0.03 0.14 33108
aoDLAV 18e4 2 33 - 0.05 0.76 47860
aoULAV 18e4 2 33 - 0.04 0.78 47864
aoD2AG 18e4 2 33 - 0.06 1.02 58644
aoD2SG 18e4 2 33 - 0.05 1.12 59740
dry 5e4 5 116 - 0.03 0.13 30332
aoDLAV 5e4 5 116 - 0.03 0.74 34704
aoULAV 5e4 5 116 - 0.03 0.75 34704
aoD2AG 5e4 5 116 - 0.03 0.81 37728
aoD2SG 5e4 5 116 - 0.04 0.88 37940
dry 375e2 2 46 - 0.03 0.11 27516
aoDLAV 375e2 2 46 - 0.04 0.23 31784
aoULAV 375e2 2 46 - 0.03 0.23 32604
aoD2AG 375e2 2 46 - 0.03 0.28 35516
aoD2SG 375e2 2 46 - 0.03 0.29 35532
dry 1e2 5 115 - 0.02 0.12 25996
aoDLAV 1e2 5 115 - 0.02 0.15 30216
aoULAV 1e2 5 115 - 0.03 0.14 30228
aoD2AG 1e2 5 115 - 0.03 0.14 30388
aoD2SG 1e2 5 115 - 0.02 0.16 30388
moore 1e2 5 115 - 0.03 0.23 30492
nbpm 1e2 5 115 - 0.09 2.19 53024
greedy 1e2 5 115 - 0.03 0.15 30924
dry 1e2 10 26 - 0.02 0.12 26004
aoDLAV 1e2 10 26 - 0.02 0.15 30260
aoULAV 1e2 10 26 - 0.03 0.14 30272
aoD2AG 1e2 10 26 - 0.03 0.14 30440
aoD2SG 1e2 10 26 - 0.03 0.14 30448
moore 1e2 10 26 - 0.03 0.25 30496
nbpm 1e2 10 26 - 0.07 2.21 53076
greedy 1e2 10 26 - 0.03 0.15 30976
dry 1e1 2 234 - 0.02 0.12 25996
aoDLAV 1e1 2 234 - 0.02 0.15 30184
aoULAV 1e1 2 234 - 0.03 0.14 30176
aoD2AG 1e1 2 234 - 0.03 0.14 30312
aoD2SG 1e1 2 234 - 0.02 0.15 30312
moore 1e1 2 234 - 0.03 0.18 30480
nbpm 1e1 2 234 - 0.07 2.20 49816
greedy 1e1 2 234 - 0.03 0.14 30124
dry 325e2 2 17 - 0.02 0.12 27320
aoDLAV 325e2 2 17 - 0.02 0.23 31372
aoULAV 325e2 2 17 - 0.04 0.22 32124
aoD2AG 325e2 2 17 - 0.03 0.26 35000
aoD2SG 325e2 2 17 - 0.03 0.27 34756
dry 1e3 2 111 - 0.02 0.12 26020
aoDLAV 1e3 2 111 - 0.03 0.14 30280
aoULAV 1e3 2 111 - 0.03 0.15 30292
aoD2AG 1e3 2 111 - 0.02 0.15 30552
aoD2SG 1e3 2 111 - 0.03 0.15 30572
moore 1e3 2 111 - 0.04 2.75 59932
nbpm 1e3 2 111 - 0.12 4.15 138560
greedy 1e3 2 111 - 0.07 1.06 139244
dry 18e1 2 160 - 0.02 0.12 27952
aoDLAV 18e1 2 160 - 0.02 0.14 30184
aoULAV 18e1 2 160 - 0.04 0.14 30196
aoD2AG 18e1 2 160 - 0.02 0.15 30356
aoD2SG 18e1 2 160 - 0.03 0.14 30364
moore 18e1 2 160 - 0.03 0.26 30488
nbpm 18e1 2 160 - 0.09 2.19 54432
greedy 18e1 2 160 - 0.02 0.16 33348
dry 1e2 10 100 - 0.02 0.12 26004
aoDLAV 1e2 10 100 - 0.03 0.14 30260
aoULAV 1e2 10 100 - 0.03 0.14 30272
aoD2AG 1e2 10 100 - 0.02 0.15 30456
aoD2SG 1e2 10 100 - 0.02 0.15 30448
moore 1e2 10 100 - 0.03 0.22 30496
nbpm 1e2 10 100 - 0.09 2.18 53100
greedy 1e2 10 100 - 0.03 0.14 30972
dry 56e4 2 92 - 0.03 0.19 41104
aoDLAV 56e4 2 92 - 0.08 2.09 107984
aoULAV 56e4 2 92 - 0.09 2.21 107984
aoD2AG 56e4 2 92 - 0.12 3.17 139464
aoD2SG 56e4 2 92 - 0.12 3.43 143040
dry 1e5 2 143 - 0.03 0.13 30080
aoDLAV 1e5 2 143 - 0.04 0.43 34800
aoULAV 1e5 2 143 - 0.05 0.44 35320
aoD2AG 1e5 2 143 - 0.04 0.59 42596
aoD2SG 1e5 2 143 - 0.05 0.64 43800
dry 250e2 2 112 - 0.02 0.12 30624
aoDLAV 250e2 2 112 - 0.03 0.21 31112
aoULAV 250e2 2 112 - 0.03 0.21 31216
aoD2AG 250e2 2 112 - 0.04 0.23 33864
aoD2SG 250e2 2 112 - 0.03 0.24 33964
dry 5e4 2 234 - 0.03 0.12 29444
aoDLAV 5e4 2 234 - 0.03 0.29 33008
aoULAV 5e4 2 234 - 0.03 0.28 33312
aoD2AG 5e4 2 234 - 0.04 0.34 36408
aoD2SG 5e4 2 234 - 0.03 0.38 36420
dry 1e6 2 68 - 0.05 0.20 49704
aoDLAV 1e6 2 68 - 0.11 3.78 178460
aoULAV 1e6 2 68 - 0.13 3.96 178456
aoD2AG 1e6 2 68 - 0.17 5.77 233432
aoD2SG 1e6 2 68 - 0.19 6.44 241860
dry 325e2 2 2 - 0.02 0.13 27320
aoDLAV 325e2 2 2 - 0.03 0.22 31372
aoULAV 325e2 2 2 - 0.03 0.25 32084
aoD2AG 325e2 2 2 - 0.03 0.26 35004
aoD2SG 325e2 2 2 - 0.03 0.27 34764
dry 1e6 10 19 - 0.08 0.41 112232
aoDLAV 1e6 10 19 - 0.21 372.38 369884
aoULAV 1e6 10 19 - 0.31 488.05 369888
aoD2AG 1e6 10 19 - 0.40 363.50 448884
aoD2SG 1e6 10 19 - 0.42 413.35 458560
