dry 18e1 2 142 - 0.01 0.12 26004
aoDLAV 18e1 2 142 - 0.02 0.14 30184
aoULAV 18e1 2 142 - 0.02 0.14 30196
aoD2AG 18e1 2 142 - 0.03 0.14 30356
aoD2SG 18e1 2 142 - 0.02 0.15 30364
moore 18e1 2 142 - 0.04 0.19 30488
nbpm 18e1 2 142 - 0.08 2.20 54436
greedy 18e1 2 142 - 0.03 0.15 33348
dry 1e5 10 50 - 0.03 0.17 38400
aoDLAV 1e5 10 50 - 0.04 18.65 53536
aoULAV 1e5 10 50 - 0.32 18.88 55312
aoD2AG 1e5 10 50 - 0.04 32.32 63264
aoD2SG 1e5 10 50 - 0.06 26.57 66832
dry 56e4 2 7 - 0.04 0.19 41104
aoDLAV 56e4 2 7 - 0.07 2.15 107984
aoULAV 56e4 2 7 - 0.08 2.26 107984
aoD2AG 56e4 2 7 - 0.13 3.17 139716
aoD2SG 56e4 2 7 - 0.12 3.21 144548
dry 225e2 2 68 - 0.01 0.13 30576
aoDLAV 225e2 2 68 - 0.04 0.18 30980
aoULAV 225e2 2 68 - 0.03 0.19 30996
aoD2AG 225e2 2 68 - 0.02 0.21 33372
aoD2SG 225e2 2 68 - 0.02 0.22 33460
dry 375e2 2 127 - 0.02 0.12 27516
aoDLAV 375e2 2 127 - 0.02 0.23 31788
aoULAV 375e2 2 127 - 0.03 0.22 32604
aoD2AG 375e2 2 127 - 0.02 0.26 35516
aoD2SG 375e2 2 127 - 0.03 0.28 35528
dry 56e1 2 50 - 0.03 0.11 27956
aoDLAV 56e1 2 50 - 0.02 0.15 30224
aoULAV 56e1 2 50 - 0.03 0.13 30236
aoD2AG 56e1 2 50 - 0.02 0.15 30416
aoD2SG 56e1 2 50 - 0.03 0.14 30428
moore 56e1 2 50 - 0.04 1.51 39652
nbpm 56e1 2 50 - 0.09 2.83 78704
greedy 56e1 2 50 - 0.04 0.37 64104
dry 5e4 10 152 - 0.03 0.13 33888
aoDLAV 5e4 10 152 - 0.04 6.75 40200
aoULAV 5e4 10 152 - 0.05 6.71 40204
aoD2AG 5e4 10 152 - 0.11 8.30 44980
aoD2SG 5e4 10 152 - 0.08 9.07 44992
dry 18e4 2 116 - 0.03 0.14 33104
aoDLAV 18e4 2 116 - 0.06 0.78 47860
aoULAV 18e4 2 116 - 0.04 0.80 47860
aoD2AG 18e4 2 116 - 0.06 1.05 58648
aoD2SG 18e4 2 116 - 0.05 1.08 59960
dry 1e3 5 144 - 0.03 0.11 26056
aoDLAV 1e3 5 144 - 0.04 0.14 30424
aoULAV 1e3 5 144 - 0.03 0.14 30436
aoD2AG 1e3 5 144 - 0.02 0.15 30748
aoD2SG 1e3 5 144 - 0.03 0.14 30784
moore 1e3 5 144 - 0.04 1.70 59828
nbpm 1e3 5 144 - 0.10 4.48 129244
greedy 1e3 5 144 - 0.09 1.02 139388
dry 32e1 2 62 - 0.02 0.12 26000
aoDLAV 32e1 2 62 - 0.03 0.14 30196
aoULAV 32e1 2 62 - 0.03 0.14 30208
aoD2AG 32e1 2 62 - 0.02 0.15 30376
aoD2SG 32e1 2 62 - 0.03 0.13 30388
moore 32e1 2 62 - 0.03 0.24 33680
nbpm 32e1 2 62 - 0.07 2.38 58300
greedy 32e1 2 62 - 0.03 0.22 40972
dry 5e4 5 52 - 0.04 0.13 30160
aoDLAV 5e4 5 52 - 0.04 0.84 34704
aoULAV 5e4 5 52 - 0.03 0.79 34704
aoD2AG 5e4 5 52 - 0.03 0.86 37728
aoD2SG 5e4 5 52 - 0.04 1.16 37936
dry 32e4 2 212 - 0.03 0.16 36428
aoDLAV 32e4 2 212 - 0.07 1.29 70832
aoULAV 32e4 2 212 - 0.06 1.29 70840
aoD2AG 32e4 2 212 - 0.10 1.83 88764
aoD2SG 32e4 2 212 - 0.10 1.90 91744
dry 32e3 2 248 - 0.03 0.11 27296
aoDLAV 32e3 2 248 - 0.02 0.22 31440
aoULAV 32e3 2 248 - 0.03 0.21 32144
aoD2AG 32e3 2 248 - 0.03 0.24 35020
aoD2SG 32e3 2 248 - 0.03 0.25 34784
dry 18e4 2 245 - 0.04 0.13 33104
aoDLAV 18e4 2 245 - 0.04 0.77 47860
aoULAV 18e4 2 245 - 0.05 0.78 47860
aoD2AG 18e4 2 245 - 0.05 1.00 58652
aoD2SG 18e4 2 245 - 0.07 1.13 60148
dry 1e2 10 170 - 0.02 0.11 26004
aoDLAV 1e2 10 170 - 0.03 0.13 30264
aoULAV 1e2 10 170 - 0.03 0.13 30276
aoD2AG 1e2 10 170 - 0.02 0.15 30432
aoD2SG 1e2 10 170 - 0.03 0.14 30436
moore 1e2 10 170 - 0.03 0.21 30500
nbpm 1e2 10 170 - 0.08 2.13 53076
greedy 1e2 10 170 - 0.03 0.14 30976
dry 1e6 2 174 - 0.04 0.20 49704
aoDLAV 1e6 2 174 - 0.11 3.75 178456
aoULAV 1e6 2 174 - 0.10 3.88 178456
aoD2AG 1e6 2 174 - 0.17 5.39 232856
aoD2SG 1e6 2 174 - 0.18 6.30 244788
dry 300e2 2 138 - 0.02 0.12 27216
aoDLAV 300e2 2 138 - 0.02 0.23 31300
aoULAV 300e2 2 138 - 0.03 0.22 31892
aoD2AG 300e2 2 138 - 0.03 0.24 35084
aoD2SG 300e2 2 138 - 0.03 0.25 34720
dry 350e2 2 215 - 0.03 0.11 29440
aoDLAV 350e2 2 215 - 0.03 0.23 31528
aoULAV 350e2 2 215 - 0.03 0.23 32264
aoD2AG 350e2 2 215 - 0.03 0.27 34848
aoD2SG 350e2 2 215 - 0.03 0.27 35132
dry 56e1 2 23 - 0.02 0.11 26008
aoDLAV 56e1 2 23 - 0.03 0.14 30224
aoULAV 56e1 2 23 - 0.03 0.14 30232
aoD2AG 56e1 2 23 - 0.03 0.15 30416
aoD2SG 56e1 2 23 - 0.03 0.14 30428
moore 56e1 2 23 - 0.03 0.79 39692
nbpm 56e1 2 23 - 0.11 2.90 78712
greedy 56e1 2 23 - 0.05 0.40 64104
dry 325e2 2 181 - 0.02 0.12 29008
aoDLAV 325e2 2 181 - 0.03 0.22 31372
aoULAV 325e2 2 181 - 0.02 0.22 32084
aoD2AG 325e2 2 181 - 0.03 0.26 35040
aoD2SG 325e2 2 181 - 0.03 0.27 34776
dry 56e3 2 46 - 0.02 0.12 31240
aoDLAV 56e3 2 46 - 0.02 0.29 33480
aoULAV 56e3 2 46 - 0.03 0.28 34696
aoD2AG 56e3 2 46 - 0.03 0.35 37284
aoD2SG 56e3 2 46 - 0.03 0.39 37296
dry 56e4 2 139 - 0.04 0.18 41104
aoDLAV 56e4 2 139 - 0.08 1.99 107988
aoULAV 56e4 2 139 - 0.09 2.10 107988
aoD2AG 56e4 2 139 - 0.12 3.11 140472
aoD2SG 56e4 2 139 - 0.13 3.45 144824
dry 1e5 10 17 - 0.04 0.19 38396
aoDLAV 1e5 10 17 - 0.18 24.02 53536
aoULAV 1e5 10 17 - 0.20 23.04 55312
aoD2AG 1e5 10 17 - 0.19 23.07 62936
aoD2SG 1e5 10 17 - 0.18 25.89 66832
dry 32e4 2 32 - 0.03 0.16 36428
aoDLAV 32e4 2 32 - 0.06 1.31 70828
aoULAV 32e4 2 32 - 0.07 1.34 70844
aoD2AG 32e4 2 32 - 0.08 1.66 88804
aoD2SG 32e4 2 32 - 0.06 1.86 90768
dry 5e4 10 235 - 0.03 0.13 33888
aoDLAV 5e4 10 235 - 0.04 6.95 40200
aoULAV 5e4 10 235 - 0.04 6.94 40200
aoD2AG 5e4 10 235 - 0.04 6.92 44984
aoD2SG 5e4 10 235 - 0.05 7.88 45000
dry 56e1 2 40 - 0.02 0.12 26008
aoDLAV 56e1 2 40 - 0.02 0.15 30220
aoULAV 56e1 2 40 - 0.02 0.15 30236
aoD2AG 56e1 2 40 - 0.02 0.15 30416
aoD2SG 56e1 2 40 - 0.02 0.15 30428
moore 56e1 2 40 - 0.04 1.64 39664
nbpm 56e1 2 40 - 0.13 2.82 78712
greedy 56e1 2 40 - 0.05 0.37 64104
dry 1e2 2 243 - 0.02 0.12 25992
aoDLAV 1e2 2 243 - 0.03 0.14 30168
aoULAV 1e2 2 243 - 0.03 0.14 30180
aoD2AG 1e2 2 243 - 0.03 0.14 30336
aoD2SG 1e2 2 243 - 0.02 0.14 30340
moore 1e2 2 243 - 0.03 0.18 30480
nbpm 1e2 2 243 - 0.08 2.09 53004
greedy 1e2 2 243 - 0.03 0.14 30880
dry 18e1 2 152 - 0.02 0.12 27952
aoDLAV 18e1 2 152 - 0.03 0.14 30184
aoULAV 18e1 2 152 - 0.02 0.14 30200
aoD2AG 18e1 2 152 - 0.03 0.14 30360
aoD2SG 18e1 2 152 - 0.02 0.14 30368
moore 18e1 2 152 - 0.02 0.31 30496
nbpm 18e1 2 152 - 0.08 2.12 54444
greedy 18e1 2 152 - 0.03 0.16 33352
dry 1e5 10 104 - 0.03 0.18 38396
aoDLAV 1e5 10 104 - 0.04 20.15 53536
aoULAV 1e5 10 104 - 0.05 23.24 55312
aoD2AG 1e5 10 104 - 0.05 20.10 62632
aoD2SG 1e5 10 104 - 0.06 23.76 66944
dry 56e4 2 158 - 0.03 0.18 41108
aoDLAV 56e4 2 158 - 0.07 2.01 107984
aoULAV 56e4 2 158 - 0.08 2.13 107984
aoD2AG 56e4 2 158 - 0.11 3.00 139168
aoD2SG 56e4 2 158 - 0.13 3.33 144260
dry 1e2 2 70 - 0.02 0.12 25992
aoDLAV 1e2 2 70 - 0.02 0.14 30168
aoULAV 1e2 2 70 - 0.02 0.15 30180
aoD2AG 1e2 2 70 - 0.03 0.14 30340
aoD2SG 1e2 2 70 - 0.02 0.14 30344
moore 1e2 2 70 - 0.02 0.21 30480
nbpm 1e2 2 70 - 0.07 2.16 53000
greedy 1e2 2 70 - 0.02 0.15 30880
dry 1e3 5 184 - 0.03 0.11 26056
aoDLAV 1e3 5 184 - 0.02 0.15 30428
aoULAV 1e3 5 184 - 0.02 0.15 30436
aoD2AG 1e3 5 184 - 0.02 0.15 30736
aoD2SG 1e3 5 184 - 0.02 0.15 30768
moore 1e3 5 184 - 0.05 2.50 59828
nbpm 1e3 5 184 - 0.13 4.34 129244
greedy 1e3 5 184 - 0.08 1.00 139388
dry 300e2 2 43 - 0.03 0.11 30724
aoDLAV 300e2 2 43 - 0.03 0.22 31300
aoULAV 300e2 2 43 - 0.03 0.22 31896
aoD2AG 300e2 2 43 - 0.03 0.25 35056
aoD2SG 300e2 2 43 - 0.04 0.25 34716
dry 375e2 2 216 - 0.02 0.12 27516
aoDLAV 375e2 2 216 - 0.03 0.23 31784
aoULAV 375e2 2 216 - 0.02 0.24 32604
aoD2AG 375e2 2 216 - 0.04 0.27 35516
aoD2SG 375e2 2 216 - 0.03 0.29 35528
dry 1e3 2 70 - 0.03 0.11 26020
aoDLAV 1e3 2 70 - 0.02 0.15 30284
aoULAV 1e3 2 70 - 0.03 0.14 30296
aoD2AG 1e3 2 70 - 0.03 0.14 30536
aoD2SG 1e3 2 70 - 0.02 0.15 30564
moore 1e3 2 70 - 0.04 3.98 59776
nbpm 1e3 2 70 - 0.12 4.11 138664
greedy 1e3 2 70 - 0.08 1.04 139244
dry 56e1 2 38 - 0.02 0.12 26012
aoDLAV 56e1 2 38 - 0.03 0.14 30224
aoULAV 56e1 2 38 - 0.03 0.14 30232
aoD2AG 56e1 2 38 - 0.03 0.14 30416
aoD2SG 56e1 2 38 - 0.03 0.14 30428
moore 56e1 2 38 - 0.03 1.59 39664
nbpm 56e1 2 38 - 0.10 2.91 78712
greedy 56e1 2 38 - 0.05 0.38 64108
dry 1e3 10 125 - 0.01 0.12 26136
aoDLAV 1e3 10 125 - 0.02 0.16 30652
aoULAV 1e3 10 125 - 0.02 0.16 30664
aoD2AG 1e3 10 125 - 0.02 0.16 31064
aoD2SG 1e3 10 125 - 0.03 0.16 31088
moore 1e3 10 125 - 0.05 4.40 59840
nbpm 1e3 10 125 - 0.10 4.68 136140
greedy 1e3 10 125 - 0.09 1.03 139616
dry 5e4 2 77 - 0.02 0.12 28000
aoDLAV 5e4 2 77 - 0.02 0.28 33012
aoULAV 5e4 2 77 - 0.04 0.27 33312
aoD2AG 5e4 2 77 - 0.03 0.34 36412
aoD2SG 5e4 2 77 - 0.03 0.36 36428
dry 225e2 2 114 - 0.03 0.11 26920
aoDLAV 225e2 2 114 - 0.03 0.19 30980
aoULAV 225e2 2 114 - 0.03 0.19 30992
aoD2AG 225e2 2 114 - 0.03 0.21 33368
aoD2SG 225e2 2 114 - 0.04 0.21 33468
dry 1e3 2 190 - 0.03 0.11 26020
aoDLAV 1e3 2 190 - 0.03 0.14 30284
aoULAV 1e3 2 190 - 0.03 0.14 30292
aoD2AG 1e3 2 190 - 0.02 0.15 30532
aoD2SG 1e3 2 190 - 0.03 0.14 30556
moore 1e3 2 190 - 0.05 4.83 59772
nbpm 1e3 2 190 - 0.13 4.03 138556
greedy 1e3 2 190 - 0.09 1.04 139248
dry 5e4 2 99 - 0.03 0.12 28000
aoDLAV 5e4 2 99 - 0.03 0.28 33008
aoULAV 5e4 2 99 - 0.03 0.28 33312
aoD2AG 5e4 2 99 - 0.04 0.34 36408
aoD2SG 5e4 2 99 - 0.03 0.37 36420
dry 1e6 2 61 - 0.05 0.19 49704
aoDLAV 1e6 2 61 - 0.10 3.82 178456
aoULAV 1e6 2 61 - 0.11 4.02 178460
aoD2AG 1e6 2 61 - 0.15 5.76 233344
aoD2SG 1e6 2 61 - 0.20 6.49 242708
dry 18e4 2 211 - 0.03 0.14 33104
aoDLAV 18e4 2 211 - 0.05 0.76 47864
aoULAV 18e4 2 211 - 0.06 0.79 47864
aoD2AG 18e4 2 211 - 0.05 1.02 58648
aoD2SG 18e4 2 211 - 0.06 1.13 60096
dry 1e2 5 161 - 0.03 0.11 25996
aoDLAV 1e2 5 161 - 0.03 0.14 30216
aoULAV 1e2 5 161 - 0.03 0.14 30228
aoD2AG 1e2 5 161 - 0.03 0.14 30384
aoD2SG 1e2 5 161 - 0.03 0.14 30388
moore 1e2 5 161 - 0.04 0.19 30492
nbpm 1e2 5 161 - 0.07 2.18 53020
greedy 1e2 5 161 - 0.03 0.14 30920
dry 350e2 2 235 - 0.02 0.12 27420
aoDLAV 350e2 2 235 - 0.03 0.23 31480
aoULAV 350e2 2 235 - 0.03 0.24 32260
aoD2AG 350e2 2 235 - 0.03 0.27 34848
aoD2SG 350e2 2 235 - 0.04 0.28 35132
dry 1e6 5 129 - 0.06 0.27 73156
aoDLAV 1e6 5 129 - 0.17 19.63 252688
aoULAV 1e6 5 129 - 0.15 19.85 252692
aoD2AG 1e6 5 129 - 0.24 21.68 324352
aoD2SG 1e6 5 129 - 0.23 25.35 331776
dry 325e2 2 250 - 0.03 0.11 27316
aoDLAV 325e2 2 250 - 0.03 0.21 31376
aoULAV 325e2 2 250 - 0.03 0.22 32084
aoD2AG 325e2 2 250 - 0.02 0.25 35000
aoD2SG 325e2 2 250 - 0.03 0.25 34764
dry 1e3 5 235 - 0.02 0.11 26056
aoDLAV 1e3 5 235 - 0.02 0.14 30424
aoULAV 1e3 5 235 - 0.03 0.14 30440
aoD2AG 1e3 5 235 - 0.03 0.14 30736
aoD2SG 1e3 5 235 - 0.02 0.15 30764
moore 1e3 5 235 - 0.05 2.39 59832
nbpm 1e3 5 235 - 0.12 4.63 129244
greedy 1e3 5 235 - 0.09 1.01 139388
dry 1e1 2 53 - 0.02 0.12 25992
aoDLAV 1e1 2 53 - 0.02 0.14 30164
aoULAV 1e1 2 53 - 0.02 0.14 30172
aoD2AG 1e1 2 53 - 0.02 0.15 30316
aoD2SG 1e1 2 53 - 0.02 0.14 30324
moore 1e1 2 53 - 0.03 0.17 30476
nbpm 1e1 2 53 - 0.06 2.13 49812
greedy 1e1 2 53 - 0.03 0.13 30124
dry 250e2 2 91 - 0.03 0.11 27024
aoDLAV 250e2 2 91 - 0.03 0.19 31108
aoULAV 250e2 2 91 - 0.03 0.19 31216
aoD2AG 250e2 2 91 - 0.03 0.22 33860
aoD2SG 250e2 2 91 - 0.02 0.23 33964
dry 300e2 2 160 - 0.02 0.11 27220
aoDLAV 300e2 2 160 - 0.03 0.21 31296
aoULAV 300e2 2 160 - 0.02 0.22 31896
aoD2AG 300e2 2 160 - 0.02 0.24 35060
aoD2SG 300e2 2 160 - 0.03 0.26 34720
dry 1e3 2 167 - 0.02 0.12 26020
aoDLAV 1e3 2 167 - 0.02 0.15 30280
aoULAV 1e3 2 167 - 0.03 0.14 30296
aoD2AG 1e3 2 167 - 0.03 0.14 30540
aoD2SG 1e3 2 167 - 0.02 0.14 30552
moore 1e3 2 167 - 0.04 7.75 59832
nbpm 1e3 2 167 - 0.12 4.10 138556
greedy 1e3 2 167 - 0.07 1.03 139244
dry 56e1 2 120 - 0.02 0.11 26008
aoDLAV 56e1 2 120 - 0.02 0.14 30220
aoULAV 56e1 2 120 - 0.02 0.14 30232
aoD2AG 56e1 2 120 - 0.03 0.14 30416
aoD2SG 56e1 2 120 - 0.02 0.15 30424
moore 56e1 2 120 - 0.03 2.16 39652
nbpm 56e1 2 120 - 0.09 2.94 78704
greedy 56e1 2 120 - 0.03 0.39 64108
dry 350e2 2 95 - 0.03 0.11 27416
aoDLAV 350e2 2 95 - 0.02 0.23 31480
aoULAV 350e2 2 95 - 0.02 0.23 32260
aoD2AG 350e2 2 95 - 0.03 0.25 34852
aoD2SG 350e2 2 95 - 0.02 0.28 35136
dry 5e4 10 208 - 0.03 0.14 33892
aoDLAV 5e4 10 208 - 0.03 7.72 40200
aoULAV 5e4 10 208 - 0.04 8.42 40200
aoD2AG 5e4 10 208 - 0.04 8.62 44984
aoD2SG 5e4 10 208 - 0.04 9.34 44996
dry 1e3 5 215 - 0.02 0.12 26056
aoDLAV 1e3 5 215 - 0.02 0.16 30428
aoULAV 1e3 5 215 - 0.02 0.16 30440
aoD2AG 1e3 5 215 - 0.02 0.15 30752
aoD2SG 1e3 5 215 - 0.03 0.14 30784
moore 1e3 5 215 - 0.04 4.07 59800
nbpm 1e3 5 215 - 0.11 4.45 129244
greedy 1e3 5 215 - 0.07 1.05 139392
dry 56e4 2 117 - 0.04 0.18 41108
aoDLAV 56e4 2 117 - 0.09 2.07 107984
aoULAV 56e4 2 117 - 0.09 2.15 107984
aoD2AG 56e4 2 117 - 0.11 3.13 139608
aoD2SG 56e4 2 117 - 0.10 3.49 144252
dry 1e3 2 219 - 0.02 0.12 26020
aoDLAV 1e3 2 219 - 0.03 0.14 30280
aoULAV 1e3 2 219 - 0.03 0.14 30296
aoD2AG 1e3 2 219 - 0.03 0.15 30540
aoD2SG 1e3 2 219 - 0.03 0.14 30556
moore 1e3 2 219 - 0.06 5.66 59776
nbpm 1e3 2 219 - 0.13 4.08 138560
greedy 1e3 2 219 - 0.09 1.04 139248
dry 1e6 2 243 - 0.05 0.19 49704
aoDLAV 1e6 2 243 - 0.12 3.78 178456
aoULAV 1e6 2 243 - 0.13 3.98 178460
aoD2AG 1e6 2 243 - 0.17 5.70 233180
aoD2SG 1e6 2 243 - 0.18 6.47 242508
dry 56e1 2 117 - 0.02 0.12 26008
aoDLAV 56e1 2 117 - 0.03 0.14 30220
aoULAV 56e1 2 117 - 0.03 0.14 30236
aoD2AG 56e1 2 117 - 0.02 0.15 30420
aoD2SG 56e1 2 117 - 0.02 0.15 30428
moore 56e1 2 117 - 0.04 0.45 39680
nbpm 56e1 2 117 - 0.10 2.95 78704
greedy 56e1 2 117 - 0.03 0.40 64108
dry 375e2 2 2 - 0.02 0.12 27516
aoDLAV 375e2 2 2 - 0.02 0.24 31788
aoULAV 375e2 2 2 - 0.03 0.24 32604
aoD2AG 375e2 2 2 - 0.03 0.28 35516
aoD2SG 375e2 2 2 - 0.03 0.30 35528
dry 225e2 2 157 - 0.03 0.11 28868
aoDLAV 225e2 2 157 - 0.03 0.20 30980
aoULAV 225e2 2 157 - 0.02 0.21 30992
aoD2AG 225e2 2 157 - 0.04 0.20 33368
aoD2SG 225e2 2 157 - 0.03 0.23 33464
dry 1e5 2 14 - 0.02 0.13 32124
aoDLAV 1e5 2 14 - 0.04 0.44 34800
aoULAV 1e5 2 14 - 0.04 0.45 35320
aoD2AG 1e5 2 14 - 0.04 0.58 42940
aoD2SG 1e5 2 14 - 0.04 0.65 43804
dry 1e2 2 144 - 0.03 0.11 25992
aoDLAV 1e2 2 144 - 0.03 0.14 30168
aoULAV 1e2 2 144 - 0.02 0.15 30180
aoD2AG 1e2 2 144 - 0.02 0.15 30336
aoD2SG 1e2 2 144 - 0.03 0.14 30340
moore 1e2 2 144 - 0.03 0.24 30488
nbpm 1e2 2 144 - 0.07 2.16 53008
greedy 1e2 2 144 - 0.03 0.14 30884
dry 325e2 2 27 - 0.03 0.11 27316
aoDLAV 325e2 2 27 - 0.03 0.22 31376
aoULAV 325e2 2 27 - 0.03 0.23 32084
aoD2AG 325e2 2 27 - 0.03 0.25 35000
aoD2SG 325e2 2 27 - 0.03 0.27 34764
dry 350e2 2 174 - 0.03 0.12 29136
aoDLAV 350e2 2 174 - 0.03 0.23 31480
aoULAV 350e2 2 174 - 0.03 0.24 32264
aoD2AG 350e2 2 174 - 0.03 0.27 34848
aoD2SG 350e2 2 174 - 0.04 0.27 35132
dry 18e1 2 77 - 0.02 0.12 26004
aoDLAV 18e1 2 77 - 0.03 0.14 30184
aoULAV 18e1 2 77 - 0.02 0.15 30196
aoD2AG 18e1 2 77 - 0.03 0.14 30356
aoD2SG 18e1 2 77 - 0.03 0.14 30364
moore 18e1 2 77 - 0.02 0.24 30488
nbpm 18e1 2 77 - 0.08 2.17 54436
greedy 18e1 2 77 - 0.03 0.16 33348
dry 250e2 2 232 - 0.03 0.11 27024
aoDLAV 250e2 2 232 - 0.03 0.20 31108
aoULAV 250e2 2 232 - 0.02 0.21 31216
aoD2AG 250e2 2 232 - 0.03 0.23 33860
aoD2SG 250e2 2 232 - 0.03 0.23 33960
dry 32e1 2 124 - 0.01 0.13 26000
aoDLAV 32e1 2 124 - 0.02 0.15 30196
aoULAV 32e1 2 124 - 0.03 0.14 30208
aoD2AG 32e1 2 124 - 0.02 0.15 30376
aoD2SG 32e1 2 124 - 0.03 0.14 30384
moore 32e1 2 124 - 0.03 0.53 33676
nbpm 32e1 2 124 - 0.08 2.38 58300
greedy 32e1 2 124 - 0.03 0.21 40972
dry 1e5 2 189 - 0.03 0.13 30568
aoDLAV 1e5 2 189 - 0.05 0.44 34800
aoULAV 1e5 2 189 - 0.04 0.44 35320
aoD2AG 1e5 2 189 - 0.04 0.58 42600
aoD2SG 1e5 2 189 - 0.03 0.66 43808
dry 5e4 10 237 - 0.03 0.13 33888
aoDLAV 5e4 10 237 - 0.04 8.16 40204
aoULAV 5e4 10 237 - 0.04 8.25 40200
aoD2AG 5e4 10 237 - 0.06 7.66 44980
aoD2SG 5e4 10 237 - 0.05 8.77 45000
dry 32e4 2 167 - 0.04 0.15 36424
aoDLAV 32e4 2 167 - 0.07 1.23 70828
aoULAV 32e4 2 167 - 0.06 1.24 70844
aoD2AG 32e4 2 167 - 0.07 1.74 89068
aoD2SG 32e4 2 167 - 0.09 1.92 91720
dry 225e2 2 203 - 0.03 0.11 28900
aoDLAV 225e2 2 203 - 0.03 0.19 30980
aoULAV 225e2 2 203 - 0.03 0.20 30992
aoD2AG 225e2 2 203 - 0.03 0.21 33372
aoD2SG 225e2 2 203 - 0.03 0.22 33464
dry 56e3 2 109 - 0.02 0.13 29692
aoDLAV 56e3 2 109 - 0.03 0.29 33476
aoULAV 56e3 2 109 - 0.03 0.29 34700
aoD2AG 56e3 2 109 - 0.03 0.36 37284
aoD2SG 56e3 2 109 - 0.04 0.38 37296
dry 5e4 2 55 - 0.03 0.11 29748
aoDLAV 5e4 2 55 - 0.03 0.27 33008
aoULAV 5e4 2 55 - 0.03 0.27 33316
aoD2AG 5e4 2 55 - 0.04 0.33 36408
aoD2SG 5e4 2 55 - 0.03 0.35 36424
dry 56e4 2 14 - 0.04 0.18 41104
aoDLAV 56e4 2 14 - 0.08 2.05 107984
aoULAV 56e4 2 14 - 0.09 2.15 107984
aoD2AG 56e4 2 14 - 0.11 3.05 140404
aoD2SG 56e4 2 14 - 0.13 3.38 143560
dry 375e2 2 19 - 0.02 0.12 27516
aoDLAV 375e2 2 19 - 0.03 0.23 31784
aoULAV 375e2 2 19 - 0.03 0.23 32604
aoD2AG 375e2 2 19 - 0.03 0.27 35516
aoD2SG 375e2 2 19 - 0.03 0.28 35528
dry 1e2 2 79 - 0.02 0.11 25996
aoDLAV 1e2 2 79 - 0.02 0.15 30168
aoULAV 1e2 2 79 - 0.03 0.14 30184
aoD2AG 1e2 2 79 - 0.03 0.14 30336
aoD2SG 1e2 2 79 - 0.02 0.15 30348
moore 1e2 2 79 - 0.03 0.23 30480
nbpm 1e2 2 79 - 0.09 2.13 53004
greedy 1e2 2 79 - 0.02 0.15 30880
dry 275e2 2 247 - 0.02 0.12 27120
aoDLAV 275e2 2 247 - 0.03 0.21 31244
aoULAV 275e2 2 247 - 0.03 0.21 31572
aoD2AG 275e2 2 247 - 0.03 0.23 34700
aoD2SG 275e2 2 247 - 0.03 0.25 34812
dry 400e2 2 84 - 0.03 0.11 29440
aoDLAV 400e2 2 84 - 0.03 0.24 32240
aoULAV 400e2 2 84 - 0.02 0.24 33116
aoD2AG 400e2 2 84 - 0.03 0.28 36072
aoD2SG 400e2 2 84 - 0.03 0.29 35928
dry 275e2 2 146 - 0.02 0.12 27124
aoDLAV 275e2 2 146 - 0.02 0.21 31244
aoULAV 275e2 2 146 - 0.03 0.21 31568
aoD2AG 275e2 2 146 - 0.03 0.23 34692
aoD2SG 275e2 2 146 - 0.03 0.24 34856
dry 1e6 5 212 - 0.05 0.26 73152
aoDLAV 1e6 5 212 - 0.15 18.79 252688
aoULAV 1e6 5 212 - 0.15 19.12 252692
aoD2AG 1e6 5 212 - 0.20 21.20 324648
aoD2SG 1e6 5 212 - 0.23 24.65 333100
dry 375e2 2 239 - 0.03 0.11 27516
aoDLAV 375e2 2 239 - 0.02 0.23 31836
aoULAV 375e2 2 239 - 0.03 0.23 32608
aoD2AG 375e2 2 239 - 0.03 0.27 35516
aoD2SG 375e2 2 239 - 0.03 0.28 35532
dry 1e3 5 47 - 0.02 0.12 26060
aoDLAV 1e3 5 47 - 0.03 0.14 30424
aoULAV 1e3 5 47 - 0.03 0.14 30440
aoD2AG 1e3 5 47 - 0.03 0.14 30748
aoD2SG 1e3 5 47 - 0.03 0.14 30804
moore 1e3 5 47 - 0.05 6.62 59912
nbpm 1e3 5 47 - 0.13 4.47 129240
greedy 1e3 5 47 - 0.08 1.02 139388
dry 300e2 2 168 - 0.03 0.11 27216
aoDLAV 300e2 2 168 - 0.03 0.21 31300
aoULAV 300e2 2 168 - 0.03 0.22 31892
aoD2AG 300e2 2 168 - 0.03 0.24 35060
aoD2SG 300e2 2 168 - 0.03 0.24 34720
dry 300e2 2 46 - 0.03 0.11 27216
aoDLAV 300e2 2 46 - 0.03 0.21 31296
aoULAV 300e2 2 46 - 0.03 0.22 31892
aoD2AG 300e2 2 46 - 0.03 0.24 35060
aoD2SG 300e2 2 46 - 0.04 0.24 34716
dry 1e6 5 56 - 0.06 0.27 73152
aoDLAV 1e6 5 56 - 0.15 19.92 252692
aoULAV 1e6 5 56 - 0.15 19.69 252688
aoD2AG 1e6 5 56 - 0.22 21.56 323720
aoD2SG 1e6 5 56 - 0.28 25.19 332060
dry 400e2 2 168 - 0.02 0.12 27620
aoDLAV 400e2 2 168 - 0.02 0.25 32236
aoULAV 400e2 2 168 - 0.02 0.25 33112
aoD2AG 400e2 2 168 - 0.03 0.28 36088
aoD2SG 400e2 2 168 - 0.03 0.30 35932
dry 32e1 2 113 - 0.03 0.11 26000
aoDLAV 32e1 2 113 - 0.03 0.14 30200
aoULAV 32e1 2 113 - 0.03 0.14 30208
aoD2AG 32e1 2 113 - 0.02 0.15 30380
aoD2SG 32e1 2 113 - 0.02 0.15 30384
moore 32e1 2 113 - 0.03 0.36 33684
nbpm 32e1 2 113 - 0.09 2.37 58312
greedy 32e1 2 113 - 0.03 0.21 40976
dry 350e2 2 82 - 0.02 0.12 29044
aoDLAV 350e2 2 82 - 0.03 0.22 31484
aoULAV 350e2 2 82 - 0.03 0.22 32260
aoD2AG 350e2 2 82 - 0.05 0.25 34852
aoD2SG 350e2 2 82 - 0.03 0.28 35132
dry 1e3 2 23 - 0.03 0.11 26024
aoDLAV 1e3 2 23 - 0.03 0.15 30280
aoULAV 1e3 2 23 - 0.03 0.14 30292
aoD2AG 1e3 2 23 - 0.03 0.14 30540
aoD2SG 1e3 2 23 - 0.03 0.14 30560
moore 1e3 2 23 - 0.05 2.89 59796
nbpm 1e3 2 23 - 0.12 4.07 138552
greedy 1e3 2 23 - 0.08 1.02 139248
dry 1e6 10 220 - 0.08 0.39 112236
aoDLAV 1e6 10 220 - 0.20 374.22 369884
aoULAV 1e6 10 220 - 0.31 382.01 369888
aoD2AG 1e6 10 220 - 0.39 366.57 447028
aoD2SG 1e6 10 220 - 0.43 430.61 459920
dry 56e4 2 143 - 0.03 0.18 41104
aoDLAV 56e4 2 143 - 0.07 2.02 107988
aoULAV 56e4 2 143 - 0.08 2.10 107984
aoD2AG 56e4 2 143 - 0.11 2.90 140532
aoD2SG 56e4 2 143 - 0.11 3.28 146272
dry 56e1 2 48 - 0.02 0.11 26012
aoDLAV 56e1 2 48 - 0.03 0.13 30220
aoULAV 56e1 2 48 - 0.03 0.14 30236
aoD2AG 56e1 2 48 - 0.03 0.14 30472
aoD2SG 56e1 2 48 - 0.02 0.15 30428
moore 56e1 2 48 - 0.03 0.87 39688
nbpm 56e1 2 48 - 0.12 2.87 78716
greedy 56e1 2 48 - 0.05 0.38 64104
dry 1e6 5 146 - 0.05 0.26 73152
aoDLAV 1e6 5 146 - 0.14 18.17 252716
aoULAV 1e6 5 146 - 0.13 18.48 252688
aoD2AG 1e6 5 146 - 0.22 20.37 323496
aoD2SG 1e6 5 146 - 0.20 23.94 332584
dry 56e4 2 119 - 0.03 0.18 41104
aoDLAV 56e4 2 119 - 0.08 2.02 107988
aoULAV 56e4 2 119 - 0.08 2.10 107984
aoD2AG 56e4 2 119 - 0.12 2.97 139964
aoD2SG 56e4 2 119 - 0.11 3.58 144440
dry 56e4 2 135 - 0.04 0.18 41104
aoDLAV 56e4 2 135 - 0.08 2.11 107984
aoULAV 56e4 2 135 - 0.07 2.23 107984
aoD2AG 56e4 2 135 - 0.11 3.16 138632
aoD2SG 56e4 2 135 - 0.11 3.54 142812
dry 56e3 2 74 - 0.01 0.13 29804
aoDLAV 56e3 2 74 - 0.03 0.29 33476
aoULAV 56e3 2 74 - 0.04 0.29 34696
aoD2AG 56e3 2 74 - 0.03 0.37 37284
aoD2SG 56e3 2 74 - 0.03 0.39 37300
dry 5e4 2 240 - 0.03 0.11 29480
aoDLAV 5e4 2 240 - 0.02 0.28 33008
aoULAV 5e4 2 240 - 0.03 0.28 33312
aoD2AG 5e4 2 240 - 0.03 0.34 36412
aoD2SG 5e4 2 240 - 0.04 0.36 36428
dry 400e2 2 151 - 0.02 0.12 27616
aoDLAV 400e2 2 151 - 0.02 0.25 32236
aoULAV 400e2 2 151 - 0.02 0.25 33112
aoD2AG 400e2 2 151 - 0.03 0.28 36076
aoD2SG 400e2 2 151 - 0.03 0.30 35928
dry 1e5 2 156 - 0.03 0.13 30036
aoDLAV 1e5 2 156 - 0.04 0.44 34804
aoULAV 1e5 2 156 - 0.04 0.45 35320
aoD2AG 1e5 2 156 - 0.04 0.58 42596
aoD2SG 1e5 2 156 - 0.05 0.64 43800
dry 32e3 2 10 - 0.02 0.12 29068
aoDLAV 32e3 2 10 - 0.03 0.22 31492
aoULAV 32e3 2 10 - 0.03 0.22 32148
aoD2AG 32e3 2 10 - 0.04 0.25 35020
aoD2SG 32e3 2 10 - 0.04 0.26 34784
dry 325e2 2 69 - 0.02 0.12 30776
aoDLAV 325e2 2 69 - 0.03 0.22 31372
aoULAV 325e2 2 69 - 0.03 0.23 32084
aoD2AG 325e2 2 69 - 0.03 0.25 35000
aoD2SG 325e2 2 69 - 0.03 0.27 34760
dry 1e6 5 84 - 0.05 0.27 73156
aoDLAV 1e6 5 84 - 0.14 18.43 252692
aoULAV 1e6 5 84 - 0.13 18.65 252688
aoD2AG 1e6 5 84 - 0.20 20.58 323992
aoD2SG 1e6 5 84 - 0.26 23.92 333152
dry 32e3 2 164 - 0.04 0.10 27296
aoDLAV 32e3 2 164 - 0.03 0.21 31436
aoULAV 32e3 2 164 - 0.03 0.22 32144
aoD2AG 32e3 2 164 - 0.03 0.24 35044
aoD2SG 32e3 2 164 - 0.04 0.25 34788
dry 1e3 5 164 - 0.03 0.11 26056
aoDLAV 1e3 5 164 - 0.03 0.14 30468
aoULAV 1e3 5 164 - 0.03 0.14 30436
aoD2AG 1e3 5 164 - 0.03 0.15 30752
aoD2SG 1e3 5 164 - 0.03 0.15 30780
moore 1e3 5 164 - 0.04 7.23 59800
nbpm 1e3 5 164 - 0.15 4.38 129244
greedy 1e3 5 164 - 0.08 1.01 139388
dry 5e4 2 238 - 0.02 0.12 28004
aoDLAV 5e4 2 238 - 0.03 0.26 33012
aoULAV 5e4 2 238 - 0.04 0.26 33316
aoD2AG 5e4 2 238 - 0.04 0.32 36412
aoD2SG 5e4 2 238 - 0.04 0.34 36424
dry 1e3 5 193 - 0.02 0.11 26060
aoDLAV 1e3 5 193 - 0.03 0.14 30424
aoULAV 1e3 5 193 - 0.04 0.13 30436
aoD2AG 1e3 5 193 - 0.02 0.15 30748
aoD2SG 1e3 5 193 - 0.02 0.15 30768
moore 1e3 5 193 - 0.05 4.85 59804
nbpm 1e3 5 193 - 0.09 4.35 129244
greedy 1e3 5 193 - 0.09 1.00 139388
dry 325e2 2 48 - 0.03 0.12 27952
aoDLAV 325e2 2 48 - 0.03 0.22 31372
aoULAV 325e2 2 48 - 0.03 0.23 32084
aoD2AG 325e2 2 48 - 0.04 0.25 35000
aoD2SG 325e2 2 48 - 0.03 0.27 34756
dry 1e3 10 58 - 0.02 0.11 26136
aoDLAV 1e3 10 58 - 0.03 0.16 30656
aoULAV 1e3 10 58 - 0.03 0.16 30664
aoD2AG 1e3 10 58 - 0.03 0.17 31060
aoD2SG 1e3 10 58 - 0.04 0.16 31080
moore 1e3 10 58 - 0.05 7.85 59840
nbpm 1e3 10 58 - 0.11 4.99 136140
greedy 1e3 10 58 - 0.08 1.06 139616
dry 225e2 2 91 - 0.03 0.11 26924
aoDLAV 225e2 2 91 - 0.03 0.20 30980
aoULAV 225e2 2 91 - 0.02 0.20 30996
aoD2AG 225e2 2 91 - 0.03 0.22 33368
aoD2SG 225e2 2 91 - 0.04 0.22 33460
dry 56e1 2 222 - 0.02 0.12 26008
aoDLAV 56e1 2 222 - 0.02 0.15 30220
aoULAV 56e1 2 222 - 0.03 0.14 30236
aoD2AG 56e1 2 222 - 0.03 0.14 30416
aoD2SG 56e1 2 222 - 0.03 0.14 30424
moore 56e1 2 222 - 0.03 1.46 39656
nbpm 56e1 2 222 - 0.09 2.98 78704
greedy 56e1 2 222 - 0.05 0.39 64104
dry 400e2 2 124 - 0.03 0.12 27616
aoDLAV 400e2 2 124 - 0.04 0.24 32236
aoULAV 400e2 2 124 - 0.03 0.24 33112
aoD2AG 400e2 2 124 - 0.04 0.28 36072
aoD2SG 400e2 2 124 - 0.03 0.31 35928
dry 56e1 2 69 - 0.03 0.11 26008
aoDLAV 56e1 2 69 - 0.03 0.14 30224
aoULAV 56e1 2 69 - 0.02 0.15 30232
aoD2AG 56e1 2 69 - 0.03 0.14 30416
aoD2SG 56e1 2 69 - 0.03 0.14 30424
moore 56e1 2 69 - 0.04 2.82 39660
nbpm 56e1 2 69 - 0.10 2.98 78712
greedy 56e1 2 69 - 0.03 0.41 64120
dry 5e4 5 18 - 0.03 0.13 29984
aoDLAV 5e4 5 18 - 0.03 0.78 34704
aoULAV 5e4 5 18 - 0.03 0.78 34704
aoD2AG 5e4 5 18 - 0.04 0.83 37732
aoD2SG 5e4 5 18 - 0.04 0.91 37936
dry 1e5 2 22 - 0.02 0.13 30788
aoDLAV 1e5 2 22 - 0.03 0.46 34804
aoULAV 1e5 2 22 - 0.03 0.46 35320
aoD2AG 1e5 2 22 - 0.04 0.59 42600
aoD2SG 1e5 2 22 - 0.04 0.66 44108
dry 18e1 2 182 - 0.03 0.11 26004
aoDLAV 18e1 2 182 - 0.02 0.15 30184
aoULAV 18e1 2 182 - 0.03 0.14 30200
aoD2AG 18e1 2 182 - 0.02 0.15 30356
aoD2SG 18e1 2 182 - 0.03 0.15 30364
moore 18e1 2 182 - 0.03 0.36 30496
nbpm 18e1 2 182 - 0.08 2.21 54444
greedy 18e1 2 182 - 0.03 0.16 33348
dry 1e3 10 103 - 0.02 0.12 27956
aoDLAV 1e3 10 103 - 0.02 0.17 30652
aoULAV 1e3 10 103 - 0.03 0.16 30664
aoD2AG 1e3 10 103 - 0.03 0.16 31072
aoD2SG 1e3 10 103 - 0.03 0.17 31088
moore 1e3 10 103 - 0.05 3.15 59872
nbpm 1e3 10 103 - 0.13 4.95 136140
greedy 1e3 10 103 - 0.08 1.07 139616
dry 1e2 5 186 - 0.04 0.10 25996
aoDLAV 1e2 5 186 - 0.02 0.15 30212
aoULAV 1e2 5 186 - 0.03 0.14 30228
aoD2AG 1e2 5 186 - 0.02 0.15 30384
aoD2SG 1e2 5 186 - 0.02 0.15 30388
moore 1e2 5 186 - 0.04 0.21 30496
nbpm 1e2 5 186 - 0.07 2.19 53016
greedy 1e2 5 186 - 0.03 0.14 30924
dry 275e2 2 215 - 0.03 0.12 30676
aoDLAV 275e2 2 215 - 0.03 0.20 31288
aoULAV 275e2 2 215 - 0.03 0.21 31576
aoD2AG 275e2 2 215 - 0.04 0.23 34696
aoD2SG 275e2 2 215 - 0.03 0.25 34812
dry 18e4 2 156 - 0.03 0.13 33108
aoDLAV 18e4 2 156 - 0.05 0.79 47864
aoULAV 18e4 2 156 - 0.05 0.81 47860
aoD2AG 18e4 2 156 - 0.04 1.04 58640
aoD2SG 18e4 2 156 - 0.07 1.14 59892
dry 1e6 2 222 - 0.04 0.19 49704
aoDLAV 1e6 2 222 - 0.11 3.90 178456
aoULAV 1e6 2 222 - 0.12 4.11 178456
aoD2AG 1e6 2 222 - 0.17 5.86 233292
aoD2SG 1e6 2 222 - 0.19 6.62 241072
dry 32e1 2 204 - 0.02 0.12 26000
aoDLAV 32e1 2 204 - 0.03 0.14 30196
aoULAV 32e1 2 204 - 0.03 0.14 30212
aoD2AG 32e1 2 204 - 0.04 0.13 30376
aoD2SG 32e1 2 204 - 0.03 0.14 30384
moore 32e1 2 204 - 0.02 0.71 33676
nbpm 32e1 2 204 - 0.07 2.42 58300
greedy 32e1 2 204 - 0.04 0.21 40972
dry 1e6 5 71 - 0.06 0.27 73156
aoDLAV 1e6 5 71 - 0.14 20.04 252760
aoULAV 1e6 5 71 - 0.16 20.20 252688
aoD2AG 1e6 5 71 - 0.20 22.23 323916
aoD2SG 1e6 5 71 - 0.21 25.92 333176
dry 300e2 2 97 - 0.03 0.11 27216
aoDLAV 300e2 2 97 - 0.03 0.22 31296
aoULAV 300e2 2 97 - 0.03 0.22 31892
aoD2AG 300e2 2 97 - 0.03 0.25 35060
aoD2SG 300e2 2 97 - 0.03 0.26 34716
dry 225e2 2 221 - 0.02 0.12 26920
aoDLAV 225e2 2 221 - 0.03 0.19 30984
aoULAV 225e2 2 221 - 0.04 0.19 30996
aoD2AG 225e2 2 221 - 0.03 0.22 33368
aoD2SG 225e2 2 221 - 0.04 0.22 33460
dry 56e4 2 216 - 0.03 0.19 41104
aoDLAV 56e4 2 216 - 0.09 2.13 107988
aoULAV 56e4 2 216 - 0.07 2.33 107984
aoD2AG 56e4 2 216 - 0.12 3.20 139080
aoD2SG 56e4 2 216 - 0.13 3.55 143064
dry 1e2 5 62 - 0.03 0.11 27952
aoDLAV 1e2 5 62 - 0.02 0.15 30216
aoULAV 1e2 5 62 - 0.02 0.15 30224
aoD2AG 1e2 5 62 - 0.03 0.14 30384
aoD2SG 1e2 5 62 - 0.03 0.14 30388
moore 1e2 5 62 - 0.03 0.26 30496
nbpm 1e2 5 62 - 0.07 2.19 53016
greedy 1e2 5 62 - 0.03 0.14 30924
dry 1e2 5 112 - 0.03 0.11 25996
aoDLAV 1e2 5 112 - 0.03 0.14 30212
aoULAV 1e2 5 112 - 0.03 0.14 30224
aoD2AG 1e2 5 112 - 0.03 0.14 30384
aoD2SG 1e2 5 112 - 0.04 0.14 30392
moore 1e2 5 112 - 0.03 0.22 30492
nbpm 1e2 5 112 - 0.08 2.16 53016
greedy 1e2 5 112 - 0.03 0.14 30920
dry 32e1 2 111 - 0.02 0.12 26000
aoDLAV 32e1 2 111 - 0.04 0.13 30196
aoULAV 32e1 2 111 - 0.03 0.14 30212
aoD2AG 32e1 2 111 - 0.02 0.15 30380
aoD2SG 32e1 2 111 - 0.03 0.14 30384
moore 32e1 2 111 - 0.03 0.30 33696
nbpm 32e1 2 111 - 0.08 2.39 58300
greedy 32e1 2 111 - 0.03 0.22 40972
dry 1e2 5 20 - 0.02 0.12 26000
aoDLAV 1e2 5 20 - 0.03 0.14 30216
aoULAV 1e2 5 20 - 0.04 0.13 30224
aoD2AG 1e2 5 20 - 0.03 0.14 30384
aoD2SG 1e2 5 20 - 0.01 0.16 30388
moore 1e2 5 20 - 0.03 0.21 30496
nbpm 1e2 5 20 - 0.08 2.16 53012
greedy 1e2 5 20 - 0.03 0.15 30924
dry 32e3 2 15 - 0.02 0.12 27300
aoDLAV 32e3 2 15 - 0.03 0.22 31436
aoULAV 32e3 2 15 - 0.03 0.22 32148
aoD2AG 32e3 2 15 - 0.04 0.25 35024
aoD2SG 32e3 2 15 - 0.03 0.27 34792
dry 325e2 2 93 - 0.03 0.11 29140
aoDLAV 325e2 2 93 - 0.02 0.23 31372
aoULAV 325e2 2 93 - 0.03 0.23 32088
aoD2AG 325e2 2 93 - 0.02 0.26 35004
aoD2SG 325e2 2 93 - 0.02 0.28 34756
dry 32e1 2 101 - 0.02 0.12 26004
aoDLAV 32e1 2 101 - 0.03 0.14 30196
aoULAV 32e1 2 101 - 0.03 0.14 30208
aoD2AG 32e1 2 101 - 0.02 0.15 30376
aoD2SG 32e1 2 101 - 0.03 0.14 30388
moore 32e1 2 101 - 0.03 0.45 33676
nbpm 32e1 2 101 - 0.09 2.38 58300
greedy 32e1 2 101 - 0.04 0.21 40976
dry 325e2 2 9 - 0.03 0.12 27316
aoDLAV 325e2 2 9 - 0.03 0.22 31376
aoULAV 325e2 2 9 - 0.03 0.23 32084
aoD2AG 325e2 2 9 - 0.04 0.25 35004
aoD2SG 325e2 2 9 - 0.03 0.27 34764
dry 32e4 2 49 - 0.04 0.16 36424
aoDLAV 32e4 2 49 - 0.06 1.28 70828
aoULAV 32e4 2 49 - 0.06 1.32 70840
aoD2AG 32e4 2 49 - 0.07 1.81 88168
aoD2SG 32e4 2 49 - 0.08 1.96 90804
dry 225e2 2 153 - 0.03 0.11 26924
aoDLAV 225e2 2 153 - 0.03 0.20 30980
aoULAV 225e2 2 153 - 0.03 0.20 30992
aoD2AG 225e2 2 153 - 0.03 0.21 33368
aoD2SG 225e2 2 153 - 0.03 0.22 33464
dry 32e4 2 213 - 0.03 0.17 36424
aoDLAV 32e4 2 213 - 0.06 1.24 70828
aoULAV 32e4 2 213 - 0.05 1.32 70840
aoD2AG 32e4 2 213 - 0.09 1.77 89208
aoD2SG 32e4 2 213 - 0.07 1.99 90992
dry 1e6 2 155 - 0.05 0.19 49704
aoDLAV 1e6 2 155 - 0.12 3.82 178456
aoULAV 1e6 2 155 - 0.14 4.04 178456
aoD2AG 1e6 2 155 - 0.18 5.76 232800
aoD2SG 1e6 2 155 - 0.20 6.45 242108
dry 1e6 10 122 - 0.08 0.41 112232
aoDLAV 1e6 10 122 - 0.22 369.41 369884
aoULAV 1e6 10 122 - 0.33 372.73 369884
aoD2AG 1e6 10 122 - 0.39 379.83 449136
aoD2SG 1e6 10 122 - 0.42 448.07 457192
dry 325e2 2 163 - 0.02 0.12 27952
aoDLAV 325e2 2 163 - 0.03 0.22 31372
aoULAV 325e2 2 163 - 0.04 0.22 32084
aoD2AG 325e2 2 163 - 0.03 0.25 35000
aoD2SG 325e2 2 163 - 0.03 0.27 34760
dry 56e3 2 28 - 0.02 0.13 30004
aoDLAV 56e3 2 28 - 0.04 0.28 33476
aoULAV 56e3 2 28 - 0.03 0.29 34700
aoD2AG 56e3 2 28 - 0.03 0.37 37284
aoD2SG 56e3 2 28 - 0.03 0.39 37296
dry 275e2 2 18 - 0.02 0.12 28948
aoDLAV 275e2 2 18 - 0.03 0.21 31244
aoULAV 275e2 2 18 - 0.03 0.21 31568
aoD2AG 275e2 2 18 - 0.04 0.23 34700
aoD2SG 275e2 2 18 - 0.03 0.25 34812
dry 32e4 2 151 - 0.03 0.16 36424
aoDLAV 32e4 2 151 - 0.05 1.29 70832
aoULAV 32e4 2 151 - 0.05 1.31 70844
aoD2AG 32e4 2 151 - 0.09 1.75 88952
aoD2SG 32e4 2 151 - 0.06 1.99 90812
dry 1e6 5 169 - 0.05 0.27 73152
aoDLAV 1e6 5 169 - 0.16 19.30 252688
aoULAV 1e6 5 169 - 0.13 19.67 252692
aoD2AG 1e6 5 169 - 0.21 21.55 323112
aoD2SG 1e6 5 169 - 0.22 25.20 332740
dry 325e2 2 166 - 0.02 0.12 27316
aoDLAV 325e2 2 166 - 0.03 0.22 31376
aoULAV 325e2 2 166 - 0.03 0.23 32088
aoD2AG 325e2 2 166 - 0.03 0.26 35000
aoD2SG 325e2 2 166 - 0.02 0.28 34756
dry 1e2 2 230 - 0.02 0.11 25996
aoDLAV 1e2 2 230 - 0.03 0.14 30168
aoULAV 1e2 2 230 - 0.03 0.14 30180
aoD2AG 1e2 2 230 - 0.03 0.14 30336
aoD2SG 1e2 2 230 - 0.03 0.14 30340
moore 1e2 2 230 - 0.03 0.21 30480
nbpm 1e2 2 230 - 0.07 2.16 53004
greedy 1e2 2 230 - 0.03 0.14 30884
dry 32e3 2 193 - 0.03 0.12 30768
aoDLAV 32e3 2 193 - 0.03 0.22 31436
aoULAV 32e3 2 193 - 0.03 0.22 32148
aoD2AG 32e3 2 193 - 0.03 0.25 35028
aoD2SG 32e3 2 193 - 0.03 0.27 34788
dry 18e4 2 238 - 0.03 0.13 33108
aoDLAV 18e4 2 238 - 0.05 0.77 47860
aoULAV 18e4 2 238 - 0.05 0.77 47864
aoD2AG 18e4 2 238 - 0.06 1.00 58820
aoD2SG 18e4 2 238 - 0.05 1.11 59780
dry 1e2 5 13 - 0.02 0.12 25996
aoDLAV 1e2 5 13 - 0.03 0.14 30212
aoULAV 1e2 5 13 - 0.02 0.15 30224
aoD2AG 1e2 5 13 - 0.02 0.15 30384
aoD2SG 1e2 5 13 - 0.03 0.14 30392
moore 1e2 5 13 - 0.02 0.25 30524
nbpm 1e2 5 13 - 0.07 2.17 53016
greedy 1e2 5 13 - 0.03 0.14 30944
dry 5e4 5 171 - 0.02 0.14 31492
aoDLAV 5e4 5 171 - 0.03 0.75 34704
aoULAV 5e4 5 171 - 0.03 0.76 34704
aoD2AG 5e4 5 171 - 0.03 0.82 37724
aoD2SG 5e4 5 171 - 0.04 0.89 37940
dry 56e3 2 235 - 0.03 0.12 28236
aoDLAV 56e3 2 235 - 0.03 0.30 33480
aoULAV 56e3 2 235 - 0.03 0.29 34696
aoD2AG 56e3 2 235 - 0.03 0.37 37284
aoD2SG 56e3 2 235 - 0.04 0.38 37304
dry 300e2 2 202 - 0.02 0.12 27216
aoDLAV 300e2 2 202 - 0.02 0.22 31296
aoULAV 300e2 2 202 - 0.03 0.22 31896
aoD2AG 300e2 2 202 - 0.02 0.26 35056
aoD2SG 300e2 2 202 - 0.03 0.26 34716
dry 56e4 2 28 - 0.04 0.18 41104
aoDLAV 56e4 2 28 - 0.08 2.09 107984
aoULAV 56e4 2 28 - 0.08 2.23 107984
aoD2AG 56e4 2 28 - 0.12 3.10 139656
aoD2SG 56e4 2 28 - 0.12 3.49 143308
dry 1e6 10 214 - 0.08 0.40 112232
aoDLAV 1e6 10 214 - 0.21 449.60 369888
aoULAV 1e6 10 214 - 0.31 546.18 369992
aoD2AG 1e6 10 214 - 0.41 361.41 448076
aoD2SG 1e6 10 214 - 0.42 437.99 456736
dry 18e1 2 32 - 0.02 0.12 26004
aoDLAV 18e1 2 32 - 0.03 0.14 30184
aoULAV 18e1 2 32 - 0.02 0.15 30196
aoD2AG 18e1 2 32 - 0.02 0.14 30356
aoD2SG 18e1 2 32 - 0.02 0.15 30364
moore 18e1 2 32 - 0.04 0.29 30496
nbpm 18e1 2 32 - 0.08 2.14 54444
greedy 18e1 2 32 - 0.02 0.16 33348
dry 1e3 2 217 - 0.01 0.13 27952
aoDLAV 1e3 2 217 - 0.03 0.14 30280
aoULAV 1e3 2 217 - 0.03 0.14 30292
aoD2AG 1e3 2 217 - 0.03 0.13 30532
aoD2SG 1e3 2 217 - 0.02 0.15 30548
moore 1e3 2 217 - 0.03 3.36 59804
nbpm 1e3 2 217 - 0.12 4.00 138560
greedy 1e3 2 217 - 0.10 1.00 139244
dry 56e3 2 63 - 0.03 0.11 29672
aoDLAV 56e3 2 63 - 0.02 0.29 33476
aoULAV 56e3 2 63 - 0.03 0.29 34696
aoD2AG 56e3 2 63 - 0.03 0.35 37288
aoD2SG 56e3 2 63 - 0.03 0.37 37300
dry 250e2 2 156 - 0.02 0.12 27024
aoDLAV 250e2 2 156 - 0.04 0.19 31112
aoULAV 250e2 2 156 - 0.02 0.21 31216
aoD2AG 250e2 2 156 - 0.03 0.22 33860
aoD2SG 250e2 2 156 - 0.03 0.23 33964
dry 1e2 2 214 - 0.02 0.12 25996
aoDLAV 1e2 2 214 - 0.03 0.14 30172
aoULAV 1e2 2 214 - 0.03 0.14 30180
aoD2AG 1e2 2 214 - 0.03 0.14 30340
aoD2SG 1e2 2 214 - 0.03 0.14 30340
moore 1e2 2 214 - 0.03 0.20 30480
nbpm 1e2 2 214 - 0.09 2.20 53000
greedy 1e2 2 214 - 0.03 0.14 30884
dry 1e2 10 54 - 0.02 0.11 26004
aoDLAV 1e2 10 54 - 0.02 0.14 30260
aoULAV 1e2 10 54 - 0.02 0.15 30272
aoD2AG 1e2 10 54 - 0.03 0.14 30440
aoD2SG 1e2 10 54 - 0.03 0.14 30444
moore 1e2 10 54 - 0.03 0.25 30496
nbpm 1e2 10 54 - 0.07 2.18 53080
greedy 1e2 10 54 - 0.03 0.14 30976
dry 325e2 2 22 - 0.03 0.12 27316
aoDLAV 325e2 2 22 - 0.03 0.22 31376
aoULAV 325e2 2 22 - 0.02 0.23 32088
aoD2AG 325e2 2 22 - 0.03 0.25 35000
aoD2SG 325e2 2 22 - 0.03 0.27 34756
dry 1e3 10 150 - 0.03 0.12 26136
aoDLAV 1e3 10 150 - 0.03 0.17 30656
aoULAV 1e3 10 150 - 0.03 0.16 30664
aoD2AG 1e3 10 150 - 0.03 0.16 31072
aoD2SG 1e3 10 150 - 0.02 0.17 31088
moore 1e3 10 150 - 0.04 4.86 59840
nbpm 1e3 10 150 - 0.12 5.42 136144
greedy 1e3 10 150 - 0.08 0.98 139616
dry 325e2 2 152 - 0.02 0.12 29012
aoDLAV 325e2 2 152 - 0.04 0.20 31372
aoULAV 325e2 2 152 - 0.03 0.22 32088
aoD2AG 325e2 2 152 - 0.03 0.24 35000
aoD2SG 325e2 2 152 - 0.03 0.25 34760
dry 250e2 2 217 - 0.02 0.11 27020
aoDLAV 250e2 2 217 - 0.02 0.20 31112
aoULAV 250e2 2 217 - 0.02 0.20 31216
aoD2AG 250e2 2 217 - 0.03 0.21 33860
aoD2SG 250e2 2 217 - 0.02 0.23 33964
dry 1e6 2 80 - 0.04 0.19 49704
aoDLAV 1e6 2 80 - 0.13 3.46 178456
aoULAV 1e6 2 80 - 0.12 3.69 178456
aoD2AG 1e6 2 80 - 0.17 5.24 233020
aoD2SG 1e6 2 80 - 0.19 5.81 242112
dry 225e2 2 84 - 0.02 0.12 28884
aoDLAV 225e2 2 84 - 0.02 0.19 30980
aoULAV 225e2 2 84 - 0.02 0.19 30992
aoD2AG 225e2 2 84 - 0.03 0.21 33376
aoD2SG 225e2 2 84 - 0.03 0.21 33468
dry 56e4 2 223 - 0.02 0.19 41104
aoDLAV 56e4 2 223 - 0.06 1.96 107984
aoULAV 56e4 2 223 - 0.07 2.02 107984
aoD2AG 56e4 2 223 - 0.11 2.89 138664
aoD2SG 56e4 2 223 - 0.15 3.16 144536
dry 32e4 2 248 - 0.03 0.15 36428
aoDLAV 32e4 2 248 - 0.05 1.18 70828
aoULAV 32e4 2 248 - 0.06 1.22 70840
aoD2AG 32e4 2 248 - 0.08 1.61 89092
aoD2SG 32e4 2 248 - 0.07 1.78 90784
dry 32e1 2 223 - 0.02 0.12 26000
aoDLAV 32e1 2 223 - 0.04 0.13 30196
aoULAV 32e1 2 223 - 0.02 0.14 30208
aoD2AG 32e1 2 223 - 0.03 0.14 30376
aoD2SG 32e1 2 223 - 0.03 0.14 30384
moore 32e1 2 223 - 0.03 0.72 33676
nbpm 32e1 2 223 - 0.09 2.27 58300
greedy 32e1 2 223 - 0.03 0.21 40976
dry 300e2 2 158 - 0.02 0.12 30728
aoDLAV 300e2 2 158 - 0.02 0.20 31300
aoULAV 300e2 2 158 - 0.03 0.20 31892
aoD2AG 300e2 2 158 - 0.03 0.23 35056
aoD2SG 300e2 2 158 - 0.03 0.24 34716
dry 1e6 2 163 - 0.04 0.19 49704
aoDLAV 1e6 2 163 - 0.11 3.53 178456
aoULAV 1e6 2 163 - 0.09 3.67 178456
aoD2AG 1e6 2 163 - 0.16 5.16 233516
aoD2SG 1e6 2 163 - 0.20 5.80 242548
dry 5e4 2 59 - 0.02 0.12 28000
aoDLAV 5e4 2 59 - 0.03 0.25 33008
aoULAV 5e4 2 59 - 0.03 0.26 33316
aoD2AG 5e4 2 59 - 0.03 0.32 36412
aoD2SG 5e4 2 59 - 0.03 0.33 36424
dry 1e1 2 116 - 0.02 0.12 25992
aoDLAV 1e1 2 116 - 0.03 0.13 30160
aoULAV 1e1 2 116 - 0.03 0.14 30176
aoD2AG 1e1 2 116 - 0.03 0.14 30316
aoD2SG 1e1 2 116 - 0.03 0.14 30320
moore 1e1 2 116 - 0.03 0.17 30480
nbpm 1e1 2 116 - 0.07 2.06 49816
greedy 1e1 2 116 - 0.02 0.14 30124
dry 400e2 2 131 - 0.03 0.11 27616
aoDLAV 400e2 2 131 - 0.03 0.24 32236
aoULAV 400e2 2 131 - 0.02 0.24 33112
aoD2AG 400e2 2 131 - 0.03 0.27 36072
aoD2SG 400e2 2 131 - 0.04 0.28 35928
dry 32e4 2 76 - 0.03 0.16 36424
aoDLAV 32e4 2 76 - 0.05 1.17 70828
aoULAV 32e4 2 76 - 0.06 1.21 70844
aoD2AG 32e4 2 76 - 0.07 1.63 88276
aoD2SG 32e4 2 76 - 0.07 1.87 90740
dry 1e5 10 235 - 0.03 0.18 38396
aoDLAV 1e5 10 235 - 0.04 20.05 53536
aoULAV 1e5 10 235 - 0.05 20.06 55312
aoD2AG 1e5 10 235 - 0.06 20.19 62696
aoD2SG 1e5 10 235 - 0.06 23.15 66836
dry 56e3 2 145 - 0.03 0.11 30000
aoDLAV 56e3 2 145 - 0.03 0.27 33476
aoULAV 56e3 2 145 - 0.03 0.28 34696
aoD2AG 56e3 2 145 - 0.04 0.33 37284
aoD2SG 56e3 2 145 - 0.04 0.36 37300
dry 5e4 10 202 - 0.03 0.14 33892
aoDLAV 5e4 10 202 - 0.04 6.95 40204
aoULAV 5e4 10 202 - 0.04 6.95 40200
aoD2AG 5e4 10 202 - 0.05 7.12 44984
aoD2SG 5e4 10 202 - 0.03 7.46 45000
dry 1e6 10 40 - 0.07 0.38 112232
aoDLAV 1e6 10 40 - 0.21 344.46 369884
aoULAV 1e6 10 40 - 0.31 349.41 369884
aoD2AG 1e6 10 40 - 0.39 349.00 447212
aoD2SG 1e6 10 40 - 0.47 418.64 456068
dry 1e3 5 133 - 0.02 0.12 26056
aoDLAV 1e3 5 133 - 0.03 0.15 30428
aoULAV 1e3 5 133 - 0.02 0.15 30436
aoD2AG 1e3 5 133 - 0.03 0.14 30756
aoD2SG 1e3 5 133 - 0.03 0.14 30776
moore 1e3 5 133 - 0.04 3.37 59828
nbpm 1e3 5 133 - 0.13 4.41 129256
greedy 1e3 5 133 - 0.09 1.01 139388
dry 300e2 2 66 - 0.02 0.12 27216
aoDLAV 300e2 2 66 - 0.03 0.21 31300
aoULAV 300e2 2 66 - 0.03 0.21 31892
aoD2AG 300e2 2 66 - 0.04 0.23 35060
aoD2SG 300e2 2 66 - 0.04 0.25 34712
dry 375e2 2 35 - 0.02 0.12 29072
aoDLAV 375e2 2 35 - 0.02 0.24 31784
aoULAV 375e2 2 35 - 0.02 0.25 32604
aoD2AG 375e2 2 35 - 0.03 0.28 35520
aoD2SG 375e2 2 35 - 0.03 0.30 35524
dry 1e6 2 215 - 0.04 0.20 49704
aoDLAV 1e6 2 215 - 0.11 3.86 178460
aoULAV 1e6 2 215 - 0.14 4.06 178460
aoD2AG 1e6 2 215 - 0.18 5.72 233532
aoD2SG 1e6 2 215 - 0.20 6.35 241572
dry 1e5 10 172 - 0.03 0.19 38396
aoDLAV 1e5 10 172 - 0.05 22.74 53536
aoULAV 1e5 10 172 - 0.11 22.99 55316
aoD2AG 1e5 10 172 - 0.11 22.70 62688
aoD2SG 1e5 10 172 - 0.08 25.39 66832
dry 1e3 2 103 - 0.02 0.12 26020
aoDLAV 1e3 2 103 - 0.03 0.14 30280
aoULAV 1e3 2 103 - 0.02 0.14 30296
aoD2AG 1e3 2 103 - 0.03 0.14 30548
aoD2SG 1e3 2 103 - 0.02 0.15 30580
moore 1e3 2 103 - 0.05 3.93 59768
nbpm 1e3 2 103 - 0.11 4.04 138552
greedy 1e3 2 103 - 0.08 1.01 139244
dry 1e2 10 244 - 0.02 0.11 26004
aoDLAV 1e2 10 244 - 0.02 0.14 30260
aoULAV 1e2 10 244 - 0.02 0.14 30272
aoD2AG 1e2 10 244 - 0.03 0.14 30440
aoD2SG 1e2 10 244 - 0.03 0.14 30444
moore 1e2 10 244 - 0.04 0.23 30496
nbpm 1e2 10 244 - 0.08 2.12 53076
greedy 1e2 10 244 - 0.02 0.14 30972
dry 1e2 5 242 - 0.02 0.12 26000
aoDLAV 1e2 5 242 - 0.03 0.13 30212
aoULAV 1e2 5 242 - 0.02 0.14 30228
aoD2AG 1e2 5 242 - 0.03 0.14 30436
aoD2SG 1e2 5 242 - 0.03 0.14 30388
moore 1e2 5 242 - 0.03 0.25 30492
nbpm 1e2 5 242 - 0.07 2.12 53016
greedy 1e2 5 242 - 0.03 0.14 30924
dry 1e6 5 224 - 0.05 0.27 73152
aoDLAV 1e6 5 224 - 0.17 19.99 252688
aoULAV 1e6 5 224 - 0.22 20.21 252688
aoD2AG 1e6 5 224 - 0.24 22.28 324692
aoD2SG 1e6 5 224 - 0.32 25.80 332164
dry 5e4 5 172 - 0.02 0.14 31376
aoDLAV 5e4 5 172 - 0.03 0.80 34704
aoULAV 5e4 5 172 - 0.04 0.76 34704
aoD2AG 5e4 5 172 - 0.04 0.81 37728
aoD2SG 5e4 5 172 - 0.04 0.89 37940
dry 18e1 2 185 - 0.02 0.12 26004
aoDLAV 18e1 2 185 - 0.03 0.14 30184
aoULAV 18e1 2 185 - 0.03 0.14 30196
aoD2AG 18e1 2 185 - 0.03 0.14 30356
aoD2SG 18e1 2 185 - 0.03 0.15 30364
moore 18e1 2 185 - 0.04 0.26 30496
nbpm 18e1 2 185 - 0.06 2.20 54448
greedy 18e1 2 185 - 0.03 0.16 33348
dry 1e5 2 70 - 0.02 0.14 31072
aoDLAV 1e5 2 70 - 0.04 0.44 34804
aoULAV 1e5 2 70 - 0.04 0.46 35324
aoD2AG 1e5 2 70 - 0.03 0.59 42604
aoD2SG 1e5 2 70 - 0.03 0.66 43800
dry 1e2 10 250 - 0.02 0.12 26004
aoDLAV 1e2 10 250 - 0.03 0.14 30260
aoULAV 1e2 10 250 - 0.03 0.14 30272
aoD2AG 1e2 10 250 - 0.03 0.14 30444
aoD2SG 1e2 10 250 - 0.03 0.14 30452
moore 1e2 10 250 - 0.03 0.21 30500
nbpm 1e2 10 250 - 0.08 2.17 53076
greedy 1e2 10 250 - 0.03 0.14 30972
