dry 32e5 2 241 - 0.06 0.29 92680
aoDLAV 32e5 2 241 - 0.26 9.19 493324
aoULAV 32e5 2 241 - 0.24 12.85 493340
aoD2AG 32e5 2 241 - 0.40 15.59 717484
aoD2SG 32e5 2 241 - 0.40 17.99 743128
dry 56e5 2 166 - 0.06 0.30 139544
aoDLAV 56e5 2 166 - 0.39 20.79 849556
aoULAV 56e5 2 166 - 0.43 24.29 849560
aoD2AG 56e5 2 166 - 0.70 34.96 1242848
aoD2SG 56e5 2 166 - 0.74 39.79 1287504
dry 32e5 2 157 - 0.06 0.27 92676
aoDLAV 32e5 2 157 - 0.24 12.00 493324
aoULAV 32e5 2 157 - 0.27 12.82 493340
aoD2AG 32e5 2 157 - 0.51 21.80 717960
aoD2SG 32e5 2 157 - 0.42 20.30 744272
dry 1e7 10 135 - 0.40 1.37 850508
aoDLAV 1e7 10 135 - 1.53 4860.92 3533956
aoULAV 1e7 10 135 - 2.39 4813.76 3533964
aoD2AG 1e7 10 135 - 3.51 4809.60 4337984
aoD2SG 1e7 10 135 - 3.61 5817.92 4427292
dry 1e7 10 46 - 0.46 1.39 850508
aoDLAV 1e7 10 46 - 1.59 4870.73 3534060
aoULAV 1e7 10 46 - 2.43 4719.30 3533956
aoD2AG 1e7 10 46 - 3.66 4748.49 4336520
aoD2SG 1e7 10 46 - 3.71 5875.27 4427416
dry 18e5 2 106 - 0.04 0.21 65324
aoDLAV 18e5 2 106 - 0.16 6.43 285508
aoULAV 18e5 2 106 - 0.17 6.83 285520
aoD2AG 18e5 2 106 - 0.24 9.88 412408
aoD2SG 18e5 2 106 - 0.27 11.22 425640
dry 18e5 2 216 - 0.05 0.21 65328
aoDLAV 18e5 2 216 - 0.16 6.39 285508
aoULAV 18e5 2 216 - 0.16 6.84 285524
aoD2AG 18e5 2 216 - 0.27 9.86 412708
aoD2SG 18e5 2 216 - 0.28 11.16 427636
dry 56e5 2 95 - 0.08 0.32 139544
aoDLAV 56e5 2 95 - 0.44 22.92 849560
aoULAV 56e5 2 95 - 0.47 24.37 849560
aoD2AG 56e5 2 95 - 0.75 34.67 1241112
aoD2SG 56e5 2 95 - 0.71 39.87 1285992
dry 1e7 10 83 - 0.41 1.39 850512
aoDLAV 1e7 10 83 - 1.52 4829.69 3533956
aoULAV 1e7 10 83 - 2.46 4830.65 3533952
aoD2AG 1e7 10 83 - 3.53 4856.69 4337616
aoD2SG 1e7 10 83 - 3.72 5703.68 4428676
dry 1e7 5 36 - 0.22 0.80 459872
aoDLAV 1e7 5 36 - 1.06 208.63 2323016
aoULAV 1e7 5 36 - 1.55 211.52 2323016
aoD2AG 1e7 5 36 - 2.08 232.75 3064536
aoD2SG 1e7 5 36 - 2.50 276.05 3149492
dry 56e5 2 212 - 0.08 0.32 139544
aoDLAV 56e5 2 212 - 0.42 22.28 849556
aoULAV 56e5 2 212 - 0.46 23.53 849556
aoD2AG 56e5 2 212 - 0.72 33.49 1243044
aoD2SG 56e5 2 212 - 0.78 39.03 1287860
dry 1e7 5 169 - 0.24 0.80 459868
aoDLAV 1e7 5 169 - 1.10 216.25 2323016
aoULAV 1e7 5 169 - 1.09 217.08 2323020
aoD2AG 1e7 5 169 - 2.53 239.41 3064940
aoD2SG 1e7 5 169 - 2.68 282.88 3150072
dry 1e7 2 14 - 0.13 0.43 225484
aoDLAV 1e7 2 14 - 0.73 44.02 1502684
aoULAV 1e7 2 14 - 0.79 46.53 1502684
aoD2AG 1e7 2 14 - 1.52 65.73 2202420
aoD2SG 1e7 2 14 - 1.63 75.85 2283364
dry 1e7 2 16 - 0.12 0.44 225488
aoDLAV 1e7 2 16 - 0.77 44.57 1502684
aoULAV 1e7 2 16 - 0.77 46.13 1502684
aoD2AG 1e7 2 16 - 1.60 65.51 2204236
aoD2SG 1e7 2 16 - 1.68 75.15 2281304
dry 32e5 2 68 - 0.06 0.25 92680
aoDLAV 32e5 2 68 - 0.28 11.65 493324
aoULAV 32e5 2 68 - 0.26 12.65 493340
aoD2AG 32e5 2 68 - 0.41 17.96 717688
aoD2SG 32e5 2 68 - 0.45 21.28 744056
dry 1e7 2 186 - 0.11 0.45 225484
aoDLAV 1e7 2 186 - 0.76 43.42 1502684
aoULAV 1e7 2 186 - 0.75 45.75 1502684
aoD2AG 1e7 2 186 - 1.52 64.56 2203156
aoD2SG 1e7 2 186 - 1.73 75.17 2283692
dry 1e7 5 24 - 0.23 0.78 459868
aoDLAV 1e7 5 24 - 1.11 208.82 2323016
aoULAV 1e7 5 24 - 1.50 211.43 2323016
aoD2AG 1e7 5 24 - 2.44 232.88 3064356
aoD2SG 1e7 5 24 - 2.60 277.73 3149984
dry 1e7 10 105 - 0.43 1.40 850508
aoDLAV 1e7 10 105 - 2.15 5455.59 3533960
aoULAV 1e7 10 105 - 2.35 4760.28 3533956
aoD2AG 1e7 10 105 - 3.59 4793.33 4336072
aoD2SG 1e7 10 105 - 3.69 5728.10 4425308
dry 1e7 2 182 - 0.12 0.44 225488
aoDLAV 1e7 2 182 - 0.76 44.35 1502684
aoULAV 1e7 2 182 - 0.78 47.03 1502684
aoD2AG 1e7 2 182 - 1.48 66.88 2203348
aoD2SG 1e7 2 182 - 1.65 77.01 2281996
dry 32e5 2 96 - 0.05 0.26 92676
aoDLAV 32e5 2 96 - 0.26 11.97 493328
aoULAV 32e5 2 96 - 0.28 12.72 493336
aoD2AG 32e5 2 96 - 0.43 18.33 719656
aoD2SG 32e5 2 96 - 0.43 20.95 743748
dry 18e5 2 212 - 0.04 0.22 65324
aoDLAV 18e5 2 212 - 0.14 6.42 285508
aoULAV 18e5 2 212 - 0.16 6.82 285580
aoD2AG 18e5 2 212 - 0.26 9.87 412616
aoD2SG 18e5 2 212 - 0.25 11.21 426548
dry 1e7 10 244 - 0.43 1.37 850512
aoDLAV 1e7 10 244 - 1.57 4764.69 3533952
aoULAV 1e7 10 244 - 2.98 6064.42 3534060
aoD2AG 1e7 10 244 - 3.53 4823.17 4337956
aoD2SG 1e7 10 244 - 3.55 5697.13 4425620
dry 18e5 2 215 - 0.05 0.20 65368
aoDLAV 18e5 2 215 - 0.17 6.28 285508
aoULAV 18e5 2 215 - 0.17 6.70 285520
aoD2AG 18e5 2 215 - 0.25 9.77 412096
aoD2SG 18e5 2 215 - 0.26 11.04 427100
dry 18e5 2 95 - 0.05 0.21 65328
aoDLAV 18e5 2 95 - 0.16 6.22 285508
aoULAV 18e5 2 95 - 0.19 6.63 285520
aoD2AG 18e5 2 95 - 0.24 9.63 412208
aoD2SG 18e5 2 95 - 0.25 10.92 426748
dry 32e5 2 136 - 0.06 0.25 92676
aoDLAV 32e5 2 136 - 0.26 11.83 493324
aoULAV 32e5 2 136 - 0.25 12.60 493336
aoD2AG 32e5 2 136 - 0.44 18.04 718204
aoD2SG 32e5 2 136 - 0.47 20.70 744224
dry 18e5 2 5 - 0.05 0.20 65324
aoDLAV 18e5 2 5 - 0.17 6.31 285512
aoULAV 18e5 2 5 - 0.14 6.72 285520
aoD2AG 18e5 2 5 - 0.25 9.69 411604
aoD2SG 18e5 2 5 - 0.26 11.02 426448
dry 18e5 2 48 - 0.05 0.20 65328
aoDLAV 18e5 2 48 - 0.15 6.25 285508
aoULAV 18e5 2 48 - 0.16 6.65 285520
aoD2AG 18e5 2 48 - 0.24 9.64 412108
aoD2SG 18e5 2 48 - 0.27 10.89 427048
dry 18e5 2 89 - 0.04 0.21 65324
aoDLAV 18e5 2 89 - 0.16 6.32 285508
aoULAV 18e5 2 89 - 0.16 6.73 285520
aoD2AG 18e5 2 89 - 0.24 9.74 412880
aoD2SG 18e5 2 89 - 0.25 11.03 427768
dry 32e5 2 142 - 0.06 0.24 92680
aoDLAV 32e5 2 142 - 0.25 11.61 493324
aoULAV 32e5 2 142 - 0.28 12.38 493336
aoD2AG 32e5 2 142 - 0.40 17.90 718456
aoD2SG 32e5 2 142 - 0.43 20.48 744648
dry 56e5 2 8 - 0.08 0.31 139548
aoDLAV 56e5 2 8 - 0.46 22.55 849588
aoULAV 56e5 2 8 - 0.46 23.99 849556
aoD2AG 56e5 2 8 - 0.74 34.09 1243164
aoD2SG 56e5 2 8 - 0.79 39.13 1287208
dry 18e5 2 101 - 0.04 0.21 65324
aoDLAV 18e5 2 101 - 0.15 6.34 285508
aoULAV 18e5 2 101 - 0.17 6.72 285520
aoD2AG 18e5 2 101 - 0.24 9.72 411724
aoD2SG 18e5 2 101 - 0.23 11.07 426640
dry 1e7 2 58 - 0.13 0.43 225484
aoDLAV 1e7 2 58 - 0.78 43.81 1502684
aoULAV 1e7 2 58 - 0.75 46.59 1502684
aoD2AG 1e7 2 58 - 1.51 65.83 2202532
aoD2SG 1e7 2 58 - 1.64 76.10 2281092
dry 56e5 2 104 - 0.08 0.31 139548
aoDLAV 56e5 2 104 - 0.44 22.52 849560
aoULAV 56e5 2 104 - 0.43 24.00 849560
aoD2AG 56e5 2 104 - 0.72 34.11 1242252
aoD2SG 56e5 2 104 - 0.72 40.24 1286892
dry 1e7 10 203 - 0.40 1.39 850508
aoDLAV 1e7 10 203 - 1.55 4779.98 3533952
aoULAV 1e7 10 203 - 2.39 4754.40 3533956
aoD2AG 1e7 10 203 - 3.60 4691.56 4339888
aoD2SG 1e7 10 203 - 3.67 5609.77 4427640
dry 32e5 2 131 - 0.07 0.24 92676
aoDLAV 32e5 2 131 - 0.26 11.44 493324
aoULAV 32e5 2 131 - 0.25 12.17 493336
aoD2AG 32e5 2 131 - 0.43 17.55 717888
aoD2SG 32e5 2 131 - 0.42 20.02 744428
dry 1e7 2 131 - 0.13 0.42 225488
aoDLAV 1e7 2 131 - 0.76 43.17 1502684
aoULAV 1e7 2 131 - 0.76 45.86 1502684
aoD2AG 1e7 2 131 - 1.73 64.82 2202772
aoD2SG 1e7 2 131 - 1.68 75.11 2283628
dry 18e5 2 161 - 0.06 0.20 65324
aoDLAV 18e5 2 161 - 0.18 6.53 285508
aoULAV 18e5 2 161 - 0.17 6.85 285524
aoD2AG 18e5 2 161 - 0.24 10.03 411996
aoD2SG 18e5 2 161 - 0.24 11.30 427300
dry 32e5 2 213 - 0.05 0.25 92676
aoDLAV 32e5 2 213 - 0.27 12.20 493324
aoULAV 32e5 2 213 - 0.23 13.03 493340
aoD2AG 32e5 2 213 - 0.38 18.73 718404
aoD2SG 32e5 2 213 - 0.42 21.40 743300
dry 18e5 2 107 - 0.04 0.21 65324
aoDLAV 18e5 2 107 - 0.15 6.51 285508
aoULAV 18e5 2 107 - 0.16 6.96 285684
aoD2AG 18e5 2 107 - 0.29 10.04 411652
aoD2SG 18e5 2 107 - 0.24 11.42 426948
dry 1e7 2 209 - 0.12 0.44 225484
aoDLAV 1e7 2 209 - 0.77 45.30 1502684
aoULAV 1e7 2 209 - 0.78 48.05 1502684
aoD2AG 1e7 2 209 - 1.50 69.28 2203980
aoD2SG 1e7 2 209 - 1.64 87.23 2285524
dry 1e7 2 65 - 0.12 0.44 225484
aoDLAV 1e7 2 65 - 0.77 42.36 1502684
aoULAV 1e7 2 65 - 1.03 44.87 1502684
aoD2AG 1e7 2 65 - 1.65 63.47 2202684
aoD2SG 1e7 2 65 - 1.61 73.26 2281664
dry 32e5 2 121 - 0.06 0.24 92676
aoDLAV 32e5 2 121 - 0.23 11.39 493324
aoULAV 32e5 2 121 - 0.26 12.11 493336
aoD2AG 32e5 2 121 - 0.40 17.36 718196
aoD2SG 32e5 2 121 - 0.42 19.86 742152
dry 1e7 5 139 - 0.22 0.79 459868
aoDLAV 1e7 5 139 - 1.07 206.61 2323020
aoULAV 1e7 5 139 - 1.52 208.70 2323016
aoD2AG 1e7 5 139 - 2.49 227.94 3062708
aoD2SG 1e7 5 139 - 2.69 274.43 3150480
dry 1e7 5 47 - 0.25 0.82 459868
aoDLAV 1e7 5 47 - 1.07 206.74 2323016
aoULAV 1e7 5 47 - 1.15 208.60 2323016
aoD2AG 1e7 5 47 - 2.52 223.95 3062500
aoD2SG 1e7 5 47 - 2.55 267.67 3149936
dry 56e5 2 62 - 0.07 0.31 139544
aoDLAV 56e5 2 62 - 0.48 21.22 849568
aoULAV 56e5 2 62 - 0.44 22.53 849560
aoD2AG 56e5 2 62 - 0.69 32.20 1242744
aoD2SG 56e5 2 62 - 0.70 36.99 1286872
dry 56e5 2 163 - 0.08 0.30 139548
aoDLAV 56e5 2 163 - 0.42 21.37 849560
aoULAV 56e5 2 163 - 0.46 22.67 849556
aoD2AG 56e5 2 163 - 0.69 32.77 1241076
aoD2SG 56e5 2 163 - 0.69 36.86 1287568
dry 1e7 5 167 - 0.22 0.80 459868
aoDLAV 1e7 5 167 - 1.03 199.43 2323016
aoULAV 1e7 5 167 - 1.54 202.50 2323020
aoD2AG 1e7 5 167 - 2.43 225.26 3064396
aoD2SG 1e7 5 167 - 2.53 267.42 3149696
