dry 1e4 10 108 - 0.02 0.11 27692
aoDLAV 1e4 10 108 - 0.03 0.63 32764
aoULAV 1e4 10 108 - 0.03 0.63 32780
aoD2AG 1e4 10 108 - 0.02 0.65 32744
aoD2SG 1e4 10 108 - 0.02 0.71 34176
moore 1e4 10 108 - 1.14 1035.45 2963856
nbpm 1e4 10 108 - 7.47 756.88 7764496
greedy 1e4 10 108 - 6.28 281.83 10961112
dry 56e2 2 109 - 0.02 0.12 26236
aoDLAV 56e2 2 109 - 0.03 0.15 30976
aoULAV 56e2 2 109 - 0.03 0.15 30988
aoD2AG 56e2 2 109 - 0.03 0.17 31992
aoD2SG 56e2 2 109 - 0.03 0.17 31120
moore 56e2 2 109 - 0.60 208.27 952716
nbpm 56e2 2 109 - 2.29 75.85 2388080
greedy 56e2 2 109 - 1.97 79.22 3460492
dry 75e2 2 43 - 0.02 0.12 26332
aoDLAV 75e2 2 43 - 0.03 0.15 31392
aoULAV 75e2 2 43 - 0.02 0.16 31388
aoD2AG 75e2 2 43 - 0.03 0.17 31384
aoD2SG 75e2 2 43 - 0.03 0.18 31380
moore 75e2 2 43 - 0.65 370.74 1683888
nbpm 75e2 2 43 - 3.97 176.48 4242136
greedy 75e2 2 43 - 3.84 159.34 6183092
dry 1e4 2 130 - 0.02 0.12 26432
aoDLAV 1e4 2 130 - 0.02 0.18 31864
aoULAV 1e4 2 130 - 0.03 0.18 31876
aoD2AG 1e4 2 130 - 0.02 0.19 31880
aoD2SG 1e4 2 130 - 0.03 0.19 31992
moore 1e4 2 130 - 1.11 1104.02 2960572
nbpm 1e4 2 130 - 7.63 352.90 7889416
greedy 1e4 2 130 - 7.26 320.41 10968568
dry 56e6 2 113 - 0.60 1.79 1123928
aoDLAV 56e6 2 113 - 4.56 327.42 8330816
aoULAV 56e6 2 113 - 6.00 355.64 8330816
aoD2AG 56e6 2 113 - 11.08 521.64 12248436
aoD2SG 56e6 2 113 - 11.55 595.75 12693464
dry 7e7 2 185 - 0.73 2.21 1397356
aoDLAV 7e7 2 185 - 5.69 413.36 10408940
aoULAV 7e7 2 185 - 7.62 456.33 10408940
aoD2AG 7e7 2 185 - 13.91 647.07 15305988
aoD2SG 7e7 2 185 - 14.45 940.31 15863904
dry 18e6 2 137 - 0.25 0.68 381736
aoDLAV 18e6 2 137 - 1.52 96.46 2690192
aoULAV 18e6 2 137 - 1.64 101.93 2690196
aoD2AG 18e6 2 137 - 3.61 141.92 3949384
aoD2SG 18e6 2 137 - 3.60 168.23 4092756
dry 1e4 2 123 - 0.02 0.12 26436
aoDLAV 1e4 2 123 - 0.03 0.18 31864
aoULAV 1e4 2 123 - 0.03 0.18 31880
aoD2AG 1e4 2 123 - 0.03 0.18 31876
aoD2SG 1e4 2 123 - 0.02 0.19 31988
moore 1e4 2 123 - 1.24 1179.72 2960572
nbpm 1e4 2 123 - 7.55 359.25 7889416
greedy 1e4 2 123 - 6.38 269.00 10968568
dry 75e2 2 136 - 0.02 0.12 26328
aoDLAV 75e2 2 136 - 0.03 0.15 31376
aoULAV 75e2 2 136 - 0.03 0.15 31388
aoD2AG 75e2 2 136 - 0.02 0.18 31380
aoD2SG 75e2 2 136 - 0.03 0.18 31380
moore 75e2 2 136 - 0.67 362.29 1683876
nbpm 75e2 2 136 - 4.35 168.82 4242124
greedy 75e2 2 136 - 3.62 161.81 6183092
dry 6e7 2 54 - 0.71 1.90 1202044
aoDLAV 6e7 2 54 - 5.17 365.10 8924560
aoULAV 6e7 2 54 - 6.68 378.96 8924564
aoD2AG 6e7 2 54 - 12.08 569.22 13122560
aoD2SG 6e7 2 54 - 12.32 629.80 13599316
dry 4e7 2 162 - 0.42 1.32 811424
aoDLAV 4e7 2 162 - 3.32 225.40 5955820
aoULAV 4e7 2 162 - 4.54 284.18 5955816
aoD2AG 4e7 2 162 - 8.29 361.76 8753508
aoD2SG 4e7 2 162 - 8.12 401.33 9072108
dry 50e2 2 225 - 0.02 0.13 26204
aoDLAV 50e2 2 225 - 0.04 0.15 30848
aoULAV 50e2 2 225 - 0.03 0.15 30860
aoD2AG 50e2 2 225 - 0.03 0.17 31792
aoD2SG 50e2 2 225 - 0.04 0.18 31872
moore 50e2 2 225 - 0.71 208.74 764628
nbpm 50e2 2 225 - 2.13 58.43 2011924
greedy 50e2 2 225 - 1.62 65.18 2764784
dry 75e2 2 247 - 0.03 0.12 27952
aoDLAV 75e2 2 247 - 0.03 0.16 31376
aoULAV 75e2 2 247 - 0.02 0.17 31392
aoD2AG 75e2 2 247 - 0.04 0.17 31380
aoD2SG 75e2 2 247 - 0.03 0.18 31380
moore 75e2 2 247 - 1.22 485.63 1688784
nbpm 75e2 2 247 - 4.23 159.07 4242124
greedy 75e2 2 247 - 3.99 150.05 6183092
dry 18e6 2 85 - 0.26 0.72 381740
aoDLAV 18e6 2 85 - 1.70 97.32 2690192
aoULAV 18e6 2 85 - 2.15 103.81 2690192
aoD2AG 18e6 2 85 - 3.15 142.76 3950180
aoD2SG 18e6 2 85 - 3.45 172.32 4094200
dry 25e2 2 199 - 0.03 0.12 26080
aoDLAV 25e2 2 199 - 0.03 0.16 30452
aoULAV 25e2 2 199 - 0.03 0.15 30468
aoD2AG 25e2 2 199 - 0.03 0.15 30980
aoD2SG 25e2 2 199 - 0.04 0.14 31040
moore 25e2 2 199 - 0.10 19.71 213636
nbpm 25e2 2 199 - 0.58 11.89 541644
greedy 25e2 2 199 - 0.47 10.05 713664
dry 1e4 5 186 - 0.02 0.13 27952
aoDLAV 1e4 5 186 - 0.02 0.23 31084
aoULAV 1e4 5 186 - 0.03 0.22 31096
aoD2AG 1e4 5 186 - 0.03 0.22 32108
aoD2SG 1e4 5 186 - 0.03 0.23 32112
moore 1e4 5 186 - 1.13 904.35 2961736
nbpm 1e4 5 186 - 7.46 609.50 7811452
greedy 1e4 5 186 - 6.89 364.07 10959176
dry 1e4 10 153 - 0.02 0.12 28936
aoDLAV 1e4 10 153 - 0.03 0.67 32764
aoULAV 1e4 10 153 - 0.03 0.70 32776
aoD2AG 1e4 10 153 - 0.04 0.72 32744
aoD2SG 1e4 10 153 - 0.04 0.78 34180
moore 1e4 10 153 - 1.22 988.50 2963884
nbpm 1e4 10 153 - 7.31 699.61 7764384
greedy 1e4 10 153 - 6.92 289.51 10961112
dry 25e2 2 225 - 0.02 0.13 26080
aoDLAV 25e2 2 225 - 0.02 0.16 30456
aoULAV 25e2 2 225 - 0.04 0.15 30468
aoD2AG 25e2 2 225 - 0.03 0.16 30976
aoD2SG 25e2 2 225 - 0.03 0.16 31024
moore 25e2 2 225 - 0.12 31.31 213620
nbpm 25e2 2 225 - 0.56 12.81 541636
greedy 25e2 2 225 - 0.44 10.94 713668
dry 18e6 2 219 - 0.23 0.68 381736
aoDLAV 18e6 2 219 - 1.48 96.14 2690192
aoULAV 18e6 2 219 - 1.99 101.11 2690192
aoD2AG 18e6 2 219 - 3.19 144.35 3950980
aoD2SG 18e6 2 219 - 3.54 162.26 4092756
dry 18e2 2 97 - 0.03 0.12 26048
aoDLAV 18e2 2 97 - 0.03 0.15 30376
aoULAV 18e2 2 97 - 0.03 0.15 30384
aoD2AG 18e2 2 97 - 0.03 0.15 30788
aoD2SG 18e2 2 97 - 0.03 0.15 30824
moore 18e2 2 97 - 0.06 6.20 125444
nbpm 18e2 2 97 - 0.21 8.91 334536
greedy 18e2 2 97 - 0.24 3.75 384352
dry 32e2 2 25 - 0.03 0.11 26112
aoDLAV 32e2 2 25 - 0.03 0.15 30544
aoULAV 32e2 2 25 - 0.03 0.15 30548
aoD2AG 32e2 2 25 - 0.03 0.16 31204
aoD2SG 32e2 2 25 - 0.03 0.16 31260
moore 32e2 2 25 - 0.22 53.88 330520
nbpm 32e2 2 25 - 0.87 21.30 854764
greedy 32e2 2 25 - 0.67 19.76 1150164
dry 1e4 5 48 - 0.03 0.12 26900
aoDLAV 1e4 5 48 - 0.03 0.22 31088
aoULAV 1e4 5 48 - 0.04 0.20 31096
aoD2AG 1e4 5 48 - 0.03 0.22 32108
aoD2SG 1e4 5 48 - 0.03 0.23 32112
moore 1e4 5 48 - 1.19 817.10 2961736
nbpm 1e4 5 48 - 7.37 646.66 7811564
greedy 1e4 5 48 - 6.67 290.33 10959172
dry 5e7 2 9 - 0.57 1.61 1006736
aoDLAV 5e7 2 9 - 4.46 290.53 7440196
aoULAV 5e7 2 9 - 5.75 315.29 7440196
aoD2AG 5e7 2 9 - 9.99 455.67 10935892
aoD2SG 5e7 2 9 - 10.57 523.96 11338364
dry 3e7 2 86 - 0.37 1.07 616104
aoDLAV 3e7 2 86 - 2.56 165.03 4471428
aoULAV 3e7 2 86 - 2.63 176.17 4471432
aoD2AG 3e7 2 86 - 5.97 247.14 6571592
aoD2SG 3e7 2 86 - 7.13 330.37 6813248
dry 25e2 2 27 - 0.02 0.13 26084
aoDLAV 25e2 2 27 - 0.03 0.16 30456
aoULAV 25e2 2 27 - 0.03 0.16 30468
aoD2AG 25e2 2 27 - 0.04 0.15 30988
aoD2SG 25e2 2 27 - 0.03 0.16 31052
moore 25e2 2 27 - 0.09 36.34 213604
nbpm 25e2 2 27 - 0.56 14.11 541640
greedy 25e2 2 27 - 0.41 10.56 713664
dry 56e6 2 39 - 0.64 1.76 1123924
aoDLAV 56e6 2 39 - 4.84 334.59 8330816
aoULAV 56e6 2 39 - 6.26 349.63 8330816
aoD2AG 56e6 2 39 - 11.28 502.78 12248644
aoD2SG 56e6 2 39 - 12.02 666.47 12696332
dry 25e2 2 179 - 0.03 0.11 26080
aoDLAV 25e2 2 179 - 0.03 0.14 30452
aoULAV 25e2 2 179 - 0.03 0.16 30464
aoD2AG 25e2 2 179 - 0.02 0.16 30980
aoD2SG 25e2 2 179 - 0.04 0.15 31040
moore 25e2 2 179 - 0.11 28.08 213604
nbpm 25e2 2 179 - 0.54 12.32 541644
greedy 25e2 2 179 - 0.53 10.38 713664
dry 2e7 2 203 - 0.28 0.76 420796
aoDLAV 2e7 2 203 - 1.90 105.75 2987068
aoULAV 2e7 2 203 - 1.84 113.71 2987068
aoD2AG 2e7 2 203 - 4.26 162.42 4387100
aoD2SG 2e7 2 203 - 3.80 197.54 4550108
dry 18e2 2 57 - 0.02 0.12 26052
aoDLAV 18e2 2 57 - 0.04 0.14 30376
aoULAV 18e2 2 57 - 0.02 0.16 30384
aoD2AG 18e2 2 57 - 0.04 0.14 30792
aoD2SG 18e2 2 57 - 0.03 0.16 30828
moore 18e2 2 57 - 0.06 8.69 125440
nbpm 18e2 2 57 - 0.19 7.54 334528
greedy 18e2 2 57 - 0.24 3.86 384356
dry 5e7 2 23 - 0.53 1.63 1006736
aoDLAV 5e7 2 23 - 4.30 298.72 7440192
aoULAV 5e7 2 23 - 5.46 311.61 7440192
aoD2AG 5e7 2 23 - 9.46 456.83 10937896
aoD2SG 5e7 2 23 - 10.26 513.17 11335700
dry 32e6 2 206 - 0.36 1.10 655180
aoDLAV 32e6 2 206 - 2.86 199.85 4768324
aoULAV 32e6 2 206 - 3.39 189.66 4768328
aoD2AG 32e6 2 206 - 6.24 269.26 7007512
aoD2SG 32e6 2 206 - 6.89 394.66 7264400
dry 4e7 2 154 - 0.48 1.32 811428
aoDLAV 4e7 2 154 - 3.64 235.77 5955820
aoULAV 4e7 2 154 - 4.58 249.53 5955816
aoD2AG 4e7 2 154 - 8.28 355.14 8752436
aoD2SG 4e7 2 154 - 8.49 408.51 9073736
dry 32e6 2 193 - 0.41 1.13 655180
aoDLAV 32e6 2 193 - 2.75 180.05 4768324
aoULAV 32e6 2 193 - 3.35 190.99 4768324
aoD2AG 32e6 2 193 - 5.80 278.01 7004804
aoD2SG 32e6 2 193 - 6.80 312.00 7261720
dry 4e7 2 23 - 0.51 1.32 811424
aoDLAV 4e7 2 23 - 3.65 233.74 5955816
aoULAV 4e7 2 23 - 3.40 242.87 5955816
aoD2AG 4e7 2 23 - 8.09 349.60 8751688
aoD2SG 4e7 2 23 - 8.52 413.72 9071596
dry 5e7 2 179 - 0.57 1.62 1006736
aoDLAV 5e7 2 179 - 4.22 311.51 7440192
aoULAV 5e7 2 179 - 5.20 304.01 7440192
aoD2AG 5e7 2 179 - 10.00 439.82 10936884
aoD2SG 5e7 2 179 - 10.73 523.38 11333376
dry 1e4 5 213 - 0.02 0.12 26904
aoDLAV 1e4 5 213 - 0.03 0.21 31084
aoULAV 1e4 5 213 - 0.03 0.21 31096
aoD2AG 1e4 5 213 - 0.02 0.24 32108
aoD2SG 1e4 5 213 - 0.04 0.23 32140
moore 1e4 5 213 - 1.17 1205.08 2961732
nbpm 1e4 5 213 - 7.51 587.93 7811452
greedy 1e4 5 213 - 7.23 294.97 10959172
dry 75e2 2 14 - 0.03 0.12 28288
aoDLAV 75e2 2 14 - 0.04 0.15 31376
aoULAV 75e2 2 14 - 0.03 0.16 31388
aoD2AG 75e2 2 14 - 0.03 0.18 31384
aoD2SG 75e2 2 14 - 0.04 0.18 31380
moore 75e2 2 14 - 1.55 547.87 1688792
nbpm 75e2 2 14 - 4.32 151.45 4242132
greedy 75e2 2 14 - 4.05 152.81 6183096
dry 50e2 2 211 - 0.03 0.12 26204
aoDLAV 50e2 2 211 - 0.03 0.15 30852
aoULAV 50e2 2 211 - 0.03 0.16 30860
aoD2AG 50e2 2 211 - 0.04 0.16 31784
aoD2SG 50e2 2 211 - 0.04 0.18 31864
moore 50e2 2 211 - 0.59 170.82 764632
nbpm 50e2 2 211 - 1.93 110.59 2011924
greedy 50e2 2 211 - 1.63 62.36 2764780
dry 32e2 2 244 - 0.02 0.12 26112
aoDLAV 32e2 2 244 - 0.04 0.14 30540
aoULAV 32e2 2 244 - 0.03 0.15 30548
aoD2AG 32e2 2 244 - 0.04 0.15 31224
aoD2SG 32e2 2 244 - 0.04 0.15 31268
moore 32e2 2 244 - 0.17 42.79 330520
nbpm 32e2 2 244 - 0.87 19.21 854760
greedy 32e2 2 244 - 0.79 21.92 1150164
dry 25e2 2 150 - 0.03 0.12 26080
aoDLAV 25e2 2 150 - 0.03 0.15 30452
aoULAV 25e2 2 150 - 0.03 0.15 30464
aoD2AG 25e2 2 150 - 0.04 0.15 30972
aoD2SG 25e2 2 150 - 0.03 0.15 31024
moore 25e2 2 150 - 0.08 21.31 213624
nbpm 25e2 2 150 - 0.58 13.10 541636
greedy 25e2 2 150 - 0.45 10.74 713668
dry 32e2 2 122 - 0.03 0.13 26112
aoDLAV 32e2 2 122 - 0.04 0.15 30540
aoULAV 32e2 2 122 - 0.03 0.15 30556
aoD2AG 32e2 2 122 - 0.04 0.15 31204
aoD2SG 32e2 2 122 - 0.03 0.16 31248
moore 32e2 2 122 - 0.16 32.52 330520
nbpm 32e2 2 122 - 0.85 20.57 854760
greedy 32e2 2 122 - 0.64 22.87 1150164
dry 7e7 2 181 - 0.82 2.20 1397356
aoDLAV 7e7 2 181 - 6.04 555.15 10408936
aoULAV 7e7 2 181 - 7.78 462.38 10408936
aoD2AG 7e7 2 181 - 13.72 647.13 15305204
aoD2SG 7e7 2 181 - 14.97 764.85 15863652
dry 5e7 2 46 - 0.66 1.59 1006736
aoDLAV 5e7 2 46 - 4.35 290.14 7440192
aoULAV 5e7 2 46 - 5.79 310.09 7440196
aoD2AG 5e7 2 46 - 10.19 440.26 10937624
aoD2SG 5e7 2 46 - 10.85 530.58 11336796
dry 25e2 2 82 - 0.03 0.12 26084
aoDLAV 25e2 2 82 - 0.03 0.16 30456
aoULAV 25e2 2 82 - 0.03 0.16 30464
aoD2AG 25e2 2 82 - 0.03 0.16 30976
aoD2SG 25e2 2 82 - 0.03 0.16 31024
moore 25e2 2 82 - 0.11 31.71 213608
nbpm 25e2 2 82 - 0.52 12.34 541644
greedy 25e2 2 82 - 0.37 10.11 713664
dry 56e6 2 189 - 0.65 1.81 1123924
aoDLAV 56e6 2 189 - 4.62 337.48 8330816
aoULAV 56e6 2 189 - 6.38 361.17 8330816
aoD2AG 56e6 2 189 - 11.63 511.68 12248100
aoD2SG 56e6 2 189 - 11.60 590.07 12696504
dry 1e4 2 146 - 0.03 0.12 26432
aoDLAV 1e4 2 146 - 0.04 0.17 31864
aoULAV 1e4 2 146 - 0.03 0.17 31880
aoD2AG 1e4 2 146 - 0.04 0.18 31936
aoD2SG 1e4 2 146 - 0.03 0.19 31984
moore 1e4 2 146 - 1.14 874.78 2960572
nbpm 1e4 2 146 - 7.38 359.80 7889416
greedy 1e4 2 146 - 7.02 287.80 10968568
dry 56e2 2 249 - 0.02 0.12 26236
aoDLAV 56e2 2 249 - 0.03 0.15 30976
aoULAV 56e2 2 249 - 0.03 0.15 30988
aoD2AG 56e2 2 249 - 0.04 0.17 31976
aoD2SG 56e2 2 249 - 0.03 0.17 31120
moore 56e2 2 249 - 0.66 211.32 952724
nbpm 56e2 2 249 - 2.45 74.35 2388100
greedy 56e2 2 249 - 2.09 80.26 3460492
dry 18e2 2 127 - 0.02 0.12 26048
aoDLAV 18e2 2 127 - 0.04 0.14 30372
aoULAV 18e2 2 127 - 0.04 0.14 30384
aoD2AG 18e2 2 127 - 0.02 0.16 30792
aoD2SG 18e2 2 127 - 0.03 0.15 30844
moore 18e2 2 127 - 0.07 12.80 125408
nbpm 18e2 2 127 - 0.24 7.44 334576
greedy 18e2 2 127 - 0.26 3.70 384352
dry 32e6 2 66 - 0.36 1.13 655176
aoDLAV 32e6 2 66 - 2.60 178.33 4768324
aoULAV 32e6 2 66 - 2.78 191.16 4768328
aoD2AG 32e6 2 66 - 6.45 279.89 7009076
aoD2SG 32e6 2 66 - 6.98 318.73 7263320
dry 5e7 2 35 - 0.60 1.61 1006736
aoDLAV 5e7 2 35 - 4.32 280.01 7440192
aoULAV 5e7 2 35 - 5.75 295.42 7440192
aoD2AG 5e7 2 35 - 10.06 430.24 10936416
aoD2SG 5e7 2 35 - 10.79 514.04 11333276
dry 6e7 2 23 - 0.73 1.91 1202044
aoDLAV 6e7 2 23 - 5.20 355.85 8924560
aoULAV 6e7 2 23 - 6.77 377.94 8924560
aoD2AG 6e7 2 23 - 11.91 541.62 13120036
aoD2SG 6e7 2 23 - 13.00 810.51 13598368
dry 1e4 5 49 - 0.02 0.13 28696
aoDLAV 1e4 5 49 - 0.03 0.22 31084
aoULAV 1e4 5 49 - 0.03 0.22 31100
aoD2AG 1e4 5 49 - 0.03 0.22 32108
aoD2SG 1e4 5 49 - 0.03 0.23 32108
moore 1e4 5 49 - 1.15 930.63 2961736
nbpm 1e4 5 49 - 7.81 599.29 7811452
greedy 1e4 5 49 - 6.58 314.99 10959172
dry 32e2 2 6 - 0.02 0.12 26112
aoDLAV 32e2 2 6 - 0.03 0.15 30540
aoULAV 32e2 2 6 - 0.02 0.15 30548
aoD2AG 32e2 2 6 - 0.02 0.16 31204
aoD2SG 32e2 2 6 - 0.03 0.16 31248
moore 32e2 2 6 - 0.30 68.43 330520
nbpm 32e2 2 6 - 0.87 21.37 854756
greedy 32e2 2 6 - 0.74 23.17 1150164
dry 5e7 2 47 - 0.64 1.63 1006736
aoDLAV 5e7 2 47 - 4.25 309.28 7440192
aoULAV 5e7 2 47 - 5.31 320.79 7440192
aoD2AG 5e7 2 47 - 9.76 439.93 10938104
aoD2SG 5e7 2 47 - 10.69 584.17 11336960
dry 75e2 2 175 - 0.03 0.13 26328
aoDLAV 75e2 2 175 - 0.03 0.17 31376
aoULAV 75e2 2 175 - 0.03 0.16 31392
aoD2AG 75e2 2 175 - 0.02 0.19 31380
aoD2SG 75e2 2 175 - 0.03 0.18 31380
moore 75e2 2 175 - 1.09 465.64 1688784
nbpm 75e2 2 175 - 4.34 160.45 4242128
greedy 75e2 2 175 - 4.04 145.38 6183092
dry 18e6 2 2 - 0.23 0.70 381736
aoDLAV 18e6 2 2 - 1.54 94.99 2690224
aoULAV 18e6 2 2 - 2.11 100.61 2690192
aoD2AG 18e6 2 2 - 3.28 142.91 3950672
aoD2SG 18e6 2 2 - 3.44 165.03 4092860
dry 32e6 2 209 - 0.39 1.11 655176
aoDLAV 32e6 2 209 - 2.74 186.84 4768324
aoULAV 32e6 2 209 - 3.85 218.99 4768324
aoD2AG 32e6 2 209 - 5.61 265.73 7005300
aoD2SG 32e6 2 209 - 6.70 315.70 7261532
dry 50e2 2 223 - 0.02 0.12 26204
aoDLAV 50e2 2 223 - 0.02 0.16 30848
aoULAV 50e2 2 223 - 0.03 0.15 30860
aoD2AG 50e2 2 223 - 0.03 0.15 31780
aoD2SG 50e2 2 223 - 0.03 0.18 31892
moore 50e2 2 223 - 1.16 294.34 764628
nbpm 50e2 2 223 - 2.05 57.25 2011924
greedy 50e2 2 223 - 1.83 63.54 2764780
dry 56e6 2 10 - 0.72 1.82 1123924
aoDLAV 56e6 2 10 - 4.91 332.37 8330816
aoULAV 56e6 2 10 - 6.16 346.04 8330816
aoD2AG 56e6 2 10 - 11.00 517.59 12248068
aoD2SG 56e6 2 10 - 11.11 591.04 12696840
dry 56e6 2 13 - 0.61 1.78 1123924
aoDLAV 56e6 2 13 - 4.54 333.28 8330816
aoULAV 56e6 2 13 - 6.13 342.49 8330816
aoD2AG 56e6 2 13 - 11.38 462.76 12246576
aoD2SG 56e6 2 13 - 10.86 550.03 12694288
