dry 32e2 2 234 - 0.02 0.11 26112
aoDLAV 32e2 2 234 - 0.03 0.14 30540
aoULAV 32e2 2 234 - 0.03 0.14 30556
aoD2AG 32e2 2 234 - 0.02 0.15 31196
aoD2SG 32e2 2 234 - 0.02 0.14 31248
moore 32e2 2 234 - 0.23 59.30 330516
nbpm 32e2 2 234 - 0.89 20.50 854752
greedy 32e2 2 234 - 0.64 21.94 1150168
dry 56e6 2 190 - 0.65 1.83 1123924
aoDLAV 56e6 2 190 - 4.48 341.52 8330820
aoULAV 56e6 2 190 - 5.96 463.95 8330816
aoD2AG 56e6 2 190 - 10.90 497.24 12246988
aoD2SG 56e6 2 190 - 11.68 582.23 12698024
dry 32e6 2 241 - 0.38 1.10 655176
aoDLAV 32e6 2 241 - 2.78 186.25 4768328
aoULAV 32e6 2 241 - 3.72 206.61 4768324
aoD2AG 32e6 2 241 - 5.41 279.86 7009452
aoD2SG 32e6 2 241 - 6.47 316.63 7262900
dry 1e4 10 248 - 0.03 0.12 27688
aoDLAV 1e4 10 248 - 0.03 0.70 32764
aoULAV 1e4 10 248 - 0.03 0.65 32780
aoD2AG 1e4 10 248 - 0.03 0.68 32744
aoD2SG 1e4 10 248 - 0.03 0.75 34176
moore 1e4 10 248 - 1.12 977.85 2963856
nbpm 1e4 10 248 - 7.75 780.29 7764392
greedy 1e4 10 248 - 6.67 271.29 10961108
dry 1e4 2 206 - 0.03 0.12 26436
aoDLAV 1e4 2 206 - 0.03 0.17 31868
aoULAV 1e4 2 206 - 0.02 0.18 31876
aoD2AG 1e4 2 206 - 0.04 0.18 31880
aoD2SG 1e4 2 206 - 0.04 0.18 31988
moore 1e4 2 206 - 1.24 1021.08 2960576
nbpm 1e4 2 206 - 7.62 390.48 7889416
greedy 1e4 2 206 - 7.20 343.65 10968568
dry 50e2 2 139 - 0.03 0.11 26204
aoDLAV 50e2 2 139 - 0.03 0.15 30848
aoULAV 50e2 2 139 - 0.03 0.16 30860
aoD2AG 50e2 2 139 - 0.03 0.16 31788
aoD2SG 50e2 2 139 - 0.03 0.17 31888
moore 50e2 2 139 - 0.42 144.82 764620
nbpm 50e2 2 139 - 1.99 59.21 2011916
greedy 50e2 2 139 - 1.65 66.37 2764784
dry 18e6 2 140 - 0.24 0.72 381736
aoDLAV 18e6 2 140 - 1.50 100.41 2690192
aoULAV 18e6 2 140 - 1.52 105.72 2690204
aoD2AG 18e6 2 140 - 3.63 148.30 3949736
aoD2SG 18e6 2 140 - 3.43 169.65 4093692
dry 75e2 2 120 - 0.02 0.13 26332
aoDLAV 75e2 2 120 - 0.04 0.16 31380
aoULAV 75e2 2 120 - 0.03 0.16 31392
aoD2AG 75e2 2 120 - 0.03 0.19 31384
aoD2SG 75e2 2 120 - 0.03 0.20 31384
moore 75e2 2 120 - 0.79 419.44 1688784
nbpm 75e2 2 120 - 4.09 167.09 4242132
greedy 75e2 2 120 - 3.77 162.33 6183092
dry 7e7 2 48 - 0.79 2.24 1397356
aoDLAV 7e7 2 48 - 5.96 432.53 10408936
aoULAV 7e7 2 48 - 7.81 449.78 10408936
aoD2AG 7e7 2 48 - 14.02 651.22 15303504
aoD2SG 7e7 2 48 - 14.76 887.11 15863876
dry 32e2 2 47 - 0.03 0.12 26112
aoDLAV 32e2 2 47 - 0.03 0.16 30540
aoULAV 32e2 2 47 - 0.03 0.15 30552
aoD2AG 32e2 2 47 - 0.04 0.15 31200
aoD2SG 32e2 2 47 - 0.04 0.15 31264
moore 32e2 2 47 - 0.32 64.78 330520
nbpm 32e2 2 47 - 0.97 20.19 854824
greedy 32e2 2 47 - 0.72 21.51 1150164
dry 50e2 2 45 - 0.02 0.12 26204
aoDLAV 50e2 2 45 - 0.03 0.15 30848
aoULAV 50e2 2 45 - 0.02 0.16 30860
aoD2AG 50e2 2 45 - 0.03 0.16 31804
aoD2SG 50e2 2 45 - 0.04 0.16 31908
moore 50e2 2 45 - 0.63 185.91 764620
nbpm 50e2 2 45 - 1.99 60.07 2011920
greedy 50e2 2 45 - 1.77 63.58 2764804
dry 50e2 2 40 - 0.02 0.12 26204
aoDLAV 50e2 2 40 - 0.03 0.15 30848
aoULAV 50e2 2 40 - 0.03 0.15 30864
aoD2AG 50e2 2 40 - 0.03 0.16 31764
aoD2SG 50e2 2 40 - 0.03 0.17 31860
moore 50e2 2 40 - 0.66 200.54 764624
nbpm 50e2 2 40 - 1.98 54.34 2011916
greedy 50e2 2 40 - 1.59 59.81 2764784
dry 3e7 2 139 - 0.41 1.01 616104
aoDLAV 3e7 2 139 - 2.52 169.37 4471428
aoULAV 3e7 2 139 - 3.27 183.09 4471428
aoD2AG 3e7 2 139 - 5.47 264.21 6572872
aoD2SG 3e7 2 139 - 6.28 298.89 6810888
dry 3e7 2 224 - 0.36 1.04 616108
aoDLAV 3e7 2 224 - 2.58 167.95 4471432
aoULAV 3e7 2 224 - 3.28 174.03 4471432
aoD2AG 3e7 2 224 - 5.32 243.76 6569284
aoD2SG 3e7 2 224 - 6.32 285.42 6810276
dry 4e7 2 152 - 0.52 1.33 811428
aoDLAV 4e7 2 152 - 3.72 298.53 5955820
aoULAV 4e7 2 152 - 4.37 243.24 5955816
aoD2AG 4e7 2 152 - 8.02 348.09 8753260
aoD2SG 4e7 2 152 - 8.44 404.69 9073512
dry 50e2 2 208 - 0.02 0.13 26204
aoDLAV 50e2 2 208 - 0.03 0.15 30848
aoULAV 50e2 2 208 - 0.03 0.15 30860
aoD2AG 50e2 2 208 - 0.02 0.16 31796
aoD2SG 50e2 2 208 - 0.03 0.17 31896
moore 50e2 2 208 - 0.32 132.62 762972
nbpm 50e2 2 208 - 2.01 59.68 2011916
greedy 50e2 2 208 - 1.83 65.35 2764784
dry 56e6 2 162 - 0.64 1.80 1123924
aoDLAV 56e6 2 162 - 4.99 377.32 8330820
aoULAV 56e6 2 162 - 6.16 361.63 8330816
aoD2AG 56e6 2 162 - 11.32 502.18 12247684
aoD2SG 56e6 2 162 - 11.31 582.41 12692172
dry 5e7 2 42 - 0.60 1.64 1006736
aoDLAV 5e7 2 42 - 4.10 294.01 7440192
aoULAV 5e7 2 42 - 5.65 371.48 7440192
aoD2AG 5e7 2 42 - 10.04 437.17 10937504
aoD2SG 5e7 2 42 - 10.48 517.17 11338200
dry 50e2 2 180 - 0.02 0.12 26204
aoDLAV 50e2 2 180 - 0.02 0.16 30848
aoULAV 50e2 2 180 - 0.03 0.15 30860
aoD2AG 50e2 2 180 - 0.04 0.15 31800
aoD2SG 50e2 2 180 - 0.03 0.17 31932
moore 50e2 2 180 - 0.99 273.73 764628
nbpm 50e2 2 180 - 1.95 55.21 2011920
greedy 50e2 2 180 - 1.80 63.04 2764780
dry 32e2 2 38 - 0.02 0.13 26112
aoDLAV 32e2 2 38 - 0.03 0.16 30544
aoULAV 32e2 2 38 - 0.03 0.15 30556
aoD2AG 32e2 2 38 - 0.03 0.15 31200
aoD2SG 32e2 2 38 - 0.03 0.16 31272
moore 32e2 2 38 - 0.20 45.19 330520
nbpm 32e2 2 38 - 0.89 20.01 854760
greedy 32e2 2 38 - 0.83 22.14 1150168
dry 18e6 2 113 - 0.27 0.68 381736
aoDLAV 18e6 2 113 - 1.43 95.91 2690196
aoULAV 18e6 2 113 - 1.60 133.63 2690192
aoD2AG 18e6 2 113 - 3.67 142.28 3949592
aoD2SG 18e6 2 113 - 3.64 167.15 4093480
dry 1e4 5 67 - 0.03 0.12 26900
aoDLAV 1e4 5 67 - 0.04 0.21 31084
aoULAV 1e4 5 67 - 0.03 0.21 31096
aoD2AG 1e4 5 67 - 0.04 0.22 32108
aoD2SG 1e4 5 67 - 0.03 0.24 32108
moore 1e4 5 67 - 1.16 1008.82 2961732
nbpm 1e4 5 67 - 7.40 1111.40 7811496
greedy 1e4 5 67 - 6.57 298.88 10959172
dry 25e2 2 96 - 0.02 0.12 26080
aoDLAV 25e2 2 96 - 0.03 0.16 30452
aoULAV 25e2 2 96 - 0.04 0.14 30464
aoD2AG 25e2 2 96 - 0.03 0.16 30972
aoD2SG 25e2 2 96 - 0.03 0.16 31028
moore 25e2 2 96 - 0.11 24.97 213608
nbpm 25e2 2 96 - 0.54 12.83 541700
greedy 25e2 2 96 - 0.42 10.56 713700
dry 56e2 2 103 - 0.02 0.13 26236
aoDLAV 56e2 2 103 - 0.03 0.17 30976
aoULAV 56e2 2 103 - 0.02 0.17 30988
aoD2AG 56e2 2 103 - 0.03 0.18 31964
aoD2SG 56e2 2 103 - 0.03 0.18 31120
moore 56e2 2 103 - 0.43 157.80 949988
nbpm 56e2 2 103 - 2.47 100.33 2388084
greedy 56e2 2 103 - 2.16 79.78 3460488
dry 7e7 2 175 - 0.80 2.19 1397356
aoDLAV 7e7 2 175 - 6.08 435.68 10408936
aoULAV 7e7 2 175 - 7.33 443.27 10408940
aoD2AG 7e7 2 175 - 13.85 642.72 15306576
aoD2SG 7e7 2 175 - 14.82 779.78 15861812
dry 50e2 2 150 - 0.03 0.12 26208
aoDLAV 50e2 2 150 - 0.03 0.15 30848
aoULAV 50e2 2 150 - 0.03 0.15 30860
aoD2AG 50e2 2 150 - 0.03 0.15 31796
aoD2SG 50e2 2 150 - 0.03 0.17 31884
moore 50e2 2 150 - 0.32 121.11 762972
nbpm 50e2 2 150 - 1.94 54.62 2011916
greedy 50e2 2 150 - 1.72 62.11 2764780
dry 3e7 2 245 - 0.36 1.06 616104
aoDLAV 3e7 2 245 - 2.49 169.28 4471432
aoULAV 3e7 2 245 - 3.29 181.91 4471428
aoD2AG 3e7 2 245 - 5.60 253.33 6571264
aoD2SG 3e7 2 245 - 6.48 310.61 6810188
dry 75e2 2 100 - 0.03 0.12 26328
aoDLAV 75e2 2 100 - 0.03 0.16 31376
aoULAV 75e2 2 100 - 0.03 0.15 31388
aoD2AG 75e2 2 100 - 0.03 0.18 31384
aoD2SG 75e2 2 100 - 0.02 0.18 31380
moore 75e2 2 100 - 1.15 485.11 1688784
nbpm 75e2 2 100 - 4.10 158.59 4242120
greedy 75e2 2 100 - 3.80 150.16 6183092
dry 56e6 2 42 - 0.59 1.83 1123924
aoDLAV 56e6 2 42 - 4.54 323.47 8330820
aoULAV 56e6 2 42 - 5.85 351.01 8330816
aoD2AG 56e6 2 42 - 11.10 526.38 12245840
aoD2SG 56e6 2 42 - 11.57 599.04 12691220
dry 6e7 2 22 - 0.64 1.91 1202044
aoDLAV 6e7 2 22 - 5.31 395.14 8924564
aoULAV 6e7 2 22 - 6.39 375.15 8924560
aoD2AG 6e7 2 22 - 11.78 620.67 13122944
aoD2SG 6e7 2 22 - 12.44 650.13 13602340
dry 32e2 2 101 - 0.03 0.12 26112
aoDLAV 32e2 2 101 - 0.03 0.15 30544
aoULAV 32e2 2 101 - 0.03 0.15 30552
aoD2AG 32e2 2 101 - 0.02 0.16 31192
aoD2SG 32e2 2 101 - 0.02 0.16 31244
moore 32e2 2 101 - 0.42 88.19 330512
nbpm 32e2 2 101 - 0.85 18.99 854752
greedy 32e2 2 101 - 0.74 20.71 1150168
dry 5e7 2 18 - 0.54 1.65 1006740
aoDLAV 5e7 2 18 - 4.17 288.00 7440192
aoULAV 5e7 2 18 - 5.24 302.79 7440192
aoD2AG 5e7 2 18 - 9.94 530.30 10937792
aoD2SG 5e7 2 18 - 10.85 521.76 11336184
dry 7e7 2 35 - 0.82 2.23 1397360
aoDLAV 7e7 2 35 - 6.15 413.20 10408936
aoULAV 7e7 2 35 - 8.03 444.01 10408940
aoD2AG 7e7 2 35 - 14.01 641.75 15304724
aoD2SG 7e7 2 35 - 14.81 746.43 15861892
dry 6e7 2 119 - 0.66 1.93 1202044
aoDLAV 6e7 2 119 - 5.09 358.28 8924560
aoULAV 6e7 2 119 - 6.76 379.81 8924564
aoD2AG 6e7 2 119 - 11.80 538.72 13123836
aoD2SG 6e7 2 119 - 12.56 646.96 13605112
dry 56e6 2 168 - 0.70 1.84 1123924
aoDLAV 56e6 2 168 - 4.77 332.19 8330816
aoULAV 56e6 2 168 - 6.12 347.47 8330820
aoD2AG 56e6 2 168 - 11.19 511.02 12247416
aoD2SG 56e6 2 168 - 12.08 590.50 12694236
dry 56e6 2 147 - 0.67 1.80 1123924
aoDLAV 56e6 2 147 - 5.05 405.01 8330820
aoULAV 56e6 2 147 - 5.78 359.12 8330816
aoD2AG 56e6 2 147 - 10.84 504.81 12246020
aoD2SG 56e6 2 147 - 11.78 594.97 12693544
dry 2e7 2 45 - 0.26 0.74 420796
aoDLAV 2e7 2 45 - 1.77 112.98 2987072
aoULAV 2e7 2 45 - 1.74 111.34 2987068
aoD2AG 2e7 2 45 - 4.00 163.39 4388272
aoD2SG 2e7 2 45 - 3.75 187.50 4548300
dry 5e7 2 88 - 0.57 1.62 1006740
aoDLAV 5e7 2 88 - 4.49 294.00 7440192
aoULAV 5e7 2 88 - 5.54 307.37 7440196
aoD2AG 5e7 2 88 - 9.79 441.70 10939264
aoD2SG 5e7 2 88 - 10.44 523.55 11338032
dry 5e7 2 107 - 0.62 1.67 1006740
aoDLAV 5e7 2 107 - 4.53 308.52 7440192
aoULAV 5e7 2 107 - 5.76 323.62 7440192
aoD2AG 5e7 2 107 - 9.79 468.45 10937804
aoD2SG 5e7 2 107 - 10.44 515.73 11335760
dry 1e4 5 173 - 0.02 0.13 28732
aoDLAV 1e4 5 173 - 0.03 0.22 31084
aoULAV 1e4 5 173 - 0.03 0.22 31100
aoD2AG 1e4 5 173 - 0.04 0.23 32112
aoD2SG 1e4 5 173 - 0.04 0.24 32112
moore 1e4 5 173 - 1.17 986.46 2961736
nbpm 1e4 5 173 - 7.40 1205.09 7811564
greedy 1e4 5 173 - 6.76 296.82 10959232
dry 56e2 2 86 - 0.02 0.13 26236
aoDLAV 56e2 2 86 - 0.03 0.16 30980
aoULAV 56e2 2 86 - 0.03 0.16 30992
aoD2AG 56e2 2 86 - 0.03 0.19 31980
aoD2SG 56e2 2 86 - 0.03 0.18 31120
moore 56e2 2 86 - 0.40 176.87 949992
nbpm 56e2 2 86 - 2.43 78.49 2388088
greedy 56e2 2 86 - 2.15 84.12 3460492
dry 7e7 2 65 - 0.86 2.25 1397360
aoDLAV 7e7 2 65 - 5.90 431.18 10408940
aoULAV 7e7 2 65 - 7.74 443.06 10408936
aoD2AG 7e7 2 65 - 13.79 637.16 15301904
aoD2SG 7e7 2 65 - 14.45 774.66 15862412
dry 2e7 2 200 - 0.25 0.74 420796
aoDLAV 2e7 2 200 - 1.73 107.69 2987068
aoULAV 2e7 2 200 - 2.38 132.71 2987072
aoD2AG 2e7 2 200 - 3.87 173.13 4387676
aoD2SG 2e7 2 200 - 4.26 184.48 4545972
dry 50e2 2 105 - 0.02 0.12 26208
aoDLAV 50e2 2 105 - 0.03 0.15 30848
aoULAV 50e2 2 105 - 0.03 0.15 30860
aoD2AG 50e2 2 105 - 0.03 0.15 31772
aoD2SG 50e2 2 105 - 0.02 0.18 31868
moore 50e2 2 105 - 0.67 195.79 764628
nbpm 50e2 2 105 - 2.13 60.04 2011924
greedy 50e2 2 105 - 1.73 62.69 2764784
dry 5e7 2 214 - 0.60 1.60 1006736
aoDLAV 5e7 2 214 - 4.33 295.36 7440192
aoULAV 5e7 2 214 - 5.55 305.43 7440192
aoD2AG 5e7 2 214 - 9.88 442.66 10938132
aoD2SG 5e7 2 214 - 10.26 520.49 11337152
dry 4e7 2 65 - 0.47 1.31 811424
aoDLAV 4e7 2 65 - 3.44 237.52 5955816
aoULAV 4e7 2 65 - 4.25 251.78 5955816
aoD2AG 4e7 2 65 - 7.18 358.47 8753288
aoD2SG 4e7 2 65 - 8.28 412.91 9072604
dry 75e2 2 209 - 0.02 0.13 26332
aoDLAV 75e2 2 209 - 0.02 0.16 31376
aoULAV 75e2 2 209 - 0.03 0.16 31392
aoD2AG 75e2 2 209 - 0.02 0.18 31384
aoD2SG 75e2 2 209 - 0.03 0.18 31380
moore 75e2 2 209 - 1.33 499.84 1688828
nbpm 75e2 2 209 - 4.16 179.57 4242152
greedy 75e2 2 209 - 3.92 150.49 6183096
dry 50e2 2 198 - 0.03 0.12 28224
aoDLAV 50e2 2 198 - 0.03 0.15 30848
aoULAV 50e2 2 198 - 0.04 0.15 30860
aoD2AG 50e2 2 198 - 0.03 0.16 31776
aoD2SG 50e2 2 198 - 0.02 0.17 31860
moore 50e2 2 198 - 0.63 181.58 764628
nbpm 50e2 2 198 - 2.03 53.99 2011924
greedy 50e2 2 198 - 1.69 61.80 2764780
dry 1e4 5 2 - 0.02 0.13 26900
aoDLAV 1e4 5 2 - 0.03 0.21 31084
aoULAV 1e4 5 2 - 0.03 0.22 31096
aoD2AG 1e4 5 2 - 0.04 0.22 32112
aoD2SG 1e4 5 2 - 0.02 0.24 32108
moore 1e4 5 2 - 1.23 958.03 2961736
nbpm 1e4 5 2 - 7.48 593.14 7811452
greedy 1e4 5 2 - 6.98 300.60 10959176
dry 2e7 2 234 - 0.25 0.76 420796
aoDLAV 2e7 2 234 - 1.75 107.08 2987068
aoULAV 2e7 2 234 - 2.31 110.94 2987072
aoD2AG 2e7 2 234 - 3.45 153.69 4384792
aoD2SG 2e7 2 234 - 4.06 181.21 4546396
dry 2e7 2 109 - 0.28 0.74 420796
aoDLAV 2e7 2 109 - 1.69 107.42 2987068
aoULAV 2e7 2 109 - 1.87 112.49 2987068
aoD2AG 2e7 2 109 - 4.09 173.67 4387424
aoD2SG 2e7 2 109 - 3.98 194.24 4546236
dry 4e7 2 130 - 0.49 1.37 811424
aoDLAV 4e7 2 130 - 3.40 235.57 5955816
aoULAV 4e7 2 130 - 4.49 251.00 5955820
aoD2AG 4e7 2 130 - 7.81 359.75 8755072
aoD2SG 4e7 2 130 - 8.16 409.58 9073520
dry 25e2 2 167 - 0.02 0.12 26080
aoDLAV 25e2 2 167 - 0.02 0.15 30452
aoULAV 25e2 2 167 - 0.03 0.15 30468
aoD2AG 25e2 2 167 - 0.02 0.16 30988
aoD2SG 25e2 2 167 - 0.03 0.15 31024
moore 25e2 2 167 - 0.12 35.98 213596
nbpm 25e2 2 167 - 0.58 12.10 541632
greedy 25e2 2 167 - 0.44 10.49 713664
dry 75e2 2 210 - 0.02 0.13 26328
aoDLAV 75e2 2 210 - 0.03 0.16 31376
aoULAV 75e2 2 210 - 0.03 0.16 31388
aoD2AG 75e2 2 210 - 0.03 0.18 31380
aoD2SG 75e2 2 210 - 0.03 0.18 31384
moore 75e2 2 210 - 0.68 364.40 1683880
nbpm 75e2 2 210 - 4.08 169.84 4242132
greedy 75e2 2 210 - 3.96 148.88 6183088
dry 75e2 2 165 - 0.03 0.11 26332
aoDLAV 75e2 2 165 - 0.03 0.16 31376
aoULAV 75e2 2 165 - 0.03 0.16 31388
aoD2AG 75e2 2 165 - 0.03 0.18 31380
aoD2SG 75e2 2 165 - 0.03 0.18 31380
moore 75e2 2 165 - 1.70 572.17 1688784
nbpm 75e2 2 165 - 4.17 194.15 4242124
greedy 75e2 2 165 - 3.71 159.24 6183096
dry 32e6 2 220 - 0.39 1.12 655176
aoDLAV 32e6 2 220 - 2.87 188.99 4768328
aoULAV 32e6 2 220 - 3.64 195.55 4768328
aoD2AG 32e6 2 220 - 5.97 278.16 7008764
aoD2SG 32e6 2 220 - 6.62 361.75 7263136
