dry 1e6 5 248 - 0.06 0.24 73152
aoDLAV 1e6 5 248 - 0.19 20.81 252688
aoULAV 1e6 5 248 - 0.16 17.23 252688
aoD2AG 1e6 5 248 - 0.23 19.47 323660
aoD2SG 1e6 5 248 - 0.20 23.40 331772
dry 325e2 2 199 - 0.02 0.12 29228
aoDLAV 325e2 2 199 - 0.03 0.21 31376
aoULAV 325e2 2 199 - 0.02 0.22 32084
aoD2AG 325e2 2 199 - 0.02 0.25 35000
aoD2SG 325e2 2 199 - 0.03 0.25 34760
dry 32e1 2 10 - 0.02 0.12 26000
aoDLAV 32e1 2 10 - 0.02 0.14 30200
aoULAV 32e1 2 10 - 0.03 0.14 30208
aoD2AG 32e1 2 10 - 0.02 0.15 30376
aoD2SG 32e1 2 10 - 0.02 0.14 30384
moore 32e1 2 10 - 0.02 0.82 33680
nbpm 32e1 2 10 - 0.08 2.31 58300
greedy 32e1 2 10 - 0.03 0.21 41024
dry 1e3 10 63 - 0.02 0.12 28180
aoDLAV 1e3 10 63 - 0.03 0.16 30652
aoULAV 1e3 10 63 - 0.03 0.16 30664
aoD2AG 1e3 10 63 - 0.03 0.16 31068
aoD2SG 1e3 10 63 - 0.03 0.17 31096
moore 1e3 10 63 - 0.04 4.23 59872
nbpm 1e3 10 63 - 0.13 4.62 136144
greedy 1e3 10 63 - 0.06 1.03 139620
dry 250e2 2 80 - 0.02 0.12 27020
aoDLAV 250e2 2 80 - 0.03 0.20 31112
aoULAV 250e2 2 80 - 0.03 0.20 31212
aoD2AG 250e2 2 80 - 0.03 0.21 33860
aoD2SG 250e2 2 80 - 0.03 0.23 33964
dry 1e6 10 153 - 0.07 0.40 112236
aoDLAV 1e6 10 153 - 0.20 351.48 369884
aoULAV 1e6 10 153 - 0.30 370.20 369884
aoD2AG 1e6 10 153 - 0.42 363.22 448748
aoD2SG 1e6 10 153 - 0.44 428.63 456652
dry 5e4 2 66 - 0.03 0.12 31120
aoDLAV 5e4 2 66 - 0.03 0.32 33008
aoULAV 5e4 2 66 - 0.02 0.33 33316
aoD2AG 5e4 2 66 - 0.04 0.37 36416
aoD2SG 5e4 2 66 - 0.04 0.36 36428
dry 32e1 2 119 - 0.03 0.11 26004
aoDLAV 32e1 2 119 - 0.02 0.15 30196
aoULAV 32e1 2 119 - 0.02 0.15 30212
aoD2AG 32e1 2 119 - 0.04 0.14 30380
aoD2SG 32e1 2 119 - 0.03 0.14 30388
moore 32e1 2 119 - 0.03 0.67 33688
nbpm 32e1 2 119 - 0.08 2.41 58352
greedy 32e1 2 119 - 0.03 0.22 40972
dry 1e2 5 200 - 0.03 0.11 25996
aoDLAV 1e2 5 200 - 0.03 0.13 30212
aoULAV 1e2 5 200 - 0.03 0.15 30224
aoD2AG 1e2 5 200 - 0.02 0.15 30388
aoD2SG 1e2 5 200 - 0.03 0.14 30388
moore 1e2 5 200 - 0.03 0.21 30492
nbpm 1e2 5 200 - 0.10 2.32 53016
greedy 1e2 5 200 - 0.03 0.14 30920
dry 1e3 2 194 - 0.02 0.11 26020
aoDLAV 1e3 2 194 - 0.02 0.15 30280
aoULAV 1e3 2 194 - 0.03 0.15 30292
aoD2AG 1e3 2 194 - 0.03 0.14 30544
aoD2SG 1e3 2 194 - 0.03 0.15 30564
moore 1e3 2 194 - 0.06 3.32 59796
nbpm 1e3 2 194 - 0.14 4.10 138552
greedy 1e3 2 194 - 0.10 0.97 139248
dry 275e2 2 178 - 0.03 0.12 27120
aoDLAV 275e2 2 178 - 0.03 0.21 31240
aoULAV 275e2 2 178 - 0.03 0.21 31572
aoD2AG 275e2 2 178 - 0.04 0.23 34696
aoD2SG 275e2 2 178 - 0.03 0.23 34812
dry 325e2 2 85 - 0.03 0.11 27316
aoDLAV 325e2 2 85 - 0.03 0.21 31372
aoULAV 325e2 2 85 - 0.03 0.23 32084
aoD2AG 325e2 2 85 - 0.03 0.25 35004
aoD2SG 325e2 2 85 - 0.03 0.26 34824
dry 225e2 2 187 - 0.02 0.12 26920
aoDLAV 225e2 2 187 - 0.03 0.20 30984
aoULAV 225e2 2 187 - 0.03 0.21 30996
aoD2AG 225e2 2 187 - 0.03 0.22 33368
aoD2SG 225e2 2 187 - 0.03 0.22 33468
dry 1e2 2 61 - 0.03 0.12 25992
aoDLAV 1e2 2 61 - 0.02 0.15 30168
aoULAV 1e2 2 61 - 0.02 0.14 30180
aoD2AG 1e2 2 61 - 0.02 0.15 30340
aoD2SG 1e2 2 61 - 0.02 0.15 30340
moore 1e2 2 61 - 0.02 0.22 30488
nbpm 1e2 2 61 - 0.07 2.20 53008
greedy 1e2 2 61 - 0.02 0.15 30884
dry 1e6 2 143 - 0.03 0.20 49704
aoDLAV 1e6 2 143 - 0.11 3.94 178456
aoULAV 1e6 2 143 - 0.14 4.06 178456
aoD2AG 1e6 2 143 - 0.20 5.71 234416
aoD2SG 1e6 2 143 - 0.25 6.51 243332
dry 18e1 2 217 - 0.02 0.12 26008
aoDLAV 18e1 2 217 - 0.03 0.14 30184
aoULAV 18e1 2 217 - 0.02 0.14 30196
aoD2AG 18e1 2 217 - 0.02 0.15 30356
aoD2SG 18e1 2 217 - 0.03 0.14 30368
moore 18e1 2 217 - 0.04 0.25 30488
nbpm 18e1 2 217 - 0.09 2.33 54472
greedy 18e1 2 217 - 0.03 0.16 33348
dry 56e3 2 208 - 0.03 0.12 30032
aoDLAV 56e3 2 208 - 0.04 0.29 33476
aoULAV 56e3 2 208 - 0.03 0.31 34696
aoD2AG 56e3 2 208 - 0.04 0.38 37288
aoD2SG 56e3 2 208 - 0.04 0.39 37296
dry 1e3 5 186 - 0.02 0.12 26056
aoDLAV 1e3 5 186 - 0.02 0.14 30424
aoULAV 1e3 5 186 - 0.02 0.16 30436
aoD2AG 1e3 5 186 - 0.03 0.14 30756
aoD2SG 1e3 5 186 - 0.03 0.15 30776
moore 1e3 5 186 - 0.04 2.78 59904
nbpm 1e3 5 186 - 0.13 4.55 129244
greedy 1e3 5 186 - 0.10 1.01 139392
dry 32e1 2 98 - 0.02 0.12 26004
aoDLAV 32e1 2 98 - 0.03 0.14 30200
aoULAV 32e1 2 98 - 0.03 0.14 30212
aoD2AG 32e1 2 98 - 0.03 0.14 30368
aoD2SG 32e1 2 98 - 0.02 0.15 30384
moore 32e1 2 98 - 0.04 0.46 33684
nbpm 32e1 2 98 - 0.09 2.34 58312
greedy 32e1 2 98 - 0.03 0.22 40972
dry 300e2 2 114 - 0.02 0.12 27216
aoDLAV 300e2 2 114 - 0.03 0.22 31296
aoULAV 300e2 2 114 - 0.03 0.22 31892
aoD2AG 300e2 2 114 - 0.03 0.26 35060
aoD2SG 300e2 2 114 - 0.04 0.27 34716
dry 32e3 2 239 - 0.02 0.12 27296
aoDLAV 32e3 2 239 - 0.04 0.22 31436
aoULAV 32e3 2 239 - 0.03 0.23 32152
aoD2AG 32e3 2 239 - 0.03 0.25 35024
aoD2SG 32e3 2 239 - 0.04 0.25 34792
dry 1e3 2 228 - 0.03 0.12 26020
aoDLAV 1e3 2 228 - 0.02 0.15 30284
aoULAV 1e3 2 228 - 0.02 0.15 30292
aoD2AG 1e3 2 228 - 0.03 0.14 30532
aoD2SG 1e3 2 228 - 0.03 0.14 30556
moore 1e3 2 228 - 0.04 1.98 59800
nbpm 1e3 2 228 - 0.12 4.13 138552
greedy 1e3 2 228 - 0.10 1.03 139248
dry 225e2 2 155 - 0.03 0.11 28920
aoDLAV 225e2 2 155 - 0.02 0.20 30980
aoULAV 225e2 2 155 - 0.02 0.20 30992
aoD2AG 225e2 2 155 - 0.02 0.22 33368
aoD2SG 225e2 2 155 - 0.02 0.23 33464
dry 375e2 2 63 - 0.02 0.12 27520
aoDLAV 375e2 2 63 - 0.03 0.23 31788
aoULAV 375e2 2 63 - 0.03 0.24 32604
aoD2AG 375e2 2 63 - 0.04 0.26 35520
aoD2SG 375e2 2 63 - 0.04 0.29 35528
dry 400e2 2 200 - 0.03 0.12 29400
aoDLAV 400e2 2 200 - 0.03 0.24 32236
aoULAV 400e2 2 200 - 0.03 0.25 33116
aoD2AG 400e2 2 200 - 0.03 0.28 36072
aoD2SG 400e2 2 200 - 0.02 0.30 35924
dry 32e1 2 189 - 0.02 0.12 26004
aoDLAV 32e1 2 189 - 0.03 0.14 30200
aoULAV 32e1 2 189 - 0.03 0.15 30208
aoD2AG 32e1 2 189 - 0.03 0.14 30376
aoD2SG 32e1 2 189 - 0.03 0.14 30384
moore 32e1 2 189 - 0.03 0.99 33732
nbpm 32e1 2 189 - 0.09 2.32 58300
greedy 32e1 2 189 - 0.03 0.21 40972
dry 32e3 2 190 - 0.02 0.12 29048
aoDLAV 32e3 2 190 - 0.04 0.21 31440
aoULAV 32e3 2 190 - 0.03 0.21 32156
aoD2AG 32e3 2 190 - 0.04 0.23 35028
aoD2SG 32e3 2 190 - 0.03 0.26 34788
dry 1e3 10 106 - 0.03 0.12 26140
aoDLAV 1e3 10 106 - 0.03 0.16 30652
aoULAV 1e3 10 106 - 0.02 0.17 30664
aoD2AG 1e3 10 106 - 0.03 0.16 31060
aoD2SG 1e3 10 106 - 0.03 0.16 31080
moore 1e3 10 106 - 0.05 1.82 59868
nbpm 1e3 10 106 - 0.13 4.72 136140
greedy 1e3 10 106 - 0.09 1.04 139620
dry 32e1 2 67 - 0.02 0.12 27952
aoDLAV 32e1 2 67 - 0.03 0.14 30196
aoULAV 32e1 2 67 - 0.03 0.15 30208
aoD2AG 32e1 2 67 - 0.03 0.14 30376
aoD2SG 32e1 2 67 - 0.03 0.14 30384
moore 32e1 2 67 - 0.04 0.78 33684
nbpm 32e1 2 67 - 0.09 2.30 58340
greedy 32e1 2 67 - 0.03 0.21 40976
dry 300e2 2 167 - 0.02 0.13 29180
aoDLAV 300e2 2 167 - 0.04 0.20 31296
aoULAV 300e2 2 167 - 0.03 0.24 31896
aoD2AG 300e2 2 167 - 0.03 0.25 35064
aoD2SG 300e2 2 167 - 0.03 0.25 34720
dry 1e6 2 144 - 0.05 0.19 49708
aoDLAV 1e6 2 144 - 0.12 3.92 178456
aoULAV 1e6 2 144 - 0.13 4.83 178456
aoD2AG 1e6 2 144 - 0.18 5.83 233600
aoD2SG 1e6 2 144 - 0.20 6.61 241764
dry 350e2 2 180 - 0.03 0.11 27416
aoDLAV 350e2 2 180 - 0.03 0.22 31480
aoULAV 350e2 2 180 - 0.03 0.22 32260
aoD2AG 350e2 2 180 - 0.03 0.25 34848
aoD2SG 350e2 2 180 - 0.03 0.27 35132
dry 275e2 2 231 - 0.03 0.11 27124
aoDLAV 275e2 2 231 - 0.03 0.21 31240
aoULAV 275e2 2 231 - 0.03 0.21 31576
aoD2AG 275e2 2 231 - 0.03 0.23 34692
aoD2SG 275e2 2 231 - 0.03 0.24 34812
dry 1e6 10 241 - 0.08 0.40 112236
aoDLAV 1e6 10 241 - 0.21 372.51 369884
aoULAV 1e6 10 241 - 0.31 332.29 369888
aoD2AG 1e6 10 241 - 0.42 395.60 448756
aoD2SG 1e6 10 241 - 0.42 456.43 456796
dry 56e1 2 116 - 0.03 0.11 26012
aoDLAV 56e1 2 116 - 0.03 0.15 30220
aoULAV 56e1 2 116 - 0.02 0.15 30236
aoD2AG 56e1 2 116 - 0.02 0.15 30420
aoD2SG 56e1 2 116 - 0.03 0.14 30428
moore 56e1 2 116 - 0.04 0.84 39688
nbpm 56e1 2 116 - 0.11 2.97 78712
greedy 56e1 2 116 - 0.05 0.39 64104
dry 1e5 2 140 - 0.03 0.13 30580
aoDLAV 1e5 2 140 - 0.03 0.48 34800
aoULAV 1e5 2 140 - 0.03 0.47 35320
aoD2AG 1e5 2 140 - 0.05 0.59 42624
aoD2SG 1e5 2 140 - 0.04 0.67 43800
dry 1e5 5 93 - 0.03 0.14 34476
aoDLAV 1e5 5 93 - 0.05 1.69 41816
aoULAV 1e5 5 93 - 0.05 1.63 43568
aoD2AG 1e5 5 93 - 0.05 1.83 53568
aoD2SG 1e5 5 93 - 0.05 2.16 53200
dry 350e2 2 128 - 0.02 0.12 27416
aoDLAV 350e2 2 128 - 0.02 0.24 31480
aoULAV 350e2 2 128 - 0.03 0.24 32256
aoD2AG 350e2 2 128 - 0.03 0.27 34852
aoD2SG 350e2 2 128 - 0.03 0.28 35132
dry 56e3 2 184 - 0.03 0.12 28240
aoDLAV 56e3 2 184 - 0.03 0.30 33476
aoULAV 56e3 2 184 - 0.04 0.29 34696
aoD2AG 56e3 2 184 - 0.04 0.37 37284
aoD2SG 56e3 2 184 - 0.03 0.40 37300
dry 1e5 2 202 - 0.03 0.13 31716
aoDLAV 1e5 2 202 - 0.05 0.44 34800
aoULAV 1e5 2 202 - 0.04 0.46 35320
aoD2AG 1e5 2 202 - 0.03 0.59 42600
aoD2SG 1e5 2 202 - 0.04 0.66 43800
dry 1e3 10 177 - 0.02 0.12 26136
aoDLAV 1e3 10 177 - 0.02 0.17 30652
aoULAV 1e3 10 177 - 0.02 0.16 30676
aoD2AG 1e3 10 177 - 0.03 0.16 31064
aoD2SG 1e3 10 177 - 0.02 0.17 31096
moore 1e3 10 177 - 0.05 3.76 59964
nbpm 1e3 10 177 - 0.14 5.16 136140
greedy 1e3 10 177 - 0.09 1.06 139620
dry 32e1 2 190 - 0.03 0.11 26004
aoDLAV 32e1 2 190 - 0.04 0.14 30196
aoULAV 32e1 2 190 - 0.04 0.13 30212
aoD2AG 32e1 2 190 - 0.02 0.15 30380
aoD2SG 32e1 2 190 - 0.02 0.15 30388
moore 32e1 2 190 - 0.03 0.74 33684
nbpm 32e1 2 190 - 0.08 2.44 58308
greedy 32e1 2 190 - 0.03 0.21 40972
dry 56e4 2 183 - 0.03 0.19 41104
aoDLAV 56e4 2 183 - 0.08 2.04 107984
aoULAV 56e4 2 183 - 0.08 2.03 107988
aoD2AG 56e4 2 183 - 0.11 3.20 138880
aoD2SG 56e4 2 183 - 0.12 3.93 144496
dry 300e2 2 220 - 0.02 0.11 27216
aoDLAV 300e2 2 220 - 0.03 0.21 31296
aoULAV 300e2 2 220 - 0.02 0.22 31892
aoD2AG 300e2 2 220 - 0.03 0.24 35088
aoD2SG 300e2 2 220 - 0.04 0.24 34716
dry 18e4 2 210 - 0.03 0.13 33104
aoDLAV 18e4 2 210 - 0.05 0.75 47864
aoULAV 18e4 2 210 - 0.05 0.78 47860
aoD2AG 18e4 2 210 - 0.05 1.02 58640
aoD2SG 18e4 2 210 - 0.04 1.09 60072
dry 1e6 2 72 - 0.03 0.20 49704
aoDLAV 1e6 2 72 - 0.11 3.81 178456
aoULAV 1e6 2 72 - 0.11 4.04 178456
aoD2AG 1e6 2 72 - 0.17 5.81 234656
aoD2SG 1e6 2 72 - 0.18 6.70 241356
dry 1e6 5 221 - 0.06 0.28 73156
aoDLAV 1e6 5 221 - 0.14 20.06 252692
aoULAV 1e6 5 221 - 0.13 20.03 252688
aoD2AG 1e6 5 221 - 0.28 22.03 323604
aoD2SG 1e6 5 221 - 0.24 25.68 332948
dry 300e2 2 244 - 0.03 0.11 29064
aoDLAV 300e2 2 244 - 0.02 0.22 31296
aoULAV 300e2 2 244 - 0.03 0.22 31892
aoD2AG 300e2 2 244 - 0.04 0.24 35060
aoD2SG 300e2 2 244 - 0.03 0.26 34712
dry 1e3 2 84 - 0.02 0.12 26020
aoDLAV 1e3 2 84 - 0.03 0.15 30284
aoULAV 1e3 2 84 - 0.03 0.14 30296
aoD2AG 1e3 2 84 - 0.04 0.14 30540
aoD2SG 1e3 2 84 - 0.03 0.15 30564
moore 1e3 2 84 - 0.04 5.77 59776
nbpm 1e3 2 84 - 0.14 4.12 138560
greedy 1e3 2 84 - 0.09 1.03 139244
dry 225e2 2 32 - 0.03 0.12 26920
aoDLAV 225e2 2 32 - 0.02 0.20 30984
aoULAV 225e2 2 32 - 0.03 0.20 30992
aoD2AG 225e2 2 32 - 0.03 0.21 33368
aoD2SG 225e2 2 32 - 0.04 0.22 33460
dry 1e2 2 203 - 0.03 0.11 25992
aoDLAV 1e2 2 203 - 0.03 0.14 30172
aoULAV 1e2 2 203 - 0.03 0.14 30232
aoD2AG 1e2 2 203 - 0.03 0.14 30340
aoD2SG 1e2 2 203 - 0.02 0.15 30340
moore 1e2 2 203 - 0.02 0.20 30488
nbpm 1e2 2 203 - 0.07 2.31 53008
greedy 1e2 2 203 - 0.03 0.15 30880
dry 250e2 2 187 - 0.02 0.12 27020
aoDLAV 250e2 2 187 - 0.04 0.19 31108
aoULAV 250e2 2 187 - 0.03 0.21 31212
aoD2AG 250e2 2 187 - 0.03 0.22 33860
aoD2SG 250e2 2 187 - 0.02 0.24 33964
dry 275e2 2 162 - 0.02 0.12 27120
aoDLAV 275e2 2 162 - 0.03 0.21 31240
aoULAV 275e2 2 162 - 0.03 0.21 31572
aoD2AG 275e2 2 162 - 0.03 0.23 34696
aoD2SG 275e2 2 162 - 0.04 0.24 34808
dry 1e6 5 100 - 0.05 0.29 73152
aoDLAV 1e6 5 100 - 0.14 19.43 252692
aoULAV 1e6 5 100 - 0.16 19.74 252688
aoD2AG 1e6 5 100 - 0.21 21.77 324696
aoD2SG 1e6 5 100 - 0.21 25.32 332524
dry 1e6 2 115 - 0.04 0.20 49704
aoDLAV 1e6 2 115 - 0.10 3.66 178460
aoULAV 1e6 2 115 - 0.11 3.99 178456
aoD2AG 1e6 2 115 - 0.17 5.45 233008
aoD2SG 1e6 2 115 - 0.19 6.13 241508
dry 5e4 2 199 - 0.02 0.12 29580
aoDLAV 5e4 2 199 - 0.03 0.27 33008
aoULAV 5e4 2 199 - 0.03 0.27 33312
aoD2AG 5e4 2 199 - 0.04 0.32 36408
aoD2SG 5e4 2 199 - 0.04 0.34 36420
dry 225e2 2 2 - 0.02 0.12 26920
aoDLAV 225e2 2 2 - 0.02 0.19 30980
aoULAV 225e2 2 2 - 0.03 0.20 30992
aoD2AG 225e2 2 2 - 0.03 0.21 33368
aoD2SG 225e2 2 2 - 0.03 0.21 33464
dry 32e4 2 100 - 0.04 0.16 36428
aoDLAV 32e4 2 100 - 0.05 1.25 70828
aoULAV 32e4 2 100 - 0.05 1.29 70840
aoD2AG 32e4 2 100 - 0.07 1.68 88236
aoD2SG 32e4 2 100 - 0.07 1.88 90820
dry 350e2 2 250 - 0.02 0.12 29048
aoDLAV 350e2 2 250 - 0.03 0.23 31484
aoULAV 350e2 2 250 - 0.03 0.23 32260
aoD2AG 350e2 2 250 - 0.03 0.25 34844
aoD2SG 350e2 2 250 - 0.04 0.28 35132
dry 18e4 2 169 - 0.03 0.14 33104
aoDLAV 18e4 2 169 - 0.04 0.75 47860
aoULAV 18e4 2 169 - 0.05 0.75 47864
aoD2AG 18e4 2 169 - 0.05 0.99 59036
aoD2SG 18e4 2 169 - 0.06 1.09 59812
dry 1e6 2 78 - 0.04 0.19 49704
aoDLAV 1e6 2 78 - 0.13 3.73 178456
aoULAV 1e6 2 78 - 0.11 3.94 178456
aoD2AG 1e6 2 78 - 0.15 5.59 232888
aoD2SG 1e6 2 78 - 0.21 6.27 241772
dry 1e2 10 3 - 0.03 0.11 26004
aoDLAV 1e2 10 3 - 0.02 0.14 30260
aoULAV 1e2 10 3 - 0.02 0.15 30272
aoD2AG 1e2 10 3 - 0.03 0.14 30440
aoD2SG 1e2 10 3 - 0.03 0.14 30448
moore 1e2 10 3 - 0.03 0.23 30496
nbpm 1e2 10 3 - 0.08 2.13 53076
greedy 1e2 10 3 - 0.02 0.15 30972
dry 56e4 2 78 - 0.04 0.18 41104
aoDLAV 56e4 2 78 - 0.07 2.02 107984
aoULAV 56e4 2 78 - 0.09 2.13 107988
aoD2AG 56e4 2 78 - 0.11 3.03 139560
aoD2SG 56e4 2 78 - 0.14 3.38 144420
dry 1e6 5 131 - 0.05 0.27 73152
aoDLAV 1e6 5 131 - 0.14 19.63 252688
aoULAV 1e6 5 131 - 0.14 19.91 252692
aoD2AG 1e6 5 131 - 0.26 21.68 323024
aoD2SG 1e6 5 131 - 0.23 25.94 331884
dry 300e2 2 49 - 0.03 0.11 30724
aoDLAV 300e2 2 49 - 0.04 0.21 31300
aoULAV 300e2 2 49 - 0.03 0.22 31892
aoD2AG 300e2 2 49 - 0.04 0.24 35060
aoD2SG 300e2 2 49 - 0.03 0.26 34712
dry 56e4 2 38 - 0.03 0.19 41104
aoDLAV 56e4 2 38 - 0.08 2.11 107984
aoULAV 56e4 2 38 - 0.10 2.21 107984
aoD2AG 56e4 2 38 - 0.14 3.15 138972
aoD2SG 56e4 2 38 - 0.14 3.52 144676
dry 56e4 2 79 - 0.04 0.19 41104
aoDLAV 56e4 2 79 - 0.09 2.12 107984
aoULAV 56e4 2 79 - 0.10 2.16 107984
aoD2AG 56e4 2 79 - 0.13 3.14 140060
aoD2SG 56e4 2 79 - 0.12 3.52 142952
dry 1e2 2 17 - 0.02 0.12 25992
aoDLAV 1e2 2 17 - 0.02 0.15 30172
aoULAV 1e2 2 17 - 0.03 0.14 30180
aoD2AG 1e2 2 17 - 0.02 0.15 30328
aoD2SG 1e2 2 17 - 0.02 0.15 30348
moore 1e2 2 17 - 0.03 0.22 30480
nbpm 1e2 2 17 - 0.08 2.18 53048
greedy 1e2 2 17 - 0.02 0.15 30884
dry 5e4 2 16 - 0.03 0.12 28000
aoDLAV 5e4 2 16 - 0.04 0.27 33008
aoULAV 5e4 2 16 - 0.03 0.28 33312
aoD2AG 5e4 2 16 - 0.05 0.33 36408
aoD2SG 5e4 2 16 - 0.03 0.36 36424
dry 1e1 2 184 - 0.02 0.12 25992
aoDLAV 1e1 2 184 - 0.03 0.14 30160
aoULAV 1e1 2 184 - 0.03 0.14 30176
aoD2AG 1e1 2 184 - 0.03 0.14 30320
aoD2SG 1e1 2 184 - 0.02 0.15 30332
moore 1e1 2 184 - 0.03 0.18 30480
nbpm 1e1 2 184 - 0.08 2.16 49816
greedy 1e1 2 184 - 0.03 0.14 30128
dry 56e1 2 187 - 0.03 0.11 26008
aoDLAV 56e1 2 187 - 0.02 0.15 30224
aoULAV 56e1 2 187 - 0.03 0.14 30232
aoD2AG 56e1 2 187 - 0.02 0.15 30416
aoD2SG 56e1 2 187 - 0.03 0.14 30424
moore 56e1 2 187 - 0.03 1.43 39652
nbpm 56e1 2 187 - 0.11 2.88 78708
greedy 56e1 2 187 - 0.04 0.39 64108
dry 1e2 2 155 - 0.02 0.11 25992
aoDLAV 1e2 2 155 - 0.02 0.15 30168
aoULAV 1e2 2 155 - 0.03 0.14 30180
aoD2AG 1e2 2 155 - 0.03 0.14 30336
aoD2SG 1e2 2 155 - 0.03 0.14 30340
moore 1e2 2 155 - 0.02 0.25 30480
nbpm 1e2 2 155 - 0.07 2.20 53000
greedy 1e2 2 155 - 0.02 0.15 30884
dry 1e5 5 225 - 0.04 0.14 34480
aoDLAV 1e5 5 225 - 0.04 1.65 41816
aoULAV 1e5 5 225 - 0.05 1.64 43568
aoD2AG 1e5 5 225 - 0.05 1.82 53568
aoD2SG 1e5 5 225 - 0.05 2.05 53404
dry 1e2 10 159 - 0.02 0.12 26004
aoDLAV 1e2 10 159 - 0.02 0.15 30260
aoULAV 1e2 10 159 - 0.03 0.14 30272
aoD2AG 1e2 10 159 - 0.02 0.15 30440
aoD2SG 1e2 10 159 - 0.03 0.14 30452
moore 1e2 10 159 - 0.03 0.22 30496
nbpm 1e2 10 159 - 0.08 2.19 53080
greedy 1e2 10 159 - 0.03 0.15 30972
dry 1e6 2 4 - 0.04 0.19 49704
aoDLAV 1e6 2 4 - 0.12 3.44 178456
aoULAV 1e6 2 4 - 0.12 3.61 178456
aoD2AG 1e6 2 4 - 0.19 5.16 233992
aoD2SG 1e6 2 4 - 0.20 5.78 244200
dry 18e4 2 196 - 0.03 0.14 33104
aoDLAV 18e4 2 196 - 0.05 0.76 47860
aoULAV 18e4 2 196 - 0.04 0.78 47860
aoD2AG 18e4 2 196 - 0.07 1.02 58640
aoD2SG 18e4 2 196 - 0.06 1.13 59928
dry 1e5 5 24 - 0.04 0.13 34476
aoDLAV 1e5 5 24 - 0.05 1.60 41816
aoULAV 1e5 5 24 - 0.04 1.63 43572
aoD2AG 1e5 5 24 - 0.05 1.54 53848
aoD2SG 1e5 5 24 - 0.05 2.26 53200
dry 18e1 2 187 - 0.02 0.11 26008
aoDLAV 18e1 2 187 - 0.02 0.14 30188
aoULAV 18e1 2 187 - 0.02 0.15 30196
aoD2AG 18e1 2 187 - 0.03 0.14 30356
aoD2SG 18e1 2 187 - 0.03 0.14 30364
moore 18e1 2 187 - 0.03 0.37 30496
nbpm 18e1 2 187 - 0.08 2.35 54444
greedy 18e1 2 187 - 0.02 0.16 33348
dry 325e2 2 74 - 0.02 0.12 27316
aoDLAV 325e2 2 74 - 0.02 0.22 31372
aoULAV 325e2 2 74 - 0.03 0.22 32088
aoD2AG 325e2 2 74 - 0.02 0.26 35000
aoD2SG 325e2 2 74 - 0.02 0.27 34808
dry 5e4 5 203 - 0.02 0.13 31044
aoDLAV 5e4 5 203 - 0.03 0.76 34708
aoULAV 5e4 5 203 - 0.04 0.77 34704
aoD2AG 5e4 5 203 - 0.04 0.78 37724
aoD2SG 5e4 5 203 - 0.04 0.91 37936
dry 275e2 2 96 - 0.02 0.12 29120
aoDLAV 275e2 2 96 - 0.03 0.21 31244
aoULAV 275e2 2 96 - 0.02 0.21 31568
aoD2AG 275e2 2 96 - 0.03 0.23 34692
aoD2SG 275e2 2 96 - 0.03 0.24 34812
dry 1e5 2 74 - 0.02 0.13 31204
aoDLAV 1e5 2 74 - 0.03 0.41 34800
aoULAV 1e5 2 74 - 0.04 0.45 35324
aoD2AG 1e5 2 74 - 0.04 0.56 42960
aoD2SG 1e5 2 74 - 0.05 0.61 43796
dry 5e4 2 121 - 0.03 0.11 28000
aoDLAV 5e4 2 121 - 0.03 0.25 33008
aoULAV 5e4 2 121 - 0.03 0.25 33312
aoD2AG 5e4 2 121 - 0.04 0.36 36408
aoD2SG 5e4 2 121 - 0.04 0.32 36424
dry 300e2 2 221 - 0.02 0.12 30728
aoDLAV 300e2 2 221 - 0.03 0.21 31296
aoULAV 300e2 2 221 - 0.03 0.21 31892
aoD2AG 300e2 2 221 - 0.03 0.25 35060
aoD2SG 300e2 2 221 - 0.03 0.25 34716
dry 300e2 2 134 - 0.03 0.11 27216
aoDLAV 300e2 2 134 - 0.03 0.22 31300
aoULAV 300e2 2 134 - 0.03 0.22 31896
aoD2AG 300e2 2 134 - 0.03 0.24 35060
aoD2SG 300e2 2 134 - 0.03 0.25 34720
dry 56e1 2 67 - 0.03 0.11 26008
aoDLAV 56e1 2 67 - 0.04 0.13 30220
aoULAV 56e1 2 67 - 0.03 0.14 30232
aoD2AG 56e1 2 67 - 0.03 0.14 30416
aoD2SG 56e1 2 67 - 0.03 0.14 30472
moore 56e1 2 67 - 0.03 1.04 39692
nbpm 56e1 2 67 - 0.10 3.24 78712
greedy 56e1 2 67 - 0.04 0.39 64108
dry 1e5 2 11 - 0.03 0.13 32124
aoDLAV 1e5 2 11 - 0.04 0.44 34804
aoULAV 1e5 2 11 - 0.04 0.45 35320
aoD2AG 1e5 2 11 - 0.03 0.58 42600
aoD2SG 1e5 2 11 - 0.04 0.64 43800
dry 32e4 2 44 - 0.04 0.16 36428
aoDLAV 32e4 2 44 - 0.06 1.32 70872
aoULAV 32e4 2 44 - 0.06 1.15 70844
aoD2AG 32e4 2 44 - 0.06 1.82 87988
aoD2SG 32e4 2 44 - 0.08 1.78 90620
dry 1e1 2 60 - 0.02 0.12 25992
aoDLAV 1e1 2 60 - 0.02 0.14 30160
aoULAV 1e1 2 60 - 0.03 0.14 30172
aoD2AG 1e1 2 60 - 0.03 0.14 30320
aoD2SG 1e1 2 60 - 0.02 0.15 30324
moore 1e1 2 60 - 0.03 0.18 30476
nbpm 1e1 2 60 - 0.08 2.12 49816
greedy 1e1 2 60 - 0.03 0.14 30124
dry 32e4 2 226 - 0.03 0.17 36428
aoDLAV 32e4 2 226 - 0.05 1.30 70832
aoULAV 32e4 2 226 - 0.06 1.28 70844
aoD2AG 32e4 2 226 - 0.07 1.81 89160
aoD2SG 32e4 2 226 - 0.06 2.02 91192
dry 32e3 2 67 - 0.02 0.12 27300
aoDLAV 32e3 2 67 - 0.04 0.21 31436
aoULAV 32e3 2 67 - 0.03 0.22 32148
aoD2AG 32e3 2 67 - 0.04 0.24 35020
aoD2SG 32e3 2 67 - 0.03 0.27 34788
dry 1e5 2 197 - 0.03 0.13 31944
aoDLAV 1e5 2 197 - 0.04 0.42 34800
aoULAV 1e5 2 197 - 0.03 0.43 35324
aoD2AG 1e5 2 197 - 0.03 0.54 42604
aoD2SG 1e5 2 197 - 0.04 0.60 43800
dry 18e1 2 43 - 0.02 0.12 26008
aoDLAV 18e1 2 43 - 0.02 0.15 30184
aoULAV 18e1 2 43 - 0.02 0.15 30196
aoD2AG 18e1 2 43 - 0.03 0.14 30360
aoD2SG 18e1 2 43 - 0.02 0.15 30368
moore 18e1 2 43 - 0.03 0.40 30488
nbpm 18e1 2 43 - 0.08 2.21 54436
greedy 18e1 2 43 - 0.03 0.16 33348
dry 1e2 2 111 - 0.02 0.12 25992
aoDLAV 1e2 2 111 - 0.02 0.14 30172
aoULAV 1e2 2 111 - 0.03 0.14 30180
aoD2AG 1e2 2 111 - 0.03 0.14 30328
aoD2SG 1e2 2 111 - 0.04 0.13 30332
moore 1e2 2 111 - 0.03 0.22 30480
nbpm 1e2 2 111 - 0.07 2.18 53000
greedy 1e2 2 111 - 0.02 0.15 30884
dry 1e6 5 145 - 0.05 0.27 73152
aoDLAV 1e6 5 145 - 0.15 17.70 252688
aoULAV 1e6 5 145 - 0.15 24.87 252688
aoD2AG 1e6 5 145 - 0.23 21.65 324900
aoD2SG 1e6 5 145 - 0.26 25.40 333520
dry 1e6 5 250 - 0.05 0.28 73156
aoDLAV 1e6 5 250 - 0.15 20.18 252688
aoULAV 1e6 5 250 - 0.15 19.44 252796
aoD2AG 1e6 5 250 - 0.22 21.20 324412
aoD2SG 1e6 5 250 - 0.22 24.73 332032
dry 300e2 2 9 - 0.02 0.12 27220
aoDLAV 300e2 2 9 - 0.02 0.22 31296
aoULAV 300e2 2 9 - 0.03 0.21 31892
aoD2AG 300e2 2 9 - 0.03 0.24 35060
aoD2SG 300e2 2 9 - 0.02 0.25 34712
dry 1e6 2 182 - 0.04 0.20 49704
aoDLAV 1e6 2 182 - 0.11 3.70 178456
aoULAV 1e6 2 182 - 0.11 3.87 178460
aoD2AG 1e6 2 182 - 0.18 5.42 233488
aoD2SG 1e6 2 182 - 0.19 6.11 241744
dry 400e2 2 192 - 0.03 0.11 29548
aoDLAV 400e2 2 192 - 0.03 0.23 32236
aoULAV 400e2 2 192 - 0.03 0.23 33112
aoD2AG 400e2 2 192 - 0.04 0.26 36072
aoD2SG 400e2 2 192 - 0.03 0.29 35928
dry 1e6 10 71 - 0.07 0.39 112232
aoDLAV 1e6 10 71 - 0.20 364.50 369884
aoULAV 1e6 10 71 - 0.28 396.48 369892
aoD2AG 1e6 10 71 - 0.40 345.42 448420
aoD2SG 1e6 10 71 - 0.47 443.46 458328
dry 1e3 5 19 - 0.02 0.12 26060
aoDLAV 1e3 5 19 - 0.02 0.15 30428
aoULAV 1e3 5 19 - 0.03 0.14 30436
aoD2AG 1e3 5 19 - 0.02 0.15 30748
aoD2SG 1e3 5 19 - 0.03 0.15 30760
moore 1e3 5 19 - 0.05 3.10 59832
nbpm 1e3 5 19 - 0.12 4.50 129244
greedy 1e3 5 19 - 0.07 1.07 139388
dry 56e3 2 22 - 0.03 0.11 28236
aoDLAV 56e3 2 22 - 0.04 0.30 33476
aoULAV 56e3 2 22 - 0.04 0.28 34700
aoD2AG 56e3 2 22 - 0.03 0.37 37284
aoD2SG 56e3 2 22 - 0.04 0.38 37300
dry 1e2 2 157 - 0.02 0.12 25992
aoDLAV 1e2 2 157 - 0.03 0.14 30168
aoULAV 1e2 2 157 - 0.03 0.14 30180
aoD2AG 1e2 2 157 - 0.02 0.15 30336
aoD2SG 1e2 2 157 - 0.03 0.15 30348
moore 1e2 2 157 - 0.03 0.19 30488
nbpm 1e2 2 157 - 0.08 2.16 53008
greedy 1e2 2 157 - 0.03 0.15 30880
dry 56e3 2 125 - 0.02 0.12 30184
aoDLAV 56e3 2 125 - 0.03 0.29 33476
aoULAV 56e3 2 125 - 0.04 0.29 34696
aoD2AG 56e3 2 125 - 0.03 0.37 37288
aoD2SG 56e3 2 125 - 0.03 0.40 37300
dry 32e3 2 177 - 0.02 0.12 27296
aoDLAV 32e3 2 177 - 0.03 0.22 31436
aoULAV 32e3 2 177 - 0.02 0.23 32144
aoD2AG 32e3 2 177 - 0.02 0.25 35024
aoD2SG 32e3 2 177 - 0.03 0.26 34788
dry 5e4 10 163 - 0.03 0.13 33888
aoDLAV 5e4 10 163 - 0.05 8.28 40204
aoULAV 5e4 10 163 - 0.04 8.05 40200
aoD2AG 5e4 10 163 - 0.05 7.98 44984
aoD2SG 5e4 10 163 - 0.04 9.39 44996
dry 5e4 5 98 - 0.03 0.13 31284
aoDLAV 5e4 5 98 - 0.04 0.77 34704
aoULAV 5e4 5 98 - 0.03 0.78 34708
aoD2AG 5e4 5 98 - 0.04 0.84 37724
aoD2SG 5e4 5 98 - 0.05 0.90 37936
dry 5e4 2 92 - 0.03 0.12 28004
aoDLAV 5e4 2 92 - 0.03 0.28 33012
aoULAV 5e4 2 92 - 0.04 0.27 33312
aoD2AG 5e4 2 92 - 0.03 0.35 36412
aoD2SG 5e4 2 92 - 0.03 0.37 36428
dry 1e2 10 43 - 0.03 0.11 26004
aoDLAV 1e2 10 43 - 0.02 0.15 30260
aoULAV 1e2 10 43 - 0.03 0.15 30272
aoD2AG 1e2 10 43 - 0.03 0.15 30432
aoD2SG 1e2 10 43 - 0.03 0.14 30468
moore 1e2 10 43 - 0.03 0.23 30496
nbpm 1e2 10 43 - 0.09 2.20 53072
greedy 1e2 10 43 - 0.03 0.15 30972
dry 56e3 2 35 - 0.03 0.12 30076
aoDLAV 56e3 2 35 - 0.03 0.30 33480
aoULAV 56e3 2 35 - 0.02 0.31 34696
aoD2AG 56e3 2 35 - 0.03 0.37 37288
aoD2SG 56e3 2 35 - 0.03 0.40 37304
dry 1e2 5 114 - 0.03 0.11 25996
aoDLAV 1e2 5 114 - 0.02 0.14 30212
aoULAV 1e2 5 114 - 0.03 0.14 30224
aoD2AG 1e2 5 114 - 0.03 0.15 30376
aoD2SG 1e2 5 114 - 0.02 0.15 30388
moore 1e2 5 114 - 0.03 0.22 30492
nbpm 1e2 5 114 - 0.08 2.18 53016
greedy 1e2 5 114 - 0.03 0.15 30920
dry 225e2 2 139 - 0.02 0.12 26920
aoDLAV 225e2 2 139 - 0.03 0.19 31016
aoULAV 225e2 2 139 - 0.03 0.20 30992
aoD2AG 225e2 2 139 - 0.02 0.22 33368
aoD2SG 225e2 2 139 - 0.03 0.23 33464
dry 1e2 10 225 - 0.03 0.11 26008
aoDLAV 1e2 10 225 - 0.03 0.14 30260
aoULAV 1e2 10 225 - 0.02 0.15 30276
aoD2AG 1e2 10 225 - 0.03 0.14 30444
aoD2SG 1e2 10 225 - 0.03 0.14 30448
moore 1e2 10 225 - 0.03 0.24 30496
nbpm 1e2 10 225 - 0.08 2.19 53076
greedy 1e2 10 225 - 0.02 0.15 30972
dry 1e1 2 139 - 0.03 0.11 25996
aoDLAV 1e1 2 139 - 0.02 0.15 30164
aoULAV 1e1 2 139 - 0.04 0.13 30172
aoD2AG 1e1 2 139 - 0.03 0.15 30316
aoD2SG 1e1 2 139 - 0.02 0.15 30324
moore 1e1 2 139 - 0.03 0.18 30476
nbpm 1e1 2 139 - 0.07 2.16 49816
greedy 1e1 2 139 - 0.02 0.15 30128
dry 5e4 5 120 - 0.03 0.13 30464
aoDLAV 5e4 5 120 - 0.04 0.76 34708
aoULAV 5e4 5 120 - 0.04 0.77 34716
aoD2AG 5e4 5 120 - 0.03 0.84 37728
aoD2SG 5e4 5 120 - 0.05 0.90 37936
dry 1e3 5 226 - 0.03 0.11 26060
aoDLAV 1e3 5 226 - 0.03 0.15 30424
aoULAV 1e3 5 226 - 0.02 0.16 30440
aoD2AG 1e3 5 226 - 0.03 0.15 30740
aoD2SG 1e3 5 226 - 0.03 0.15 30756
moore 1e3 5 226 - 0.05 4.78 59804
nbpm 1e3 5 226 - 0.12 4.48 129248
greedy 1e3 5 226 - 0.08 1.04 139388
dry 1e3 10 209 - 0.02 0.12 26136
aoDLAV 1e3 10 209 - 0.03 0.16 30652
aoULAV 1e3 10 209 - 0.02 0.16 30664
aoD2AG 1e3 10 209 - 0.03 0.17 31068
aoD2SG 1e3 10 209 - 0.03 0.16 31084
moore 1e3 10 209 - 0.04 9.33 59840
nbpm 1e3 10 209 - 0.12 4.71 136184
greedy 1e3 10 209 - 0.09 1.04 139616
dry 1e1 2 80 - 0.02 0.12 25996
aoDLAV 1e1 2 80 - 0.03 0.13 30172
aoULAV 1e1 2 80 - 0.03 0.14 30172
aoD2AG 1e1 2 80 - 0.04 0.13 30320
aoD2SG 1e1 2 80 - 0.04 0.14 30320
moore 1e1 2 80 - 0.03 0.17 30476
nbpm 1e1 2 80 - 0.09 2.12 49816
greedy 1e1 2 80 - 0.03 0.14 30144
dry 56e3 2 232 - 0.02 0.12 29432
aoDLAV 56e3 2 232 - 0.03 0.29 33476
aoULAV 56e3 2 232 - 0.03 0.29 34700
aoD2AG 56e3 2 232 - 0.04 0.35 37284
aoD2SG 56e3 2 232 - 0.03 0.39 37296
dry 56e4 2 160 - 0.03 0.19 41104
aoDLAV 56e4 2 160 - 0.08 2.07 107984
aoULAV 56e4 2 160 - 0.08 2.22 107984
aoD2AG 56e4 2 160 - 0.12 3.00 138928
aoD2SG 56e4 2 160 - 0.11 3.58 143664
dry 1e2 5 10 - 0.02 0.11 26000
aoDLAV 1e2 5 10 - 0.03 0.14 30212
aoULAV 1e2 5 10 - 0.03 0.14 30224
aoD2AG 1e2 5 10 - 0.03 0.14 30388
aoD2SG 1e2 5 10 - 0.03 0.14 30388
moore 1e2 5 10 - 0.03 0.20 30492
nbpm 1e2 5 10 - 0.07 2.14 53016
greedy 1e2 5 10 - 0.03 0.15 30920
dry 300e2 2 246 - 0.03 0.12 27216
aoDLAV 300e2 2 246 - 0.03 0.21 31300
aoULAV 300e2 2 246 - 0.04 0.21 31892
aoD2AG 300e2 2 246 - 0.03 0.24 35064
aoD2SG 300e2 2 246 - 0.04 0.25 34720
dry 400e2 2 242 - 0.02 0.12 29288
aoDLAV 400e2 2 242 - 0.03 0.24 32236
aoULAV 400e2 2 242 - 0.02 0.26 33112
aoD2AG 400e2 2 242 - 0.04 0.28 36108
aoD2SG 400e2 2 242 - 0.04 0.30 35928
dry 1e6 10 52 - 0.08 0.41 112236
aoDLAV 1e6 10 52 - 0.20 373.03 369884
aoULAV 1e6 10 52 - 0.28 330.49 369884
aoD2AG 1e6 10 52 - 0.38 318.30 448676
aoD2SG 1e6 10 52 - 0.39 377.24 457428
