dry 1e4 10 136 - 0.03 0.12 27688
aoDLAV 1e4 10 136 - 0.03 0.70 32764
aoULAV 1e4 10 136 - 0.04 0.84 32776
aoD2AG 1e4 10 136 - 0.04 0.74 32748
aoD2SG 1e4 10 136 - 0.04 0.81 34176
moore 1e4 10 136 - 1.13 1013.14 2963856
nbpm 1e4 10 136 - 7.57 671.60 7764384
greedy 1e4 10 136 - 6.33 282.16 10961108
dry 18e2 2 71 - 0.02 0.12 26048
aoDLAV 18e2 2 71 - 0.02 0.15 30372
aoULAV 18e2 2 71 - 0.02 0.15 30384
aoD2AG 18e2 2 71 - 0.03 0.15 30784
aoD2SG 18e2 2 71 - 0.03 0.16 30824
moore 18e2 2 71 - 0.07 16.73 125408
nbpm 18e2 2 71 - 0.19 7.51 334532
greedy 18e2 2 71 - 0.25 4.58 384356
dry 32e2 2 146 - 0.02 0.12 26112
aoDLAV 32e2 2 146 - 0.03 0.15 30544
aoULAV 32e2 2 146 - 0.03 0.15 30556
aoD2AG 32e2 2 146 - 0.04 0.15 31216
aoD2SG 32e2 2 146 - 0.03 0.16 31256
moore 32e2 2 146 - 0.27 60.69 330520
nbpm 32e2 2 146 - 0.86 20.17 854756
greedy 32e2 2 146 - 0.72 24.51 1150164
dry 3e7 2 183 - 0.39 1.07 616108
aoDLAV 3e7 2 183 - 2.59 173.08 4471428
aoULAV 3e7 2 183 - 2.61 183.43 4471432
aoD2AG 3e7 2 183 - 6.09 257.51 6570012
aoD2SG 3e7 2 183 - 6.45 302.81 6808840
dry 18e2 2 73 - 0.02 0.13 26048
aoDLAV 18e2 2 73 - 0.03 0.15 30376
aoULAV 18e2 2 73 - 0.03 0.15 30384
aoD2AG 18e2 2 73 - 0.03 0.16 30792
aoD2SG 18e2 2 73 - 0.03 0.15 30828
moore 18e2 2 73 - 0.06 14.13 125408
nbpm 18e2 2 73 - 0.20 7.55 334532
greedy 18e2 2 73 - 0.22 4.36 384352
dry 75e2 2 16 - 0.02 0.12 26332
aoDLAV 75e2 2 16 - 0.03 0.16 31376
aoULAV 75e2 2 16 - 0.02 0.16 31388
aoD2AG 75e2 2 16 - 0.02 0.18 31384
aoD2SG 75e2 2 16 - 0.03 0.18 31380
moore 75e2 2 16 - 0.86 420.37 1688776
nbpm 75e2 2 16 - 4.27 173.48 4242124
greedy 75e2 2 16 - 3.69 152.28 6183092
dry 32e2 2 32 - 0.03 0.12 26112
aoDLAV 32e2 2 32 - 0.02 0.16 30540
aoULAV 32e2 2 32 - 0.04 0.14 30552
aoD2AG 32e2 2 32 - 0.02 0.16 31192
aoD2SG 32e2 2 32 - 0.03 0.15 31236
moore 32e2 2 32 - 0.33 76.59 330520
nbpm 32e2 2 32 - 0.86 19.23 854760
greedy 32e2 2 32 - 0.67 20.83 1150164
dry 6e7 2 43 - 0.67 1.90 1202048
aoDLAV 6e7 2 43 - 5.02 350.57 8924560
aoULAV 6e7 2 43 - 6.28 381.41 8924560
aoD2AG 6e7 2 43 - 11.90 544.11 13119484
aoD2SG 6e7 2 43 - 12.36 638.07 13599144
dry 1e4 10 163 - 0.02 0.13 29116
aoDLAV 1e4 10 163 - 0.04 0.67 32804
aoULAV 1e4 10 163 - 0.03 0.67 32780
aoD2AG 1e4 10 163 - 0.02 0.76 32748
aoD2SG 1e4 10 163 - 0.03 0.80 34176
moore 1e4 10 163 - 1.11 958.86 2963852
nbpm 1e4 10 163 - 7.44 723.25 7764492
greedy 1e4 10 163 - 6.56 275.43 10961112
dry 56e6 2 32 - 0.70 1.79 1123924
aoDLAV 56e6 2 32 - 4.89 334.28 8330816
aoULAV 56e6 2 32 - 6.28 348.47 8330820
aoD2AG 56e6 2 32 - 11.20 495.40 12250116
aoD2SG 56e6 2 32 - 12.17 587.95 12693940
dry 56e6 2 244 - 0.70 1.80 1123924
aoDLAV 56e6 2 244 - 4.74 329.81 8330816
aoULAV 56e6 2 244 - 6.20 347.36 8330816
aoD2AG 56e6 2 244 - 10.79 497.66 12246620
aoD2SG 56e6 2 244 - 11.77 586.53 12694168
dry 4e7 2 14 - 0.43 1.39 811424
aoDLAV 4e7 2 14 - 3.40 238.63 5955816
aoULAV 4e7 2 14 - 4.46 253.21 5955816
aoD2AG 4e7 2 14 - 8.37 356.28 8755344
aoD2SG 4e7 2 14 - 8.27 402.37 9073620
dry 18e6 2 169 - 0.22 0.69 381736
aoDLAV 18e6 2 169 - 1.50 97.21 2690192
aoULAV 18e6 2 169 - 1.95 113.46 2690192
aoD2AG 18e6 2 169 - 2.97 143.27 3951544
aoD2SG 18e6 2 169 - 3.72 168.67 4094116
dry 18e2 2 142 - 0.02 0.12 26048
aoDLAV 18e2 2 142 - 0.03 0.15 30372
aoULAV 18e2 2 142 - 0.04 0.15 30384
aoD2AG 18e2 2 142 - 0.04 0.17 30792
aoD2SG 18e2 2 142 - 0.03 0.16 30824
moore 18e2 2 142 - 0.08 16.72 125420
nbpm 18e2 2 142 - 0.21 7.61 334536
greedy 18e2 2 142 - 0.21 4.16 384352
dry 32e2 2 250 - 0.02 0.12 26112
aoDLAV 32e2 2 250 - 0.03 0.15 30544
aoULAV 32e2 2 250 - 0.03 0.14 30552
aoD2AG 32e2 2 250 - 0.03 0.15 31200
aoD2SG 32e2 2 250 - 0.03 0.15 31260
moore 32e2 2 250 - 0.20 40.20 330524
nbpm 32e2 2 250 - 0.88 19.90 854764
greedy 32e2 2 250 - 0.67 21.20 1150164
dry 32e6 2 4 - 0.40 1.09 655176
aoDLAV 32e6 2 4 - 2.84 174.78 4768328
aoULAV 32e6 2 4 - 2.82 192.02 4768324
aoD2AG 32e6 2 4 - 6.41 266.52 7008720
aoD2SG 32e6 2 4 - 6.77 323.32 7263504
dry 56e2 2 159 - 0.03 0.12 26236
aoDLAV 56e2 2 159 - 0.04 0.15 30976
aoULAV 56e2 2 159 - 0.03 0.15 30988
aoD2AG 56e2 2 159 - 0.04 0.17 31988
aoD2SG 56e2 2 159 - 0.02 0.18 31120
moore 56e2 2 159 - 0.81 252.26 952716
nbpm 56e2 2 159 - 2.53 72.09 2388080
greedy 56e2 2 159 - 2.13 77.91 3460492
dry 56e2 2 119 - 0.02 0.12 26236
aoDLAV 56e2 2 119 - 0.04 0.14 30976
aoULAV 56e2 2 119 - 0.03 0.15 30988
aoD2AG 56e2 2 119 - 0.03 0.17 31980
aoD2SG 56e2 2 119 - 0.03 0.17 31128
moore 56e2 2 119 - 0.70 227.59 952728
nbpm 56e2 2 119 - 2.39 74.96 2388092
greedy 56e2 2 119 - 2.13 78.62 3460492
dry 1e4 2 243 - 0.02 0.12 26432
aoDLAV 1e4 2 243 - 0.02 0.18 31868
aoULAV 1e4 2 243 - 0.03 0.18 31876
aoD2AG 1e4 2 243 - 0.03 0.18 31876
aoD2SG 1e4 2 243 - 0.03 0.19 31988
moore 1e4 2 243 - 1.27 1038.74 2960572
nbpm 1e4 2 243 - 7.61 361.71 7889416
greedy 1e4 2 243 - 6.73 357.29 10968568
dry 56e2 2 169 - 0.02 0.13 26236
aoDLAV 56e2 2 169 - 0.03 0.15 30976
aoULAV 56e2 2 169 - 0.02 0.17 30988
aoD2AG 56e2 2 169 - 0.02 0.18 31984
aoD2SG 56e2 2 169 - 0.03 0.19 31124
moore 56e2 2 169 - 0.55 197.27 952728
nbpm 56e2 2 169 - 2.43 75.98 2388088
greedy 56e2 2 169 - 2.44 83.36 3460492
dry 32e2 2 55 - 0.03 0.13 26116
aoDLAV 32e2 2 55 - 0.03 0.16 30540
aoULAV 32e2 2 55 - 0.02 0.16 30552
aoD2AG 32e2 2 55 - 0.03 0.15 31224
aoD2SG 32e2 2 55 - 0.02 0.16 31284
moore 32e2 2 55 - 0.23 58.32 330512
nbpm 32e2 2 55 - 0.88 23.01 854756
greedy 32e2 2 55 - 0.70 22.84 1150164
dry 6e7 2 52 - 0.69 1.92 1202044
aoDLAV 6e7 2 52 - 5.01 368.77 8924560
aoULAV 6e7 2 52 - 6.58 383.14 8924560
aoD2AG 6e7 2 52 - 11.40 538.02 13121200
aoD2SG 6e7 2 52 - 12.72 819.31 13599592
dry 25e2 2 18 - 0.03 0.12 26084
aoDLAV 25e2 2 18 - 0.03 0.15 30452
aoULAV 25e2 2 18 - 0.03 0.15 30464
aoD2AG 25e2 2 18 - 0.03 0.16 30984
aoD2SG 25e2 2 18 - 0.03 0.15 31036
moore 25e2 2 18 - 0.09 62.07 213600
nbpm 25e2 2 18 - 0.59 13.48 541692
greedy 25e2 2 18 - 0.44 11.74 713664
dry 5e7 2 40 - 0.60 1.67 1006736
aoDLAV 5e7 2 40 - 4.48 360.93 7440192
aoULAV 5e7 2 40 - 5.49 307.09 7440192
aoD2AG 5e7 2 40 - 9.92 447.93 10937444
aoD2SG 5e7 2 40 - 10.27 519.99 11336460
dry 1e4 10 101 - 0.03 0.12 27688
aoDLAV 1e4 10 101 - 0.02 0.69 32764
aoULAV 1e4 10 101 - 0.03 0.67 32780
aoD2AG 1e4 10 101 - 0.03 0.71 32748
aoD2SG 1e4 10 101 - 0.02 0.78 34176
moore 1e4 10 101 - 1.25 940.51 2963904
nbpm 1e4 10 101 - 7.81 657.43 7764384
greedy 1e4 10 101 - 5.90 268.67 10961108
dry 50e2 2 88 - 0.02 0.13 26204
aoDLAV 50e2 2 88 - 0.02 0.16 30848
aoULAV 50e2 2 88 - 0.03 0.15 30860
aoD2AG 50e2 2 88 - 0.03 0.15 31776
aoD2SG 50e2 2 88 - 0.03 0.18 31872
moore 50e2 2 88 - 0.55 175.50 764620
nbpm 50e2 2 88 - 1.94 57.19 2011916
greedy 50e2 2 88 - 1.62 61.34 2764784
dry 7e7 2 96 - 0.74 2.18 1397360
aoDLAV 7e7 2 96 - 5.98 428.75 10408952
aoULAV 7e7 2 96 - 7.69 459.60 10408960
aoD2AG 7e7 2 96 - 13.96 656.07 15303300
aoD2SG 7e7 2 96 - 14.46 773.29 15863424
dry 4e7 2 95 - 0.45 1.32 811424
aoDLAV 4e7 2 95 - 3.34 227.76 5955828
aoULAV 4e7 2 95 - 4.28 243.93 5955820
aoD2AG 4e7 2 95 - 7.68 341.83 8754072
aoD2SG 4e7 2 95 - 7.98 394.90 9072228
dry 56e6 2 75 - 0.58 1.79 1123924
aoDLAV 56e6 2 75 - 4.46 333.10 8330816
aoULAV 56e6 2 75 - 6.20 472.37 8330816
aoD2AG 56e6 2 75 - 11.52 510.11 12245248
aoD2SG 56e6 2 75 - 11.79 586.66 12691080
dry 18e6 2 243 - 0.24 0.69 381736
aoDLAV 18e6 2 243 - 1.61 117.31 2690192
aoULAV 18e6 2 243 - 1.70 103.42 2690192
aoD2AG 18e6 2 243 - 3.61 142.72 3952272
aoD2SG 18e6 2 243 - 3.31 171.11 4094576
dry 1e4 5 28 - 0.02 0.12 26900
aoDLAV 1e4 5 28 - 0.02 0.22 31088
aoULAV 1e4 5 28 - 0.04 0.21 31096
aoD2AG 1e4 5 28 - 0.03 0.23 32112
aoD2SG 1e4 5 28 - 0.03 0.23 32108
moore 1e4 5 28 - 1.19 1095.41 2961736
nbpm 1e4 5 28 - 8.16 680.08 7811452
greedy 1e4 5 28 - 6.46 295.94 10959172
dry 6e7 2 173 - 0.71 1.90 1202044
aoDLAV 6e7 2 173 - 5.10 412.14 8924560
aoULAV 6e7 2 173 - 6.41 482.51 8924564
aoD2AG 6e7 2 173 - 11.50 530.91 13122948
aoD2SG 6e7 2 173 - 12.58 633.90 13601296
dry 6e7 2 188 - 0.64 1.92 1202068
aoDLAV 6e7 2 188 - 5.35 416.57 8924560
aoULAV 6e7 2 188 - 6.47 453.91 8924560
aoD2AG 6e7 2 188 - 11.99 546.72 13120512
aoD2SG 6e7 2 188 - 12.72 628.00 13597216
dry 7e7 2 243 - 0.91 2.17 1397356
aoDLAV 7e7 2 243 - 5.87 423.64 10408940
aoULAV 7e7 2 243 - 7.87 457.66 10408940
aoD2AG 7e7 2 243 - 13.52 642.33 15306352
aoD2SG 7e7 2 243 - 15.02 763.37 15863724
dry 18e6 2 18 - 0.24 0.68 381800
aoDLAV 18e6 2 18 - 1.61 92.74 2690196
aoULAV 18e6 2 18 - 1.58 101.37 2690192
aoD2AG 18e6 2 18 - 3.46 145.41 3951816
aoD2SG 18e6 2 18 - 4.05 169.00 4093600
dry 32e2 2 242 - 0.03 0.12 26112
aoDLAV 32e2 2 242 - 0.02 0.16 30540
aoULAV 32e2 2 242 - 0.03 0.16 30552
aoD2AG 32e2 2 242 - 0.03 0.16 31216
aoD2SG 32e2 2 242 - 0.03 0.16 31280
moore 32e2 2 242 - 0.32 75.11 330524
nbpm 32e2 2 242 - 0.86 24.60 854756
greedy 32e2 2 242 - 0.73 21.65 1150164
dry 25e2 2 98 - 0.03 0.12 26084
aoDLAV 25e2 2 98 - 0.03 0.15 30456
aoULAV 25e2 2 98 - 0.03 0.15 30468
aoD2AG 25e2 2 98 - 0.03 0.15 30980
aoD2SG 25e2 2 98 - 0.04 0.14 31020
moore 25e2 2 98 - 0.13 26.41 213708
nbpm 25e2 2 98 - 0.58 12.38 541636
greedy 25e2 2 98 - 0.54 9.56 713664
dry 1e4 10 172 - 0.03 0.12 29680
aoDLAV 1e4 10 172 - 0.03 0.67 32768
aoULAV 1e4 10 172 - 0.04 0.67 32780
aoD2AG 1e4 10 172 - 0.03 0.70 32744
aoD2SG 1e4 10 172 - 0.04 0.77 34176
moore 1e4 10 172 - 1.18 1005.88 2963860
nbpm 1e4 10 172 - 7.68 752.42 7764392
greedy 1e4 10 172 - 7.27 278.53 10961108
dry 5e7 2 140 - 0.57 1.62 1006740
aoDLAV 5e7 2 140 - 4.22 302.04 7440196
aoULAV 5e7 2 140 - 5.38 308.74 7440192
aoD2AG 5e7 2 140 - 9.82 440.73 10936796
aoD2SG 5e7 2 140 - 10.18 519.95 11333776
dry 25e2 2 80 - 0.02 0.12 26084
aoDLAV 25e2 2 80 - 0.03 0.14 30452
aoULAV 25e2 2 80 - 0.02 0.15 30464
aoD2AG 25e2 2 80 - 0.03 0.15 30968
aoD2SG 25e2 2 80 - 0.03 0.15 31036
moore 25e2 2 80 - 0.11 16.63 213632
nbpm 25e2 2 80 - 0.59 12.59 541656
greedy 25e2 2 80 - 0.48 10.61 713664
dry 3e7 2 167 - 0.36 1.02 616108
aoDLAV 3e7 2 167 - 2.49 162.07 4471432
aoULAV 3e7 2 167 - 2.42 169.48 4471428
aoD2AG 3e7 2 167 - 5.61 244.32 6570992
aoD2SG 3e7 2 167 - 6.13 296.52 6809656
dry 32e6 2 155 - 0.38 1.10 655176
aoDLAV 32e6 2 155 - 2.74 183.10 4768324
aoULAV 32e6 2 155 - 2.70 193.76 4768324
aoD2AG 32e6 2 155 - 6.11 262.26 7007856
aoD2SG 32e6 2 155 - 7.04 408.84 7262988
dry 6e7 2 131 - 0.67 1.89 1202044
aoDLAV 6e7 2 131 - 5.18 361.64 8924560
aoULAV 6e7 2 131 - 6.70 381.33 8924560
aoD2AG 6e7 2 131 - 11.82 537.30 13122376
aoD2SG 6e7 2 131 - 12.55 652.75 13600792
dry 32e6 2 211 - 0.41 1.08 655176
aoDLAV 32e6 2 211 - 2.83 180.99 4768324
aoULAV 32e6 2 211 - 2.83 241.98 4768324
aoD2AG 32e6 2 211 - 6.32 284.03 7009804
aoD2SG 32e6 2 211 - 6.75 404.80 7264792
dry 1e4 2 47 - 0.02 0.12 26432
aoDLAV 1e4 2 47 - 0.04 0.17 31864
aoULAV 1e4 2 47 - 0.04 0.16 31876
aoD2AG 1e4 2 47 - 0.04 0.18 31876
aoD2SG 1e4 2 47 - 0.04 0.18 31984
moore 1e4 2 47 - 1.14 1080.84 2960584
nbpm 1e4 2 47 - 7.77 344.01 7889424
greedy 1e4 2 47 - 6.83 272.07 10968568
dry 32e2 2 196 - 0.03 0.11 26112
aoDLAV 32e2 2 196 - 0.03 0.14 30544
aoULAV 32e2 2 196 - 0.02 0.16 30552
aoD2AG 32e2 2 196 - 0.03 0.15 31204
aoD2SG 32e2 2 196 - 0.03 0.15 31264
moore 32e2 2 196 - 0.24 56.85 330520
nbpm 32e2 2 196 - 0.96 19.99 854760
greedy 32e2 2 196 - 0.81 21.73 1150164
dry 18e6 2 84 - 0.24 0.69 381736
aoDLAV 18e6 2 84 - 1.59 97.97 2690192
aoULAV 18e6 2 84 - 1.70 110.61 2690196
aoD2AG 18e6 2 84 - 3.31 160.39 3949996
aoD2SG 18e6 2 84 - 3.64 163.44 4093744
dry 32e6 2 107 - 0.40 1.11 655176
aoDLAV 32e6 2 107 - 2.70 177.65 4768328
aoULAV 32e6 2 107 - 2.73 196.52 4768324
aoD2AG 32e6 2 107 - 6.03 270.25 7008780
aoD2SG 32e6 2 107 - 6.82 309.89 7263008
dry 75e2 2 84 - 0.02 0.13 26332
aoDLAV 75e2 2 84 - 0.03 0.15 31376
aoULAV 75e2 2 84 - 0.03 0.16 31388
aoD2AG 75e2 2 84 - 0.03 0.18 31380
aoD2SG 75e2 2 84 - 0.02 0.18 31384
moore 75e2 2 84 - 1.43 533.31 1688792
nbpm 75e2 2 84 - 4.23 222.39 4242136
greedy 75e2 2 84 - 3.84 155.73 6183088
dry 18e6 2 211 - 0.23 0.69 381736
aoDLAV 18e6 2 211 - 1.47 99.25 2690192
aoULAV 18e6 2 211 - 1.49 104.66 2690240
aoD2AG 18e6 2 211 - 3.56 144.68 3950940
aoD2SG 18e6 2 211 - 3.42 176.63 4095608
dry 7e7 2 97 - 0.77 2.21 1397360
aoDLAV 7e7 2 97 - 5.92 437.01 10408940
aoULAV 7e7 2 97 - 7.73 462.63 10408936
aoD2AG 7e7 2 97 - 13.79 650.48 15305424
aoD2SG 7e7 2 97 - 14.91 971.98 15861348
dry 50e2 2 214 - 0.03 0.12 26204
aoDLAV 50e2 2 214 - 0.02 0.16 30852
aoULAV 50e2 2 214 - 0.03 0.16 30860
aoD2AG 50e2 2 214 - 0.03 0.16 31800
aoD2SG 50e2 2 214 - 0.04 0.17 31892
moore 50e2 2 214 - 0.83 227.48 764620
nbpm 50e2 2 214 - 2.02 64.25 2011916
greedy 50e2 2 214 - 1.66 62.54 2764784
dry 3e7 2 216 - 0.36 1.07 616104
aoDLAV 3e7 2 216 - 2.57 196.75 4471428
aoULAV 3e7 2 216 - 2.57 182.50 4471432
aoD2AG 3e7 2 216 - 5.97 254.50 6569936
aoD2SG 3e7 2 216 - 6.24 295.69 6810604
dry 7e7 2 25 - 0.82 2.17 1397356
aoDLAV 7e7 2 25 - 5.57 433.43 10408936
aoULAV 7e7 2 25 - 7.91 468.72 10408936
aoD2AG 7e7 2 25 - 13.57 663.76 15303568
aoD2SG 7e7 2 25 - 14.64 777.28 15862228
dry 1e4 2 218 - 0.03 0.12 28340
aoDLAV 1e4 2 218 - 0.04 0.17 31916
aoULAV 1e4 2 218 - 0.03 0.17 31876
aoD2AG 1e4 2 218 - 0.03 0.18 31876
aoD2SG 1e4 2 218 - 0.03 0.18 31988
moore 1e4 2 218 - 1.31 826.84 2960580
nbpm 1e4 2 218 - 7.51 360.03 7889424
greedy 1e4 2 218 - 6.35 278.53 10968572
dry 1e4 2 91 - 0.02 0.13 26436
aoDLAV 1e4 2 91 - 0.03 0.18 31864
aoULAV 1e4 2 91 - 0.03 0.18 31876
aoD2AG 1e4 2 91 - 0.03 0.19 31876
aoD2SG 1e4 2 91 - 0.03 0.19 31988
moore 1e4 2 91 - 1.23 882.74 2960572
nbpm 1e4 2 91 - 7.48 365.25 7889420
greedy 1e4 2 91 - 5.95 231.20 10968568
