dry 400e2 2 86 - 0.02 0.12 27620
aoDLAV 400e2 2 86 - 0.04 0.21 32240
aoULAV 400e2 2 86 - 0.03 0.24 33112
aoD2AG 400e2 2 86 - 0.04 0.26 36072
aoD2SG 400e2 2 86 - 0.03 0.28 35924
dry 5e4 5 188 - 0.03 0.13 31932
aoDLAV 5e4 5 188 - 0.03 0.66 34708
aoULAV 5e4 5 188 - 0.03 0.71 34708
aoD2AG 5e4 5 188 - 0.03 0.72 37724
aoD2SG 5e4 5 188 - 0.04 0.78 37936
dry 5e4 5 155 - 0.03 0.13 31120
aoDLAV 5e4 5 155 - 0.03 0.68 34704
aoULAV 5e4 5 155 - 0.03 0.67 34704
aoD2AG 5e4 5 155 - 0.03 0.72 37724
aoD2SG 5e4 5 155 - 0.04 0.78 37944
dry 56e4 2 212 - 0.03 0.17 41108
aoDLAV 56e4 2 212 - 0.07 1.95 107984
aoULAV 56e4 2 212 - 0.09 2.00 107984
aoD2AG 56e4 2 212 - 0.12 2.84 139984
aoD2SG 56e4 2 212 - 0.12 3.27 143232
dry 18e4 2 162 - 0.03 0.13 33104
aoDLAV 18e4 2 162 - 0.04 0.74 47864
aoULAV 18e4 2 162 - 0.05 0.76 47864
aoD2AG 18e4 2 162 - 0.05 0.97 58640
aoD2SG 18e4 2 162 - 0.05 1.04 59848
dry 1e3 2 182 - 0.02 0.11 26020
aoDLAV 1e3 2 182 - 0.03 0.13 30280
aoULAV 1e3 2 182 - 0.02 0.15 30292
aoD2AG 1e3 2 182 - 0.03 0.15 30536
aoD2SG 1e3 2 182 - 0.03 0.14 30556
moore 1e3 2 182 - 0.06 4.43 59768
nbpm 1e3 2 182 - 0.14 4.12 138552
greedy 1e3 2 182 - 0.09 1.07 139244
dry 32e1 2 48 - 0.02 0.12 26004
aoDLAV 32e1 2 48 - 0.03 0.13 30196
aoULAV 32e1 2 48 - 0.02 0.14 30212
aoD2AG 32e1 2 48 - 0.03 0.14 30380
aoD2SG 32e1 2 48 - 0.02 0.15 30384
moore 32e1 2 48 - 0.03 0.27 33684
nbpm 32e1 2 48 - 0.07 2.29 58308
greedy 32e1 2 48 - 0.04 0.19 40972
dry 32e4 2 7 - 0.03 0.16 36424
aoDLAV 32e4 2 7 - 0.04 1.23 70828
aoULAV 32e4 2 7 - 0.06 1.18 70840
aoD2AG 32e4 2 7 - 0.08 1.65 88292
aoD2SG 32e4 2 7 - 0.07 1.80 90900
dry 5e4 5 119 - 0.03 0.13 31188
aoDLAV 5e4 5 119 - 0.03 0.68 34708
aoULAV 5e4 5 119 - 0.03 0.69 34708
aoD2AG 5e4 5 119 - 0.03 0.73 37736
aoD2SG 5e4 5 119 - 0.04 0.80 37940
dry 325e2 2 5 - 0.02 0.12 27320
aoDLAV 325e2 2 5 - 0.03 0.21 31372
aoULAV 325e2 2 5 - 0.03 0.22 32088
aoD2AG 325e2 2 5 - 0.03 0.25 35000
aoD2SG 325e2 2 5 - 0.03 0.26 34760
dry 375e2 2 119 - 0.03 0.12 27516
aoDLAV 375e2 2 119 - 0.02 0.27 31784
aoULAV 375e2 2 119 - 0.03 0.23 32604
aoD2AG 375e2 2 119 - 0.04 0.26 35516
aoD2SG 375e2 2 119 - 0.03 0.29 35524
dry 1e2 5 202 - 0.03 0.11 25996
aoDLAV 1e2 5 202 - 0.02 0.15 30212
aoULAV 1e2 5 202 - 0.03 0.14 30224
aoD2AG 1e2 5 202 - 0.03 0.14 30384
aoD2SG 1e2 5 202 - 0.03 0.14 30388
moore 1e2 5 202 - 0.02 0.19 30492
nbpm 1e2 5 202 - 0.08 2.17 53036
greedy 1e2 5 202 - 0.02 0.15 30960
dry 5e4 10 63 - 0.02 0.14 33888
aoDLAV 5e4 10 63 - 0.03 7.91 40244
aoULAV 5e4 10 63 - 0.05 7.62 40200
aoD2AG 5e4 10 63 - 0.04 7.66 44980
aoD2SG 5e4 10 63 - 0.04 8.86 45008
dry 18e4 2 242 - 0.03 0.14 33464
aoDLAV 18e4 2 242 - 0.04 0.77 47864
aoULAV 18e4 2 242 - 0.04 0.79 47860
aoD2AG 18e4 2 242 - 0.06 1.02 58644
aoD2SG 18e4 2 242 - 0.05 1.12 59792
dry 56e4 2 81 - 0.05 0.17 41104
aoDLAV 56e4 2 81 - 0.08 2.11 107984
aoULAV 56e4 2 81 - 0.09 2.23 107984
aoD2AG 56e4 2 81 - 0.13 3.04 139832
aoD2SG 56e4 2 81 - 0.12 3.44 145136
dry 1e5 2 42 - 0.03 0.13 31832
aoDLAV 1e5 2 42 - 0.04 0.43 34800
aoULAV 1e5 2 42 - 0.03 0.45 35320
aoD2AG 1e5 2 42 - 0.03 0.58 42600
aoD2SG 1e5 2 42 - 0.05 0.63 44096
dry 1e6 10 113 - 0.13 0.39 112232
aoDLAV 1e6 10 113 - 0.23 495.27 369888
aoULAV 1e6 10 113 - 0.30 360.64 369888
aoD2AG 1e6 10 113 - 0.40 366.44 448740
aoD2SG 1e6 10 113 - 0.42 421.58 458932
dry 1e3 10 102 - 0.02 0.11 26136
aoDLAV 1e3 10 102 - 0.03 0.16 30656
aoULAV 1e3 10 102 - 0.03 0.16 30664
aoD2AG 1e3 10 102 - 0.03 0.16 31064
aoD2SG 1e3 10 102 - 0.03 0.17 31080
moore 1e3 10 102 - 0.05 2.92 59868
nbpm 1e3 10 102 - 0.13 5.11 136184
greedy 1e3 10 102 - 0.08 1.05 139620
dry 1e3 5 9 - 0.02 0.12 26056
aoDLAV 1e3 5 9 - 0.03 0.14 30424
aoULAV 1e3 5 9 - 0.03 0.14 30436
aoD2AG 1e3 5 9 - 0.02 0.15 30744
aoD2SG 1e3 5 9 - 0.03 0.14 30780
moore 1e3 5 9 - 0.04 4.30 59800
nbpm 1e3 5 9 - 0.11 4.59 129248
greedy 1e3 5 9 - 0.08 1.00 139388
dry 32e3 2 191 - 0.03 0.11 27952
aoDLAV 32e3 2 191 - 0.02 0.23 31436
aoULAV 32e3 2 191 - 0.03 0.22 32148
aoD2AG 32e3 2 191 - 0.02 0.25 35024
aoD2SG 32e3 2 191 - 0.03 0.26 34788
dry 1e3 5 116 - 0.03 0.11 26060
aoDLAV 1e3 5 116 - 0.02 0.15 30424
aoULAV 1e3 5 116 - 0.02 0.15 30436
aoD2AG 1e3 5 116 - 0.03 0.15 30748
aoD2SG 1e3 5 116 - 0.03 0.15 30772
moore 1e3 5 116 - 0.04 3.54 59800
nbpm 1e3 5 116 - 0.11 4.30 129244
greedy 1e3 5 116 - 0.09 0.99 139392
dry 32e4 2 114 - 0.03 0.16 36424
aoDLAV 32e4 2 114 - 0.07 1.18 70832
aoULAV 32e4 2 114 - 0.06 1.25 70840
aoD2AG 32e4 2 114 - 0.07 1.65 88264
aoD2SG 32e4 2 114 - 0.07 1.85 91408
dry 5e4 2 83 - 0.03 0.11 29360
aoDLAV 5e4 2 83 - 0.03 0.26 33008
aoULAV 5e4 2 83 - 0.03 0.27 33312
aoD2AG 5e4 2 83 - 0.03 0.34 36408
aoD2SG 5e4 2 83 - 0.03 0.35 36428
dry 375e2 2 114 - 0.02 0.12 29352
aoDLAV 375e2 2 114 - 0.03 0.24 31788
aoULAV 375e2 2 114 - 0.03 0.24 32604
aoD2AG 375e2 2 114 - 0.04 0.27 35516
aoD2SG 375e2 2 114 - 0.03 0.28 35528
dry 1e6 2 73 - 0.04 0.19 49708
aoDLAV 1e6 2 73 - 0.12 3.61 178456
aoULAV 1e6 2 73 - 0.11 3.79 178460
aoD2AG 1e6 2 73 - 0.18 5.35 233328
aoD2SG 1e6 2 73 - 0.19 6.10 240920
dry 32e4 2 92 - 0.03 0.16 36424
aoDLAV 32e4 2 92 - 0.06 1.26 70828
aoULAV 32e4 2 92 - 0.05 1.30 70840
aoD2AG 32e4 2 92 - 0.08 1.78 89060
aoD2SG 32e4 2 92 - 0.07 1.90 90868
dry 18e1 2 92 - 0.02 0.12 26004
aoDLAV 18e1 2 92 - 0.03 0.14 30184
aoULAV 18e1 2 92 - 0.03 0.13 30200
aoD2AG 18e1 2 92 - 0.03 0.13 30360
aoD2SG 18e1 2 92 - 0.04 0.13 30364
moore 18e1 2 92 - 0.03 0.31 30492
nbpm 18e1 2 92 - 0.06 2.18 54440
greedy 18e1 2 92 - 0.02 0.16 33348
dry 1e6 10 120 - 0.08 0.39 112232
aoDLAV 1e6 10 120 - 0.20 365.38 369992
aoULAV 1e6 10 120 - 0.44 407.80 369884
aoD2AG 1e6 10 120 - 0.77 461.77 446760
aoD2SG 1e6 10 120 - 0.45 435.77 456924
dry 400e2 2 7 - 0.02 0.12 27616
aoDLAV 400e2 2 7 - 0.03 0.23 32236
aoULAV 400e2 2 7 - 0.03 0.24 33112
aoD2AG 400e2 2 7 - 0.03 0.27 36068
aoD2SG 400e2 2 7 - 0.03 0.29 35928
dry 18e4 2 163 - 0.03 0.13 33104
aoDLAV 18e4 2 163 - 0.04 0.74 47860
aoULAV 18e4 2 163 - 0.05 0.76 47864
aoD2AG 18e4 2 163 - 0.05 0.97 59180
aoD2SG 18e4 2 163 - 0.06 1.08 59820
dry 225e2 2 17 - 0.03 0.10 26924
aoDLAV 225e2 2 17 - 0.03 0.19 30980
aoULAV 225e2 2 17 - 0.03 0.19 31024
aoD2AG 225e2 2 17 - 0.03 0.21 33368
aoD2SG 225e2 2 17 - 0.02 0.22 33464
dry 1e2 10 96 - 0.02 0.12 26004
aoDLAV 1e2 10 96 - 0.03 0.14 30260
aoULAV 1e2 10 96 - 0.02 0.14 30272
aoD2AG 1e2 10 96 - 0.03 0.13 30440
aoD2SG 1e2 10 96 - 0.03 0.14 30448
moore 1e2 10 96 - 0.03 0.21 30496
nbpm 1e2 10 96 - 0.08 2.13 53076
greedy 1e2 10 96 - 0.03 0.14 30976
dry 400e2 2 220 - 0.03 0.11 27620
aoDLAV 400e2 2 220 - 0.04 0.22 32236
aoULAV 400e2 2 220 - 0.02 0.24 33112
aoD2AG 400e2 2 220 - 0.03 0.28 36076
aoD2SG 400e2 2 220 - 0.04 0.28 35932
dry 18e4 2 128 - 0.02 0.14 33104
aoDLAV 18e4 2 128 - 0.05 0.77 47860
aoULAV 18e4 2 128 - 0.05 0.74 47860
aoD2AG 18e4 2 128 - 0.05 0.98 58636
aoD2SG 18e4 2 128 - 0.05 1.07 60388
dry 225e2 2 42 - 0.03 0.11 26920
aoDLAV 225e2 2 42 - 0.03 0.19 30984
aoULAV 225e2 2 42 - 0.03 0.19 30992
aoD2AG 225e2 2 42 - 0.03 0.21 33372
aoD2SG 225e2 2 42 - 0.03 0.22 33460
dry 1e1 2 67 - 0.02 0.11 25992
aoDLAV 1e1 2 67 - 0.03 0.14 30160
aoULAV 1e1 2 67 - 0.02 0.14 30172
aoD2AG 1e1 2 67 - 0.02 0.15 30316
aoD2SG 1e1 2 67 - 0.03 0.13 30320
moore 1e1 2 67 - 0.03 0.18 30484
nbpm 1e1 2 67 - 0.08 2.10 49824
greedy 1e1 2 67 - 0.03 0.14 30128
dry 1e5 5 132 - 0.03 0.13 34476
aoDLAV 1e5 5 132 - 0.05 1.56 41820
aoULAV 1e5 5 132 - 0.04 1.58 43568
aoD2AG 1e5 5 132 - 0.05 1.67 53992
aoD2SG 1e5 5 132 - 0.04 1.89 53208
dry 300e2 2 182 - 0.02 0.11 27220
aoDLAV 300e2 2 182 - 0.03 0.21 31296
aoULAV 300e2 2 182 - 0.03 0.21 31896
aoD2AG 300e2 2 182 - 0.03 0.24 35056
aoD2SG 300e2 2 182 - 0.03 0.25 34716
dry 32e1 2 172 - 0.02 0.11 26000
aoDLAV 32e1 2 172 - 0.02 0.14 30200
aoULAV 32e1 2 172 - 0.02 0.15 30208
aoD2AG 32e1 2 172 - 0.02 0.14 30376
aoD2SG 32e1 2 172 - 0.02 0.14 30384
moore 32e1 2 172 - 0.03 0.28 33684
nbpm 32e1 2 172 - 0.08 2.31 58308
greedy 32e1 2 172 - 0.04 0.20 40972
dry 1e6 5 50 - 0.06 0.26 73156
aoDLAV 1e6 5 50 - 0.12 19.00 252688
aoULAV 1e6 5 50 - 0.15 23.50 252688
aoD2AG 1e6 5 50 - 0.20 20.49 322768
aoD2SG 1e6 5 50 - 0.22 25.12 332504
dry 225e2 2 185 - 0.03 0.11 26924
aoDLAV 225e2 2 185 - 0.03 0.19 30984
aoULAV 225e2 2 185 - 0.03 0.20 31008
aoD2AG 225e2 2 185 - 0.04 0.21 33368
aoD2SG 225e2 2 185 - 0.03 0.22 33464
dry 5e4 10 230 - 0.03 0.13 33892
aoDLAV 5e4 10 230 - 0.04 7.20 40200
aoULAV 5e4 10 230 - 0.04 7.19 40204
aoD2AG 5e4 10 230 - 0.05 7.08 44984
aoD2SG 5e4 10 230 - 0.05 7.86 44996
dry 1e6 2 204 - 0.04 0.20 49708
aoDLAV 1e6 2 204 - 0.11 3.57 178456
aoULAV 1e6 2 204 - 0.12 3.72 178456
aoD2AG 1e6 2 204 - 0.16 5.79 233464
aoD2SG 1e6 2 204 - 0.22 6.45 241292
dry 275e2 2 97 - 0.03 0.11 28892
aoDLAV 275e2 2 97 - 0.03 0.21 31240
aoULAV 275e2 2 97 - 0.02 0.21 31624
aoD2AG 275e2 2 97 - 0.03 0.25 34692
aoD2SG 275e2 2 97 - 0.04 0.24 34812
dry 56e1 2 102 - 0.02 0.12 26012
aoDLAV 56e1 2 102 - 0.03 0.14 30220
aoULAV 56e1 2 102 - 0.04 0.13 30236
aoD2AG 56e1 2 102 - 0.02 0.14 30416
aoD2SG 56e1 2 102 - 0.03 0.14 30424
moore 56e1 2 102 - 0.03 1.08 39688
nbpm 56e1 2 102 - 0.10 2.88 78712
greedy 56e1 2 102 - 0.03 0.40 64104
dry 1e5 5 149 - 0.03 0.14 34476
aoDLAV 1e5 5 149 - 0.04 1.54 41820
aoULAV 1e5 5 149 - 0.05 1.59 43572
aoD2AG 1e5 5 149 - 0.05 1.81 53564
aoD2SG 1e5 5 149 - 0.05 1.93 53200
dry 300e2 2 10 - 0.03 0.11 29100
aoDLAV 300e2 2 10 - 0.03 0.21 31296
aoULAV 300e2 2 10 - 0.03 0.21 31892
aoD2AG 300e2 2 10 - 0.03 0.23 35056
aoD2SG 300e2 2 10 - 0.02 0.26 34720
dry 1e3 5 188 - 0.02 0.11 26056
aoDLAV 1e3 5 188 - 0.02 0.15 30424
aoULAV 1e3 5 188 - 0.03 0.15 30476
aoD2AG 1e3 5 188 - 0.03 0.15 30748
aoD2SG 1e3 5 188 - 0.03 0.15 30768
moore 1e3 5 188 - 0.04 2.90 59828
nbpm 1e3 5 188 - 0.14 4.60 129244
greedy 1e3 5 188 - 0.09 1.08 139388
dry 5e4 10 167 - 0.03 0.14 33888
aoDLAV 5e4 10 167 - 0.04 8.46 40200
aoULAV 5e4 10 167 - 0.04 7.86 40204
aoD2AG 5e4 10 167 - 0.04 8.17 44984
aoD2SG 5e4 10 167 - 0.04 8.52 45000
dry 1e6 5 168 - 0.05 0.28 73216
aoDLAV 1e6 5 168 - 0.15 19.75 252692
aoULAV 1e6 5 168 - 0.15 18.63 252688
aoD2AG 1e6 5 168 - 0.20 21.93 323176
aoD2SG 1e6 5 168 - 0.21 25.61 332748
dry 32e4 2 239 - 0.03 0.17 36424
aoDLAV 32e4 2 239 - 0.07 1.30 70828
aoULAV 32e4 2 239 - 0.06 1.27 70840
aoD2AG 32e4 2 239 - 0.07 1.81 88428
aoD2SG 32e4 2 239 - 0.08 2.00 91576
dry 1e6 10 13 - 0.07 0.41 112236
aoDLAV 1e6 10 13 - 0.22 382.30 369996
aoULAV 1e6 10 13 - 0.32 374.38 369888
aoD2AG 1e6 10 13 - 0.42 382.12 449960
aoD2SG 1e6 10 13 - 0.42 466.79 458468
dry 1e5 10 222 - 0.03 0.18 38396
aoDLAV 1e5 10 222 - 0.26 22.13 53540
aoULAV 1e5 10 222 - 0.04 22.93 55312
aoD2AG 1e5 10 222 - 0.05 22.34 62852
aoD2SG 1e5 10 222 - 0.07 26.32 66832
dry 1e3 10 53 - 0.02 0.12 26136
aoDLAV 1e3 10 53 - 0.02 0.17 30652
aoULAV 1e3 10 53 - 0.03 0.16 30664
aoD2AG 1e3 10 53 - 0.02 0.17 31068
aoD2SG 1e3 10 53 - 0.04 0.15 31096
moore 1e3 10 53 - 0.08 6.45 59840
nbpm 1e3 10 53 - 0.14 5.01 136140
greedy 1e3 10 53 - 0.07 1.08 139656
dry 1e3 2 97 - 0.02 0.12 26020
aoDLAV 1e3 2 97 - 0.03 0.14 30280
aoULAV 1e3 2 97 - 0.02 0.14 30292
aoD2AG 1e3 2 97 - 0.02 0.15 30532
aoD2SG 1e3 2 97 - 0.02 0.15 30564
moore 1e3 2 97 - 0.06 2.15 59808
nbpm 1e3 2 97 - 0.11 4.24 138560
greedy 1e3 2 97 - 0.09 0.97 139244
dry 5e4 5 97 - 0.02 0.14 30500
aoDLAV 5e4 5 97 - 0.03 0.80 34704
aoULAV 5e4 5 97 - 0.03 0.78 34708
aoD2AG 5e4 5 97 - 0.04 0.73 37732
aoD2SG 5e4 5 97 - 0.03 0.81 37936
dry 56e3 2 76 - 0.03 0.12 28240
aoDLAV 56e3 2 76 - 0.02 0.30 33476
aoULAV 56e3 2 76 - 0.04 0.29 34696
aoD2AG 56e3 2 76 - 0.03 0.38 37284
aoD2SG 56e3 2 76 - 0.04 0.36 37304
dry 1e6 10 107 - 0.07 0.44 112232
aoDLAV 1e6 10 107 - 0.20 387.91 369884
aoULAV 1e6 10 107 - 0.32 383.25 369884
aoD2AG 1e6 10 107 - 0.41 382.82 447128
aoD2SG 1e6 10 107 - 0.40 474.65 459092
dry 56e3 2 44 - 0.02 0.12 28236
aoDLAV 56e3 2 44 - 0.04 0.29 33476
aoULAV 56e3 2 44 - 0.04 0.29 34700
aoD2AG 56e3 2 44 - 0.03 0.37 37284
aoD2SG 56e3 2 44 - 0.04 0.39 37304
dry 375e2 2 33 - 0.02 0.12 29420
aoDLAV 375e2 2 33 - 0.03 0.23 31784
aoULAV 375e2 2 33 - 0.02 0.25 32604
aoD2AG 375e2 2 33 - 0.03 0.28 35516
aoD2SG 375e2 2 33 - 0.03 0.29 35524
dry 400e2 2 198 - 0.03 0.12 27616
aoDLAV 400e2 2 198 - 0.03 0.25 32236
aoULAV 400e2 2 198 - 0.02 0.26 33116
aoD2AG 400e2 2 198 - 0.03 0.29 36072
aoD2SG 400e2 2 198 - 0.03 0.31 35928
dry 18e4 2 129 - 0.03 0.14 33108
aoDLAV 18e4 2 129 - 0.03 0.79 47864
aoULAV 18e4 2 129 - 0.05 0.78 47860
aoD2AG 18e4 2 129 - 0.05 1.04 58844
aoD2SG 18e4 2 129 - 0.06 1.13 59868
dry 56e3 2 203 - 0.03 0.12 28236
aoDLAV 56e3 2 203 - 0.04 0.29 33476
aoULAV 56e3 2 203 - 0.04 0.30 34696
aoD2AG 56e3 2 203 - 0.03 0.37 37280
aoD2SG 56e3 2 203 - 0.03 0.40 37296
dry 1e3 5 96 - 0.02 0.12 26056
aoDLAV 1e3 5 96 - 0.03 0.14 30424
aoULAV 1e3 5 96 - 0.03 0.14 30436
aoD2AG 1e3 5 96 - 0.03 0.14 30752
aoD2SG 1e3 5 96 - 0.03 0.15 30788
moore 1e3 5 96 - 0.05 4.18 59864
nbpm 1e3 5 96 - 0.14 4.56 129248
greedy 1e3 5 96 - 0.08 1.04 139392
dry 1e5 2 20 - 0.03 0.13 31908
aoDLAV 1e5 2 20 - 0.04 0.44 34800
aoULAV 1e5 2 20 - 0.03 0.46 35320
aoD2AG 1e5 2 20 - 0.05 0.57 42600
aoD2SG 1e5 2 20 - 0.04 0.65 43800
dry 5e4 5 107 - 0.03 0.13 30752
aoDLAV 5e4 5 107 - 0.03 0.76 34704
aoULAV 5e4 5 107 - 0.04 0.75 34704
aoD2AG 5e4 5 107 - 0.03 0.84 37728
aoD2SG 5e4 5 107 - 0.04 0.92 37940
dry 325e2 2 25 - 0.02 0.12 30780
aoDLAV 325e2 2 25 - 0.03 0.23 31372
aoULAV 325e2 2 25 - 0.03 0.23 32084
aoD2AG 325e2 2 25 - 0.03 0.26 35004
aoD2SG 325e2 2 25 - 0.04 0.27 34760
dry 375e2 2 165 - 0.03 0.11 27516
aoDLAV 375e2 2 165 - 0.03 0.24 31784
aoULAV 375e2 2 165 - 0.03 0.24 32608
aoD2AG 375e2 2 165 - 0.03 0.28 35516
aoD2SG 375e2 2 165 - 0.04 0.29 35532
dry 225e2 2 229 - 0.03 0.11 26924
aoDLAV 225e2 2 229 - 0.03 0.19 31012
aoULAV 225e2 2 229 - 0.02 0.21 30996
aoD2AG 225e2 2 229 - 0.02 0.23 33368
aoD2SG 225e2 2 229 - 0.03 0.23 33464
dry 1e2 5 206 - 0.02 0.12 25996
aoDLAV 1e2 5 206 - 0.03 0.14 30216
aoULAV 1e2 5 206 - 0.03 0.14 30224
aoD2AG 1e2 5 206 - 0.03 0.14 30384
aoD2SG 1e2 5 206 - 0.03 0.14 30388
moore 1e2 5 206 - 0.05 0.20 30496
nbpm 1e2 5 206 - 0.07 2.20 53016
greedy 1e2 5 206 - 0.03 0.15 30924
dry 32e4 2 171 - 0.03 0.17 36428
aoDLAV 32e4 2 171 - 0.05 1.29 70828
aoULAV 32e4 2 171 - 0.07 1.34 70840
aoD2AG 32e4 2 171 - 0.07 1.81 89092
aoD2SG 32e4 2 171 - 0.08 2.02 90700
dry 32e3 2 165 - 0.03 0.11 29084
aoDLAV 32e3 2 165 - 0.04 0.22 31436
aoULAV 32e3 2 165 - 0.03 0.22 32148
aoD2AG 32e3 2 165 - 0.03 0.26 35020
aoD2SG 32e3 2 165 - 0.03 0.27 34788
dry 1e6 10 126 - 0.07 0.42 112232
aoDLAV 1e6 10 126 - 0.39 382.92 369884
aoULAV 1e6 10 126 - 0.32 386.89 369888
aoD2AG 1e6 10 126 - 0.40 384.85 448104
aoD2SG 1e6 10 126 - 0.40 449.40 459680
