dry 1e4 2 232 - 0.01 0.13 26432
aoDLAV 1e4 2 232 - 0.03 0.17 31864
aoULAV 1e4 2 232 - 0.03 0.16 31876
aoD2AG 1e4 2 232 - 0.03 0.18 31932
aoD2SG 1e4 2 232 - 0.02 0.18 31984
moore 1e4 2 232 - 1.15 897.00 2960580
nbpm 1e4 2 232 - 7.50 362.28 7889424
greedy 1e4 2 232 - 6.87 282.81 10968572
dry 1e4 5 218 - 0.03 0.12 26900
aoDLAV 1e4 5 218 - 0.03 0.21 31084
aoULAV 1e4 5 218 - 0.02 0.22 31096
aoD2AG 1e4 5 218 - 0.03 0.23 32108
aoD2SG 1e4 5 218 - 0.03 0.23 32108
moore 1e4 5 218 - 1.11 1308.86 2961736
nbpm 1e4 5 218 - 7.51 990.03 7811452
greedy 1e4 5 218 - 6.92 291.24 10959176
dry 2e7 2 106 - 0.32 0.70 420796
aoDLAV 2e7 2 106 - 1.83 106.72 2987088
aoULAV 2e7 2 106 - 1.76 110.25 2987072
aoD2AG 2e7 2 106 - 3.96 157.38 4387508
aoD2SG 2e7 2 106 - 3.69 185.82 4545156
dry 7e7 2 242 - 0.75 2.21 1397356
aoDLAV 7e7 2 242 - 6.07 425.35 10408940
aoULAV 7e7 2 242 - 7.98 455.90 10408936
aoD2AG 7e7 2 242 - 13.73 648.34 15303160
aoD2SG 7e7 2 242 - 15.12 756.03 15861536
dry 18e2 2 163 - 0.03 0.13 26052
aoDLAV 18e2 2 163 - 0.03 0.17 30372
aoULAV 18e2 2 163 - 0.03 0.16 30384
aoD2AG 18e2 2 163 - 0.04 0.16 30788
aoD2SG 18e2 2 163 - 0.03 0.16 30820
moore 18e2 2 163 - 0.08 20.08 125408
nbpm 18e2 2 163 - 0.18 7.71 334528
greedy 18e2 2 163 - 0.23 4.51 384356
dry 6e7 2 247 - 0.71 1.89 1202044
aoDLAV 6e7 2 247 - 5.33 358.27 8924560
aoULAV 6e7 2 247 - 6.73 387.19 8924564
aoD2AG 6e7 2 247 - 12.10 535.54 13121852
aoD2SG 6e7 2 247 - 12.44 620.71 13599468
dry 32e2 2 241 - 0.03 0.12 26112
aoDLAV 32e2 2 241 - 0.03 0.15 30544
aoULAV 32e2 2 241 - 0.04 0.14 30548
aoD2AG 32e2 2 241 - 0.03 0.15 31208
aoD2SG 32e2 2 241 - 0.04 0.14 31260
moore 32e2 2 241 - 0.34 78.99 330516
nbpm 32e2 2 241 - 0.91 19.45 854752
greedy 32e2 2 241 - 0.70 20.34 1150164
dry 25e2 2 93 - 0.02 0.12 26080
aoDLAV 25e2 2 93 - 0.04 0.14 30452
aoULAV 25e2 2 93 - 0.03 0.15 30464
aoD2AG 25e2 2 93 - 0.03 0.15 30980
aoD2SG 25e2 2 93 - 0.03 0.16 31016
moore 25e2 2 93 - 0.10 48.18 213604
nbpm 25e2 2 93 - 0.55 11.75 541644
greedy 25e2 2 93 - 0.42 9.79 713668
dry 25e2 2 208 - 0.02 0.13 26080
aoDLAV 25e2 2 208 - 0.02 0.16 30452
aoULAV 25e2 2 208 - 0.03 0.15 30464
aoD2AG 25e2 2 208 - 0.03 0.15 31004
aoD2SG 25e2 2 208 - 0.03 0.15 31040
moore 25e2 2 208 - 0.09 30.27 213600
nbpm 25e2 2 208 - 0.53 11.86 541636
greedy 25e2 2 208 - 0.40 10.59 713664
dry 2e7 2 204 - 0.25 0.75 420796
aoDLAV 2e7 2 204 - 1.75 107.98 2987072
aoULAV 2e7 2 204 - 2.24 112.55 2987072
aoD2AG 2e7 2 204 - 3.53 157.23 4386636
aoD2SG 2e7 2 204 - 4.24 184.82 4544276
dry 1e4 2 63 - 0.03 0.11 27952
aoDLAV 1e4 2 63 - 0.03 0.17 31868
aoULAV 1e4 2 63 - 0.03 0.17 31876
aoD2AG 1e4 2 63 - 0.03 0.18 31880
aoD2SG 1e4 2 63 - 0.03 0.18 31992
moore 1e4 2 63 - 1.13 1593.08 2960572
nbpm 1e4 2 63 - 7.63 350.68 7889416
greedy 1e4 2 63 - 6.52 276.60 10968568
dry 2e7 2 225 - 0.27 0.75 420796
aoDLAV 2e7 2 225 - 1.83 105.08 2987068
aoULAV 2e7 2 225 - 1.85 116.57 2987072
aoD2AG 2e7 2 225 - 4.06 168.73 4387212
aoD2SG 2e7 2 225 - 3.90 192.30 4547100
dry 75e2 2 1 - 0.03 0.12 26332
aoDLAV 75e2 2 1 - 0.03 0.16 31376
aoULAV 75e2 2 1 - 0.03 0.16 31388
aoD2AG 75e2 2 1 - 0.03 0.17 31384
aoD2SG 75e2 2 1 - 0.02 0.19 31384
moore 75e2 2 1 - 0.95 439.45 1688848
nbpm 75e2 2 1 - 4.07 159.29 4242124
greedy 75e2 2 1 - 3.80 153.09 6183092
dry 18e6 2 36 - 0.23 0.69 381736
aoDLAV 18e6 2 36 - 1.63 97.95 2690192
aoULAV 18e6 2 36 - 2.01 102.49 2690192
aoD2AG 18e6 2 36 - 3.28 146.11 3949548
aoD2SG 18e6 2 36 - 3.92 208.14 4094672
dry 1e4 5 62 - 0.03 0.13 28556
aoDLAV 1e4 5 62 - 0.04 0.23 31088
aoULAV 1e4 5 62 - 0.03 0.24 31096
aoD2AG 1e4 5 62 - 0.04 0.23 32132
aoD2SG 1e4 5 62 - 0.02 0.25 32112
moore 1e4 5 62 - 1.30 921.54 2961736
nbpm 1e4 5 62 - 7.69 624.47 7811448
greedy 1e4 5 62 - 6.54 307.72 10959172
dry 56e6 2 19 - 0.69 1.80 1123924
aoDLAV 56e6 2 19 - 4.59 327.71 8330816
aoULAV 56e6 2 19 - 5.84 341.97 8330816
aoD2AG 56e6 2 19 - 10.52 503.57 12248980
aoD2SG 56e6 2 19 - 11.36 589.62 12695564
dry 3e7 2 126 - 0.34 1.02 616104
aoDLAV 3e7 2 126 - 2.61 167.50 4471428
aoULAV 3e7 2 126 - 2.52 179.55 4471432
aoD2AG 3e7 2 126 - 6.06 264.11 6570384
aoD2SG 3e7 2 126 - 6.20 302.78 6807240
dry 1e4 10 233 - 0.03 0.12 28992
aoDLAV 1e4 10 233 - 0.04 0.71 32812
aoULAV 1e4 10 233 - 0.03 0.70 32776
aoD2AG 1e4 10 233 - 0.02 0.73 32748
aoD2SG 1e4 10 233 - 0.03 0.79 34176
moore 1e4 10 233 - 1.16 1061.36 2963856
nbpm 1e4 10 233 - 7.58 817.47 7764392
greedy 1e4 10 233 - 6.35 275.54 10961108
dry 56e6 2 130 - 0.66 1.82 1123924
aoDLAV 56e6 2 130 - 4.47 328.70 8330816
aoULAV 56e6 2 130 - 5.74 345.81 8330816
aoD2AG 56e6 2 130 - 10.84 502.89 12250012
aoD2SG 56e6 2 130 - 12.07 586.48 12695392
dry 5e7 2 215 - 0.62 1.61 1006736
aoDLAV 5e7 2 215 - 4.52 295.83 7440192
aoULAV 5e7 2 215 - 5.46 322.36 7440192
aoD2AG 5e7 2 215 - 9.66 570.94 10937168
aoD2SG 5e7 2 215 - 10.19 515.30 11335600
dry 5e7 2 180 - 0.60 1.64 1006740
aoDLAV 5e7 2 180 - 4.14 305.59 7440196
aoULAV 5e7 2 180 - 5.66 404.76 7440192
aoD2AG 5e7 2 180 - 9.95 521.93 10938432
aoD2SG 5e7 2 180 - 10.07 513.46 11335920
dry 1e4 10 115 - 0.02 0.13 29112
aoDLAV 1e4 10 115 - 0.04 0.69 32768
aoULAV 1e4 10 115 - 0.03 0.74 32780
aoD2AG 1e4 10 115 - 0.03 0.75 32744
aoD2SG 1e4 10 115 - 0.03 0.83 34176
moore 1e4 10 115 - 1.18 922.63 2963856
nbpm 1e4 10 115 - 7.30 750.30 7764392
greedy 1e4 10 115 - 6.58 278.18 10961108
dry 32e6 2 221 - 0.40 1.09 655180
aoDLAV 32e6 2 221 - 2.74 179.73 4768324
aoULAV 32e6 2 221 - 3.75 197.16 4768324
aoD2AG 32e6 2 221 - 6.46 283.81 7008052
aoD2SG 32e6 2 221 - 6.82 318.63 7261824
dry 1e4 5 34 - 0.03 0.12 26900
aoDLAV 1e4 5 34 - 0.03 0.21 31088
aoULAV 1e4 5 34 - 0.03 0.22 31096
aoD2AG 1e4 5 34 - 0.03 0.23 32112
aoD2SG 1e4 5 34 - 0.04 0.23 32108
moore 1e4 5 34 - 1.17 1032.98 2961736
nbpm 1e4 5 34 - 7.39 603.36 7811452
greedy 1e4 5 34 - 7.02 297.18 10959172
dry 1e4 5 96 - 0.02 0.14 26900
aoDLAV 1e4 5 96 - 0.03 0.23 31084
aoULAV 1e4 5 96 - 0.03 0.24 31096
aoD2AG 1e4 5 96 - 0.04 0.24 32112
aoD2SG 1e4 5 96 - 0.05 0.25 32108
moore 1e4 5 96 - 1.13 1205.32 2961732
nbpm 1e4 5 96 - 7.68 600.83 7811452
greedy 1e4 5 96 - 6.92 301.16 10959176
dry 1e4 10 14 - 0.03 0.12 27688
aoDLAV 1e4 10 14 - 0.03 0.72 32764
aoULAV 1e4 10 14 - 0.03 0.67 32776
aoD2AG 1e4 10 14 - 0.03 0.71 32744
aoD2SG 1e4 10 14 - 0.03 0.75 34176
moore 1e4 10 14 - 1.24 941.64 2963852
nbpm 1e4 10 14 - 7.55 791.00 7764384
greedy 1e4 10 14 - 6.73 272.24 10961108
dry 3e7 2 101 - 0.36 1.05 616104
aoDLAV 3e7 2 101 - 2.60 201.13 4471428
aoULAV 3e7 2 101 - 3.19 178.32 4471428
aoD2AG 3e7 2 101 - 5.24 252.00 6571484
aoD2SG 3e7 2 101 - 6.43 299.50 6809900
dry 1e4 5 190 - 0.03 0.12 28680
aoDLAV 1e4 5 190 - 0.03 0.22 31084
aoULAV 1e4 5 190 - 0.03 0.23 31096
aoD2AG 1e4 5 190 - 0.04 0.22 32108
aoD2SG 1e4 5 190 - 0.03 0.24 32108
moore 1e4 5 190 - 1.27 992.42 2961740
nbpm 1e4 5 190 - 7.44 689.08 7811456
greedy 1e4 5 190 - 6.49 292.64 10959176
dry 18e6 2 245 - 0.23 0.70 381736
aoDLAV 18e6 2 245 - 1.54 96.31 2690192
aoULAV 18e6 2 245 - 1.55 103.57 2690192
aoD2AG 18e6 2 245 - 3.68 146.93 3950396
aoD2SG 18e6 2 245 - 3.27 168.62 4095276
dry 1e4 10 80 - 0.03 0.11 27688
aoDLAV 1e4 10 80 - 0.03 0.68 32764
aoULAV 1e4 10 80 - 0.03 0.69 32776
aoD2AG 1e4 10 80 - 0.04 0.81 32748
aoD2SG 1e4 10 80 - 0.04 0.76 34176
moore 1e4 10 80 - 1.16 902.45 2963852
nbpm 1e4 10 80 - 7.64 771.69 7764384
greedy 1e4 10 80 - 6.74 274.95 10961112
dry 1e4 10 151 - 0.02 0.12 27688
aoDLAV 1e4 10 151 - 0.03 0.71 32768
aoULAV 1e4 10 151 - 0.03 0.69 32776
aoD2AG 1e4 10 151 - 0.02 0.72 32744
aoD2SG 1e4 10 151 - 0.04 0.79 34180
moore 1e4 10 151 - 1.19 816.51 2963852
nbpm 1e4 10 151 - 7.58 721.09 7764384
greedy 1e4 10 151 - 6.25 273.20 10961108
dry 1e4 10 121 - 0.03 0.12 29292
aoDLAV 1e4 10 121 - 0.04 0.73 32764
aoULAV 1e4 10 121 - 0.04 0.67 32780
aoD2AG 1e4 10 121 - 0.03 0.71 32744
aoD2SG 1e4 10 121 - 0.03 0.80 34176
moore 1e4 10 121 - 1.10 1474.95 2963856
nbpm 1e4 10 121 - 7.60 811.87 7764392
greedy 1e4 10 121 - 6.49 280.00 10961112
dry 18e2 2 132 - 0.02 0.12 26052
aoDLAV 18e2 2 132 - 0.02 0.15 30376
aoULAV 18e2 2 132 - 0.03 0.14 30384
aoD2AG 18e2 2 132 - 0.03 0.14 30796
aoD2SG 18e2 2 132 - 0.03 0.15 30820
moore 18e2 2 132 - 0.07 9.16 125444
nbpm 18e2 2 132 - 0.18 7.80 334536
greedy 18e2 2 132 - 0.21 4.29 384396
dry 56e6 2 51 - 0.67 1.82 1123924
aoDLAV 56e6 2 51 - 4.63 340.35 8330816
aoULAV 56e6 2 51 - 5.95 363.93 8330816
aoD2AG 56e6 2 51 - 11.36 619.40 12247428
aoD2SG 56e6 2 51 - 11.60 586.10 12694492
dry 32e6 2 74 - 0.37 1.11 655176
aoDLAV 32e6 2 74 - 2.75 181.02 4768328
aoULAV 32e6 2 74 - 2.88 198.65 4768324
aoD2AG 32e6 2 74 - 6.46 268.25 7008572
aoD2SG 32e6 2 74 - 6.68 316.51 7263300
dry 6e7 2 205 - 0.74 1.91 1202044
aoDLAV 6e7 2 205 - 5.02 355.97 8924560
aoULAV 6e7 2 205 - 7.04 394.68 8924560
aoD2AG 6e7 2 205 - 11.74 529.56 13123104
aoD2SG 6e7 2 205 - 12.99 626.70 13599732
dry 32e6 2 110 - 0.39 1.09 655176
aoDLAV 32e6 2 110 - 2.71 180.07 4768324
aoULAV 32e6 2 110 - 2.83 193.96 4768328
aoD2AG 32e6 2 110 - 6.32 270.20 7007680
aoD2SG 32e6 2 110 - 7.05 318.62 7261172
dry 18e2 2 45 - 0.02 0.12 26052
aoDLAV 18e2 2 45 - 0.03 0.15 30376
aoULAV 18e2 2 45 - 0.03 0.15 30384
aoD2AG 18e2 2 45 - 0.04 0.15 30788
aoD2SG 18e2 2 45 - 0.03 0.17 30820
moore 18e2 2 45 - 0.07 13.77 125416
nbpm 18e2 2 45 - 0.19 7.69 334536
greedy 18e2 2 45 - 0.23 3.80 384348
dry 18e2 2 129 - 0.02 0.12 26048
aoDLAV 18e2 2 129 - 0.03 0.14 30372
aoULAV 18e2 2 129 - 0.02 0.15 30384
aoD2AG 18e2 2 129 - 0.02 0.15 30788
aoD2SG 18e2 2 129 - 0.02 0.15 30824
moore 18e2 2 129 - 0.07 15.23 125408
nbpm 18e2 2 129 - 0.20 7.86 334528
greedy 18e2 2 129 - 0.23 3.69 384352
dry 4e7 2 171 - 0.46 1.34 811428
aoDLAV 4e7 2 171 - 3.47 226.12 5955816
aoULAV 4e7 2 171 - 4.36 242.52 5955816
aoD2AG 4e7 2 171 - 8.28 353.51 8754844
aoD2SG 4e7 2 171 - 8.28 397.83 9072612
dry 3e7 2 157 - 0.35 1.02 616104
aoDLAV 3e7 2 157 - 2.57 164.34 4471440
aoULAV 3e7 2 157 - 3.40 173.41 4471428
aoD2AG 3e7 2 157 - 5.81 255.60 6569396
aoD2SG 3e7 2 157 - 5.49 315.58 6808208
dry 6e7 2 189 - 1.25 1.91 1202044
aoDLAV 6e7 2 189 - 5.93 362.95 8924560
aoULAV 6e7 2 189 - 6.32 388.67 8924564
aoD2AG 6e7 2 189 - 12.13 711.24 13121216
aoD2SG 6e7 2 189 - 12.78 618.33 13601756
dry 32e6 2 25 - 0.39 1.12 655180
aoDLAV 32e6 2 25 - 2.81 193.86 4768324
aoULAV 32e6 2 25 - 2.94 190.27 4768324
aoD2AG 32e6 2 25 - 6.09 261.43 7008032
aoD2SG 32e6 2 25 - 6.93 313.91 7263496
dry 7e7 2 7 - 0.91 2.17 1397356
aoDLAV 7e7 2 7 - 5.95 425.69 10408940
aoULAV 7e7 2 7 - 7.81 458.08 10408936
aoD2AG 7e7 2 7 - 13.47 685.64 15306144
aoD2SG 7e7 2 7 - 14.97 755.33 15866592
dry 1e4 5 127 - 0.02 0.13 26900
aoDLAV 1e4 5 127 - 0.03 0.22 31084
aoULAV 1e4 5 127 - 0.04 0.21 31096
aoD2AG 1e4 5 127 - 0.03 0.24 32108
aoD2SG 1e4 5 127 - 0.03 0.24 32112
moore 1e4 5 127 - 1.18 829.28 2961736
nbpm 1e4 5 127 - 7.31 620.63 7811452
greedy 1e4 5 127 - 7.13 307.41 10959172
dry 4e7 2 177 - 0.50 1.34 811424
aoDLAV 4e7 2 177 - 3.56 232.57 5955816
aoULAV 4e7 2 177 - 4.67 246.83 5955816
aoD2AG 4e7 2 177 - 7.06 348.34 8753788
aoD2SG 4e7 2 177 - 8.30 402.72 9072288
