dry 1e7 5 8 - 0.18 0.66 459872
aoDLAV 1e7 5 8 - 0.99 223.67 2323016
aoULAV 1e7 5 8 - 1.62 221.55 2323016
aoD2AG 1e7 5 8 - 2.35 272.31 3064804
aoD2SG 1e7 5 8 - 2.80 299.71 3149772
dry 18e5 2 19 - 0.03 0.22 65328
aoDLAV 18e5 2 19 - 0.18 6.27 285508
aoULAV 18e5 2 19 - 0.16 6.68 285524
aoD2AG 18e5 2 19 - 0.26 9.65 413900
aoD2SG 18e5 2 19 - 0.26 11.02 426964
dry 18e5 2 234 - 0.04 0.21 65328
aoDLAV 18e5 2 234 - 0.15 6.40 285508
aoULAV 18e5 2 234 - 0.14 6.86 285520
aoD2AG 18e5 2 234 - 0.26 9.82 411412
aoD2SG 18e5 2 234 - 0.33 11.09 425912
dry 18e5 2 173 - 0.06 0.22 65328
aoDLAV 18e5 2 173 - 0.17 6.38 285508
aoULAV 18e5 2 173 - 0.19 6.77 285520
aoD2AG 18e5 2 173 - 0.25 9.83 412764
aoD2SG 18e5 2 173 - 0.27 11.16 426876
dry 18e5 2 218 - 0.05 0.21 65328
aoDLAV 18e5 2 218 - 0.16 6.37 285512
aoULAV 18e5 2 218 - 0.16 6.82 285540
aoD2AG 18e5 2 218 - 0.25 9.90 411392
aoD2SG 18e5 2 218 - 0.26 11.19 426236
dry 1e7 5 241 - 0.24 0.79 459868
aoDLAV 1e7 5 241 - 1.08 220.03 2323016
aoULAV 1e7 5 241 - 1.52 219.40 2323016
aoD2AG 1e7 5 241 - 2.05 241.46 3063584
aoD2SG 1e7 5 241 - 2.52 286.50 3152176
dry 1e7 10 77 - 0.42 1.37 850508
aoDLAV 1e7 10 77 - 1.61 4817.25 3533952
aoULAV 1e7 10 77 - 2.36 4721.52 3533956
aoD2AG 1e7 10 77 - 3.61 4790.28 4336800
aoD2SG 1e7 10 77 - 3.64 5740.33 4427136
dry 32e5 2 37 - 0.07 0.26 92676
aoDLAV 32e5 2 37 - 0.29 13.04 493328
aoULAV 32e5 2 37 - 0.26 12.73 493364
aoD2AG 32e5 2 37 - 0.45 20.57 717684
aoD2SG 32e5 2 37 - 0.41 23.88 743056
dry 32e5 2 171 - 0.06 0.28 92676
aoDLAV 32e5 2 171 - 0.27 14.00 493328
aoULAV 32e5 2 171 - 0.27 13.36 493340
aoD2AG 32e5 2 171 - 0.38 18.28 718696
aoD2SG 32e5 2 171 - 0.47 27.34 743440
dry 1e7 10 159 - 0.44 1.40 850508
aoDLAV 1e7 10 159 - 1.70 4808.99 3533956
aoULAV 1e7 10 159 - 2.46 4749.16 3533988
aoD2AG 1e7 10 159 - 3.53 4883.88 4338932
aoD2SG 1e7 10 159 - 4.79 7340.33 4427340
dry 56e5 2 3 - 0.08 0.32 139544
aoDLAV 56e5 2 3 - 0.46 22.80 849560
aoULAV 56e5 2 3 - 0.48 24.26 849556
aoD2AG 56e5 2 3 - 0.74 34.46 1241148
aoD2SG 56e5 2 3 - 0.89 39.76 1287708
dry 32e5 2 202 - 0.06 0.26 92676
aoDLAV 32e5 2 202 - 0.32 11.98 493324
aoULAV 32e5 2 202 - 0.26 13.30 493336
aoD2AG 32e5 2 202 - 0.42 18.56 717048
aoD2SG 32e5 2 202 - 0.38 20.78 743564
dry 32e5 2 148 - 0.06 0.25 92676
aoDLAV 32e5 2 148 - 0.24 11.88 493352
aoULAV 32e5 2 148 - 0.25 12.64 493336
aoD2AG 32e5 2 148 - 0.41 18.14 716928
aoD2SG 32e5 2 148 - 0.40 20.75 744484
dry 1e7 2 206 - 0.11 0.44 225484
aoDLAV 1e7 2 206 - 0.73 44.84 1502684
aoULAV 1e7 2 206 - 0.73 47.33 1502688
aoD2AG 1e7 2 206 - 1.56 67.02 2204532
aoD2SG 1e7 2 206 - 1.86 77.28 2283988
dry 32e5 2 65 - 0.05 0.25 92676
aoDLAV 32e5 2 65 - 0.27 11.84 493324
aoULAV 32e5 2 65 - 0.29 12.61 493340
aoD2AG 32e5 2 65 - 0.42 18.30 717824
aoD2SG 32e5 2 65 - 0.43 20.88 745080
dry 1e7 10 22 - 0.43 1.39 850508
aoDLAV 1e7 10 22 - 1.57 4876.96 3533956
aoULAV 1e7 10 22 - 2.42 4872.60 3533960
aoD2AG 1e7 10 22 - 3.55 4832.67 4338848
aoD2SG 1e7 10 22 - 3.67 5839.47 4427324
dry 1e7 10 193 - 0.42 1.36 850512
aoDLAV 1e7 10 193 - 1.51 4735.92 3533952
aoULAV 1e7 10 193 - 2.41 4716.91 3533956
aoD2AG 1e7 10 193 - 3.55 4790.94 4337232
aoD2SG 1e7 10 193 - 3.60 5743.91 4427972
dry 32e5 2 236 - 0.07 0.25 92676
aoDLAV 32e5 2 236 - 0.25 12.07 493324
aoULAV 32e5 2 236 - 0.25 12.63 493336
aoD2AG 32e5 2 236 - 0.39 18.42 718260
aoD2SG 32e5 2 236 - 0.39 21.01 744500
dry 1e7 2 69 - 0.12 0.44 225484
aoDLAV 1e7 2 69 - 0.76 44.61 1502688
aoULAV 1e7 2 69 - 0.76 46.62 1502688
aoD2AG 1e7 2 69 - 1.84 65.94 2204896
aoD2SG 1e7 2 69 - 1.69 76.75 2284636
dry 32e5 2 120 - 0.06 0.24 92676
aoDLAV 32e5 2 120 - 0.26 11.97 493324
aoULAV 32e5 2 120 - 0.26 12.71 493336
aoD2AG 32e5 2 120 - 0.42 18.21 717020
aoD2SG 32e5 2 120 - 0.41 20.97 744684
dry 1e7 10 208 - 0.42 1.38 850508
aoDLAV 1e7 10 208 - 1.53 4794.04 3533952
aoULAV 1e7 10 208 - 2.35 4754.05 3533952
aoD2AG 1e7 10 208 - 3.61 4885.31 4337456
aoD2SG 1e7 10 208 - 3.63 5843.81 4428636
dry 56e5 2 227 - 0.09 0.32 139544
aoDLAV 56e5 2 227 - 0.47 22.81 849664
aoULAV 56e5 2 227 - 0.46 24.30 849556
aoD2AG 56e5 2 227 - 0.75 34.44 1241280
aoD2SG 56e5 2 227 - 0.79 39.59 1286980
dry 56e5 2 94 - 0.09 0.31 139544
aoDLAV 56e5 2 94 - 0.47 22.78 849556
aoULAV 56e5 2 94 - 0.49 24.20 849556
aoD2AG 56e5 2 94 - 0.76 34.44 1241076
aoD2SG 56e5 2 94 - 0.87 39.61 1287264
dry 1e7 10 207 - 0.44 1.37 850552
aoDLAV 1e7 10 207 - 2.20 6289.92 3534064
aoULAV 1e7 10 207 - 2.48 4830.01 3533952
aoD2AG 1e7 10 207 - 3.61 4898.84 4337120
aoD2SG 1e7 10 207 - 3.68 5741.09 4425544
dry 1e7 5 112 - 0.24 0.78 459868
aoDLAV 1e7 5 112 - 1.06 210.18 2323016
aoULAV 1e7 5 112 - 1.51 215.75 2323020
aoD2AG 1e7 5 112 - 2.49 237.40 3065016
aoD2SG 1e7 5 112 - 2.47 283.46 3149980
dry 1e7 10 60 - 0.42 1.37 850508
aoDLAV 1e7 10 60 - 1.56 5043.34 3533952
aoULAV 1e7 10 60 - 2.30 5161.49 3533952
aoD2AG 1e7 10 60 - 3.30 5798.14 4336352
aoD2SG 1e7 10 60 - 3.46 5706.00 4425648
