dry 18e3 2 243 - 0.02 0.11 26752
aoDLAV 18e3 2 243 - 0.02 0.18 30740
aoULAV 18e3 2 243 - 0.02 0.17 30740
aoD2AG 18e3 2 243 - 0.02 0.19 31804
aoD2SG 18e3 2 243 - 0.02 0.20 31808
moore 18e3 2 243 - 3.03 5657.42 9534980
nbpm 18e3 2 243 - 23.82 2843.00 25451056
greedy 18e3 2 243 - 18.40 961.02 35458376
dry 175e2 2 200 - 0.03 0.11 26732
aoDLAV 175e2 2 200 - 0.03 0.18 30716
aoULAV 175e2 2 200 - 0.03 0.17 30716
aoD2AG 175e2 2 200 - 0.03 0.20 31752
aoD2SG 175e2 2 200 - 0.03 0.20 31756
moore 175e2 2 200 - 2.75 4213.05 9014028
nbpm 175e2 2 200 - 20.74 2749.45 22863144
greedy 175e2 2 200 - 19.06 951.91 33516976
dry 175e2 2 164 - 0.02 0.12 26732
aoDLAV 175e2 2 164 - 0.04 0.18 30716
aoULAV 175e2 2 164 - 0.02 0.19 30720
aoD2AG 175e2 2 164 - 0.04 0.20 31756
aoD2SG 175e2 2 164 - 0.03 0.21 31760
moore 175e2 2 164 - 2.73 4667.24 9014028
nbpm 175e2 2 164 - 21.22 1841.01 22863148
greedy 175e2 2 164 - 18.23 947.51 33516980
dry 125e2 2 172 - 0.02 0.12 26536
aoDLAV 125e2 2 172 - 0.03 0.17 30712
aoULAV 125e2 2 172 - 0.03 0.17 30756
aoD2AG 125e2 2 172 - 0.03 0.19 31380
aoD2SG 125e2 2 172 - 0.03 0.19 31380
moore 125e2 2 172 - 1.55 2096.01 4611544
nbpm 125e2 2 172 - 11.28 661.57 12302320
greedy 125e2 2 172 - 9.77 423.24 17109964
dry 150e2 2 40 - 0.03 0.11 26632
aoDLAV 150e2 2 40 - 0.02 0.18 30824
aoULAV 150e2 2 40 - 0.04 0.18 30824
aoD2AG 150e2 2 40 - 0.02 0.19 31612
aoD2SG 150e2 2 40 - 0.02 0.20 31608
moore 150e2 2 40 - 2.31 3483.06 6629352
nbpm 150e2 2 40 - 14.31 1092.39 16814176
greedy 150e2 2 40 - 14.23 694.33 24630024
dry 175e2 2 201 - 0.02 0.12 26732
aoDLAV 175e2 2 201 - 0.03 0.19 30716
aoULAV 175e2 2 201 - 0.03 0.19 30716
aoD2AG 175e2 2 201 - 0.04 0.20 31752
aoD2SG 175e2 2 201 - 0.04 0.21 31756
moore 175e2 2 201 - 2.69 4783.99 9014028
nbpm 175e2 2 201 - 23.77 1979.23 22863144
greedy 175e2 2 201 - 18.93 934.79 33516980
dry 150e2 2 209 - 0.03 0.12 26628
aoDLAV 150e2 2 209 - 0.04 0.18 30824
aoULAV 150e2 2 209 - 0.03 0.20 30824
aoD2AG 150e2 2 209 - 0.03 0.20 31608
aoD2SG 150e2 2 209 - 0.03 0.21 31608
moore 150e2 2 209 - 2.35 3419.93 6629368
nbpm 150e2 2 209 - 14.76 1176.60 16814168
greedy 150e2 2 209 - 13.59 779.45 24630024
dry 8e7 2 122 - 0.86 2.46 1592676
aoDLAV 8e7 2 122 - 6.44 545.89 11893324
aoULAV 8e7 2 122 - 7.95 472.32 11893324
aoD2AG 8e7 2 122 - 14.97 924.36 17486852
aoD2SG 8e7 2 122 - 17.30 856.30 18123268
dry 2e4 5 2 - 0.03 0.12 29432
aoDLAV 2e4 5 2 - 0.04 0.29 32756
aoULAV 2e4 5 2 - 0.04 0.28 32772
aoD2AG 2e4 5 2 - 0.03 0.33 33344
aoD2SG 2e4 5 2 - 0.05 0.34 32864
moore 2e4 5 2 - 3.34 6934.43 11768080
nbpm 2e4 5 2 - 29.84 4782.44 34200500
greedy 2e4 5 2 - 25.17 1312.71 43774000
dry 2e4 2 239 - 0.03 0.11 28864
aoDLAV 2e4 2 239 - 0.03 0.18 30812
aoULAV 2e4 2 239 - 0.02 0.20 30808
aoD2AG 2e4 2 239 - 0.02 0.20 32284
aoD2SG 2e4 2 239 - 0.03 0.20 32288
moore 2e4 2 239 - 3.39 6708.64 11765544
nbpm 2e4 2 239 - 28.39 2623.46 31402188
greedy 2e4 2 239 - 23.51 1322.22 43771040
dry 2e4 5 177 - 0.03 0.12 29816
aoDLAV 2e4 5 177 - 0.04 0.30 32756
aoULAV 2e4 5 177 - 0.04 0.30 32772
aoD2AG 2e4 5 177 - 0.03 0.34 33348
aoD2SG 2e4 5 177 - 0.03 0.37 32864
moore 2e4 5 177 - 3.59 6668.02 11768080
nbpm 2e4 5 177 - 28.71 5171.33 34200508
greedy 2e4 5 177 - 24.53 1314.81 43774004
dry 9e7 2 196 - 1.01 2.75 1787984
aoDLAV 9e7 2 196 - 7.33 538.99 13377684
aoULAV 9e7 2 196 - 9.60 589.97 13377684
aoD2AG 9e7 2 196 - 18.03 813.23 19670716
aoD2SG 9e7 2 196 - 18.48 939.89 20388308
dry 2e4 5 243 - 0.02 0.12 27776
aoDLAV 2e4 5 243 - 0.03 0.28 32756
aoULAV 2e4 5 243 - 0.03 0.28 32772
aoD2AG 2e4 5 243 - 0.03 0.31 33344
aoD2SG 2e4 5 243 - 0.03 0.33 32860
moore 2e4 5 243 - 3.65 9054.45 11768080
nbpm 2e4 5 243 - 28.32 5094.26 34200496
greedy 2e4 5 243 - 24.44 1255.43 43774008
dry 9e7 2 145 - 1.07 2.74 1787984
aoDLAV 9e7 2 145 - 7.70 516.32 13377684
aoULAV 9e7 2 145 - 9.10 730.92 13377684
aoD2AG 9e7 2 145 - 17.30 792.68 19672728
aoD2SG 9e7 2 145 - 19.23 1175.53 20387724
dry 2e4 10 170 - 0.03 0.11 30408
aoDLAV 2e4 10 170 - 0.03 1.64 34836
aoULAV 2e4 10 170 - 0.03 1.68 34848
aoD2AG 2e4 10 170 - 0.04 1.68 36076
aoD2SG 2e4 10 170 - 0.04 1.97 36080
moore 2e4 10 170 - 4.37 7415.69 11770836
nbpm 2e4 10 170 - 28.95 5476.48 30880040
greedy 2e4 10 170 - 24.44 1322.81 43775820
dry 1e8 5 14 - 2.45 6.21 4327052
aoDLAV 1e8 5 14 - 11.52 3593.28 23065204
aoULAV 1e8 5 14 - 15.88 2652.44 23065204
aoD2AG 1e8 5 14 - 25.97 2937.24 30453260
aoD2SG 1e8 5 14 - 27.15 3526.69 31306384
dry 2e4 2 226 - 0.03 0.12 26828
aoDLAV 2e4 2 226 - 0.04 0.18 30808
aoULAV 2e4 2 226 - 0.03 0.19 30808
aoD2AG 2e4 2 226 - 0.03 0.21 32284
aoD2SG 2e4 2 226 - 0.03 0.21 32292
moore 2e4 2 226 - 3.45 7953.93 11765544
nbpm 2e4 2 226 - 28.92 2726.89 31402184
greedy 2e4 2 226 - 25.57 1243.46 43771040
dry 2e4 10 67 - 0.03 0.12 30624
aoDLAV 2e4 10 67 - 0.05 1.86 34840
aoULAV 2e4 10 67 - 0.03 1.82 34848
aoD2AG 2e4 10 67 - 0.04 1.99 36076
aoD2SG 2e4 10 67 - 0.05 2.07 36076
moore 2e4 10 67 - 3.48 6120.51 11770836
nbpm 2e4 10 67 - 28.52 5451.80 30880040
greedy 2e4 10 67 - 24.33 1273.12 43775820
dry 2e4 5 34 - 0.02 0.12 27780
aoDLAV 2e4 5 34 - 0.02 0.29 32756
aoULAV 2e4 5 34 - 0.03 0.29 32772
aoD2AG 2e4 5 34 - 0.03 0.33 33344
aoD2SG 2e4 5 34 - 0.04 0.33 32860
moore 2e4 5 34 - 3.50 6285.69 11768088
nbpm 2e4 5 34 - 29.75 4637.81 34200496
greedy 2e4 5 34 - 24.24 1370.86 43774004
dry 175e2 2 8 - 0.03 0.11 26732
aoDLAV 175e2 2 8 - 0.03 0.18 30716
aoULAV 175e2 2 8 - 0.03 0.19 30720
aoD2AG 175e2 2 8 - 0.03 0.20 31756
aoD2SG 175e2 2 8 - 0.03 0.21 31760
moore 175e2 2 8 - 2.78 5100.28 9014032
nbpm 175e2 2 8 - 22.56 3226.18 22863144
greedy 175e2 2 8 - 18.72 926.51 33516980
dry 8e7 2 58 - 0.83 2.43 1592732
aoDLAV 8e7 2 58 - 6.11 452.83 11893324
aoULAV 8e7 2 58 - 7.88 475.70 11893328
aoD2AG 8e7 2 58 - 14.04 669.71 17486692
aoD2SG 8e7 2 58 - 16.90 1055.00 18126664
dry 2e4 2 124 - 0.02 0.12 26828
aoDLAV 2e4 2 124 - 0.03 0.19 30812
aoULAV 2e4 2 124 - 0.03 0.19 30808
aoD2AG 2e4 2 124 - 0.03 0.21 32284
aoD2SG 2e4 2 124 - 0.03 0.22 32292
moore 2e4 2 124 - 3.56 7326.46 11765552
nbpm 2e4 2 124 - 28.63 2805.70 31402196
greedy 2e4 2 124 - 24.42 1201.69 43771044
dry 2e4 5 18 - 0.02 0.12 27776
aoDLAV 2e4 5 18 - 0.03 0.29 32756
aoULAV 2e4 5 18 - 0.03 0.29 32772
aoD2AG 2e4 5 18 - 0.03 0.32 33340
aoD2SG 2e4 5 18 - 0.03 0.34 32860
moore 2e4 5 18 - 3.58 8428.21 11768080
nbpm 2e4 5 18 - 28.79 4753.14 34200496
greedy 2e4 5 18 - 24.40 1384.76 43774008
dry 8e7 2 8 - 0.89 2.46 1592676
aoDLAV 8e7 2 8 - 6.71 583.33 11893328
aoULAV 8e7 2 8 - 7.94 477.65 11893372
aoD2AG 8e7 2 8 - 14.63 744.97 17491036
aoD2SG 8e7 2 8 - 16.06 1018.72 18125912
dry 8e7 2 240 - 0.88 2.42 1592676
aoDLAV 8e7 2 240 - 6.32 459.70 11893324
aoULAV 8e7 2 240 - 8.44 485.15 11893324
aoD2AG 8e7 2 240 - 14.75 715.76 17486496
aoD2SG 8e7 2 240 - 15.52 834.41 18123232
dry 1e8 5 246 - 2.27 6.24 4327056
aoDLAV 1e8 5 246 - 14.53 2652.24 23065204
aoULAV 1e8 5 246 - 16.60 2665.05 23065204
aoD2AG 1e8 5 246 - 26.22 3436.32 30455040
aoD2SG 1e8 5 246 - 26.97 3474.87 31314428
dry 9e7 2 139 - 0.97 2.71 1787984
aoDLAV 9e7 2 139 - 6.99 524.11 13377684
aoULAV 9e7 2 139 - 9.31 563.01 13377684
aoD2AG 9e7 2 139 - 17.17 797.56 19670164
aoD2SG 9e7 2 139 - 18.10 973.51 20387400
dry 1e8 2 239 - 1.12 3.06 1983296
aoDLAV 1e8 2 239 - 8.16 610.80 14862072
aoULAV 1e8 2 239 - 10.26 626.11 14862068
aoD2AG 1e8 2 239 - 17.98 919.16 21855672
aoD2SG 1e8 2 239 - 19.37 1061.54 22652972
dry 1e8 2 210 - 1.05 3.01 1983296
aoDLAV 1e8 2 210 - 7.82 589.90 14862068
aoULAV 1e8 2 210 - 10.27 625.68 14862068
aoD2AG 1e8 2 210 - 18.28 897.29 21855536
aoD2SG 1e8 2 210 - 19.76 1051.05 22652572
dry 18e3 2 208 - 0.03 0.12 26752
aoDLAV 18e3 2 208 - 0.03 0.19 30740
aoULAV 18e3 2 208 - 0.03 0.18 30744
aoD2AG 18e3 2 208 - 0.03 0.20 31804
aoD2SG 18e3 2 208 - 0.03 0.21 31812
moore 18e3 2 208 - 2.88 4621.69 9534976
nbpm 18e3 2 208 - 23.67 1912.16 25451056
greedy 18e3 2 208 - 19.34 1062.48 35458368
dry 8e7 2 103 - 0.94 2.48 1592676
aoDLAV 8e7 2 103 - 6.52 463.97 11893324
aoULAV 8e7 2 103 - 8.44 498.34 11893324
aoD2AG 8e7 2 103 - 15.05 715.55 17488204
aoD2SG 8e7 2 103 - 16.11 804.21 18126964
dry 1e8 5 8 - 2.43 6.30 4327052
aoDLAV 1e8 5 8 - 11.21 2581.87 23065208
aoULAV 1e8 5 8 - 15.94 2577.49 23065204
aoD2AG 1e8 5 8 - 26.10 2887.21 30451820
