dry 1e2 10 212 - 0.02 0.11 26004
aoDLAV 1e2 10 212 - 0.02 0.14 30260
aoULAV 1e2 10 212 - 0.03 0.13 30272
aoD2AG 1e2 10 212 - 0.02 0.14 30444
aoD2SG 1e2 10 212 - 0.02 0.14 30452
moore 1e2 10 212 - 0.02 0.20 30496
nbpm 1e2 10 212 - 0.05 2.11 53076
greedy 1e2 10 212 - 0.01 0.15 30972
dry 32e4 2 180 - 0.03 0.16 36428
aoDLAV 32e4 2 180 - 0.05 1.19 70828
aoULAV 32e4 2 180 - 0.05 1.23 70840
aoD2AG 32e4 2 180 - 0.07 1.69 88248
aoD2SG 32e4 2 180 - 0.08 1.82 91080
dry 300e2 2 74 - 0.02 0.11 27220
aoDLAV 300e2 2 74 - 0.03 0.21 31300
aoULAV 300e2 2 74 - 0.03 0.21 31892
aoD2AG 300e2 2 74 - 0.02 0.24 35056
aoD2SG 300e2 2 74 - 0.03 0.25 34712
dry 1e6 10 161 - 0.07 0.41 112236
aoDLAV 1e6 10 161 - 0.19 367.01 369888
aoULAV 1e6 10 161 - 0.31 363.61 369892
aoD2AG 1e6 10 161 - 0.40 351.27 448020
aoD2SG 1e6 10 161 - 0.42 415.42 456560
dry 1e5 10 179 - 0.03 0.18 38400
aoDLAV 1e5 10 179 - 0.04 19.96 53536
aoULAV 1e5 10 179 - 0.05 20.40 55308
aoD2AG 1e5 10 179 - 0.06 21.07 62656
aoD2SG 1e5 10 179 - 0.05 38.88 66832
dry 1e5 10 8 - 0.04 0.17 38400
aoDLAV 1e5 10 8 - 0.04 20.89 53536
aoULAV 1e5 10 8 - 0.05 20.58 55308
aoD2AG 1e5 10 8 - 0.04 21.26 62728
aoD2SG 1e5 10 8 - 0.05 23.97 66832
dry 5e4 2 3 - 0.02 0.12 29464
aoDLAV 5e4 2 3 - 0.04 0.26 33008
aoULAV 5e4 2 3 - 0.03 0.27 33312
aoD2AG 5e4 2 3 - 0.03 0.35 36412
aoD2SG 5e4 2 3 - 0.03 0.36 36424
dry 1e2 5 50 - 0.03 0.11 25996
aoDLAV 1e2 5 50 - 0.03 0.14 30216
aoULAV 1e2 5 50 - 0.03 0.14 30224
aoD2AG 1e2 5 50 - 0.02 0.15 30384
aoD2SG 1e2 5 50 - 0.03 0.14 30388
moore 1e2 5 50 - 0.04 0.23 30496
nbpm 1e2 5 50 - 0.07 2.26 53016
greedy 1e2 5 50 - 0.03 0.15 30920
dry 1e3 5 91 - 0.02 0.13 26056
aoDLAV 1e3 5 91 - 0.03 0.14 30428
aoULAV 1e3 5 91 - 0.03 0.15 30436
aoD2AG 1e3 5 91 - 0.03 0.15 30744
aoD2SG 1e3 5 91 - 0.03 0.15 30772
moore 1e3 5 91 - 0.05 1.64 59828
nbpm 1e3 5 91 - 0.11 4.56 129244
greedy 1e3 5 91 - 0.08 1.06 139392
dry 250e2 2 116 - 0.03 0.11 27956
aoDLAV 250e2 2 116 - 0.03 0.20 31108
aoULAV 250e2 2 116 - 0.03 0.20 31212
aoD2AG 250e2 2 116 - 0.04 0.21 33860
aoD2SG 250e2 2 116 - 0.03 0.23 34012
dry 250e2 2 26 - 0.02 0.12 27024
aoDLAV 250e2 2 26 - 0.03 0.20 31108
aoULAV 250e2 2 26 - 0.03 0.20 31212
aoD2AG 250e2 2 26 - 0.03 0.22 33860
aoD2SG 250e2 2 26 - 0.03 0.24 33964
dry 56e3 2 217 - 0.02 0.12 29528
aoDLAV 56e3 2 217 - 0.03 0.28 33484
aoULAV 56e3 2 217 - 0.02 0.31 34696
aoD2AG 56e3 2 217 - 0.04 0.35 37284
aoD2SG 56e3 2 217 - 0.04 0.37 37300
dry 350e2 2 61 - 0.02 0.11 27416
aoDLAV 350e2 2 61 - 0.02 0.23 31480
aoULAV 350e2 2 61 - 0.03 0.22 32260
aoD2AG 350e2 2 61 - 0.04 0.25 34852
aoD2SG 350e2 2 61 - 0.03 0.26 35132
dry 1e2 5 138 - 0.03 0.11 25996
aoDLAV 1e2 5 138 - 0.02 0.14 30212
aoULAV 1e2 5 138 - 0.02 0.14 30224
aoD2AG 1e2 5 138 - 0.03 0.14 30384
aoD2SG 1e2 5 138 - 0.03 0.14 30392
moore 1e2 5 138 - 0.02 0.21 30492
nbpm 1e2 5 138 - 0.08 2.15 53016
greedy 1e2 5 138 - 0.03 0.13 30920
dry 1e2 5 198 - 0.03 0.11 26000
aoDLAV 1e2 5 198 - 0.02 0.14 30212
aoULAV 1e2 5 198 - 0.03 0.13 30224
aoD2AG 1e2 5 198 - 0.03 0.14 30388
aoD2SG 1e2 5 198 - 0.02 0.15 30388
moore 1e2 5 198 - 0.03 0.21 30492
nbpm 1e2 5 198 - 0.07 2.17 53016
greedy 1e2 5 198 - 0.03 0.14 30920
dry 1e6 5 65 - 0.05 0.27 73152
aoDLAV 1e6 5 65 - 0.14 19.33 252688
aoULAV 1e6 5 65 - 0.15 19.40 252692
aoD2AG 1e6 5 65 - 0.37 21.63 324228
aoD2SG 1e6 5 65 - 0.21 25.48 333808
dry 1e5 2 191 - 0.03 0.13 30568
aoDLAV 1e5 2 191 - 0.04 0.45 34800
aoULAV 1e5 2 191 - 0.04 0.46 35320
aoD2AG 1e5 2 191 - 0.04 0.57 42740
aoD2SG 1e5 2 191 - 0.05 0.65 43808
dry 5e4 5 36 - 0.02 0.14 30788
aoDLAV 5e4 5 36 - 0.04 0.75 34704
aoULAV 5e4 5 36 - 0.05 0.80 34704
aoD2AG 5e4 5 36 - 0.04 0.81 37728
aoD2SG 5e4 5 36 - 0.03 0.90 37988
dry 5e4 5 212 - 0.03 0.14 30400
aoDLAV 5e4 5 212 - 0.03 0.74 34704
aoULAV 5e4 5 212 - 0.03 0.73 34708
aoD2AG 5e4 5 212 - 0.03 0.82 37724
aoD2SG 5e4 5 212 - 0.04 0.90 37936
dry 32e4 2 200 - 0.04 0.16 36424
aoDLAV 32e4 2 200 - 0.06 1.26 70828
aoULAV 32e4 2 200 - 0.04 1.29 70840
aoD2AG 32e4 2 200 - 0.07 1.76 89196
aoD2SG 32e4 2 200 - 0.09 2.40 91196
dry 1e2 2 99 - 0.02 0.12 25992
aoDLAV 1e2 2 99 - 0.03 0.14 30168
aoULAV 1e2 2 99 - 0.02 0.15 30184
aoD2AG 1e2 2 99 - 0.02 0.15 30328
aoD2SG 1e2 2 99 - 0.02 0.15 30344
moore 1e2 2 99 - 0.02 0.21 30488
nbpm 1e2 2 99 - 0.08 2.28 53008
greedy 1e2 2 99 - 0.02 0.15 30880
dry 1e2 5 57 - 0.03 0.11 25996
aoDLAV 1e2 5 57 - 0.03 0.14 30212
aoULAV 1e2 5 57 - 0.03 0.14 30228
aoD2AG 1e2 5 57 - 0.03 0.14 30384
aoD2SG 1e2 5 57 - 0.02 0.15 30388
moore 1e2 5 57 - 0.03 0.21 30492
nbpm 1e2 5 57 - 0.08 2.24 53016
greedy 1e2 5 57 - 0.03 0.14 30920
dry 56e4 2 187 - 0.04 0.18 41104
aoDLAV 56e4 2 187 - 0.08 2.40 107984
aoULAV 56e4 2 187 - 0.08 2.12 107984
aoD2AG 56e4 2 187 - 0.10 3.39 138856
aoD2SG 56e4 2 187 - 0.10 3.61 142952
dry 32e1 2 231 - 0.02 0.12 26004
aoDLAV 32e1 2 231 - 0.03 0.14 30196
aoULAV 32e1 2 231 - 0.02 0.14 30212
aoD2AG 32e1 2 231 - 0.03 0.14 30380
aoD2SG 32e1 2 231 - 0.03 0.14 30384
moore 32e1 2 231 - 0.03 0.47 33676
nbpm 32e1 2 231 - 0.06 2.45 58296
greedy 32e1 2 231 - 0.02 0.22 40972
dry 1e6 2 246 - 0.04 0.19 49708
aoDLAV 1e6 2 246 - 0.11 3.91 178456
aoULAV 1e6 2 246 - 0.14 4.02 178456
aoD2AG 1e6 2 246 - 0.16 5.80 233616
aoD2SG 1e6 2 246 - 0.19 6.90 244404
dry 56e3 2 202 - 0.04 0.12 28236
aoDLAV 56e3 2 202 - 0.04 0.29 33476
aoULAV 56e3 2 202 - 0.03 0.30 34696
aoD2AG 56e3 2 202 - 0.04 0.36 37332
aoD2SG 56e3 2 202 - 0.04 0.40 37304
dry 1e6 5 110 - 0.07 0.27 73156
aoDLAV 1e6 5 110 - 0.16 19.96 252688
aoULAV 1e6 5 110 - 0.14 20.82 252688
aoD2AG 1e6 5 110 - 0.25 22.19 323184
aoD2SG 1e6 5 110 - 0.22 25.70 333156
dry 250e2 2 108 - 0.02 0.12 27020
aoDLAV 250e2 2 108 - 0.03 0.21 31112
aoULAV 250e2 2 108 - 0.04 0.22 31212
aoD2AG 250e2 2 108 - 0.03 0.22 33860
aoD2SG 250e2 2 108 - 0.03 0.23 33960
dry 1e5 10 242 - 0.03 0.19 38400
aoDLAV 1e5 10 242 - 0.19 22.18 53536
aoULAV 1e5 10 242 - 0.05 22.26 55308
aoD2AG 1e5 10 242 - 0.04 22.81 62584
aoD2SG 1e5 10 242 - 0.06 25.91 66832
dry 5e4 2 44 - 0.02 0.12 31116
aoDLAV 5e4 2 44 - 0.03 0.25 33008
aoULAV 5e4 2 44 - 0.02 0.26 33312
aoD2AG 5e4 2 44 - 0.04 0.30 36412
aoD2SG 5e4 2 44 - 0.04 0.33 36424
dry 400e2 2 100 - 0.02 0.12 29296
aoDLAV 400e2 2 100 - 0.03 0.23 32236
aoULAV 400e2 2 100 - 0.02 0.23 33112
aoD2AG 400e2 2 100 - 0.03 0.26 36072
aoD2SG 400e2 2 100 - 0.03 0.28 35928
dry 300e2 2 180 - 0.02 0.11 27216
aoDLAV 300e2 2 180 - 0.03 0.21 31296
aoULAV 300e2 2 180 - 0.02 0.22 31892
aoD2AG 300e2 2 180 - 0.03 0.24 35060
aoD2SG 300e2 2 180 - 0.03 0.26 34712
dry 1e2 10 2 - 0.02 0.11 26004
aoDLAV 1e2 10 2 - 0.03 0.14 30264
aoULAV 1e2 10 2 - 0.03 0.14 30272
aoD2AG 1e2 10 2 - 0.02 0.15 30440
aoD2SG 1e2 10 2 - 0.02 0.15 30444
moore 1e2 10 2 - 0.03 0.21 30500
nbpm 1e2 10 2 - 0.07 2.19 53076
greedy 1e2 10 2 - 0.02 0.15 30972
dry 1e6 2 197 - 0.04 0.19 49708
aoDLAV 1e6 2 197 - 0.12 3.48 178456
aoULAV 1e6 2 197 - 0.12 3.71 178456
aoD2AG 1e6 2 197 - 0.20 5.16 234964
aoD2SG 1e6 2 197 - 0.19 5.87 241136
dry 1e3 10 170 - 0.03 0.11 26136
aoDLAV 1e3 10 170 - 0.04 0.15 30652
aoULAV 1e3 10 170 - 0.03 0.16 30668
aoD2AG 1e3 10 170 - 0.03 0.17 31064
aoD2SG 1e3 10 170 - 0.02 0.17 31088
moore 1e3 10 170 - 0.05 4.61 59844
nbpm 1e3 10 170 - 0.11 4.59 136140
greedy 1e3 10 170 - 0.07 1.03 139616
dry 18e1 2 26 - 0.02 0.11 26008
aoDLAV 18e1 2 26 - 0.03 0.14 30184
aoULAV 18e1 2 26 - 0.02 0.15 30196
aoD2AG 18e1 2 26 - 0.03 0.14 30356
aoD2SG 18e1 2 26 - 0.03 0.14 30364
moore 18e1 2 26 - 0.03 0.24 30496
nbpm 18e1 2 26 - 0.07 2.20 54444
greedy 18e1 2 26 - 0.03 0.15 33348
dry 1e2 5 68 - 0.02 0.12 25996
aoDLAV 1e2 5 68 - 0.03 0.14 30216
aoULAV 1e2 5 68 - 0.03 0.14 30228
aoD2AG 1e2 5 68 - 0.03 0.14 30384
aoD2SG 1e2 5 68 - 0.02 0.14 30392
moore 1e2 5 68 - 0.02 0.26 30492
nbpm 1e2 5 68 - 0.07 2.19 53020
greedy 1e2 5 68 - 0.03 0.15 30920
dry 1e3 2 227 - 0.03 0.11 26020
aoDLAV 1e3 2 227 - 0.02 0.15 30280
aoULAV 1e3 2 227 - 0.03 0.14 30292
aoD2AG 1e3 2 227 - 0.02 0.15 30536
aoD2SG 1e3 2 227 - 0.02 0.15 30556
moore 1e3 2 227 - 0.04 4.08 59776
nbpm 1e3 2 227 - 0.12 4.11 138560
greedy 1e3 2 227 - 0.09 0.99 139244
dry 32e1 2 150 - 0.03 0.11 26000
aoDLAV 32e1 2 150 - 0.02 0.15 30196
aoULAV 32e1 2 150 - 0.02 0.14 30212
aoD2AG 32e1 2 150 - 0.03 0.14 30380
aoD2SG 32e1 2 150 - 0.03 0.14 30384
moore 32e1 2 150 - 0.03 0.63 33676
nbpm 32e1 2 150 - 0.07 2.32 58300
greedy 32e1 2 150 - 0.03 0.21 40972
dry 375e2 2 81 - 0.03 0.11 29008
aoDLAV 375e2 2 81 - 0.03 0.23 31784
aoULAV 375e2 2 81 - 0.03 0.24 32604
aoD2AG 375e2 2 81 - 0.02 0.28 35516
aoD2SG 375e2 2 81 - 0.02 0.30 35524
dry 1e1 2 233 - 0.02 0.12 25992
aoDLAV 1e1 2 233 - 0.03 0.14 30164
aoULAV 1e1 2 233 - 0.03 0.14 30172
aoD2AG 1e1 2 233 - 0.02 0.15 30316
aoD2SG 1e1 2 233 - 0.02 0.15 30312
moore 1e1 2 233 - 0.03 0.18 30476
nbpm 1e1 2 233 - 0.07 2.17 49820
greedy 1e1 2 233 - 0.02 0.14 30124
dry 1e2 5 71 - 0.01 0.12 25996
aoDLAV 1e2 5 71 - 0.02 0.15 30212
aoULAV 1e2 5 71 - 0.02 0.14 30224
aoD2AG 1e2 5 71 - 0.02 0.15 30384
aoD2SG 1e2 5 71 - 0.02 0.15 30388
moore 1e2 5 71 - 0.02 0.22 30492
nbpm 1e2 5 71 - 0.08 2.18 53016
greedy 1e2 5 71 - 0.03 0.14 30920
dry 300e2 2 119 - 0.03 0.11 30724
aoDLAV 300e2 2 119 - 0.02 0.22 31296
aoULAV 300e2 2 119 - 0.02 0.23 31892
aoD2AG 300e2 2 119 - 0.03 0.24 35060
aoD2SG 300e2 2 119 - 0.03 0.25 34712
dry 1e3 2 109 - 0.02 0.12 26020
aoDLAV 1e3 2 109 - 0.03 0.14 30280
aoULAV 1e3 2 109 - 0.03 0.14 30292
aoD2AG 1e3 2 109 - 0.03 0.14 30536
aoD2SG 1e3 2 109 - 0.02 0.15 30556
moore 1e3 2 109 - 0.04 4.79 59780
nbpm 1e3 2 109 - 0.12 4.15 138556
greedy 1e3 2 109 - 0.08 1.06 139244
dry 1e6 2 76 - 0.04 0.19 49704
aoDLAV 1e6 2 76 - 0.11 3.48 178456
aoULAV 1e6 2 76 - 0.11 3.65 178456
aoD2AG 1e6 2 76 - 0.15 5.35 233720
aoD2SG 1e6 2 76 - 0.18 6.06 242452
dry 1e5 2 56 - 0.02 0.13 32124
aoDLAV 1e5 2 56 - 0.03 0.44 34800
aoULAV 1e5 2 56 - 0.05 0.44 35320
aoD2AG 1e5 2 56 - 0.04 0.57 42600
aoD2SG 1e5 2 56 - 0.04 0.65 43816
dry 32e3 2 242 - 0.02 0.12 27296
aoDLAV 32e3 2 242 - 0.03 0.22 31436
aoULAV 32e3 2 242 - 0.03 0.23 32144
aoD2AG 32e3 2 242 - 0.03 0.25 35024
aoD2SG 32e3 2 242 - 0.04 0.25 34792
dry 5e4 5 200 - 0.03 0.13 30388
aoDLAV 5e4 5 200 - 0.04 0.76 34704
aoULAV 5e4 5 200 - 0.04 0.77 34704
aoD2AG 5e4 5 200 - 0.03 0.84 37728
aoD2SG 5e4 5 200 - 0.03 0.90 37936
dry 1e2 10 149 - 0.02 0.12 26008
aoDLAV 1e2 10 149 - 0.03 0.14 30264
aoULAV 1e2 10 149 - 0.03 0.14 30272
aoD2AG 1e2 10 149 - 0.03 0.14 30440
aoD2SG 1e2 10 149 - 0.03 0.14 30448
moore 1e2 10 149 - 0.03 0.21 30496
nbpm 1e2 10 149 - 0.06 2.19 53076
greedy 1e2 10 149 - 0.03 0.15 30972
dry 225e2 2 46 - 0.02 0.12 26920
aoDLAV 225e2 2 46 - 0.02 0.20 30980
aoULAV 225e2 2 46 - 0.02 0.20 30992
aoD2AG 225e2 2 46 - 0.03 0.21 33368
aoD2SG 225e2 2 46 - 0.03 0.23 33464
dry 375e2 2 234 - 0.02 0.12 27516
aoDLAV 375e2 2 234 - 0.04 0.22 31788
aoULAV 375e2 2 234 - 0.03 0.23 32608
aoD2AG 375e2 2 234 - 0.02 0.27 35516
aoD2SG 375e2 2 234 - 0.02 0.29 35528
dry 56e1 2 197 - 0.02 0.11 26008
aoDLAV 56e1 2 197 - 0.03 0.14 30220
aoULAV 56e1 2 197 - 0.02 0.14 30236
aoD2AG 56e1 2 197 - 0.02 0.14 30420
aoD2SG 56e1 2 197 - 0.02 0.15 30428
moore 56e1 2 197 - 0.03 1.27 39660
nbpm 56e1 2 197 - 0.12 2.84 78716
greedy 56e1 2 197 - 0.04 0.38 64108
dry 1e2 10 188 - 0.03 0.11 26004
aoDLAV 1e2 10 188 - 0.02 0.15 30260
aoULAV 1e2 10 188 - 0.03 0.14 30272
aoD2AG 1e2 10 188 - 0.03 0.14 30440
aoD2SG 1e2 10 188 - 0.02 0.14 30448
moore 1e2 10 188 - 0.03 0.23 30500
nbpm 1e2 10 188 - 0.09 2.10 53076
greedy 1e2 10 188 - 0.02 0.15 30972
dry 1e2 2 204 - 0.02 0.12 25996
aoDLAV 1e2 2 204 - 0.03 0.14 30168
aoULAV 1e2 2 204 - 0.03 0.14 30180
aoD2AG 1e2 2 204 - 0.03 0.13 30336
aoD2SG 1e2 2 204 - 0.02 0.15 30340
moore 1e2 2 204 - 0.03 0.22 30488
nbpm 1e2 2 204 - 0.08 2.11 53004
greedy 1e2 2 204 - 0.02 0.14 30880
dry 32e4 2 250 - 0.03 0.17 36424
aoDLAV 32e4 2 250 - 0.05 1.27 70832
aoULAV 32e4 2 250 - 0.05 1.27 70840
aoD2AG 32e4 2 250 - 0.08 1.75 88608
aoD2SG 32e4 2 250 - 0.07 1.99 90764
dry 250e2 2 141 - 0.03 0.11 27020
aoDLAV 250e2 2 141 - 0.03 0.19 31108
aoULAV 250e2 2 141 - 0.03 0.20 31212
aoD2AG 250e2 2 141 - 0.03 0.22 33860
aoD2SG 250e2 2 141 - 0.03 0.23 33984
dry 1e2 5 125 - 0.02 0.12 25996
aoDLAV 1e2 5 125 - 0.03 0.14 30212
aoULAV 1e2 5 125 - 0.03 0.14 30224
aoD2AG 1e2 5 125 - 0.03 0.14 30384
aoD2SG 1e2 5 125 - 0.02 0.14 30392
moore 1e2 5 125 - 0.02 0.23 30492
nbpm 1e2 5 125 - 0.08 2.09 53016
greedy 1e2 5 125 - 0.02 0.15 30924
dry 5e4 5 57 - 0.03 0.13 30508
aoDLAV 5e4 5 57 - 0.04 0.69 34704
aoULAV 5e4 5 57 - 0.03 0.71 34708
aoD2AG 5e4 5 57 - 0.03 0.75 37724
aoD2SG 5e4 5 57 - 0.03 0.82 37932
dry 1e3 10 111 - 0.02 0.12 26136
aoDLAV 1e3 10 111 - 0.03 0.15 30652
aoULAV 1e3 10 111 - 0.02 0.16 30664
aoD2AG 1e3 10 111 - 0.03 0.16 31068
aoD2SG 1e3 10 111 - 0.02 0.17 31088
moore 1e3 10 111 - 0.05 2.73 59872
nbpm 1e3 10 111 - 0.13 4.90 136224
greedy 1e3 10 111 - 0.08 1.00 139616
dry 1e6 2 13 - 0.04 0.19 49704
aoDLAV 1e6 2 13 - 0.09 3.61 178456
aoULAV 1e6 2 13 - 0.12 3.77 178456
aoD2AG 1e6 2 13 - 0.16 5.36 233296
aoD2SG 1e6 2 13 - 0.19 6.06 240952
dry 1e2 2 74 - 0.03 0.11 25992
aoDLAV 1e2 2 74 - 0.02 0.14 30168
aoULAV 1e2 2 74 - 0.02 0.15 30180
aoD2AG 1e2 2 74 - 0.03 0.14 30328
aoD2SG 1e2 2 74 - 0.03 0.14 30332
moore 1e2 2 74 - 0.02 0.21 30492
nbpm 1e2 2 74 - 0.07 2.14 53044
greedy 1e2 2 74 - 0.02 0.15 30880
dry 1e3 10 143 - 0.03 0.11 26136
aoDLAV 1e3 10 143 - 0.03 0.15 30652
aoULAV 1e3 10 143 - 0.03 0.16 30668
aoD2AG 1e3 10 143 - 0.03 0.16 31060
aoD2SG 1e3 10 143 - 0.02 0.17 31084
moore 1e3 10 143 - 0.05 4.01 59840
nbpm 1e3 10 143 - 0.13 4.63 136140
greedy 1e3 10 143 - 0.09 1.00 139616
dry 350e2 2 219 - 0.02 0.12 29336
aoDLAV 350e2 2 219 - 0.03 0.23 31484
aoULAV 350e2 2 219 - 0.04 0.22 32260
aoD2AG 350e2 2 219 - 0.03 0.26 34848
aoD2SG 350e2 2 219 - 0.04 0.26 35132
dry 1e1 2 156 - 0.03 0.11 25992
aoDLAV 1e1 2 156 - 0.03 0.14 30160
aoULAV 1e1 2 156 - 0.03 0.14 30172
aoD2AG 1e1 2 156 - 0.03 0.14 30316
aoD2SG 1e1 2 156 - 0.03 0.14 30320
moore 1e1 2 156 - 0.03 0.18 30484
nbpm 1e1 2 156 - 0.07 2.11 49828
greedy 1e1 2 156 - 0.03 0.13 30124
dry 1e3 2 136 - 0.03 0.11 26020
aoDLAV 1e3 2 136 - 0.03 0.14 30284
aoULAV 1e3 2 136 - 0.03 0.14 30296
aoD2AG 1e3 2 136 - 0.03 0.14 30540
aoD2SG 1e3 2 136 - 0.02 0.15 30548
moore 1e3 2 136 - 0.05 3.12 59796
nbpm 1e3 2 136 - 0.13 3.95 138596
greedy 1e3 2 136 - 0.08 0.98 139244
dry 5e4 5 164 - 0.02 0.15 30372
aoDLAV 5e4 5 164 - 0.04 0.82 34704
aoULAV 5e4 5 164 - 0.03 0.82 34704
aoD2AG 5e4 5 164 - 0.04 0.89 37724
aoD2SG 5e4 5 164 - 0.04 0.95 37936
dry 400e2 2 209 - 0.01 0.13 27616
aoDLAV 400e2 2 209 - 0.03 0.27 32236
aoULAV 400e2 2 209 - 0.03 0.25 33116
aoD2AG 400e2 2 209 - 0.03 0.29 36072
aoD2SG 400e2 2 209 - 0.04 0.30 35928
dry 32e1 2 226 - 0.03 0.11 26000
aoDLAV 32e1 2 226 - 0.03 0.14 30196
aoULAV 32e1 2 226 - 0.02 0.15 30212
aoD2AG 32e1 2 226 - 0.03 0.14 30380
aoD2SG 32e1 2 226 - 0.03 0.14 30384
moore 32e1 2 226 - 0.03 0.67 33676
nbpm 32e1 2 226 - 0.08 2.42 58300
greedy 32e1 2 226 - 0.03 0.22 40976
dry 1e5 10 175 - 0.03 0.19 38396
aoDLAV 1e5 10 175 - 0.06 24.60 53536
aoULAV 1e5 10 175 - 0.05 19.00 55312
aoD2AG 1e5 10 175 - 0.04 19.11 62752
aoD2SG 1e5 10 175 - 0.05 21.17 66832
dry 1e3 2 117 - 0.02 0.11 26020
aoDLAV 1e3 2 117 - 0.02 0.15 30284
aoULAV 1e3 2 117 - 0.02 0.14 30296
aoD2AG 1e3 2 117 - 0.03 0.14 30536
aoD2SG 1e3 2 117 - 0.03 0.14 30556
moore 1e3 2 117 - 0.04 5.25 59772
nbpm 1e3 2 117 - 0.12 3.95 138556
greedy 1e3 2 117 - 0.07 0.99 139248
dry 1e2 10 127 - 0.02 0.12 26004
aoDLAV 1e2 10 127 - 0.03 0.14 30264
aoULAV 1e2 10 127 - 0.03 0.14 30276
aoD2AG 1e2 10 127 - 0.03 0.14 30440
aoD2SG 1e2 10 127 - 0.03 0.14 30448
moore 1e2 10 127 - 0.03 0.19 30496
nbpm 1e2 10 127 - 0.08 2.09 53076
greedy 1e2 10 127 - 0.04 0.14 30972
dry 32e1 2 8 - 0.02 0.12 26000
aoDLAV 32e1 2 8 - 0.03 0.14 30200
aoULAV 32e1 2 8 - 0.04 0.13 30208
aoD2AG 32e1 2 8 - 0.02 0.14 30380
aoD2SG 32e1 2 8 - 0.03 0.14 30384
moore 32e1 2 8 - 0.03 0.87 33680
nbpm 32e1 2 8 - 0.09 2.30 58300
greedy 32e1 2 8 - 0.05 0.19 40972
dry 18e1 2 168 - 0.02 0.12 26008
aoDLAV 18e1 2 168 - 0.02 0.14 30188
aoULAV 18e1 2 168 - 0.03 0.14 30200
aoD2AG 18e1 2 168 - 0.03 0.15 30356
aoD2SG 18e1 2 168 - 0.03 0.14 30368
moore 18e1 2 168 - 0.02 0.36 30492
nbpm 18e1 2 168 - 0.08 2.21 54436
greedy 18e1 2 168 - 0.03 0.16 33348
dry 1e5 2 1 - 0.03 0.14 31836
aoDLAV 1e5 2 1 - 0.04 0.46 34804
aoULAV 1e5 2 1 - 0.04 0.46 35320
aoD2AG 1e5 2 1 - 0.04 0.59 42604
aoD2SG 1e5 2 1 - 0.03 0.65 43800
dry 56e1 2 111 - 0.02 0.12 26012
aoDLAV 56e1 2 111 - 0.03 0.14 30220
aoULAV 56e1 2 111 - 0.03 0.14 30232
aoD2AG 56e1 2 111 - 0.03 0.14 30416
aoD2SG 56e1 2 111 - 0.02 0.15 30464
moore 56e1 2 111 - 0.04 1.81 39660
nbpm 56e1 2 111 - 0.08 2.99 78716
greedy 56e1 2 111 - 0.04 0.39 64104
dry 1e3 5 198 - 0.02 0.11 26056
aoDLAV 1e3 5 198 - 0.02 0.14 30424
aoULAV 1e3 5 198 - 0.02 0.14 30440
aoD2AG 1e3 5 198 - 0.02 0.15 30752
aoD2SG 1e3 5 198 - 0.02 0.15 30784
moore 1e3 5 198 - 0.04 4.23 59800
nbpm 1e3 5 198 - 0.13 4.30 129248
greedy 1e3 5 198 - 0.08 1.00 139388
dry 1e5 10 25 - 0.04 0.17 38396
aoDLAV 1e5 10 25 - 0.05 19.74 53540
aoULAV 1e5 10 25 - 0.05 20.65 55312
aoD2AG 1e5 10 25 - 0.06 21.54 62624
aoD2SG 1e5 10 25 - 0.04 24.55 66832
dry 1e3 2 108 - 0.02 0.12 26020
aoDLAV 1e3 2 108 - 0.03 0.14 30280
aoULAV 1e3 2 108 - 0.03 0.14 30292
aoD2AG 1e3 2 108 - 0.03 0.14 30548
aoD2SG 1e3 2 108 - 0.02 0.15 30568
moore 1e3 2 108 - 0.05 4.07 59776
nbpm 1e3 2 108 - 0.12 4.16 138560
greedy 1e3 2 108 - 0.08 1.06 139248
dry 1e3 5 18 - 0.03 0.11 27952
aoDLAV 1e3 5 18 - 0.02 0.15 30424
aoULAV 1e3 5 18 - 0.02 0.15 30440
aoD2AG 1e3 5 18 - 0.03 0.15 30752
aoD2SG 1e3 5 18 - 0.04 0.14 30768
moore 1e3 5 18 - 0.05 3.62 59800
nbpm 1e3 5 18 - 0.13 4.43 129244
greedy 1e3 5 18 - 0.09 1.01 139388
dry 1e3 2 180 - 0.02 0.12 26020
aoDLAV 1e3 2 180 - 0.03 0.14 30284
aoULAV 1e3 2 180 - 0.02 0.14 30296
aoD2AG 1e3 2 180 - 0.03 0.14 30540
aoD2SG 1e3 2 180 - 0.03 0.14 30564
moore 1e3 2 180 - 0.05 7.12 59768
nbpm 1e3 2 180 - 0.14 4.16 138552
greedy 1e3 2 180 - 0.09 1.02 139244
dry 1e6 5 12 - 0.05 0.28 73152
aoDLAV 1e6 5 12 - 0.15 19.45 252692
aoULAV 1e6 5 12 - 0.14 19.71 252692
aoD2AG 1e6 5 12 - 0.21 21.49 323684
aoD2SG 1e6 5 12 - 0.23 25.22 332012
dry 1e3 5 134 - 0.02 0.12 26056
aoDLAV 1e3 5 134 - 0.02 0.15 30424
aoULAV 1e3 5 134 - 0.02 0.15 30440
aoD2AG 1e3 5 134 - 0.02 0.15 30736
aoD2SG 1e3 5 134 - 0.03 0.14 30748
moore 1e3 5 134 - 0.05 7.32 59800
nbpm 1e3 5 134 - 0.12 4.67 129244
greedy 1e3 5 134 - 0.07 1.03 139388
dry 1e1 2 150 - 0.02 0.11 25992
aoDLAV 1e1 2 150 - 0.03 0.14 30160
aoULAV 1e1 2 150 - 0.03 0.14 30176
aoD2AG 1e1 2 150 - 0.02 0.14 30324
aoD2SG 1e1 2 150 - 0.03 0.14 30320
moore 1e1 2 150 - 0.04 0.17 30484
nbpm 1e1 2 150 - 0.07 2.14 49824
greedy 1e1 2 150 - 0.02 0.15 30124
dry 275e2 2 155 - 0.02 0.12 29088
aoDLAV 275e2 2 155 - 0.03 0.21 31240
aoULAV 275e2 2 155 - 0.02 0.22 31572
aoD2AG 275e2 2 155 - 0.03 0.23 34696
aoD2SG 275e2 2 155 - 0.02 0.25 34816
dry 1e5 10 239 - 0.03 0.18 38396
aoDLAV 1e5 10 239 - 0.05 21.82 53540
aoULAV 1e5 10 239 - 0.05 21.32 55312
aoD2AG 1e5 10 239 - 0.06 21.72 62620
aoD2SG 1e5 10 239 - 0.05 26.01 66832
dry 1e1 2 96 - 0.01 0.12 25992
aoDLAV 1e1 2 96 - 0.02 0.14 30164
aoULAV 1e1 2 96 - 0.02 0.14 30172
aoD2AG 1e1 2 96 - 0.03 0.14 30320
aoD2SG 1e1 2 96 - 0.03 0.14 30324
moore 1e1 2 96 - 0.03 0.18 30476
nbpm 1e1 2 96 - 0.08 2.14 49816
greedy 1e1 2 96 - 0.03 0.14 30128
dry 18e1 2 213 - 0.02 0.12 26004
aoDLAV 18e1 2 213 - 0.02 0.15 30184
aoULAV 18e1 2 213 - 0.03 0.14 30196
aoD2AG 18e1 2 213 - 0.03 0.14 30356
aoD2SG 18e1 2 213 - 0.02 0.15 30364
moore 18e1 2 213 - 0.03 0.32 30492
nbpm 18e1 2 213 - 0.08 2.18 54432
greedy 18e1 2 213 - 0.03 0.16 33352
dry 375e2 2 60 - 0.03 0.12 27516
aoDLAV 375e2 2 60 - 0.04 0.23 31784
aoULAV 375e2 2 60 - 0.03 0.24 32604
aoD2AG 375e2 2 60 - 0.04 0.28 35516
aoD2SG 375e2 2 60 - 0.03 0.29 35524
dry 1e3 10 62 - 0.02 0.12 26136
aoDLAV 1e3 10 62 - 0.03 0.16 30652
aoULAV 1e3 10 62 - 0.02 0.16 30664
aoD2AG 1e3 10 62 - 0.03 0.16 31060
aoD2SG 1e3 10 62 - 0.03 0.17 31084
moore 1e3 10 62 - 0.04 5.61 59844
nbpm 1e3 10 62 - 0.11 4.83 136144
greedy 1e3 10 62 - 0.08 1.06 139620
dry 225e2 2 62 - 0.02 0.12 26924
aoDLAV 225e2 2 62 - 0.03 0.19 30980
aoULAV 225e2 2 62 - 0.03 0.19 30992
aoD2AG 225e2 2 62 - 0.03 0.22 33372
aoD2SG 225e2 2 62 - 0.02 0.23 33464
dry 32e4 2 168 - 0.03 0.17 36428
aoDLAV 32e4 2 168 - 0.06 1.25 70832
aoULAV 32e4 2 168 - 0.07 1.30 70840
aoD2AG 32e4 2 168 - 0.07 1.79 88740
aoD2SG 32e4 2 168 - 0.05 1.97 90864
dry 1e1 2 191 - 0.03 0.11 25992
aoDLAV 1e1 2 191 - 0.02 0.14 30164
aoULAV 1e1 2 191 - 0.03 0.14 30172
aoD2AG 1e1 2 191 - 0.03 0.14 30316
aoD2SG 1e1 2 191 - 0.02 0.14 30324
moore 1e1 2 191 - 0.03 0.18 30484
nbpm 1e1 2 191 - 0.07 2.16 49824
greedy 1e1 2 191 - 0.03 0.14 30124
dry 56e1 2 13 - 0.01 0.12 26012
aoDLAV 56e1 2 13 - 0.02 0.15 30220
aoULAV 56e1 2 13 - 0.03 0.14 30232
aoD2AG 56e1 2 13 - 0.03 0.14 30416
aoD2SG 56e1 2 13 - 0.03 0.14 30424
moore 56e1 2 13 - 0.04 1.49 39652
nbpm 56e1 2 13 - 0.09 2.99 78708
greedy 56e1 2 13 - 0.05 0.39 64104
dry 56e1 2 137 - 0.02 0.12 26008
aoDLAV 56e1 2 137 - 0.03 0.14 30220
aoULAV 56e1 2 137 - 0.02 0.14 30232
aoD2AG 56e1 2 137 - 0.02 0.15 30416
aoD2SG 56e1 2 137 - 0.03 0.14 30424
moore 56e1 2 137 - 0.04 0.79 39688
nbpm 56e1 2 137 - 0.10 2.89 78712
greedy 56e1 2 137 - 0.05 0.37 64104
dry 275e2 2 80 - 0.03 0.11 30676
aoDLAV 275e2 2 80 - 0.03 0.19 31256
aoULAV 275e2 2 80 - 0.03 0.20 31568
aoD2AG 275e2 2 80 - 0.03 0.22 34696
aoD2SG 275e2 2 80 - 0.03 0.23 34812
dry 5e4 2 22 - 0.03 0.11 28004
aoDLAV 5e4 2 22 - 0.02 0.27 33008
aoULAV 5e4 2 22 - 0.03 0.26 33312
aoD2AG 5e4 2 22 - 0.03 0.32 36408
aoD2SG 5e4 2 22 - 0.03 0.35 36424
dry 32e3 2 212 - 0.02 0.12 27296
aoDLAV 32e3 2 212 - 0.03 0.21 31436
aoULAV 32e3 2 212 - 0.03 0.21 32144
aoD2AG 32e3 2 212 - 0.03 0.24 35024
aoD2SG 32e3 2 212 - 0.03 0.25 34792
dry 1e2 5 48 - 0.02 0.11 25996
aoDLAV 1e2 5 48 - 0.02 0.14 30212
aoULAV 1e2 5 48 - 0.02 0.14 30224
aoD2AG 1e2 5 48 - 0.02 0.14 30384
aoD2SG 1e2 5 48 - 0.03 0.13 30392
moore 1e2 5 48 - 0.03 0.19 30492
nbpm 1e2 5 48 - 0.07 2.11 53016
greedy 1e2 5 48 - 0.02 0.16 30920
dry 1e3 5 160 - 0.03 0.11 26056
aoDLAV 1e3 5 160 - 0.02 0.15 30424
aoULAV 1e3 5 160 - 0.03 0.14 30440
aoD2AG 1e3 5 160 - 0.02 0.15 30788
aoD2SG 1e3 5 160 - 0.03 0.14 30768
moore 1e3 5 160 - 0.04 1.97 59828
nbpm 1e3 5 160 - 0.13 4.37 129248
greedy 1e3 5 160 - 0.09 1.14 139392
dry 32e4 2 71 - 0.03 0.16 36424
aoDLAV 32e4 2 71 - 0.06 1.19 70828
aoULAV 32e4 2 71 - 0.06 1.30 70840
aoD2AG 32e4 2 71 - 0.07 1.74 88564
aoD2SG 32e4 2 71 - 0.07 1.85 91040
dry 18e1 2 150 - 0.02 0.11 26008
aoDLAV 18e1 2 150 - 0.03 0.14 30184
aoULAV 18e1 2 150 - 0.03 0.14 30196
aoD2AG 18e1 2 150 - 0.03 0.14 30360
aoD2SG 18e1 2 150 - 0.03 0.14 30364
moore 18e1 2 150 - 0.02 0.26 30492
nbpm 18e1 2 150 - 0.08 2.14 54436
greedy 18e1 2 150 - 0.03 0.15 33352
dry 1e6 10 57 - 0.07 0.40 112232
aoDLAV 1e6 10 57 - 0.21 382.84 369884
aoULAV 1e6 10 57 - 0.29 524.15 369892
aoD2AG 1e6 10 57 - 0.40 386.40 447956
aoD2SG 1e6 10 57 - 0.41 447.68 456492
dry 1e3 5 13 - 0.02 0.11 27956
aoDLAV 1e3 5 13 - 0.02 0.15 30428
aoULAV 1e3 5 13 - 0.02 0.15 30436
aoD2AG 1e3 5 13 - 0.03 0.14 30756
aoD2SG 1e3 5 13 - 0.03 0.14 30776
moore 1e3 5 13 - 0.04 6.65 59800
nbpm 1e3 5 13 - 0.10 4.47 129244
greedy 1e3 5 13 - 0.09 1.02 139388
dry 1e2 10 33 - 0.02 0.12 26004
aoDLAV 1e2 10 33 - 0.03 0.14 30260
aoULAV 1e2 10 33 - 0.02 0.14 30272
aoD2AG 1e2 10 33 - 0.02 0.15 30440
aoD2SG 1e2 10 33 - 0.03 0.14 30448
moore 1e2 10 33 - 0.03 0.20 30496
nbpm 1e2 10 33 - 0.07 2.17 53076
greedy 1e2 10 33 - 0.03 0.15 30976
dry 1e5 10 3 - 0.03 0.18 38396
aoDLAV 1e5 10 3 - 0.04 21.36 53536
aoULAV 1e5 10 3 - 0.05 20.88 55312
aoD2AG 1e5 10 3 - 0.06 20.95 62672
aoD2SG 1e5 10 3 - 0.06 24.34 66832
dry 1e6 5 49 - 0.05 0.27 73152
aoDLAV 1e6 5 49 - 0.14 18.88 252688
aoULAV 1e6 5 49 - 0.14 18.98 252740
aoD2AG 1e6 5 49 - 0.22 20.80 324588
aoD2SG 1e6 5 49 - 0.23 24.65 332628
dry 18e4 2 119 - 0.03 0.13 33108
aoDLAV 18e4 2 119 - 0.04 0.77 47860
aoULAV 18e4 2 119 - 0.06 0.75 47864
aoD2AG 18e4 2 119 - 0.07 0.99 58644
aoD2SG 18e4 2 119 - 0.07 1.08 59836
dry 18e4 2 41 - 0.03 0.13 33104
aoDLAV 18e4 2 41 - 0.04 0.77 47860
aoULAV 18e4 2 41 - 0.05 0.76 47860
aoD2AG 18e4 2 41 - 0.05 0.97 58884
aoD2SG 18e4 2 41 - 0.05 1.07 59996
dry 275e2 2 56 - 0.02 0.12 27120
aoDLAV 275e2 2 56 - 0.03 0.21 31240
aoULAV 275e2 2 56 - 0.03 0.20 31568
aoD2AG 275e2 2 56 - 0.02 0.23 34696
aoD2SG 275e2 2 56 - 0.04 0.24 34816
dry 1e6 2 146 - 0.04 0.20 49704
aoDLAV 1e6 2 146 - 0.12 3.68 178456
aoULAV 1e6 2 146 - 0.13 3.78 178456
aoD2AG 1e6 2 146 - 0.15 5.30 234144
aoD2SG 1e6 2 146 - 0.18 6.07 242176
dry 1e6 5 5 - 0.05 0.26 73152
aoDLAV 1e6 5 5 - 0.15 18.70 252688
aoULAV 1e6 5 5 - 0.15 18.93 252688
aoD2AG 1e6 5 5 - 0.20 20.87 323132
aoD2SG 1e6 5 5 - 0.21 25.41 333104
dry 18e1 2 219 - 0.03 0.11 26004
aoDLAV 18e1 2 219 - 0.03 0.14 30188
aoULAV 18e1 2 219 - 0.03 0.14 30200
aoD2AG 18e1 2 219 - 0.02 0.15 30356
aoD2SG 18e1 2 219 - 0.03 0.14 30364
moore 18e1 2 219 - 0.02 0.32 30496
nbpm 18e1 2 219 - 0.08 2.16 54444
greedy 18e1 2 219 - 0.03 0.15 33348
dry 56e4 2 231 - 0.04 0.18 41104
aoDLAV 56e4 2 231 - 0.06 2.10 107988
aoULAV 56e4 2 231 - 0.07 2.19 107984
aoD2AG 56e4 2 231 - 0.12 3.12 139580
aoD2SG 56e4 2 231 - 0.14 3.58 142980
dry 1e5 2 234 - 0.03 0.13 30956
aoDLAV 1e5 2 234 - 0.04 0.45 34804
aoULAV 1e5 2 234 - 0.04 0.45 35320
aoD2AG 1e5 2 234 - 0.05 0.57 42604
aoD2SG 1e5 2 234 - 0.04 0.65 43804
dry 300e2 2 232 - 0.03 0.11 27216
aoDLAV 300e2 2 232 - 0.03 0.21 31296
aoULAV 300e2 2 232 - 0.03 0.22 31892
aoD2AG 300e2 2 232 - 0.03 0.25 35060
aoD2SG 300e2 2 232 - 0.04 0.25 34716
dry 32e1 2 45 - 0.02 0.12 26004
aoDLAV 32e1 2 45 - 0.04 0.13 30196
aoULAV 32e1 2 45 - 0.03 0.14 30212
aoD2AG 32e1 2 45 - 0.03 0.14 30376
aoD2SG 32e1 2 45 - 0.04 0.13 30384
moore 32e1 2 45 - 0.04 0.27 33676
nbpm 32e1 2 45 - 0.08 2.39 58300
greedy 32e1 2 45 - 0.03 0.21 41028
dry 1e5 5 148 - 0.03 0.13 34480
aoDLAV 1e5 5 148 - 0.04 1.64 41816
aoULAV 1e5 5 148 - 0.04 1.65 43568
aoD2AG 1e5 5 148 - 0.06 1.78 53564
aoD2SG 1e5 5 148 - 0.05 1.99 53504
dry 1e5 2 108 - 0.03 0.13 31384
aoDLAV 1e5 2 108 - 0.04 0.45 34804
aoULAV 1e5 2 108 - 0.03 0.45 35324
aoD2AG 1e5 2 108 - 0.04 0.58 42604
aoD2SG 1e5 2 108 - 0.04 0.68 43800
dry 1e2 10 166 - 0.02 0.12 26008
aoDLAV 1e2 10 166 - 0.02 0.15 30264
aoULAV 1e2 10 166 - 0.02 0.15 30276
aoD2AG 1e2 10 166 - 0.03 0.14 30440
aoD2SG 1e2 10 166 - 0.02 0.14 30448
moore 1e2 10 166 - 0.02 0.21 30496
nbpm 1e2 10 166 - 0.08 2.15 53076
greedy 1e2 10 166 - 0.03 0.14 30972
dry 325e2 2 57 - 0.02 0.11 27316
aoDLAV 325e2 2 57 - 0.03 0.22 31372
aoULAV 325e2 2 57 - 0.02 0.23 32088
aoD2AG 325e2 2 57 - 0.04 0.25 35004
aoD2SG 325e2 2 57 - 0.04 0.26 34760
dry 32e1 2 229 - 0.02 0.12 26000
aoDLAV 32e1 2 229 - 0.02 0.14 30196
aoULAV 32e1 2 229 - 0.03 0.14 30208
aoD2AG 32e1 2 229 - 0.02 0.15 30376
aoD2SG 32e1 2 229 - 0.03 0.14 30384
moore 32e1 2 229 - 0.03 0.56 33732
nbpm 32e1 2 229 - 0.08 2.40 58308
greedy 32e1 2 229 - 0.03 0.21 41016
dry 300e2 2 23 - 0.02 0.12 27216
aoDLAV 300e2 2 23 - 0.02 0.22 31296
aoULAV 300e2 2 23 - 0.02 0.22 31892
aoD2AG 300e2 2 23 - 0.03 0.25 35060
aoD2SG 300e2 2 23 - 0.03 0.26 34716
dry 225e2 2 160 - 0.02 0.12 26920
aoDLAV 225e2 2 160 - 0.03 0.20 30980
aoULAV 225e2 2 160 - 0.03 0.20 30992
aoD2AG 225e2 2 160 - 0.03 0.21 33408
aoD2SG 225e2 2 160 - 0.03 0.22 33464
dry 18e1 2 51 - 0.03 0.11 26004
aoDLAV 18e1 2 51 - 0.03 0.14 30188
aoULAV 18e1 2 51 - 0.02 0.15 30200
aoD2AG 18e1 2 51 - 0.03 0.14 30360
aoD2SG 18e1 2 51 - 0.03 0.14 30364
moore 18e1 2 51 - 0.02 0.39 30492
nbpm 18e1 2 51 - 0.07 2.21 54440
greedy 18e1 2 51 - 0.03 0.15 33348
dry 350e2 2 18 - 0.01 0.13 29300
aoDLAV 350e2 2 18 - 0.03 0.22 31480
aoULAV 350e2 2 18 - 0.04 0.22 32260
aoD2AG 350e2 2 18 - 0.03 0.26 34844
aoD2SG 350e2 2 18 - 0.02 0.29 35132
dry 350e2 2 153 - 0.02 0.12 29256
aoDLAV 350e2 2 153 - 0.03 0.23 31480
aoULAV 350e2 2 153 - 0.02 0.24 32260
aoD2AG 350e2 2 153 - 0.03 0.27 34852
aoD2SG 350e2 2 153 - 0.03 0.28 35128
dry 1e2 10 169 - 0.03 0.11 26004
aoDLAV 1e2 10 169 - 0.03 0.14 30260
aoULAV 1e2 10 169 - 0.02 0.15 30276
aoD2AG 1e2 10 169 - 0.03 0.14 30440
aoD2SG 1e2 10 169 - 0.03 0.14 30448
moore 1e2 10 169 - 0.03 0.20 30496
nbpm 1e2 10 169 - 0.07 2.19 53076
greedy 1e2 10 169 - 0.02 0.15 30976
dry 5e4 2 33 - 0.02 0.12 28000
aoDLAV 5e4 2 33 - 0.03 0.27 33008
aoULAV 5e4 2 33 - 0.04 0.26 33312
aoD2AG 5e4 2 33 - 0.04 0.32 36408
aoD2SG 5e4 2 33 - 0.04 0.33 36452
dry 32e1 2 76 - 0.02 0.11 26000
aoDLAV 32e1 2 76 - 0.03 0.14 30196
aoULAV 32e1 2 76 - 0.03 0.14 30212
aoD2AG 32e1 2 76 - 0.02 0.15 30380
aoD2SG 32e1 2 76 - 0.03 0.14 30384
moore 32e1 2 76 - 0.03 0.54 33688
nbpm 32e1 2 76 - 0.08 2.40 58308
greedy 32e1 2 76 - 0.03 0.22 40972
dry 56e3 2 183 - 0.03 0.12 29872
aoDLAV 56e3 2 183 - 0.03 0.29 33476
aoULAV 56e3 2 183 - 0.03 0.30 34696
aoD2AG 56e3 2 183 - 0.02 0.38 37288
aoD2SG 56e3 2 183 - 0.04 0.39 37304
dry 5e4 10 176 - 0.03 0.13 33888
aoDLAV 5e4 10 176 - 0.04 8.33 40220
aoULAV 5e4 10 176 - 0.04 8.34 40204
aoD2AG 5e4 10 176 - 0.11 9.06 44980
aoD2SG 5e4 10 176 - 0.10 9.12 44996
dry 5e4 10 134 - 0.03 0.14 33888
aoDLAV 5e4 10 134 - 0.05 9.17 40204
aoULAV 5e4 10 134 - 0.05 8.29 40204
aoD2AG 5e4 10 134 - 0.08 8.40 44984
aoD2SG 5e4 10 134 - 0.07 9.22 45008
dry 1e2 5 146 - 0.02 0.12 26000
aoDLAV 1e2 5 146 - 0.03 0.14 30212
aoULAV 1e2 5 146 - 0.03 0.14 30272
aoD2AG 1e2 5 146 - 0.02 0.15 30388
aoD2SG 1e2 5 146 - 0.03 0.14 30388
moore 1e2 5 146 - 0.04 0.26 30492
nbpm 1e2 5 146 - 0.07 2.22 53016
greedy 1e2 5 146 - 0.02 0.15 30924
dry 250e2 2 17 - 0.03 0.11 27024
aoDLAV 250e2 2 17 - 0.03 0.19 31108
aoULAV 250e2 2 17 - 0.02 0.21 31212
aoD2AG 250e2 2 17 - 0.03 0.22 33860
aoD2SG 250e2 2 17 - 0.03 0.24 33964
dry 350e2 2 168 - 0.02 0.12 29440
aoDLAV 350e2 2 168 - 0.03 0.24 31480
aoULAV 350e2 2 168 - 0.03 0.23 32264
aoD2AG 350e2 2 168 - 0.02 0.27 34852
aoD2SG 350e2 2 168 - 0.02 0.29 35136
dry 18e4 2 2 - 0.03 0.13 33104
aoDLAV 18e4 2 2 - 0.05 0.80 47860
aoULAV 18e4 2 2 - 0.05 0.80 47864
aoD2AG 18e4 2 2 - 0.05 1.06 58644
aoD2SG 18e4 2 2 - 0.05 1.17 60216
dry 1e3 5 241 - 0.02 0.12 26060
aoDLAV 1e3 5 241 - 0.03 0.14 30424
aoULAV 1e3 5 241 - 0.03 0.14 30436
aoD2AG 1e3 5 241 - 0.02 0.16 30760
aoD2SG 1e3 5 241 - 0.03 0.15 30764
moore 1e3 5 241 - 0.05 7.07 59804
nbpm 1e3 5 241 - 0.14 4.54 129244
greedy 1e3 5 241 - 0.08 1.09 139392
dry 56e4 2 72 - 0.04 0.18 41104
aoDLAV 56e4 2 72 - 0.07 2.20 107988
aoULAV 56e4 2 72 - 0.09 2.26 107984
aoD2AG 56e4 2 72 - 0.13 3.21 138792
aoD2SG 56e4 2 72 - 0.15 3.57 143460
dry 375e2 2 187 - 0.02 0.12 27516
aoDLAV 375e2 2 187 - 0.04 0.23 31784
aoULAV 375e2 2 187 - 0.03 0.24 32608
aoD2AG 375e2 2 187 - 0.03 0.28 35516
aoD2SG 375e2 2 187 - 0.03 0.29 35524
dry 400e2 2 240 - 0.03 0.11 29196
aoDLAV 400e2 2 240 - 0.03 0.24 32260
aoULAV 400e2 2 240 - 0.02 0.25 33116
aoD2AG 400e2 2 240 - 0.04 0.28 36076
aoD2SG 400e2 2 240 - 0.03 0.30 35928
dry 5e4 2 193 - 0.02 0.12 29280
aoDLAV 5e4 2 193 - 0.02 0.29 33012
aoULAV 5e4 2 193 - 0.03 0.28 33312
aoD2AG 5e4 2 193 - 0.03 0.34 36412
aoD2SG 5e4 2 193 - 0.03 0.36 36428
dry 325e2 2 175 - 0.02 0.12 29276
aoDLAV 325e2 2 175 - 0.02 0.22 31372
aoULAV 325e2 2 175 - 0.02 0.23 32088
aoD2AG 325e2 2 175 - 0.03 0.25 35008
aoD2SG 325e2 2 175 - 0.04 0.26 34764
dry 325e2 2 185 - 0.02 0.12 27316
aoDLAV 325e2 2 185 - 0.02 0.22 31372
aoULAV 325e2 2 185 - 0.03 0.22 32088
aoD2AG 325e2 2 185 - 0.04 0.24 35004
aoD2SG 325e2 2 185 - 0.03 0.26 34760
dry 325e2 2 80 - 0.02 0.12 27316
aoDLAV 325e2 2 80 - 0.02 0.22 31372
aoULAV 325e2 2 80 - 0.03 0.22 32088
aoD2AG 325e2 2 80 - 0.03 0.24 35004
aoD2SG 325e2 2 80 - 0.04 0.25 34764
dry 18e4 2 44 - 0.04 0.13 33116
aoDLAV 18e4 2 44 - 0.04 0.76 47860
aoULAV 18e4 2 44 - 0.04 0.79 47860
aoD2AG 18e4 2 44 - 0.05 1.02 58640
aoD2SG 18e4 2 44 - 0.05 1.11 59836
dry 1e2 2 160 - 0.02 0.11 25992
aoDLAV 1e2 2 160 - 0.02 0.14 30168
aoULAV 1e2 2 160 - 0.02 0.14 30180
aoD2AG 1e2 2 160 - 0.03 0.14 30336
aoD2SG 1e2 2 160 - 0.03 0.14 30340
moore 1e2 2 160 - 0.03 0.22 30480
nbpm 1e2 2 160 - 0.07 2.16 53000
greedy 1e2 2 160 - 0.02 0.15 30880
dry 1e6 10 96 - 0.07 0.41 112232
aoDLAV 1e6 10 96 - 0.20 385.33 369888
aoULAV 1e6 10 96 - 0.32 362.36 369892
aoD2AG 1e6 10 96 - 0.40 351.73 447168
aoD2SG 1e6 10 96 - 0.43 408.21 457600
dry 275e2 2 5 - 0.03 0.12 27952
aoDLAV 275e2 2 5 - 0.03 0.20 31240
aoULAV 275e2 2 5 - 0.04 0.20 31568
aoD2AG 275e2 2 5 - 0.04 0.22 34696
aoD2SG 275e2 2 5 - 0.03 0.24 34816
dry 1e6 10 221 - 0.09 0.38 112232
aoDLAV 1e6 10 221 - 0.23 382.31 369884
aoULAV 1e6 10 221 - 0.29 383.89 369884
aoD2AG 1e6 10 221 - 0.39 380.74 448000
aoD2SG 1e6 10 221 - 0.43 449.28 458736
dry 5e4 2 111 - 0.02 0.12 29924
aoDLAV 5e4 2 111 - 0.03 0.26 33008
aoULAV 5e4 2 111 - 0.03 0.27 33312
aoD2AG 5e4 2 111 - 0.03 0.33 36412
aoD2SG 5e4 2 111 - 0.03 0.34 36420
dry 250e2 2 73 - 0.03 0.11 27020
aoDLAV 250e2 2 73 - 0.02 0.20 31108
aoULAV 250e2 2 73 - 0.03 0.21 31212
aoD2AG 250e2 2 73 - 0.03 0.21 33864
aoD2SG 250e2 2 73 - 0.04 0.22 33968
dry 1e6 10 187 - 0.07 0.39 112232
aoDLAV 1e6 10 187 - 0.21 466.71 369892
aoULAV 1e6 10 187 - 0.31 343.58 369888
aoD2AG 1e6 10 187 - 0.38 445.67 447696
aoD2SG 1e6 10 187 - 0.40 385.69 458432
