dry 7e7 2 47 - 0.79 2.21 1397356
aoDLAV 7e7 2 47 - 6.89 431.78 10408940
aoULAV 7e7 2 47 - 7.16 457.31 10408996
aoD2AG 7e7 2 47 - 13.13 644.24 15307804
aoD2SG 7e7 2 47 - 14.69 958.63 15868120
dry 18e6 2 229 - 0.23 0.70 381740
aoDLAV 18e6 2 229 - 1.49 92.09 2690192
aoULAV 18e6 2 229 - 1.54 99.02 2690196
aoD2AG 18e6 2 229 - 3.78 151.51 3951072
aoD2SG 18e6 2 229 - 3.44 174.77 4095272
dry 75e2 2 79 - 0.02 0.12 26328
aoDLAV 75e2 2 79 - 0.03 0.16 31416
aoULAV 75e2 2 79 - 0.03 0.15 31392
aoD2AG 75e2 2 79 - 0.03 0.17 31380
aoD2SG 75e2 2 79 - 0.03 0.18 31380
moore 75e2 2 79 - 1.03 435.09 1688792
nbpm 75e2 2 79 - 4.14 157.43 4242132
greedy 75e2 2 79 - 3.91 153.81 6183096
dry 32e2 2 130 - 0.03 0.12 26112
aoDLAV 32e2 2 130 - 0.03 0.15 30540
aoULAV 32e2 2 130 - 0.03 0.15 30548
aoD2AG 32e2 2 130 - 0.03 0.15 31208
aoD2SG 32e2 2 130 - 0.04 0.15 31260
moore 32e2 2 130 - 0.19 48.50 330512
nbpm 32e2 2 130 - 0.89 20.06 854752
greedy 32e2 2 130 - 0.78 21.99 1150164
dry 32e2 2 226 - 0.03 0.12 26112
aoDLAV 32e2 2 226 - 0.03 0.15 30572
aoULAV 32e2 2 226 - 0.03 0.15 30548
aoD2AG 32e2 2 226 - 0.03 0.15 31220
aoD2SG 32e2 2 226 - 0.02 0.16 31280
moore 32e2 2 226 - 0.19 45.62 330520
nbpm 32e2 2 226 - 0.87 22.89 854760
greedy 32e2 2 226 - 0.64 20.98 1150164
dry 25e2 2 172 - 0.02 0.12 28120
aoDLAV 25e2 2 172 - 0.04 0.14 30452
aoULAV 25e2 2 172 - 0.02 0.15 30464
aoD2AG 25e2 2 172 - 0.04 0.14 30980
aoD2SG 25e2 2 172 - 0.02 0.15 31028
moore 25e2 2 172 - 0.09 31.08 213604
nbpm 25e2 2 172 - 0.59 12.68 541648
greedy 25e2 2 172 - 0.51 11.07 713664
dry 6e7 2 190 - 0.77 1.87 1202048
aoDLAV 6e7 2 190 - 5.06 354.69 8924560
aoULAV 6e7 2 190 - 6.47 383.44 8924560
aoD2AG 6e7 2 190 - 11.71 548.22 13117876
aoD2SG 6e7 2 190 - 12.51 632.51 13600432
dry 6e7 2 70 - 0.69 1.93 1202048
aoDLAV 6e7 2 70 - 5.03 433.75 8924560
aoULAV 6e7 2 70 - 6.33 391.84 8924560
aoD2AG 6e7 2 70 - 11.71 569.34 13119308
aoD2SG 6e7 2 70 - 12.83 630.01 13597780
dry 2e7 2 219 - 0.25 0.73 420800
aoDLAV 2e7 2 219 - 1.69 105.51 2987068
aoULAV 2e7 2 219 - 1.72 112.07 2987068
aoD2AG 2e7 2 219 - 3.50 161.41 4385712
aoD2SG 2e7 2 219 - 4.16 188.03 4546212
dry 50e2 2 219 - 0.02 0.12 26208
aoDLAV 50e2 2 219 - 0.03 0.15 30848
aoULAV 50e2 2 219 - 0.03 0.14 30860
aoD2AG 50e2 2 219 - 0.03 0.15 31784
aoD2SG 50e2 2 219 - 0.02 0.17 31868
moore 50e2 2 219 - 0.30 107.86 762972
nbpm 50e2 2 219 - 1.99 56.69 2011916
greedy 50e2 2 219 - 1.65 63.37 2764780
dry 7e7 2 169 - 0.82 2.26 1397356
aoDLAV 7e7 2 169 - 5.85 434.36 10408936
aoULAV 7e7 2 169 - 7.72 453.49 10408940
aoD2AG 7e7 2 169 - 13.48 652.69 15304084
aoD2SG 7e7 2 169 - 14.19 774.68 15862400
dry 3e7 2 199 - 0.35 1.05 616104
aoDLAV 3e7 2 199 - 2.59 167.82 4471428
aoULAV 3e7 2 199 - 3.28 182.88 4471428
aoD2AG 3e7 2 199 - 5.93 259.65 6570404
aoD2SG 3e7 2 199 - 5.91 301.72 6809296
dry 56e6 2 103 - 0.65 1.77 1123924
aoDLAV 56e6 2 103 - 4.65 335.77 8330816
aoULAV 56e6 2 103 - 6.14 465.48 8330816
aoD2AG 56e6 2 103 - 11.27 513.00 12247716
aoD2SG 56e6 2 103 - 11.29 591.57 12692764
dry 18e2 2 130 - 0.03 0.12 26048
aoDLAV 18e2 2 130 - 0.03 0.15 30372
aoULAV 18e2 2 130 - 0.04 0.14 30388
aoD2AG 18e2 2 130 - 0.04 0.15 30788
aoD2SG 18e2 2 130 - 0.03 0.16 30824
moore 18e2 2 130 - 0.07 16.72 125408
nbpm 18e2 2 130 - 0.17 7.32 334528
greedy 18e2 2 130 - 0.21 3.80 384352
dry 32e6 2 190 - 0.40 1.10 655176
aoDLAV 32e6 2 190 - 2.67 180.80 4768328
aoULAV 32e6 2 190 - 3.77 191.84 4768324
aoD2AG 32e6 2 190 - 5.68 268.41 7008464
aoD2SG 32e6 2 190 - 6.80 316.99 7262200
dry 50e2 2 201 - 0.03 0.12 26204
aoDLAV 50e2 2 201 - 0.04 0.16 30852
aoULAV 50e2 2 201 - 0.04 0.16 30864
aoD2AG 50e2 2 201 - 0.04 0.16 31788
aoD2SG 50e2 2 201 - 0.03 0.18 31868
moore 50e2 2 201 - 0.57 168.17 764628
nbpm 50e2 2 201 - 1.99 56.20 2011928
greedy 50e2 2 201 - 1.70 60.96 2764780
dry 1e4 2 190 - 0.02 0.13 26436
aoDLAV 1e4 2 190 - 0.04 0.18 31864
aoULAV 1e4 2 190 - 0.03 0.18 31876
aoD2AG 1e4 2 190 - 0.04 0.19 31880
aoD2SG 1e4 2 190 - 0.04 0.20 31992
moore 1e4 2 190 - 1.14 1104.46 2960580
nbpm 1e4 2 190 - 7.49 373.94 7889420
greedy 1e4 2 190 - 6.06 283.11 10968572
dry 32e6 2 14 - 0.38 1.10 655180
aoDLAV 32e6 2 14 - 2.72 179.62 4768324
aoULAV 32e6 2 14 - 3.61 187.35 4768328
aoD2AG 32e6 2 14 - 6.18 270.83 7008108
aoD2SG 32e6 2 14 - 6.67 329.15 7263616
dry 18e2 2 211 - 0.02 0.12 26048
aoDLAV 18e2 2 211 - 0.02 0.15 30372
aoULAV 18e2 2 211 - 0.02 0.15 30388
aoD2AG 18e2 2 211 - 0.03 0.15 30776
aoD2SG 18e2 2 211 - 0.04 0.14 30820
moore 18e2 2 211 - 0.06 19.89 125412
nbpm 18e2 2 211 - 0.21 7.77 334528
greedy 18e2 2 211 - 0.26 4.59 384352
dry 1e4 2 70 - 0.03 0.12 26432
aoDLAV 1e4 2 70 - 0.03 0.18 31864
aoULAV 1e4 2 70 - 0.03 0.17 31884
aoD2AG 1e4 2 70 - 0.03 0.18 31880
aoD2SG 1e4 2 70 - 0.03 0.18 31988
moore 1e4 2 70 - 1.15 1046.90 2960580
nbpm 1e4 2 70 - 7.82 352.64 7889424
greedy 1e4 2 70 - 7.40 288.17 10968568
dry 1e4 10 37 - 0.03 0.12 29440
aoDLAV 1e4 10 37 - 0.03 0.81 32764
aoULAV 1e4 10 37 - 0.04 0.70 32776
aoD2AG 1e4 10 37 - 0.03 0.74 32744
aoD2SG 1e4 10 37 - 0.04 0.78 34176
moore 1e4 10 37 - 1.10 1393.97 2963856
nbpm 1e4 10 37 - 7.36 740.91 7764384
greedy 1e4 10 37 - 6.13 273.56 10961108
dry 6e7 2 231 - 0.75 1.89 1202044
aoDLAV 6e7 2 231 - 5.28 385.20 8924564
aoULAV 6e7 2 231 - 6.63 498.02 8924560
aoD2AG 6e7 2 231 - 11.50 512.96 13119932
aoD2SG 6e7 2 231 - 12.45 633.85 13599496
dry 75e2 2 201 - 0.03 0.12 26328
aoDLAV 75e2 2 201 - 0.03 0.16 31376
aoULAV 75e2 2 201 - 0.03 0.16 31388
aoD2AG 75e2 2 201 - 0.04 0.18 31380
aoD2SG 75e2 2 201 - 0.03 0.20 31380
moore 75e2 2 201 - 1.69 551.16 1688796
nbpm 75e2 2 201 - 4.61 175.80 4242136
greedy 75e2 2 201 - 3.88 159.43 6183092
dry 32e2 2 8 - 0.02 0.12 26112
aoDLAV 32e2 2 8 - 0.02 0.15 30540
aoULAV 32e2 2 8 - 0.03 0.15 30552
aoD2AG 32e2 2 8 - 0.03 0.15 31208
aoD2SG 32e2 2 8 - 0.03 0.15 31268
moore 32e2 2 8 - 0.21 49.85 330520
nbpm 32e2 2 8 - 0.84 20.98 854760
greedy 32e2 2 8 - 0.73 21.37 1150164
dry 32e2 2 173 - 0.02 0.12 26112
aoDLAV 32e2 2 173 - 0.03 0.14 30544
aoULAV 32e2 2 173 - 0.03 0.15 30552
aoD2AG 32e2 2 173 - 0.04 0.14 31200
aoD2SG 32e2 2 173 - 0.02 0.15 31256
moore 32e2 2 173 - 0.25 60.73 330520
nbpm 32e2 2 173 - 0.93 20.84 854760
greedy 32e2 2 173 - 0.66 22.65 1150168
dry 7e7 2 80 - 0.75 2.21 1397356
aoDLAV 7e7 2 80 - 5.88 426.21 10408936
aoULAV 7e7 2 80 - 7.72 456.14 10408936
aoD2AG 7e7 2 80 - 14.25 754.84 15301840
aoD2SG 7e7 2 80 - 14.82 742.81 15859208
dry 18e6 2 112 - 0.24 0.69 381740
aoDLAV 18e6 2 112 - 1.69 92.74 2690196
aoULAV 18e6 2 112 - 2.08 97.96 2690196
aoD2AG 18e6 2 112 - 3.18 139.25 3949812
aoD2SG 18e6 2 112 - 3.97 165.35 4094892
dry 5e7 2 187 - 0.58 1.60 1006736
aoDLAV 5e7 2 187 - 4.29 288.61 7440192
aoULAV 5e7 2 187 - 5.34 306.35 7440196
aoD2AG 5e7 2 187 - 10.09 438.90 10936324
aoD2SG 5e7 2 187 - 10.11 513.44 11336272
dry 1e4 10 191 - 0.03 0.11 28964
aoDLAV 1e4 10 191 - 0.03 0.67 32764
aoULAV 1e4 10 191 - 0.03 0.71 32776
aoD2AG 1e4 10 191 - 0.04 0.73 32744
aoD2SG 1e4 10 191 - 0.03 0.78 34180
moore 1e4 10 191 - 1.16 1043.85 2963852
nbpm 1e4 10 191 - 7.42 694.37 7764384
greedy 1e4 10 191 - 6.26 277.17 10961108
dry 3e7 2 203 - 0.35 1.03 616104
aoDLAV 3e7 2 203 - 2.36 173.36 4471432
aoULAV 3e7 2 203 - 3.29 186.55 4471428
aoD2AG 3e7 2 203 - 5.40 259.97 6569392
aoD2SG 3e7 2 203 - 6.30 295.91 6810812
dry 1e4 2 225 - 0.02 0.12 26436
aoDLAV 1e4 2 225 - 0.03 0.17 31868
aoULAV 1e4 2 225 - 0.03 0.17 31876
aoD2AG 1e4 2 225 - 0.03 0.17 31876
aoD2SG 1e4 2 225 - 0.03 0.18 31988
moore 1e4 2 225 - 1.15 1424.57 2960572
nbpm 1e4 2 225 - 7.61 388.11 7889416
greedy 1e4 2 225 - 6.83 278.29 10968568
dry 56e6 2 184 - 0.62 1.78 1123928
aoDLAV 56e6 2 184 - 4.65 331.85 8330820
aoULAV 56e6 2 184 - 6.22 352.94 8330816
aoD2AG 56e6 2 184 - 10.71 516.59 12246316
aoD2SG 56e6 2 184 - 11.85 604.77 12691620
dry 75e2 2 64 - 0.03 0.12 26328
aoDLAV 75e2 2 64 - 0.03 0.15 31376
aoULAV 75e2 2 64 - 0.02 0.16 31392
aoD2AG 75e2 2 64 - 0.03 0.17 31380
aoD2SG 75e2 2 64 - 0.03 0.17 31384
moore 75e2 2 64 - 1.39 525.50 1688792
nbpm 75e2 2 64 - 4.34 195.12 4242132
greedy 75e2 2 64 - 3.68 151.77 6183088
dry 18e2 2 215 - 0.03 0.11 26048
aoDLAV 18e2 2 215 - 0.03 0.14 30372
aoULAV 18e2 2 215 - 0.02 0.15 30384
aoD2AG 18e2 2 215 - 0.03 0.15 30804
aoD2SG 18e2 2 215 - 0.04 0.14 30840
moore 18e2 2 215 - 0.06 8.60 125444
nbpm 18e2 2 215 - 0.21 7.49 334536
greedy 18e2 2 215 - 0.25 3.83 384352
dry 32e2 2 126 - 0.03 0.11 26112
aoDLAV 32e2 2 126 - 0.03 0.15 30540
aoULAV 32e2 2 126 - 0.03 0.14 30548
aoD2AG 32e2 2 126 - 0.03 0.15 31216
aoD2SG 32e2 2 126 - 0.03 0.15 31292
moore 32e2 2 126 - 0.15 39.53 330524
nbpm 32e2 2 126 - 0.88 21.02 854760
greedy 32e2 2 126 - 0.68 21.24 1150168
dry 5e7 2 177 - 0.62 1.67 1006736
aoDLAV 5e7 2 177 - 4.08 295.90 7440192
aoULAV 5e7 2 177 - 5.41 310.05 7440196
aoD2AG 5e7 2 177 - 9.90 437.85 10937444
aoD2SG 5e7 2 177 - 10.15 512.90 11336120
dry 3e7 2 166 - 0.36 1.04 616104
aoDLAV 3e7 2 166 - 2.61 170.51 4471428
aoULAV 3e7 2 166 - 3.22 174.53 4471428
aoD2AG 3e7 2 166 - 5.40 257.11 6570376
aoD2SG 3e7 2 166 - 6.59 293.05 6808588
dry 32e2 2 105 - 0.03 0.11 26112
aoDLAV 32e2 2 105 - 0.03 0.15 30544
aoULAV 32e2 2 105 - 0.02 0.16 30552
aoD2AG 32e2 2 105 - 0.03 0.15 31212
aoD2SG 32e2 2 105 - 0.03 0.16 31260
moore 32e2 2 105 - 0.15 27.66 330512
nbpm 32e2 2 105 - 0.91 20.78 854752
greedy 32e2 2 105 - 0.84 23.17 1150164
dry 32e2 2 179 - 0.02 0.12 26112
aoDLAV 32e2 2 179 - 0.03 0.15 30540
aoULAV 32e2 2 179 - 0.03 0.15 30552
aoD2AG 32e2 2 179 - 0.04 0.15 31204
aoD2SG 32e2 2 179 - 0.02 0.16 31272
moore 32e2 2 179 - 0.17 45.59 330512
nbpm 32e2 2 179 - 0.87 21.16 854752
greedy 32e2 2 179 - 0.75 24.02 1150164
dry 3e7 2 132 - 0.39 1.03 616104
aoDLAV 3e7 2 132 - 2.70 170.86 4471428
aoULAV 3e7 2 132 - 3.42 179.46 4471428
aoD2AG 3e7 2 132 - 5.28 255.20 6570592
aoD2SG 3e7 2 132 - 6.32 296.84 6809376
dry 2e7 2 146 - 0.28 0.75 420800
aoDLAV 2e7 2 146 - 1.66 106.95 2987068
aoULAV 2e7 2 146 - 1.75 111.99 2987068
aoD2AG 2e7 2 146 - 3.89 159.80 4389088
aoD2SG 2e7 2 146 - 3.50 185.28 4548028
dry 25e2 2 152 - 0.02 0.12 26080
aoDLAV 25e2 2 152 - 0.03 0.15 30464
aoULAV 25e2 2 152 - 0.03 0.14 30464
aoD2AG 25e2 2 152 - 0.02 0.15 30988
aoD2SG 25e2 2 152 - 0.04 0.14 31032
moore 25e2 2 152 - 0.09 36.61 213596
nbpm 25e2 2 152 - 0.53 12.65 541640
greedy 25e2 2 152 - 0.38 8.90 713664
dry 32e2 2 44 - 0.02 0.12 26112
aoDLAV 32e2 2 44 - 0.03 0.14 30544
aoULAV 32e2 2 44 - 0.03 0.14 30548
aoD2AG 32e2 2 44 - 0.02 0.15 31216
aoD2SG 32e2 2 44 - 0.02 0.15 31256
moore 32e2 2 44 - 0.31 71.08 330520
nbpm 32e2 2 44 - 0.79 20.29 854764
greedy 32e2 2 44 - 0.77 20.88 1150168
dry 50e2 2 61 - 0.02 0.12 26208
aoDLAV 50e2 2 61 - 0.02 0.15 30848
aoULAV 50e2 2 61 - 0.03 0.15 30864
aoD2AG 50e2 2 61 - 0.02 0.16 31792
aoD2SG 50e2 2 61 - 0.03 0.16 31896
moore 50e2 2 61 - 0.64 192.79 764624
nbpm 50e2 2 61 - 2.08 56.44 2011916
greedy 50e2 2 61 - 1.69 62.72 2764784
dry 7e7 2 88 - 0.77 2.22 1397360
aoDLAV 7e7 2 88 - 5.99 421.47 10408936
aoULAV 7e7 2 88 - 7.70 443.62 10408936
aoD2AG 7e7 2 88 - 14.06 645.24 15308024
aoD2SG 7e7 2 88 - 14.39 753.71 15867252
dry 2e7 2 81 - 0.26 0.73 420796
aoDLAV 2e7 2 81 - 1.68 109.63 2987068
aoULAV 2e7 2 81 - 2.30 117.78 2987068
aoD2AG 2e7 2 81 - 3.37 166.47 4388132
aoD2SG 2e7 2 81 - 4.15 192.16 4546124
dry 32e6 2 232 - 0.38 1.12 655176
aoDLAV 32e6 2 232 - 2.84 190.18 4768324
aoULAV 32e6 2 232 - 3.48 193.69 4768324
aoD2AG 32e6 2 232 - 6.45 266.90 7007704
aoD2SG 32e6 2 232 - 6.50 307.78 7262084
dry 56e2 2 29 - 0.02 0.12 26236
aoDLAV 56e2 2 29 - 0.03 0.15 30976
aoULAV 56e2 2 29 - 0.03 0.15 30988
aoD2AG 56e2 2 29 - 0.02 0.18 31992
aoD2SG 56e2 2 29 - 0.02 0.18 31124
moore 56e2 2 29 - 0.56 194.34 952720
nbpm 56e2 2 29 - 2.42 74.26 2388080
greedy 56e2 2 29 - 2.23 80.92 3460492
dry 5e7 2 245 - 0.58 1.61 1006736
aoDLAV 5e7 2 245 - 4.35 337.90 7440192
aoULAV 5e7 2 245 - 5.73 390.64 7440192
aoD2AG 5e7 2 245 - 10.10 496.17 10936340
aoD2SG 5e7 2 245 - 10.71 528.86 11335660
dry 18e6 2 58 - 0.24 0.67 381736
aoDLAV 18e6 2 58 - 1.56 94.27 2690192
aoULAV 18e6 2 58 - 1.75 98.59 2690192
aoD2AG 18e6 2 58 - 3.67 138.81 3950172
aoD2SG 18e6 2 58 - 3.54 164.64 4094612
dry 4e7 2 210 - 0.46 1.31 811424
aoDLAV 4e7 2 210 - 3.37 227.91 5955820
aoULAV 4e7 2 210 - 3.44 239.51 5955820
aoD2AG 4e7 2 210 - 8.11 347.55 8752252
aoD2SG 4e7 2 210 - 8.49 408.13 9073176
dry 75e2 2 85 - 0.03 0.11 26328
aoDLAV 75e2 2 85 - 0.03 0.16 31380
aoULAV 75e2 2 85 - 0.04 0.16 31392
aoD2AG 75e2 2 85 - 0.04 0.18 31380
aoD2SG 75e2 2 85 - 0.04 0.18 31384
moore 75e2 2 85 - 0.97 429.33 1688788
nbpm 75e2 2 85 - 4.23 200.43 4242124
greedy 75e2 2 85 - 3.77 153.45 6183088
dry 50e2 2 65 - 0.02 0.13 26208
aoDLAV 50e2 2 65 - 0.03 0.16 30848
aoULAV 50e2 2 65 - 0.03 0.15 30860
aoD2AG 50e2 2 65 - 0.03 0.15 31792
aoD2SG 50e2 2 65 - 0.04 0.16 31860
moore 50e2 2 65 - 0.60 191.65 764628
nbpm 50e2 2 65 - 1.93 55.26 2011924
greedy 50e2 2 65 - 1.60 60.15 2764780
dry 18e2 2 198 - 0.02 0.12 26048
aoDLAV 18e2 2 198 - 0.03 0.14 30372
aoULAV 18e2 2 198 - 0.03 0.14 30384
aoD2AG 18e2 2 198 - 0.03 0.14 30784
aoD2SG 18e2 2 198 - 0.03 0.14 30812
moore 18e2 2 198 - 0.06 18.74 125408
nbpm 18e2 2 198 - 0.16 7.45 334532
greedy 18e2 2 198 - 0.22 4.15 384352
dry 1e4 5 224 - 0.02 0.12 26900
aoDLAV 1e4 5 224 - 0.03 0.21 31084
aoULAV 1e4 5 224 - 0.03 0.21 31148
aoD2AG 1e4 5 224 - 0.03 0.23 32112
aoD2SG 1e4 5 224 - 0.03 0.24 32108
moore 1e4 5 224 - 1.22 1080.15 2961736
nbpm 1e4 5 224 - 7.60 639.92 7811452
greedy 1e4 5 224 - 6.97 311.08 10959172
dry 1e4 10 63 - 0.02 0.13 27692
aoDLAV 1e4 10 63 - 0.04 0.73 32764
aoULAV 1e4 10 63 - 0.04 0.68 32776
aoD2AG 1e4 10 63 - 0.03 0.72 32748
aoD2SG 1e4 10 63 - 0.03 0.78 34180
moore 1e4 10 63 - 1.24 1288.16 2963856
nbpm 1e4 10 63 - 7.49 718.40 7764384
greedy 1e4 10 63 - 6.59 268.21 10961108
dry 32e6 2 28 - 0.45 1.10 655176
aoDLAV 32e6 2 28 - 2.67 180.14 4768328
aoULAV 32e6 2 28 - 3.60 187.10 4768324
aoD2AG 32e6 2 28 - 5.71 274.32 7009100
aoD2SG 32e6 2 28 - 7.14 322.04 7263612
dry 5e7 2 104 - 0.58 1.65 1006736
aoDLAV 5e7 2 104 - 4.40 301.49 7440192
aoULAV 5e7 2 104 - 5.50 317.63 7440196
aoD2AG 5e7 2 104 - 9.93 537.16 10936024
aoD2SG 5e7 2 104 - 10.67 525.84 11334884
dry 18e2 2 221 - 0.02 0.13 26048
aoDLAV 18e2 2 221 - 0.03 0.15 30376
aoULAV 18e2 2 221 - 0.02 0.15 30384
aoD2AG 18e2 2 221 - 0.03 0.15 30788
aoD2SG 18e2 2 221 - 0.04 0.14 30816
moore 18e2 2 221 - 0.07 9.09 125444
nbpm 18e2 2 221 - 0.16 7.55 334592
greedy 18e2 2 221 - 0.24 5.24 384352
dry 2e7 2 44 - 0.27 0.74 420796
aoDLAV 2e7 2 44 - 1.65 107.71 2987068
aoULAV 2e7 2 44 - 2.22 113.63 2987068
aoD2AG 2e7 2 44 - 3.44 160.96 4388348
aoD2SG 2e7 2 44 - 4.08 183.61 4546004
dry 50e2 2 235 - 0.02 0.12 26204
aoDLAV 50e2 2 235 - 0.02 0.15 30848
aoULAV 50e2 2 235 - 0.02 0.15 30860
aoD2AG 50e2 2 235 - 0.02 0.15 31788
aoD2SG 50e2 2 235 - 0.03 0.17 31884
moore 50e2 2 235 - 0.84 237.65 764628
nbpm 50e2 2 235 - 1.99 61.11 2011928
greedy 50e2 2 235 - 1.60 60.00 2764780
dry 56e6 2 150 - 0.62 1.79 1123924
aoDLAV 56e6 2 150 - 4.60 332.84 8330816
aoULAV 56e6 2 150 - 6.10 352.40 8330816
aoD2AG 56e6 2 150 - 10.89 502.41 12246812
aoD2SG 56e6 2 150 - 11.07 570.93 12692392
