dry 32e5 2 191 - 0.05 0.25 92676
aoDLAV 32e5 2 191 - 0.26 12.72 493324
aoULAV 32e5 2 191 - 0.25 12.46 493336
aoD2AG 32e5 2 191 - 0.39 19.05 717460
aoD2SG 32e5 2 191 - 0.40 20.90 744000
dry 1e7 2 175 - 0.12 0.44 225484
aoDLAV 1e7 2 175 - 0.74 44.11 1502688
aoULAV 1e7 2 175 - 0.75 47.17 1502688
aoD2AG 1e7 2 175 - 1.76 68.08 2203480
aoD2SG 1e7 2 175 - 1.63 76.20 2284592
dry 56e5 2 119 - 0.08 0.32 139544
aoDLAV 56e5 2 119 - 0.45 22.60 849556
aoULAV 56e5 2 119 - 0.43 24.00 849556
aoD2AG 56e5 2 119 - 0.74 34.00 1242232
aoD2SG 56e5 2 119 - 0.72 39.15 1288648
dry 1e7 2 249 - 0.13 0.44 225484
aoDLAV 1e7 2 249 - 0.86 43.78 1502684
aoULAV 1e7 2 249 - 0.82 46.54 1502684
aoD2AG 1e7 2 249 - 1.58 65.44 2205796
aoD2SG 1e7 2 249 - 1.67 76.05 2284540
dry 1e7 2 55 - 0.12 0.44 225484
aoDLAV 1e7 2 55 - 0.77 43.93 1502684
aoULAV 1e7 2 55 - 0.83 46.39 1502684
aoD2AG 1e7 2 55 - 1.84 65.39 2205492
aoD2SG 1e7 2 55 - 1.69 75.90 2284608
dry 56e5 2 213 - 0.08 0.31 139548
aoDLAV 56e5 2 213 - 0.45 22.50 849556
aoULAV 56e5 2 213 - 0.49 23.96 849556
aoD2AG 56e5 2 213 - 0.78 34.00 1242440
aoD2SG 56e5 2 213 - 0.78 39.12 1286452
dry 1e7 5 87 - 0.24 0.79 459868
aoDLAV 1e7 5 87 - 1.08 212.68 2323016
aoULAV 1e7 5 87 - 1.10 216.17 2323016
aoD2AG 1e7 5 87 - 2.52 236.17 3063360
aoD2SG 1e7 5 87 - 2.54 280.24 3150128
dry 56e5 2 217 - 0.08 0.32 139544
aoDLAV 56e5 2 217 - 0.46 22.57 849556
aoULAV 56e5 2 217 - 0.45 24.04 849660
aoD2AG 56e5 2 217 - 0.72 34.10 1241032
aoD2SG 56e5 2 217 - 0.78 39.11 1285712
dry 1e7 2 144 - 0.12 0.45 225488
aoDLAV 1e7 2 144 - 0.75 43.81 1502684
aoULAV 1e7 2 144 - 0.74 46.64 1502684
aoD2AG 1e7 2 144 - 1.57 65.72 2202748
aoD2SG 1e7 2 144 - 1.91 75.94 2283440
dry 1e7 2 22 - 0.12 0.44 225484
aoDLAV 1e7 2 22 - 0.76 43.96 1502688
aoULAV 1e7 2 22 - 0.80 46.54 1502684
aoD2AG 1e7 2 22 - 1.56 65.73 2205276
aoD2SG 1e7 2 22 - 1.72 75.91 2282804
dry 18e5 2 219 - 0.04 0.22 65324
aoDLAV 18e5 2 219 - 0.16 6.35 285508
aoULAV 18e5 2 219 - 0.17 6.73 285520
aoD2AG 18e5 2 219 - 0.26 9.72 411696
aoD2SG 18e5 2 219 - 0.26 11.03 427520
dry 32e5 2 76 - 0.06 0.25 92676
aoDLAV 32e5 2 76 - 0.28 11.81 493448
aoULAV 32e5 2 76 - 0.27 12.59 493356
aoD2AG 32e5 2 76 - 0.43 18.05 718228
aoD2SG 32e5 2 76 - 0.42 20.66 742916
dry 32e5 2 179 - 0.06 0.24 92676
aoDLAV 32e5 2 179 - 0.28 11.77 493324
aoULAV 32e5 2 179 - 0.25 12.60 493336
aoD2AG 32e5 2 179 - 0.39 18.12 717436
aoD2SG 32e5 2 179 - 0.42 20.59 742564
dry 1e7 2 18 - 0.12 0.44 225484
aoDLAV 1e7 2 18 - 0.82 43.86 1502684
aoULAV 1e7 2 18 - 0.77 46.57 1502688
aoD2AG 1e7 2 18 - 1.79 65.58 2204312
aoD2SG 1e7 2 18 - 1.62 76.03 2282200
dry 18e5 2 151 - 0.05 0.21 65324
aoDLAV 18e5 2 151 - 0.15 6.34 285508
aoULAV 18e5 2 151 - 0.18 6.72 285520
aoD2AG 18e5 2 151 - 0.25 9.74 411924
aoD2SG 18e5 2 151 - 0.24 11.01 426012
dry 1e7 10 234 - 0.43 1.37 850508
aoDLAV 1e7 10 234 - 1.57 4751.46 3533956
aoULAV 1e7 10 234 - 2.40 4802.32 3533956
aoD2AG 1e7 10 234 - 3.58 4775.60 4335968
aoD2SG 1e7 10 234 - 3.71 5738.39 4426892
dry 1e7 10 107 - 0.41 1.38 850508
aoDLAV 1e7 10 107 - 1.53 4799.36 3533956
aoULAV 1e7 10 107 - 2.36 4717.28 3533952
aoD2AG 1e7 10 107 - 3.61 4760.28 4336800
aoD2SG 1e7 10 107 - 3.74 5762.81 4428636
dry 1e7 10 48 - 0.42 1.37 850508
aoDLAV 1e7 10 48 - 1.51 4832.55 3533960
aoULAV 1e7 10 48 - 2.29 4767.92 3533956
aoD2AG 1e7 10 48 - 3.58 4846.91 4336184
aoD2SG 1e7 10 48 - 3.65 5847.25 4424908
dry 1e7 2 100 - 0.11 0.45 225484
aoDLAV 1e7 2 100 - 0.76 45.18 1502684
aoULAV 1e7 2 100 - 0.73 47.40 1502684
aoD2AG 1e7 2 100 - 1.53 67.58 2203308
aoD2SG 1e7 2 100 - 1.68 77.62 2284440
dry 1e7 2 159 - 0.14 0.46 225488
aoDLAV 1e7 2 159 - 0.74 44.80 1502684
aoULAV 1e7 2 159 - 0.76 47.38 1502684
aoD2AG 1e7 2 159 - 1.53 67.98 2203312
aoD2SG 1e7 2 159 - 1.59 77.90 2284292
dry 1e7 10 147 - 0.42 1.39 850508
aoDLAV 1e7 10 147 - 1.66 5425.65 3533956
aoULAV 1e7 10 147 - 2.48 4773.19 3533956
aoD2AG 1e7 10 147 - 3.64 4799.39 4338204
aoD2SG 1e7 10 147 - 3.63 5693.40 4426624
dry 56e5 2 204 - 0.08 0.33 139544
aoDLAV 56e5 2 204 - 0.49 23.06 849556
aoULAV 56e5 2 204 - 0.58 24.52 849560
aoD2AG 56e5 2 204 - 0.73 34.92 1241716
aoD2SG 56e5 2 204 - 0.73 40.05 1285756
dry 56e5 2 197 - 0.08 0.31 139544
aoDLAV 56e5 2 197 - 0.45 23.10 849596
aoULAV 56e5 2 197 - 0.46 24.52 849672
aoD2AG 56e5 2 197 - 0.72 34.96 1241832
aoD2SG 56e5 2 197 - 0.75 40.10 1287016
dry 1e7 10 96 - 0.42 1.38 850508
aoDLAV 1e7 10 96 - 1.84 6815.92 3533956
aoULAV 1e7 10 96 - 2.35 4680.35 3533952
aoD2AG 1e7 10 96 - 3.79 4781.45 4336912
aoD2SG 1e7 10 96 - 3.99 5723.28 4427568
dry 1e7 2 93 - 0.12 0.43 225488
aoDLAV 1e7 2 93 - 0.79 43.67 1502688
aoULAV 1e7 2 93 - 0.73 45.93 1502712
aoD2AG 1e7 2 93 - 1.61 64.92 2202992
aoD2SG 1e7 2 93 - 1.67 74.90 2283740
dry 18e5 2 39 - 0.05 0.21 65328
aoDLAV 18e5 2 39 - 0.16 6.24 285508
aoULAV 18e5 2 39 - 0.15 6.76 285524
aoD2AG 18e5 2 39 - 0.32 9.85 411720
aoD2SG 18e5 2 39 - 0.28 10.88 425776
dry 1e7 5 143 - 0.23 0.78 459868
aoDLAV 1e7 5 143 - 1.05 210.15 2323016
aoULAV 1e7 5 143 - 1.28 270.46 2323016
aoD2AG 1e7 5 143 - 2.78 316.30 3064560
aoD2SG 1e7 5 143 - 2.82 332.45 3152260
dry 1e7 5 89 - 0.23 0.78 459868
aoDLAV 1e7 5 89 - 1.07 247.68 2323016
aoULAV 1e7 5 89 - 1.47 218.53 2323016
aoD2AG 1e7 5 89 - 2.45 236.99 3064872
aoD2SG 1e7 5 89 - 2.64 279.02 3152184
dry 56e5 2 63 - 0.08 0.31 139544
aoDLAV 56e5 2 63 - 0.43 22.30 849556
aoULAV 56e5 2 63 - 0.43 24.05 849560
aoD2AG 56e5 2 63 - 0.72 34.06 1242820
aoD2SG 56e5 2 63 - 0.75 39.00 1286028
dry 56e5 2 68 - 0.08 0.31 139544
aoDLAV 56e5 2 68 - 0.45 22.11 849556
aoULAV 56e5 2 68 - 0.44 23.61 849556
aoD2AG 56e5 2 68 - 0.72 33.61 1243380
aoD2SG 56e5 2 68 - 0.78 38.31 1287660
dry 56e5 2 5 - 0.08 0.31 139544
aoDLAV 56e5 2 5 - 0.49 22.50 849556
aoULAV 56e5 2 5 - 0.46 23.77 849560
aoD2AG 56e5 2 5 - 0.72 34.07 1242028
aoD2SG 56e5 2 5 - 0.73 39.12 1286288
dry 18e5 2 66 - 0.05 0.20 65324
aoDLAV 18e5 2 66 - 0.17 6.50 285508
aoULAV 18e5 2 66 - 0.14 6.96 285608
aoD2AG 18e5 2 66 - 0.24 10.14 412756
aoD2SG 18e5 2 66 - 0.25 11.47 427680
dry 18e5 2 53 - 0.05 0.22 65328
aoDLAV 18e5 2 53 - 0.15 6.55 285508
aoULAV 18e5 2 53 - 0.16 6.84 285520
aoD2AG 18e5 2 53 - 0.23 9.92 413072
aoD2SG 18e5 2 53 - 0.26 11.20 426728
dry 32e5 2 205 - 0.05 0.25 92676
aoDLAV 32e5 2 205 - 0.25 12.30 493364
aoULAV 32e5 2 205 - 0.25 12.84 493336
aoD2AG 32e5 2 205 - 0.40 18.56 717776
aoD2SG 32e5 2 205 - 0.43 21.49 742884
dry 18e5 2 2 - 0.03 0.22 65324
aoDLAV 18e5 2 2 - 0.17 6.42 285512
aoULAV 18e5 2 2 - 0.21 6.82 285524
aoD2AG 18e5 2 2 - 0.25 10.03 412036
aoD2SG 18e5 2 2 - 0.27 11.26 427476
dry 32e5 2 223 - 0.05 0.26 92676
aoDLAV 32e5 2 223 - 0.24 12.04 493380
aoULAV 32e5 2 223 - 0.26 12.97 493336
aoD2AG 32e5 2 223 - 0.42 18.31 719252
aoD2SG 32e5 2 223 - 0.42 20.93 742904
dry 56e5 2 42 - 0.08 0.31 139548
aoDLAV 56e5 2 42 - 0.45 23.35 849560
aoULAV 56e5 2 42 - 0.42 24.93 849556
aoD2AG 56e5 2 42 - 0.69 35.35 1242388
aoD2SG 56e5 2 42 - 0.76 40.60 1287848
dry 1e7 5 152 - 0.24 0.79 459868
aoDLAV 1e7 5 152 - 1.05 219.08 2323020
aoULAV 1e7 5 152 - 1.51 221.94 2323028
aoD2AG 1e7 5 152 - 2.50 243.56 3064764
aoD2SG 1e7 5 152 - 2.65 291.34 3150148
dry 32e5 2 18 - 0.06 0.25 92676
aoDLAV 32e5 2 18 - 0.25 12.16 493324
aoULAV 32e5 2 18 - 0.27 12.86 493336
aoD2AG 32e5 2 18 - 0.38 18.70 717756
aoD2SG 32e5 2 18 - 0.41 21.36 744292
dry 56e5 2 242 - 0.07 0.32 139544
aoDLAV 56e5 2 242 - 0.43 22.48 849556
aoULAV 56e5 2 242 - 0.45 23.92 849556
aoD2AG 56e5 2 242 - 0.72 33.98 1241300
aoD2SG 56e5 2 242 - 0.71 39.09 1287204
dry 1e7 5 25 - 0.22 0.79 459868
aoDLAV 1e7 5 25 - 1.08 221.36 2323016
aoULAV 1e7 5 25 - 1.48 214.29 2323016
aoD2AG 1e7 5 25 - 2.47 236.28 3063248
aoD2SG 1e7 5 25 - 2.57 276.77 3150812
dry 1e7 10 173 - 0.44 1.38 850512
aoDLAV 1e7 10 173 - 1.52 4754.12 3534060
aoULAV 1e7 10 173 - 2.33 4702.69 3533960
aoD2AG 1e7 10 173 - 4.24 6185.43 4338188
aoD2SG 1e7 10 173 - 3.63 5606.88 4429036
