dry 5e4 5 70 - 0.02 0.12 31604
aoDLAV 5e4 5 70 - 0.03 0.47 34704
aoULAV 5e4 5 70 - 0.03 0.50 34704
aoD2AG 5e4 5 70 - 0.04 0.53 37732
aoD2SG 5e4 5 70 - 0.04 0.60 37944
dry 5e4 5 181 - 0.03 0.11 29984
aoDLAV 5e4 5 181 - 0.03 0.48 34704
aoULAV 5e4 5 181 - 0.03 0.48 34704
aoD2AG 5e4 5 181 - 0.03 0.53 37732
aoD2SG 5e4 5 181 - 0.03 0.61 37940
dry 1e2 2 49 - 0.03 0.09 25992
aoDLAV 1e2 2 49 - 0.03 0.12 30168
aoULAV 1e2 2 49 - 0.02 0.13 30180
aoD2AG 1e2 2 49 - 0.04 0.11 30336
aoD2SG 1e2 2 49 - 0.02 0.13 30344
moore 1e2 2 49 - 0.02 0.22 30480
nbpm 1e2 2 49 - 0.06 1.86 53000
greedy 1e2 2 49 - 0.04 0.12 30880
dry 1e6 2 109 - 0.03 0.16 49704
aoDLAV 1e6 2 109 - 0.10 2.98 178456
aoULAV 1e6 2 109 - 0.10 3.12 178460
aoD2AG 1e6 2 109 - 0.16 4.42 234416
aoD2SG 1e6 2 109 - 0.19 5.71 242036
dry 1e6 2 85 - 0.04 0.17 49708
aoDLAV 1e6 2 85 - 0.09 3.03 178456
aoULAV 1e6 2 85 - 0.11 3.17 178456
aoD2AG 1e6 2 85 - 0.18 4.54 234292
aoD2SG 1e6 2 85 - 0.24 5.37 241564
dry 1e3 2 86 - 0.02 0.11 26020
aoDLAV 1e3 2 86 - 0.02 0.14 30280
aoULAV 1e3 2 86 - 0.02 0.13 30292
aoD2AG 1e3 2 86 - 0.03 0.13 30548
aoD2SG 1e3 2 86 - 0.03 0.13 30564
moore 1e3 2 86 - 0.04 7.23 59812
nbpm 1e3 2 86 - 0.10 3.98 138552
greedy 1e3 2 86 - 0.08 0.95 139244
dry 275e2 2 72 - 0.02 0.12 27120
aoDLAV 275e2 2 72 - 0.02 0.20 31244
aoULAV 275e2 2 72 - 0.03 0.19 31572
aoD2AG 275e2 2 72 - 0.03 0.21 34696
aoD2SG 275e2 2 72 - 0.03 0.23 34812
dry 32e3 2 230 - 0.02 0.11 29200
aoDLAV 32e3 2 230 - 0.02 0.20 31476
aoULAV 32e3 2 230 - 0.02 0.21 32144
aoD2AG 32e3 2 230 - 0.02 0.24 35020
aoD2SG 32e3 2 230 - 0.02 0.24 34784
dry 1e5 5 12 - 0.03 0.13 34476
aoDLAV 1e5 5 12 - 0.03 1.40 41820
aoULAV 1e5 5 12 - 0.03 1.38 43572
aoD2AG 1e5 5 12 - 0.05 1.56 53592
aoD2SG 1e5 5 12 - 0.04 1.59 53200
dry 1e6 5 37 - 0.04 0.28 73152
aoDLAV 1e6 5 37 - 0.16 20.05 252768
aoULAV 1e6 5 37 - 0.13 19.19 252688
aoD2AG 1e6 5 37 - 0.19 21.11 323208
aoD2SG 1e6 5 37 - 0.20 24.98 332784
dry 400e2 2 244 - 0.02 0.12 27620
aoDLAV 400e2 2 244 - 0.03 0.23 32236
aoULAV 400e2 2 244 - 0.03 0.24 33112
aoD2AG 400e2 2 244 - 0.03 0.28 36072
aoD2SG 400e2 2 244 - 0.03 0.29 35928
dry 1e2 10 62 - 0.02 0.12 26008
aoDLAV 1e2 10 62 - 0.03 0.14 30264
aoULAV 1e2 10 62 - 0.02 0.15 30272
aoD2AG 1e2 10 62 - 0.02 0.15 30440
aoD2SG 1e2 10 62 - 0.03 0.14 30448
moore 1e2 10 62 - 0.02 0.22 30496
nbpm 1e2 10 62 - 0.06 2.16 53076
greedy 1e2 10 62 - 0.03 0.14 30972
dry 5e4 5 77 - 0.03 0.12 31164
aoDLAV 5e4 5 77 - 0.03 0.73 34704
aoULAV 5e4 5 77 - 0.03 0.73 34704
aoD2AG 5e4 5 77 - 0.02 0.80 37728
aoD2SG 5e4 5 77 - 0.04 0.85 37936
dry 1e2 5 150 - 0.03 0.11 25996
aoDLAV 1e2 5 150 - 0.03 0.14 30212
aoULAV 1e2 5 150 - 0.02 0.15 30224
aoD2AG 1e2 5 150 - 0.02 0.15 30376
aoD2SG 1e2 5 150 - 0.03 0.14 30388
moore 1e2 5 150 - 0.03 0.20 30492
nbpm 1e2 5 150 - 0.07 2.16 53016
greedy 1e2 5 150 - 0.02 0.15 30924
dry 300e2 2 57 - 0.03 0.11 27216
aoDLAV 300e2 2 57 - 0.02 0.22 31296
aoULAV 300e2 2 57 - 0.03 0.22 31892
aoD2AG 300e2 2 57 - 0.02 0.26 35060
aoD2SG 300e2 2 57 - 0.03 0.26 34712
dry 5e4 5 127 - 0.03 0.13 31388
aoDLAV 5e4 5 127 - 0.03 0.80 34708
aoULAV 5e4 5 127 - 0.03 0.76 34704
aoD2AG 5e4 5 127 - 0.04 0.80 37728
aoD2SG 5e4 5 127 - 0.04 0.89 37944
dry 5e4 10 217 - 0.03 0.13 33888
aoDLAV 5e4 10 217 - 0.06 7.61 40204
aoULAV 5e4 10 217 - 0.04 7.77 40200
aoD2AG 5e4 10 217 - 0.04 7.45 44980
aoD2SG 5e4 10 217 - 0.04 8.59 44996
dry 1e6 10 140 - 0.07 0.40 112236
aoDLAV 1e6 10 140 - 0.19 365.36 369884
aoULAV 1e6 10 140 - 0.30 374.63 369888
aoD2AG 1e6 10 140 - 0.42 384.68 449480
aoD2SG 1e6 10 140 - 0.42 456.37 457352
dry 1e6 2 118 - 0.04 0.19 49704
aoDLAV 1e6 2 118 - 0.12 4.66 178456
aoULAV 1e6 2 118 - 0.12 4.05 178456
aoD2AG 1e6 2 118 - 0.19 5.68 234544
aoD2SG 1e6 2 118 - 0.18 6.36 241416
dry 1e3 10 22 - 0.03 0.11 26140
aoDLAV 1e3 10 22 - 0.03 0.15 30652
aoULAV 1e3 10 22 - 0.02 0.16 30668
aoD2AG 1e3 10 22 - 0.03 0.16 31068
aoD2SG 1e3 10 22 - 0.02 0.16 31088
moore 1e3 10 22 - 0.04 6.22 59840
nbpm 1e3 10 22 - 0.10 4.92 136140
greedy 1e3 10 22 - 0.09 1.04 139616
dry 250e2 2 218 - 0.02 0.12 27020
aoDLAV 250e2 2 218 - 0.03 0.19 31108
aoULAV 250e2 2 218 - 0.03 0.19 31216
aoD2AG 250e2 2 218 - 0.04 0.21 33860
aoD2SG 250e2 2 218 - 0.03 0.23 33964
dry 1e5 2 84 - 0.02 0.13 32124
aoDLAV 1e5 2 84 - 0.04 0.44 34800
aoULAV 1e5 2 84 - 0.03 0.45 35320
aoD2AG 1e5 2 84 - 0.04 0.56 42600
aoD2SG 1e5 2 84 - 0.04 0.63 43800
dry 1e6 2 93 - 0.04 0.19 49708
aoDLAV 1e6 2 93 - 0.10 3.78 178460
aoULAV 1e6 2 93 - 0.12 4.06 178456
aoD2AG 1e6 2 93 - 0.23 5.71 232776
aoD2SG 1e6 2 93 - 0.16 6.32 241796
dry 1e3 5 177 - 0.02 0.12 26056
aoDLAV 1e3 5 177 - 0.02 0.15 30424
aoULAV 1e3 5 177 - 0.03 0.14 30436
aoD2AG 1e3 5 177 - 0.02 0.15 30752
aoD2SG 1e3 5 177 - 0.03 0.14 30776
moore 1e3 5 177 - 0.04 4.05 59800
nbpm 1e3 5 177 - 0.12 4.53 129248
greedy 1e3 5 177 - 0.09 1.04 139388
dry 1e2 10 103 - 0.02 0.11 26004
aoDLAV 1e2 10 103 - 0.02 0.15 30260
aoULAV 1e2 10 103 - 0.03 0.14 30276
aoD2AG 1e2 10 103 - 0.02 0.15 30440
aoD2SG 1e2 10 103 - 0.03 0.14 30448
moore 1e2 10 103 - 0.03 0.21 30496
nbpm 1e2 10 103 - 0.07 2.13 53120
greedy 1e2 10 103 - 0.02 0.14 30972
dry 250e2 2 117 - 0.02 0.12 27024
aoDLAV 250e2 2 117 - 0.03 0.19 31108
aoULAV 250e2 2 117 - 0.03 0.19 31212
aoD2AG 250e2 2 117 - 0.03 0.21 33864
aoD2SG 250e2 2 117 - 0.02 0.23 33964
dry 1e5 5 118 - 0.02 0.14 34476
aoDLAV 1e5 5 118 - 0.03 1.56 41816
aoULAV 1e5 5 118 - 0.05 1.62 43572
aoD2AG 1e5 5 118 - 0.04 1.77 53568
aoD2SG 1e5 5 118 - 0.05 2.03 53200
dry 56e3 2 127 - 0.02 0.12 28236
aoDLAV 56e3 2 127 - 0.03 0.30 33480
aoULAV 56e3 2 127 - 0.03 0.30 34700
aoD2AG 56e3 2 127 - 0.04 0.36 37284
aoD2SG 56e3 2 127 - 0.03 0.38 37300
dry 375e2 2 104 - 0.02 0.12 30876
aoDLAV 375e2 2 104 - 0.02 0.24 31788
aoULAV 375e2 2 104 - 0.02 0.23 32608
aoD2AG 375e2 2 104 - 0.03 0.27 35520
aoD2SG 375e2 2 104 - 0.03 0.28 35532
dry 56e3 2 118 - 0.02 0.11 28240
aoDLAV 56e3 2 118 - 0.02 0.28 33476
aoULAV 56e3 2 118 - 0.03 0.28 34700
aoD2AG 56e3 2 118 - 0.03 0.36 37284
aoD2SG 56e3 2 118 - 0.05 0.36 37300
dry 5e4 2 68 - 0.03 0.11 28000
aoDLAV 5e4 2 68 - 0.02 0.26 33008
aoULAV 5e4 2 68 - 0.03 0.27 33312
aoD2AG 5e4 2 68 - 0.03 0.36 36408
aoD2SG 5e4 2 68 - 0.03 0.37 36420
dry 1e5 2 182 - 0.03 0.13 30512
aoDLAV 1e5 2 182 - 0.03 0.45 34804
aoULAV 1e5 2 182 - 0.03 0.46 35324
aoD2AG 1e5 2 182 - 0.05 0.54 42820
aoD2SG 1e5 2 182 - 0.04 0.62 43800
dry 1e5 5 249 - 0.03 0.13 34476
aoDLAV 1e5 5 249 - 0.05 1.58 41816
aoULAV 1e5 5 249 - 0.04 1.60 43596
aoD2AG 1e5 5 249 - 0.05 1.71 53716
aoD2SG 1e5 5 249 - 0.06 1.93 53200
dry 350e2 2 23 - 0.02 0.12 29328
aoDLAV 350e2 2 23 - 0.03 0.22 31484
aoULAV 350e2 2 23 - 0.03 0.23 32260
aoD2AG 350e2 2 23 - 0.03 0.26 34852
aoD2SG 350e2 2 23 - 0.03 0.27 35132
dry 5e4 2 109 - 0.03 0.11 28000
aoDLAV 5e4 2 109 - 0.03 0.26 33008
aoULAV 5e4 2 109 - 0.03 0.27 33312
aoD2AG 5e4 2 109 - 0.04 0.33 36408
aoD2SG 5e4 2 109 - 0.03 0.36 36428
dry 225e2 2 120 - 0.01 0.12 26920
aoDLAV 225e2 2 120 - 0.02 0.20 30984
aoULAV 225e2 2 120 - 0.02 0.20 30996
aoD2AG 225e2 2 120 - 0.03 0.21 33368
aoD2SG 225e2 2 120 - 0.03 0.23 33464
dry 300e2 2 36 - 0.02 0.12 27220
aoDLAV 300e2 2 36 - 0.03 0.22 31296
aoULAV 300e2 2 36 - 0.03 0.22 31892
aoD2AG 300e2 2 36 - 0.03 0.25 35056
aoD2SG 300e2 2 36 - 0.03 0.26 34712
dry 1e6 10 158 - 0.08 0.40 112232
aoDLAV 1e6 10 158 - 0.21 381.45 369892
aoULAV 1e6 10 158 - 0.30 380.38 369884
aoD2AG 1e6 10 158 - 0.39 378.03 448772
aoD2SG 1e6 10 158 - 0.40 455.29 457732
dry 225e2 2 174 - 0.02 0.12 30580
aoDLAV 225e2 2 174 - 0.03 0.19 30980
aoULAV 225e2 2 174 - 0.03 0.19 30996
aoD2AG 225e2 2 174 - 0.03 0.21 33368
aoD2SG 225e2 2 174 - 0.03 0.22 33464
dry 250e2 2 40 - 0.02 0.12 27952
aoDLAV 250e2 2 40 - 0.02 0.20 31108
aoULAV 250e2 2 40 - 0.03 0.20 31212
aoD2AG 250e2 2 40 - 0.03 0.22 33864
aoD2SG 250e2 2 40 - 0.03 0.23 33964
dry 56e4 2 44 - 0.03 0.19 41104
aoDLAV 56e4 2 44 - 0.08 2.16 107988
aoULAV 56e4 2 44 - 0.09 2.24 107984
aoD2AG 56e4 2 44 - 0.13 3.14 140504
aoD2SG 56e4 2 44 - 0.11 3.55 144568
dry 1e5 10 186 - 0.04 0.18 38400
aoDLAV 1e5 10 186 - 0.04 23.06 53540
aoULAV 1e5 10 186 - 0.10 23.77 55312
aoD2AG 1e5 10 186 - 0.08 23.81 62732
aoD2SG 1e5 10 186 - 0.05 27.02 66832
dry 5e4 5 50 - 0.03 0.13 30296
aoDLAV 5e4 5 50 - 0.03 0.78 34708
aoULAV 5e4 5 50 - 0.03 0.78 34708
aoD2AG 5e4 5 50 - 0.04 0.83 37724
aoD2SG 5e4 5 50 - 0.04 0.92 37936
dry 56e3 2 200 - 0.03 0.12 30016
aoDLAV 56e3 2 200 - 0.02 0.31 33476
aoULAV 56e3 2 200 - 0.03 0.30 34696
aoD2AG 56e3 2 200 - 0.03 0.34 37280
aoD2SG 56e3 2 200 - 0.03 0.37 37304
dry 5e4 2 73 - 0.02 0.12 29688
aoDLAV 5e4 2 73 - 0.02 0.27 33012
aoULAV 5e4 2 73 - 0.03 0.27 33312
aoD2AG 5e4 2 73 - 0.03 0.32 36408
aoD2SG 5e4 2 73 - 0.03 0.34 36424
dry 1e6 5 66 - 0.06 0.28 73152
aoDLAV 1e6 5 66 - 0.16 20.05 252688
aoULAV 1e6 5 66 - 0.15 20.27 252692
aoD2AG 1e6 5 66 - 0.21 22.28 324168
aoD2SG 1e6 5 66 - 0.23 22.73 332388
dry 300e2 2 2 - 0.03 0.11 30724
aoDLAV 300e2 2 2 - 0.02 0.22 31300
aoULAV 300e2 2 2 - 0.03 0.21 31928
aoD2AG 300e2 2 2 - 0.04 0.23 35060
aoD2SG 300e2 2 2 - 0.03 0.25 34720
dry 1e3 5 153 - 0.02 0.11 26060
aoDLAV 1e3 5 153 - 0.02 0.14 30424
aoULAV 1e3 5 153 - 0.02 0.15 30436
aoD2AG 1e3 5 153 - 0.03 0.15 30732
aoD2SG 1e3 5 153 - 0.03 0.15 30760
moore 1e3 5 153 - 0.05 5.28 59800
nbpm 1e3 5 153 - 0.13 4.85 129248
greedy 1e3 5 153 - 0.09 1.06 139388
dry 5e4 10 8 - 0.03 0.14 33888
aoDLAV 5e4 10 8 - 0.04 8.55 40200
aoULAV 5e4 10 8 - 0.04 6.44 40204
aoD2AG 5e4 10 8 - 0.04 6.34 44980
aoD2SG 5e4 10 8 - 0.04 7.18 44996
dry 1e6 2 107 - 0.04 0.21 49704
aoDLAV 1e6 2 107 - 0.11 4.04 178456
aoULAV 1e6 2 107 - 0.13 4.13 178456
aoD2AG 1e6 2 107 - 0.17 5.11 232956
aoD2SG 1e6 2 107 - 0.19 5.80 244220
dry 400e2 2 27 - 0.02 0.12 27616
aoDLAV 400e2 2 27 - 0.03 0.24 32236
aoULAV 400e2 2 27 - 0.02 0.25 33112
aoD2AG 400e2 2 27 - 0.04 0.28 36072
aoD2SG 400e2 2 27 - 0.03 0.29 35928
dry 1e5 2 8 - 0.03 0.12 31052
aoDLAV 1e5 2 8 - 0.03 0.44 34800
aoULAV 1e5 2 8 - 0.04 0.45 35320
aoD2AG 1e5 2 8 - 0.04 0.54 42676
aoD2SG 1e5 2 8 - 0.04 0.64 43800
dry 325e2 2 192 - 0.03 0.11 30776
aoDLAV 325e2 2 192 - 0.02 0.22 31376
aoULAV 325e2 2 192 - 0.03 0.22 32084
aoD2AG 325e2 2 192 - 0.03 0.25 35004
aoD2SG 325e2 2 192 - 0.02 0.27 34760
dry 32e3 2 90 - 0.03 0.11 27300
aoDLAV 32e3 2 90 - 0.03 0.21 31436
aoULAV 32e3 2 90 - 0.03 0.22 32152
aoD2AG 32e3 2 90 - 0.03 0.24 35020
aoD2SG 32e3 2 90 - 0.03 0.26 34784
dry 250e2 2 195 - 0.02 0.11 27020
aoDLAV 250e2 2 195 - 0.02 0.20 31108
aoULAV 250e2 2 195 - 0.02 0.20 31212
aoD2AG 250e2 2 195 - 0.03 0.21 33864
aoD2SG 250e2 2 195 - 0.02 0.23 33968
dry 5e4 10 215 - 0.03 0.13 33892
aoDLAV 5e4 10 215 - 0.03 7.82 40200
aoULAV 5e4 10 215 - 0.04 6.61 40204
aoD2AG 5e4 10 215 - 0.05 6.70 44980
aoD2SG 5e4 10 215 - 0.04 8.10 44996
dry 1e6 5 202 - 0.04 0.28 73152
aoDLAV 1e6 5 202 - 0.13 17.62 252692
aoULAV 1e6 5 202 - 0.19 17.85 252688
aoD2AG 1e6 5 202 - 0.22 19.66 324848
aoD2SG 1e6 5 202 - 0.21 23.42 332988
dry 1e3 5 49 - 0.02 0.12 26056
aoDLAV 1e3 5 49 - 0.02 0.15 30424
aoULAV 1e3 5 49 - 0.02 0.15 30440
aoD2AG 1e3 5 49 - 0.03 0.14 30736
aoD2SG 1e3 5 49 - 0.03 0.14 30760
moore 1e3 5 49 - 0.04 3.06 59828
nbpm 1e3 5 49 - 0.13 4.47 129248
greedy 1e3 5 49 - 0.08 1.07 139392
dry 300e2 2 216 - 0.03 0.11 29184
aoDLAV 300e2 2 216 - 0.03 0.21 31300
aoULAV 300e2 2 216 - 0.03 0.21 31892
aoD2AG 300e2 2 216 - 0.04 0.23 35056
aoD2SG 300e2 2 216 - 0.03 0.25 34716
dry 1e5 2 93 - 0.03 0.13 32124
aoDLAV 1e5 2 93 - 0.05 0.41 34800
aoULAV 1e5 2 93 - 0.04 0.46 35324
aoD2AG 1e5 2 93 - 0.04 0.59 42604
aoD2SG 1e5 2 93 - 0.04 0.65 44056
dry 1e6 10 163 - 0.08 0.39 112236
aoDLAV 1e6 10 163 - 0.21 352.48 369884
aoULAV 1e6 10 163 - 0.29 364.29 369884
aoD2AG 1e6 10 163 - 0.39 369.21 448860
aoD2SG 1e6 10 163 - 0.44 466.39 458848
dry 375e2 2 15 - 0.03 0.12 29144
aoDLAV 375e2 2 15 - 0.03 0.24 31784
aoULAV 375e2 2 15 - 0.04 0.23 32604
aoD2AG 375e2 2 15 - 0.05 0.26 35516
aoD2SG 375e2 2 15 - 0.03 0.29 35528
dry 300e2 2 184 - 0.02 0.12 29108
aoDLAV 300e2 2 184 - 0.03 0.21 31296
aoULAV 300e2 2 184 - 0.03 0.21 31896
aoD2AG 300e2 2 184 - 0.03 0.23 35060
aoD2SG 300e2 2 184 - 0.03 0.25 34720
dry 5e4 5 189 - 0.02 0.13 30532
aoDLAV 5e4 5 189 - 0.03 0.69 34704
aoULAV 5e4 5 189 - 0.03 0.69 34708
aoD2AG 5e4 5 189 - 0.03 0.75 37732
aoD2SG 5e4 5 189 - 0.03 0.82 37936
dry 1e3 10 95 - 0.02 0.12 26136
aoDLAV 1e3 10 95 - 0.02 0.17 30652
aoULAV 1e3 10 95 - 0.03 0.15 30664
aoD2AG 1e3 10 95 - 0.03 0.16 31060
aoD2SG 1e3 10 95 - 0.03 0.16 31088
moore 1e3 10 95 - 0.04 1.62 59868
nbpm 1e3 10 95 - 0.12 4.66 136140
greedy 1e3 10 95 - 0.08 1.04 139620
dry 5e4 2 104 - 0.02 0.12 29928
aoDLAV 5e4 2 104 - 0.03 0.26 33008
aoULAV 5e4 2 104 - 0.03 0.27 33312
aoD2AG 5e4 2 104 - 0.03 0.33 36412
aoD2SG 5e4 2 104 - 0.04 0.34 36428
dry 350e2 2 108 - 0.03 0.11 27416
aoDLAV 350e2 2 108 - 0.03 0.23 31480
aoULAV 350e2 2 108 - 0.02 0.23 32260
aoD2AG 350e2 2 108 - 0.03 0.26 34848
aoD2SG 350e2 2 108 - 0.03 0.27 35132
dry 1e5 2 103 - 0.02 0.13 32124
aoDLAV 1e5 2 103 - 0.04 0.42 34800
aoULAV 1e5 2 103 - 0.03 0.44 35320
aoD2AG 1e5 2 103 - 0.05 0.54 42596
aoD2SG 1e5 2 103 - 0.04 0.62 43800
dry 1e3 10 242 - 0.03 0.11 26136
aoDLAV 1e3 10 242 - 0.03 0.16 30652
aoULAV 1e3 10 242 - 0.03 0.15 30664
aoD2AG 1e3 10 242 - 0.04 0.15 31068
aoD2SG 1e3 10 242 - 0.03 0.17 31084
moore 1e3 10 242 - 0.05 4.82 59888
nbpm 1e3 10 242 - 0.12 4.78 136224
greedy 1e3 10 242 - 0.08 1.03 139616
dry 1e6 2 169 - 0.03 0.20 49704
aoDLAV 1e6 2 169 - 0.11 3.68 178456
aoULAV 1e6 2 169 - 0.11 3.88 178460
aoD2AG 1e6 2 169 - 0.18 5.50 234728
aoD2SG 1e6 2 169 - 0.17 6.24 241768
dry 1e6 10 111 - 0.07 0.41 112232
aoDLAV 1e6 10 111 - 0.21 375.28 369888
aoULAV 1e6 10 111 - 0.31 384.06 369888
aoD2AG 1e6 10 111 - 0.39 514.59 448644
aoD2SG 1e6 10 111 - 0.42 414.56 455924
dry 1e1 2 220 - 0.02 0.12 25992
aoDLAV 1e1 2 220 - 0.02 0.14 30160
aoULAV 1e1 2 220 - 0.02 0.15 30192
aoD2AG 1e1 2 220 - 0.02 0.15 30328
aoD2SG 1e1 2 220 - 0.02 0.14 30328
moore 1e1 2 220 - 0.03 0.18 30488
nbpm 1e1 2 220 - 0.08 2.30 49824
greedy 1e1 2 220 - 0.03 0.14 30124
dry 325e2 2 73 - 0.02 0.12 29248
aoDLAV 325e2 2 73 - 0.03 0.21 31372
aoULAV 325e2 2 73 - 0.03 0.22 32084
aoD2AG 325e2 2 73 - 0.04 0.24 35004
aoD2SG 325e2 2 73 - 0.03 0.26 34760
dry 1e6 2 22 - 0.04 0.19 49704
aoDLAV 1e6 2 22 - 0.12 3.51 178460
aoULAV 1e6 2 22 - 0.13 3.71 178456
aoD2AG 1e6 2 22 - 0.15 5.28 234000
aoD2SG 1e6 2 22 - 0.20 5.94 241824
dry 1e2 5 113 - 0.03 0.11 26000
aoDLAV 1e2 5 113 - 0.03 0.14 30212
aoULAV 1e2 5 113 - 0.02 0.15 30224
aoD2AG 1e2 5 113 - 0.02 0.15 30388
aoD2SG 1e2 5 113 - 0.02 0.15 30392
moore 1e2 5 113 - 0.02 0.21 30496
nbpm 1e2 5 113 - 0.07 2.11 53012
greedy 1e2 5 113 - 0.03 0.14 30920
dry 5e4 5 144 - 0.02 0.13 30280
aoDLAV 5e4 5 144 - 0.03 0.68 34704
aoULAV 5e4 5 144 - 0.03 0.71 34704
aoD2AG 5e4 5 144 - 0.03 0.79 37724
aoD2SG 5e4 5 144 - 0.04 0.81 37936
dry 18e1 2 184 - 0.02 0.12 26004
aoDLAV 18e1 2 184 - 0.03 0.14 30184
aoULAV 18e1 2 184 - 0.03 0.14 30196
aoD2AG 18e1 2 184 - 0.02 0.15 30360
aoD2SG 18e1 2 184 - 0.02 0.15 30364
moore 18e1 2 184 - 0.03 0.30 30488
nbpm 18e1 2 184 - 0.08 2.11 54436
greedy 18e1 2 184 - 0.02 0.16 33348
dry 56e4 2 250 - 0.03 0.19 41108
aoDLAV 56e4 2 250 - 0.07 2.16 107988
aoULAV 56e4 2 250 - 0.10 2.29 107984
aoD2AG 56e4 2 250 - 0.12 3.21 139052
aoD2SG 56e4 2 250 - 0.14 4.20 143888
dry 32e4 2 159 - 0.03 0.16 36428
aoDLAV 32e4 2 159 - 0.06 1.26 70828
aoULAV 32e4 2 159 - 0.07 1.28 70840
aoD2AG 32e4 2 159 - 0.07 1.74 88196
aoD2SG 32e4 2 159 - 0.08 2.00 90644
dry 300e2 2 42 - 0.02 0.12 27216
aoDLAV 300e2 2 42 - 0.03 0.22 31296
aoULAV 300e2 2 42 - 0.02 0.22 31896
aoD2AG 300e2 2 42 - 0.03 0.24 35056
aoD2SG 300e2 2 42 - 0.03 0.26 34716
dry 56e4 2 237 - 0.03 0.19 41104
aoDLAV 56e4 2 237 - 0.09 2.15 107984
aoULAV 56e4 2 237 - 0.10 2.13 107984
aoD2AG 56e4 2 237 - 0.12 3.12 139260
aoD2SG 56e4 2 237 - 0.13 3.48 143728
dry 325e2 2 203 - 0.02 0.12 27320
aoDLAV 325e2 2 203 - 0.02 0.23 31372
aoULAV 325e2 2 203 - 0.03 0.22 32084
aoD2AG 325e2 2 203 - 0.03 0.25 35000
aoD2SG 325e2 2 203 - 0.03 0.26 34756
dry 1e2 5 120 - 0.02 0.12 25996
aoDLAV 1e2 5 120 - 0.02 0.14 30216
aoULAV 1e2 5 120 - 0.03 0.14 30224
aoD2AG 1e2 5 120 - 0.03 0.14 30384
aoD2SG 1e2 5 120 - 0.03 0.14 30388
moore 1e2 5 120 - 0.03 0.22 30496
nbpm 1e2 5 120 - 0.06 2.20 53020
greedy 1e2 5 120 - 0.03 0.14 30924
dry 1e2 10 139 - 0.02 0.12 26004
aoDLAV 1e2 10 139 - 0.03 0.14 30260
aoULAV 1e2 10 139 - 0.03 0.14 30272
aoD2AG 1e2 10 139 - 0.02 0.15 30444
aoD2SG 1e2 10 139 - 0.03 0.15 30444
moore 1e2 10 139 - 0.04 0.23 30496
nbpm 1e2 10 139 - 0.09 2.17 53080
greedy 1e2 10 139 - 0.03 0.15 30972
dry 32e3 2 174 - 0.02 0.12 27296
aoDLAV 32e3 2 174 - 0.03 0.22 31436
aoULAV 32e3 2 174 - 0.04 0.22 32144
aoD2AG 32e3 2 174 - 0.03 0.25 35024
aoD2SG 32e3 2 174 - 0.03 0.27 34788
dry 250e2 2 115 - 0.02 0.12 27020
aoDLAV 250e2 2 115 - 0.03 0.20 31108
aoULAV 250e2 2 115 - 0.03 0.21 31212
aoD2AG 250e2 2 115 - 0.03 0.23 33864
aoD2SG 250e2 2 115 - 0.03 0.24 33968
dry 56e1 2 196 - 0.02 0.12 26008
aoDLAV 56e1 2 196 - 0.03 0.14 30224
aoULAV 56e1 2 196 - 0.03 0.14 30232
aoD2AG 56e1 2 196 - 0.03 0.14 30420
aoD2SG 56e1 2 196 - 0.03 0.14 30424
moore 56e1 2 196 - 0.04 1.35 39664
nbpm 56e1 2 196 - 0.11 3.02 78712
greedy 56e1 2 196 - 0.05 0.40 64104
dry 225e2 2 24 - 0.02 0.12 26920
aoDLAV 225e2 2 24 - 0.02 0.20 30980
aoULAV 225e2 2 24 - 0.03 0.20 30996
aoD2AG 225e2 2 24 - 0.03 0.21 33368
aoD2SG 225e2 2 24 - 0.02 0.23 33460
dry 325e2 2 174 - 0.02 0.12 27316
aoDLAV 325e2 2 174 - 0.03 0.22 31372
aoULAV 325e2 2 174 - 0.03 0.22 32088
aoD2AG 325e2 2 174 - 0.03 0.26 35000
aoD2SG 325e2 2 174 - 0.04 0.26 34760
dry 1e5 5 80 - 0.03 0.14 34476
aoDLAV 1e5 5 80 - 0.04 1.51 41816
aoULAV 1e5 5 80 - 0.04 1.66 43572
aoD2AG 1e5 5 80 - 0.05 1.79 53568
aoD2SG 1e5 5 80 - 0.04 2.01 53204
dry 5e4 10 41 - 0.03 0.13 33892
aoDLAV 5e4 10 41 - 0.03 8.28 40260
aoULAV 5e4 10 41 - 0.05 8.66 40200
aoD2AG 5e4 10 41 - 0.06 8.30 44984
aoD2SG 5e4 10 41 - 0.04 9.29 44996
dry 1e6 2 242 - 0.04 0.19 49708
aoDLAV 1e6 2 242 - 0.10 3.60 178456
aoULAV 1e6 2 242 - 0.11 3.81 178456
aoD2AG 1e6 2 242 - 0.18 5.38 233552
aoD2SG 1e6 2 242 - 0.19 6.75 243952
dry 1e6 5 7 - 0.05 0.28 73152
aoDLAV 1e6 5 7 - 0.13 20.13 252692
aoULAV 1e6 5 7 - 0.16 20.43 252688
aoD2AG 1e6 5 7 - 0.22 22.10 323264
aoD2SG 1e6 5 7 - 0.28 25.75 331864
dry 1e1 2 90 - 0.02 0.11 25996
aoDLAV 1e1 2 90 - 0.03 0.14 30160
aoULAV 1e1 2 90 - 0.02 0.14 30176
aoD2AG 1e1 2 90 - 0.03 0.13 30320
aoD2SG 1e1 2 90 - 0.03 0.14 30320
moore 1e1 2 90 - 0.02 0.18 30476
nbpm 1e1 2 90 - 0.06 2.16 49820
greedy 1e1 2 90 - 0.03 0.15 30124
dry 225e2 2 118 - 0.03 0.12 26924
aoDLAV 225e2 2 118 - 0.03 0.20 30980
aoULAV 225e2 2 118 - 0.02 0.20 30992
aoD2AG 225e2 2 118 - 0.03 0.21 33368
aoD2SG 225e2 2 118 - 0.02 0.23 33468
dry 1e1 2 66 - 0.02 0.11 25992
aoDLAV 1e1 2 66 - 0.02 0.14 30160
aoULAV 1e1 2 66 - 0.02 0.14 30172
aoD2AG 1e1 2 66 - 0.03 0.13 30316
aoD2SG 1e1 2 66 - 0.03 0.14 30320
moore 1e1 2 66 - 0.02 0.18 30484
nbpm 1e1 2 66 - 0.06 2.15 49824
greedy 1e1 2 66 - 0.02 0.14 30124
dry 350e2 2 75 - 0.02 0.12 30828
aoDLAV 350e2 2 75 - 0.02 0.23 31480
aoULAV 350e2 2 75 - 0.02 0.23 32260
aoD2AG 350e2 2 75 - 0.02 0.26 34848
aoD2SG 350e2 2 75 - 0.03 0.27 35132
dry 56e1 2 205 - 0.02 0.11 26012
aoDLAV 56e1 2 205 - 0.03 0.14 30224
aoULAV 56e1 2 205 - 0.03 0.13 30232
aoD2AG 56e1 2 205 - 0.03 0.14 30416
aoD2SG 56e1 2 205 - 0.02 0.15 30424
moore 56e1 2 205 - 0.03 0.75 39688
nbpm 56e1 2 205 - 0.09 2.96 78712
greedy 56e1 2 205 - 0.04 0.39 64108
dry 1e2 10 165 - 0.02 0.12 26004
aoDLAV 1e2 10 165 - 0.02 0.14 30264
aoULAV 1e2 10 165 - 0.02 0.14 30276
aoD2AG 1e2 10 165 - 0.03 0.14 30440
aoD2SG 1e2 10 165 - 0.02 0.14 30444
moore 1e2 10 165 - 0.02 0.20 30500
nbpm 1e2 10 165 - 0.07 2.18 53076
greedy 1e2 10 165 - 0.03 0.14 30972
dry 5e4 5 37 - 0.02 0.13 30164
aoDLAV 5e4 5 37 - 0.03 0.72 34708
aoULAV 5e4 5 37 - 0.03 0.74 34704
aoD2AG 5e4 5 37 - 0.04 0.78 37728
aoD2SG 5e4 5 37 - 0.04 0.85 37936
dry 56e1 2 58 - 0.02 0.12 26008
aoDLAV 56e1 2 58 - 0.02 0.15 30224
aoULAV 56e1 2 58 - 0.02 0.14 30232
aoD2AG 56e1 2 58 - 0.01 0.15 30416
aoD2SG 56e1 2 58 - 0.02 0.15 30424
moore 56e1 2 58 - 0.03 1.85 39652
nbpm 56e1 2 58 - 0.09 2.94 78704
greedy 56e1 2 58 - 0.04 0.39 64104
dry 5e4 10 108 - 0.03 0.13 33888
aoDLAV 5e4 10 108 - 0.04 7.69 40204
aoULAV 5e4 10 108 - 0.04 7.72 40200
aoD2AG 5e4 10 108 - 0.04 8.40 44992
aoD2SG 5e4 10 108 - 0.04 9.32 44996
dry 1e1 2 167 - 0.03 0.11 25996
aoDLAV 1e1 2 167 - 0.02 0.15 30160
aoULAV 1e1 2 167 - 0.03 0.14 30172
aoD2AG 1e1 2 167 - 0.03 0.14 30324
aoD2SG 1e1 2 167 - 0.03 0.14 30328
moore 1e1 2 167 - 0.03 0.18 30476
nbpm 1e1 2 167 - 0.07 2.10 49816
greedy 1e1 2 167 - 0.03 0.14 30124
dry 5e4 10 129 - 0.04 0.13 33888
aoDLAV 5e4 10 129 - 0.04 7.06 40204
aoULAV 5e4 10 129 - 0.03 8.21 40200
aoD2AG 5e4 10 129 - 0.04 8.30 44984
aoD2SG 5e4 10 129 - 0.04 9.11 44996
dry 1e3 5 172 - 0.02 0.12 26056
aoDLAV 1e3 5 172 - 0.02 0.15 30424
aoULAV 1e3 5 172 - 0.02 0.15 30436
aoD2AG 1e3 5 172 - 0.02 0.15 30756
aoD2SG 1e3 5 172 - 0.02 0.15 30776
moore 1e3 5 172 - 0.04 6.41 59800
nbpm 1e3 5 172 - 0.12 4.33 129244
greedy 1e3 5 172 - 0.08 1.00 139388
dry 5e4 2 207 - 0.03 0.11 29944
aoDLAV 5e4 2 207 - 0.03 0.27 33012
aoULAV 5e4 2 207 - 0.03 0.27 33316
aoD2AG 5e4 2 207 - 0.02 0.35 36408
aoD2SG 5e4 2 207 - 0.03 0.37 36424
dry 18e4 2 88 - 0.02 0.14 33104
aoDLAV 18e4 2 88 - 0.04 0.79 47860
aoULAV 18e4 2 88 - 0.03 0.81 47864
aoD2AG 18e4 2 88 - 0.05 1.02 58640
aoD2SG 18e4 2 88 - 0.04 1.14 59776
dry 325e2 2 179 - 0.02 0.12 27316
aoDLAV 325e2 2 179 - 0.03 0.22 31372
aoULAV 325e2 2 179 - 0.02 0.23 32084
aoD2AG 325e2 2 179 - 0.03 0.25 35000
aoD2SG 325e2 2 179 - 0.03 0.26 34760
dry 56e1 2 1 - 0.02 0.11 26012
aoDLAV 56e1 2 1 - 0.03 0.14 30220
aoULAV 56e1 2 1 - 0.03 0.14 30232
aoD2AG 56e1 2 1 - 0.03 0.14 30420
aoD2SG 56e1 2 1 - 0.03 0.14 30424
moore 56e1 2 1 - 0.03 0.79 39692
nbpm 56e1 2 1 - 0.09 2.90 78716
greedy 56e1 2 1 - 0.04 0.40 64108
dry 1e2 2 43 - 0.02 0.12 25996
aoDLAV 1e2 2 43 - 0.03 0.14 30168
aoULAV 1e2 2 43 - 0.03 0.15 30180
aoD2AG 1e2 2 43 - 0.02 0.15 30336
aoD2SG 1e2 2 43 - 0.02 0.15 30340
moore 1e2 2 43 - 0.02 0.20 30488
nbpm 1e2 2 43 - 0.06 2.19 53012
greedy 1e2 2 43 - 0.03 0.14 30880
dry 1e3 10 40 - 0.02 0.12 26136
aoDLAV 1e3 10 40 - 0.03 0.16 30652
aoULAV 1e3 10 40 - 0.03 0.16 30664
aoD2AG 1e3 10 40 - 0.04 0.15 31048
aoD2SG 1e3 10 40 - 0.03 0.16 31060
moore 1e3 10 40 - 0.04 5.63 59876
nbpm 1e3 10 40 - 0.11 4.62 136144
greedy 1e3 10 40 - 0.07 1.00 139616
dry 1e2 5 47 - 0.02 0.11 25996
aoDLAV 1e2 5 47 - 0.03 0.14 30212
aoULAV 1e2 5 47 - 0.02 0.15 30224
aoD2AG 1e2 5 47 - 0.03 0.14 30384
aoD2SG 1e2 5 47 - 0.02 0.15 30392
moore 1e2 5 47 - 0.02 0.21 30496
nbpm 1e2 5 47 - 0.07 2.17 53016
greedy 1e2 5 47 - 0.02 0.15 30920
dry 32e1 2 217 - 0.02 0.11 26004
aoDLAV 32e1 2 217 - 0.02 0.14 30196
aoULAV 32e1 2 217 - 0.03 0.14 30208
aoD2AG 32e1 2 217 - 0.02 0.14 30376
aoD2SG 32e1 2 217 - 0.02 0.15 30384
moore 32e1 2 217 - 0.02 0.44 33684
nbpm 32e1 2 217 - 0.07 2.58 58308
greedy 32e1 2 217 - 0.02 0.22 40972
dry 1e2 2 41 - 0.02 0.11 25996
aoDLAV 1e2 2 41 - 0.03 0.14 30168
aoULAV 1e2 2 41 - 0.03 0.14 30180
aoD2AG 1e2 2 41 - 0.02 0.14 30336
aoD2SG 1e2 2 41 - 0.03 0.14 30344
moore 1e2 2 41 - 0.03 0.23 30488
nbpm 1e2 2 41 - 0.08 2.15 53008
greedy 1e2 2 41 - 0.03 0.14 30880
dry 56e4 2 167 - 0.04 0.18 41108
aoDLAV 56e4 2 167 - 0.07 2.14 107984
aoULAV 56e4 2 167 - 0.08 2.18 107984
aoD2AG 56e4 2 167 - 0.11 3.07 140000
aoD2SG 56e4 2 167 - 0.13 3.41 144152
dry 18e4 2 68 - 0.03 0.13 33620
aoDLAV 18e4 2 68 - 0.05 0.77 47864
aoULAV 18e4 2 68 - 0.05 0.78 47860
aoD2AG 18e4 2 68 - 0.06 1.03 58644
aoD2SG 18e4 2 68 - 0.05 1.18 59820
dry 300e2 2 200 - 0.02 0.12 27216
aoDLAV 300e2 2 200 - 0.03 0.21 31296
aoULAV 300e2 2 200 - 0.03 0.21 31892
aoD2AG 300e2 2 200 - 0.03 0.24 35056
aoD2SG 300e2 2 200 - 0.03 0.26 34712
dry 1e2 5 144 - 0.03 0.11 25996
aoDLAV 1e2 5 144 - 0.02 0.14 30212
aoULAV 1e2 5 144 - 0.02 0.15 30228
aoD2AG 1e2 5 144 - 0.03 0.14 30384
aoD2SG 1e2 5 144 - 0.03 0.14 30388
moore 1e2 5 144 - 0.03 0.19 30492
nbpm 1e2 5 144 - 0.08 2.15 53016
greedy 1e2 5 144 - 0.02 0.15 30920
dry 1e5 10 143 - 0.04 0.18 38396
aoDLAV 1e5 10 143 - 0.05 22.76 53536
aoULAV 1e5 10 143 - 0.06 22.44 55316
aoD2AG 1e5 10 143 - 0.06 22.28 62684
aoD2SG 1e5 10 143 - 0.05 24.45 66832
dry 5e4 5 183 - 0.03 0.13 30676
aoDLAV 5e4 5 183 - 0.02 0.75 34704
aoULAV 5e4 5 183 - 0.03 0.74 34708
aoD2AG 5e4 5 183 - 0.03 0.80 37732
aoD2SG 5e4 5 183 - 0.04 0.85 37936
dry 32e3 2 162 - 0.02 0.12 27296
aoDLAV 32e3 2 162 - 0.02 0.22 31436
aoULAV 32e3 2 162 - 0.03 0.22 32148
aoD2AG 32e3 2 162 - 0.03 0.24 35020
aoD2SG 32e3 2 162 - 0.03 0.26 34792
dry 275e2 2 169 - 0.03 0.11 27124
aoDLAV 275e2 2 169 - 0.02 0.20 31284
aoULAV 275e2 2 169 - 0.03 0.21 31568
aoD2AG 275e2 2 169 - 0.03 0.23 34696
aoD2SG 275e2 2 169 - 0.03 0.24 34816
dry 1e2 5 137 - 0.03 0.11 25996
aoDLAV 1e2 5 137 - 0.03 0.14 30212
aoULAV 1e2 5 137 - 0.02 0.14 30228
aoD2AG 1e2 5 137 - 0.03 0.14 30384
aoD2SG 1e2 5 137 - 0.03 0.14 30392
moore 1e2 5 137 - 0.03 0.22 30496
nbpm 1e2 5 137 - 0.07 2.14 53016
greedy 1e2 5 137 - 0.03 0.14 30920
dry 1e2 5 122 - 0.02 0.12 25996
aoDLAV 1e2 5 122 - 0.02 0.14 30216
aoULAV 1e2 5 122 - 0.04 0.13 30228
aoD2AG 1e2 5 122 - 0.02 0.15 30388
aoD2SG 1e2 5 122 - 0.02 0.14 30388
moore 1e2 5 122 - 0.02 0.23 30492
nbpm 1e2 5 122 - 0.07 2.14 53016
greedy 1e2 5 122 - 0.03 0.14 30920
dry 375e2 2 61 - 0.03 0.11 29196
aoDLAV 375e2 2 61 - 0.03 0.23 31784
aoULAV 375e2 2 61 - 0.03 0.23 32604
aoD2AG 375e2 2 61 - 0.03 0.27 35512
aoD2SG 375e2 2 61 - 0.03 0.28 35528
dry 375e2 2 22 - 0.03 0.11 29304
aoDLAV 375e2 2 22 - 0.04 0.22 31788
aoULAV 375e2 2 22 - 0.03 0.23 32608
aoD2AG 375e2 2 22 - 0.02 0.28 35516
aoD2SG 375e2 2 22 - 0.04 0.27 35524
dry 1e6 2 249 - 0.05 0.19 49704
aoDLAV 1e6 2 249 - 0.11 3.77 178456
aoULAV 1e6 2 249 - 0.13 3.87 178456
aoD2AG 1e6 2 249 - 0.17 5.62 233260
aoD2SG 1e6 2 249 - 0.19 6.31 242248
dry 1e1 2 83 - 0.02 0.12 25992
aoDLAV 1e1 2 83 - 0.02 0.14 30160
aoULAV 1e1 2 83 - 0.03 0.14 30172
aoD2AG 1e1 2 83 - 0.02 0.14 30316
aoD2SG 1e1 2 83 - 0.02 0.15 30320
moore 1e1 2 83 - 0.03 0.18 30536
nbpm 1e1 2 83 - 0.07 2.13 49816
greedy 1e1 2 83 - 0.02 0.14 30128
dry 250e2 2 169 - 0.02 0.12 27020
aoDLAV 250e2 2 169 - 0.02 0.20 31108
aoULAV 250e2 2 169 - 0.03 0.20 31212
aoD2AG 250e2 2 169 - 0.03 0.22 33860
aoD2SG 250e2 2 169 - 0.04 0.24 33960
dry 400e2 2 223 - 0.02 0.12 30928
aoDLAV 400e2 2 223 - 0.03 0.24 32236
aoULAV 400e2 2 223 - 0.03 0.25 33112
aoD2AG 400e2 2 223 - 0.03 0.28 36072
aoD2SG 400e2 2 223 - 0.03 0.30 35924
dry 1e2 5 44 - 0.02 0.12 26000
aoDLAV 1e2 5 44 - 0.03 0.14 30212
aoULAV 1e2 5 44 - 0.03 0.14 30224
aoD2AG 1e2 5 44 - 0.03 0.14 30380
aoD2SG 1e2 5 44 - 0.03 0.14 30388
moore 1e2 5 44 - 0.02 0.23 30492
nbpm 1e2 5 44 - 0.08 2.15 53016
greedy 1e2 5 44 - 0.02 0.15 30924
dry 1e3 10 39 - 0.01 0.12 26136
aoDLAV 1e3 10 39 - 0.03 0.15 30652
aoULAV 1e3 10 39 - 0.02 0.16 30664
aoD2AG 1e3 10 39 - 0.03 0.16 31064
aoD2SG 1e3 10 39 - 0.02 0.17 31080
moore 1e3 10 39 - 0.05 2.02 59868
nbpm 1e3 10 39 - 0.11 4.88 136144
greedy 1e3 10 39 - 0.09 1.04 139616
dry 350e2 2 43 - 0.03 0.11 27416
aoDLAV 350e2 2 43 - 0.03 0.22 31480
aoULAV 350e2 2 43 - 0.03 0.23 32260
aoD2AG 350e2 2 43 - 0.02 0.27 34848
aoD2SG 350e2 2 43 - 0.03 0.28 35136
dry 1e1 2 214 - 0.02 0.12 25996
aoDLAV 1e1 2 214 - 0.03 0.14 30164
aoULAV 1e1 2 214 - 0.04 0.13 30172
aoD2AG 1e1 2 214 - 0.02 0.14 30312
aoD2SG 1e1 2 214 - 0.02 0.15 30312
moore 1e1 2 214 - 0.03 0.18 30488
nbpm 1e1 2 214 - 0.08 2.13 49824
greedy 1e1 2 214 - 0.03 0.14 30124
dry 32e3 2 95 - 0.02 0.12 27296
aoDLAV 32e3 2 95 - 0.02 0.23 31436
aoULAV 32e3 2 95 - 0.03 0.22 32148
aoD2AG 32e3 2 95 - 0.04 0.24 35020
aoD2SG 32e3 2 95 - 0.03 0.27 34788
dry 1e2 5 226 - 0.02 0.12 25996
aoDLAV 1e2 5 226 - 0.03 0.14 30228
aoULAV 1e2 5 226 - 0.02 0.14 30224
aoD2AG 1e2 5 226 - 0.03 0.14 30384
aoD2SG 1e2 5 226 - 0.02 0.14 30388
moore 1e2 5 226 - 0.02 0.20 30492
nbpm 1e2 5 226 - 0.07 2.15 53016
greedy 1e2 5 226 - 0.03 0.14 30924
dry 18e4 2 149 - 0.03 0.13 33108
aoDLAV 18e4 2 149 - 0.04 0.76 47864
aoULAV 18e4 2 149 - 0.05 0.76 47860
aoD2AG 18e4 2 149 - 0.05 1.00 59220
aoD2SG 18e4 2 149 - 0.06 1.12 59932
dry 300e2 2 106 - 0.03 0.11 27216
aoDLAV 300e2 2 106 - 0.03 0.21 31332
aoULAV 300e2 2 106 - 0.03 0.21 31892
aoD2AG 300e2 2 106 - 0.03 0.24 35056
aoD2SG 300e2 2 106 - 0.03 0.25 34720
dry 32e3 2 140 - 0.03 0.11 27296
aoDLAV 32e3 2 140 - 0.03 0.21 31436
aoULAV 32e3 2 140 - 0.03 0.21 32148
aoD2AG 32e3 2 140 - 0.03 0.25 35020
aoD2SG 32e3 2 140 - 0.04 0.25 34788
dry 56e3 2 237 - 0.02 0.12 28240
aoDLAV 56e3 2 237 - 0.04 0.28 33476
aoULAV 56e3 2 237 - 0.04 0.29 34700
aoD2AG 56e3 2 237 - 0.04 0.36 37284
aoD2SG 56e3 2 237 - 0.04 0.38 37300
dry 1e3 2 11 - 0.02 0.11 26020
aoDLAV 1e3 2 11 - 0.04 0.13 30280
aoULAV 1e3 2 11 - 0.03 0.14 30296
aoD2AG 1e3 2 11 - 0.03 0.14 30540
aoD2SG 1e3 2 11 - 0.02 0.15 30560
moore 1e3 2 11 - 0.04 5.71 59768
nbpm 1e3 2 11 - 0.11 4.09 138552
greedy 1e3 2 11 - 0.08 1.03 139248
dry 1e3 2 211 - 0.03 0.12 26020
aoDLAV 1e3 2 211 - 0.02 0.15 30284
aoULAV 1e3 2 211 - 0.03 0.14 30292
aoD2AG 1e3 2 211 - 0.02 0.14 30536
aoD2SG 1e3 2 211 - 0.03 0.14 30556
moore 1e3 2 211 - 0.04 4.85 59776
nbpm 1e3 2 211 - 0.13 4.06 138564
greedy 1e3 2 211 - 0.10 1.02 139244
dry 225e2 2 156 - 0.02 0.12 26924
aoDLAV 225e2 2 156 - 0.03 0.21 30984
aoULAV 225e2 2 156 - 0.03 0.20 30992
aoD2AG 225e2 2 156 - 0.04 0.21 33372
aoD2SG 225e2 2 156 - 0.02 0.23 33464
dry 18e1 2 79 - 0.02 0.11 26008
aoDLAV 18e1 2 79 - 0.02 0.15 30184
aoULAV 18e1 2 79 - 0.03 0.14 30200
aoD2AG 18e1 2 79 - 0.03 0.14 30372
aoD2SG 18e1 2 79 - 0.02 0.15 30364
moore 18e1 2 79 - 0.03 0.29 30488
nbpm 18e1 2 79 - 0.08 2.17 54436
greedy 18e1 2 79 - 0.02 0.16 33348
dry 1e3 5 20 - 0.02 0.12 26056
aoDLAV 1e3 5 20 - 0.02 0.15 30424
aoULAV 1e3 5 20 - 0.02 0.15 30460
aoD2AG 1e3 5 20 - 0.02 0.15 30752
aoD2SG 1e3 5 20 - 0.02 0.15 30764
moore 1e3 5 20 - 0.04 12.30 59804
nbpm 1e3 5 20 - 0.11 4.39 129344
greedy 1e3 5 20 - 0.08 1.03 139392
dry 1e2 5 97 - 0.02 0.12 25996
aoDLAV 1e2 5 97 - 0.03 0.14 30212
aoULAV 1e2 5 97 - 0.02 0.14 30228
aoD2AG 1e2 5 97 - 0.03 0.14 30384
aoD2SG 1e2 5 97 - 0.04 0.14 30388
moore 1e2 5 97 - 0.03 0.21 30492
nbpm 1e2 5 97 - 0.07 2.14 53016
greedy 1e2 5 97 - 0.02 0.15 30920
dry 56e1 2 177 - 0.03 0.11 26012
aoDLAV 56e1 2 177 - 0.03 0.13 30220
aoULAV 56e1 2 177 - 0.03 0.13 30236
aoD2AG 56e1 2 177 - 0.03 0.14 30416
aoD2SG 56e1 2 177 - 0.02 0.14 30424
moore 56e1 2 177 - 0.03 1.66 39664
nbpm 56e1 2 177 - 0.10 2.88 78716
greedy 56e1 2 177 - 0.04 0.39 64104
dry 1e2 10 66 - 0.02 0.11 26008
aoDLAV 1e2 10 66 - 0.03 0.14 30260
aoULAV 1e2 10 66 - 0.03 0.14 30272
aoD2AG 1e2 10 66 - 0.04 0.13 30440
aoD2SG 1e2 10 66 - 0.03 0.14 30452
moore 1e2 10 66 - 0.02 0.22 30496
nbpm 1e2 10 66 - 0.08 2.12 53076
greedy 1e2 10 66 - 0.02 0.15 30972
dry 1e5 10 213 - 0.03 0.18 38396
aoDLAV 1e5 10 213 - 0.04 21.39 53540
aoULAV 1e5 10 213 - 0.06 21.53 55308
aoD2AG 1e5 10 213 - 0.05 21.47 62644
aoD2SG 1e5 10 213 - 0.06 24.31 66836
dry 375e2 2 182 - 0.02 0.12 27520
aoDLAV 375e2 2 182 - 0.04 0.23 31784
aoULAV 375e2 2 182 - 0.03 0.23 32604
aoD2AG 375e2 2 182 - 0.03 0.27 35520
aoD2SG 375e2 2 182 - 0.03 0.29 35528
dry 1e5 2 229 - 0.02 0.14 31696
aoDLAV 1e5 2 229 - 0.04 0.43 34800
aoULAV 1e5 2 229 - 0.03 0.45 35324
aoD2AG 1e5 2 229 - 0.04 0.57 42604
aoD2SG 1e5 2 229 - 0.04 0.63 43800
dry 350e2 2 63 - 0.03 0.11 30828
aoDLAV 350e2 2 63 - 0.03 0.22 31480
aoULAV 350e2 2 63 - 0.03 0.23 32260
aoD2AG 350e2 2 63 - 0.02 0.27 34904
aoD2SG 350e2 2 63 - 0.03 0.27 35136
dry 400e2 2 11 - 0.02 0.12 27616
aoDLAV 400e2 2 11 - 0.03 0.24 32236
aoULAV 400e2 2 11 - 0.03 0.24 33116
aoD2AG 400e2 2 11 - 0.04 0.28 36068
aoD2SG 400e2 2 11 - 0.03 0.30 35928
dry 18e4 2 224 - 0.03 0.14 33104
aoDLAV 18e4 2 224 - 0.04 0.74 47864
aoULAV 18e4 2 224 - 0.04 0.78 47860
aoD2AG 18e4 2 224 - 0.06 0.99 58640
aoD2SG 18e4 2 224 - 0.05 1.10 59748
dry 56e4 2 148 - 0.03 0.19 41104
aoDLAV 56e4 2 148 - 0.07 2.05 107984
aoULAV 56e4 2 148 - 0.08 2.15 107984
aoD2AG 56e4 2 148 - 0.12 3.02 140704
aoD2SG 56e4 2 148 - 0.13 3.37 143056
dry 275e2 2 205 - 0.02 0.12 27120
aoDLAV 275e2 2 205 - 0.03 0.20 31240
aoULAV 275e2 2 205 - 0.02 0.21 31576
aoD2AG 275e2 2 205 - 0.03 0.23 34728
aoD2SG 275e2 2 205 - 0.03 0.24 34816
dry 56e3 2 121 - 0.02 0.12 29996
aoDLAV 56e3 2 121 - 0.03 0.29 33476
aoULAV 56e3 2 121 - 0.03 0.29 34696
aoD2AG 56e3 2 121 - 0.04 0.35 37284
aoD2SG 56e3 2 121 - 0.03 0.38 37296
dry 18e4 2 140 - 0.03 0.13 33104
aoDLAV 18e4 2 140 - 0.05 0.81 47864
aoULAV 18e4 2 140 - 0.05 0.80 47864
aoD2AG 18e4 2 140 - 0.05 1.01 58648
aoD2SG 18e4 2 140 - 0.06 1.13 59844
dry 250e2 2 134 - 0.02 0.12 27020
aoDLAV 250e2 2 134 - 0.03 0.20 31112
aoULAV 250e2 2 134 - 0.03 0.20 31212
aoD2AG 250e2 2 134 - 0.03 0.22 33860
aoD2SG 250e2 2 134 - 0.02 0.24 33964
dry 32e4 2 37 - 0.03 0.16 36424
aoDLAV 32e4 2 37 - 0.06 1.27 70828
aoULAV 32e4 2 37 - 0.05 1.32 70840
aoD2AG 32e4 2 37 - 0.08 1.79 88288
aoD2SG 32e4 2 37 - 0.08 2.00 90760
dry 56e3 2 5 - 0.03 0.11 28236
aoDLAV 56e3 2 5 - 0.03 0.31 33476
aoULAV 56e3 2 5 - 0.04 0.30 34696
aoD2AG 56e3 2 5 - 0.04 0.37 37280
aoD2SG 56e3 2 5 - 0.04 0.38 37300
dry 32e3 2 26 - 0.02 0.12 27296
aoDLAV 32e3 2 26 - 0.03 0.21 31436
aoULAV 32e3 2 26 - 0.03 0.23 32144
aoD2AG 32e3 2 26 - 0.03 0.25 35024
aoD2SG 32e3 2 26 - 0.02 0.28 34788
dry 32e3 2 244 - 0.03 0.12 27296
aoDLAV 32e3 2 244 - 0.03 0.22 31440
aoULAV 32e3 2 244 - 0.03 0.23 32152
aoD2AG 32e3 2 244 - 0.03 0.25 35020
aoD2SG 32e3 2 244 - 0.03 0.26 34832
dry 56e4 2 209 - 0.03 0.19 41108
aoDLAV 56e4 2 209 - 0.08 2.15 107988
aoULAV 56e4 2 209 - 0.09 2.19 107984
aoD2AG 56e4 2 209 - 0.12 3.15 138968
aoD2SG 56e4 2 209 - 0.13 3.48 144312
dry 1e6 2 162 - 0.04 0.20 49752
aoDLAV 1e6 2 162 - 0.11 3.77 178456
aoULAV 1e6 2 162 - 0.12 3.70 178460
aoD2AG 1e6 2 162 - 0.19 5.23 236332
aoD2SG 1e6 2 162 - 0.19 6.66 242028
dry 1e6 10 55 - 0.08 0.38 112232
aoDLAV 1e6 10 55 - 1.47 389.67 369884
aoULAV 1e6 10 55 - 0.30 391.64 369888
aoD2AG 1e6 10 55 - 0.43 515.87 447152
aoD2SG 1e6 10 55 - 0.40 378.69 459604
