dry 32e1 2 239 - 0.03 0.10 26000
aoDLAV 32e1 2 239 - 0.02 0.14 30200
aoULAV 32e1 2 239 - 0.03 0.14 30212
aoD2AG 32e1 2 239 - 0.02 0.14 30376
aoD2SG 32e1 2 239 - 0.02 0.14 30384
moore 32e1 2 239 - 0.03 0.48 33684
nbpm 32e1 2 239 - 0.06 2.15 58308
greedy 32e1 2 239 - 0.02 0.19 40972
dry 1e5 5 16 - 0.02 0.13 34476
aoDLAV 1e5 5 16 - 0.04 1.06 41820
aoULAV 1e5 5 16 - 0.03 1.05 43572
aoD2AG 1e5 5 16 - 0.03 1.24 53564
aoD2SG 1e5 5 16 - 0.04 1.34 53204
dry 1e3 2 35 - 0.03 0.09 26020
aoDLAV 1e3 2 35 - 0.02 0.13 30280
aoULAV 1e3 2 35 - 0.02 0.13 30292
aoD2AG 1e3 2 35 - 0.02 0.14 30536
aoD2SG 1e3 2 35 - 0.03 0.14 30564
moore 1e3 2 35 - 0.05 5.53 59784
nbpm 1e3 2 35 - 0.12 4.25 138556
greedy 1e3 2 35 - 0.09 0.94 139244
dry 1e5 2 16 - 0.02 0.13 30728
aoDLAV 1e5 2 16 - 0.03 0.37 34812
aoULAV 1e5 2 16 - 0.02 0.34 35320
aoD2AG 1e5 2 16 - 0.04 0.58 42600
aoD2SG 1e5 2 16 - 0.04 0.55 44012
dry 18e4 2 1 - 0.02 0.13 33104
aoDLAV 18e4 2 1 - 0.04 0.65 47864
aoULAV 18e4 2 1 - 0.04 0.68 47864
aoD2AG 18e4 2 1 - 0.05 0.87 58644
aoD2SG 18e4 2 1 - 0.05 0.97 59932
dry 1e5 5 46 - 0.03 0.13 34480
aoDLAV 1e5 5 46 - 0.04 1.15 41816
aoULAV 1e5 5 46 - 0.03 1.67 43572
aoD2AG 1e5 5 46 - 0.04 1.30 53852
aoD2SG 1e5 5 46 - 0.05 1.56 53200
dry 32e4 2 147 - 0.02 0.15 36428
aoDLAV 32e4 2 147 - 0.04 1.12 70832
aoULAV 32e4 2 147 - 0.06 1.10 70840
aoD2AG 32e4 2 147 - 0.07 1.52 88924
aoD2SG 32e4 2 147 - 0.06 1.67 90892
dry 250e2 2 71 - 0.02 0.12 27020
aoDLAV 250e2 2 71 - 0.02 0.20 31112
aoULAV 250e2 2 71 - 0.03 0.19 31212
aoD2AG 250e2 2 71 - 0.03 0.21 33860
aoD2SG 250e2 2 71 - 0.03 0.23 33964
dry 5e4 5 180 - 0.03 0.13 30832
aoDLAV 5e4 5 180 - 0.02 0.62 34704
aoULAV 5e4 5 180 - 0.04 0.57 34708
aoD2AG 5e4 5 180 - 0.04 0.71 37728
aoD2SG 5e4 5 180 - 0.04 0.72 37936
dry 1e5 2 225 - 0.03 0.12 30520
aoDLAV 1e5 2 225 - 0.03 0.44 34804
aoULAV 1e5 2 225 - 0.03 0.40 35320
aoD2AG 1e5 2 225 - 0.04 0.58 42600
aoD2SG 1e5 2 225 - 0.04 0.58 43800
dry 18e1 2 65 - 0.02 0.11 26004
aoDLAV 18e1 2 65 - 0.02 0.14 30188
aoULAV 18e1 2 65 - 0.02 0.14 30196
aoD2AG 18e1 2 65 - 0.02 0.14 30348
aoD2SG 18e1 2 65 - 0.02 0.14 30364
moore 18e1 2 65 - 0.03 0.30 30500
nbpm 18e1 2 65 - 0.08 2.08 54440
greedy 18e1 2 65 - 0.03 0.14 33352
dry 350e2 2 30 - 0.03 0.11 30828
aoDLAV 350e2 2 30 - 0.02 0.20 31480
aoULAV 350e2 2 30 - 0.02 0.21 32260
aoD2AG 350e2 2 30 - 0.03 0.23 34848
aoD2SG 350e2 2 30 - 0.02 0.25 35132
dry 1e6 2 27 - 0.04 0.18 49708
aoDLAV 1e6 2 27 - 0.11 3.38 178456
aoULAV 1e6 2 27 - 0.17 3.68 178456
aoD2AG 1e6 2 27 - 0.18 6.15 234808
aoD2SG 1e6 2 27 - 0.20 7.34 242232
dry 32e4 2 117 - 0.03 0.16 36424
aoDLAV 32e4 2 117 - 0.07 1.17 70828
aoULAV 32e4 2 117 - 0.06 1.17 70844
aoD2AG 32e4 2 117 - 0.08 1.75 88812
aoD2SG 32e4 2 117 - 0.07 2.10 91000
dry 400e2 2 150 - 0.03 0.11 29092
aoDLAV 400e2 2 150 - 0.02 0.26 32236
aoULAV 400e2 2 150 - 0.03 0.25 33112
aoD2AG 400e2 2 150 - 0.03 0.27 36076
aoD2SG 400e2 2 150 - 0.03 0.28 35928
dry 32e4 2 235 - 0.03 0.16 36424
aoDLAV 32e4 2 235 - 0.06 1.14 70828
aoULAV 32e4 2 235 - 0.06 1.18 70840
aoD2AG 32e4 2 235 - 0.07 1.80 88484
aoD2SG 32e4 2 235 - 0.06 1.98 90708
dry 32e4 2 9 - 0.03 0.16 36428
aoDLAV 32e4 2 9 - 0.07 1.25 70828
aoULAV 32e4 2 9 - 0.05 1.26 70840
aoD2AG 32e4 2 9 - 0.06 1.60 89164
aoD2SG 32e4 2 9 - 0.07 1.83 91640
dry 32e3 2 211 - 0.03 0.11 27296
aoDLAV 32e3 2 211 - 0.03 0.22 31468
aoULAV 32e3 2 211 - 0.03 0.23 32148
aoD2AG 32e3 2 211 - 0.02 0.25 35020
aoD2SG 32e3 2 211 - 0.03 0.25 34788
dry 18e1 2 102 - 0.04 0.11 26004
aoDLAV 18e1 2 102 - 0.03 0.14 30228
aoULAV 18e1 2 102 - 0.03 0.15 30196
aoD2AG 18e1 2 102 - 0.04 0.14 30356
aoD2SG 18e1 2 102 - 0.02 0.16 30368
moore 18e1 2 102 - 0.03 0.25 30488
nbpm 18e1 2 102 - 0.08 2.22 54436
greedy 18e1 2 102 - 0.03 0.15 33352
dry 1e2 10 133 - 0.02 0.11 26004
aoDLAV 1e2 10 133 - 0.03 0.14 30260
aoULAV 1e2 10 133 - 0.02 0.15 30272
aoD2AG 1e2 10 133 - 0.04 0.13 30440
aoD2SG 1e2 10 133 - 0.03 0.14 30448
moore 1e2 10 133 - 0.02 0.26 30500
nbpm 1e2 10 133 - 0.06 2.30 53076
greedy 1e2 10 133 - 0.03 0.14 30972
dry 1e5 2 89 - 0.02 0.13 32124
aoDLAV 1e5 2 89 - 0.03 0.46 34804
aoULAV 1e5 2 89 - 0.03 0.46 35320
aoD2AG 1e5 2 89 - 0.04 0.58 42600
aoD2SG 1e5 2 89 - 0.04 0.66 43836
dry 1e3 10 51 - 0.02 0.12 26136
aoDLAV 1e3 10 51 - 0.02 0.17 30652
aoULAV 1e3 10 51 - 0.02 0.17 30664
aoD2AG 1e3 10 51 - 0.03 0.16 31056
aoD2SG 1e3 10 51 - 0.04 0.16 31080
moore 1e3 10 51 - 0.04 3.31 59868
nbpm 1e3 10 51 - 0.11 4.56 136140
greedy 1e3 10 51 - 0.08 0.96 139616
dry 250e2 2 223 - 0.02 0.11 27020
aoDLAV 250e2 2 223 - 0.02 0.20 31108
aoULAV 250e2 2 223 - 0.02 0.20 31212
aoD2AG 250e2 2 223 - 0.03 0.21 33860
aoD2SG 250e2 2 223 - 0.04 0.22 33964
dry 56e4 2 248 - 0.03 0.18 41104
aoDLAV 56e4 2 248 - 0.07 1.93 107984
aoULAV 56e4 2 248 - 0.08 2.00 107984
aoD2AG 56e4 2 248 - 0.12 2.95 140104
aoD2SG 56e4 2 248 - 0.12 3.19 143608
dry 1e3 10 186 - 0.02 0.12 26140
aoDLAV 1e3 10 186 - 0.03 0.15 30652
aoULAV 1e3 10 186 - 0.02 0.16 30664
aoD2AG 1e3 10 186 - 0.02 0.16 31056
aoD2SG 1e3 10 186 - 0.02 0.17 31088
moore 1e3 10 186 - 0.05 2.49 59868
nbpm 1e3 10 186 - 0.13 4.64 136168
greedy 1e3 10 186 - 0.09 0.98 139616
dry 18e4 2 226 - 0.03 0.13 33384
aoDLAV 18e4 2 226 - 0.05 0.75 47864
aoULAV 18e4 2 226 - 0.05 0.77 47860
aoD2AG 18e4 2 226 - 0.05 1.02 58784
aoD2SG 18e4 2 226 - 0.07 1.04 60268
dry 5e4 5 104 - 0.03 0.13 30184
aoDLAV 5e4 5 104 - 0.03 0.66 34704
aoULAV 5e4 5 104 - 0.04 0.66 34704
aoD2AG 5e4 5 104 - 0.04 0.76 37724
aoD2SG 5e4 5 104 - 0.04 0.88 37936
dry 1e2 2 245 - 0.03 0.11 25996
aoDLAV 1e2 2 245 - 0.03 0.14 30168
aoULAV 1e2 2 245 - 0.02 0.15 30180
aoD2AG 1e2 2 245 - 0.03 0.14 30340
aoD2SG 1e2 2 245 - 0.03 0.14 30340
moore 1e2 2 245 - 0.03 0.20 30480
nbpm 1e2 2 245 - 0.07 2.15 53000
greedy 1e2 2 245 - 0.03 0.15 30880
dry 1e1 2 200 - 0.02 0.12 25992
aoDLAV 1e1 2 200 - 0.02 0.15 30160
aoULAV 1e1 2 200 - 0.03 0.14 30172
aoD2AG 1e1 2 200 - 0.02 0.15 30316
aoD2SG 1e1 2 200 - 0.03 0.14 30320
moore 1e1 2 200 - 0.02 0.18 30480
nbpm 1e1 2 200 - 0.07 2.12 49812
greedy 1e1 2 200 - 0.02 0.14 30124
dry 1e5 2 119 - 0.03 0.13 31136
aoDLAV 1e5 2 119 - 0.03 0.44 34800
aoULAV 1e5 2 119 - 0.03 0.45 35324
aoD2AG 1e5 2 119 - 0.03 0.58 42796
aoD2SG 1e5 2 119 - 0.04 0.65 43800
dry 250e2 2 145 - 0.02 0.12 28884
aoDLAV 250e2 2 145 - 0.02 0.20 31108
aoULAV 250e2 2 145 - 0.03 0.20 31212
aoD2AG 250e2 2 145 - 0.02 0.23 33860
aoD2SG 250e2 2 145 - 0.02 0.24 33968
dry 5e4 2 162 - 0.02 0.12 29672
aoDLAV 5e4 2 162 - 0.03 0.27 33008
aoULAV 5e4 2 162 - 0.03 0.27 33312
aoD2AG 5e4 2 162 - 0.04 0.32 36404
aoD2SG 5e4 2 162 - 0.03 0.36 36420
dry 1e6 5 190 - 0.05 0.27 73152
aoDLAV 1e6 5 190 - 0.17 18.93 252688
aoULAV 1e6 5 190 - 0.17 19.95 252688
aoD2AG 1e6 5 190 - 0.23 21.14 322904
aoD2SG 1e6 5 190 - 0.21 25.05 333616
dry 1e2 10 208 - 0.02 0.12 26004
aoDLAV 1e2 10 208 - 0.04 0.13 30264
aoULAV 1e2 10 208 - 0.03 0.14 30272
aoD2AG 1e2 10 208 - 0.03 0.15 30440
aoD2SG 1e2 10 208 - 0.02 0.15 30444
moore 1e2 10 208 - 0.03 0.23 30496
nbpm 1e2 10 208 - 0.07 2.17 53076
greedy 1e2 10 208 - 0.02 0.15 30972
dry 32e3 2 109 - 0.03 0.11 29044
aoDLAV 32e3 2 109 - 0.03 0.23 31436
aoULAV 32e3 2 109 - 0.03 0.22 32148
aoD2AG 32e3 2 109 - 0.02 0.26 35024
aoD2SG 32e3 2 109 - 0.02 0.28 34788
dry 375e2 2 85 - 0.02 0.12 29252
aoDLAV 375e2 2 85 - 0.03 0.23 31788
aoULAV 375e2 2 85 - 0.03 0.23 32604
aoD2AG 375e2 2 85 - 0.04 0.26 35516
aoD2SG 375e2 2 85 - 0.03 0.27 35528
dry 350e2 2 159 - 0.02 0.12 27416
aoDLAV 350e2 2 159 - 0.03 0.21 31484
aoULAV 350e2 2 159 - 0.02 0.22 32260
aoD2AG 350e2 2 159 - 0.03 0.26 34848
aoD2SG 350e2 2 159 - 0.03 0.28 35136
dry 1e3 5 35 - 0.02 0.11 26056
aoDLAV 1e3 5 35 - 0.03 0.14 30428
aoULAV 1e3 5 35 - 0.02 0.14 30440
aoD2AG 1e3 5 35 - 0.02 0.15 30748
aoD2SG 1e3 5 35 - 0.02 0.15 30760
moore 1e3 5 35 - 0.04 7.60 59804
nbpm 1e3 5 35 - 0.12 4.27 129244
greedy 1e3 5 35 - 0.08 0.98 139388
dry 18e4 2 77 - 0.03 0.13 33108
aoDLAV 18e4 2 77 - 0.04 0.72 47860
aoULAV 18e4 2 77 - 0.05 0.74 47860
aoD2AG 18e4 2 77 - 0.05 0.96 58644
aoD2SG 18e4 2 77 - 0.06 1.08 59740
dry 32e1 2 232 - 0.02 0.12 26004
aoDLAV 32e1 2 232 - 0.03 0.14 30196
aoULAV 32e1 2 232 - 0.02 0.15 30208
aoD2AG 32e1 2 232 - 0.02 0.14 30376
aoD2SG 32e1 2 232 - 0.03 0.14 30384
moore 32e1 2 232 - 0.02 0.54 33684
nbpm 32e1 2 232 - 0.10 2.37 58308
greedy 32e1 2 232 - 0.03 0.21 40976
dry 300e2 2 125 - 0.02 0.12 27216
aoDLAV 300e2 2 125 - 0.03 0.21 31296
aoULAV 300e2 2 125 - 0.03 0.21 31892
aoD2AG 300e2 2 125 - 0.04 0.24 35060
aoD2SG 300e2 2 125 - 0.03 0.25 34720
dry 1e5 2 17 - 0.03 0.13 31608
aoDLAV 1e5 2 17 - 0.04 0.43 34800
aoULAV 1e5 2 17 - 0.04 0.45 35320
aoD2AG 1e5 2 17 - 0.03 0.57 42604
aoD2SG 1e5 2 17 - 0.04 0.64 43804
dry 1e2 10 248 - 0.02 0.12 26008
aoDLAV 1e2 10 248 - 0.02 0.15 30260
aoULAV 1e2 10 248 - 0.04 0.13 30272
aoD2AG 1e2 10 248 - 0.03 0.14 30440
aoD2SG 1e2 10 248 - 0.03 0.14 30448
moore 1e2 10 248 - 0.04 0.19 30496
nbpm 1e2 10 248 - 0.07 2.33 53076
greedy 1e2 10 248 - 0.03 0.14 30972
dry 225e2 2 161 - 0.02 0.12 26920
aoDLAV 225e2 2 161 - 0.02 0.20 30980
aoULAV 225e2 2 161 - 0.02 0.20 30992
aoD2AG 225e2 2 161 - 0.03 0.21 33368
aoD2SG 225e2 2 161 - 0.03 0.22 33460
dry 1e6 5 194 - 0.05 0.27 73156
aoDLAV 1e6 5 194 - 0.15 19.62 252692
aoULAV 1e6 5 194 - 0.14 18.58 252688
aoD2AG 1e6 5 194 - 0.21 19.74 324312
aoD2SG 1e6 5 194 - 0.21 23.33 331884
dry 32e3 2 122 - 0.02 0.12 27296
aoDLAV 32e3 2 122 - 0.03 0.23 31440
aoULAV 32e3 2 122 - 0.04 0.20 32148
aoD2AG 32e3 2 122 - 0.03 0.23 35024
aoD2SG 32e3 2 122 - 0.04 0.24 34792
dry 56e4 2 133 - 0.03 0.18 41104
aoDLAV 56e4 2 133 - 0.07 1.91 107988
aoULAV 56e4 2 133 - 0.08 2.26 107984
aoD2AG 56e4 2 133 - 0.12 3.38 139276
aoD2SG 56e4 2 133 - 0.11 3.18 144588
dry 1e5 5 165 - 0.03 0.14 34500
aoDLAV 1e5 5 165 - 0.04 1.62 41816
aoULAV 1e5 5 165 - 0.05 1.66 43568
aoD2AG 1e5 5 165 - 0.05 1.62 53560
aoD2SG 1e5 5 165 - 0.04 1.80 53200
dry 56e3 2 131 - 0.02 0.12 28236
aoDLAV 56e3 2 131 - 0.04 0.28 33476
aoULAV 56e3 2 131 - 0.03 0.28 34700
aoD2AG 56e3 2 131 - 0.03 0.35 37284
aoD2SG 56e3 2 131 - 0.03 0.38 37300
dry 1e5 5 194 - 0.04 0.13 34480
aoDLAV 1e5 5 194 - 0.04 1.63 41820
aoULAV 1e5 5 194 - 0.04 1.61 43572
aoD2AG 1e5 5 194 - 0.05 1.76 53560
aoD2SG 1e5 5 194 - 0.05 2.00 53204
dry 1e1 2 240 - 0.02 0.12 25996
aoDLAV 1e1 2 240 - 0.02 0.16 30164
aoULAV 1e1 2 240 - 0.02 0.15 30172
aoD2AG 1e1 2 240 - 0.03 0.15 30316
aoD2SG 1e1 2 240 - 0.03 0.14 30328
moore 1e1 2 240 - 0.03 0.19 30484
nbpm 1e1 2 240 - 0.09 2.31 49828
greedy 1e1 2 240 - 0.02 0.15 30124
dry 225e2 2 121 - 0.02 0.12 26920
aoDLAV 225e2 2 121 - 0.03 0.20 30980
aoULAV 225e2 2 121 - 0.03 0.19 30992
aoD2AG 225e2 2 121 - 0.03 0.21 33368
aoD2SG 225e2 2 121 - 0.03 0.23 33460
dry 56e3 2 69 - 0.02 0.12 28236
aoDLAV 56e3 2 69 - 0.03 0.28 33496
aoULAV 56e3 2 69 - 0.02 0.30 34696
aoD2AG 56e3 2 69 - 0.03 0.36 37284
aoD2SG 56e3 2 69 - 0.03 0.38 37296
dry 1e5 2 175 - 0.03 0.13 31168
aoDLAV 1e5 2 175 - 0.03 0.44 34804
aoULAV 1e5 2 175 - 0.02 0.45 35320
aoD2AG 1e5 2 175 - 0.03 0.57 42604
aoD2SG 1e5 2 175 - 0.05 0.63 43808
dry 5e4 10 36 - 0.03 0.13 33888
aoDLAV 5e4 10 36 - 0.04 10.24 40200
aoULAV 5e4 10 36 - 0.04 7.85 40200
aoD2AG 5e4 10 36 - 0.03 7.23 44984
aoD2SG 5e4 10 36 - 0.04 8.58 44996
dry 18e1 2 2 - 0.02 0.12 26008
aoDLAV 18e1 2 2 - 0.02 0.14 30184
aoULAV 18e1 2 2 - 0.02 0.15 30196
aoD2AG 18e1 2 2 - 0.03 0.15 30360
aoD2SG 18e1 2 2 - 0.02 0.15 30368
moore 18e1 2 2 - 0.02 0.25 30488
nbpm 18e1 2 2 - 0.08 2.21 54436
greedy 18e1 2 2 - 0.03 0.17 33348
dry 1e2 5 164 - 0.02 0.12 27956
aoDLAV 1e2 5 164 - 0.03 0.14 30212
aoULAV 1e2 5 164 - 0.04 0.14 30224
aoD2AG 1e2 5 164 - 0.03 0.15 30384
aoD2SG 1e2 5 164 - 0.03 0.15 30388
moore 1e2 5 164 - 0.04 0.22 30492
nbpm 1e2 5 164 - 0.08 2.18 53016
greedy 1e2 5 164 - 0.02 0.15 30920
dry 225e2 2 50 - 0.03 0.11 26920
aoDLAV 225e2 2 50 - 0.03 0.20 30980
aoULAV 225e2 2 50 - 0.03 0.20 30996
aoD2AG 225e2 2 50 - 0.03 0.22 33368
aoD2SG 225e2 2 50 - 0.03 0.23 33464
dry 1e2 2 126 - 0.02 0.12 25992
aoDLAV 1e2 2 126 - 0.03 0.14 30172
aoULAV 1e2 2 126 - 0.03 0.14 30184
aoD2AG 1e2 2 126 - 0.02 0.15 30336
aoD2SG 1e2 2 126 - 0.03 0.14 30348
moore 1e2 2 126 - 0.03 0.21 30488
nbpm 1e2 2 126 - 0.08 2.16 53008
greedy 1e2 2 126 - 0.03 0.14 30880
dry 1e6 5 197 - 0.05 0.28 73152
aoDLAV 1e6 5 197 - 0.15 19.96 252688
aoULAV 1e6 5 197 - 0.16 20.01 252688
aoD2AG 1e6 5 197 - 0.22 22.20 323128
aoD2SG 1e6 5 197 - 0.33 26.27 333148
dry 5e4 5 96 - 0.03 0.13 31292
aoDLAV 5e4 5 96 - 0.05 0.75 34704
aoULAV 5e4 5 96 - 0.04 0.80 34704
aoD2AG 5e4 5 96 - 0.05 0.96 37728
aoD2SG 5e4 5 96 - 0.04 0.97 37936
dry 5e4 5 243 - 0.03 0.14 31928
aoDLAV 5e4 5 243 - 0.04 0.81 34704
aoULAV 5e4 5 243 - 0.03 0.80 34704
aoD2AG 5e4 5 243 - 0.04 0.83 37728
aoD2SG 5e4 5 243 - 0.03 0.92 37940
dry 350e2 2 93 - 0.02 0.12 27416
aoDLAV 350e2 2 93 - 0.03 0.23 31480
aoULAV 350e2 2 93 - 0.03 0.23 32264
aoD2AG 350e2 2 93 - 0.03 0.26 34856
aoD2SG 350e2 2 93 - 0.04 0.27 35136
dry 1e3 5 246 - 0.03 0.11 26060
aoDLAV 1e3 5 246 - 0.04 0.14 30424
aoULAV 1e3 5 246 - 0.02 0.15 30440
aoD2AG 1e3 5 246 - 0.03 0.15 30752
aoD2SG 1e3 5 246 - 0.03 0.15 30784
moore 1e3 5 246 - 0.06 4.53 59804
nbpm 1e3 5 246 - 0.14 4.65 129244
greedy 1e3 5 246 - 0.07 1.05 139388
dry 275e2 2 93 - 0.02 0.12 27124
aoDLAV 275e2 2 93 - 0.03 0.20 31240
aoULAV 275e2 2 93 - 0.03 0.20 31576
aoD2AG 275e2 2 93 - 0.03 0.23 34696
aoD2SG 275e2 2 93 - 0.03 0.24 34812
dry 32e1 2 196 - 0.02 0.11 26000
aoDLAV 32e1 2 196 - 0.03 0.13 30196
aoULAV 32e1 2 196 - 0.02 0.15 30208
aoD2AG 32e1 2 196 - 0.02 0.14 30376
aoD2SG 32e1 2 196 - 0.03 0.14 30384
moore 32e1 2 196 - 0.03 0.74 33676
nbpm 32e1 2 196 - 0.06 2.45 58300
greedy 32e1 2 196 - 0.03 0.22 40976
dry 1e3 5 52 - 0.02 0.12 26056
aoDLAV 1e3 5 52 - 0.03 0.14 30428
aoULAV 1e3 5 52 - 0.03 0.14 30440
aoD2AG 1e3 5 52 - 0.03 0.14 30752
aoD2SG 1e3 5 52 - 0.03 0.15 30772
moore 1e3 5 52 - 0.09 10.19 59804
nbpm 1e3 5 52 - 0.12 4.51 129244
greedy 1e3 5 52 - 0.07 1.04 139388
dry 375e2 2 54 - 0.03 0.11 27516
aoDLAV 375e2 2 54 - 0.03 0.23 31784
aoULAV 375e2 2 54 - 0.02 0.24 32600
aoD2AG 375e2 2 54 - 0.03 0.27 35516
aoD2SG 375e2 2 54 - 0.04 0.28 35532
dry 32e1 2 115 - 0.03 0.11 26000
aoDLAV 32e1 2 115 - 0.03 0.14 30196
aoULAV 32e1 2 115 - 0.03 0.14 30208
aoD2AG 32e1 2 115 - 0.03 0.14 30376
aoD2SG 32e1 2 115 - 0.02 0.15 30384
moore 32e1 2 115 - 0.03 0.73 33676
nbpm 32e1 2 115 - 0.08 2.47 58296
greedy 32e1 2 115 - 0.03 0.21 40972
dry 1e6 2 145 - 0.04 0.20 49708
aoDLAV 1e6 2 145 - 0.11 4.90 178456
aoULAV 1e6 2 145 - 0.11 3.73 178464
aoD2AG 1e6 2 145 - 0.16 5.22 234104
aoD2SG 1e6 2 145 - 0.21 5.88 240960
dry 275e2 2 230 - 0.02 0.12 27952
aoDLAV 275e2 2 230 - 0.03 0.20 31240
aoULAV 275e2 2 230 - 0.03 0.20 31568
aoD2AG 275e2 2 230 - 0.03 0.23 34696
aoD2SG 275e2 2 230 - 0.03 0.23 34812
dry 1e2 5 43 - 0.02 0.12 25996
aoDLAV 1e2 5 43 - 0.02 0.15 30212
aoULAV 1e2 5 43 - 0.02 0.14 30224
aoD2AG 1e2 5 43 - 0.02 0.15 30384
aoD2SG 1e2 5 43 - 0.03 0.14 30388
moore 1e2 5 43 - 0.03 0.20 30492
nbpm 1e2 5 43 - 0.09 2.14 53020
greedy 1e2 5 43 - 0.03 0.14 30920
dry 1e5 5 247 - 0.03 0.13 34476
aoDLAV 1e5 5 247 - 0.03 1.63 41816
aoULAV 1e5 5 247 - 0.05 1.61 43568
aoD2AG 1e5 5 247 - 0.05 1.75 53568
aoD2SG 1e5 5 247 - 0.05 1.96 53408
dry 1e6 10 18 - 0.07 0.40 112232
aoDLAV 1e6 10 18 - 0.21 368.79 370012
aoULAV 1e6 10 18 - 0.30 384.71 369884
aoD2AG 1e6 10 18 - 0.40 389.42 448868
aoD2SG 1e6 10 18 - 0.40 515.22 456636
dry 1e2 5 103 - 0.03 0.11 25996
aoDLAV 1e2 5 103 - 0.03 0.13 30212
aoULAV 1e2 5 103 - 0.03 0.14 30224
aoD2AG 1e2 5 103 - 0.03 0.14 30388
aoD2SG 1e2 5 103 - 0.03 0.15 30388
moore 1e2 5 103 - 0.02 0.24 30492
nbpm 1e2 5 103 - 0.08 2.26 53020
greedy 1e2 5 103 - 0.03 0.15 30920
dry 1e3 10 142 - 0.02 0.12 26136
aoDLAV 1e3 10 142 - 0.03 0.16 30652
aoULAV 1e3 10 142 - 0.03 0.17 30664
aoD2AG 1e3 10 142 - 0.02 0.17 31064
aoD2SG 1e3 10 142 - 0.03 0.16 31092
moore 1e3 10 142 - 0.05 3.11 59868
nbpm 1e3 10 142 - 0.14 5.34 136140
greedy 1e3 10 142 - 0.09 0.97 139616
dry 5e4 2 56 - 0.02 0.13 29300
aoDLAV 5e4 2 56 - 0.03 0.29 33008
aoULAV 5e4 2 56 - 0.03 0.29 33312
aoD2AG 5e4 2 56 - 0.05 0.39 36408
aoD2SG 5e4 2 56 - 0.03 0.34 36424
dry 56e3 2 238 - 0.02 0.12 30188
aoDLAV 56e3 2 238 - 0.03 0.31 33476
aoULAV 56e3 2 238 - 0.03 0.30 34696
aoD2AG 56e3 2 238 - 0.04 0.37 37284
aoD2SG 56e3 2 238 - 0.03 0.40 37304
dry 32e3 2 216 - 0.02 0.12 27296
aoDLAV 32e3 2 216 - 0.03 0.22 31440
aoULAV 32e3 2 216 - 0.03 0.23 32148
aoD2AG 32e3 2 216 - 0.03 0.26 35024
aoD2SG 32e3 2 216 - 0.04 0.27 34788
dry 32e1 2 228 - 0.02 0.13 26000
aoDLAV 32e1 2 228 - 0.02 0.15 30200
aoULAV 32e1 2 228 - 0.02 0.16 30212
aoD2AG 32e1 2 228 - 0.04 0.14 30380
aoD2SG 32e1 2 228 - 0.04 0.14 30388
moore 32e1 2 228 - 0.03 0.31 33680
nbpm 32e1 2 228 - 0.08 2.57 58300
greedy 32e1 2 228 - 0.04 0.20 40972
dry 1e1 2 45 - 0.03 0.12 25996
aoDLAV 1e1 2 45 - 0.04 0.14 30160
aoULAV 1e1 2 45 - 0.03 0.14 30176
aoD2AG 1e1 2 45 - 0.02 0.14 30312
aoD2SG 1e1 2 45 - 0.03 0.15 30316
moore 1e1 2 45 - 0.03 0.20 30480
nbpm 1e1 2 45 - 0.07 2.23 49820
greedy 1e1 2 45 - 0.02 0.14 30124
dry 375e2 2 227 - 0.03 0.12 27516
aoDLAV 375e2 2 227 - 0.02 0.25 31784
aoULAV 375e2 2 227 - 0.03 0.25 32604
aoD2AG 375e2 2 227 - 0.04 0.25 35520
aoD2SG 375e2 2 227 - 0.03 0.27 35528
dry 32e1 2 97 - 0.02 0.12 26000
aoDLAV 32e1 2 97 - 0.03 0.14 30200
aoULAV 32e1 2 97 - 0.03 0.14 30208
aoD2AG 32e1 2 97 - 0.02 0.15 30380
aoD2SG 32e1 2 97 - 0.03 0.13 30388
moore 32e1 2 97 - 0.02 0.78 33676
nbpm 32e1 2 97 - 0.10 2.27 58296
greedy 32e1 2 97 - 0.03 0.21 40972
dry 400e2 2 71 - 0.02 0.12 27616
aoDLAV 400e2 2 71 - 0.03 0.22 32240
aoULAV 400e2 2 71 - 0.02 0.26 33116
aoD2AG 400e2 2 71 - 0.02 0.28 36072
aoD2SG 400e2 2 71 - 0.03 0.30 35932
dry 1e2 10 20 - 0.02 0.12 26004
aoDLAV 1e2 10 20 - 0.02 0.15 30260
aoULAV 1e2 10 20 - 0.03 0.14 30272
aoD2AG 1e2 10 20 - 0.03 0.13 30440
aoD2SG 1e2 10 20 - 0.02 0.15 30448
moore 1e2 10 20 - 0.03 0.22 30496
nbpm 1e2 10 20 - 0.09 2.20 53076
greedy 1e2 10 20 - 0.04 0.13 30972
dry 400e2 2 30 - 0.03 0.12 27616
aoDLAV 400e2 2 30 - 0.03 0.23 32236
aoULAV 400e2 2 30 - 0.03 0.25 33116
aoD2AG 400e2 2 30 - 0.03 0.29 36072
aoD2SG 400e2 2 30 - 0.02 0.29 35928
dry 1e2 2 193 - 0.02 0.12 25992
aoDLAV 1e2 2 193 - 0.02 0.15 30168
aoULAV 1e2 2 193 - 0.03 0.14 30180
aoD2AG 1e2 2 193 - 0.03 0.14 30328
aoD2SG 1e2 2 193 - 0.02 0.15 30340
moore 1e2 2 193 - 0.03 0.24 30480
nbpm 1e2 2 193 - 0.09 2.07 52996
greedy 1e2 2 193 - 0.03 0.14 30880
dry 1e5 5 248 - 0.02 0.14 34476
aoDLAV 1e5 5 248 - 0.03 1.44 41816
aoULAV 1e5 5 248 - 0.04 1.49 43568
aoD2AG 1e5 5 248 - 0.05 1.67 53564
aoD2SG 1e5 5 248 - 0.06 1.85 53512
dry 350e2 2 224 - 0.03 0.11 27416
aoDLAV 350e2 2 224 - 0.03 0.22 31484
aoULAV 350e2 2 224 - 0.03 0.22 32260
aoD2AG 350e2 2 224 - 0.03 0.25 34848
aoD2SG 350e2 2 224 - 0.04 0.26 35128
dry 1e2 2 21 - 0.03 0.11 25992
aoDLAV 1e2 2 21 - 0.03 0.14 30168
aoULAV 1e2 2 21 - 0.03 0.14 30180
aoD2AG 1e2 2 21 - 0.03 0.14 30336
aoD2SG 1e2 2 21 - 0.01 0.15 30340
moore 1e2 2 21 - 0.03 0.21 30480
nbpm 1e2 2 21 - 0.07 2.32 53004
greedy 1e2 2 21 - 0.03 0.15 30880
dry 56e4 2 161 - 0.03 0.20 41104
aoDLAV 56e4 2 161 - 0.09 2.17 107984
aoULAV 56e4 2 161 - 0.11 2.24 107984
aoD2AG 56e4 2 161 - 0.14 3.25 139920
aoD2SG 56e4 2 161 - 0.14 3.65 143560
dry 32e3 2 192 - 0.03 0.12 29284
aoDLAV 32e3 2 192 - 0.03 0.23 31436
aoULAV 32e3 2 192 - 0.03 0.23 32148
aoD2AG 32e3 2 192 - 0.04 0.25 35024
aoD2SG 32e3 2 192 - 0.04 0.26 34788
dry 5e4 2 153 - 0.03 0.11 29304
aoDLAV 5e4 2 153 - 0.02 0.28 33008
aoULAV 5e4 2 153 - 0.03 0.29 33312
aoD2AG 5e4 2 153 - 0.04 0.34 36408
aoD2SG 5e4 2 153 - 0.04 0.36 36424
dry 1e2 10 32 - 0.02 0.12 26004
aoDLAV 1e2 10 32 - 0.03 0.14 30260
aoULAV 1e2 10 32 - 0.03 0.15 30272
aoD2AG 1e2 10 32 - 0.03 0.14 30444
aoD2SG 1e2 10 32 - 0.02 0.15 30452
moore 1e2 10 32 - 0.03 0.23 30496
nbpm 1e2 10 32 - 0.10 2.18 53080
greedy 1e2 10 32 - 0.03 0.15 30972
dry 1e5 5 157 - 0.03 0.13 34476
aoDLAV 1e5 5 157 - 0.04 1.84 41820
aoULAV 1e5 5 157 - 0.04 1.67 43572
aoD2AG 1e5 5 157 - 0.04 1.81 53564
aoD2SG 1e5 5 157 - 0.06 1.85 53204
dry 1e2 5 196 - 0.02 0.12 25996
aoDLAV 1e2 5 196 - 0.02 0.15 30216
aoULAV 1e2 5 196 - 0.03 0.14 30224
aoD2AG 1e2 5 196 - 0.03 0.14 30388
aoD2SG 1e2 5 196 - 0.04 0.14 30388
moore 1e2 5 196 - 0.03 0.24 30492
nbpm 1e2 5 196 - 0.10 2.12 53016
greedy 1e2 5 196 - 0.02 0.15 30924
dry 32e4 2 204 - 0.03 0.17 36424
aoDLAV 32e4 2 204 - 0.06 1.30 70832
aoULAV 32e4 2 204 - 0.08 1.22 70840
aoD2AG 32e4 2 204 - 0.07 1.65 88228
aoD2SG 32e4 2 204 - 0.07 1.78 90780
dry 5e4 5 4 - 0.02 0.13 30928
aoDLAV 5e4 5 4 - 0.04 0.74 34704
aoULAV 5e4 5 4 - 0.05 0.77 34704
aoD2AG 5e4 5 4 - 0.04 0.85 37724
aoD2SG 5e4 5 4 - 0.03 0.92 37936
dry 1e6 10 98 - 0.07 0.39 112236
aoDLAV 1e6 10 98 - 0.17 355.20 369888
aoULAV 1e6 10 98 - 0.30 367.27 369888
aoD2AG 1e6 10 98 - 0.38 364.23 445940
aoD2SG 1e6 10 98 - 0.43 424.50 458636
dry 1e3 2 83 - 0.02 0.12 26020
aoDLAV 1e3 2 83 - 0.02 0.16 30280
aoULAV 1e3 2 83 - 0.03 0.15 30296
aoD2AG 1e3 2 83 - 0.03 0.15 30544
aoD2SG 1e3 2 83 - 0.02 0.15 30560
moore 1e3 2 83 - 0.05 2.49 59796
nbpm 1e3 2 83 - 0.18 4.13 138552
greedy 1e3 2 83 - 0.08 1.05 139248
dry 5e4 5 153 - 0.03 0.12 31448
aoDLAV 5e4 5 153 - 0.04 0.72 34704
aoULAV 5e4 5 153 - 0.03 0.72 34704
aoD2AG 5e4 5 153 - 0.03 0.87 37728
aoD2SG 5e4 5 153 - 0.04 0.89 37932
dry 225e2 2 152 - 0.03 0.12 26920
aoDLAV 225e2 2 152 - 0.02 0.20 30980
aoULAV 225e2 2 152 - 0.03 0.19 30996
aoD2AG 225e2 2 152 - 0.03 0.22 33368
aoD2SG 225e2 2 152 - 0.03 0.22 33464
dry 56e1 2 182 - 0.02 0.12 26008
aoDLAV 56e1 2 182 - 0.03 0.14 30220
aoULAV 56e1 2 182 - 0.03 0.15 30232
aoD2AG 56e1 2 182 - 0.03 0.15 30416
aoD2SG 56e1 2 182 - 0.02 0.15 30424
moore 56e1 2 182 - 0.05 1.93 39652
nbpm 56e1 2 182 - 0.10 2.99 78704
greedy 56e1 2 182 - 0.05 0.38 64104
dry 32e4 2 43 - 0.04 0.17 36424
aoDLAV 32e4 2 43 - 0.06 1.29 70828
aoULAV 32e4 2 43 - 0.05 1.24 70844
aoD2AG 32e4 2 43 - 0.08 1.72 88316
aoD2SG 32e4 2 43 - 0.06 1.91 91028
dry 1e3 5 63 - 0.02 0.11 26056
aoDLAV 1e3 5 63 - 0.02 0.15 30424
aoULAV 1e3 5 63 - 0.03 0.15 30440
aoD2AG 1e3 5 63 - 0.02 0.15 30748
aoD2SG 1e3 5 63 - 0.02 0.15 30776
moore 1e3 5 63 - 0.04 2.18 59832
nbpm 1e3 5 63 - 0.10 4.48 129244
greedy 1e3 5 63 - 0.08 1.03 139392
dry 1e2 2 3 - 0.02 0.12 25992
aoDLAV 1e2 2 3 - 0.03 0.14 30172
aoULAV 1e2 2 3 - 0.02 0.14 30180
aoD2AG 1e2 2 3 - 0.03 0.14 30336
aoD2SG 1e2 2 3 - 0.02 0.15 30344
moore 1e2 2 3 - 0.02 0.21 30480
nbpm 1e2 2 3 - 0.08 2.14 53000
greedy 1e2 2 3 - 0.02 0.15 30880
dry 56e4 2 218 - 0.03 0.19 41104
aoDLAV 56e4 2 218 - 0.08 2.02 107988
aoULAV 56e4 2 218 - 0.10 2.17 107984
aoD2AG 56e4 2 218 - 0.10 3.15 138556
aoD2SG 56e4 2 218 - 0.11 3.37 144748
dry 325e2 2 249 - 0.03 0.12 30776
aoDLAV 325e2 2 249 - 0.03 0.22 31372
aoULAV 325e2 2 249 - 0.03 0.22 32084
aoD2AG 325e2 2 249 - 0.03 0.25 35004
aoD2SG 325e2 2 249 - 0.04 0.26 34760
dry 1e3 10 174 - 0.02 0.11 28128
aoDLAV 1e3 10 174 - 0.03 0.16 30656
aoULAV 1e3 10 174 - 0.03 0.16 30668
aoD2AG 1e3 10 174 - 0.03 0.16 31064
aoD2SG 1e3 10 174 - 0.03 0.16 31084
moore 1e3 10 174 - 0.04 2.74 59868
nbpm 1e3 10 174 - 0.16 4.84 136144
greedy 1e3 10 174 - 0.09 1.03 139616
dry 350e2 2 246 - 0.03 0.12 27416
aoDLAV 350e2 2 246 - 0.03 0.25 31484
aoULAV 350e2 2 246 - 0.03 0.23 32300
aoD2AG 350e2 2 246 - 0.03 0.25 34848
aoD2SG 350e2 2 246 - 0.03 0.27 35128
dry 56e1 2 212 - 0.02 0.11 26012
aoDLAV 56e1 2 212 - 0.02 0.14 30224
aoULAV 56e1 2 212 - 0.03 0.14 30232
aoD2AG 56e1 2 212 - 0.02 0.15 30416
aoD2SG 56e1 2 212 - 0.03 0.14 30424
moore 56e1 2 212 - 0.04 0.58 39692
nbpm 56e1 2 212 - 0.10 2.92 78712
greedy 56e1 2 212 - 0.03 0.40 64104
dry 325e2 2 236 - 0.02 0.12 27316
aoDLAV 325e2 2 236 - 0.02 0.23 31372
aoULAV 325e2 2 236 - 0.03 0.22 32088
aoD2AG 325e2 2 236 - 0.03 0.26 35004
aoD2SG 325e2 2 236 - 0.02 0.27 34760
dry 5e4 5 124 - 0.02 0.14 30424
aoDLAV 5e4 5 124 - 0.03 0.74 34704
aoULAV 5e4 5 124 - 0.03 0.78 34748
aoD2AG 5e4 5 124 - 0.03 0.81 37728
aoD2SG 5e4 5 124 - 0.04 0.85 37936
dry 56e4 2 138 - 0.02 0.20 41104
aoDLAV 56e4 2 138 - 0.07 2.08 107984
aoULAV 56e4 2 138 - 0.10 2.18 107988
aoD2AG 56e4 2 138 - 0.15 3.24 138732
aoD2SG 56e4 2 138 - 0.12 3.51 145680
dry 350e2 2 171 - 0.02 0.12 29252
aoDLAV 350e2 2 171 - 0.03 0.23 31484
aoULAV 350e2 2 171 - 0.03 0.24 32260
aoD2AG 350e2 2 171 - 0.04 0.25 34852
aoD2SG 350e2 2 171 - 0.04 0.27 35132
dry 1e3 2 130 - 0.02 0.11 26024
aoDLAV 1e3 2 130 - 0.03 0.14 30284
aoULAV 1e3 2 130 - 0.02 0.15 30292
aoD2AG 1e3 2 130 - 0.03 0.14 30532
aoD2SG 1e3 2 130 - 0.02 0.15 30556
moore 1e3 2 130 - 0.07 5.55 59776
nbpm 1e3 2 130 - 0.14 4.16 138560
greedy 1e3 2 130 - 0.07 1.04 139244
dry 375e2 2 87 - 0.02 0.12 27516
aoDLAV 375e2 2 87 - 0.03 0.23 31784
aoULAV 375e2 2 87 - 0.03 0.23 32604
aoD2AG 375e2 2 87 - 0.03 0.27 35516
aoD2SG 375e2 2 87 - 0.03 0.29 35528
dry 56e1 2 2 - 0.03 0.11 26012
aoDLAV 56e1 2 2 - 0.02 0.15 30220
aoULAV 56e1 2 2 - 0.03 0.14 30232
aoD2AG 56e1 2 2 - 0.02 0.15 30420
aoD2SG 56e1 2 2 - 0.03 0.15 30424
moore 56e1 2 2 - 0.03 1.80 39660
nbpm 56e1 2 2 - 0.13 2.89 78712
greedy 56e1 2 2 - 0.06 0.38 64104
dry 32e4 2 125 - 0.04 0.16 36424
aoDLAV 32e4 2 125 - 0.07 1.30 70828
aoULAV 32e4 2 125 - 0.06 1.36 70840
aoD2AG 32e4 2 125 - 0.07 1.79 89064
aoD2SG 32e4 2 125 - 0.07 2.01 90568
dry 1e1 2 238 - 0.03 0.12 25992
aoDLAV 1e1 2 238 - 0.03 0.15 30164
aoULAV 1e1 2 238 - 0.04 0.14 30172
aoD2AG 1e1 2 238 - 0.02 0.15 30316
aoD2SG 1e1 2 238 - 0.03 0.14 30320
moore 1e1 2 238 - 0.02 0.19 30476
nbpm 1e1 2 238 - 0.09 2.18 49816
greedy 1e1 2 238 - 0.03 0.14 30124
dry 1e2 5 154 - 0.03 0.11 27956
aoDLAV 1e2 5 154 - 0.03 0.14 30212
aoULAV 1e2 5 154 - 0.02 0.15 30224
aoD2AG 1e2 5 154 - 0.02 0.15 30388
aoD2SG 1e2 5 154 - 0.03 0.15 30388
moore 1e2 5 154 - 0.03 0.21 30496
nbpm 1e2 5 154 - 0.08 2.18 53012
greedy 1e2 5 154 - 0.02 0.15 30972
dry 32e3 2 105 - 0.02 0.12 29096
aoDLAV 32e3 2 105 - 0.02 0.22 31436
aoULAV 32e3 2 105 - 0.03 0.22 32144
aoD2AG 32e3 2 105 - 0.03 0.24 35024
aoD2SG 32e3 2 105 - 0.03 0.26 34788
dry 1e5 5 11 - 0.02 0.14 34476
aoDLAV 1e5 5 11 - 0.04 1.57 41816
aoULAV 1e5 5 11 - 0.04 1.58 43568
aoD2AG 1e5 5 11 - 0.06 1.71 53560
aoD2SG 1e5 5 11 - 0.04 1.93 53200
dry 225e2 2 31 - 0.02 0.12 26920
aoDLAV 225e2 2 31 - 0.03 0.19 30980
aoULAV 225e2 2 31 - 0.03 0.20 30996
aoD2AG 225e2 2 31 - 0.03 0.22 33368
aoD2SG 225e2 2 31 - 0.03 0.22 33468
dry 1e6 5 11 - 0.05 0.27 73152
aoDLAV 1e6 5 11 - 0.16 19.57 252688
aoULAV 1e6 5 11 - 0.26 20.02 252692
aoD2AG 1e6 5 11 - 0.21 20.89 324032
aoD2SG 1e6 5 11 - 0.24 22.96 333324
dry 5e4 5 30 - 0.03 0.13 31928
aoDLAV 5e4 5 30 - 0.04 0.66 34704
aoULAV 5e4 5 30 - 0.03 0.72 34704
aoD2AG 5e4 5 30 - 0.03 0.78 37724
aoD2SG 5e4 5 30 - 0.03 0.90 37940
dry 1e3 10 189 - 0.02 0.12 26136
aoDLAV 1e3 10 189 - 0.03 0.16 30652
aoULAV 1e3 10 189 - 0.03 0.17 30668
aoD2AG 1e3 10 189 - 0.03 0.16 31080
aoD2SG 1e3 10 189 - 0.03 0.17 31100
moore 1e3 10 189 - 0.04 3.85 59868
nbpm 1e3 10 189 - 0.12 5.18 136144
greedy 1e3 10 189 - 0.09 1.27 139616
dry 325e2 2 34 - 0.02 0.12 27316
aoDLAV 325e2 2 34 - 0.03 0.22 31376
aoULAV 325e2 2 34 - 0.03 0.22 32088
aoD2AG 325e2 2 34 - 0.03 0.26 35004
aoD2SG 325e2 2 34 - 0.03 0.26 34764
dry 32e4 2 52 - 0.03 0.16 36424
aoDLAV 32e4 2 52 - 0.05 1.25 70828
aoULAV 32e4 2 52 - 0.07 1.31 70840
aoD2AG 32e4 2 52 - 0.06 1.74 88284
aoD2SG 32e4 2 52 - 0.09 2.16 91336
dry 5e4 5 215 - 0.03 0.13 31792
aoDLAV 5e4 5 215 - 0.04 0.65 34708
aoULAV 5e4 5 215 - 0.03 0.66 34708
aoD2AG 5e4 5 215 - 0.05 0.84 37728
aoD2SG 5e4 5 215 - 0.04 0.92 37936
dry 18e1 2 74 - 0.03 0.12 26004
aoDLAV 18e1 2 74 - 0.03 0.13 30184
aoULAV 18e1 2 74 - 0.03 0.14 30196
aoD2AG 18e1 2 74 - 0.03 0.14 30360
aoD2SG 18e1 2 74 - 0.03 0.14 30364
moore 18e1 2 74 - 0.03 0.33 30500
nbpm 18e1 2 74 - 0.08 2.35 54444
greedy 18e1 2 74 - 0.03 0.16 33348
dry 1e2 5 41 - 0.02 0.12 26000
aoDLAV 1e2 5 41 - 0.02 0.15 30212
aoULAV 1e2 5 41 - 0.03 0.15 30224
aoD2AG 1e2 5 41 - 0.03 0.15 30384
aoD2SG 1e2 5 41 - 0.03 0.14 30392
moore 1e2 5 41 - 0.03 0.22 30496
nbpm 1e2 5 41 - 0.08 2.31 53020
greedy 1e2 5 41 - 0.02 0.15 30920
dry 18e1 2 37 - 0.03 0.11 26004
aoDLAV 18e1 2 37 - 0.03 0.14 30184
aoULAV 18e1 2 37 - 0.02 0.16 30200
aoD2AG 18e1 2 37 - 0.03 0.15 30360
aoD2SG 18e1 2 37 - 0.03 0.15 30364
moore 18e1 2 37 - 0.03 0.28 30496
nbpm 18e1 2 37 - 0.08 2.32 54448
greedy 18e1 2 37 - 0.02 0.17 33348
dry 1e5 2 164 - 0.02 0.14 32124
aoDLAV 1e5 2 164 - 0.03 0.45 34800
aoULAV 1e5 2 164 - 0.04 0.45 35320
aoD2AG 1e5 2 164 - 0.04 0.59 42600
aoD2SG 1e5 2 164 - 0.04 0.66 43804
dry 375e2 2 148 - 0.02 0.12 29176
aoDLAV 375e2 2 148 - 0.03 0.23 31788
aoULAV 375e2 2 148 - 0.03 0.25 32608
aoD2AG 375e2 2 148 - 0.04 0.27 35516
aoD2SG 375e2 2 148 - 0.03 0.29 35528
dry 1e6 10 249 - 0.07 0.41 112232
aoDLAV 1e6 10 249 - 0.23 381.95 369916
aoULAV 1e6 10 249 - 0.32 380.04 369884
aoD2AG 1e6 10 249 - 0.44 385.52 448836
aoD2SG 1e6 10 249 - 0.40 424.68 459728
dry 32e3 2 31 - 0.02 0.12 29104
aoDLAV 32e3 2 31 - 0.03 0.21 31436
aoULAV 32e3 2 31 - 0.03 0.22 32148
aoD2AG 32e3 2 31 - 0.03 0.24 35024
aoD2SG 32e3 2 31 - 0.03 0.26 34832
dry 375e2 2 162 - 0.02 0.12 29088
aoDLAV 375e2 2 162 - 0.03 0.23 31784
aoULAV 375e2 2 162 - 0.02 0.24 32604
aoD2AG 375e2 2 162 - 0.03 0.26 35520
aoD2SG 375e2 2 162 - 0.03 0.28 35524
dry 1e3 2 17 - 0.02 0.11 26024
aoDLAV 1e3 2 17 - 0.03 0.14 30280
aoULAV 1e3 2 17 - 0.03 0.14 30296
aoD2AG 1e3 2 17 - 0.03 0.14 30536
aoD2SG 1e3 2 17 - 0.02 0.14 30568
moore 1e3 2 17 - 0.04 1.57 59796
nbpm 1e3 2 17 - 0.12 4.01 138552
greedy 1e3 2 17 - 0.08 1.03 139248
dry 1e3 2 120 - 0.03 0.11 26024
aoDLAV 1e3 2 120 - 0.02 0.15 30280
aoULAV 1e3 2 120 - 0.02 0.15 30292
aoD2AG 1e3 2 120 - 0.03 0.15 30540
aoD2SG 1e3 2 120 - 0.03 0.15 30556
moore 1e3 2 120 - 0.05 2.76 59844
nbpm 1e3 2 120 - 0.13 4.18 138552
greedy 1e3 2 120 - 0.08 1.00 139244
dry 225e2 2 212 - 0.03 0.11 26924
aoDLAV 225e2 2 212 - 0.03 0.18 30980
aoULAV 225e2 2 212 - 0.02 0.20 30992
aoD2AG 225e2 2 212 - 0.02 0.21 33368
aoD2SG 225e2 2 212 - 0.02 0.23 33464
dry 56e1 2 49 - 0.02 0.12 26008
aoDLAV 56e1 2 49 - 0.03 0.14 30224
aoULAV 56e1 2 49 - 0.02 0.15 30236
aoD2AG 56e1 2 49 - 0.03 0.14 30416
aoD2SG 56e1 2 49 - 0.02 0.15 30428
moore 56e1 2 49 - 0.03 1.41 39652
nbpm 56e1 2 49 - 0.11 2.97 78704
greedy 56e1 2 49 - 0.04 0.40 64104
dry 1e1 2 151 - 0.02 0.12 25996
aoDLAV 1e1 2 151 - 0.03 0.15 30160
aoULAV 1e1 2 151 - 0.02 0.14 30172
aoD2AG 1e1 2 151 - 0.03 0.14 30316
aoD2SG 1e1 2 151 - 0.03 0.14 30316
moore 1e1 2 151 - 0.03 0.18 30488
nbpm 1e1 2 151 - 0.07 2.15 49824
greedy 1e1 2 151 - 0.02 0.15 30124
dry 32e4 2 242 - 0.03 0.17 36424
aoDLAV 32e4 2 242 - 0.05 1.24 70828
aoULAV 32e4 2 242 - 0.05 1.27 70840
aoD2AG 32e4 2 242 - 0.08 1.74 89512
aoD2SG 32e4 2 242 - 0.08 1.94 91660
dry 1e3 10 244 - 0.02 0.12 26140
aoDLAV 1e3 10 244 - 0.02 0.17 30656
aoULAV 1e3 10 244 - 0.03 0.16 30664
aoD2AG 1e3 10 244 - 0.02 0.16 31064
aoD2SG 1e3 10 244 - 0.02 0.17 31088
moore 1e3 10 244 - 0.07 4.72 59932
nbpm 1e3 10 244 - 0.10 5.05 136144
greedy 1e3 10 244 - 0.08 1.08 139616
dry 1e5 5 99 - 0.03 0.14 34476
aoDLAV 1e5 5 99 - 0.04 1.65 41820
aoULAV 1e5 5 99 - 0.05 1.49 43572
aoD2AG 1e5 5 99 - 0.05 1.74 53568
aoD2SG 1e5 5 99 - 0.05 1.82 53576
dry 5e4 5 135 - 0.01 0.15 30436
aoDLAV 5e4 5 135 - 0.03 0.77 34704
aoULAV 5e4 5 135 - 0.04 0.74 34708
aoD2AG 5e4 5 135 - 0.04 0.79 37724
aoD2SG 5e4 5 135 - 0.04 0.84 37936
dry 18e1 2 191 - 0.02 0.12 26008
aoDLAV 18e1 2 191 - 0.02 0.15 30184
aoULAV 18e1 2 191 - 0.03 0.14 30196
aoD2AG 18e1 2 191 - 0.03 0.14 30360
aoD2SG 18e1 2 191 - 0.03 0.14 30368
moore 18e1 2 191 - 0.02 0.24 30488
nbpm 18e1 2 191 - 0.09 2.17 54436
greedy 18e1 2 191 - 0.03 0.15 33352
dry 1e3 2 204 - 0.02 0.12 26024
aoDLAV 1e3 2 204 - 0.02 0.15 30284
aoULAV 1e3 2 204 - 0.03 0.14 30292
aoD2AG 1e3 2 204 - 0.03 0.14 30532
aoD2SG 1e3 2 204 - 0.03 0.14 30552
moore 1e3 2 204 - 0.04 5.72 59772
nbpm 1e3 2 204 - 0.13 4.45 138552
greedy 1e3 2 204 - 0.07 1.04 139248
dry 1e6 5 204 - 0.04 0.26 73152
aoDLAV 1e6 5 204 - 0.12 17.57 252688
aoULAV 1e6 5 204 - 0.14 17.82 252688
aoD2AG 1e6 5 204 - 0.21 21.74 323532
aoD2SG 1e6 5 204 - 0.21 25.31 332688
dry 56e3 2 122 - 0.03 0.11 29512
aoDLAV 56e3 2 122 - 0.03 0.29 33480
aoULAV 56e3 2 122 - 0.04 0.29 34696
aoD2AG 56e3 2 122 - 0.03 0.35 37284
aoD2SG 56e3 2 122 - 0.04 0.38 37300
dry 1e5 2 181 - 0.03 0.14 31880
aoDLAV 1e5 2 181 - 0.04 0.43 34800
aoULAV 1e5 2 181 - 0.04 0.44 35320
aoD2AG 1e5 2 181 - 0.04 0.57 42604
aoD2SG 1e5 2 181 - 0.04 0.62 43800
dry 5e4 5 89 - 0.02 0.13 29988
aoDLAV 5e4 5 89 - 0.03 0.72 34704
aoULAV 5e4 5 89 - 0.03 0.74 34704
aoD2AG 5e4 5 89 - 0.03 0.77 37724
aoD2SG 5e4 5 89 - 0.03 0.89 37936
dry 56e1 2 191 - 0.01 0.12 26008
aoDLAV 56e1 2 191 - 0.03 0.13 30224
aoULAV 56e1 2 191 - 0.03 0.14 30232
aoD2AG 56e1 2 191 - 0.03 0.14 30416
aoD2SG 56e1 2 191 - 0.03 0.14 30424
moore 56e1 2 191 - 0.03 0.96 39688
nbpm 56e1 2 191 - 0.10 2.96 78712
greedy 56e1 2 191 - 0.04 0.38 64104
dry 1e2 2 235 - 0.02 0.12 25996
aoDLAV 1e2 2 235 - 0.02 0.15 30168
aoULAV 1e2 2 235 - 0.03 0.14 30180
aoD2AG 1e2 2 235 - 0.03 0.14 30336
aoD2SG 1e2 2 235 - 0.03 0.14 30340
moore 1e2 2 235 - 0.04 0.19 30488
nbpm 1e2 2 235 - 0.09 2.18 53008
greedy 1e2 2 235 - 0.02 0.15 30880
dry 375e2 2 194 - 0.02 0.12 27516
aoDLAV 375e2 2 194 - 0.02 0.24 31788
aoULAV 375e2 2 194 - 0.03 0.24 32608
aoD2AG 375e2 2 194 - 0.02 0.27 35516
aoD2SG 375e2 2 194 - 0.04 0.27 35532
dry 250e2 2 110 - 0.02 0.12 27020
aoDLAV 250e2 2 110 - 0.02 0.20 31108
aoULAV 250e2 2 110 - 0.03 0.20 31212
aoD2AG 250e2 2 110 - 0.02 0.22 33860
aoD2SG 250e2 2 110 - 0.04 0.22 33964
dry 275e2 2 41 - 0.02 0.11 27124
aoDLAV 275e2 2 41 - 0.02 0.20 31244
aoULAV 275e2 2 41 - 0.03 0.20 31568
aoD2AG 275e2 2 41 - 0.03 0.23 34692
aoD2SG 275e2 2 41 - 0.03 0.24 34812
dry 1e3 10 166 - 0.02 0.12 26136
aoDLAV 1e3 10 166 - 0.04 0.15 30652
aoULAV 1e3 10 166 - 0.03 0.16 30664
aoD2AG 1e3 10 166 - 0.03 0.16 31052
aoD2SG 1e3 10 166 - 0.03 0.16 31092
moore 1e3 10 166 - 0.05 5.03 59844
nbpm 1e3 10 166 - 0.14 4.79 136144
greedy 1e3 10 166 - 0.09 1.04 139616
dry 1e6 2 2 - 0.04 0.20 49704
aoDLAV 1e6 2 2 - 0.10 3.64 178456
aoULAV 1e6 2 2 - 0.13 3.97 178456
aoD2AG 1e6 2 2 - 0.18 5.67 233236
aoD2SG 1e6 2 2 - 0.20 6.27 242320
dry 1e3 5 232 - 0.02 0.12 26060
aoDLAV 1e3 5 232 - 0.02 0.15 30424
aoULAV 1e3 5 232 - 0.02 0.15 30440
aoD2AG 1e3 5 232 - 0.03 0.14 30760
aoD2SG 1e3 5 232 - 0.03 0.14 30768
moore 1e3 5 232 - 0.04 1.92 59828
nbpm 1e3 5 232 - 0.12 4.48 129248
greedy 1e3 5 232 - 0.08 1.05 139388
dry 1e5 5 228 - 0.03 0.14 34476
aoDLAV 1e5 5 228 - 0.05 1.51 41816
aoULAV 1e5 5 228 - 0.05 1.53 43568
aoD2AG 1e5 5 228 - 0.04 1.67 53564
aoD2SG 1e5 5 228 - 0.05 1.98 53196
dry 18e1 2 66 - 0.02 0.12 26008
aoDLAV 18e1 2 66 - 0.02 0.15 30188
aoULAV 18e1 2 66 - 0.03 0.15 30196
aoD2AG 18e1 2 66 - 0.02 0.15 30360
aoD2SG 18e1 2 66 - 0.03 0.14 30368
moore 18e1 2 66 - 0.03 0.25 30500
nbpm 18e1 2 66 - 0.08 2.19 54444
greedy 18e1 2 66 - 0.02 0.16 33348
dry 375e2 2 29 - 0.02 0.12 28988
aoDLAV 375e2 2 29 - 0.02 0.23 31784
aoULAV 375e2 2 29 - 0.03 0.23 32604
aoD2AG 375e2 2 29 - 0.03 0.26 35516
aoD2SG 375e2 2 29 - 0.03 0.28 35528
dry 1e6 5 91 - 0.06 0.27 73152
aoDLAV 1e6 5 91 - 0.16 19.35 252688
aoULAV 1e6 5 91 - 0.15 19.75 252688
aoD2AG 1e6 5 91 - 0.23 21.64 323964
aoD2SG 1e6 5 91 - 0.21 25.01 332676
dry 5e4 5 19 - 0.03 0.13 31456
aoDLAV 5e4 5 19 - 0.04 0.75 34704
aoULAV 5e4 5 19 - 0.03 0.71 34704
aoD2AG 5e4 5 19 - 0.04 0.84 37728
aoD2SG 5e4 5 19 - 0.04 0.90 37936
dry 32e1 2 88 - 0.02 0.12 26004
aoDLAV 32e1 2 88 - 0.03 0.14 30200
aoULAV 32e1 2 88 - 0.04 0.14 30212
aoD2AG 32e1 2 88 - 0.03 0.15 30376
aoD2SG 32e1 2 88 - 0.02 0.16 30384
moore 32e1 2 88 - 0.04 0.61 33684
nbpm 32e1 2 88 - 0.11 2.36 58312
greedy 32e1 2 88 - 0.03 0.21 40976
dry 5e4 2 208 - 0.02 0.12 31120
aoDLAV 5e4 2 208 - 0.04 0.26 33008
aoULAV 5e4 2 208 - 0.02 0.28 33312
aoD2AG 5e4 2 208 - 0.03 0.34 36408
aoD2SG 5e4 2 208 - 0.04 0.35 36424
dry 225e2 2 219 - 0.02 0.12 26924
aoDLAV 225e2 2 219 - 0.02 0.20 30980
aoULAV 225e2 2 219 - 0.03 0.20 30992
aoD2AG 225e2 2 219 - 0.03 0.21 33368
aoD2SG 225e2 2 219 - 0.03 0.22 33468
dry 18e4 2 168 - 0.03 0.13 33104
aoDLAV 18e4 2 168 - 0.04 0.78 47860
aoULAV 18e4 2 168 - 0.04 0.76 47864
aoD2AG 18e4 2 168 - 0.06 0.96 58648
aoD2SG 18e4 2 168 - 0.05 1.06 60016
dry 1e5 10 55 - 0.04 0.17 38396
aoDLAV 1e5 10 55 - 0.05 20.33 53536
aoULAV 1e5 10 55 - 0.05 20.56 55352
aoD2AG 1e5 10 55 - 0.06 20.64 63004
aoD2SG 1e5 10 55 - 0.06 22.95 66832
dry 32e3 2 178 - 0.02 0.13 29076
aoDLAV 32e3 2 178 - 0.04 0.20 31436
aoULAV 32e3 2 178 - 0.03 0.22 32148
aoD2AG 32e3 2 178 - 0.04 0.24 35080
aoD2SG 32e3 2 178 - 0.03 0.26 34788
dry 56e3 2 153 - 0.03 0.11 28236
aoDLAV 56e3 2 153 - 0.04 0.27 33480
aoULAV 56e3 2 153 - 0.03 0.29 34696
aoD2AG 56e3 2 153 - 0.04 0.34 37284
aoD2SG 56e3 2 153 - 0.04 0.37 37300
dry 32e1 2 94 - 0.03 0.11 26004
aoDLAV 32e1 2 94 - 0.03 0.14 30200
aoULAV 32e1 2 94 - 0.03 0.15 30208
aoD2AG 32e1 2 94 - 0.04 0.14 30376
aoD2SG 32e1 2 94 - 0.02 0.15 30384
moore 32e1 2 94 - 0.03 0.50 33676
nbpm 32e1 2 94 - 0.09 2.59 58300
greedy 32e1 2 94 - 0.03 0.21 40972
dry 56e1 2 241 - 0.02 0.12 26008
aoDLAV 56e1 2 241 - 0.03 0.15 30220
aoULAV 56e1 2 241 - 0.02 0.15 30232
aoD2AG 56e1 2 241 - 0.03 0.15 30416
aoD2SG 56e1 2 241 - 0.02 0.15 30428
moore 56e1 2 241 - 0.03 0.84 39684
nbpm 56e1 2 241 - 0.09 3.05 78704
greedy 56e1 2 241 - 0.05 0.40 64108
dry 1e6 10 156 - 0.08 0.41 112232
aoDLAV 1e6 10 156 - 0.47 382.68 369888
aoULAV 1e6 10 156 - 0.28 358.17 369884
aoD2AG 1e6 10 156 - 0.38 349.89 448344
aoD2SG 1e6 10 156 - 0.44 364.40 457136
