dry 1e6 2 158 - 0.05 0.17 49704
aoDLAV 1e6 2 158 - 0.12 3.53 178456
aoULAV 1e6 2 158 - 0.12 3.23 178456
aoD2AG 1e6 2 158 - 0.17 3.68 233888
aoD2SG 1e6 2 158 - 0.20 5.44 243004
dry 1e2 2 13 - 0.03 0.12 25992
aoDLAV 1e2 2 13 - 0.04 0.13 30168
aoULAV 1e2 2 13 - 0.02 0.13 30184
aoD2AG 1e2 2 13 - 0.03 0.14 30340
aoD2SG 1e2 2 13 - 0.02 0.14 30340
moore 1e2 2 13 - 0.03 0.21 30480
nbpm 1e2 2 13 - 0.10 2.13 53000
greedy 1e2 2 13 - 0.04 0.15 30880
dry 300e2 2 194 - 0.03 0.15 28972
aoDLAV 300e2 2 194 - 0.03 0.22 31296
aoULAV 300e2 2 194 - 0.03 0.19 31892
aoD2AG 300e2 2 194 - 0.03 0.21 35060
aoD2SG 300e2 2 194 - 0.03 0.21 34720
dry 1e3 5 244 - 0.04 0.13 26056
aoDLAV 1e3 5 244 - 0.02 0.14 30424
aoULAV 1e3 5 244 - 0.03 0.13 30440
aoD2AG 1e3 5 244 - 0.03 0.13 30740
aoD2SG 1e3 5 244 - 0.02 0.14 30768
moore 1e3 5 244 - 0.04 4.82 59800
nbpm 1e3 5 244 - 0.10 3.77 129244
greedy 1e3 5 244 - 0.08 0.86 139388
dry 56e1 2 126 - 0.03 0.10 26012
aoDLAV 56e1 2 126 - 0.02 0.14 30220
aoULAV 56e1 2 126 - 0.02 0.14 30232
aoD2AG 56e1 2 126 - 0.02 0.14 30416
aoD2SG 56e1 2 126 - 0.03 0.13 30428
moore 56e1 2 126 - 0.03 0.52 39688
nbpm 56e1 2 126 - 0.09 2.86 78708
greedy 56e1 2 126 - 0.04 0.36 64108
dry 250e2 2 152 - 0.02 0.11 28576
aoDLAV 250e2 2 152 - 0.04 0.18 31108
aoULAV 250e2 2 152 - 0.03 0.18 31232
aoD2AG 250e2 2 152 - 0.04 0.19 33860
aoD2SG 250e2 2 152 - 0.02 0.21 33968
dry 5e4 5 9 - 0.03 0.11 30176
aoDLAV 5e4 5 9 - 0.02 0.55 34704
aoULAV 5e4 5 9 - 0.04 0.50 34704
aoD2AG 5e4 5 9 - 0.03 0.57 37732
aoD2SG 5e4 5 9 - 0.03 0.63 37936
dry 18e4 2 234 - 0.02 0.13 33104
aoDLAV 18e4 2 234 - 0.04 0.78 47860
aoULAV 18e4 2 234 - 0.05 0.65 47860
aoD2AG 18e4 2 234 - 0.04 0.85 59060
aoD2SG 18e4 2 234 - 0.04 0.92 59808
dry 56e3 2 207 - 0.02 0.11 29736
aoDLAV 56e3 2 207 - 0.03 0.24 33476
aoULAV 56e3 2 207 - 0.03 0.24 34700
aoD2AG 56e3 2 207 - 0.03 0.30 37284
aoD2SG 56e3 2 207 - 0.03 0.32 37300
dry 1e6 10 216 - 0.07 0.36 112232
aoDLAV 1e6 10 216 - 0.66 445.63 369908
aoULAV 1e6 10 216 - 0.33 367.89 369884
aoD2AG 1e6 10 216 - 0.43 382.94 448484
aoD2SG 1e6 10 216 - 0.45 487.59 458252
dry 56e3 2 177 - 0.03 0.12 30088
aoDLAV 56e3 2 177 - 0.03 0.29 33476
aoULAV 56e3 2 177 - 0.03 0.31 34700
aoD2AG 56e3 2 177 - 0.04 0.37 37284
aoD2SG 56e3 2 177 - 0.04 0.40 37296
dry 1e2 5 173 - 0.01 0.13 25996
aoDLAV 1e2 5 173 - 0.03 0.14 30216
aoULAV 1e2 5 173 - 0.02 0.15 30228
aoD2AG 1e2 5 173 - 0.02 0.15 30388
aoD2SG 1e2 5 173 - 0.04 0.14 30388
moore 1e2 5 173 - 0.03 0.20 30492
nbpm 1e2 5 173 - 0.08 2.17 53020
greedy 1e2 5 173 - 0.02 0.15 30920
dry 1e5 10 57 - 0.03 0.18 38396
aoDLAV 1e5 10 57 - 0.20 22.35 53540
aoULAV 1e5 10 57 - 0.17 23.09 55308
aoD2AG 1e5 10 57 - 0.06 30.43 62928
aoD2SG 1e5 10 57 - 0.05 25.57 66836
dry 1e1 2 54 - 0.02 0.11 25992
aoDLAV 1e1 2 54 - 0.02 0.15 30164
aoULAV 1e1 2 54 - 0.03 0.13 30172
aoD2AG 1e1 2 54 - 0.03 0.14 30316
aoD2SG 1e1 2 54 - 0.03 0.14 30320
moore 1e1 2 54 - 0.03 0.18 30484
nbpm 1e1 2 54 - 0.07 2.13 49824
greedy 1e1 2 54 - 0.03 0.14 30124
dry 1e5 10 67 - 0.03 0.18 38396
aoDLAV 1e5 10 67 - 0.05 22.38 53540
aoULAV 1e5 10 67 - 0.05 31.54 55308
aoD2AG 1e5 10 67 - 0.04 20.20 62592
aoD2SG 1e5 10 67 - 0.06 24.80 66832
dry 1e1 2 28 - 0.02 0.12 25992
aoDLAV 1e1 2 28 - 0.02 0.14 30160
aoULAV 1e1 2 28 - 0.03 0.14 30172
aoD2AG 1e1 2 28 - 0.03 0.14 30316
aoD2SG 1e1 2 28 - 0.02 0.14 30312
moore 1e1 2 28 - 0.03 0.18 30480
nbpm 1e1 2 28 - 0.10 2.24 49816
greedy 1e1 2 28 - 0.02 0.14 30128
dry 1e5 10 139 - 0.04 0.18 38396
aoDLAV 1e5 10 139 - 0.05 23.05 53536
aoULAV 1e5 10 139 - 0.06 21.44 55312
aoD2AG 1e5 10 139 - 0.08 22.04 62960
aoD2SG 1e5 10 139 - 0.05 25.96 66836
dry 5e4 2 188 - 0.02 0.12 28000
aoDLAV 5e4 2 188 - 0.03 0.28 33008
aoULAV 5e4 2 188 - 0.03 0.28 33312
aoD2AG 5e4 2 188 - 0.03 0.33 36408
aoD2SG 5e4 2 188 - 0.04 0.35 36420
dry 56e4 2 211 - 0.04 0.17 41108
aoDLAV 56e4 2 211 - 0.07 2.07 107988
aoULAV 56e4 2 211 - 0.07 2.19 107988
aoD2AG 56e4 2 211 - 0.11 3.07 139664
aoD2SG 56e4 2 211 - 0.12 3.46 144428
dry 1e3 5 11 - 0.01 0.13 26056
aoDLAV 1e3 5 11 - 0.03 0.14 30424
aoULAV 1e3 5 11 - 0.03 0.14 30436
aoD2AG 1e3 5 11 - 0.04 0.14 30740
aoD2SG 1e3 5 11 - 0.03 0.15 30788
moore 1e3 5 11 - 0.04 5.89 59804
nbpm 1e3 5 11 - 0.13 4.42 129244
greedy 1e3 5 11 - 0.08 0.99 139388
dry 56e3 2 181 - 0.03 0.11 31236
aoDLAV 56e3 2 181 - 0.03 0.31 33476
aoULAV 56e3 2 181 - 0.03 0.32 34696
aoD2AG 56e3 2 181 - 0.03 0.38 37288
aoD2SG 56e3 2 181 - 0.05 0.40 37304
dry 1e2 2 176 - 0.03 0.10 25992
aoDLAV 1e2 2 176 - 0.03 0.14 30168
aoULAV 1e2 2 176 - 0.04 0.13 30180
aoD2AG 1e2 2 176 - 0.03 0.14 30340
aoD2SG 1e2 2 176 - 0.02 0.15 30344
moore 1e2 2 176 - 0.02 0.22 30484
nbpm 1e2 2 176 - 0.08 2.10 53004
greedy 1e2 2 176 - 0.03 0.14 30884
dry 32e3 2 78 - 0.02 0.11 27296
aoDLAV 32e3 2 78 - 0.04 0.20 31436
aoULAV 32e3 2 78 - 0.02 0.21 32148
aoD2AG 32e3 2 78 - 0.03 0.24 35024
aoD2SG 32e3 2 78 - 0.04 0.25 34788
dry 1e6 5 85 - 0.05 0.28 73152
aoDLAV 1e6 5 85 - 0.14 17.16 252692
aoULAV 1e6 5 85 - 0.15 19.47 252688
aoD2AG 1e6 5 85 - 0.22 21.45 323504
aoD2SG 1e6 5 85 - 0.21 23.20 333384
dry 1e3 5 112 - 0.02 0.12 26056
aoDLAV 1e3 5 112 - 0.03 0.14 30424
aoULAV 1e3 5 112 - 0.02 0.15 30436
aoD2AG 1e3 5 112 - 0.03 0.15 30748
aoD2SG 1e3 5 112 - 0.03 0.14 30768
moore 1e3 5 112 - 0.10 6.64 59804
nbpm 1e3 5 112 - 0.11 5.07 129244
greedy 1e3 5 112 - 0.08 1.05 139388
dry 56e3 2 139 - 0.03 0.11 28236
aoDLAV 56e3 2 139 - 0.04 0.29 33480
aoULAV 56e3 2 139 - 0.03 0.29 34696
aoD2AG 56e3 2 139 - 0.04 0.35 37284
aoD2SG 56e3 2 139 - 0.04 0.37 37300
dry 300e2 2 18 - 0.03 0.11 27216
aoDLAV 300e2 2 18 - 0.03 0.21 31296
aoULAV 300e2 2 18 - 0.02 0.22 31892
aoD2AG 300e2 2 18 - 0.03 0.24 35064
aoD2SG 300e2 2 18 - 0.02 0.25 34716
dry 1e2 2 38 - 0.02 0.12 25992
aoDLAV 1e2 2 38 - 0.04 0.13 30168
aoULAV 1e2 2 38 - 0.03 0.14 30180
aoD2AG 1e2 2 38 - 0.03 0.14 30328
aoD2SG 1e2 2 38 - 0.03 0.14 30344
moore 1e2 2 38 - 0.03 0.22 30484
nbpm 1e2 2 38 - 0.07 2.13 53000
greedy 1e2 2 38 - 0.03 0.14 30880
dry 18e1 2 161 - 0.02 0.11 27952
aoDLAV 18e1 2 161 - 0.02 0.14 30184
aoULAV 18e1 2 161 - 0.03 0.14 30196
aoD2AG 18e1 2 161 - 0.02 0.14 30356
aoD2SG 18e1 2 161 - 0.03 0.13 30364
moore 18e1 2 161 - 0.02 0.35 30492
nbpm 18e1 2 161 - 0.08 2.13 54436
greedy 18e1 2 161 - 0.02 0.15 33352
dry 1e6 2 94 - 0.04 0.19 49704
aoDLAV 1e6 2 94 - 0.10 3.52 178456
aoULAV 1e6 2 94 - 0.11 3.72 178456
aoD2AG 1e6 2 94 - 0.16 5.53 236028
aoD2SG 1e6 2 94 - 0.18 7.56 242432
dry 1e6 2 69 - 0.04 0.19 49704
aoDLAV 1e6 2 69 - 0.17 3.81 178456
aoULAV 1e6 2 69 - 0.13 3.60 178460
aoD2AG 1e6 2 69 - 0.17 5.85 233840
aoD2SG 1e6 2 69 - 0.20 6.60 242464
dry 1e1 2 37 - 0.02 0.12 25992
aoDLAV 1e1 2 37 - 0.03 0.14 30160
aoULAV 1e1 2 37 - 0.03 0.14 30172
aoD2AG 1e1 2 37 - 0.02 0.14 30312
aoD2SG 1e1 2 37 - 0.02 0.15 30312
moore 1e1 2 37 - 0.03 0.18 30484
nbpm 1e1 2 37 - 0.07 2.10 49824
greedy 1e1 2 37 - 0.03 0.13 30128
dry 18e4 2 74 - 0.03 0.14 33116
aoDLAV 18e4 2 74 - 0.05 0.78 47860
aoULAV 18e4 2 74 - 0.05 0.72 47860
aoD2AG 18e4 2 74 - 0.06 0.95 58644
aoD2SG 18e4 2 74 - 0.06 1.29 59928
dry 1e6 2 141 - 0.04 0.20 49704
aoDLAV 1e6 2 141 - 0.10 4.34 178456
aoULAV 1e6 2 141 - 0.12 3.80 178460
aoD2AG 1e6 2 141 - 0.17 5.22 234364
aoD2SG 1e6 2 141 - 0.18 5.84 242892
dry 56e3 2 186 - 0.03 0.11 28240
aoDLAV 56e3 2 186 - 0.04 0.28 33476
aoULAV 56e3 2 186 - 0.03 0.27 34696
aoD2AG 56e3 2 186 - 0.04 0.32 37284
aoD2SG 56e3 2 186 - 0.03 0.36 37304
dry 1e2 2 162 - 0.02 0.11 25992
aoDLAV 1e2 2 162 - 0.03 0.13 30168
aoULAV 1e2 2 162 - 0.03 0.14 30180
aoD2AG 1e2 2 162 - 0.03 0.14 30336
aoD2SG 1e2 2 162 - 0.02 0.15 30344
moore 1e2 2 162 - 0.03 0.20 30488
nbpm 1e2 2 162 - 0.10 2.23 53008
greedy 1e2 2 162 - 0.03 0.15 30880
dry 350e2 2 78 - 0.03 0.12 29332
aoDLAV 350e2 2 78 - 0.03 0.24 31480
aoULAV 350e2 2 78 - 0.03 0.24 32260
aoD2AG 350e2 2 78 - 0.03 0.29 34848
aoD2SG 350e2 2 78 - 0.03 0.28 35148
dry 56e3 2 246 - 0.02 0.12 29960
aoDLAV 56e3 2 246 - 0.04 0.27 33476
aoULAV 56e3 2 246 - 0.03 0.31 34696
aoD2AG 56e3 2 246 - 0.04 0.37 37288
aoD2SG 56e3 2 246 - 0.04 0.38 37296
dry 1e1 2 71 - 0.02 0.12 25996
aoDLAV 1e1 2 71 - 0.03 0.14 30160
aoULAV 1e1 2 71 - 0.03 0.14 30176
aoD2AG 1e1 2 71 - 0.03 0.14 30324
aoD2SG 1e1 2 71 - 0.03 0.14 30328
moore 1e1 2 71 - 0.02 0.19 30476
nbpm 1e1 2 71 - 0.06 2.18 49816
greedy 1e1 2 71 - 0.03 0.14 30124
dry 225e2 2 143 - 0.02 0.12 28952
aoDLAV 225e2 2 143 - 0.03 0.20 30980
aoULAV 225e2 2 143 - 0.03 0.20 30992
aoD2AG 225e2 2 143 - 0.02 0.21 33368
aoD2SG 225e2 2 143 - 0.02 0.23 33464
dry 32e1 2 211 - 0.03 0.11 26000
aoDLAV 32e1 2 211 - 0.03 0.15 30196
aoULAV 32e1 2 211 - 0.02 0.15 30208
aoD2AG 32e1 2 211 - 0.02 0.15 30376
aoD2SG 32e1 2 211 - 0.03 0.14 30384
moore 32e1 2 211 - 0.03 0.74 33684
nbpm 32e1 2 211 - 0.09 2.49 58308
greedy 32e1 2 211 - 0.04 0.21 40976
dry 1e6 2 226 - 0.04 0.19 49704
aoDLAV 1e6 2 226 - 0.10 4.33 178456
aoULAV 1e6 2 226 - 0.13 3.96 178456
aoD2AG 1e6 2 226 - 0.20 5.81 234360
aoD2SG 1e6 2 226 - 0.19 7.42 242128
dry 5e4 10 85 - 0.03 0.14 33888
aoDLAV 5e4 10 85 - 0.07 8.14 40200
aoULAV 5e4 10 85 - 0.04 7.97 40204
aoD2AG 5e4 10 85 - 0.04 8.07 44980
aoD2SG 5e4 10 85 - 0.04 8.89 44996
dry 32e1 2 84 - 0.01 0.12 26000
aoDLAV 32e1 2 84 - 0.02 0.15 30196
aoULAV 32e1 2 84 - 0.02 0.15 30212
aoD2AG 32e1 2 84 - 0.03 0.14 30376
aoD2SG 32e1 2 84 - 0.02 0.15 30388
moore 32e1 2 84 - 0.03 0.34 33684
nbpm 32e1 2 84 - 0.06 2.43 58308
greedy 32e1 2 84 - 0.03 0.21 40972
dry 375e2 2 84 - 0.02 0.12 29204
aoDLAV 375e2 2 84 - 0.02 0.24 31788
aoULAV 375e2 2 84 - 0.03 0.24 32604
aoD2AG 375e2 2 84 - 0.04 0.26 35516
aoD2SG 375e2 2 84 - 0.04 0.28 35532
dry 1e3 10 65 - 0.02 0.12 26136
aoDLAV 1e3 10 65 - 0.04 0.15 30652
aoULAV 1e3 10 65 - 0.03 0.16 30664
aoD2AG 1e3 10 65 - 0.02 0.17 31052
aoD2SG 1e3 10 65 - 0.03 0.16 31072
moore 1e3 10 65 - 0.05 2.85 59868
nbpm 1e3 10 65 - 0.13 5.07 136144
greedy 1e3 10 65 - 0.07 1.10 139620
dry 275e2 2 19 - 0.02 0.13 27120
aoDLAV 275e2 2 19 - 0.02 0.22 31240
aoULAV 275e2 2 19 - 0.03 0.21 31572
aoD2AG 275e2 2 19 - 0.03 0.24 34696
aoD2SG 275e2 2 19 - 0.03 0.25 34816
dry 1e5 2 178 - 0.03 0.13 32124
aoDLAV 1e5 2 178 - 0.03 0.52 34800
aoULAV 1e5 2 178 - 0.03 0.47 35320
aoD2AG 1e5 2 178 - 0.03 0.62 42596
aoD2SG 1e5 2 178 - 0.04 0.66 43800
dry 1e6 5 214 - 0.06 0.30 73152
aoDLAV 1e6 5 214 - 0.24 20.06 252688
aoULAV 1e6 5 214 - 0.26 20.03 252716
aoD2AG 1e6 5 214 - 0.25 22.68 324412
aoD2SG 1e6 5 214 - 0.24 32.47 332740
dry 1e3 10 35 - 0.03 0.11 26136
aoDLAV 1e3 10 35 - 0.03 0.16 30652
aoULAV 1e3 10 35 - 0.03 0.16 30664
aoD2AG 1e3 10 35 - 0.03 0.17 31060
aoD2SG 1e3 10 35 - 0.02 0.17 31092
moore 1e3 10 35 - 0.04 6.30 59840
nbpm 1e3 10 35 - 0.15 5.11 136140
greedy 1e3 10 35 - 0.08 1.09 139616
dry 1e3 2 14 - 0.02 0.12 26020
aoDLAV 1e3 2 14 - 0.02 0.15 30280
aoULAV 1e3 2 14 - 0.02 0.15 30296
aoD2AG 1e3 2 14 - 0.03 0.14 30540
aoD2SG 1e3 2 14 - 0.02 0.15 30560
moore 1e3 2 14 - 0.03 2.77 59796
nbpm 1e3 2 14 - 0.11 4.20 138552
greedy 1e3 2 14 - 0.08 1.07 139244
dry 375e2 2 183 - 0.03 0.12 27516
aoDLAV 375e2 2 183 - 0.03 0.23 31788
aoULAV 375e2 2 183 - 0.03 0.24 32604
aoD2AG 375e2 2 183 - 0.05 0.27 35516
aoD2SG 375e2 2 183 - 0.03 0.29 35572
dry 18e4 2 134 - 0.02 0.14 33104
aoDLAV 18e4 2 134 - 0.05 0.78 47860
aoULAV 18e4 2 134 - 0.05 0.79 47860
aoD2AG 18e4 2 134 - 0.05 1.05 58704
aoD2SG 18e4 2 134 - 0.06 1.16 59972
dry 225e2 2 213 - 0.02 0.12 30580
aoDLAV 225e2 2 213 - 0.04 0.18 30984
aoULAV 225e2 2 213 - 0.03 0.20 30992
aoD2AG 225e2 2 213 - 0.03 0.22 33368
aoD2SG 225e2 2 213 - 0.02 0.24 33460
dry 5e4 5 44 - 0.02 0.14 30224
aoDLAV 5e4 5 44 - 0.03 0.77 34704
aoULAV 5e4 5 44 - 0.03 0.88 34704
aoD2AG 5e4 5 44 - 0.04 0.71 37724
aoD2SG 5e4 5 44 - 0.03 0.79 37936
dry 1e3 5 203 - 0.03 0.11 28100
aoDLAV 1e3 5 203 - 0.02 0.15 30464
aoULAV 1e3 5 203 - 0.02 0.15 30436
aoD2AG 1e3 5 203 - 0.03 0.15 30748
aoD2SG 1e3 5 203 - 0.04 0.14 30768
moore 1e3 5 203 - 0.04 2.72 59944
nbpm 1e3 5 203 - 0.11 4.51 129244
greedy 1e3 5 203 - 0.09 0.96 139388
dry 5e4 2 157 - 0.03 0.11 28000
aoDLAV 5e4 2 157 - 0.02 0.26 33008
aoULAV 5e4 2 157 - 0.03 0.26 33316
aoD2AG 5e4 2 157 - 0.04 0.32 36408
aoD2SG 5e4 2 157 - 0.04 0.35 36424
dry 32e4 2 29 - 0.03 0.16 36424
aoDLAV 32e4 2 29 - 0.06 1.29 70828
aoULAV 32e4 2 29 - 0.06 1.26 70844
aoD2AG 32e4 2 29 - 0.06 1.87 89056
aoD2SG 32e4 2 29 - 0.09 2.01 90836
dry 18e1 2 199 - 0.02 0.12 26008
aoDLAV 18e1 2 199 - 0.02 0.15 30184
aoULAV 18e1 2 199 - 0.02 0.15 30232
aoD2AG 18e1 2 199 - 0.02 0.15 30360
aoD2SG 18e1 2 199 - 0.03 0.14 30368
moore 18e1 2 199 - 0.03 0.29 30552
nbpm 18e1 2 199 - 0.07 2.27 54436
greedy 18e1 2 199 - 0.03 0.16 33348
dry 275e2 2 13 - 0.03 0.11 30676
aoDLAV 275e2 2 13 - 0.03 0.20 31244
aoULAV 275e2 2 13 - 0.03 0.20 31576
aoD2AG 275e2 2 13 - 0.03 0.22 34700
aoD2SG 275e2 2 13 - 0.03 0.24 34816
dry 1e3 2 189 - 0.03 0.11 26020
aoDLAV 1e3 2 189 - 0.02 0.15 30280
aoULAV 1e3 2 189 - 0.04 0.13 30292
aoD2AG 1e3 2 189 - 0.03 0.14 30536
aoD2SG 1e3 2 189 - 0.03 0.15 30564
moore 1e3 2 189 - 0.03 3.97 59768
nbpm 1e3 2 189 - 0.13 4.26 138552
greedy 1e3 2 189 - 0.10 1.05 139244
dry 56e4 2 5 - 0.03 0.19 41104
aoDLAV 56e4 2 5 - 0.07 2.21 107984
aoULAV 56e4 2 5 - 0.09 2.30 107984
aoD2AG 56e4 2 5 - 0.14 3.32 138732
aoD2SG 56e4 2 5 - 0.11 4.13 144820
dry 1e6 2 19 - 0.03 0.20 49704
aoDLAV 1e6 2 19 - 0.12 3.42 178460
aoULAV 1e6 2 19 - 0.11 3.67 178460
aoD2AG 1e6 2 19 - 0.17 5.16 235252
aoD2SG 1e6 2 19 - 0.18 5.76 241588
dry 56e3 2 50 - 0.02 0.12 29640
aoDLAV 56e3 2 50 - 0.04 0.27 33476
aoULAV 56e3 2 50 - 0.04 0.28 34696
aoD2AG 56e3 2 50 - 0.04 0.35 37284
aoD2SG 56e3 2 50 - 0.04 0.39 37300
dry 325e2 2 188 - 0.03 0.12 27316
aoDLAV 325e2 2 188 - 0.04 0.22 31372
aoULAV 325e2 2 188 - 0.04 0.22 32084
aoD2AG 325e2 2 188 - 0.03 0.27 35000
aoD2SG 325e2 2 188 - 0.04 0.26 34760
dry 32e4 2 241 - 0.04 0.16 36424
aoDLAV 32e4 2 241 - 0.07 1.15 70828
aoULAV 32e4 2 241 - 0.05 1.17 70840
aoD2AG 32e4 2 241 - 0.09 1.95 88476
aoD2SG 32e4 2 241 - 0.08 2.07 90872
dry 1e2 2 147 - 0.03 0.11 25996
aoDLAV 1e2 2 147 - 0.03 0.15 30168
aoULAV 1e2 2 147 - 0.02 0.15 30180
aoD2AG 1e2 2 147 - 0.03 0.14 30340
aoD2SG 1e2 2 147 - 0.02 0.15 30340
moore 1e2 2 147 - 0.03 0.21 30488
nbpm 1e2 2 147 - 0.09 2.35 53008
greedy 1e2 2 147 - 0.02 0.16 30880
dry 1e2 2 122 - 0.02 0.12 25992
aoDLAV 1e2 2 122 - 0.03 0.14 30188
aoULAV 1e2 2 122 - 0.03 0.14 30180
aoD2AG 1e2 2 122 - 0.02 0.15 30336
aoD2SG 1e2 2 122 - 0.02 0.15 30340
moore 1e2 2 122 - 0.03 0.23 30480
nbpm 1e2 2 122 - 0.07 2.27 53000
greedy 1e2 2 122 - 0.04 0.14 30880
dry 32e4 2 93 - 0.03 0.16 36448
aoDLAV 32e4 2 93 - 0.05 1.12 70828
aoULAV 32e4 2 93 - 0.06 1.59 70840
aoD2AG 32e4 2 93 - 0.08 1.80 89448
aoD2SG 32e4 2 93 - 0.07 2.03 90800
dry 1e5 5 113 - 0.03 0.14 34480
aoDLAV 1e5 5 113 - 0.04 1.66 41816
aoULAV 1e5 5 113 - 0.04 1.73 43576
aoD2AG 1e5 5 113 - 0.04 1.55 53564
aoD2SG 1e5 5 113 - 0.05 1.73 53200
dry 1e2 10 153 - 0.02 0.12 26004
aoDLAV 1e2 10 153 - 0.03 0.14 30280
aoULAV 1e2 10 153 - 0.03 0.14 30272
aoD2AG 1e2 10 153 - 0.03 0.15 30440
aoD2SG 1e2 10 153 - 0.03 0.15 30444
moore 1e2 10 153 - 0.03 0.21 30500
nbpm 1e2 10 153 - 0.09 2.29 53076
greedy 1e2 10 153 - 0.02 0.15 30972
dry 56e4 2 122 - 0.03 0.19 41104
aoDLAV 56e4 2 122 - 0.08 2.20 107984
aoULAV 56e4 2 122 - 0.10 2.27 107988
aoD2AG 56e4 2 122 - 0.11 3.25 138620
aoD2SG 56e4 2 122 - 0.10 3.60 144296
dry 1e2 5 32 - 0.02 0.11 25996
aoDLAV 1e2 5 32 - 0.02 0.15 30212
aoULAV 1e2 5 32 - 0.03 0.14 30224
aoD2AG 1e2 5 32 - 0.03 0.14 30376
aoD2SG 1e2 5 32 - 0.03 0.14 30388
moore 1e2 5 32 - 0.04 0.19 30492
nbpm 1e2 5 32 - 0.06 2.20 53016
greedy 1e2 5 32 - 0.02 0.15 30920
dry 400e2 2 246 - 0.02 0.13 27616
aoDLAV 400e2 2 246 - 0.03 0.24 32236
aoULAV 400e2 2 246 - 0.04 0.24 33112
aoD2AG 400e2 2 246 - 0.04 0.28 36072
aoD2SG 400e2 2 246 - 0.04 0.30 35928
dry 5e4 10 218 - 0.04 0.13 33888
aoDLAV 5e4 10 218 - 0.05 8.21 40204
aoULAV 5e4 10 218 - 0.04 8.39 40204
aoD2AG 5e4 10 218 - 0.08 8.15 44980
aoD2SG 5e4 10 218 - 0.07 9.49 44996
dry 56e1 2 189 - 0.02 0.12 26012
aoDLAV 56e1 2 189 - 0.03 0.14 30220
aoULAV 56e1 2 189 - 0.03 0.14 30232
aoD2AG 56e1 2 189 - 0.03 0.14 30416
aoD2SG 56e1 2 189 - 0.04 0.14 30424
moore 56e1 2 189 - 0.04 0.79 39680
nbpm 56e1 2 189 - 0.11 3.25 78704
greedy 56e1 2 189 - 0.04 0.41 64104
dry 32e3 2 59 - 0.02 0.12 27296
aoDLAV 32e3 2 59 - 0.03 0.22 31436
aoULAV 32e3 2 59 - 0.03 0.23 32144
aoD2AG 32e3 2 59 - 0.03 0.26 35020
aoD2SG 32e3 2 59 - 0.03 0.27 34784
dry 1e5 5 144 - 0.03 0.14 34476
aoDLAV 1e5 5 144 - 0.05 1.72 41816
aoULAV 1e5 5 144 - 0.05 1.76 43572
aoD2AG 1e5 5 144 - 0.05 1.88 53712
aoD2SG 1e5 5 144 - 0.05 2.12 53196
dry 1e5 5 167 - 0.03 0.14 34476
aoDLAV 1e5 5 167 - 0.05 1.73 41816
aoULAV 1e5 5 167 - 0.04 1.74 43568
aoD2AG 1e5 5 167 - 0.04 1.90 53564
aoD2SG 1e5 5 167 - 0.05 2.12 53196
dry 1e5 10 29 - 0.04 0.18 38400
aoDLAV 1e5 10 29 - 0.09 23.83 53536
aoULAV 1e5 10 29 - 0.10 23.21 55316
aoD2AG 1e5 10 29 - 0.13 23.56 62904
aoD2SG 1e5 10 29 - 0.14 26.37 66832
dry 375e2 2 125 - 0.03 0.12 29272
aoDLAV 375e2 2 125 - 0.03 0.23 31784
aoULAV 375e2 2 125 - 0.02 0.24 32608
aoD2AG 375e2 2 125 - 0.04 0.28 35512
aoD2SG 375e2 2 125 - 0.03 0.29 35524
dry 18e4 2 29 - 0.03 0.13 33104
aoDLAV 18e4 2 29 - 0.06 0.84 47860
aoULAV 18e4 2 29 - 0.05 0.79 47860
aoD2AG 18e4 2 29 - 0.05 1.03 58640
aoD2SG 18e4 2 29 - 0.07 1.14 60152
dry 225e2 2 184 - 0.02 0.12 26920
aoDLAV 225e2 2 184 - 0.03 0.19 30980
aoULAV 225e2 2 184 - 0.03 0.20 30992
aoD2AG 225e2 2 184 - 0.03 0.22 33364
aoD2SG 225e2 2 184 - 0.03 0.23 33460
dry 18e4 2 237 - 0.04 0.13 33132
aoDLAV 18e4 2 237 - 0.05 0.78 47860
aoULAV 18e4 2 237 - 0.06 0.80 47864
aoD2AG 18e4 2 237 - 0.06 1.03 58652
aoD2SG 18e4 2 237 - 0.06 1.12 59936
dry 1e5 5 218 - 0.03 0.14 34476
aoDLAV 1e5 5 218 - 0.05 1.66 41820
aoULAV 1e5 5 218 - 0.05 1.69 43568
aoD2AG 1e5 5 218 - 0.04 1.86 54040
aoD2SG 1e5 5 218 - 0.06 2.04 53196
dry 300e2 2 108 - 0.02 0.12 27216
aoDLAV 300e2 2 108 - 0.03 0.21 31300
aoULAV 300e2 2 108 - 0.03 0.21 31892
aoD2AG 300e2 2 108 - 0.02 0.24 35056
aoD2SG 300e2 2 108 - 0.03 0.25 34772
dry 5e4 2 217 - 0.02 0.12 30000
aoDLAV 5e4 2 217 - 0.03 0.28 33008
aoULAV 5e4 2 217 - 0.03 0.28 33312
aoD2AG 5e4 2 217 - 0.03 0.34 36412
aoD2SG 5e4 2 217 - 0.04 0.35 36424
dry 1e6 10 7 - 0.09 0.38 112232
aoDLAV 1e6 10 7 - 0.21 512.43 369892
aoULAV 1e6 10 7 - 0.32 363.66 369952
aoD2AG 1e6 10 7 - 0.41 373.11 447844
aoD2SG 1e6 10 7 - 0.42 436.48 456400
dry 32e1 2 215 - 0.03 0.11 26000
aoDLAV 32e1 2 215 - 0.03 0.14 30196
aoULAV 32e1 2 215 - 0.03 0.14 30212
aoD2AG 32e1 2 215 - 0.03 0.14 30380
aoD2SG 32e1 2 215 - 0.02 0.14 30384
moore 32e1 2 215 - 0.03 0.70 33732
nbpm 32e1 2 215 - 0.07 2.39 58304
greedy 32e1 2 215 - 0.04 0.20 40972
dry 32e4 2 18 - 0.04 0.15 36424
aoDLAV 32e4 2 18 - 0.06 1.19 70828
aoULAV 32e4 2 18 - 0.05 1.21 70844
aoD2AG 32e4 2 18 - 0.07 1.64 88200
aoD2SG 32e4 2 18 - 0.07 1.88 90896
dry 225e2 2 85 - 0.02 0.12 26920
aoDLAV 225e2 2 85 - 0.02 0.19 30984
aoULAV 225e2 2 85 - 0.02 0.20 30992
aoD2AG 225e2 2 85 - 0.03 0.21 33368
aoD2SG 225e2 2 85 - 0.04 0.21 33464
dry 32e1 2 32 - 0.03 0.11 26000
aoDLAV 32e1 2 32 - 0.03 0.14 30200
aoULAV 32e1 2 32 - 0.02 0.14 30212
aoD2AG 32e1 2 32 - 0.03 0.14 30376
aoD2SG 32e1 2 32 - 0.03 0.14 30388
moore 32e1 2 32 - 0.04 0.46 33676
nbpm 32e1 2 32 - 0.07 2.31 58300
greedy 32e1 2 32 - 0.03 0.21 40972
dry 1e1 2 178 - 0.02 0.11 25992
aoDLAV 1e1 2 178 - 0.03 0.14 30160
aoULAV 1e1 2 178 - 0.03 0.14 30172
aoD2AG 1e1 2 178 - 0.03 0.14 30320
aoD2SG 1e1 2 178 - 0.02 0.14 30320
moore 1e1 2 178 - 0.03 0.18 30476
nbpm 1e1 2 178 - 0.09 2.20 49816
greedy 1e1 2 178 - 0.03 0.14 30124
dry 275e2 2 165 - 0.03 0.11 29040
aoDLAV 275e2 2 165 - 0.02 0.20 31244
aoULAV 275e2 2 165 - 0.03 0.21 31568
aoD2AG 275e2 2 165 - 0.03 0.22 34696
aoD2SG 275e2 2 165 - 0.03 0.24 34812
dry 1e5 10 111 - 0.04 0.17 38396
aoDLAV 1e5 10 111 - 0.04 21.60 53536
aoULAV 1e5 10 111 - 0.06 21.22 55308
aoD2AG 1e5 10 111 - 0.06 22.68 62688
aoD2SG 1e5 10 111 - 0.05 25.59 66832
dry 56e1 2 178 - 0.02 0.12 26008
aoDLAV 56e1 2 178 - 0.02 0.15 30220
aoULAV 56e1 2 178 - 0.03 0.14 30232
aoD2AG 56e1 2 178 - 0.03 0.14 30416
aoD2SG 56e1 2 178 - 0.03 0.15 30424
moore 56e1 2 178 - 0.03 1.38 39652
nbpm 56e1 2 178 - 0.10 3.08 78704
greedy 56e1 2 178 - 0.05 0.36 64104
dry 5e4 10 5 - 0.04 0.13 33888
aoDLAV 5e4 10 5 - 0.10 8.35 40200
aoULAV 5e4 10 5 - 0.04 8.27 40232
aoD2AG 5e4 10 5 - 0.04 7.86 44984
aoD2SG 5e4 10 5 - 0.04 8.68 44996
dry 1e3 5 85 - 0.02 0.12 26056
aoDLAV 1e3 5 85 - 0.03 0.14 30424
aoULAV 1e3 5 85 - 0.02 0.14 30436
aoD2AG 1e3 5 85 - 0.03 0.14 30732
aoD2SG 1e3 5 85 - 0.02 0.15 30776
moore 1e3 5 85 - 0.04 1.99 59828
nbpm 1e3 5 85 - 0.13 4.50 129248
greedy 1e3 5 85 - 0.07 0.96 139388
dry 56e4 2 244 - 0.02 0.20 41104
aoDLAV 56e4 2 244 - 0.08 2.26 107988
aoULAV 56e4 2 244 - 0.08 2.29 107984
aoD2AG 56e4 2 244 - 0.11 3.43 139484
aoD2SG 56e4 2 244 - 0.12 3.68 144560
dry 5e4 10 9 - 0.03 0.13 33888
aoDLAV 5e4 10 9 - 0.03 8.51 40204
aoULAV 5e4 10 9 - 0.07 8.43 40204
aoD2AG 5e4 10 9 - 0.05 8.67 44988
aoD2SG 5e4 10 9 - 0.04 9.49 45000
dry 1e3 5 83 - 0.02 0.11 26056
aoDLAV 1e3 5 83 - 0.02 0.15 30424
aoULAV 1e3 5 83 - 0.03 0.14 30436
aoD2AG 1e3 5 83 - 0.03 0.15 30752
aoD2SG 1e3 5 83 - 0.03 0.15 30760
moore 1e3 5 83 - 0.04 8.70 59800
nbpm 1e3 5 83 - 0.12 4.89 129244
greedy 1e3 5 83 - 0.07 1.09 139392
dry 1e6 5 207 - 0.05 0.29 73152
aoDLAV 1e6 5 207 - 0.15 20.84 252688
aoULAV 1e6 5 207 - 0.20 20.77 252688
aoD2AG 1e6 5 207 - 0.23 23.12 324348
aoD2SG 1e6 5 207 - 0.23 27.36 333032
dry 1e3 2 210 - 0.03 0.12 26020
aoDLAV 1e3 2 210 - 0.04 0.13 30280
aoULAV 1e3 2 210 - 0.03 0.14 30292
aoD2AG 1e3 2 210 - 0.03 0.14 30540
aoD2SG 1e3 2 210 - 0.03 0.14 30552
moore 1e3 2 210 - 0.06 2.70 59876
nbpm 1e3 2 210 - 0.13 3.87 138552
greedy 1e3 2 210 - 0.09 0.95 139244
dry 1e2 5 135 - 0.03 0.11 25996
aoDLAV 1e2 5 135 - 0.02 0.14 30212
aoULAV 1e2 5 135 - 0.03 0.14 30224
aoD2AG 1e2 5 135 - 0.03 0.14 30384
aoD2SG 1e2 5 135 - 0.03 0.14 30388
moore 1e2 5 135 - 0.03 0.19 30492
nbpm 1e2 5 135 - 0.06 2.10 53020
greedy 1e2 5 135 - 0.03 0.14 30924
dry 275e2 2 176 - 0.02 0.12 27120
aoDLAV 275e2 2 176 - 0.03 0.20 31240
aoULAV 275e2 2 176 - 0.03 0.20 31572
aoD2AG 275e2 2 176 - 0.04 0.21 34692
aoD2SG 275e2 2 176 - 0.04 0.23 34812
dry 325e2 2 53 - 0.02 0.12 29184
aoDLAV 325e2 2 53 - 0.03 0.21 31372
aoULAV 325e2 2 53 - 0.03 0.21 32088
aoD2AG 325e2 2 53 - 0.03 0.24 35000
aoD2SG 325e2 2 53 - 0.04 0.25 34756
dry 18e1 2 228 - 0.03 0.11 26004
aoDLAV 18e1 2 228 - 0.02 0.15 30188
aoULAV 18e1 2 228 - 0.03 0.15 30196
aoD2AG 18e1 2 228 - 0.02 0.15 30360
aoD2SG 18e1 2 228 - 0.02 0.15 30364
moore 18e1 2 228 - 0.02 0.28 30488
nbpm 18e1 2 228 - 0.08 2.23 54436
greedy 18e1 2 228 - 0.03 0.16 33352
dry 5e4 2 67 - 0.03 0.12 29684
aoDLAV 5e4 2 67 - 0.03 0.29 33008
aoULAV 5e4 2 67 - 0.03 0.29 33312
aoD2AG 5e4 2 67 - 0.03 0.35 36408
aoD2SG 5e4 2 67 - 0.03 0.38 36420
dry 375e2 2 69 - 0.03 0.12 27516
aoDLAV 375e2 2 69 - 0.03 0.24 31788
aoULAV 375e2 2 69 - 0.03 0.22 32604
aoD2AG 375e2 2 69 - 0.03 0.26 35516
aoD2SG 375e2 2 69 - 0.03 0.28 35528
dry 375e2 2 76 - 0.02 0.12 29516
aoDLAV 375e2 2 76 - 0.03 0.24 31784
aoULAV 375e2 2 76 - 0.03 0.24 32608
aoD2AG 375e2 2 76 - 0.04 0.28 35520
aoD2SG 375e2 2 76 - 0.04 0.29 35532
dry 18e1 2 238 - 0.02 0.12 26004
aoDLAV 18e1 2 238 - 0.03 0.15 30184
aoULAV 18e1 2 238 - 0.02 0.15 30240
aoD2AG 18e1 2 238 - 0.02 0.15 30352
aoD2SG 18e1 2 238 - 0.04 0.14 30364
moore 18e1 2 238 - 0.03 0.30 30492
nbpm 18e1 2 238 - 0.09 2.25 54436
greedy 18e1 2 238 - 0.03 0.16 33348
dry 300e2 2 159 - 0.03 0.12 30724
aoDLAV 300e2 2 159 - 0.04 0.21 31296
aoULAV 300e2 2 159 - 0.03 0.22 31892
aoD2AG 300e2 2 159 - 0.03 0.25 35060
aoD2SG 300e2 2 159 - 0.03 0.26 34712
dry 5e4 5 248 - 0.03 0.14 31184
aoDLAV 5e4 5 248 - 0.04 0.79 34704
aoULAV 5e4 5 248 - 0.04 0.79 34708
aoD2AG 5e4 5 248 - 0.04 0.86 37728
aoD2SG 5e4 5 248 - 0.04 0.93 37940
dry 225e2 2 13 - 0.02 0.12 26920
aoDLAV 225e2 2 13 - 0.04 0.19 30980
aoULAV 225e2 2 13 - 0.03 0.20 30992
aoD2AG 225e2 2 13 - 0.03 0.22 33368
aoD2SG 225e2 2 13 - 0.04 0.22 33460
dry 1e5 10 136 - 0.04 0.18 38396
aoDLAV 1e5 10 136 - 0.05 23.21 53540
aoULAV 1e5 10 136 - 0.05 23.92 55308
aoD2AG 1e5 10 136 - 0.06 23.10 62600
aoD2SG 1e5 10 136 - 0.05 22.18 66832
dry 18e1 2 56 - 0.02 0.12 26004
aoDLAV 18e1 2 56 - 0.03 0.14 30224
aoULAV 18e1 2 56 - 0.03 0.14 30196
aoD2AG 18e1 2 56 - 0.03 0.15 30360
aoD2SG 18e1 2 56 - 0.03 0.15 30368
moore 18e1 2 56 - 0.02 0.35 30488
nbpm 18e1 2 56 - 0.08 2.25 54436
greedy 18e1 2 56 - 0.02 0.17 33348
dry 32e3 2 250 - 0.02 0.12 27296
aoDLAV 32e3 2 250 - 0.03 0.22 31436
aoULAV 32e3 2 250 - 0.04 0.22 32152
aoD2AG 32e3 2 250 - 0.03 0.24 35020
aoD2SG 32e3 2 250 - 0.03 0.25 34788
dry 300e2 2 104 - 0.03 0.12 30728
aoDLAV 300e2 2 104 - 0.02 0.22 31296
aoULAV 300e2 2 104 - 0.03 0.21 31892
aoD2AG 300e2 2 104 - 0.03 0.24 35060
aoD2SG 300e2 2 104 - 0.04 0.24 34720
dry 1e5 2 100 - 0.03 0.13 32128
aoDLAV 1e5 2 100 - 0.03 0.42 34804
aoULAV 1e5 2 100 - 0.03 0.48 35320
aoD2AG 1e5 2 100 - 0.04 0.60 42600
aoD2SG 1e5 2 100 - 0.04 0.61 43804
dry 32e1 2 199 - 0.02 0.12 26000
aoDLAV 32e1 2 199 - 0.02 0.16 30196
aoULAV 32e1 2 199 - 0.02 0.15 30208
aoD2AG 32e1 2 199 - 0.03 0.15 30380
aoD2SG 32e1 2 199 - 0.03 0.14 30388
moore 32e1 2 199 - 0.04 0.37 33684
nbpm 32e1 2 199 - 0.09 2.30 58308
greedy 32e1 2 199 - 0.03 0.21 40972
dry 56e3 2 89 - 0.02 0.12 29712
aoDLAV 56e3 2 89 - 0.04 0.29 33480
aoULAV 56e3 2 89 - 0.03 0.30 34696
aoD2AG 56e3 2 89 - 0.05 0.36 37284
aoD2SG 56e3 2 89 - 0.04 0.40 37300
dry 5e4 5 87 - 0.02 0.13 29984
aoDLAV 5e4 5 87 - 0.03 0.67 34708
aoULAV 5e4 5 87 - 0.04 0.67 34704
aoD2AG 5e4 5 87 - 0.04 0.72 37728
aoD2SG 5e4 5 87 - 0.03 0.80 37936
dry 5e4 2 63 - 0.03 0.12 31116
aoDLAV 5e4 2 63 - 0.03 0.26 33008
aoULAV 5e4 2 63 - 0.04 0.26 33312
aoD2AG 5e4 2 63 - 0.04 0.32 36412
aoD2SG 5e4 2 63 - 0.04 0.34 36432
dry 1e3 5 127 - 0.02 0.12 27956
aoDLAV 1e3 5 127 - 0.02 0.15 30424
aoULAV 1e3 5 127 - 0.03 0.14 30436
aoD2AG 1e3 5 127 - 0.04 0.14 30748
aoD2SG 1e3 5 127 - 0.03 0.14 30768
moore 1e3 5 127 - 0.04 3.92 59800
nbpm 1e3 5 127 - 0.13 4.24 129244
greedy 1e3 5 127 - 0.08 0.98 139388
dry 1e2 10 218 - 0.02 0.12 26008
aoDLAV 1e2 10 218 - 0.02 0.15 30260
aoULAV 1e2 10 218 - 0.03 0.14 30272
aoD2AG 1e2 10 218 - 0.03 0.15 30440
aoD2SG 1e2 10 218 - 0.03 0.15 30448
moore 1e2 10 218 - 0.03 0.22 30500
nbpm 1e2 10 218 - 0.08 2.11 53076
greedy 1e2 10 218 - 0.03 0.14 30972
dry 225e2 2 202 - 0.02 0.12 30576
aoDLAV 225e2 2 202 - 0.03 0.19 30984
aoULAV 225e2 2 202 - 0.03 0.20 30996
aoD2AG 225e2 2 202 - 0.04 0.21 33368
aoD2SG 225e2 2 202 - 0.03 0.22 33460
dry 1e5 10 199 - 0.03 0.19 38400
aoDLAV 1e5 10 199 - 0.06 23.80 53536
aoULAV 1e5 10 199 - 0.06 23.82 55308
aoD2AG 1e5 10 199 - 0.05 23.02 62748
aoD2SG 1e5 10 199 - 0.05 25.60 66832
dry 325e2 2 63 - 0.02 0.12 27316
aoDLAV 325e2 2 63 - 0.04 0.21 31372
aoULAV 325e2 2 63 - 0.03 0.22 32084
aoD2AG 325e2 2 63 - 0.03 0.26 35004
aoD2SG 325e2 2 63 - 0.03 0.27 34764
dry 1e6 2 16 - 0.04 0.20 49704
aoDLAV 1e6 2 16 - 0.10 3.80 178460
aoULAV 1e6 2 16 - 0.12 4.03 178460
aoD2AG 1e6 2 16 - 0.16 5.71 233764
aoD2SG 1e6 2 16 - 0.19 6.36 242492
dry 32e1 2 202 - 0.02 0.12 26000
aoDLAV 32e1 2 202 - 0.02 0.15 30200
aoULAV 32e1 2 202 - 0.02 0.15 30208
aoD2AG 32e1 2 202 - 0.03 0.14 30380
aoD2SG 32e1 2 202 - 0.03 0.14 30384
moore 32e1 2 202 - 0.03 0.50 33736
nbpm 32e1 2 202 - 0.08 2.37 58304
greedy 32e1 2 202 - 0.03 0.21 40972
dry 1e6 5 133 - 0.06 0.27 73152
aoDLAV 1e6 5 133 - 0.15 19.40 252688
aoULAV 1e6 5 133 - 0.15 19.18 252816
aoD2AG 1e6 5 133 - 0.28 21.12 323788
aoD2SG 1e6 5 133 - 0.22 24.87 333292
dry 1e6 10 213 - 0.09 0.40 112232
aoDLAV 1e6 10 213 - 0.21 373.62 369884
aoULAV 1e6 10 213 - 0.33 354.47 369888
aoD2AG 1e6 10 213 - 0.39 351.44 448476
aoD2SG 1e6 10 213 - 0.42 579.60 457844
