dry 1e2 5 75 - 0.02 0.10 25996
aoDLAV 1e2 5 75 - 0.02 0.12 30212
aoULAV 1e2 5 75 - 0.02 0.12 30224
aoD2AG 1e2 5 75 - 0.03 0.11 30388
aoD2SG 1e2 5 75 - 0.04 0.11 30388
moore 1e2 5 75 - 0.02 0.19 30484
nbpm 1e2 5 75 - 0.08 1.89 53012
greedy 1e2 5 75 - 0.02 0.12 30920
dry 18e1 2 157 - 0.03 0.10 27952
aoDLAV 18e1 2 157 - 0.02 0.12 30184
aoULAV 18e1 2 157 - 0.02 0.13 30200
aoD2AG 18e1 2 157 - 0.02 0.13 30356
aoD2SG 18e1 2 157 - 0.03 0.13 30364
moore 18e1 2 157 - 0.03 0.35 30488
nbpm 18e1 2 157 - 0.08 2.03 54436
greedy 18e1 2 157 - 0.03 0.16 33348
dry 1e3 2 198 - 0.03 0.11 26020
aoDLAV 1e3 2 198 - 0.03 0.14 30284
aoULAV 1e3 2 198 - 0.02 0.15 30296
aoD2AG 1e3 2 198 - 0.05 0.16 30536
aoD2SG 1e3 2 198 - 0.04 0.16 30560
moore 1e3 2 198 - 0.06 3.11 59796
nbpm 1e3 2 198 - 0.16 4.15 138552
greedy 1e3 2 198 - 0.09 0.92 139248
dry 1e3 10 32 - 0.02 0.10 26140
aoDLAV 1e3 10 32 - 0.02 0.16 30652
aoULAV 1e3 10 32 - 0.04 0.14 30664
aoD2AG 1e3 10 32 - 0.03 0.15 31060
aoD2SG 1e3 10 32 - 0.02 0.15 31080
moore 1e3 10 32 - 0.04 3.59 59840
nbpm 1e3 10 32 - 0.10 4.86 136140
greedy 1e3 10 32 - 0.06 1.11 139620
dry 32e1 2 14 - 0.03 0.10 26000
aoDLAV 32e1 2 14 - 0.03 0.13 30200
aoULAV 32e1 2 14 - 0.03 0.13 30212
aoD2AG 32e1 2 14 - 0.03 0.13 30376
aoD2SG 32e1 2 14 - 0.02 0.14 30384
moore 32e1 2 14 - 0.03 0.50 33688
nbpm 32e1 2 14 - 0.06 2.20 58304
greedy 32e1 2 14 - 0.03 0.18 40976
dry 225e2 2 44 - 0.01 0.12 26920
aoDLAV 225e2 2 44 - 0.02 0.19 30980
aoULAV 225e2 2 44 - 0.03 0.18 30992
aoD2AG 225e2 2 44 - 0.03 0.20 33372
aoD2SG 225e2 2 44 - 0.04 0.20 33464
dry 5e4 2 229 - 0.02 0.11 28004
aoDLAV 5e4 2 229 - 0.04 0.22 33008
aoULAV 5e4 2 229 - 0.02 0.23 33312
aoD2AG 5e4 2 229 - 0.04 0.28 36412
aoD2SG 5e4 2 229 - 0.02 0.31 36428
dry 1e5 5 177 - 0.02 0.13 34480
aoDLAV 1e5 5 177 - 0.02 1.19 41816
aoULAV 1e5 5 177 - 0.03 1.19 43576
aoD2AG 1e5 5 177 - 0.04 1.34 53560
aoD2SG 1e5 5 177 - 0.05 1.50 53628
dry 5e4 10 169 - 0.02 0.13 33892
aoDLAV 5e4 10 169 - 0.03 6.84 40200
aoULAV 5e4 10 169 - 0.03 5.75 40200
aoD2AG 5e4 10 169 - 0.04 5.60 44984
aoD2SG 5e4 10 169 - 0.04 7.20 44996
dry 325e2 2 214 - 0.02 0.12 29296
aoDLAV 325e2 2 214 - 0.03 0.21 31372
aoULAV 325e2 2 214 - 0.02 0.22 32084
aoD2AG 325e2 2 214 - 0.03 0.24 35004
aoD2SG 325e2 2 214 - 0.03 0.27 34760
dry 32e1 2 185 - 0.02 0.12 26000
aoDLAV 32e1 2 185 - 0.03 0.14 30196
aoULAV 32e1 2 185 - 0.03 0.14 30208
aoD2AG 32e1 2 185 - 0.02 0.14 30376
aoD2SG 32e1 2 185 - 0.02 0.14 30384
moore 32e1 2 185 - 0.03 0.41 33676
nbpm 32e1 2 185 - 0.06 2.30 58300
greedy 32e1 2 185 - 0.04 0.19 40972
dry 56e3 2 170 - 0.03 0.11 30056
aoDLAV 56e3 2 170 - 0.03 0.27 33476
aoULAV 56e3 2 170 - 0.03 0.28 34696
aoD2AG 56e3 2 170 - 0.04 0.33 37284
aoD2SG 56e3 2 170 - 0.03 0.36 37296
dry 1e2 10 71 - 0.03 0.11 26004
aoDLAV 1e2 10 71 - 0.03 0.14 30264
aoULAV 1e2 10 71 - 0.02 0.14 30272
aoD2AG 1e2 10 71 - 0.02 0.14 30440
aoD2SG 1e2 10 71 - 0.03 0.14 30448
moore 1e2 10 71 - 0.03 0.20 30496
nbpm 1e2 10 71 - 0.08 2.09 53076
greedy 1e2 10 71 - 0.03 0.14 30976
dry 32e1 2 224 - 0.02 0.12 26000
aoDLAV 32e1 2 224 - 0.02 0.14 30196
aoULAV 32e1 2 224 - 0.03 0.14 30208
aoD2AG 32e1 2 224 - 0.03 0.14 30396
aoD2SG 32e1 2 224 - 0.02 0.14 30384
moore 32e1 2 224 - 0.03 0.75 33680
nbpm 32e1 2 224 - 0.06 2.34 58300
greedy 32e1 2 224 - 0.03 0.22 40972
dry 1e3 5 77 - 0.03 0.11 26060
aoDLAV 1e3 5 77 - 0.02 0.14 30424
aoULAV 1e3 5 77 - 0.02 0.14 30436
aoD2AG 1e3 5 77 - 0.03 0.14 30752
aoD2SG 1e3 5 77 - 0.02 0.14 30784
moore 1e3 5 77 - 0.03 7.04 59804
nbpm 1e3 5 77 - 0.10 4.38 129248
greedy 1e3 5 77 - 0.08 1.02 139392
dry 225e2 2 26 - 0.03 0.11 30576
aoDLAV 225e2 2 26 - 0.03 0.18 30980
aoULAV 225e2 2 26 - 0.03 0.19 30996
aoD2AG 225e2 2 26 - 0.03 0.21 33368
aoD2SG 225e2 2 26 - 0.03 0.22 33464
dry 225e2 2 76 - 0.03 0.11 26920
aoDLAV 225e2 2 76 - 0.02 0.20 30984
aoULAV 225e2 2 76 - 0.03 0.19 30992
aoD2AG 225e2 2 76 - 0.03 0.21 33368
aoD2SG 225e2 2 76 - 0.02 0.22 33524
dry 56e1 2 138 - 0.03 0.11 26008
aoDLAV 56e1 2 138 - 0.02 0.15 30220
aoULAV 56e1 2 138 - 0.02 0.15 30232
aoD2AG 56e1 2 138 - 0.03 0.14 30416
aoD2SG 56e1 2 138 - 0.02 0.15 30424
moore 56e1 2 138 - 0.03 1.12 39680
nbpm 56e1 2 138 - 0.09 2.88 78708
greedy 56e1 2 138 - 0.04 0.38 64108
dry 250e2 2 196 - 0.02 0.12 27952
aoDLAV 250e2 2 196 - 0.02 0.20 31108
aoULAV 250e2 2 196 - 0.02 0.21 31216
aoD2AG 250e2 2 196 - 0.03 0.22 33864
aoD2SG 250e2 2 196 - 0.03 0.22 33968
dry 1e5 2 41 - 0.02 0.13 30604
aoDLAV 1e5 2 41 - 0.04 0.42 34804
aoULAV 1e5 2 41 - 0.03 0.45 35320
aoD2AG 1e5 2 41 - 0.05 0.55 42604
aoD2SG 1e5 2 41 - 0.03 0.62 43804
dry 1e3 2 159 - 0.02 0.12 26020
aoDLAV 1e3 2 159 - 0.03 0.14 30284
aoULAV 1e3 2 159 - 0.03 0.14 30292
aoD2AG 1e3 2 159 - 0.03 0.15 30536
aoD2SG 1e3 2 159 - 0.03 0.14 30564
moore 1e3 2 159 - 0.04 5.04 59780
nbpm 1e3 2 159 - 0.16 4.56 138560
greedy 1e3 2 159 - 0.10 1.03 139248
dry 1e3 5 55 - 0.02 0.12 26056
aoDLAV 1e3 5 55 - 0.03 0.14 30424
aoULAV 1e3 5 55 - 0.03 0.15 30436
aoD2AG 1e3 5 55 - 0.03 0.14 30732
aoD2SG 1e3 5 55 - 0.02 0.15 30800
moore 1e3 5 55 - 0.05 1.37 59828
nbpm 1e3 5 55 - 0.11 4.52 129344
greedy 1e3 5 55 - 0.10 1.04 139388
dry 1e3 10 52 - 0.02 0.11 26136
aoDLAV 1e3 10 52 - 0.03 0.16 30652
aoULAV 1e3 10 52 - 0.03 0.16 30668
aoD2AG 1e3 10 52 - 0.02 0.17 31052
aoD2SG 1e3 10 52 - 0.02 0.17 31076
moore 1e3 10 52 - 0.04 4.83 59844
nbpm 1e3 10 52 - 0.13 4.68 136140
greedy 1e3 10 52 - 0.08 0.99 139616
dry 5e4 5 82 - 0.03 0.13 31456
aoDLAV 5e4 5 82 - 0.04 0.75 34708
aoULAV 5e4 5 82 - 0.04 0.74 34704
aoD2AG 5e4 5 82 - 0.04 0.80 37728
aoD2SG 5e4 5 82 - 0.04 0.83 37940
dry 1e5 5 176 - 0.04 0.13 34476
aoDLAV 1e5 5 176 - 0.05 1.57 41816
aoULAV 1e5 5 176 - 0.04 1.58 43568
aoD2AG 1e5 5 176 - 0.04 1.76 53564
aoD2SG 1e5 5 176 - 0.04 1.99 53280
dry 56e1 2 60 - 0.01 0.12 26008
aoDLAV 56e1 2 60 - 0.02 0.14 30224
aoULAV 56e1 2 60 - 0.02 0.15 30232
aoD2AG 56e1 2 60 - 0.02 0.15 30416
aoD2SG 56e1 2 60 - 0.02 0.15 30428
moore 56e1 2 60 - 0.02 1.71 39652
nbpm 56e1 2 60 - 0.09 2.87 78704
greedy 56e1 2 60 - 0.05 0.37 64108
dry 400e2 2 43 - 0.02 0.12 27616
aoDLAV 400e2 2 43 - 0.03 0.23 32236
aoULAV 400e2 2 43 - 0.03 0.23 33112
aoD2AG 400e2 2 43 - 0.03 0.26 36132
aoD2SG 400e2 2 43 - 0.03 0.28 35928
dry 1e6 5 213 - 0.06 0.26 73152
aoDLAV 1e6 5 213 - 0.14 18.09 252688
aoULAV 1e6 5 213 - 0.15 18.84 252688
aoD2AG 1e6 5 213 - 0.28 29.38 324280
aoD2SG 1e6 5 213 - 0.23 25.32 332488
dry 5e4 10 39 - 0.03 0.13 33892
aoDLAV 5e4 10 39 - 0.04 7.47 40244
aoULAV 5e4 10 39 - 0.04 7.45 40260
aoD2AG 5e4 10 39 - 0.04 7.71 44988
aoD2SG 5e4 10 39 - 0.06 8.72 44996
dry 32e4 2 63 - 0.03 0.17 36424
aoDLAV 32e4 2 63 - 0.07 1.24 70828
aoULAV 32e4 2 63 - 0.05 1.28 70844
aoD2AG 32e4 2 63 - 0.07 1.78 88284
aoD2SG 32e4 2 63 - 0.07 1.96 90760
dry 56e4 2 52 - 0.04 0.19 41104
aoDLAV 56e4 2 52 - 0.07 2.12 107984
aoULAV 56e4 2 52 - 0.08 2.23 107988
aoD2AG 56e4 2 52 - 0.14 3.10 140168
aoD2SG 56e4 2 52 - 0.13 3.43 144388
dry 1e1 2 106 - 0.02 0.12 25992
aoDLAV 1e1 2 106 - 0.02 0.15 30160
aoULAV 1e1 2 106 - 0.02 0.15 30176
aoD2AG 1e1 2 106 - 0.02 0.15 30324
aoD2SG 1e1 2 106 - 0.02 0.14 30328
moore 1e1 2 106 - 0.03 0.18 30488
nbpm 1e1 2 106 - 0.07 2.15 49824
greedy 1e1 2 106 - 0.03 0.14 30124
dry 300e2 2 241 - 0.02 0.12 27220
aoDLAV 300e2 2 241 - 0.03 0.21 31296
aoULAV 300e2 2 241 - 0.03 0.22 31892
aoD2AG 300e2 2 241 - 0.03 0.24 35056
aoD2SG 300e2 2 241 - 0.02 0.26 34716
dry 1e2 2 65 - 0.02 0.12 25992
aoDLAV 1e2 2 65 - 0.03 0.14 30168
aoULAV 1e2 2 65 - 0.03 0.14 30180
aoD2AG 1e2 2 65 - 0.03 0.15 30336
aoD2SG 1e2 2 65 - 0.03 0.14 30340
moore 1e2 2 65 - 0.02 0.20 30488
nbpm 1e2 2 65 - 0.09 2.16 53008
greedy 1e2 2 65 - 0.03 0.14 30880
dry 225e2 2 209 - 0.02 0.12 26920
aoDLAV 225e2 2 209 - 0.03 0.19 30984
aoULAV 225e2 2 209 - 0.04 0.19 30996
aoD2AG 225e2 2 209 - 0.04 0.21 33368
aoD2SG 225e2 2 209 - 0.03 0.23 33464
dry 32e4 2 109 - 0.03 0.17 36424
aoDLAV 32e4 2 109 - 0.05 1.24 70832
aoULAV 32e4 2 109 - 0.06 1.28 70840
aoD2AG 32e4 2 109 - 0.07 1.83 88600
aoD2SG 32e4 2 109 - 0.07 1.92 90840
dry 5e4 5 92 - 0.03 0.13 31540
aoDLAV 5e4 5 92 - 0.03 0.91 34704
aoULAV 5e4 5 92 - 0.04 0.73 34704
aoD2AG 5e4 5 92 - 0.03 0.81 37724
aoD2SG 5e4 5 92 - 0.03 0.87 37936
dry 325e2 2 6 - 0.02 0.12 30776
aoDLAV 325e2 2 6 - 0.02 0.23 31372
aoULAV 325e2 2 6 - 0.03 0.22 32088
aoD2AG 325e2 2 6 - 0.04 0.24 35000
aoD2SG 325e2 2 6 - 0.03 0.26 34756
dry 32e4 2 157 - 0.03 0.16 36428
aoDLAV 32e4 2 157 - 0.06 1.58 70828
aoULAV 32e4 2 157 - 0.05 1.28 70840
aoD2AG 32e4 2 157 - 0.07 1.72 88340
aoD2SG 32e4 2 157 - 0.08 1.94 90960
dry 350e2 2 186 - 0.02 0.12 28964
aoDLAV 350e2 2 186 - 0.03 0.22 31480
aoULAV 350e2 2 186 - 0.02 0.24 32264
aoD2AG 350e2 2 186 - 0.03 0.26 34852
aoD2SG 350e2 2 186 - 0.02 0.27 35132
dry 32e1 2 136 - 0.02 0.12 26000
aoDLAV 32e1 2 136 - 0.03 0.14 30200
aoULAV 32e1 2 136 - 0.03 0.15 30212
aoD2AG 32e1 2 136 - 0.04 0.14 30380
aoD2SG 32e1 2 136 - 0.01 0.16 30388
moore 32e1 2 136 - 0.02 0.75 33684
nbpm 32e1 2 136 - 0.08 2.56 58312
greedy 32e1 2 136 - 0.03 0.22 40976
dry 1e6 2 187 - 0.05 0.19 49704
aoDLAV 1e6 2 187 - 0.11 3.78 178456
aoULAV 1e6 2 187 - 0.13 4.57 178456
aoD2AG 1e6 2 187 - 0.16 5.68 234840
aoD2SG 1e6 2 187 - 0.21 6.41 241128
dry 1e6 5 188 - 0.05 0.28 73152
aoDLAV 1e6 5 188 - 0.20 19.72 252692
aoULAV 1e6 5 188 - 0.14 19.77 252688
aoD2AG 1e6 5 188 - 0.21 21.13 324676
aoD2SG 1e6 5 188 - 0.20 24.60 333032
dry 56e1 2 134 - 0.01 0.13 26008
aoDLAV 56e1 2 134 - 0.03 0.14 30220
aoULAV 56e1 2 134 - 0.03 0.14 30236
aoD2AG 56e1 2 134 - 0.03 0.14 30420
aoD2SG 56e1 2 134 - 0.03 0.14 30424
moore 56e1 2 134 - 0.03 2.09 39668
nbpm 56e1 2 134 - 0.11 3.26 78704
greedy 56e1 2 134 - 0.04 0.39 64112
dry 1e3 2 239 - 0.02 0.12 26020
aoDLAV 1e3 2 239 - 0.04 0.13 30280
aoULAV 1e3 2 239 - 0.02 0.15 30292
aoD2AG 1e3 2 239 - 0.03 0.14 30544
aoD2SG 1e3 2 239 - 0.03 0.14 30556
moore 1e3 2 239 - 0.04 3.35 59796
nbpm 1e3 2 239 - 0.13 4.07 138552
greedy 1e3 2 239 - 0.10 1.01 139244
dry 1e1 2 162 - 0.02 0.11 25992
aoDLAV 1e1 2 162 - 0.02 0.15 30160
aoULAV 1e1 2 162 - 0.03 0.14 30172
aoD2AG 1e1 2 162 - 0.03 0.15 30328
aoD2SG 1e1 2 162 - 0.03 0.15 30328
moore 1e1 2 162 - 0.03 0.18 30484
nbpm 1e1 2 162 - 0.08 2.13 49824
greedy 1e1 2 162 - 0.03 0.14 30136
dry 1e1 2 169 - 0.02 0.12 25996
aoDLAV 1e1 2 169 - 0.03 0.14 30160
aoULAV 1e1 2 169 - 0.04 0.14 30172
aoD2AG 1e1 2 169 - 0.03 0.14 30316
aoD2SG 1e1 2 169 - 0.03 0.14 30320
moore 1e1 2 169 - 0.03 0.18 30476
nbpm 1e1 2 169 - 0.06 2.11 49820
greedy 1e1 2 169 - 0.03 0.14 30124
dry 56e3 2 49 - 0.02 0.12 29624
aoDLAV 56e3 2 49 - 0.02 0.28 33480
aoULAV 56e3 2 49 - 0.03 0.27 34696
aoD2AG 56e3 2 49 - 0.04 0.33 37288
aoD2SG 56e3 2 49 - 0.04 0.35 37300
dry 18e1 2 88 - 0.02 0.12 26004
aoDLAV 18e1 2 88 - 0.03 0.14 30184
aoULAV 18e1 2 88 - 0.03 0.14 30200
aoD2AG 18e1 2 88 - 0.02 0.14 30356
aoD2SG 18e1 2 88 - 0.02 0.14 30356
moore 18e1 2 88 - 0.03 0.18 30488
nbpm 18e1 2 88 - 0.07 2.16 54440
greedy 18e1 2 88 - 0.03 0.15 33348
dry 1e2 10 102 - 0.02 0.12 26004
aoDLAV 1e2 10 102 - 0.03 0.13 30260
aoULAV 1e2 10 102 - 0.03 0.14 30272
aoD2AG 1e2 10 102 - 0.03 0.14 30444
aoD2SG 1e2 10 102 - 0.03 0.14 30448
moore 1e2 10 102 - 0.02 0.21 30500
nbpm 1e2 10 102 - 0.08 2.11 53076
greedy 1e2 10 102 - 0.03 0.15 30988
dry 350e2 2 100 - 0.02 0.12 29156
aoDLAV 350e2 2 100 - 0.04 0.21 31480
aoULAV 350e2 2 100 - 0.02 0.23 32260
aoD2AG 350e2 2 100 - 0.04 0.25 34848
aoD2SG 350e2 2 100 - 0.03 0.27 35128
dry 1e6 10 205 - 0.07 0.39 112232
aoDLAV 1e6 10 205 - 0.21 368.00 369884
aoULAV 1e6 10 205 - 0.34 379.93 369888
aoD2AG 1e6 10 205 - 0.43 384.58 447468
aoD2SG 1e6 10 205 - 0.43 424.45 457764
dry 5e4 5 35 - 0.02 0.13 29984
aoDLAV 5e4 5 35 - 0.02 0.64 34704
aoULAV 5e4 5 35 - 0.03 0.84 34704
aoD2AG 5e4 5 35 - 0.04 0.79 37724
aoD2SG 5e4 5 35 - 0.04 0.83 37932
dry 400e2 2 6 - 0.02 0.11 29548
aoDLAV 400e2 2 6 - 0.03 0.23 32240
aoULAV 400e2 2 6 - 0.03 0.24 33112
aoD2AG 400e2 2 6 - 0.03 0.27 36068
aoD2SG 400e2 2 6 - 0.03 0.27 35924
dry 1e3 5 89 - 0.01 0.12 26060
aoDLAV 1e3 5 89 - 0.02 0.15 30428
aoULAV 1e3 5 89 - 0.03 0.14 30436
aoD2AG 1e3 5 89 - 0.03 0.14 30752
aoD2SG 1e3 5 89 - 0.03 0.14 30776
moore 1e3 5 89 - 0.04 3.89 59800
nbpm 1e3 5 89 - 0.12 4.79 129244
greedy 1e3 5 89 - 0.09 0.96 139388
dry 18e1 2 206 - 0.02 0.12 26004
aoDLAV 18e1 2 206 - 0.02 0.15 30184
aoULAV 18e1 2 206 - 0.02 0.15 30196
aoD2AG 18e1 2 206 - 0.02 0.15 30356
aoD2SG 18e1 2 206 - 0.03 0.14 30364
moore 18e1 2 206 - 0.02 0.21 30496
nbpm 18e1 2 206 - 0.08 2.28 54440
greedy 18e1 2 206 - 0.03 0.15 33348
dry 56e1 2 243 - 0.02 0.12 26012
aoDLAV 56e1 2 243 - 0.03 0.14 30220
aoULAV 56e1 2 243 - 0.02 0.15 30244
aoD2AG 56e1 2 243 - 0.03 0.14 30420
aoD2SG 56e1 2 243 - 0.03 0.15 30424
moore 56e1 2 243 - 0.03 1.72 39664
nbpm 56e1 2 243 - 0.10 2.97 78712
greedy 56e1 2 243 - 0.04 0.39 64108
dry 325e2 2 140 - 0.02 0.12 27320
aoDLAV 325e2 2 140 - 0.03 0.21 31376
aoULAV 325e2 2 140 - 0.04 0.22 32084
aoD2AG 325e2 2 140 - 0.02 0.26 35008
aoD2SG 325e2 2 140 - 0.02 0.27 34764
dry 1e5 10 219 - 0.03 0.18 38396
aoDLAV 1e5 10 219 - 0.04 21.50 53536
aoULAV 1e5 10 219 - 0.04 24.78 55308
aoD2AG 1e5 10 219 - 0.06 21.30 62908
aoD2SG 1e5 10 219 - 0.06 23.10 66832
dry 225e2 2 36 - 0.02 0.11 26920
aoDLAV 225e2 2 36 - 0.03 0.19 30980
aoULAV 225e2 2 36 - 0.03 0.19 30992
aoD2AG 225e2 2 36 - 0.02 0.22 33368
aoD2SG 225e2 2 36 - 0.03 0.22 33464
dry 5e4 5 38 - 0.03 0.13 30256
aoDLAV 5e4 5 38 - 0.02 0.79 34704
aoULAV 5e4 5 38 - 0.03 0.70 34704
aoD2AG 5e4 5 38 - 0.04 0.75 37732
aoD2SG 5e4 5 38 - 0.04 0.76 37992
dry 1e2 5 70 - 0.02 0.11 25996
aoDLAV 1e2 5 70 - 0.02 0.14 30216
aoULAV 1e2 5 70 - 0.03 0.14 30224
aoD2AG 1e2 5 70 - 0.03 0.14 30384
aoD2SG 1e2 5 70 - 0.02 0.14 30388
moore 1e2 5 70 - 0.02 0.22 30496
nbpm 1e2 5 70 - 0.08 2.10 53016
greedy 1e2 5 70 - 0.02 0.15 30924
dry 225e2 2 88 - 0.03 0.11 26920
aoDLAV 225e2 2 88 - 0.03 0.20 30980
aoULAV 225e2 2 88 - 0.03 0.19 30992
aoD2AG 225e2 2 88 - 0.02 0.22 33368
aoD2SG 225e2 2 88 - 0.04 0.23 33464
dry 1e3 5 98 - 0.02 0.12 26056
aoDLAV 1e3 5 98 - 0.02 0.14 30424
aoULAV 1e3 5 98 - 0.03 0.13 30436
aoD2AG 1e3 5 98 - 0.03 0.14 30752
aoD2SG 1e3 5 98 - 0.03 0.14 30768
moore 1e3 5 98 - 0.04 4.37 59800
nbpm 1e3 5 98 - 0.14 4.59 129244
greedy 1e3 5 98 - 0.08 1.13 139392
dry 1e3 10 215 - 0.02 0.12 26136
aoDLAV 1e3 10 215 - 0.02 0.17 30656
aoULAV 1e3 10 215 - 0.03 0.16 30668
aoD2AG 1e3 10 215 - 0.02 0.17 31060
aoD2SG 1e3 10 215 - 0.02 0.17 31096
moore 1e3 10 215 - 0.04 5.35 59840
nbpm 1e3 10 215 - 0.12 4.60 136140
greedy 1e3 10 215 - 0.08 0.99 139616
dry 1e2 10 215 - 0.02 0.12 26008
aoDLAV 1e2 10 215 - 0.02 0.15 30264
aoULAV 1e2 10 215 - 0.03 0.14 30272
aoD2AG 1e2 10 215 - 0.02 0.15 30440
aoD2SG 1e2 10 215 - 0.02 0.15 30452
moore 1e2 10 215 - 0.03 0.24 30496
nbpm 1e2 10 215 - 0.08 2.21 53080
greedy 1e2 10 215 - 0.02 0.14 30972
dry 32e3 2 46 - 0.02 0.12 27952
aoDLAV 32e3 2 46 - 0.02 0.23 31476
aoULAV 32e3 2 46 - 0.03 0.22 32148
aoD2AG 32e3 2 46 - 0.03 0.25 35020
aoD2SG 32e3 2 46 - 0.03 0.26 34784
dry 1e3 10 42 - 0.02 0.11 26136
aoDLAV 1e3 10 42 - 0.02 0.16 30652
aoULAV 1e3 10 42 - 0.02 0.16 30664
aoD2AG 1e3 10 42 - 0.02 0.16 31068
aoD2SG 1e3 10 42 - 0.02 0.17 31076
moore 1e3 10 42 - 0.04 7.94 59840
nbpm 1e3 10 42 - 0.13 4.84 136152
greedy 1e3 10 42 - 0.10 1.06 139616
dry 1e1 2 39 - 0.02 0.12 25992
aoDLAV 1e1 2 39 - 0.02 0.15 30160
aoULAV 1e1 2 39 - 0.03 0.14 30172
aoD2AG 1e1 2 39 - 0.03 0.14 30316
aoD2SG 1e1 2 39 - 0.03 0.14 30320
moore 1e1 2 39 - 0.03 0.18 30484
nbpm 1e1 2 39 - 0.09 2.26 49824
greedy 1e1 2 39 - 0.03 0.14 30128
dry 1e5 2 126 - 0.03 0.13 30728
aoDLAV 1e5 2 126 - 0.03 0.42 34800
aoULAV 1e5 2 126 - 0.03 0.48 35324
aoD2AG 1e5 2 126 - 0.03 0.53 42600
aoD2SG 1e5 2 126 - 0.03 0.66 43800
dry 56e1 2 250 - 0.03 0.11 28028
aoDLAV 56e1 2 250 - 0.03 0.14 30224
aoULAV 56e1 2 250 - 0.03 0.14 30236
aoD2AG 56e1 2 250 - 0.03 0.15 30416
aoD2SG 56e1 2 250 - 0.03 0.15 30424
moore 56e1 2 250 - 0.04 1.46 39652
nbpm 56e1 2 250 - 0.09 2.95 78704
greedy 56e1 2 250 - 0.04 0.38 64104
dry 32e1 2 123 - 0.01 0.12 26000
aoDLAV 32e1 2 123 - 0.03 0.14 30196
aoULAV 32e1 2 123 - 0.03 0.14 30208
aoD2AG 32e1 2 123 - 0.02 0.15 30376
aoD2SG 32e1 2 123 - 0.03 0.14 30384
moore 32e1 2 123 - 0.03 0.34 33684
nbpm 32e1 2 123 - 0.09 2.45 58308
greedy 32e1 2 123 - 0.04 0.21 40972
dry 1e6 10 170 - 0.07 0.39 112236
aoDLAV 1e6 10 170 - 0.19 569.53 369888
aoULAV 1e6 10 170 - 0.33 504.31 369928
aoD2AG 1e6 10 170 - 0.41 381.10 450420
aoD2SG 1e6 10 170 - 0.41 454.03 459896
dry 1e5 10 92 - 0.04 0.18 38396
aoDLAV 1e5 10 92 - 0.04 21.39 53536
aoULAV 1e5 10 92 - 0.05 20.89 55308
aoD2AG 1e5 10 92 - 0.06 30.61 62652
aoD2SG 1e5 10 92 - 0.05 23.28 66836
dry 32e4 2 4 - 0.04 0.15 36424
aoDLAV 32e4 2 4 - 0.06 1.23 70828
aoULAV 32e4 2 4 - 0.07 1.26 70840
aoD2AG 32e4 2 4 - 0.07 1.68 88272
aoD2SG 32e4 2 4 - 0.07 1.99 91424
dry 300e2 2 68 - 0.03 0.11 27216
aoDLAV 300e2 2 68 - 0.03 0.21 31296
aoULAV 300e2 2 68 - 0.03 0.20 31896
aoD2AG 300e2 2 68 - 0.03 0.23 35060
aoD2SG 300e2 2 68 - 0.03 0.27 34716
dry 1e6 10 108 - 0.07 0.38 112232
aoDLAV 1e6 10 108 - 0.32 381.34 369884
aoULAV 1e6 10 108 - 0.30 398.16 369884
aoD2AG 1e6 10 108 - 0.42 380.38 448884
aoD2SG 1e6 10 108 - 0.42 446.70 457680
dry 5e4 5 149 - 0.03 0.13 30240
aoDLAV 5e4 5 149 - 0.03 0.76 34704
aoULAV 5e4 5 149 - 0.04 0.74 34708
aoD2AG 5e4 5 149 - 0.04 0.81 37728
aoD2SG 5e4 5 149 - 0.03 0.89 37940
dry 375e2 2 131 - 0.02 0.12 27516
aoDLAV 375e2 2 131 - 0.03 0.23 31788
aoULAV 375e2 2 131 - 0.03 0.24 32604
aoD2AG 375e2 2 131 - 0.03 0.28 35516
aoD2SG 375e2 2 131 - 0.03 0.29 35528
dry 1e5 5 236 - 0.04 0.13 34480
aoDLAV 1e5 5 236 - 0.04 1.55 41820
aoULAV 1e5 5 236 - 0.04 1.52 43568
aoD2AG 1e5 5 236 - 0.05 1.68 53732
aoD2SG 1e5 5 236 - 0.06 1.88 53196
dry 5e4 10 203 - 0.03 0.13 33888
aoDLAV 5e4 10 203 - 0.05 7.67 40236
aoULAV 5e4 10 203 - 0.04 7.18 40216
aoD2AG 5e4 10 203 - 0.04 7.35 44980
aoD2SG 5e4 10 203 - 0.04 8.57 44996
dry 18e1 2 186 - 0.02 0.12 26004
aoDLAV 18e1 2 186 - 0.03 0.14 30184
aoULAV 18e1 2 186 - 0.03 0.14 30200
aoD2AG 18e1 2 186 - 0.03 0.14 30356
aoD2SG 18e1 2 186 - 0.02 0.15 30364
moore 18e1 2 186 - 0.03 0.21 30500
nbpm 18e1 2 186 - 0.07 2.18 54448
greedy 18e1 2 186 - 0.03 0.16 33348
dry 5e4 2 166 - 0.02 0.12 28000
aoDLAV 5e4 2 166 - 0.03 0.28 33008
aoULAV 5e4 2 166 - 0.03 0.28 33312
aoD2AG 5e4 2 166 - 0.04 0.32 36404
aoD2SG 5e4 2 166 - 0.04 0.35 36420
dry 1e3 5 190 - 0.02 0.12 26056
aoDLAV 1e3 5 190 - 0.02 0.15 30424
aoULAV 1e3 5 190 - 0.04 0.14 30440
aoD2AG 1e3 5 190 - 0.03 0.15 30740
aoD2SG 1e3 5 190 - 0.03 0.15 30768
moore 1e3 5 190 - 0.04 9.70 59800
nbpm 1e3 5 190 - 0.09 4.53 129244
greedy 1e3 5 190 - 0.08 1.04 139388
dry 1e5 2 111 - 0.02 0.14 31880
aoDLAV 1e5 2 111 - 0.03 0.44 34800
aoULAV 1e5 2 111 - 0.03 0.44 35324
aoD2AG 1e5 2 111 - 0.04 0.57 42600
aoD2SG 1e5 2 111 - 0.03 0.65 43800
dry 1e2 2 191 - 0.02 0.12 25992
aoDLAV 1e2 2 191 - 0.03 0.14 30168
aoULAV 1e2 2 191 - 0.02 0.14 30180
aoD2AG 1e2 2 191 - 0.02 0.15 30336
aoD2SG 1e2 2 191 - 0.03 0.14 30344
moore 1e2 2 191 - 0.03 0.23 30480
nbpm 1e2 2 191 - 0.08 2.15 53000
greedy 1e2 2 191 - 0.02 0.14 30880
dry 5e4 10 14 - 0.03 0.14 33892
aoDLAV 5e4 10 14 - 0.04 11.65 40204
aoULAV 5e4 10 14 - 0.03 10.96 40212
aoD2AG 5e4 10 14 - 0.04 7.31 44984
aoD2SG 5e4 10 14 - 0.05 8.17 45000
dry 1e5 10 138 - 0.03 0.18 38396
aoDLAV 1e5 10 138 - 0.05 29.94 53540
aoULAV 1e5 10 138 - 0.05 21.95 55312
aoD2AG 1e5 10 138 - 0.06 22.96 62616
aoD2SG 1e5 10 138 - 0.04 25.47 66848
dry 350e2 2 166 - 0.03 0.11 30828
aoDLAV 350e2 2 166 - 0.03 0.23 31480
aoULAV 350e2 2 166 - 0.03 0.23 32260
aoD2AG 350e2 2 166 - 0.03 0.26 34852
aoD2SG 350e2 2 166 - 0.03 0.27 35132
dry 32e4 2 165 - 0.04 0.16 36428
aoDLAV 32e4 2 165 - 0.06 1.21 70832
aoULAV 32e4 2 165 - 0.07 1.31 70840
aoD2AG 32e4 2 165 - 0.07 1.78 88492
aoD2SG 32e4 2 165 - 0.07 2.00 91108
dry 400e2 2 51 - 0.03 0.12 27620
aoDLAV 400e2 2 51 - 0.03 0.24 32236
aoULAV 400e2 2 51 - 0.03 0.25 33112
aoD2AG 400e2 2 51 - 0.02 0.29 36076
aoD2SG 400e2 2 51 - 0.03 0.30 35928
dry 1e5 10 1 - 0.04 0.18 38396
aoDLAV 1e5 10 1 - 0.05 21.81 53536
aoULAV 1e5 10 1 - 0.06 22.63 55344
aoD2AG 1e5 10 1 - 0.06 23.05 62596
aoD2SG 1e5 10 1 - 0.06 25.64 66864
