dry 1e5 2 196 - 0.05 0.15 30908
aoDLAV 1e5 2 196 - 0.05 0.38 34800
aoULAV 1e5 2 196 - 0.05 0.39 35320
aoD2AG 1e5 2 196 - 0.05 0.48 42604
aoD2SG 1e5 2 196 - 0.06 0.52 43800
dry 56e3 2 172 - 0.04 0.14 31236
aoDLAV 56e3 2 172 - 0.06 0.29 33476
aoULAV 56e3 2 172 - 0.05 0.28 34696
aoD2AG 56e3 2 172 - 0.05 0.36 37284
aoD2SG 56e3 2 172 - 0.05 0.37 37300
dry 5e4 2 219 - 0.04 0.15 28000
aoDLAV 5e4 2 219 - 0.04 0.29 33008
aoULAV 5e4 2 219 - 0.04 0.28 33316
aoD2AG 5e4 2 219 - 0.05 0.35 36412
aoD2SG 5e4 2 219 - 0.05 0.35 36424
dry 56e3 2 14 - 0.04 0.15 30080
aoDLAV 56e3 2 14 - 0.05 0.29 33476
aoULAV 56e3 2 14 - 0.03 0.31 34696
aoD2AG 56e3 2 14 - 0.04 0.34 37280
aoD2SG 56e3 2 14 - 0.05 0.37 37296
dry 1e6 10 61 - 0.07 0.30 112236
aoDLAV 1e6 10 61 - 0.19 497.79 369888
aoULAV 1e6 10 61 - 0.30 365.53 369884
aoD2AG 1e6 10 61 - 0.41 359.16 446664
aoD2SG 1e6 10 61 - 0.43 421.82 458964
dry 32e4 2 166 - 0.03 0.17 36424
aoDLAV 32e4 2 166 - 0.06 1.23 70828
aoULAV 32e4 2 166 - 0.06 1.26 70840
aoD2AG 32e4 2 166 - 0.08 1.72 88536
aoD2SG 32e4 2 166 - 0.09 2.07 90668
dry 1e6 2 247 - 0.04 0.20 49704
aoDLAV 1e6 2 247 - 0.11 3.82 178456
aoULAV 1e6 2 247 - 0.12 4.01 178460
aoD2AG 1e6 2 247 - 0.19 5.75 234000
aoD2SG 1e6 2 247 - 0.19 6.40 241988
dry 1e5 5 120 - 0.03 0.14 34476
aoDLAV 1e5 5 120 - 0.05 1.77 41860
aoULAV 1e5 5 120 - 0.04 1.48 43572
aoD2AG 1e5 5 120 - 0.05 1.61 53564
aoD2SG 1e5 5 120 - 0.05 2.38 53196
dry 1e6 2 248 - 0.04 0.19 49708
aoDLAV 1e6 2 248 - 0.13 4.83 178456
aoULAV 1e6 2 248 - 0.13 3.73 178456
aoD2AG 1e6 2 248 - 0.16 5.70 234788
aoD2SG 1e6 2 248 - 0.19 6.58 241212
dry 1e5 5 64 - 0.03 0.14 34476
aoDLAV 1e5 5 64 - 0.03 1.61 41820
aoULAV 1e5 5 64 - 0.04 1.61 43568
aoD2AG 1e5 5 64 - 0.04 1.77 53568
aoD2SG 1e5 5 64 - 0.04 1.83 53208
dry 56e1 2 57 - 0.02 0.12 26008
aoDLAV 56e1 2 57 - 0.03 0.14 30220
aoULAV 56e1 2 57 - 0.03 0.14 30236
aoD2AG 56e1 2 57 - 0.02 0.15 30416
aoD2SG 56e1 2 57 - 0.03 0.15 30424
moore 56e1 2 57 - 0.03 0.82 39688
nbpm 56e1 2 57 - 0.09 2.86 78720
greedy 56e1 2 57 - 0.05 0.37 64108
dry 5e4 2 212 - 0.02 0.12 28000
aoDLAV 5e4 2 212 - 0.03 0.26 33008
aoULAV 5e4 2 212 - 0.03 0.26 33312
aoD2AG 5e4 2 212 - 0.04 0.34 36408
aoD2SG 5e4 2 212 - 0.04 0.34 36428
dry 250e2 2 144 - 0.03 0.12 29016
aoDLAV 250e2 2 144 - 0.04 0.21 31112
aoULAV 250e2 2 144 - 0.03 0.21 31212
aoD2AG 250e2 2 144 - 0.02 0.24 33864
aoD2SG 250e2 2 144 - 0.02 0.23 33960
dry 275e2 2 179 - 0.03 0.12 27120
aoDLAV 275e2 2 179 - 0.03 0.22 31240
aoULAV 275e2 2 179 - 0.02 0.22 31568
aoD2AG 275e2 2 179 - 0.03 0.24 34696
aoD2SG 275e2 2 179 - 0.03 0.26 34816
dry 1e6 2 185 - 0.05 0.20 49704
aoDLAV 1e6 2 185 - 0.12 4.32 178456
aoULAV 1e6 2 185 - 0.14 4.71 178456
aoD2AG 1e6 2 185 - 0.19 5.22 236692
aoD2SG 1e6 2 185 - 0.19 5.90 241732
dry 18e1 2 84 - 0.03 0.12 26004
aoDLAV 18e1 2 84 - 0.03 0.14 30184
aoULAV 18e1 2 84 - 0.03 0.14 30196
aoD2AG 18e1 2 84 - 0.03 0.14 30356
aoD2SG 18e1 2 84 - 0.03 0.14 30364
moore 18e1 2 84 - 0.03 0.32 30488
nbpm 18e1 2 84 - 0.10 2.20 54440
greedy 18e1 2 84 - 0.03 0.16 33348
dry 350e2 2 176 - 0.03 0.11 27420
aoDLAV 350e2 2 176 - 0.03 0.22 31480
aoULAV 350e2 2 176 - 0.03 0.23 32260
aoD2AG 350e2 2 176 - 0.03 0.26 34848
aoD2SG 350e2 2 176 - 0.03 0.28 35132
dry 375e2 2 59 - 0.02 0.13 27520
aoDLAV 375e2 2 59 - 0.04 0.22 31788
aoULAV 375e2 2 59 - 0.03 0.23 32600
aoD2AG 375e2 2 59 - 0.03 0.28 35520
aoD2SG 375e2 2 59 - 0.03 0.28 35528
dry 1e2 2 92 - 0.02 0.11 25992
aoDLAV 1e2 2 92 - 0.02 0.14 30168
aoULAV 1e2 2 92 - 0.03 0.14 30180
aoD2AG 1e2 2 92 - 0.03 0.14 30340
aoD2SG 1e2 2 92 - 0.03 0.14 30340
moore 1e2 2 92 - 0.03 0.20 30488
nbpm 1e2 2 92 - 0.07 2.17 53012
greedy 1e2 2 92 - 0.02 0.15 30880
dry 18e4 2 9 - 0.02 0.14 33108
aoDLAV 18e4 2 9 - 0.03 0.78 47860
aoULAV 18e4 2 9 - 0.05 0.79 47864
aoD2AG 18e4 2 9 - 0.05 1.03 58640
aoD2SG 18e4 2 9 - 0.06 1.19 60304
dry 375e2 2 116 - 0.02 0.12 27520
aoDLAV 375e2 2 116 - 0.03 0.23 31788
aoULAV 375e2 2 116 - 0.03 0.24 32608
aoD2AG 375e2 2 116 - 0.03 0.27 35516
aoD2SG 375e2 2 116 - 0.04 0.28 35532
dry 1e6 5 180 - 0.06 0.27 73152
aoDLAV 1e6 5 180 - 0.14 19.36 252688
aoULAV 1e6 5 180 - 0.16 19.94 252688
aoD2AG 1e6 5 180 - 0.23 30.23 323340
aoD2SG 1e6 5 180 - 0.25 24.23 333588
dry 1e3 5 141 - 0.02 0.12 26056
aoDLAV 1e3 5 141 - 0.02 0.15 30424
aoULAV 1e3 5 141 - 0.03 0.15 30436
aoD2AG 1e3 5 141 - 0.02 0.15 30748
aoD2SG 1e3 5 141 - 0.03 0.14 30764
moore 1e3 5 141 - 0.03 5.44 59800
nbpm 1e3 5 141 - 0.11 4.78 129244
greedy 1e3 5 141 - 0.08 1.05 139388
dry 18e4 2 247 - 0.03 0.13 33108
aoDLAV 18e4 2 247 - 0.04 0.75 47860
aoULAV 18e4 2 247 - 0.05 0.77 47860
aoD2AG 18e4 2 247 - 0.04 1.03 58640
aoD2SG 18e4 2 247 - 0.06 1.11 59740
dry 1e3 2 60 - 0.02 0.12 26024
aoDLAV 1e3 2 60 - 0.02 0.15 30280
aoULAV 1e3 2 60 - 0.02 0.15 30292
aoD2AG 1e3 2 60 - 0.02 0.15 30540
aoD2SG 1e3 2 60 - 0.03 0.14 30564
moore 1e3 2 60 - 0.03 4.06 59776
nbpm 1e3 2 60 - 0.13 4.57 138560
greedy 1e3 2 60 - 0.08 0.99 139244
dry 300e2 2 112 - 0.02 0.12 30724
aoDLAV 300e2 2 112 - 0.03 0.21 31304
aoULAV 300e2 2 112 - 0.02 0.23 31892
aoD2AG 300e2 2 112 - 0.04 0.23 35060
aoD2SG 300e2 2 112 - 0.03 0.25 34716
dry 1e5 5 123 - 0.03 0.13 34480
aoDLAV 1e5 5 123 - 0.05 1.57 41816
aoULAV 1e5 5 123 - 0.05 2.18 43568
aoD2AG 1e5 5 123 - 0.06 1.56 53560
aoD2SG 1e5 5 123 - 0.04 1.65 53200
dry 1e2 5 6 - 0.02 0.12 25996
aoDLAV 1e2 5 6 - 0.04 0.14 30212
aoULAV 1e2 5 6 - 0.03 0.15 30228
aoD2AG 1e2 5 6 - 0.03 0.14 30388
aoD2SG 1e2 5 6 - 0.03 0.14 30392
moore 1e2 5 6 - 0.03 0.20 30492
nbpm 1e2 5 6 - 0.08 2.33 53016
greedy 1e2 5 6 - 0.03 0.14 30920
dry 275e2 2 140 - 0.03 0.11 27120
aoDLAV 275e2 2 140 - 0.03 0.20 31240
aoULAV 275e2 2 140 - 0.02 0.21 31568
aoD2AG 275e2 2 140 - 0.03 0.23 34696
aoD2SG 275e2 2 140 - 0.03 0.24 34812
dry 1e5 10 203 - 0.03 0.18 38396
aoDLAV 1e5 10 203 - 0.05 20.55 53536
aoULAV 1e5 10 203 - 0.05 20.37 55308
aoD2AG 1e5 10 203 - 0.06 32.65 62828
aoD2SG 1e5 10 203 - 0.06 23.20 66956
dry 1e5 10 91 - 0.03 0.18 38396
aoDLAV 1e5 10 91 - 0.05 25.20 53536
aoULAV 1e5 10 91 - 0.04 22.52 55312
aoD2AG 1e5 10 91 - 0.06 20.17 62684
aoD2SG 1e5 10 91 - 0.04 21.62 66832
dry 375e2 2 144 - 0.03 0.11 27520
aoDLAV 375e2 2 144 - 0.03 0.22 31788
aoULAV 375e2 2 144 - 0.02 0.22 32608
aoD2AG 375e2 2 144 - 0.03 0.25 35520
aoD2SG 375e2 2 144 - 0.04 0.27 35528
dry 32e3 2 38 - 0.02 0.12 27300
aoDLAV 32e3 2 38 - 0.02 0.22 31484
aoULAV 32e3 2 38 - 0.03 0.21 32148
aoD2AG 32e3 2 38 - 0.04 0.24 35020
aoD2SG 32e3 2 38 - 0.03 0.25 34784
dry 375e2 2 9 - 0.02 0.12 27516
aoDLAV 375e2 2 9 - 0.02 0.23 31784
aoULAV 375e2 2 9 - 0.04 0.21 32604
aoD2AG 375e2 2 9 - 0.03 0.26 35516
aoD2SG 375e2 2 9 - 0.02 0.28 35528
dry 32e1 2 55 - 0.03 0.10 26000
aoDLAV 32e1 2 55 - 0.02 0.14 30196
aoULAV 32e1 2 55 - 0.03 0.13 30208
aoD2AG 32e1 2 55 - 0.03 0.14 30376
aoD2SG 32e1 2 55 - 0.03 0.14 30384
moore 32e1 2 55 - 0.03 0.60 33680
nbpm 32e1 2 55 - 0.08 2.33 58304
greedy 32e1 2 55 - 0.04 0.20 40972
dry 375e2 2 13 - 0.02 0.12 27516
aoDLAV 375e2 2 13 - 0.03 0.24 31784
aoULAV 375e2 2 13 - 0.04 0.23 32604
aoD2AG 375e2 2 13 - 0.03 0.25 35516
aoD2SG 375e2 2 13 - 0.04 0.28 35528
dry 1e5 2 145 - 0.02 0.14 30852
aoDLAV 1e5 2 145 - 0.03 0.44 34800
aoULAV 1e5 2 145 - 0.03 0.42 35324
aoD2AG 1e5 2 145 - 0.03 0.59 42600
aoD2SG 1e5 2 145 - 0.04 0.63 43804
dry 300e2 2 171 - 0.03 0.11 27220
aoDLAV 300e2 2 171 - 0.03 0.22 31296
aoULAV 300e2 2 171 - 0.03 0.22 31892
aoD2AG 300e2 2 171 - 0.03 0.26 35060
aoD2SG 300e2 2 171 - 0.03 0.24 34712
dry 225e2 2 214 - 0.03 0.11 26920
aoDLAV 225e2 2 214 - 0.03 0.20 31012
aoULAV 225e2 2 214 - 0.04 0.19 30992
aoD2AG 225e2 2 214 - 0.03 0.21 33372
aoD2SG 225e2 2 214 - 0.03 0.22 33468
dry 350e2 2 123 - 0.03 0.11 27420
aoDLAV 350e2 2 123 - 0.02 0.22 31480
aoULAV 350e2 2 123 - 0.03 0.22 32256
aoD2AG 350e2 2 123 - 0.03 0.25 34852
aoD2SG 350e2 2 123 - 0.02 0.29 35132
dry 250e2 2 105 - 0.03 0.12 27020
aoDLAV 250e2 2 105 - 0.02 0.20 31108
aoULAV 250e2 2 105 - 0.03 0.20 31212
aoD2AG 250e2 2 105 - 0.02 0.22 33860
aoD2SG 250e2 2 105 - 0.03 0.23 33968
dry 56e1 2 131 - 0.02 0.12 26008
aoDLAV 56e1 2 131 - 0.02 0.15 30220
aoULAV 56e1 2 131 - 0.02 0.14 30232
aoD2AG 56e1 2 131 - 0.03 0.14 30420
aoD2SG 56e1 2 131 - 0.02 0.14 30428
moore 56e1 2 131 - 0.03 0.67 39688
nbpm 56e1 2 131 - 0.11 2.82 78716
greedy 56e1 2 131 - 0.05 0.37 64104
dry 1e1 2 119 - 0.02 0.12 25992
aoDLAV 1e1 2 119 - 0.02 0.15 30164
aoULAV 1e1 2 119 - 0.03 0.14 30172
aoD2AG 1e1 2 119 - 0.02 0.14 30312
aoD2SG 1e1 2 119 - 0.02 0.15 30312
moore 1e1 2 119 - 0.03 0.17 30476
nbpm 1e1 2 119 - 0.07 2.15 49816
greedy 1e1 2 119 - 0.02 0.14 30128
dry 275e2 2 187 - 0.02 0.12 27120
aoDLAV 275e2 2 187 - 0.03 0.20 31240
aoULAV 275e2 2 187 - 0.03 0.20 31592
aoD2AG 275e2 2 187 - 0.04 0.21 34696
aoD2SG 275e2 2 187 - 0.03 0.23 34808
dry 1e5 2 221 - 0.03 0.13 31260
aoDLAV 1e5 2 221 - 0.04 0.44 34800
aoULAV 1e5 2 221 - 0.04 0.43 35320
aoD2AG 1e5 2 221 - 0.04 0.57 42604
aoD2SG 1e5 2 221 - 0.05 0.59 43908
dry 5e4 10 168 - 0.03 0.13 33888
aoDLAV 5e4 10 168 - 0.04 7.53 40204
aoULAV 5e4 10 168 - 0.04 7.30 40200
aoD2AG 5e4 10 168 - 0.04 8.11 44980
aoD2SG 5e4 10 168 - 0.05 8.67 45004
dry 18e1 2 81 - 0.02 0.12 26004
aoDLAV 18e1 2 81 - 0.03 0.14 30184
aoULAV 18e1 2 81 - 0.03 0.14 30196
aoD2AG 18e1 2 81 - 0.03 0.14 30360
aoD2SG 18e1 2 81 - 0.02 0.15 30364
moore 18e1 2 81 - 0.03 0.24 30496
nbpm 18e1 2 81 - 0.09 2.11 54444
greedy 18e1 2 81 - 0.03 0.16 33348
dry 56e1 2 36 - 0.02 0.12 26008
aoDLAV 56e1 2 36 - 0.03 0.14 30220
aoULAV 56e1 2 36 - 0.02 0.15 30232
aoD2AG 56e1 2 36 - 0.03 0.15 30420
aoD2SG 56e1 2 36 - 0.02 0.15 30424
moore 56e1 2 36 - 0.03 1.36 39660
nbpm 56e1 2 36 - 0.11 3.04 78712
greedy 56e1 2 36 - 0.04 0.39 64104
dry 1e2 2 154 - 0.02 0.12 25992
aoDLAV 1e2 2 154 - 0.02 0.14 30168
aoULAV 1e2 2 154 - 0.03 0.14 30184
aoD2AG 1e2 2 154 - 0.03 0.15 30340
aoD2SG 1e2 2 154 - 0.02 0.15 30344
moore 1e2 2 154 - 0.02 0.22 30488
nbpm 1e2 2 154 - 0.09 2.14 53008
greedy 1e2 2 154 - 0.03 0.14 30884
dry 32e1 2 102 - 0.02 0.12 26000
aoDLAV 32e1 2 102 - 0.03 0.14 30196
aoULAV 32e1 2 102 - 0.02 0.14 30208
aoD2AG 32e1 2 102 - 0.03 0.14 30376
aoD2SG 32e1 2 102 - 0.04 0.13 30384
moore 32e1 2 102 - 0.03 0.61 33676
nbpm 32e1 2 102 - 0.08 2.32 58304
greedy 32e1 2 102 - 0.03 0.21 40972
dry 350e2 2 57 - 0.02 0.12 27420
aoDLAV 350e2 2 57 - 0.03 0.21 31480
aoULAV 350e2 2 57 - 0.02 0.23 32264
aoD2AG 350e2 2 57 - 0.02 0.27 34852
aoD2SG 350e2 2 57 - 0.03 0.26 35136
dry 250e2 2 74 - 0.03 0.11 27024
aoDLAV 250e2 2 74 - 0.02 0.19 31108
aoULAV 250e2 2 74 - 0.03 0.20 31212
aoD2AG 250e2 2 74 - 0.03 0.21 33860
aoD2SG 250e2 2 74 - 0.02 0.23 33960
dry 18e4 2 143 - 0.02 0.14 33104
aoDLAV 18e4 2 143 - 0.05 0.76 47860
aoULAV 18e4 2 143 - 0.05 0.76 47860
aoD2AG 18e4 2 143 - 0.06 0.99 58648
aoD2SG 18e4 2 143 - 0.06 1.10 59980
dry 1e1 2 166 - 0.03 0.11 25992
aoDLAV 1e1 2 166 - 0.03 0.13 30164
aoULAV 1e1 2 166 - 0.02 0.14 30172
aoD2AG 1e1 2 166 - 0.02 0.14 30316
aoD2SG 1e1 2 166 - 0.02 0.15 30324
moore 1e1 2 166 - 0.03 0.17 30480
nbpm 1e1 2 166 - 0.06 2.15 49816
greedy 1e1 2 166 - 0.03 0.14 30124
dry 32e4 2 131 - 0.03 0.17 36424
aoDLAV 32e4 2 131 - 0.06 1.20 70828
aoULAV 32e4 2 131 - 0.06 1.19 70840
aoD2AG 32e4 2 131 - 0.06 1.70 88516
aoD2SG 32e4 2 131 - 0.06 1.81 91512
dry 1e5 10 23 - 0.04 0.18 38396
aoDLAV 1e5 10 23 - 0.04 22.69 53536
aoULAV 1e5 10 23 - 0.06 22.04 55312
aoD2AG 1e5 10 23 - 0.06 22.34 62884
aoD2SG 1e5 10 23 - 0.05 20.82 66832
dry 32e1 2 16 - 0.02 0.12 26004
aoDLAV 32e1 2 16 - 0.03 0.14 30196
aoULAV 32e1 2 16 - 0.02 0.14 30208
aoD2AG 32e1 2 16 - 0.03 0.14 30376
aoD2SG 32e1 2 16 - 0.02 0.14 30388
moore 32e1 2 16 - 0.03 0.49 33684
nbpm 32e1 2 16 - 0.08 2.52 58308
greedy 32e1 2 16 - 0.03 0.21 40972
dry 300e2 2 101 - 0.02 0.12 28936
aoDLAV 300e2 2 101 - 0.03 0.22 31296
aoULAV 300e2 2 101 - 0.03 0.22 31896
aoD2AG 300e2 2 101 - 0.03 0.24 35060
aoD2SG 300e2 2 101 - 0.03 0.25 34716
dry 350e2 2 238 - 0.02 0.12 27416
aoDLAV 350e2 2 238 - 0.04 0.21 31480
aoULAV 350e2 2 238 - 0.03 0.22 32260
aoD2AG 350e2 2 238 - 0.03 0.26 34848
aoD2SG 350e2 2 238 - 0.03 0.28 35132
dry 1e5 10 83 - 0.03 0.18 38400
aoDLAV 1e5 10 83 - 0.05 23.03 53536
aoULAV 1e5 10 83 - 0.06 32.91 55312
aoD2AG 1e5 10 83 - 0.05 23.04 62592
aoD2SG 1e5 10 83 - 0.06 32.24 66836
dry 300e2 2 133 - 0.02 0.12 27220
aoDLAV 300e2 2 133 - 0.03 0.22 31296
aoULAV 300e2 2 133 - 0.03 0.21 31892
aoD2AG 300e2 2 133 - 0.03 0.24 35060
aoD2SG 300e2 2 133 - 0.03 0.26 34716
dry 1e5 5 223 - 0.03 0.14 34480
aoDLAV 1e5 5 223 - 0.04 1.64 41816
aoULAV 1e5 5 223 - 0.05 1.68 43568
aoD2AG 1e5 5 223 - 0.05 1.77 53568
aoD2SG 1e5 5 223 - 0.03 1.97 53200
dry 5e4 10 46 - 0.04 0.13 33888
aoDLAV 5e4 10 46 - 0.04 8.45 40200
aoULAV 5e4 10 46 - 0.04 8.44 40200
aoD2AG 5e4 10 46 - 0.04 8.45 44984
aoD2SG 5e4 10 46 - 0.05 9.39 44996
dry 1e1 2 230 - 0.02 0.12 25996
aoDLAV 1e1 2 230 - 0.03 0.14 30160
aoULAV 1e1 2 230 - 0.03 0.14 30172
aoD2AG 1e1 2 230 - 0.03 0.14 30328
aoD2SG 1e1 2 230 - 0.02 0.15 30328
moore 1e1 2 230 - 0.02 0.19 30476
nbpm 1e1 2 230 - 0.09 2.19 49816
greedy 1e1 2 230 - 0.03 0.14 30128
dry 18e4 2 7 - 0.04 0.13 33104
aoDLAV 18e4 2 7 - 0.05 0.74 47860
aoULAV 18e4 2 7 - 0.05 0.73 47860
aoD2AG 18e4 2 7 - 0.06 1.05 58640
aoD2SG 18e4 2 7 - 0.06 1.17 60068
dry 1e2 10 113 - 0.02 0.12 26008
aoDLAV 1e2 10 113 - 0.03 0.15 30264
aoULAV 1e2 10 113 - 0.03 0.15 30272
aoD2AG 1e2 10 113 - 0.03 0.15 30440
aoD2SG 1e2 10 113 - 0.03 0.15 30452
moore 1e2 10 113 - 0.03 0.20 30496
nbpm 1e2 10 113 - 0.08 2.10 53076
greedy 1e2 10 113 - 0.03 0.14 30972
dry 1e2 5 193 - 0.02 0.12 25996
aoDLAV 1e2 5 193 - 0.03 0.14 30212
aoULAV 1e2 5 193 - 0.03 0.14 30224
aoD2AG 1e2 5 193 - 0.03 0.14 30388
aoD2SG 1e2 5 193 - 0.03 0.14 30428
moore 1e2 5 193 - 0.03 0.21 30496
nbpm 1e2 5 193 - 0.08 2.22 53020
greedy 1e2 5 193 - 0.02 0.16 30920
dry 1e1 2 93 - 0.02 0.12 25992
aoDLAV 1e1 2 93 - 0.03 0.14 30160
aoULAV 1e1 2 93 - 0.04 0.13 30172
aoD2AG 1e1 2 93 - 0.03 0.14 30324
aoD2SG 1e1 2 93 - 0.03 0.14 30332
moore 1e1 2 93 - 0.03 0.18 30484
nbpm 1e1 2 93 - 0.08 2.06 49824
greedy 1e1 2 93 - 0.03 0.13 30128
dry 1e5 5 98 - 0.04 0.12 34476
aoDLAV 1e5 5 98 - 0.04 1.69 41816
aoULAV 1e5 5 98 - 0.04 1.72 43568
aoD2AG 1e5 5 98 - 0.06 1.83 54004
aoD2SG 1e5 5 98 - 0.05 2.14 53496
dry 18e1 2 93 - 0.03 0.12 26008
aoDLAV 18e1 2 93 - 0.03 0.14 30184
aoULAV 18e1 2 93 - 0.02 0.15 30196
aoD2AG 18e1 2 93 - 0.03 0.14 30360
aoD2SG 18e1 2 93 - 0.03 0.14 30368
moore 18e1 2 93 - 0.03 0.45 30496
nbpm 18e1 2 93 - 0.08 2.23 54480
greedy 18e1 2 93 - 0.03 0.16 33348
dry 1e2 2 71 - 0.01 0.13 25992
aoDLAV 1e2 2 71 - 0.03 0.15 30172
aoULAV 1e2 2 71 - 0.02 0.15 30180
aoD2AG 1e2 2 71 - 0.02 0.16 30336
aoD2SG 1e2 2 71 - 0.02 0.15 30380
moore 1e2 2 71 - 0.04 0.21 30508
nbpm 1e2 2 71 - 0.08 2.21 53000
greedy 1e2 2 71 - 0.02 0.15 30884
dry 400e2 2 97 - 0.02 0.12 29636
aoDLAV 400e2 2 97 - 0.03 0.26 32236
aoULAV 400e2 2 97 - 0.03 0.25 33112
aoD2AG 400e2 2 97 - 0.03 0.29 36072
aoD2SG 400e2 2 97 - 0.04 0.31 35932
dry 1e5 10 110 - 0.04 0.18 38436
aoDLAV 1e5 10 110 - 0.17 23.56 53536
aoULAV 1e5 10 110 - 0.06 34.05 55308
aoD2AG 1e5 10 110 - 0.07 19.64 62624
aoD2SG 1e5 10 110 - 0.05 21.77 66832
dry 56e3 2 59 - 0.02 0.12 28236
aoDLAV 56e3 2 59 - 0.02 0.32 33476
aoULAV 56e3 2 59 - 0.02 0.33 34696
aoD2AG 56e3 2 59 - 0.03 0.38 37280
aoD2SG 56e3 2 59 - 0.04 0.39 37344
dry 32e4 2 122 - 0.02 0.18 36424
aoDLAV 32e4 2 122 - 0.05 1.23 70832
aoULAV 32e4 2 122 - 0.06 1.40 70840
aoD2AG 32e4 2 122 - 0.07 1.79 88556
aoD2SG 32e4 2 122 - 0.07 2.07 90804
dry 18e4 2 17 - 0.04 0.13 33104
aoDLAV 18e4 2 17 - 0.04 0.89 47860
aoULAV 18e4 2 17 - 0.05 0.80 47860
aoD2AG 18e4 2 17 - 0.06 1.07 58684
aoD2SG 18e4 2 17 - 0.06 1.17 59848
dry 5e4 10 12 - 0.03 0.14 33888
aoDLAV 5e4 10 12 - 0.07 7.96 40204
aoULAV 5e4 10 12 - 0.05 6.49 40200
aoD2AG 5e4 10 12 - 0.05 6.57 44984
aoD2SG 5e4 10 12 - 0.06 7.36 45000
dry 1e3 5 199 - 0.02 0.12 26056
aoDLAV 1e3 5 199 - 0.03 0.15 30424
aoULAV 1e3 5 199 - 0.03 0.15 30436
aoD2AG 1e3 5 199 - 0.03 0.15 30740
aoD2SG 1e3 5 199 - 0.03 0.15 30752
moore 1e3 5 199 - 0.04 3.64 59856
nbpm 1e3 5 199 - 0.11 4.61 129244
greedy 1e3 5 199 - 0.10 1.08 139388
dry 56e3 2 192 - 0.02 0.12 28236
aoDLAV 56e3 2 192 - 0.04 0.30 33476
aoULAV 56e3 2 192 - 0.03 0.31 34696
aoD2AG 56e3 2 192 - 0.03 0.38 37284
aoD2SG 56e3 2 192 - 0.03 0.41 37300
dry 18e1 2 141 - 0.02 0.12 26004
aoDLAV 18e1 2 141 - 0.03 0.14 30184
aoULAV 18e1 2 141 - 0.03 0.14 30196
aoD2AG 18e1 2 141 - 0.03 0.14 30360
aoD2SG 18e1 2 141 - 0.03 0.15 30364
moore 18e1 2 141 - 0.03 0.37 30500
nbpm 18e1 2 141 - 0.10 2.25 54448
greedy 18e1 2 141 - 0.03 0.16 33348
dry 275e2 2 210 - 0.03 0.12 27120
aoDLAV 275e2 2 210 - 0.02 0.22 31244
aoULAV 275e2 2 210 - 0.03 0.22 31576
aoD2AG 275e2 2 210 - 0.03 0.23 34692
aoD2SG 275e2 2 210 - 0.04 0.23 34816
dry 1e2 2 130 - 0.03 0.11 25992
aoDLAV 1e2 2 130 - 0.03 0.14 30168
aoULAV 1e2 2 130 - 0.04 0.14 30184
aoD2AG 1e2 2 130 - 0.03 0.15 30340
aoD2SG 1e2 2 130 - 0.03 0.14 30340
moore 1e2 2 130 - 0.03 0.19 30480
nbpm 1e2 2 130 - 0.08 2.22 53000
greedy 1e2 2 130 - 0.03 0.14 30880
dry 1e3 10 7 - 0.02 0.13 26136
aoDLAV 1e3 10 7 - 0.03 0.17 30652
aoULAV 1e3 10 7 - 0.03 0.17 30664
aoD2AG 1e3 10 7 - 0.04 0.16 31072
aoD2SG 1e3 10 7 - 0.02 0.17 31088
moore 1e3 10 7 - 0.04 3.80 59840
nbpm 1e3 10 7 - 0.17 5.23 136140
greedy 1e3 10 7 - 0.10 1.07 139616
dry 5e4 10 221 - 0.03 0.14 33888
aoDLAV 5e4 10 221 - 0.04 8.36 40200
aoULAV 5e4 10 221 - 0.04 8.42 40204
aoD2AG 5e4 10 221 - 0.04 8.58 44984
aoD2SG 5e4 10 221 - 0.04 9.63 44996
dry 1e3 2 20 - 0.02 0.12 26020
aoDLAV 1e3 2 20 - 0.03 0.14 30280
aoULAV 1e3 2 20 - 0.02 0.15 30292
aoD2AG 1e3 2 20 - 0.03 0.14 30540
aoD2SG 1e3 2 20 - 0.03 0.14 30552
moore 1e3 2 20 - 0.04 5.57 59768
nbpm 1e3 2 20 - 0.14 3.90 138552
greedy 1e3 2 20 - 0.09 0.97 139248
dry 1e3 10 96 - 0.02 0.12 26136
aoDLAV 1e3 10 96 - 0.03 0.16 30652
aoULAV 1e3 10 96 - 0.02 0.17 30664
aoD2AG 1e3 10 96 - 0.04 0.16 31080
aoD2SG 1e3 10 96 - 0.03 0.16 31092
moore 1e3 10 96 - 0.06 3.81 59896
nbpm 1e3 10 96 - 0.14 4.61 136140
greedy 1e3 10 96 - 0.08 1.09 139620
dry 1e3 10 161 - 0.03 0.11 26140
aoDLAV 1e3 10 161 - 0.03 0.16 30652
aoULAV 1e3 10 161 - 0.03 0.16 30668
aoD2AG 1e3 10 161 - 0.03 0.17 31076
aoD2SG 1e3 10 161 - 0.02 0.18 31096
moore 1e3 10 161 - 0.05 3.17 59872
nbpm 1e3 10 161 - 0.13 4.99 136144
greedy 1e3 10 161 - 0.08 1.09 139616
dry 1e5 10 6 - 0.03 0.19 38400
aoDLAV 1e5 10 6 - 0.04 23.00 53536
aoULAV 1e5 10 6 - 0.06 22.66 55308
aoD2AG 1e5 10 6 - 0.05 23.12 62624
aoD2SG 1e5 10 6 - 0.06 35.16 66832
dry 225e2 2 106 - 0.02 0.12 26920
aoDLAV 225e2 2 106 - 0.03 0.19 30984
aoULAV 225e2 2 106 - 0.03 0.20 30992
aoD2AG 225e2 2 106 - 0.03 0.22 33368
aoD2SG 225e2 2 106 - 0.04 0.23 33460
dry 375e2 2 103 - 0.02 0.12 27520
aoDLAV 375e2 2 103 - 0.03 0.24 31816
aoULAV 375e2 2 103 - 0.03 0.24 32608
aoD2AG 375e2 2 103 - 0.03 0.28 35564
aoD2SG 375e2 2 103 - 0.03 0.29 35524
dry 56e4 2 2 - 0.03 0.19 41104
aoDLAV 56e4 2 2 - 0.07 2.20 107984
aoULAV 56e4 2 2 - 0.07 2.29 107984
aoD2AG 56e4 2 2 - 0.09 3.24 139268
aoD2SG 56e4 2 2 - 0.12 3.60 144076
dry 1e2 5 26 - 0.03 0.12 25996
aoDLAV 1e2 5 26 - 0.02 0.14 30212
aoULAV 1e2 5 26 - 0.03 0.14 30224
aoD2AG 1e2 5 26 - 0.02 0.15 30416
aoD2SG 1e2 5 26 - 0.03 0.14 30388
moore 1e2 5 26 - 0.03 0.20 30492
nbpm 1e2 5 26 - 0.08 2.22 53016
greedy 1e2 5 26 - 0.03 0.15 30924
dry 1e6 10 27 - 0.08 0.40 112232
aoDLAV 1e6 10 27 - 0.23 381.08 369884
aoULAV 1e6 10 27 - 0.32 379.30 369932
aoD2AG 1e6 10 27 - 0.41 466.50 448120
aoD2SG 1e6 10 27 - 1.27 569.13 458648
dry 1e6 10 42 - 0.07 0.37 112236
aoDLAV 1e6 10 42 - 0.22 398.60 369888
aoULAV 1e6 10 42 - 0.30 372.15 369892
aoD2AG 1e6 10 42 - 0.38 401.31 447604
aoD2SG 1e6 10 42 - 0.41 446.62 456748
