dry 32e3 2 65 - 0.02 0.12 27296
aoDLAV 32e3 2 65 - 0.03 0.19 31444
aoULAV 32e3 2 65 - 0.03 0.19 32148
aoD2AG 32e3 2 65 - 0.02 0.23 35020
aoD2SG 32e3 2 65 - 0.03 0.23 34844
dry 56e3 2 180 - 0.02 0.11 29732
aoDLAV 56e3 2 180 - 0.02 0.25 33476
aoULAV 56e3 2 180 - 0.03 0.26 34756
aoD2AG 56e3 2 180 - 0.03 0.28 37292
aoD2SG 56e3 2 180 - 0.03 0.31 37304
dry 5e4 5 2 - 0.03 0.13 31132
aoDLAV 5e4 5 2 - 0.03 0.62 34744
aoULAV 5e4 5 2 - 0.03 0.60 34704
aoD2AG 5e4 5 2 - 0.04 0.60 37764
aoD2SG 5e4 5 2 - 0.02 0.65 37936
dry 32e3 2 93 - 0.01 0.12 27296
aoDLAV 32e3 2 93 - 0.02 0.20 31436
aoULAV 32e3 2 93 - 0.03 0.20 32148
aoD2AG 32e3 2 93 - 0.03 0.23 35028
aoD2SG 32e3 2 93 - 0.02 0.24 34788
dry 325e2 2 49 - 0.02 0.11 27316
aoDLAV 325e2 2 49 - 0.03 0.20 31372
aoULAV 325e2 2 49 - 0.03 0.20 32092
aoD2AG 325e2 2 49 - 0.03 0.22 35004
aoD2SG 325e2 2 49 - 0.02 0.24 34760
dry 1e2 5 18 - 0.02 0.12 26000
aoDLAV 1e2 5 18 - 0.03 0.13 30212
aoULAV 1e2 5 18 - 0.02 0.14 30224
aoD2AG 1e2 5 18 - 0.03 0.14 30380
aoD2SG 1e2 5 18 - 0.03 0.14 30388
moore 1e2 5 18 - 0.02 0.21 30492
nbpm 1e2 5 18 - 0.08 2.03 53016
greedy 1e2 5 18 - 0.02 0.15 30920
dry 5e4 2 210 - 0.02 0.12 28004
aoDLAV 5e4 2 210 - 0.03 0.23 33008
aoULAV 5e4 2 210 - 0.03 0.25 33316
aoD2AG 5e4 2 210 - 0.03 0.30 36412
aoD2SG 5e4 2 210 - 0.04 0.30 36424
dry 1e5 5 104 - 0.03 0.13 34476
aoDLAV 1e5 5 104 - 0.04 1.31 41816
aoULAV 1e5 5 104 - 0.03 1.27 43572
aoD2AG 1e5 5 104 - 0.03 1.36 53880
aoD2SG 1e5 5 104 - 0.05 1.53 53200
dry 5e4 5 137 - 0.03 0.13 30984
aoDLAV 5e4 5 137 - 0.02 0.61 34708
aoULAV 5e4 5 137 - 0.03 0.63 34704
aoD2AG 5e4 5 137 - 0.03 0.73 37728
aoD2SG 5e4 5 137 - 0.03 0.74 37936
dry 275e2 2 148 - 0.02 0.12 27120
aoDLAV 275e2 2 148 - 0.02 0.20 31240
aoULAV 275e2 2 148 - 0.02 0.20 31576
aoD2AG 275e2 2 148 - 0.03 0.21 34692
aoD2SG 275e2 2 148 - 0.03 0.23 34808
dry 18e4 2 47 - 0.02 0.14 33684
aoDLAV 18e4 2 47 - 0.03 0.78 47860
aoULAV 18e4 2 47 - 0.06 0.69 47860
aoD2AG 18e4 2 47 - 0.05 0.90 58640
aoD2SG 18e4 2 47 - 0.06 1.00 59956
dry 1e3 5 218 - 0.02 0.12 26060
aoDLAV 1e3 5 218 - 0.02 0.14 30424
aoULAV 1e3 5 218 - 0.02 0.14 30436
aoD2AG 1e3 5 218 - 0.02 0.15 30752
aoD2SG 1e3 5 218 - 0.03 0.15 30800
moore 1e3 5 218 - 0.05 5.08 59800
nbpm 1e3 5 218 - 0.11 4.45 129244
greedy 1e3 5 218 - 0.08 0.96 139388
dry 400e2 2 205 - 0.02 0.12 28884
aoDLAV 400e2 2 205 - 0.02 0.25 32236
aoULAV 400e2 2 205 - 0.02 0.23 33128
aoD2AG 400e2 2 205 - 0.04 0.25 36076
aoD2SG 400e2 2 205 - 0.03 0.29 35932
dry 1e6 10 185 - 0.08 0.41 112232
aoDLAV 1e6 10 185 - 0.19 542.06 369888
aoULAV 1e6 10 185 - 0.29 374.27 369884
aoD2AG 1e6 10 185 - 0.38 378.26 448284
aoD2SG 1e6 10 185 - 0.41 461.98 457112
dry 32e4 2 170 - 0.03 0.17 36424
aoDLAV 32e4 2 170 - 0.06 1.23 70828
aoULAV 32e4 2 170 - 0.06 1.29 70840
aoD2AG 32e4 2 170 - 0.08 1.76 88388
aoD2SG 32e4 2 170 - 0.08 1.87 91420
dry 56e4 2 113 - 0.03 0.18 41104
aoDLAV 56e4 2 113 - 0.07 2.06 107984
aoULAV 56e4 2 113 - 0.08 2.12 107984
aoD2AG 56e4 2 113 - 0.12 3.02 140032
aoD2SG 56e4 2 113 - 0.11 3.41 143316
dry 1e2 2 40 - 0.02 0.12 25992
aoDLAV 1e2 2 40 - 0.03 0.13 30168
aoULAV 1e2 2 40 - 0.03 0.14 30180
aoD2AG 1e2 2 40 - 0.03 0.15 30336
aoD2SG 1e2 2 40 - 0.02 0.15 30344
moore 1e2 2 40 - 0.04 0.19 30480
nbpm 1e2 2 40 - 0.09 2.36 53000
greedy 1e2 2 40 - 0.03 0.14 30884
dry 250e2 2 234 - 0.02 0.12 30624
aoDLAV 250e2 2 234 - 0.03 0.20 31108
aoULAV 250e2 2 234 - 0.02 0.21 31216
aoD2AG 250e2 2 234 - 0.03 0.23 33860
aoD2SG 250e2 2 234 - 0.03 0.23 33964
dry 1e3 2 18 - 0.02 0.13 26020
aoDLAV 1e3 2 18 - 0.03 0.15 30280
aoULAV 1e3 2 18 - 0.02 0.14 30292
aoD2AG 1e3 2 18 - 0.02 0.15 30536
aoD2SG 1e3 2 18 - 0.02 0.15 30548
moore 1e3 2 18 - 0.03 2.09 59872
nbpm 1e3 2 18 - 0.11 4.10 138564
greedy 1e3 2 18 - 0.06 1.05 139244
dry 56e4 2 192 - 0.04 0.18 41108
aoDLAV 56e4 2 192 - 0.08 2.09 107984
aoULAV 56e4 2 192 - 0.09 2.17 107984
aoD2AG 56e4 2 192 - 0.11 3.39 139004
aoD2SG 56e4 2 192 - 0.11 3.44 143992
dry 225e2 2 117 - 0.03 0.11 28940
aoDLAV 225e2 2 117 - 0.03 0.19 30980
aoULAV 225e2 2 117 - 0.02 0.20 30992
aoD2AG 225e2 2 117 - 0.02 0.22 33368
aoD2SG 225e2 2 117 - 0.02 0.23 33460
dry 225e2 2 1 - 0.02 0.12 26920
aoDLAV 225e2 2 1 - 0.03 0.19 30980
aoULAV 225e2 2 1 - 0.03 0.20 30992
aoD2AG 225e2 2 1 - 0.02 0.22 33372
aoD2SG 225e2 2 1 - 0.03 0.22 33468
dry 56e3 2 92 - 0.03 0.12 29988
aoDLAV 56e3 2 92 - 0.03 0.30 33480
aoULAV 56e3 2 92 - 0.03 0.30 34696
aoD2AG 56e3 2 92 - 0.04 0.37 37288
aoD2SG 56e3 2 92 - 0.03 0.40 37300
dry 56e4 2 75 - 0.03 0.19 41104
aoDLAV 56e4 2 75 - 0.08 2.13 107984
aoULAV 56e4 2 75 - 0.07 2.22 107984
aoD2AG 56e4 2 75 - 0.12 3.16 139192
aoD2SG 56e4 2 75 - 0.11 3.61 143620
dry 275e2 2 118 - 0.03 0.12 27120
aoDLAV 275e2 2 118 - 0.03 0.21 31240
aoULAV 275e2 2 118 - 0.03 0.21 31568
aoD2AG 275e2 2 118 - 0.03 0.23 34692
aoD2SG 275e2 2 118 - 0.03 0.24 34816
dry 18e1 2 50 - 0.02 0.12 26008
aoDLAV 18e1 2 50 - 0.03 0.15 30188
aoULAV 18e1 2 50 - 0.03 0.14 30200
aoD2AG 18e1 2 50 - 0.03 0.14 30360
aoD2SG 18e1 2 50 - 0.02 0.15 30364
moore 18e1 2 50 - 0.04 0.21 30488
nbpm 18e1 2 50 - 0.07 2.16 54436
greedy 18e1 2 50 - 0.03 0.16 33352
dry 32e4 2 82 - 0.03 0.16 36424
aoDLAV 32e4 2 82 - 0.05 1.23 70832
aoULAV 32e4 2 82 - 0.06 1.22 70840
aoD2AG 32e4 2 82 - 0.08 1.68 88240
aoD2SG 32e4 2 82 - 0.08 1.90 90632
dry 225e2 2 78 - 0.03 0.11 26920
aoDLAV 225e2 2 78 - 0.03 0.19 30984
aoULAV 225e2 2 78 - 0.03 0.20 30992
aoD2AG 225e2 2 78 - 0.02 0.22 33372
aoD2SG 225e2 2 78 - 0.03 0.23 33460
dry 1e5 5 90 - 0.02 0.14 34476
aoDLAV 1e5 5 90 - 0.05 1.57 41816
aoULAV 1e5 5 90 - 0.04 1.55 43572
aoD2AG 1e5 5 90 - 0.07 1.86 53560
aoD2SG 1e5 5 90 - 0.05 1.91 53200
dry 1e6 10 188 - 0.07 0.43 112232
aoDLAV 1e6 10 188 - 0.22 501.42 369892
aoULAV 1e6 10 188 - 1.17 383.98 369884
aoD2AG 1e6 10 188 - 1.23 379.70 447552
aoD2SG 1e6 10 188 - 0.43 508.57 456692
dry 1e5 10 208 - 0.04 0.18 38408
aoDLAV 1e5 10 208 - 0.04 22.84 53536
aoULAV 1e5 10 208 - 0.06 23.02 55312
aoD2AG 1e5 10 208 - 0.09 22.81 62744
aoD2SG 1e5 10 208 - 0.10 25.87 66836
dry 5e4 5 143 - 0.03 0.13 31584
aoDLAV 5e4 5 143 - 0.03 0.76 34704
aoULAV 5e4 5 143 - 0.04 0.75 34708
aoD2AG 5e4 5 143 - 0.04 0.81 37732
aoD2SG 5e4 5 143 - 0.04 0.88 37940
dry 1e5 2 27 - 0.02 0.14 31132
aoDLAV 1e5 2 27 - 0.03 0.44 34800
aoULAV 1e5 2 27 - 0.03 0.44 35320
aoD2AG 1e5 2 27 - 0.04 0.59 42600
aoD2SG 1e5 2 27 - 0.04 0.66 43800
dry 250e2 2 36 - 0.02 0.12 30624
aoDLAV 250e2 2 36 - 0.03 0.21 31108
aoULAV 250e2 2 36 - 0.03 0.20 31212
aoD2AG 250e2 2 36 - 0.02 0.23 33860
aoD2SG 250e2 2 36 - 0.03 0.24 33964
dry 1e6 10 37 - 0.08 0.41 112232
aoDLAV 1e6 10 37 - 0.19 376.78 369892
aoULAV 1e6 10 37 - 0.30 379.40 369884
aoD2AG 1e6 10 37 - 0.38 381.30 447544
aoD2SG 1e6 10 37 - 0.41 459.42 458224
dry 300e2 2 191 - 0.03 0.12 28956
aoDLAV 300e2 2 191 - 0.04 0.21 31300
aoULAV 300e2 2 191 - 0.03 0.22 31892
aoD2AG 300e2 2 191 - 0.03 0.25 35060
aoD2SG 300e2 2 191 - 0.02 0.26 34716
dry 18e1 2 126 - 0.02 0.12 26004
aoDLAV 18e1 2 126 - 0.03 0.14 30188
aoULAV 18e1 2 126 - 0.02 0.14 30196
aoD2AG 18e1 2 126 - 0.03 0.14 30356
aoD2SG 18e1 2 126 - 0.02 0.16 30408
moore 18e1 2 126 - 0.04 0.33 30496
nbpm 18e1 2 126 - 0.11 2.18 54444
greedy 18e1 2 126 - 0.03 0.16 33348
dry 1e3 5 185 - 0.02 0.12 26056
aoDLAV 1e3 5 185 - 0.03 0.14 30424
aoULAV 1e3 5 185 - 0.03 0.14 30436
aoD2AG 1e3 5 185 - 0.02 0.15 30748
aoD2SG 1e3 5 185 - 0.02 0.16 30772
moore 1e3 5 185 - 0.04 5.13 59804
nbpm 1e3 5 185 - 0.11 4.49 129244
greedy 1e3 5 185 - 0.08 1.05 139388
dry 1e5 10 66 - 0.03 0.19 38396
aoDLAV 1e5 10 66 - 0.06 22.58 53540
aoULAV 1e5 10 66 - 0.06 22.53 55312
aoD2AG 1e5 10 66 - 0.05 23.00 62728
aoD2SG 1e5 10 66 - 0.05 26.21 66832
dry 56e4 2 107 - 0.03 0.19 41104
aoDLAV 56e4 2 107 - 0.07 2.11 107984
aoULAV 56e4 2 107 - 0.07 2.22 107984
aoD2AG 56e4 2 107 - 0.11 3.14 139288
aoD2SG 56e4 2 107 - 0.11 3.38 144712
dry 325e2 2 21 - 0.02 0.12 27320
aoDLAV 325e2 2 21 - 0.04 0.21 31372
aoULAV 325e2 2 21 - 0.03 0.22 32084
aoD2AG 325e2 2 21 - 0.03 0.26 35000
aoD2SG 325e2 2 21 - 0.03 0.27 34760
dry 1e2 2 32 - 0.02 0.12 25992
aoDLAV 1e2 2 32 - 0.02 0.15 30172
aoULAV 1e2 2 32 - 0.03 0.14 30184
aoD2AG 1e2 2 32 - 0.03 0.14 30336
aoD2SG 1e2 2 32 - 0.02 0.15 30340
moore 1e2 2 32 - 0.03 0.20 30488
nbpm 1e2 2 32 - 0.08 2.21 53008
greedy 1e2 2 32 - 0.02 0.15 30880
dry 1e6 10 176 - 0.08 0.40 112236
aoDLAV 1e6 10 176 - 1.16 427.58 369888
aoULAV 1e6 10 176 - 0.30 347.91 369884
aoD2AG 1e6 10 176 - 0.40 348.90 447152
aoD2SG 1e6 10 176 - 0.42 439.55 457632
