dry 6e7 2 228 - 0.63 1.91 1202044
aoDLAV 6e7 2 228 - 4.68 352.96 8924564
aoULAV 6e7 2 228 - 6.55 377.54 8924560
aoD2AG 6e7 2 228 - 11.45 524.67 13120228
aoD2SG 6e7 2 228 - 12.50 633.51 13599332
dry 32e6 2 53 - 0.35 1.10 655176
aoDLAV 32e6 2 53 - 2.67 177.95 4768328
aoULAV 32e6 2 53 - 2.79 197.06 4768328
aoD2AG 32e6 2 53 - 6.42 273.47 7008664
aoD2SG 32e6 2 53 - 6.94 368.92 7262000
dry 3e7 2 108 - 0.38 1.03 616104
aoDLAV 3e7 2 108 - 2.67 174.12 4471428
aoULAV 3e7 2 108 - 3.33 181.36 4471432
aoD2AG 3e7 2 108 - 5.40 257.64 6568976
aoD2SG 3e7 2 108 - 6.60 301.56 6807840
dry 50e2 2 64 - 0.03 0.12 26204
aoDLAV 50e2 2 64 - 0.03 0.15 30848
aoULAV 50e2 2 64 - 0.03 0.15 30860
aoD2AG 50e2 2 64 - 0.03 0.16 31792
aoD2SG 50e2 2 64 - 0.03 0.17 31876
moore 50e2 2 64 - 0.46 153.16 764628
nbpm 50e2 2 64 - 2.03 57.48 2011924
greedy 50e2 2 64 - 1.61 59.24 2764780
dry 32e6 2 89 - 0.36 1.10 655180
aoDLAV 32e6 2 89 - 2.64 175.49 4768324
aoULAV 32e6 2 89 - 3.51 186.74 4768324
aoD2AG 32e6 2 89 - 6.44 281.15 7005480
aoD2SG 32e6 2 89 - 7.35 323.84 7263064
dry 18e2 2 166 - 0.03 0.12 26052
aoDLAV 18e2 2 166 - 0.04 0.14 30372
aoULAV 18e2 2 166 - 0.04 0.15 30388
aoD2AG 18e2 2 166 - 0.04 0.15 30780
aoD2SG 18e2 2 166 - 0.02 0.16 30816
moore 18e2 2 166 - 0.07 5.11 125448
nbpm 18e2 2 166 - 0.20 8.60 334536
greedy 18e2 2 166 - 0.26 4.06 384352
dry 2e7 2 20 - 0.27 0.75 420796
aoDLAV 2e7 2 20 - 1.85 108.15 2987068
aoULAV 2e7 2 20 - 1.82 112.97 2987072
aoD2AG 2e7 2 20 - 3.57 157.56 4387880
aoD2SG 2e7 2 20 - 4.52 185.39 4547492
dry 5e7 2 143 - 0.52 1.61 1006736
aoDLAV 5e7 2 143 - 4.25 290.35 7440192
aoULAV 5e7 2 143 - 5.37 314.03 7440192
aoD2AG 5e7 2 143 - 9.58 448.64 10937604
aoD2SG 5e7 2 143 - 10.39 539.65 11336864
dry 32e2 2 68 - 0.03 0.12 27952
aoDLAV 32e2 2 68 - 0.03 0.16 30544
aoULAV 32e2 2 68 - 0.03 0.15 30548
aoD2AG 32e2 2 68 - 0.04 0.15 31204
aoD2SG 32e2 2 68 - 0.03 0.15 31256
moore 32e2 2 68 - 0.22 49.61 330524
nbpm 32e2 2 68 - 0.83 21.08 854756
greedy 32e2 2 68 - 0.69 22.46 1150168
dry 2e7 2 25 - 0.26 0.74 420796
aoDLAV 2e7 2 25 - 1.78 110.64 2987068
aoULAV 2e7 2 25 - 2.15 113.99 2987068
aoD2AG 2e7 2 25 - 3.68 163.23 4388168
aoD2SG 2e7 2 25 - 4.31 184.72 4546592
dry 6e7 2 226 - 0.70 1.91 1202044
aoDLAV 6e7 2 226 - 5.28 362.90 8924560
aoULAV 6e7 2 226 - 6.76 392.46 8924560
aoD2AG 6e7 2 226 - 12.10 542.30 13119576
aoD2SG 6e7 2 226 - 12.06 640.91 13600748
dry 7e7 2 192 - 0.80 2.19 1397356
aoDLAV 7e7 2 192 - 6.02 435.19 10408936
aoULAV 7e7 2 192 - 7.94 443.54 10408940
aoD2AG 7e7 2 192 - 14.34 636.72 15303884
aoD2SG 7e7 2 192 - 14.80 737.60 15864020
dry 1e4 10 67 - 0.02 0.13 27688
aoDLAV 1e4 10 67 - 0.03 0.68 32768
aoULAV 1e4 10 67 - 0.03 0.68 32776
aoD2AG 1e4 10 67 - 0.04 0.70 32748
aoD2SG 1e4 10 67 - 0.04 0.77 34180
moore 1e4 10 67 - 1.28 916.82 2963852
nbpm 1e4 10 67 - 7.30 679.77 7764384
greedy 1e4 10 67 - 6.75 282.50 10961108
dry 1e4 5 107 - 0.03 0.12 28824
aoDLAV 1e4 5 107 - 0.03 0.21 31084
aoULAV 1e4 5 107 - 0.03 0.21 31096
aoD2AG 1e4 5 107 - 0.03 0.23 32108
aoD2SG 1e4 5 107 - 0.03 0.23 32108
moore 1e4 5 107 - 1.22 997.16 2961736
nbpm 1e4 5 107 - 7.59 586.33 7811452
greedy 1e4 5 107 - 6.76 302.58 10959176
dry 1e4 2 144 - 0.02 0.12 26432
aoDLAV 1e4 2 144 - 0.03 0.17 31864
aoULAV 1e4 2 144 - 0.03 0.17 31876
aoD2AG 1e4 2 144 - 0.03 0.19 31876
aoD2SG 1e4 2 144 - 0.03 0.21 31992
moore 1e4 2 144 - 1.19 1407.72 2960584
nbpm 1e4 2 144 - 7.44 381.19 7889424
greedy 1e4 2 144 - 6.61 266.53 10968572
dry 1e4 5 159 - 0.03 0.12 26904
aoDLAV 1e4 5 159 - 0.03 0.23 31084
aoULAV 1e4 5 159 - 0.03 0.23 31096
aoD2AG 1e4 5 159 - 0.03 0.25 32108
aoD2SG 1e4 5 159 - 0.03 0.24 32112
moore 1e4 5 159 - 1.19 900.14 2961736
nbpm 1e4 5 159 - 7.60 918.99 7811460
greedy 1e4 5 159 - 6.39 292.60 10959172
dry 4e7 2 230 - 0.47 1.32 811424
aoDLAV 4e7 2 230 - 3.66 242.80 5955816
aoULAV 4e7 2 230 - 3.75 244.72 5955820
aoD2AG 4e7 2 230 - 7.94 352.42 8752356
aoD2SG 4e7 2 230 - 8.73 400.04 9072328
dry 32e6 2 182 - 0.40 1.10 655180
aoDLAV 32e6 2 182 - 2.79 188.56 4768324
aoULAV 32e6 2 182 - 2.80 191.38 4768324
aoD2AG 32e6 2 182 - 6.32 279.45 7006456
aoD2SG 32e6 2 182 - 6.77 315.74 7261416
dry 3e7 2 233 - 0.37 1.03 616104
aoDLAV 3e7 2 233 - 2.47 177.43 4471428
aoULAV 3e7 2 233 - 3.25 169.90 4471428
aoD2AG 3e7 2 233 - 5.47 258.16 6573304
aoD2SG 3e7 2 233 - 6.41 325.92 6809504
dry 7e7 2 113 - 0.82 2.22 1397356
aoDLAV 7e7 2 113 - 6.11 532.80 10408936
aoULAV 7e7 2 113 - 7.77 571.17 10408936
aoD2AG 7e7 2 113 - 14.39 643.31 15304372
aoD2SG 7e7 2 113 - 14.67 752.41 15865684
dry 6e7 2 236 - 0.73 1.90 1202044
aoDLAV 6e7 2 236 - 4.81 414.23 8924560
aoULAV 6e7 2 236 - 6.68 376.68 8924560
aoD2AG 6e7 2 236 - 11.95 542.80 13122312
aoD2SG 6e7 2 236 - 12.92 631.39 13599300
dry 50e2 2 141 - 0.03 0.12 26208
aoDLAV 50e2 2 141 - 0.04 0.14 30848
aoULAV 50e2 2 141 - 0.03 0.16 30860
aoD2AG 50e2 2 141 - 0.03 0.15 31764
aoD2SG 50e2 2 141 - 0.03 0.18 31856
moore 50e2 2 141 - 0.43 157.03 764600
nbpm 50e2 2 141 - 2.05 55.72 2011940
greedy 50e2 2 141 - 1.68 64.12 2764780
dry 32e2 2 58 - 0.03 0.12 27952
aoDLAV 32e2 2 58 - 0.03 0.15 30544
aoULAV 32e2 2 58 - 0.04 0.15 30556
aoD2AG 32e2 2 58 - 0.04 0.16 31212
aoD2SG 32e2 2 58 - 0.02 0.17 31276
moore 32e2 2 58 - 0.22 51.74 330520
nbpm 32e2 2 58 - 0.89 20.20 854760
greedy 32e2 2 58 - 0.69 22.87 1150164
dry 25e2 2 46 - 0.02 0.12 26080
aoDLAV 25e2 2 46 - 0.03 0.14 30456
aoULAV 25e2 2 46 - 0.03 0.14 30464
aoD2AG 25e2 2 46 - 0.03 0.16 30992
aoD2SG 25e2 2 46 - 0.04 0.14 31020
moore 25e2 2 46 - 0.11 41.64 213604
nbpm 25e2 2 46 - 0.58 13.94 541644
greedy 25e2 2 46 - 0.48 10.80 713664
dry 5e7 2 176 - 0.56 1.65 1006736
aoDLAV 5e7 2 176 - 4.34 303.11 7440196
aoULAV 5e7 2 176 - 5.68 310.73 7440192
aoD2AG 5e7 2 176 - 10.35 452.38 10939056
aoD2SG 5e7 2 176 - 10.86 521.63 11337744
dry 6e7 2 243 - 0.69 1.89 1202044
aoDLAV 6e7 2 243 - 5.24 350.47 8924564
aoULAV 6e7 2 243 - 6.73 370.45 8924560
aoD2AG 6e7 2 243 - 12.20 701.92 13121636
aoD2SG 6e7 2 243 - 12.34 630.52 13598708
dry 50e2 2 192 - 0.02 0.12 26208
aoDLAV 50e2 2 192 - 0.03 0.15 30852
aoULAV 50e2 2 192 - 0.04 0.15 30860
aoD2AG 50e2 2 192 - 0.04 0.15 31780
aoD2SG 50e2 2 192 - 0.03 0.17 31888
moore 50e2 2 192 - 0.54 179.66 764604
nbpm 50e2 2 192 - 1.91 52.19 2011924
greedy 50e2 2 192 - 1.75 59.09 2764780
dry 5e7 2 58 - 0.57 1.58 1006740
aoDLAV 5e7 2 58 - 4.01 292.02 7440196
aoULAV 5e7 2 58 - 5.44 337.26 7440196
aoD2AG 5e7 2 58 - 10.19 560.25 10938596
aoD2SG 5e7 2 58 - 10.53 514.06 11335336
dry 56e2 2 21 - 0.03 0.12 26240
aoDLAV 56e2 2 21 - 0.03 0.15 30976
aoULAV 56e2 2 21 - 0.02 0.15 30992
aoD2AG 56e2 2 21 - 0.03 0.17 32004
aoD2SG 56e2 2 21 - 0.03 0.17 31128
moore 56e2 2 21 - 0.62 222.50 952716
nbpm 56e2 2 21 - 2.53 76.08 2388080
greedy 56e2 2 21 - 2.06 82.22 3460488
dry 18e2 2 76 - 0.02 0.12 26048
aoDLAV 18e2 2 76 - 0.03 0.15 30372
aoULAV 18e2 2 76 - 0.03 0.15 30384
aoD2AG 18e2 2 76 - 0.03 0.15 30780
aoD2SG 18e2 2 76 - 0.02 0.16 30824
moore 18e2 2 76 - 0.08 21.13 125408
nbpm 18e2 2 76 - 0.23 7.43 334528
greedy 18e2 2 76 - 0.27 4.43 384352
dry 5e7 2 164 - 0.56 1.62 1006736
aoDLAV 5e7 2 164 - 4.42 291.38 7440192
aoULAV 5e7 2 164 - 5.62 320.88 7440192
aoD2AG 5e7 2 164 - 10.02 448.34 10937280
aoD2SG 5e7 2 164 - 10.42 523.66 11335012
dry 4e7 2 168 - 0.47 1.36 811424
aoDLAV 4e7 2 168 - 3.55 238.30 5955816
aoULAV 4e7 2 168 - 4.26 233.62 5955820
aoD2AG 4e7 2 168 - 7.61 348.68 8754012
aoD2SG 4e7 2 168 - 8.46 421.40 9073912
dry 18e6 2 138 - 0.25 0.72 381736
aoDLAV 18e6 2 138 - 1.61 100.36 2690192
aoULAV 18e6 2 138 - 1.61 104.44 2690192
aoD2AG 18e6 2 138 - 3.26 144.80 3950152
aoD2SG 18e6 2 138 - 3.68 169.92 4095152
dry 25e2 2 73 - 0.03 0.11 26080
aoDLAV 25e2 2 73 - 0.02 0.16 30456
aoULAV 25e2 2 73 - 0.03 0.15 30464
aoD2AG 25e2 2 73 - 0.02 0.15 30964
aoD2SG 25e2 2 73 - 0.02 0.15 31000
moore 25e2 2 73 - 0.10 33.71 213604
nbpm 25e2 2 73 - 0.52 12.08 541644
greedy 25e2 2 73 - 0.43 10.46 713664
dry 32e6 2 226 - 0.37 1.12 655176
aoDLAV 32e6 2 226 - 2.69 180.67 4768328
aoULAV 32e6 2 226 - 2.66 195.75 4768328
aoD2AG 32e6 2 226 - 6.29 274.03 7008024
aoD2SG 32e6 2 226 - 6.77 314.81 7261916
dry 5e7 2 157 - 0.59 1.60 1006780
aoDLAV 5e7 2 157 - 4.12 289.94 7440192
aoULAV 5e7 2 157 - 5.27 315.46 7440192
aoD2AG 5e7 2 157 - 10.08 459.35 10938064
aoD2SG 5e7 2 157 - 10.50 539.03 11339016
dry 56e2 2 196 - 0.02 0.12 26236
aoDLAV 56e2 2 196 - 0.03 0.15 30980
aoULAV 56e2 2 196 - 0.02 0.16 30992
aoD2AG 56e2 2 196 - 0.03 0.17 31980
aoD2SG 56e2 2 196 - 0.03 0.17 31124
moore 56e2 2 196 - 0.63 207.05 952724
nbpm 56e2 2 196 - 2.50 75.57 2388088
greedy 56e2 2 196 - 2.19 77.41 3460488
dry 56e6 2 194 - 0.69 1.78 1123924
aoDLAV 56e6 2 194 - 4.54 332.97 8330816
aoULAV 56e6 2 194 - 6.12 427.57 8330816
aoD2AG 56e6 2 194 - 11.35 511.54 12247640
aoD2SG 56e6 2 194 - 11.97 584.92 12692460
dry 6e7 2 149 - 0.67 1.91 1202044
aoDLAV 6e7 2 149 - 5.23 358.13 8924564
aoULAV 6e7 2 149 - 6.88 384.24 8924612
aoD2AG 6e7 2 149 - 12.16 706.92 13121960
aoD2SG 6e7 2 149 - 12.45 637.43 13603092
dry 56e2 2 60 - 0.02 0.12 26240
aoDLAV 56e2 2 60 - 0.02 0.16 30976
aoULAV 56e2 2 60 - 0.03 0.15 30992
aoD2AG 56e2 2 60 - 0.03 0.17 31980
aoD2SG 56e2 2 60 - 0.02 0.18 31120
moore 56e2 2 60 - 0.48 183.92 952724
nbpm 56e2 2 60 - 2.35 70.09 2388088
greedy 56e2 2 60 - 2.06 77.38 3460488
dry 32e6 2 163 - 0.37 1.08 655176
aoDLAV 32e6 2 163 - 2.76 174.67 4768324
aoULAV 32e6 2 163 - 3.32 190.07 4768328
aoD2AG 32e6 2 163 - 6.03 269.08 7009728
aoD2SG 32e6 2 163 - 6.57 314.63 7262716
dry 1e4 10 137 - 0.02 0.12 27692
aoDLAV 1e4 10 137 - 0.04 0.67 32764
aoULAV 1e4 10 137 - 0.03 0.68 32776
aoD2AG 1e4 10 137 - 0.02 0.71 32744
aoD2SG 1e4 10 137 - 0.04 0.77 34176
moore 1e4 10 137 - 1.32 1013.41 2963856
nbpm 1e4 10 137 - 7.36 696.22 7764384
greedy 1e4 10 137 - 6.47 278.56 10961108
dry 75e2 2 231 - 0.03 0.13 26328
aoDLAV 75e2 2 231 - 0.04 0.15 31376
aoULAV 75e2 2 231 - 0.03 0.16 31392
aoD2AG 75e2 2 231 - 0.02 0.18 31380
aoD2SG 75e2 2 231 - 0.04 0.19 31380
moore 75e2 2 231 - 1.24 486.59 1688796
nbpm 75e2 2 231 - 4.25 165.15 4242132
greedy 75e2 2 231 - 3.93 148.48 6183092
dry 4e7 2 191 - 0.51 1.34 811428
aoDLAV 4e7 2 191 - 3.35 215.30 5955816
aoULAV 4e7 2 191 - 4.74 256.71 5955820
aoD2AG 4e7 2 191 - 7.90 350.54 8753692
aoD2SG 4e7 2 191 - 8.22 417.87 9073892
dry 2e7 2 78 - 0.25 0.77 420796
aoDLAV 2e7 2 78 - 1.76 138.22 2987068
aoULAV 2e7 2 78 - 2.19 111.25 2987068
aoD2AG 2e7 2 78 - 3.51 159.35 4387104
aoD2SG 2e7 2 78 - 4.22 185.05 4544208
dry 50e2 2 112 - 0.03 0.12 26204
aoDLAV 50e2 2 112 - 0.03 0.14 30852
aoULAV 50e2 2 112 - 0.04 0.14 30860
aoD2AG 50e2 2 112 - 0.03 0.16 31792
aoD2SG 50e2 2 112 - 0.02 0.18 31896
moore 50e2 2 112 - 0.46 157.23 764620
nbpm 50e2 2 112 - 1.97 85.50 2011916
greedy 50e2 2 112 - 1.65 67.02 2764784
dry 7e7 2 188 - 0.79 2.21 1397356
aoDLAV 7e7 2 188 - 5.90 432.64 10408940
aoULAV 7e7 2 188 - 7.94 454.68 10408940
aoD2AG 7e7 2 188 - 14.30 640.64 15302536
aoD2SG 7e7 2 188 - 14.93 744.58 15861564
dry 6e7 2 94 - 0.68 1.89 1202044
aoDLAV 6e7 2 94 - 5.12 359.86 8924564
aoULAV 6e7 2 94 - 6.55 396.83 8924560
aoD2AG 6e7 2 94 - 11.94 565.70 13120504
aoD2SG 6e7 2 94 - 12.31 638.88 13600680
dry 6e7 2 12 - 0.66 1.94 1202044
aoDLAV 6e7 2 12 - 5.05 357.65 8924560
aoULAV 6e7 2 12 - 6.65 380.90 8924560
aoD2AG 6e7 2 12 - 11.98 568.89 13123156
aoD2SG 6e7 2 12 - 13.16 660.08 13600808
dry 75e2 2 138 - 0.03 0.14 26328
aoDLAV 75e2 2 138 - 0.03 0.19 31376
aoULAV 75e2 2 138 - 0.04 0.18 31388
aoD2AG 75e2 2 138 - 0.04 0.19 31380
aoD2SG 75e2 2 138 - 0.04 0.19 31380
moore 75e2 2 138 - 0.80 410.97 1688784
nbpm 75e2 2 138 - 4.09 233.39 4242124
greedy 75e2 2 138 - 3.87 160.72 6183092
dry 4e7 2 35 - 0.68 1.33 811424
aoDLAV 4e7 2 35 - 4.27 228.16 5955860
aoULAV 4e7 2 35 - 3.64 243.08 5955816
aoD2AG 4e7 2 35 - 8.47 347.40 8753352
aoD2SG 4e7 2 35 - 8.55 402.11 9072392
dry 5e7 2 129 - 0.56 1.60 1006736
aoDLAV 5e7 2 129 - 3.96 297.78 7440192
aoULAV 5e7 2 129 - 5.49 309.46 7440196
aoD2AG 5e7 2 129 - 9.95 443.48 10936612
aoD2SG 5e7 2 129 - 10.70 518.50 11335248
