dry 32e4 2 30 - 0.02 0.16 36424
aoDLAV 32e4 2 30 - 0.05 1.09 70828
aoULAV 32e4 2 30 - 0.05 1.01 70840
aoD2AG 32e4 2 30 - 0.09 1.24 88744
aoD2SG 32e4 2 30 - 0.06 1.41 91232
dry 1e3 10 238 - 0.02 0.10 26136
aoDLAV 1e3 10 238 - 0.02 0.14 30652
aoULAV 1e3 10 238 - 0.02 0.14 30664
aoD2AG 1e3 10 238 - 0.02 0.13 31060
aoD2SG 1e3 10 238 - 0.02 0.14 31076
moore 1e3 10 238 - 0.05 3.02 59872
nbpm 1e3 10 238 - 0.10 3.81 136264
greedy 1e3 10 238 - 0.08 0.85 139616
dry 1e6 10 200 - 0.06 0.31 112236
aoDLAV 1e6 10 200 - 0.33 512.73 369888
aoULAV 1e6 10 200 - 0.30 359.40 369892
aoD2AG 1e6 10 200 - 0.48 413.65 448256
aoD2SG 1e6 10 200 - 0.53 549.00 457924
dry 5e4 2 70 - 0.02 0.12 28000
aoDLAV 5e4 2 70 - 0.03 0.26 33008
aoULAV 5e4 2 70 - 0.03 0.27 33312
aoD2AG 5e4 2 70 - 0.04 0.31 36412
aoD2SG 5e4 2 70 - 0.03 0.34 36424
dry 56e4 2 47 - 0.04 0.18 41104
aoDLAV 56e4 2 47 - 0.09 1.94 107988
aoULAV 56e4 2 47 - 0.07 2.07 107984
aoD2AG 56e4 2 47 - 0.12 2.89 140376
aoD2SG 56e4 2 47 - 0.11 3.27 144200
dry 1e3 5 120 - 0.02 0.12 26056
aoDLAV 1e3 5 120 - 0.03 0.14 30428
aoULAV 1e3 5 120 - 0.03 0.15 30436
aoD2AG 1e3 5 120 - 0.02 0.16 30752
aoD2SG 1e3 5 120 - 0.03 0.15 30768
moore 1e3 5 120 - 0.05 6.49 59804
nbpm 1e3 5 120 - 0.11 4.59 129248
greedy 1e3 5 120 - 0.08 1.05 139392
dry 1e2 10 214 - 0.02 0.11 26004
aoDLAV 1e2 10 214 - 0.03 0.14 30260
aoULAV 1e2 10 214 - 0.04 0.13 30276
aoD2AG 1e2 10 214 - 0.03 0.14 30440
aoD2SG 1e2 10 214 - 0.03 0.14 30448
moore 1e2 10 214 - 0.03 0.20 30496
nbpm 1e2 10 214 - 0.08 2.15 53116
greedy 1e2 10 214 - 0.03 0.15 30976
dry 1e2 2 101 - 0.03 0.11 27956
aoDLAV 1e2 2 101 - 0.02 0.15 30168
aoULAV 1e2 2 101 - 0.03 0.14 30180
aoD2AG 1e2 2 101 - 0.02 0.15 30328
aoD2SG 1e2 2 101 - 0.04 0.13 30344
moore 1e2 2 101 - 0.03 0.19 30480
nbpm 1e2 2 101 - 0.07 2.15 53004
greedy 1e2 2 101 - 0.02 0.15 30880
dry 1e5 2 45 - 0.02 0.13 31464
aoDLAV 1e5 2 45 - 0.05 0.43 34800
aoULAV 1e5 2 45 - 0.04 0.43 35324
aoD2AG 1e5 2 45 - 0.04 0.55 42604
aoD2SG 1e5 2 45 - 0.05 0.64 43800
dry 250e2 2 162 - 0.03 0.11 27024
aoDLAV 250e2 2 162 - 0.03 0.20 31112
aoULAV 250e2 2 162 - 0.04 0.19 31216
aoD2AG 250e2 2 162 - 0.02 0.23 33860
aoD2SG 250e2 2 162 - 0.03 0.24 33960
dry 32e3 2 115 - 0.02 0.12 27300
aoDLAV 32e3 2 115 - 0.03 0.21 31440
aoULAV 32e3 2 115 - 0.03 0.21 32148
aoD2AG 32e3 2 115 - 0.03 0.24 35024
aoD2SG 32e3 2 115 - 0.03 0.25 34788
dry 1e6 2 99 - 0.05 0.19 49704
aoDLAV 1e6 2 99 - 0.10 3.82 178456
aoULAV 1e6 2 99 - 0.12 4.01 178460
aoD2AG 1e6 2 99 - 0.16 5.78 234504
aoD2SG 1e6 2 99 - 0.18 6.04 241728
dry 325e2 2 16 - 0.03 0.11 29228
aoDLAV 325e2 2 16 - 0.03 0.22 31372
aoULAV 325e2 2 16 - 0.03 0.21 32088
aoD2AG 325e2 2 16 - 0.04 0.24 35004
aoD2SG 325e2 2 16 - 0.03 0.26 34764
dry 5e4 5 106 - 0.03 0.13 30460
aoDLAV 5e4 5 106 - 0.03 0.71 34704
aoULAV 5e4 5 106 - 0.04 0.68 34704
aoD2AG 5e4 5 106 - 0.03 0.74 37728
aoD2SG 5e4 5 106 - 0.04 0.81 37940
dry 1e5 10 49 - 0.03 0.17 38396
aoDLAV 1e5 10 49 - 0.05 20.74 53536
aoULAV 1e5 10 49 - 0.05 20.68 55312
aoD2AG 1e5 10 49 - 0.05 20.41 62688
aoD2SG 1e5 10 49 - 0.06 23.51 66836
dry 1e5 5 143 - 0.04 0.13 34480
aoDLAV 1e5 5 143 - 0.04 1.60 41816
aoULAV 1e5 5 143 - 0.04 1.63 43572
aoD2AG 1e5 5 143 - 0.05 1.75 53564
aoD2SG 1e5 5 143 - 0.04 1.91 53200
dry 1e2 5 110 - 0.02 0.12 25996
aoDLAV 1e2 5 110 - 0.03 0.14 30212
aoULAV 1e2 5 110 - 0.03 0.14 30224
aoD2AG 1e2 5 110 - 0.03 0.14 30384
aoD2SG 1e2 5 110 - 0.01 0.15 30388
moore 1e2 5 110 - 0.03 0.26 30496
nbpm 1e2 5 110 - 0.05 2.14 53016
greedy 1e2 5 110 - 0.03 0.14 30924
dry 18e4 2 67 - 0.03 0.13 33408
aoDLAV 18e4 2 67 - 0.04 0.74 47864
aoULAV 18e4 2 67 - 0.05 0.78 47864
aoD2AG 18e4 2 67 - 0.05 1.01 58640
aoD2SG 18e4 2 67 - 0.04 1.11 59808
dry 1e5 2 38 - 0.03 0.13 30540
aoDLAV 1e5 2 38 - 0.03 0.43 34800
aoULAV 1e5 2 38 - 0.03 0.45 35320
aoD2AG 1e5 2 38 - 0.04 0.57 42700
aoD2SG 1e5 2 38 - 0.04 0.65 43800
dry 250e2 2 84 - 0.02 0.12 27020
aoDLAV 250e2 2 84 - 0.03 0.20 31108
aoULAV 250e2 2 84 - 0.02 0.20 31212
aoD2AG 250e2 2 84 - 0.02 0.22 33860
aoD2SG 250e2 2 84 - 0.03 0.23 33964
dry 1e3 10 196 - 0.02 0.12 26136
aoDLAV 1e3 10 196 - 0.03 0.15 30652
aoULAV 1e3 10 196 - 0.02 0.16 30668
aoD2AG 1e3 10 196 - 0.01 0.18 31060
aoD2SG 1e3 10 196 - 0.03 0.16 31088
moore 1e3 10 196 - 0.05 4.33 59844
nbpm 1e3 10 196 - 0.12 4.98 136260
greedy 1e3 10 196 - 0.09 1.01 139620
dry 350e2 2 181 - 0.02 0.12 29348
aoDLAV 350e2 2 181 - 0.02 0.23 31480
aoULAV 350e2 2 181 - 0.03 0.22 32256
aoD2AG 350e2 2 181 - 0.02 0.26 34852
aoD2SG 350e2 2 181 - 0.04 0.27 35136
dry 1e6 10 47 - 0.07 0.39 112232
aoDLAV 1e6 10 47 - 0.21 368.15 369884
aoULAV 1e6 10 47 - 0.30 381.46 369888
aoD2AG 1e6 10 47 - 0.41 385.10 447664
aoD2SG 1e6 10 47 - 0.42 442.41 459468
dry 225e2 2 197 - 0.02 0.12 26920
aoDLAV 225e2 2 197 - 0.03 0.19 30980
aoULAV 225e2 2 197 - 0.03 0.19 30996
aoD2AG 225e2 2 197 - 0.03 0.21 33372
aoD2SG 225e2 2 197 - 0.03 0.22 33468
dry 32e3 2 5 - 0.01 0.12 27296
aoDLAV 32e3 2 5 - 0.03 0.22 31436
aoULAV 32e3 2 5 - 0.03 0.21 32148
aoD2AG 32e3 2 5 - 0.03 0.27 35024
aoD2SG 32e3 2 5 - 0.03 0.28 34788
dry 18e1 2 176 - 0.02 0.12 26004
aoDLAV 18e1 2 176 - 0.02 0.15 30184
aoULAV 18e1 2 176 - 0.02 0.15 30196
aoD2AG 18e1 2 176 - 0.03 0.14 30356
aoD2SG 18e1 2 176 - 0.02 0.15 30364
moore 18e1 2 176 - 0.02 0.23 30500
nbpm 18e1 2 176 - 0.08 2.15 54456
greedy 18e1 2 176 - 0.03 0.16 33400
dry 350e2 2 129 - 0.02 0.12 27416
aoDLAV 350e2 2 129 - 0.04 0.22 31480
aoULAV 350e2 2 129 - 0.04 0.22 32260
aoD2AG 350e2 2 129 - 0.03 0.25 34848
aoD2SG 350e2 2 129 - 0.03 0.27 35128
dry 325e2 2 237 - 0.02 0.12 27316
aoDLAV 325e2 2 237 - 0.03 0.21 31372
aoULAV 325e2 2 237 - 0.03 0.22 32084
aoD2AG 325e2 2 237 - 0.04 0.24 35000
aoD2SG 325e2 2 237 - 0.04 0.25 34756
dry 300e2 2 136 - 0.02 0.12 27220
aoDLAV 300e2 2 136 - 0.04 0.20 31296
aoULAV 300e2 2 136 - 0.03 0.21 31892
aoD2AG 300e2 2 136 - 0.03 0.24 35056
aoD2SG 300e2 2 136 - 0.03 0.25 34716
dry 32e4 2 247 - 0.03 0.16 36424
aoDLAV 32e4 2 247 - 0.06 1.20 70828
aoULAV 32e4 2 247 - 0.05 1.27 70840
aoD2AG 32e4 2 247 - 0.07 1.70 88196
aoD2SG 32e4 2 247 - 0.06 1.91 90824
dry 56e3 2 108 - 0.03 0.11 30088
aoDLAV 56e3 2 108 - 0.02 0.29 33476
aoULAV 56e3 2 108 - 0.04 0.27 34700
aoD2AG 56e3 2 108 - 0.04 0.34 37284
aoD2SG 56e3 2 108 - 0.03 0.38 37300
dry 1e6 10 118 - 0.08 0.39 112232
aoDLAV 1e6 10 118 - 0.21 353.37 369884
aoULAV 1e6 10 118 - 0.32 355.76 369888
aoD2AG 1e6 10 118 - 0.42 368.74 448628
aoD2SG 1e6 10 118 - 0.40 448.55 456588
dry 1e3 5 219 - 0.02 0.12 26056
aoDLAV 1e3 5 219 - 0.03 0.14 30424
aoULAV 1e3 5 219 - 0.03 0.14 30436
aoD2AG 1e3 5 219 - 0.03 0.14 30744
aoD2SG 1e3 5 219 - 0.02 0.15 30764
moore 1e3 5 219 - 0.07 6.74 59804
nbpm 1e3 5 219 - 0.12 4.48 129248
greedy 1e3 5 219 - 0.08 1.04 139388
dry 1e5 2 161 - 0.03 0.13 31556
aoDLAV 1e5 2 161 - 0.03 0.45 34800
aoULAV 1e5 2 161 - 0.04 0.45 35320
aoD2AG 1e5 2 161 - 0.03 0.58 42812
aoD2SG 1e5 2 161 - 0.04 0.65 43800
dry 350e2 2 139 - 0.04 0.10 29424
aoDLAV 350e2 2 139 - 0.03 0.23 31484
aoULAV 350e2 2 139 - 0.03 0.23 32264
aoD2AG 350e2 2 139 - 0.03 0.27 34844
aoD2SG 350e2 2 139 - 0.03 0.29 35128
dry 1e3 10 43 - 0.02 0.12 26136
aoDLAV 1e3 10 43 - 0.03 0.16 30652
aoULAV 1e3 10 43 - 0.03 0.16 30664
aoD2AG 1e3 10 43 - 0.03 0.16 31072
aoD2SG 1e3 10 43 - 0.02 0.17 31096
moore 1e3 10 43 - 0.04 5.35 59840
nbpm 1e3 10 43 - 0.12 4.84 136144
greedy 1e3 10 43 - 0.10 1.05 139616
dry 1e5 5 183 - 0.03 0.13 34480
aoDLAV 1e5 5 183 - 0.04 1.65 41820
aoULAV 1e5 5 183 - 0.03 1.63 43576
aoD2AG 1e5 5 183 - 0.05 1.75 53564
aoD2SG 1e5 5 183 - 0.04 1.97 53196
dry 1e5 2 9 - 0.02 0.13 31808
aoDLAV 1e5 2 9 - 0.02 0.45 34800
aoULAV 1e5 2 9 - 0.03 0.45 35324
aoD2AG 1e5 2 9 - 0.04 0.57 42604
aoD2SG 1e5 2 9 - 0.04 0.64 43808
dry 5e4 2 145 - 0.02 0.12 29772
aoDLAV 5e4 2 145 - 0.03 0.28 33008
aoULAV 5e4 2 145 - 0.04 0.27 33312
aoD2AG 5e4 2 145 - 0.03 0.34 36408
aoD2SG 5e4 2 145 - 0.03 0.36 36424
dry 1e5 2 101 - 0.03 0.14 31720
aoDLAV 1e5 2 101 - 0.04 0.44 34800
aoULAV 1e5 2 101 - 0.03 0.44 35320
aoD2AG 1e5 2 101 - 0.04 0.59 42600
aoD2SG 1e5 2 101 - 0.04 0.64 43800
dry 1e6 10 127 - 0.07 0.41 112232
aoDLAV 1e6 10 127 - 0.19 413.71 369888
aoULAV 1e6 10 127 - 0.30 338.30 369884
aoD2AG 1e6 10 127 - 0.41 362.77 447824
aoD2SG 1e6 10 127 - 0.42 435.30 456480
dry 5e4 10 188 - 0.03 0.13 33892
aoDLAV 5e4 10 188 - 0.05 6.99 40200
aoULAV 5e4 10 188 - 0.04 6.92 40200
aoD2AG 5e4 10 188 - 0.05 8.12 44984
aoD2SG 5e4 10 188 - 0.11 10.86 44996
dry 32e1 2 241 - 0.02 0.12 26004
aoDLAV 32e1 2 241 - 0.03 0.15 30196
aoULAV 32e1 2 241 - 0.03 0.15 30236
aoD2AG 32e1 2 241 - 0.03 0.14 30376
aoD2SG 32e1 2 241 - 0.03 0.15 30384
moore 32e1 2 241 - 0.03 0.78 33684
nbpm 32e1 2 241 - 0.09 2.64 58308
greedy 32e1 2 241 - 0.02 0.21 40972
dry 375e2 2 176 - 0.02 0.12 27520
aoDLAV 375e2 2 176 - 0.02 0.23 31788
aoULAV 375e2 2 176 - 0.02 0.23 32600
aoD2AG 375e2 2 176 - 0.03 0.26 35516
aoD2SG 375e2 2 176 - 0.03 0.27 35532
dry 375e2 2 188 - 0.02 0.12 30880
aoDLAV 375e2 2 188 - 0.02 0.23 31784
aoULAV 375e2 2 188 - 0.03 0.22 32608
aoD2AG 375e2 2 188 - 0.03 0.26 35512
aoD2SG 375e2 2 188 - 0.03 0.27 35524
dry 1e1 2 135 - 0.02 0.12 25992
aoDLAV 1e1 2 135 - 0.03 0.14 30160
aoULAV 1e1 2 135 - 0.03 0.14 30172
aoD2AG 1e1 2 135 - 0.03 0.14 30316
aoD2SG 1e1 2 135 - 0.03 0.14 30320
moore 1e1 2 135 - 0.02 0.18 30476
nbpm 1e1 2 135 - 0.08 2.08 49816
greedy 1e1 2 135 - 0.03 0.14 30124
dry 300e2 2 181 - 0.03 0.11 30728
aoDLAV 300e2 2 181 - 0.02 0.21 31296
aoULAV 300e2 2 181 - 0.02 0.21 31896
aoD2AG 300e2 2 181 - 0.03 0.23 35060
aoD2SG 300e2 2 181 - 0.03 0.24 34720
dry 5e4 2 242 - 0.02 0.12 29412
aoDLAV 5e4 2 242 - 0.04 0.25 33008
aoULAV 5e4 2 242 - 0.02 0.27 33312
aoD2AG 5e4 2 242 - 0.03 0.32 36408
aoD2SG 5e4 2 242 - 0.04 0.33 36420
dry 1e3 2 249 - 0.02 0.12 26020
aoDLAV 1e3 2 249 - 0.02 0.15 30280
aoULAV 1e3 2 249 - 0.02 0.14 30296
aoD2AG 1e3 2 249 - 0.02 0.15 30536
aoD2SG 1e3 2 249 - 0.03 0.14 30552
moore 1e3 2 249 - 0.05 3.44 59776
nbpm 1e3 2 249 - 0.12 3.98 138560
greedy 1e3 2 249 - 0.08 0.99 139248
dry 225e2 2 116 - 0.03 0.11 26920
aoDLAV 225e2 2 116 - 0.03 0.19 30980
aoULAV 225e2 2 116 - 0.03 0.19 30992
aoD2AG 225e2 2 116 - 0.03 0.21 33368
aoD2SG 225e2 2 116 - 0.03 0.22 33500
dry 400e2 2 154 - 0.03 0.11 27620
aoDLAV 400e2 2 154 - 0.03 0.23 32288
aoULAV 400e2 2 154 - 0.04 0.23 33112
aoD2AG 400e2 2 154 - 0.02 0.28 36072
aoD2SG 400e2 2 154 - 0.03 0.29 35928
dry 1e3 2 146 - 0.02 0.12 27952
aoDLAV 1e3 2 146 - 0.02 0.15 30280
aoULAV 1e3 2 146 - 0.02 0.15 30292
aoD2AG 1e3 2 146 - 0.03 0.14 30536
aoD2SG 1e3 2 146 - 0.03 0.14 30556
moore 1e3 2 146 - 0.05 10.59 59768
nbpm 1e3 2 146 - 0.12 3.94 138612
greedy 1e3 2 146 - 0.08 0.98 139244
dry 1e2 5 224 - 0.02 0.11 25996
aoDLAV 1e2 5 224 - 0.03 0.14 30216
aoULAV 1e2 5 224 - 0.03 0.14 30224
aoD2AG 1e2 5 224 - 0.02 0.15 30388
aoD2SG 1e2 5 224 - 0.03 0.14 30388
moore 1e2 5 224 - 0.03 0.20 30492
nbpm 1e2 5 224 - 0.08 2.09 53016
greedy 1e2 5 224 - 0.03 0.14 30964
dry 56e1 2 215 - 0.02 0.11 26008
aoDLAV 56e1 2 215 - 0.03 0.14 30224
aoULAV 56e1 2 215 - 0.03 0.14 30232
aoD2AG 56e1 2 215 - 0.03 0.15 30420
aoD2SG 56e1 2 215 - 0.02 0.14 30424
moore 56e1 2 215 - 0.03 0.68 39684
nbpm 56e1 2 215 - 0.10 2.88 78708
greedy 56e1 2 215 - 0.04 0.38 64108
dry 350e2 2 112 - 0.03 0.11 30828
aoDLAV 350e2 2 112 - 0.03 0.22 31484
aoULAV 350e2 2 112 - 0.03 0.22 32260
aoD2AG 350e2 2 112 - 0.03 0.25 34848
aoD2SG 350e2 2 112 - 0.03 0.27 35132
dry 1e2 2 226 - 0.02 0.11 25992
aoDLAV 1e2 2 226 - 0.02 0.14 30168
aoULAV 1e2 2 226 - 0.03 0.14 30180
aoD2AG 1e2 2 226 - 0.03 0.14 30336
aoD2SG 1e2 2 226 - 0.02 0.15 30344
moore 1e2 2 226 - 0.03 0.21 30488
nbpm 1e2 2 226 - 0.08 2.10 53012
greedy 1e2 2 226 - 0.02 0.14 30884
dry 1e2 5 132 - 0.02 0.11 25996
aoDLAV 1e2 5 132 - 0.02 0.14 30212
aoULAV 1e2 5 132 - 0.03 0.13 30224
aoD2AG 1e2 5 132 - 0.02 0.14 30388
aoD2SG 1e2 5 132 - 0.03 0.14 30392
moore 1e2 5 132 - 0.03 0.21 30492
nbpm 1e2 5 132 - 0.08 2.07 53016
greedy 1e2 5 132 - 0.03 0.14 30920
dry 5e4 5 231 - 0.02 0.13 30196
aoDLAV 5e4 5 231 - 0.03 0.66 34704
aoULAV 5e4 5 231 - 0.04 0.65 34708
aoD2AG 5e4 5 231 - 0.03 0.71 37724
aoD2SG 5e4 5 231 - 0.04 0.78 37936
dry 1e1 2 133 - 0.02 0.11 25992
aoDLAV 1e1 2 133 - 0.03 0.13 30164
aoULAV 1e1 2 133 - 0.03 0.14 30172
aoD2AG 1e1 2 133 - 0.02 0.14 30320
aoD2SG 1e1 2 133 - 0.03 0.14 30324
moore 1e1 2 133 - 0.03 0.18 30484
nbpm 1e1 2 133 - 0.08 2.07 49824
greedy 1e1 2 133 - 0.02 0.14 30124
dry 1e6 5 234 - 0.05 0.27 73152
aoDLAV 1e6 5 234 - 0.16 17.92 252688
aoULAV 1e6 5 234 - 0.18 18.10 252688
aoD2AG 1e6 5 234 - 0.24 19.91 323964
aoD2SG 1e6 5 234 - 0.20 23.35 332744
dry 5e4 10 175 - 0.03 0.13 33888
aoDLAV 5e4 10 175 - 0.04 6.82 40204
aoULAV 5e4 10 175 - 0.04 6.88 40200
aoD2AG 5e4 10 175 - 0.06 7.00 44980
aoD2SG 5e4 10 175 - 0.04 7.95 44996
dry 1e3 2 191 - 0.02 0.12 26020
aoDLAV 1e3 2 191 - 0.02 0.15 30280
aoULAV 1e3 2 191 - 0.03 0.14 30292
aoD2AG 1e3 2 191 - 0.02 0.15 30540
aoD2SG 1e3 2 191 - 0.03 0.13 30556
moore 1e3 2 191 - 0.04 5.19 59768
nbpm 1e3 2 191 - 0.12 4.46 138552
greedy 1e3 2 191 - 0.07 1.07 139244
dry 18e4 2 159 - 0.03 0.14 33104
aoDLAV 18e4 2 159 - 0.05 0.78 47860
aoULAV 18e4 2 159 - 0.05 0.79 47860
aoD2AG 18e4 2 159 - 0.05 1.05 58640
aoD2SG 18e4 2 159 - 0.05 1.18 59880
dry 32e4 2 86 - 0.03 0.17 36424
aoDLAV 32e4 2 86 - 0.05 1.31 70828
aoULAV 32e4 2 86 - 0.06 1.30 70844
aoD2AG 32e4 2 86 - 0.08 1.83 88292
aoD2SG 32e4 2 86 - 0.09 2.01 91520
dry 250e2 2 49 - 0.02 0.12 27024
aoDLAV 250e2 2 49 - 0.03 0.20 31112
aoULAV 250e2 2 49 - 0.03 0.20 31212
aoD2AG 250e2 2 49 - 0.03 0.22 33860
aoD2SG 250e2 2 49 - 0.04 0.22 33964
dry 1e5 5 47 - 0.03 0.14 34504
aoDLAV 1e5 5 47 - 0.04 1.68 41816
aoULAV 1e5 5 47 - 0.05 1.68 43572
aoD2AG 1e5 5 47 - 0.05 1.83 53652
aoD2SG 1e5 5 47 - 0.05 2.07 53204
dry 1e3 5 223 - 0.03 0.11 26060
aoDLAV 1e3 5 223 - 0.02 0.15 30424
aoULAV 1e3 5 223 - 0.03 0.15 30436
aoD2AG 1e3 5 223 - 0.03 0.14 30748
aoD2SG 1e3 5 223 - 0.02 0.15 30768
moore 1e3 5 223 - 0.05 2.75 59832
nbpm 1e3 5 223 - 0.11 4.56 129244
greedy 1e3 5 223 - 0.08 1.06 139388
dry 275e2 2 31 - 0.03 0.11 27120
aoDLAV 275e2 2 31 - 0.03 0.21 31240
aoULAV 275e2 2 31 - 0.03 0.21 31568
aoD2AG 275e2 2 31 - 0.03 0.24 34696
aoD2SG 275e2 2 31 - 0.03 0.24 34812
dry 1e6 10 193 - 0.08 0.39 112232
aoDLAV 1e6 10 193 - 0.22 390.34 369884
aoULAV 1e6 10 193 - 1.56 395.43 369888
aoD2AG 1e6 10 193 - 0.40 390.41 448144
aoD2SG 1e6 10 193 - 0.44 459.06 458592
dry 225e2 2 243 - 0.03 0.12 26920
aoDLAV 225e2 2 243 - 0.03 0.20 30984
aoULAV 225e2 2 243 - 0.02 0.21 30992
aoD2AG 225e2 2 243 - 0.03 0.21 33372
aoD2SG 225e2 2 243 - 0.03 0.22 33460
dry 56e1 2 161 - 0.03 0.11 26008
aoDLAV 56e1 2 161 - 0.02 0.14 30220
aoULAV 56e1 2 161 - 0.03 0.14 30232
aoD2AG 56e1 2 161 - 0.02 0.15 30416
aoD2SG 56e1 2 161 - 0.03 0.14 30424
moore 56e1 2 161 - 0.03 1.62 39652
nbpm 56e1 2 161 - 0.11 2.95 78704
greedy 56e1 2 161 - 0.03 0.40 64104
dry 1e2 10 232 - 0.02 0.12 26008
aoDLAV 1e2 10 232 - 0.03 0.14 30260
aoULAV 1e2 10 232 - 0.03 0.14 30272
aoD2AG 1e2 10 232 - 0.02 0.15 30432
aoD2SG 1e2 10 232 - 0.03 0.14 30444
moore 1e2 10 232 - 0.03 0.20 30496
nbpm 1e2 10 232 - 0.07 2.17 53080
greedy 1e2 10 232 - 0.02 0.15 30972
dry 1e5 5 221 - 0.03 0.13 34476
aoDLAV 1e5 5 221 - 0.04 1.62 41820
aoULAV 1e5 5 221 - 0.04 1.64 43568
aoD2AG 1e5 5 221 - 0.05 1.77 53564
aoD2SG 1e5 5 221 - 0.04 1.99 53596
dry 32e3 2 175 - 0.03 0.11 27296
aoDLAV 32e3 2 175 - 0.03 0.22 31436
aoULAV 32e3 2 175 - 0.02 0.23 32148
aoD2AG 32e3 2 175 - 0.03 0.25 35024
aoD2SG 32e3 2 175 - 0.03 0.26 34788
dry 1e6 2 167 - 0.03 0.20 49704
aoDLAV 1e6 2 167 - 0.11 3.78 178456
aoULAV 1e6 2 167 - 0.12 4.02 178460
aoD2AG 1e6 2 167 - 0.18 5.65 233504
aoD2SG 1e6 2 167 - 0.20 6.44 241204
