dry 1e7 10 32 - 0.40 1.32 850508
aoDLAV 1e7 10 32 - 1.44 4777.77 3533960
aoULAV 1e7 10 32 - 2.41 4787.68 3533952
aoD2AG 1e7 10 32 - 3.57 4800.34 4338052
aoD2SG 1e7 10 32 - 3.67 5787.52 4426608
dry 1e7 2 242 - 0.12 0.44 225484
aoDLAV 1e7 2 242 - 0.76 43.79 1502688
aoULAV 1e7 2 242 - 0.74 46.50 1502684
aoD2AG 1e7 2 242 - 1.76 65.85 2203904
aoD2SG 1e7 2 242 - 1.59 75.91 2284884
dry 56e5 2 205 - 0.08 0.31 139544
aoDLAV 56e5 2 205 - 0.47 22.13 849556
aoULAV 56e5 2 205 - 0.45 23.52 849560
aoD2AG 56e5 2 205 - 0.69 33.62 1242820
aoD2SG 56e5 2 205 - 0.76 38.41 1285920
dry 1e7 5 90 - 0.22 0.79 459872
aoDLAV 1e7 5 90 - 1.06 210.19 2323020
aoULAV 1e7 5 90 - 1.46 214.61 2323016
aoD2AG 1e7 5 90 - 2.40 235.41 3064904
aoD2SG 1e7 5 90 - 2.43 279.25 3151700
dry 1e7 2 31 - 0.11 0.44 225484
aoDLAV 1e7 2 31 - 0.69 43.99 1502688
aoULAV 1e7 2 31 - 0.84 46.93 1502684
aoD2AG 1e7 2 31 - 1.59 66.37 2205400
aoD2SG 1e7 2 31 - 1.65 76.56 2285100
dry 1e7 2 113 - 0.16 0.45 225484
aoDLAV 1e7 2 113 - 0.84 44.25 1502684
aoULAV 1e7 2 113 - 0.98 47.23 1502684
aoD2AG 1e7 2 113 - 1.59 66.33 2205636
aoD2SG 1e7 2 113 - 1.78 82.74 2285068
dry 1e7 2 3 - 0.13 0.46 225484
aoDLAV 1e7 2 3 - 0.86 51.24 1502684
aoULAV 1e7 2 3 - 0.84 46.81 1502684
aoD2AG 1e7 2 3 - 1.92 72.33 2205572
aoD2SG 1e7 2 3 - 1.75 76.65 2283100
dry 1e7 5 132 - 0.29 0.81 459868
aoDLAV 1e7 5 132 - 1.15 216.65 2323020
aoULAV 1e7 5 132 - 1.67 248.70 2323020
aoD2AG 1e7 5 132 - 2.48 238.39 3063488
aoD2SG 1e7 5 132 - 2.56 282.52 3149012
dry 18e5 2 144 - 0.04 0.21 65328
aoDLAV 18e5 2 144 - 0.16 6.19 285508
aoULAV 18e5 2 144 - 0.17 6.59 285584
aoD2AG 18e5 2 144 - 0.29 9.57 412608
aoD2SG 18e5 2 144 - 0.26 10.83 427496
dry 1e7 2 109 - 0.13 0.43 225484
aoDLAV 1e7 2 109 - 0.77 43.89 1502684
aoULAV 1e7 2 109 - 0.77 46.52 1502688
aoD2AG 1e7 2 109 - 1.53 65.67 2202776
aoD2SG 1e7 2 109 - 1.71 75.96 2284300
dry 1e7 10 75 - 0.44 1.35 850512
aoDLAV 1e7 10 75 - 1.90 6321.37 3533956
aoULAV 1e7 10 75 - 2.48 4727.70 3533952
aoD2AG 1e7 10 75 - 3.58 4881.95 4337936
aoD2SG 1e7 10 75 - 3.73 5772.53 4426244
dry 1e7 5 192 - 0.24 0.79 459920
aoDLAV 1e7 5 192 - 1.05 214.54 2323016
aoULAV 1e7 5 192 - 1.47 218.78 2323020
aoD2AG 1e7 5 192 - 2.04 240.02 3064616
aoD2SG 1e7 5 192 - 2.52 285.63 3149632
dry 1e7 2 64 - 0.13 0.43 225484
aoDLAV 1e7 2 64 - 0.77 44.38 1502684
aoULAV 1e7 2 64 - 0.74 47.28 1502684
aoD2AG 1e7 2 64 - 1.51 66.71 2203148
aoD2SG 1e7 2 64 - 1.87 77.14 2284080
dry 18e5 2 146 - 0.05 0.21 65324
aoDLAV 18e5 2 146 - 0.17 6.38 285508
aoULAV 18e5 2 146 - 0.18 6.78 285520
aoD2AG 18e5 2 146 - 0.26 9.82 412328
aoD2SG 18e5 2 146 - 0.28 11.17 426852
dry 1e7 2 176 - 0.12 0.45 225488
aoDLAV 1e7 2 176 - 0.77 44.35 1502684
aoULAV 1e7 2 176 - 0.83 46.99 1502688
aoD2AG 1e7 2 176 - 1.58 66.51 2203096
aoD2SG 1e7 2 176 - 1.83 76.96 2284332
dry 1e7 5 97 - 0.24 0.79 459868
aoDLAV 1e7 5 97 - 1.05 213.11 2323020
aoULAV 1e7 5 97 - 1.52 215.59 2323016
aoD2AG 1e7 5 97 - 2.10 237.71 3063864
aoD2SG 1e7 5 97 - 2.70 281.58 3148484
dry 32e5 2 17 - 0.06 0.26 92680
aoDLAV 32e5 2 17 - 0.29 11.92 493324
aoULAV 32e5 2 17 - 0.28 12.73 493340
aoD2AG 32e5 2 17 - 0.41 18.34 718240
aoD2SG 32e5 2 17 - 0.42 20.92 744056
dry 18e5 2 214 - 0.04 0.22 65324
aoDLAV 18e5 2 214 - 0.18 6.36 285508
aoULAV 18e5 2 214 - 0.17 6.79 285524
aoD2AG 18e5 2 214 - 0.25 9.83 412164
aoD2SG 18e5 2 214 - 0.26 11.18 427128
dry 56e5 2 123 - 0.09 0.32 139548
aoDLAV 56e5 2 123 - 0.47 22.76 849556
aoULAV 56e5 2 123 - 0.48 24.25 849556
aoD2AG 56e5 2 123 - 0.86 34.55 1242600
aoD2SG 56e5 2 123 - 0.77 39.56 1285676
dry 1e7 10 106 - 0.43 1.39 850508
aoDLAV 1e7 10 106 - 1.53 4818.25 3533956
aoULAV 1e7 10 106 - 2.37 4864.14 3533952
aoD2AG 1e7 10 106 - 3.56 4815.82 4338740
aoD2SG 1e7 10 106 - 3.60 5795.88 4426052
dry 1e7 2 95 - 0.11 0.44 225488
aoDLAV 1e7 2 95 - 0.74 45.60 1502684
aoULAV 1e7 2 95 - 0.98 47.25 1502684
aoD2AG 1e7 2 95 - 1.58 66.88 2203012
aoD2SG 1e7 2 95 - 1.62 76.59 2283408
dry 1e7 10 97 - 0.43 1.39 850512
aoDLAV 1e7 10 97 - 1.58 4813.86 3533956
aoULAV 1e7 10 97 - 2.31 4811.59 3533956
aoD2AG 1e7 10 97 - 3.66 4865.00 4337532
aoD2SG 1e7 10 97 - 3.60 5785.03 4428632
dry 1e7 2 163 - 0.11 0.44 225484
aoDLAV 1e7 2 163 - 0.79 44.76 1502684
aoULAV 1e7 2 163 - 0.78 47.19 1502684
aoD2AG 1e7 2 163 - 1.50 66.75 2203364
aoD2SG 1e7 2 163 - 1.81 76.81 2284088
dry 18e5 2 119 - 0.04 0.21 65324
aoDLAV 18e5 2 119 - 0.15 6.34 285512
aoULAV 18e5 2 119 - 0.16 6.98 285520
aoD2AG 18e5 2 119 - 0.23 9.92 411660
aoD2SG 18e5 2 119 - 0.26 11.07 427124
dry 32e5 2 4 - 0.06 0.24 92680
aoDLAV 32e5 2 4 - 0.26 11.88 493384
aoULAV 32e5 2 4 - 0.27 12.86 493340
aoD2AG 32e5 2 4 - 0.41 18.33 717308
aoD2SG 32e5 2 4 - 0.42 20.89 743948
dry 32e5 2 242 - 0.06 0.24 92676
aoDLAV 32e5 2 242 - 0.25 12.09 493324
aoULAV 32e5 2 242 - 0.25 12.84 493336
aoD2AG 32e5 2 242 - 0.40 18.39 717516
aoD2SG 32e5 2 242 - 0.41 20.84 744420
dry 1e7 5 138 - 0.22 0.79 459868
aoDLAV 1e7 5 138 - 1.09 216.65 2323016
aoULAV 1e7 5 138 - 1.57 219.62 2323016
aoD2AG 1e7 5 138 - 2.64 288.18 3063308
aoD2SG 1e7 5 138 - 2.70 291.65 3151740
dry 1e7 5 9 - 0.23 0.79 459868
aoDLAV 1e7 5 9 - 1.07 223.43 2323016
aoULAV 1e7 5 9 - 1.57 228.28 2323016
aoD2AG 1e7 5 9 - 2.32 258.67 3062728
aoD2SG 1e7 5 9 - 2.87 315.70 3152036
dry 1e7 5 119 - 0.22 0.79 459868
aoDLAV 1e7 5 119 - 1.21 262.33 2323016
aoULAV 1e7 5 119 - 1.85 292.35 2323020
aoD2AG 1e7 5 119 - 2.99 287.18 3064064
aoD2SG 1e7 5 119 - 2.97 335.53 3148152
dry 18e5 2 188 - 0.05 0.20 65324
aoDLAV 18e5 2 188 - 0.17 6.60 285508
aoULAV 18e5 2 188 - 0.17 7.04 285524
aoD2AG 18e5 2 188 - 0.28 10.14 411720
aoD2SG 18e5 2 188 - 0.29 11.49 426428
dry 1e7 10 162 - 0.51 1.38 850512
aoDLAV 1e7 10 162 - 1.96 6236.56 3533992
aoULAV 1e7 10 162 - 2.47 5700.43 3533956
aoD2AG 1e7 10 162 - 3.66 4756.54 4337896
aoD2SG 1e7 10 162 - 3.95 5640.91 4426392
dry 1e7 2 232 - 0.12 0.44 225488
aoDLAV 1e7 2 232 - 0.77 44.14 1502684
aoULAV 1e7 2 232 - 0.81 46.59 1502684
aoD2AG 1e7 2 232 - 1.57 65.84 2203168
aoD2SG 1e7 2 232 - 1.67 76.45 2284752
dry 1e7 10 164 - 0.43 1.36 850508
aoDLAV 1e7 10 164 - 1.67 6646.87 3534060
aoULAV 1e7 10 164 - 2.42 6457.72 3533960
aoD2AG 1e7 10 164 - 3.62 4757.22 4335572
aoD2SG 1e7 10 164 - 3.64 6896.72 4428264
