dry 5e4 10 53 - 0.04 0.12 33888
aoDLAV 5e4 10 53 - 0.04 6.05 40200
aoULAV 5e4 10 53 - 0.03 6.03 40200
aoD2AG 5e4 10 53 - 0.04 8.50 44984
aoD2SG 5e4 10 53 - 0.04 7.06 45000
dry 5e4 2 192 - 0.03 0.11 28000
aoDLAV 5e4 2 192 - 0.03 0.26 33012
aoULAV 5e4 2 192 - 0.02 0.27 33316
aoD2AG 5e4 2 192 - 0.03 0.32 36448
aoD2SG 5e4 2 192 - 0.03 0.35 36424
dry 5e4 10 238 - 0.03 0.13 33892
aoDLAV 5e4 10 238 - 0.04 9.96 40204
aoULAV 5e4 10 238 - 0.04 6.78 40200
aoD2AG 5e4 10 238 - 0.04 6.81 44980
aoD2SG 5e4 10 238 - 0.04 7.32 45000
dry 32e4 2 17 - 0.04 0.16 36428
aoDLAV 32e4 2 17 - 0.06 1.35 70832
aoULAV 32e4 2 17 - 0.06 1.30 70840
aoD2AG 32e4 2 17 - 0.08 1.77 89180
aoD2SG 32e4 2 17 - 0.07 1.96 90960
dry 400e2 2 191 - 0.02 0.12 30928
aoDLAV 400e2 2 191 - 0.03 0.24 32236
aoULAV 400e2 2 191 - 0.03 0.25 33116
aoD2AG 400e2 2 191 - 0.02 0.29 36068
aoD2SG 400e2 2 191 - 0.04 0.29 35928
dry 1e6 10 68 - 0.07 0.40 112232
aoDLAV 1e6 10 68 - 1.01 369.05 369888
aoULAV 1e6 10 68 - 0.29 364.84 369888
aoD2AG 1e6 10 68 - 0.42 357.74 447684
aoD2SG 1e6 10 68 - 0.43 422.27 457920
dry 32e4 2 73 - 0.03 0.17 36424
aoDLAV 32e4 2 73 - 0.07 1.35 70832
aoULAV 32e4 2 73 - 0.08 1.33 70840
aoD2AG 32e4 2 73 - 0.06 1.80 88428
aoD2SG 32e4 2 73 - 0.07 1.83 91772
dry 32e4 2 152 - 0.03 0.16 36448
aoDLAV 32e4 2 152 - 0.05 1.17 70828
aoULAV 32e4 2 152 - 0.06 1.21 70840
aoD2AG 32e4 2 152 - 0.08 1.82 88224
aoD2SG 32e4 2 152 - 0.07 1.98 91744
dry 18e1 2 131 - 0.03 0.12 26004
aoDLAV 18e1 2 131 - 0.04 0.14 30184
aoULAV 18e1 2 131 - 0.03 0.14 30208
aoD2AG 18e1 2 131 - 0.02 0.15 30360
aoD2SG 18e1 2 131 - 0.03 0.14 30356
moore 18e1 2 131 - 0.02 0.31 30500
nbpm 18e1 2 131 - 0.08 2.21 54444
greedy 18e1 2 131 - 0.03 0.16 33348
dry 18e1 2 89 - 0.02 0.12 26004
aoDLAV 18e1 2 89 - 0.03 0.14 30188
aoULAV 18e1 2 89 - 0.02 0.14 30196
aoD2AG 18e1 2 89 - 0.04 0.14 30360
aoD2SG 18e1 2 89 - 0.03 0.14 30364
moore 18e1 2 89 - 0.03 0.29 30488
nbpm 18e1 2 89 - 0.08 2.13 54440
greedy 18e1 2 89 - 0.03 0.16 33348
dry 56e3 2 97 - 0.03 0.11 28236
aoDLAV 56e3 2 97 - 0.03 0.28 33476
aoULAV 56e3 2 97 - 0.03 0.32 34700
aoD2AG 56e3 2 97 - 0.03 0.38 37288
aoD2SG 56e3 2 97 - 0.03 0.39 37300
dry 375e2 2 92 - 0.03 0.11 27516
aoDLAV 375e2 2 92 - 0.03 0.24 31784
aoULAV 375e2 2 92 - 0.03 0.24 32608
aoD2AG 375e2 2 92 - 0.03 0.28 35516
aoD2SG 375e2 2 92 - 0.04 0.27 35528
dry 56e1 2 168 - 0.02 0.12 26008
aoDLAV 56e1 2 168 - 0.03 0.14 30224
aoULAV 56e1 2 168 - 0.03 0.14 30236
aoD2AG 56e1 2 168 - 0.02 0.15 30416
aoD2SG 56e1 2 168 - 0.02 0.15 30424
moore 56e1 2 168 - 0.04 1.91 39688
nbpm 56e1 2 168 - 0.10 3.02 78712
greedy 56e1 2 168 - 0.06 0.38 64108
dry 56e3 2 102 - 0.02 0.13 31240
aoDLAV 56e3 2 102 - 0.04 0.29 33476
aoULAV 56e3 2 102 - 0.03 0.31 34696
aoD2AG 56e3 2 102 - 0.04 0.37 37284
aoD2SG 56e3 2 102 - 0.04 0.39 37300
dry 325e2 2 172 - 0.02 0.12 27316
aoDLAV 325e2 2 172 - 0.02 0.22 31376
aoULAV 325e2 2 172 - 0.03 0.23 32084
aoD2AG 325e2 2 172 - 0.03 0.25 35008
aoD2SG 325e2 2 172 - 0.04 0.27 34764
dry 5e4 10 148 - 0.03 0.14 33892
aoDLAV 5e4 10 148 - 0.05 8.11 40200
aoULAV 5e4 10 148 - 0.08 7.89 40204
aoD2AG 5e4 10 148 - 0.04 11.65 44984
aoD2SG 5e4 10 148 - 0.05 7.90 45004
dry 400e2 2 79 - 0.02 0.12 27620
aoDLAV 400e2 2 79 - 0.03 0.23 32236
aoULAV 400e2 2 79 - 0.03 0.24 33112
aoD2AG 400e2 2 79 - 0.03 0.28 36068
aoD2SG 400e2 2 79 - 0.04 0.28 35924
dry 32e4 2 208 - 0.03 0.17 36424
aoDLAV 32e4 2 208 - 0.07 1.27 70828
aoULAV 32e4 2 208 - 0.05 1.33 70844
aoD2AG 32e4 2 208 - 0.07 1.78 88328
aoD2SG 32e4 2 208 - 0.06 1.94 91208
dry 1e3 10 236 - 0.03 0.11 26140
aoDLAV 1e3 10 236 - 0.03 0.16 30656
aoULAV 1e3 10 236 - 0.03 0.16 30664
aoD2AG 1e3 10 236 - 0.03 0.16 31064
aoD2SG 1e3 10 236 - 0.04 0.15 31088
moore 1e3 10 236 - 0.04 5.12 59840
nbpm 1e3 10 236 - 0.12 4.82 136144
greedy 1e3 10 236 - 0.08 1.08 139616
dry 375e2 2 184 - 0.03 0.11 27520
aoDLAV 375e2 2 184 - 0.03 0.24 31784
aoULAV 375e2 2 184 - 0.03 0.24 32604
aoD2AG 375e2 2 184 - 0.03 0.28 35516
aoD2SG 375e2 2 184 - 0.04 0.29 35532
dry 1e6 5 55 - 0.05 0.28 73156
aoDLAV 1e6 5 55 - 0.14 20.03 252748
aoULAV 1e6 5 55 - 0.14 20.10 252688
aoD2AG 1e6 5 55 - 0.21 21.36 323804
aoD2SG 1e6 5 55 - 0.29 32.66 333620
dry 400e2 2 123 - 0.02 0.12 27616
aoDLAV 400e2 2 123 - 0.02 0.24 32236
aoULAV 400e2 2 123 - 0.03 0.24 33112
aoD2AG 400e2 2 123 - 0.03 0.28 36076
aoD2SG 400e2 2 123 - 0.03 0.29 35928
dry 1e5 5 55 - 0.03 0.13 34476
aoDLAV 1e5 5 55 - 0.04 1.64 41820
aoULAV 1e5 5 55 - 0.05 1.64 43568
aoD2AG 1e5 5 55 - 0.05 1.77 53568
aoD2SG 1e5 5 55 - 0.05 2.00 53208
dry 18e4 2 100 - 0.03 0.14 33104
aoDLAV 18e4 2 100 - 0.05 0.81 47860
aoULAV 18e4 2 100 - 0.06 0.74 47864
aoD2AG 18e4 2 100 - 0.05 1.03 59048
aoD2SG 18e4 2 100 - 0.06 1.05 60176
dry 250e2 2 61 - 0.02 0.12 28896
aoDLAV 250e2 2 61 - 0.03 0.20 31112
aoULAV 250e2 2 61 - 0.03 0.19 31216
aoD2AG 250e2 2 61 - 0.03 0.23 33860
aoD2SG 250e2 2 61 - 0.03 0.24 33964
dry 5e4 10 32 - 0.03 0.14 33888
aoDLAV 5e4 10 32 - 0.04 8.97 40204
aoULAV 5e4 10 32 - 0.04 6.90 40200
aoD2AG 5e4 10 32 - 0.05 7.45 44984
aoD2SG 5e4 10 32 - 0.05 8.39 44996
dry 5e4 2 202 - 0.02 0.12 29284
aoDLAV 5e4 2 202 - 0.03 0.25 33008
aoULAV 5e4 2 202 - 0.04 0.26 33316
aoD2AG 5e4 2 202 - 0.03 0.33 36408
aoD2SG 5e4 2 202 - 0.02 0.35 36424
dry 5e4 2 149 - 0.03 0.12 29900
aoDLAV 5e4 2 149 - 0.04 0.26 33008
aoULAV 5e4 2 149 - 0.03 0.27 33316
aoD2AG 5e4 2 149 - 0.03 0.33 36412
aoD2SG 5e4 2 149 - 0.03 0.34 36424
dry 18e1 2 220 - 0.03 0.11 26008
aoDLAV 18e1 2 220 - 0.03 0.14 30184
aoULAV 18e1 2 220 - 0.03 0.13 30200
aoD2AG 18e1 2 220 - 0.04 0.14 30360
aoD2SG 18e1 2 220 - 0.03 0.14 30368
moore 18e1 2 220 - 0.03 0.26 30492
nbpm 18e1 2 220 - 0.09 2.15 54440
greedy 18e1 2 220 - 0.03 0.16 33348
dry 1e6 10 199 - 0.07 0.41 112232
aoDLAV 1e6 10 199 - 0.19 338.06 369884
aoULAV 1e6 10 199 - 0.29 331.32 369884
aoD2AG 1e6 10 199 - 0.41 332.75 449760
aoD2SG 1e6 10 199 - 0.43 409.15 458048
dry 275e2 2 235 - 0.03 0.11 30676
aoDLAV 275e2 2 235 - 0.02 0.22 31240
aoULAV 275e2 2 235 - 0.03 0.22 31576
aoD2AG 275e2 2 235 - 0.03 0.23 34692
aoD2SG 275e2 2 235 - 0.03 0.25 34808
dry 5e4 10 13 - 0.02 0.14 33892
aoDLAV 5e4 10 13 - 0.04 11.75 40200
aoULAV 5e4 10 13 - 0.05 6.49 40204
aoD2AG 5e4 10 13 - 0.04 8.00 44984
aoD2SG 5e4 10 13 - 0.04 9.08 44996
dry 32e3 2 97 - 0.03 0.11 29336
aoDLAV 32e3 2 97 - 0.03 0.22 31436
aoULAV 32e3 2 97 - 0.03 0.23 32148
aoD2AG 32e3 2 97 - 0.03 0.25 35024
aoD2SG 32e3 2 97 - 0.03 0.27 34792
dry 32e3 2 74 - 0.02 0.13 29328
aoDLAV 32e3 2 74 - 0.04 0.21 31440
aoULAV 32e3 2 74 - 0.02 0.23 32152
aoD2AG 32e3 2 74 - 0.03 0.25 35024
aoD2SG 32e3 2 74 - 0.03 0.27 34792
dry 1e1 2 89 - 0.03 0.11 25992
aoDLAV 1e1 2 89 - 0.03 0.14 30160
aoULAV 1e1 2 89 - 0.04 0.13 30176
aoD2AG 1e1 2 89 - 0.03 0.14 30316
aoD2SG 1e1 2 89 - 0.03 0.14 30320
moore 1e1 2 89 - 0.03 0.18 30484
nbpm 1e1 2 89 - 0.07 2.20 49828
greedy 1e1 2 89 - 0.03 0.14 30124
dry 1e3 5 95 - 0.02 0.12 26056
aoDLAV 1e3 5 95 - 0.03 0.14 30428
aoULAV 1e3 5 95 - 0.03 0.15 30436
aoD2AG 1e3 5 95 - 0.03 0.15 30744
aoD2SG 1e3 5 95 - 0.04 0.15 30768
moore 1e3 5 95 - 0.04 5.09 59800
nbpm 1e3 5 95 - 0.10 4.54 129248
greedy 1e3 5 95 - 0.07 0.99 139388
dry 300e2 2 243 - 0.02 0.11 27216
aoDLAV 300e2 2 243 - 0.03 0.20 31300
aoULAV 300e2 2 243 - 0.03 0.20 31892
aoD2AG 300e2 2 243 - 0.03 0.23 35056
aoD2SG 300e2 2 243 - 0.03 0.25 34720
dry 375e2 2 100 - 0.02 0.12 27516
aoDLAV 375e2 2 100 - 0.03 0.22 31784
aoULAV 375e2 2 100 - 0.02 0.25 32608
aoD2AG 375e2 2 100 - 0.03 0.29 35516
aoD2SG 375e2 2 100 - 0.03 0.29 35528
dry 1e1 2 160 - 0.02 0.11 25992
aoDLAV 1e1 2 160 - 0.03 0.14 30160
aoULAV 1e1 2 160 - 0.02 0.15 30172
aoD2AG 1e1 2 160 - 0.03 0.14 30328
aoD2SG 1e1 2 160 - 0.02 0.15 30328
moore 1e1 2 160 - 0.03 0.18 30484
nbpm 1e1 2 160 - 0.08 2.15 49828
greedy 1e1 2 160 - 0.03 0.14 30124
dry 375e2 2 40 - 0.03 0.11 27516
aoDLAV 375e2 2 40 - 0.02 0.25 31784
aoULAV 375e2 2 40 - 0.04 0.23 32604
aoD2AG 375e2 2 40 - 0.03 0.27 35516
aoD2SG 375e2 2 40 - 0.03 0.28 35528
dry 56e1 2 202 - 0.02 0.12 26008
aoDLAV 56e1 2 202 - 0.03 0.14 30236
aoULAV 56e1 2 202 - 0.03 0.14 30232
aoD2AG 56e1 2 202 - 0.02 0.15 30420
aoD2SG 56e1 2 202 - 0.04 0.13 30428
moore 56e1 2 202 - 0.03 1.64 39664
nbpm 56e1 2 202 - 0.09 2.97 78712
greedy 56e1 2 202 - 0.03 0.41 64108
dry 1e3 2 215 - 0.03 0.11 26020
aoDLAV 1e3 2 215 - 0.02 0.15 30284
aoULAV 1e3 2 215 - 0.03 0.14 30296
aoD2AG 1e3 2 215 - 0.02 0.15 30544
aoD2SG 1e3 2 215 - 0.03 0.14 30560
moore 1e3 2 215 - 0.04 2.05 59796
nbpm 1e3 2 215 - 0.12 4.18 138552
greedy 1e3 2 215 - 0.08 1.05 139244
dry 5e4 10 87 - 0.03 0.13 33892
aoDLAV 5e4 10 87 - 0.05 8.20 40204
aoULAV 5e4 10 87 - 0.04 8.10 40204
aoD2AG 5e4 10 87 - 0.04 8.16 44984
aoD2SG 5e4 10 87 - 0.05 9.14 44996
dry 32e1 2 178 - 0.02 0.12 26000
aoDLAV 32e1 2 178 - 0.02 0.15 30196
aoULAV 32e1 2 178 - 0.03 0.15 30212
aoD2AG 32e1 2 178 - 0.03 0.15 30376
aoD2SG 32e1 2 178 - 0.03 0.15 30388
moore 32e1 2 178 - 0.03 0.28 33684
nbpm 32e1 2 178 - 0.10 2.39 58308
greedy 32e1 2 178 - 0.04 0.21 40976
dry 350e2 2 13 - 0.03 0.11 27416
aoDLAV 350e2 2 13 - 0.03 0.23 31480
aoULAV 350e2 2 13 - 0.03 0.23 32264
aoD2AG 350e2 2 13 - 0.04 0.26 34852
aoD2SG 350e2 2 13 - 0.03 0.28 35128
dry 1e2 5 74 - 0.02 0.12 27956
aoDLAV 1e2 5 74 - 0.03 0.15 30216
aoULAV 1e2 5 74 - 0.02 0.15 30228
aoD2AG 1e2 5 74 - 0.03 0.14 30384
aoD2SG 1e2 5 74 - 0.03 0.14 30392
moore 1e2 5 74 - 0.03 0.22 30492
nbpm 1e2 5 74 - 0.08 2.19 53052
greedy 1e2 5 74 - 0.03 0.15 30920
dry 1e6 5 44 - 0.06 0.27 73152
aoDLAV 1e6 5 44 - 0.15 20.05 252688
aoULAV 1e6 5 44 - 0.15 19.91 252692
aoD2AG 1e6 5 44 - 0.22 21.84 324132
aoD2SG 1e6 5 44 - 0.22 25.01 331976
dry 300e2 2 234 - 0.03 0.12 30724
aoDLAV 300e2 2 234 - 0.03 0.21 31296
aoULAV 300e2 2 234 - 0.03 0.22 31892
aoD2AG 300e2 2 234 - 0.04 0.24 35056
aoD2SG 300e2 2 234 - 0.03 0.26 34712
dry 1e5 2 241 - 0.03 0.13 31608
aoDLAV 1e5 2 241 - 0.04 0.44 34800
aoULAV 1e5 2 241 - 0.03 0.45 35320
aoD2AG 1e5 2 241 - 0.04 0.57 42600
aoD2SG 1e5 2 241 - 0.02 0.67 43808
dry 5e4 2 5 - 0.03 0.11 28000
aoDLAV 5e4 2 5 - 0.03 0.28 33008
aoULAV 5e4 2 5 - 0.03 0.28 33312
aoD2AG 5e4 2 5 - 0.03 0.34 36408
aoD2SG 5e4 2 5 - 0.04 0.35 36428
dry 1e6 5 114 - 0.06 0.27 73156
aoDLAV 1e6 5 114 - 0.16 19.52 252688
aoULAV 1e6 5 114 - 0.17 19.71 252688
aoD2AG 1e6 5 114 - 0.22 21.49 322720
aoD2SG 1e6 5 114 - 0.24 25.14 333040
dry 1e3 5 26 - 0.02 0.12 26056
aoDLAV 1e3 5 26 - 0.03 0.14 30428
aoULAV 1e3 5 26 - 0.03 0.14 30440
aoD2AG 1e3 5 26 - 0.03 0.14 30752
aoD2SG 1e3 5 26 - 0.03 0.14 30768
moore 1e3 5 26 - 0.04 3.32 59896
nbpm 1e3 5 26 - 0.14 4.39 129244
greedy 1e3 5 26 - 0.09 1.03 139392
dry 56e1 2 232 - 0.02 0.12 26012
aoDLAV 56e1 2 232 - 0.03 0.14 30220
aoULAV 56e1 2 232 - 0.02 0.15 30232
aoD2AG 56e1 2 232 - 0.03 0.14 30416
aoD2SG 56e1 2 232 - 0.02 0.15 30428
moore 56e1 2 232 - 0.04 1.07 39688
nbpm 56e1 2 232 - 0.10 2.92 78712
greedy 56e1 2 232 - 0.04 0.38 64104
dry 5e4 2 161 - 0.03 0.11 28000
aoDLAV 5e4 2 161 - 0.03 0.26 33008
aoULAV 5e4 2 161 - 0.03 0.27 33316
aoD2AG 5e4 2 161 - 0.04 0.32 36408
aoD2SG 5e4 2 161 - 0.03 0.35 36420
dry 1e5 2 123 - 0.03 0.13 31448
aoDLAV 1e5 2 123 - 0.03 0.44 34800
aoULAV 1e5 2 123 - 0.03 0.44 35324
aoD2AG 1e5 2 123 - 0.04 0.56 42600
aoD2SG 1e5 2 123 - 0.04 0.63 43824
dry 1e6 10 141 - 0.08 0.41 112232
aoDLAV 1e6 10 141 - 0.21 375.64 369884
aoULAV 1e6 10 141 - 0.29 531.98 369992
aoD2AG 1e6 10 141 - 0.42 567.81 448540
aoD2SG 1e6 10 141 - 0.46 571.45 456684
dry 5e4 2 37 - 0.01 0.13 28004
aoDLAV 5e4 2 37 - 0.04 0.26 33008
aoULAV 5e4 2 37 - 0.04 0.27 33316
aoD2AG 5e4 2 37 - 0.04 0.33 36412
aoD2SG 5e4 2 37 - 0.03 0.35 36424
dry 1e3 2 8 - 0.02 0.12 26020
aoDLAV 1e3 2 8 - 0.03 0.14 30280
aoULAV 1e3 2 8 - 0.04 0.13 30292
aoD2AG 1e3 2 8 - 0.03 0.15 30540
aoD2SG 1e3 2 8 - 0.03 0.14 30556
moore 1e3 2 8 - 0.05 5.21 59768
nbpm 1e3 2 8 - 0.12 4.00 138556
greedy 1e3 2 8 - 0.06 1.02 139244
dry 5e4 10 74 - 0.04 0.13 33892
aoDLAV 5e4 10 74 - 0.04 7.87 40260
aoULAV 5e4 10 74 - 0.04 7.85 40200
aoD2AG 5e4 10 74 - 0.08 7.75 44980
aoD2SG 5e4 10 74 - 0.04 8.19 44992
dry 1e6 2 110 - 0.04 0.19 49708
aoDLAV 1e6 2 110 - 0.11 3.73 178456
aoULAV 1e6 2 110 - 0.11 3.99 178456
aoD2AG 1e6 2 110 - 0.16 5.87 234356
aoD2SG 1e6 2 110 - 0.19 6.62 241420
dry 225e2 2 5 - 0.03 0.12 26920
aoDLAV 225e2 2 5 - 0.04 0.19 30980
aoULAV 225e2 2 5 - 0.03 0.20 30996
aoD2AG 225e2 2 5 - 0.04 0.21 33364
aoD2SG 225e2 2 5 - 0.03 0.22 33460
dry 32e3 2 184 - 0.02 0.13 27300
aoDLAV 32e3 2 184 - 0.03 0.22 31464
aoULAV 32e3 2 184 - 0.02 0.23 32144
aoD2AG 32e3 2 184 - 0.04 0.25 35020
aoD2SG 32e3 2 184 - 0.04 0.26 34784
dry 325e2 2 37 - 0.02 0.12 29236
aoDLAV 325e2 2 37 - 0.02 0.23 31372
aoULAV 325e2 2 37 - 0.03 0.23 32084
aoD2AG 325e2 2 37 - 0.04 0.25 35000
aoD2SG 325e2 2 37 - 0.04 0.26 34760
dry 5e4 10 86 - 0.02 0.15 33888
aoDLAV 5e4 10 86 - 0.04 8.36 40200
aoULAV 5e4 10 86 - 0.05 8.12 40200
aoD2AG 5e4 10 86 - 0.04 8.02 44988
aoD2SG 5e4 10 86 - 0.04 8.82 44992
dry 1e5 5 196 - 0.03 0.13 34480
aoDLAV 1e5 5 196 - 0.03 1.59 41816
aoULAV 1e5 5 196 - 0.04 1.59 43568
aoD2AG 1e5 5 196 - 0.05 1.75 53564
aoD2SG 1e5 5 196 - 0.05 1.97 53204
dry 32e3 2 110 - 0.02 0.12 29224
aoDLAV 32e3 2 110 - 0.02 0.22 31440
aoULAV 32e3 2 110 - 0.04 0.22 32148
aoD2AG 32e3 2 110 - 0.03 0.25 35020
aoD2SG 32e3 2 110 - 0.04 0.26 34784
dry 1e5 10 153 - 0.04 0.18 38400
aoDLAV 1e5 10 153 - 0.05 22.21 53536
aoULAV 1e5 10 153 - 0.13 22.20 55312
aoD2AG 1e5 10 153 - 0.05 21.56 62664
aoD2SG 1e5 10 153 - 0.06 37.69 66956
dry 400e2 2 177 - 0.03 0.11 29268
aoDLAV 400e2 2 177 - 0.02 0.25 32236
aoULAV 400e2 2 177 - 0.02 0.25 33112
aoD2AG 400e2 2 177 - 0.03 0.30 36072
aoD2SG 400e2 2 177 - 0.03 0.30 35924
dry 1e3 5 238 - 0.02 0.12 26056
aoDLAV 1e3 5 238 - 0.03 0.14 30424
aoULAV 1e3 5 238 - 0.02 0.15 30436
aoD2AG 1e3 5 238 - 0.02 0.15 30744
aoD2SG 1e3 5 238 - 0.04 0.13 30764
moore 1e3 5 238 - 0.05 4.29 59800
nbpm 1e3 5 238 - 0.11 4.33 129248
greedy 1e3 5 238 - 0.08 1.01 139392
dry 350e2 2 134 - 0.03 0.11 27420
aoDLAV 350e2 2 134 - 0.03 0.22 31480
aoULAV 350e2 2 134 - 0.03 0.23 32256
aoD2AG 350e2 2 134 - 0.03 0.25 34848
aoD2SG 350e2 2 134 - 0.02 0.27 35132
dry 1e3 10 83 - 0.02 0.12 26136
aoDLAV 1e3 10 83 - 0.02 0.16 30652
aoULAV 1e3 10 83 - 0.03 0.16 30664
aoD2AG 1e3 10 83 - 0.03 0.17 31064
aoD2SG 1e3 10 83 - 0.03 0.17 31080
moore 1e3 10 83 - 0.05 6.66 59844
nbpm 1e3 10 83 - 0.12 5.19 136140
greedy 1e3 10 83 - 0.07 1.02 139620
dry 32e3 2 127 - 0.03 0.12 27296
aoDLAV 32e3 2 127 - 0.03 0.23 31436
aoULAV 32e3 2 127 - 0.03 0.23 32144
aoD2AG 32e3 2 127 - 0.03 0.26 35024
aoD2SG 32e3 2 127 - 0.02 0.28 34792
dry 1e6 2 40 - 0.04 0.19 49704
aoDLAV 1e6 2 40 - 0.09 3.88 178456
aoULAV 1e6 2 40 - 0.11 4.03 178456
aoD2AG 1e6 2 40 - 0.17 5.79 234220
aoD2SG 1e6 2 40 - 0.21 6.69 242660
dry 18e4 2 205 - 0.03 0.14 33104
aoDLAV 18e4 2 205 - 0.05 0.78 47860
aoULAV 18e4 2 205 - 0.05 0.80 47860
aoD2AG 18e4 2 205 - 0.05 1.01 58644
aoD2SG 18e4 2 205 - 0.06 1.12 60448
dry 5e4 5 58 - 0.02 0.13 30220
aoDLAV 5e4 5 58 - 0.04 0.77 34704
aoULAV 5e4 5 58 - 0.03 0.78 34708
aoD2AG 5e4 5 58 - 0.04 0.83 37728
aoD2SG 5e4 5 58 - 0.04 0.89 37936
dry 1e2 10 30 - 0.03 0.11 26004
aoDLAV 1e2 10 30 - 0.02 0.15 30260
aoULAV 1e2 10 30 - 0.03 0.14 30272
aoD2AG 1e2 10 30 - 0.04 0.14 30444
aoD2SG 1e2 10 30 - 0.01 0.16 30444
moore 1e2 10 30 - 0.03 0.21 30500
nbpm 1e2 10 30 - 0.09 2.18 53076
greedy 1e2 10 30 - 0.02 0.15 30972
dry 250e2 2 163 - 0.02 0.12 27020
aoDLAV 250e2 2 163 - 0.03 0.20 31112
aoULAV 250e2 2 163 - 0.03 0.20 31216
aoD2AG 250e2 2 163 - 0.03 0.22 33864
aoD2SG 250e2 2 163 - 0.03 0.23 33964
dry 300e2 2 75 - 0.02 0.12 30724
aoDLAV 300e2 2 75 - 0.03 0.22 31296
aoULAV 300e2 2 75 - 0.03 0.22 31896
aoD2AG 300e2 2 75 - 0.03 0.25 35056
aoD2SG 300e2 2 75 - 0.02 0.26 34720
dry 1e5 2 208 - 0.03 0.13 31276
aoDLAV 1e5 2 208 - 0.04 0.45 34804
aoULAV 1e5 2 208 - 0.04 0.45 35324
aoD2AG 1e5 2 208 - 0.04 0.58 42936
aoD2SG 1e5 2 208 - 0.04 0.63 43800
dry 1e6 10 83 - 0.06 0.41 112232
aoDLAV 1e6 10 83 - 0.55 400.31 369884
aoULAV 1e6 10 83 - 0.30 319.83 369884
aoD2AG 1e6 10 83 - 0.40 381.30 447664
aoD2SG 1e6 10 83 - 0.42 333.91 457564
