dry 1e7 2 248 - 0.12 0.40 225488
aoDLAV 1e7 2 248 - 0.83 43.31 1502684
aoULAV 1e7 2 248 - 0.77 46.37 1502684
aoD2AG 1e7 2 248 - 1.54 65.74 2202664
aoD2SG 1e7 2 248 - 1.70 74.93 2283436
dry 56e5 2 207 - 0.08 0.32 139544
aoDLAV 56e5 2 207 - 0.48 22.50 849556
aoULAV 56e5 2 207 - 0.48 23.75 849560
aoD2AG 56e5 2 207 - 0.73 34.75 1241864
aoD2SG 56e5 2 207 - 0.79 39.29 1286680
dry 32e5 2 174 - 0.06 0.25 92676
aoDLAV 32e5 2 174 - 0.26 11.60 493328
aoULAV 32e5 2 174 - 0.26 12.72 493336
aoD2AG 32e5 2 174 - 0.42 18.54 718164
aoD2SG 32e5 2 174 - 0.41 20.66 742864
dry 1e7 2 47 - 0.13 0.43 225488
aoDLAV 1e7 2 47 - 0.78 44.69 1502684
aoULAV 1e7 2 47 - 0.99 47.57 1502688
aoD2AG 1e7 2 47 - 1.52 67.07 2203236
aoD2SG 1e7 2 47 - 1.65 76.69 2284132
dry 32e5 2 52 - 0.06 0.25 92676
aoDLAV 32e5 2 52 - 0.27 11.88 493328
aoULAV 32e5 2 52 - 0.26 12.72 493336
aoD2AG 32e5 2 52 - 0.42 18.28 718904
aoD2SG 32e5 2 52 - 0.39 21.02 744680
dry 1e7 5 222 - 0.24 0.80 459868
aoDLAV 1e7 5 222 - 1.10 213.16 2323016
aoULAV 1e7 5 222 - 1.48 216.74 2323016
aoD2AG 1e7 5 222 - 2.42 241.13 3064632
aoD2SG 1e7 5 222 - 2.49 285.47 3151632
dry 1e7 5 3 - 0.23 0.80 459868
aoDLAV 1e7 5 3 - 1.03 218.36 2323020
aoULAV 1e7 5 3 - 1.05 221.80 2323016
aoD2AG 1e7 5 3 - 2.42 241.09 3063552
aoD2SG 1e7 5 3 - 2.53 287.23 3149540
dry 1e7 2 202 - 0.11 0.44 225484
aoDLAV 1e7 2 202 - 0.76 44.90 1502684
aoULAV 1e7 2 202 - 0.77 47.83 1502684
aoD2AG 1e7 2 202 - 1.53 67.26 2204084
aoD2SG 1e7 2 202 - 1.70 77.51 2284380
dry 32e5 2 201 - 0.05 0.25 92676
aoDLAV 32e5 2 201 - 0.27 11.90 493324
aoULAV 32e5 2 201 - 0.25 13.03 493336
aoD2AG 32e5 2 201 - 0.41 18.43 717968
aoD2SG 32e5 2 201 - 0.45 20.86 743804
dry 1e7 5 92 - 0.23 0.80 459868
aoDLAV 1e7 5 92 - 1.08 215.26 2323016
aoULAV 1e7 5 92 - 1.52 217.11 2323016
aoD2AG 1e7 5 92 - 2.10 239.54 3065092
aoD2SG 1e7 5 92 - 2.70 286.38 3149944
dry 1e7 5 113 - 0.23 0.80 459868
aoDLAV 1e7 5 113 - 1.07 214.92 2323020
aoULAV 1e7 5 113 - 1.53 218.34 2323016
aoD2AG 1e7 5 113 - 2.45 240.47 3064628
aoD2SG 1e7 5 113 - 2.16 286.77 3151116
dry 18e5 2 142 - 0.05 0.21 65324
aoDLAV 18e5 2 142 - 0.17 6.37 285508
aoULAV 18e5 2 142 - 0.16 6.78 285520
aoD2AG 18e5 2 142 - 0.30 10.11 411944
aoD2SG 18e5 2 142 - 0.26 11.40 427592
dry 32e5 2 72 - 0.05 0.26 92676
aoDLAV 32e5 2 72 - 0.29 11.79 493328
aoULAV 32e5 2 72 - 0.28 12.76 493340
aoD2AG 32e5 2 72 - 0.41 18.22 718812
aoD2SG 32e5 2 72 - 0.44 20.76 743476
dry 56e5 2 73 - 0.08 0.31 139544
aoDLAV 56e5 2 73 - 0.47 22.70 849560
aoULAV 56e5 2 73 - 0.46 24.07 849556
aoD2AG 56e5 2 73 - 0.76 34.23 1243120
aoD2SG 56e5 2 73 - 0.81 39.33 1286524
dry 1e7 5 121 - 0.22 0.81 459868
aoDLAV 1e7 5 121 - 1.11 213.08 2323016
aoULAV 1e7 5 121 - 1.54 217.77 2323016
aoD2AG 1e7 5 121 - 2.62 238.03 3063668
aoD2SG 1e7 5 121 - 2.23 283.02 3149708
dry 32e5 2 33 - 0.05 0.25 92676
aoDLAV 32e5 2 33 - 0.27 11.82 493324
aoULAV 32e5 2 33 - 0.27 12.63 493336
aoD2AG 32e5 2 33 - 0.46 18.19 718580
aoD2SG 32e5 2 33 - 0.43 20.81 743868
dry 56e5 2 57 - 0.08 0.32 139544
aoDLAV 56e5 2 57 - 0.43 22.64 849556
aoULAV 56e5 2 57 - 0.44 24.11 849556
aoD2AG 56e5 2 57 - 0.76 34.37 1243188
aoD2SG 56e5 2 57 - 0.78 39.38 1287712
dry 1e7 2 34 - 0.12 0.45 225484
aoDLAV 1e7 2 34 - 0.76 44.31 1502684
aoULAV 1e7 2 34 - 0.81 46.72 1502688
aoD2AG 1e7 2 34 - 1.58 66.25 2205048
aoD2SG 1e7 2 34 - 1.87 76.37 2283892
dry 56e5 2 191 - 0.10 0.32 139544
aoDLAV 56e5 2 191 - 0.51 26.71 849556
aoULAV 56e5 2 191 - 0.54 24.43 849556
aoD2AG 56e5 2 191 - 0.84 38.90 1241524
aoD2SG 56e5 2 191 - 0.87 44.37 1285740
dry 1e7 5 217 - 0.31 0.80 459868
aoDLAV 1e7 5 217 - 1.36 265.10 2323060
aoULAV 1e7 5 217 - 1.91 268.26 2323016
aoD2AG 1e7 5 217 - 2.84 289.32 3063324
aoD2SG 1e7 5 217 - 2.72 280.76 3149384
dry 1e7 10 69 - 0.42 1.38 850508
aoDLAV 1e7 10 69 - 1.67 6976.63 3533956
aoULAV 1e7 10 69 - 2.62 4839.80 3533956
aoD2AG 1e7 10 69 - 3.65 4856.85 4338172
aoD2SG 1e7 10 69 - 3.81 5790.14 4429036
dry 18e5 2 6 - 0.05 0.21 65324
aoDLAV 18e5 2 6 - 0.17 6.42 285556
aoULAV 18e5 2 6 - 0.17 6.79 285520
aoD2AG 18e5 2 6 - 0.27 9.85 413036
aoD2SG 18e5 2 6 - 0.26 11.22 426568
dry 1e7 2 250 - 0.12 0.44 225484
aoDLAV 1e7 2 250 - 0.78 44.57 1502684
aoULAV 1e7 2 250 - 0.79 47.26 1502684
aoD2AG 1e7 2 250 - 1.58 66.93 2203452
aoD2SG 1e7 2 250 - 1.87 77.36 2284504
dry 56e5 2 167 - 0.09 0.31 139544
aoDLAV 56e5 2 167 - 0.47 22.88 849556
aoULAV 56e5 2 167 - 0.48 24.38 849556
aoD2AG 56e5 2 167 - 0.77 34.72 1241840
aoD2SG 56e5 2 167 - 0.78 39.84 1285772
dry 56e5 2 142 - 0.08 0.32 139544
aoDLAV 56e5 2 142 - 0.44 22.94 849560
aoULAV 56e5 2 142 - 0.47 24.42 849556
aoD2AG 56e5 2 142 - 0.86 34.73 1241336
aoD2SG 56e5 2 142 - 0.81 39.82 1285980
dry 1e7 2 227 - 0.12 0.44 225484
aoDLAV 1e7 2 227 - 0.82 44.55 1502688
aoULAV 1e7 2 227 - 0.76 47.35 1502684
aoD2AG 1e7 2 227 - 1.55 67.71 2205528
aoD2SG 1e7 2 227 - 1.67 77.13 2282880
dry 1e7 5 80 - 0.25 0.78 459868
aoDLAV 1e7 5 80 - 1.08 216.05 2323016
aoULAV 1e7 5 80 - 1.08 218.47 2323020
aoD2AG 1e7 5 80 - 2.78 273.59 3065668
aoD2SG 1e7 5 80 - 2.65 319.28 3151192
dry 1e7 2 233 - 0.12 0.44 225484
aoDLAV 1e7 2 233 - 0.77 44.40 1502688
aoULAV 1e7 2 233 - 0.75 47.19 1502688
aoD2AG 1e7 2 233 - 1.62 66.76 2204732
aoD2SG 1e7 2 233 - 1.89 77.40 2284244
dry 1e7 5 120 - 0.24 0.79 459872
aoDLAV 1e7 5 120 - 1.09 245.25 2323016
aoULAV 1e7 5 120 - 1.69 249.63 2323016
aoD2AG 1e7 5 120 - 2.63 274.86 3063612
aoD2SG 1e7 5 120 - 2.79 322.22 3149856
dry 18e5 2 199 - 0.04 0.21 65328
aoDLAV 18e5 2 199 - 0.17 6.40 285596
aoULAV 18e5 2 199 - 0.18 6.79 285520
aoD2AG 18e5 2 199 - 0.27 9.82 411708
aoD2SG 18e5 2 199 - 0.25 11.15 426140
dry 1e7 10 3 - 0.43 1.38 850512
aoDLAV 1e7 10 3 - 2.08 5786.01 3533956
aoULAV 1e7 10 3 - 2.43 4806.07 3533952
aoD2AG 1e7 10 3 - 3.57 7057.62 4336936
aoD2SG 1e7 10 3 - 3.67 5827.69 4426328
dry 1e7 5 197 - 0.24 0.79 459868
aoDLAV 1e7 5 197 - 1.04 212.91 2323016
aoULAV 1e7 5 197 - 1.50 215.26 2323016
aoD2AG 1e7 5 197 - 2.43 239.39 3064816
aoD2SG 1e7 5 197 - 2.23 316.43 3149288
dry 1e7 2 82 - 0.13 0.43 225484
aoDLAV 1e7 2 82 - 0.78 44.00 1502684
aoULAV 1e7 2 82 - 0.97 46.76 1502684
aoD2AG 1e7 2 82 - 1.58 65.99 2203200
aoD2SG 1e7 2 82 - 1.66 76.25 2284128
dry 56e5 2 190 - 0.09 0.31 139544
aoDLAV 56e5 2 190 - 0.45 22.65 849560
aoULAV 56e5 2 190 - 0.44 24.12 849560
aoD2AG 56e5 2 190 - 0.75 34.25 1241460
aoD2SG 56e5 2 190 - 0.77 39.27 1286524
dry 1e7 5 7 - 0.25 0.78 459868
aoDLAV 1e7 5 7 - 1.11 212.36 2323016
aoULAV 1e7 5 7 - 1.04 214.94 2323016
aoD2AG 1e7 5 7 - 2.47 238.01 3063936
aoD2SG 1e7 5 7 - 2.78 284.88 3151592
dry 1e7 5 46 - 0.26 0.80 459868
aoDLAV 1e7 5 46 - 1.06 216.26 2323016
aoULAV 1e7 5 46 - 1.57 217.93 2323016
aoD2AG 1e7 5 46 - 2.08 240.19 3064316
aoD2SG 1e7 5 46 - 2.62 312.93 3149916
dry 32e5 2 177 - 0.06 0.25 92676
aoDLAV 32e5 2 177 - 0.25 11.85 493324
aoULAV 32e5 2 177 - 0.27 12.62 493336
aoD2AG 32e5 2 177 - 0.40 18.14 718700
aoD2SG 32e5 2 177 - 0.44 20.75 744296
dry 1e7 2 51 - 0.13 0.44 225488
aoDLAV 1e7 2 51 - 0.79 44.04 1502684
aoULAV 1e7 2 51 - 1.04 46.80 1502684
aoD2AG 1e7 2 51 - 1.57 66.84 2205268
aoD2SG 1e7 2 51 - 1.63 76.56 2283964
dry 32e5 2 30 - 0.06 0.25 92676
aoDLAV 32e5 2 30 - 0.26 11.87 493324
aoULAV 32e5 2 30 - 0.28 12.61 493336
aoD2AG 32e5 2 30 - 0.41 18.15 718508
aoD2SG 32e5 2 30 - 0.42 20.76 744216
dry 1e7 5 185 - 0.24 0.79 459868
aoDLAV 1e7 5 185 - 1.08 237.94 2323020
aoULAV 1e7 5 185 - 1.57 216.92 2323016
aoD2AG 1e7 5 185 - 2.57 238.64 3065948
aoD2SG 1e7 5 185 - 2.66 283.61 3152132
dry 18e5 2 171 - 0.04 0.21 65324
aoDLAV 18e5 2 171 - 0.17 6.30 285508
aoULAV 18e5 2 171 - 0.16 6.71 285520
aoD2AG 18e5 2 171 - 0.25 9.70 411556
aoD2SG 18e5 2 171 - 0.26 11.03 426976
dry 1e7 2 8 - 0.12 0.44 225484
aoDLAV 1e7 2 8 - 0.80 44.04 1502684
aoULAV 1e7 2 8 - 0.78 47.35 1502684
aoD2AG 1e7 2 8 - 1.58 66.25 2205728
aoD2SG 1e7 2 8 - 1.78 76.87 2281316
dry 18e5 2 55 - 0.05 0.20 65324
aoDLAV 18e5 2 55 - 0.17 6.29 285508
aoULAV 18e5 2 55 - 0.18 6.72 285536
aoD2AG 18e5 2 55 - 0.26 9.70 412224
aoD2SG 18e5 2 55 - 0.30 11.04 427172
dry 1e7 5 57 - 0.24 0.78 459872
aoDLAV 1e7 5 57 - 1.11 243.35 2323016
aoULAV 1e7 5 57 - 1.69 251.40 2323016
aoD2AG 1e7 5 57 - 2.01 237.63 3064740
aoD2SG 1e7 5 57 - 2.59 279.50 3151952
dry 18e5 2 10 - 0.05 0.21 65324
aoDLAV 18e5 2 10 - 0.18 6.32 285512
aoULAV 18e5 2 10 - 0.18 6.71 285520
aoD2AG 18e5 2 10 - 0.25 9.69 413316
aoD2SG 18e5 2 10 - 0.27 11.05 426260
dry 56e5 2 47 - 0.08 0.31 139544
aoDLAV 56e5 2 47 - 0.46 22.64 849556
aoULAV 56e5 2 47 - 0.45 24.02 849556
aoD2AG 56e5 2 47 - 0.75 34.19 1243392
aoD2SG 56e5 2 47 - 0.91 39.17 1286600
dry 1e7 5 124 - 0.24 0.79 459872
aoDLAV 1e7 5 124 - 1.05 214.87 2323064
aoULAV 1e7 5 124 - 1.09 307.47 2323016
aoD2AG 1e7 5 124 - 2.52 241.10 3063660
aoD2SG 1e7 5 124 - 2.13 286.88 3148228
dry 1e7 2 88 - 0.12 0.44 225484
aoDLAV 1e7 2 88 - 0.73 44.47 1502684
aoULAV 1e7 2 88 - 0.75 47.17 1502684
aoD2AG 1e7 2 88 - 1.67 66.78 2204604
aoD2SG 1e7 2 88 - 1.65 77.02 2283684
dry 1e7 2 56 - 0.12 0.44 225484
aoDLAV 1e7 2 56 - 0.74 44.45 1502684
aoULAV 1e7 2 56 - 0.81 47.07 1502688
aoD2AG 1e7 2 56 - 1.51 66.73 2203056
aoD2SG 1e7 2 56 - 1.86 76.96 2283168
dry 32e5 2 6 - 0.06 0.27 92680
aoDLAV 32e5 2 6 - 0.26 11.80 493392
aoULAV 32e5 2 6 - 0.25 12.58 493336
aoD2AG 32e5 2 6 - 0.39 18.19 718716
aoD2SG 32e5 2 6 - 0.45 20.44 743672
dry 1e7 5 1 - 0.25 0.78 459868
aoDLAV 1e7 5 1 - 1.04 209.48 2323032
aoULAV 1e7 5 1 - 1.49 212.90 2323020
aoD2AG 1e7 5 1 - 2.50 235.71 3064656
aoD2SG 1e7 5 1 - 2.32 313.49 3152352
dry 1e7 5 51 - 0.24 0.80 459868
aoDLAV 1e7 5 51 - 1.15 247.15 2323020
aoULAV 1e7 5 51 - 1.60 250.38 2323016
aoD2AG 1e7 5 51 - 2.61 241.76 3063292
aoD2SG 1e7 5 51 - 2.77 293.91 3150256
dry 1e7 10 142 - 0.40 1.39 850508
aoDLAV 1e7 10 142 - 1.69 5811.95 3533956
aoULAV 1e7 10 142 - 2.43 4811.55 3533960
aoD2AG 1e7 10 142 - 3.57 4761.42 4337596
aoD2SG 1e7 10 142 - 3.50 5756.73 4426052
dry 1e7 5 2 - 0.22 0.78 459868
aoDLAV 1e7 5 2 - 1.00 212.19 2323016
aoULAV 1e7 5 2 - 1.44 215.07 2323016
aoD2AG 1e7 5 2 - 2.40 235.57 3064344
aoD2SG 1e7 5 2 - 2.46 280.95 3149812
dry 1e7 2 164 - 0.12 0.43 225484
aoDLAV 1e7 2 164 - 0.69 44.32 1502684
aoULAV 1e7 2 164 - 0.75 46.76 1502688
aoD2AG 1e7 2 164 - 1.54 66.18 2205336
aoD2SG 1e7 2 164 - 1.60 76.76 2284340
dry 18e5 2 33 - 0.04 0.22 65324
aoDLAV 18e5 2 33 - 0.15 6.23 285512
aoULAV 18e5 2 33 - 0.15 6.64 285520
aoD2AG 18e5 2 33 - 0.24 9.63 413208
aoD2SG 18e5 2 33 - 0.28 10.89 426596
dry 32e5 2 146 - 0.05 0.25 92676
aoDLAV 32e5 2 146 - 0.26 11.64 493328
aoULAV 32e5 2 146 - 0.25 12.48 493336
aoD2AG 32e5 2 146 - 0.41 17.87 718916
aoD2SG 32e5 2 146 - 0.39 20.47 742984
dry 1e7 2 207 - 0.12 0.43 225484
aoDLAV 1e7 2 207 - 0.72 42.75 1502688
aoULAV 1e7 2 207 - 0.72 45.53 1502684
aoD2AG 1e7 2 207 - 1.55 65.02 2204884
aoD2SG 1e7 2 207 - 1.60 74.56 2283596
dry 1e7 10 191 - 0.41 1.37 850508
aoDLAV 1e7 10 191 - 1.55 5622.67 3534060
aoULAV 1e7 10 191 - 2.28 4719.93 3533956
aoD2AG 1e7 10 191 - 3.66 4731.31 4336716
aoD2SG 1e7 10 191 - 3.55 5726.72 4424692
dry 1e7 10 118 - 0.42 1.36 850528
aoDLAV 1e7 10 118 - 1.51 4708.34 3533956
aoULAV 1e7 10 118 - 2.38 5854.86 3534060
aoD2AG 1e7 10 118 - 3.68 4715.64 4336616
aoD2SG 1e7 10 118 - 3.67 5726.27 4427184
dry 1e7 10 197 - 0.42 1.39 850512
aoDLAV 1e7 10 197 - 1.67 6172.70 3533952
aoULAV 1e7 10 197 - 2.24 5419.42 3533956
aoD2AG 1e7 10 197 - 3.62 5271.85 4337316
aoD2SG 1e7 10 197 - 3.43 4902.21 4427912
