dry 18e3 2 213 - 0.02 0.12 28716
aoDLAV 18e3 2 213 - 0.02 0.18 30740
aoULAV 18e3 2 213 - 0.02 0.17 30740
aoD2AG 18e3 2 213 - 0.02 0.19 31828
aoD2SG 18e3 2 213 - 0.03 0.19 31812
moore 18e3 2 213 - 2.82 5796.12 9534984
nbpm 18e3 2 213 - 23.44 2827.59 25451064
greedy 18e3 2 213 - 20.44 1209.14 35458368
dry 18e3 2 175 - 0.02 0.12 26748
aoDLAV 18e3 2 175 - 0.03 0.18 30744
aoULAV 18e3 2 175 - 0.03 0.18 30744
aoD2AG 18e3 2 175 - 0.03 0.20 31804
aoD2SG 18e3 2 175 - 0.04 0.20 31816
moore 18e3 2 175 - 2.84 5373.10 9534980
nbpm 18e3 2 175 - 24.56 2058.12 25451056
greedy 18e3 2 175 - 20.92 1072.58 35458364
dry 2e4 5 173 - 0.03 0.12 27776
aoDLAV 2e4 5 173 - 0.03 0.30 32756
aoULAV 2e4 5 173 - 0.04 0.28 32768
aoD2AG 2e4 5 173 - 0.04 0.32 33340
aoD2SG 2e4 5 173 - 0.03 0.35 32860
moore 2e4 5 173 - 3.44 6047.41 11768084
nbpm 2e4 5 173 - 28.90 4719.45 34200496
greedy 2e4 5 173 - 24.21 1254.14 43774004
dry 2e4 2 123 - 0.04 0.11 26828
aoDLAV 2e4 2 123 - 0.04 0.18 30808
aoULAV 2e4 2 123 - 0.04 0.18 30812
aoD2AG 2e4 2 123 - 0.03 0.21 32284
aoD2SG 2e4 2 123 - 0.03 0.21 32288
moore 2e4 2 123 - 3.54 8464.55 11765548
nbpm 2e4 2 123 - 28.35 2634.04 31402188
greedy 2e4 2 123 - 23.46 1217.97 43771040
dry 175e2 2 182 - 0.03 0.11 27956
aoDLAV 175e2 2 182 - 0.03 0.19 30716
aoULAV 175e2 2 182 - 0.03 0.19 30716
aoD2AG 175e2 2 182 - 0.03 0.21 31756
aoD2SG 175e2 2 182 - 0.03 0.21 31760
moore 175e2 2 182 - 2.90 4276.80 9014020
nbpm 175e2 2 182 - 21.49 1832.15 22863136
greedy 175e2 2 182 - 18.65 963.97 33516976
dry 2e4 5 93 - 0.02 0.12 27776
aoDLAV 2e4 5 93 - 0.03 0.29 32756
aoULAV 2e4 5 93 - 0.03 0.29 32768
aoD2AG 2e4 5 93 - 0.03 0.32 33344
aoD2SG 2e4 5 93 - 0.03 0.35 32860
moore 2e4 5 93 - 3.55 8352.97 11768188
nbpm 2e4 5 93 - 29.09 5238.73 34200496
greedy 2e4 5 93 - 25.02 1265.83 43774004
dry 2e4 2 203 - 0.02 0.12 26832
aoDLAV 2e4 2 203 - 0.03 0.18 30808
aoULAV 2e4 2 203 - 0.03 0.19 30808
aoD2AG 2e4 2 203 - 0.03 0.21 32288
aoD2SG 2e4 2 203 - 0.03 0.21 32292
moore 2e4 2 203 - 3.45 7279.10 11765556
nbpm 2e4 2 203 - 29.22 2641.61 31402196
greedy 2e4 2 203 - 23.38 1245.30 43771040
dry 9e7 2 48 - 0.98 2.72 1787984
aoDLAV 9e7 2 48 - 7.24 515.70 13377684
aoULAV 9e7 2 48 - 9.37 542.70 13377684
aoD2AG 9e7 2 48 - 17.77 772.18 19670572
aoD2SG 9e7 2 48 - 18.35 881.04 20388712
dry 9e7 2 128 - 1.07 2.74 1787984
aoDLAV 9e7 2 128 - 7.53 511.47 13377684
aoULAV 9e7 2 128 - 9.43 534.44 13377684
aoD2AG 9e7 2 128 - 17.50 850.78 19672264
aoD2SG 9e7 2 128 - 18.64 1162.85 20387640
dry 2e4 5 193 - 0.02 0.12 31016
aoDLAV 2e4 5 193 - 0.04 0.29 32756
aoULAV 2e4 5 193 - 0.04 0.30 32768
aoD2AG 2e4 5 193 - 0.04 0.33 33344
aoD2SG 2e4 5 193 - 0.03 0.36 32860
moore 2e4 5 193 - 3.56 7705.43 11768080
nbpm 2e4 5 193 - 30.90 5073.27 34200504
greedy 2e4 5 193 - 24.00 1291.62 43774004
dry 2e4 2 246 - 0.02 0.12 26828
aoDLAV 2e4 2 246 - 0.04 0.18 30808
aoULAV 2e4 2 246 - 0.03 0.19 30808
aoD2AG 2e4 2 246 - 0.03 0.20 32284
aoD2SG 2e4 2 246 - 0.03 0.22 32296
moore 2e4 2 246 - 3.47 7710.01 11765552
nbpm 2e4 2 246 - 30.06 2682.72 31402192
greedy 2e4 2 246 - 25.34 1280.03 43771044
dry 8e7 2 68 - 0.86 2.46 1592680
aoDLAV 8e7 2 68 - 6.59 471.33 11893324
aoULAV 8e7 2 68 - 8.08 499.49 11893324
aoD2AG 8e7 2 68 - 15.27 727.22 17486744
aoD2SG 8e7 2 68 - 16.42 855.87 18125516
dry 2e4 10 93 - 0.02 0.12 30784
aoDLAV 2e4 10 93 - 0.03 1.60 34840
aoULAV 2e4 10 93 - 0.04 1.58 34848
aoD2AG 2e4 10 93 - 0.04 1.67 36080
aoD2SG 2e4 10 93 - 0.03 1.82 36076
moore 2e4 10 93 - 3.42 7273.68 11770836
nbpm 2e4 10 93 - 29.32 5182.77 30880036
greedy 2e4 10 93 - 23.53 1272.32 43775824
dry 1e8 2 66 - 1.07 3.01 1983300
aoDLAV 1e8 2 66 - 9.29 668.47 14862072
aoULAV 1e8 2 66 - 11.47 704.23 14862072
aoD2AG 1e8 2 66 - 19.63 888.43 21854124
aoD2SG 1e8 2 66 - 20.57 1057.37 22653052
dry 2e4 5 150 - 0.02 0.12 29808
aoDLAV 2e4 5 150 - 0.03 0.31 32756
aoULAV 2e4 5 150 - 0.04 0.30 32768
aoD2AG 2e4 5 150 - 0.02 0.34 33344
aoD2SG 2e4 5 150 - 0.04 0.35 32860
moore 2e4 5 150 - 3.54 7676.08 11768080
nbpm 2e4 5 150 - 29.19 4796.48 34200496
greedy 2e4 5 150 - 23.10 1290.71 43774004
dry 175e2 2 52 - 0.03 0.11 26736
aoDLAV 175e2 2 52 - 0.03 0.19 30716
aoULAV 175e2 2 52 - 0.04 0.18 30716
aoD2AG 175e2 2 52 - 0.04 0.19 31756
aoD2SG 175e2 2 52 - 0.04 0.20 31760
moore 175e2 2 52 - 3.60 4173.66 9014024
nbpm 175e2 2 52 - 21.27 2800.60 22863136
greedy 175e2 2 52 - 19.23 1001.64 33516976
dry 2e4 5 10 - 0.03 0.11 29472
aoDLAV 2e4 5 10 - 0.03 0.28 32756
aoULAV 2e4 5 10 - 0.03 0.28 32768
aoD2AG 2e4 5 10 - 0.04 0.31 33344
aoD2SG 2e4 5 10 - 0.03 0.34 32860
moore 2e4 5 10 - 3.54 7050.70 11768084
nbpm 2e4 5 10 - 28.98 5361.71 34200504
greedy 2e4 5 10 - 24.33 1259.32 43774008
dry 8e7 2 62 - 0.91 2.42 1592676
aoDLAV 8e7 2 62 - 6.39 467.26 11893324
aoULAV 8e7 2 62 - 8.16 505.61 11893324
aoD2AG 8e7 2 62 - 15.80 720.49 17489408
aoD2SG 8e7 2 62 - 16.52 873.75 18129136
dry 2e4 5 225 - 0.03 0.12 27776
aoDLAV 2e4 5 225 - 0.03 0.30 32756
aoULAV 2e4 5 225 - 0.04 0.28 32768
aoD2AG 2e4 5 225 - 0.04 0.31 33344
aoD2SG 2e4 5 225 - 0.03 0.34 32916
moore 2e4 5 225 - 4.90 8481.29 11768080
nbpm 2e4 5 225 - 35.89 4981.54 34200608
greedy 2e4 5 225 - 24.86 1346.14 43774004
dry 175e2 2 167 - 0.03 0.12 27956
aoDLAV 175e2 2 167 - 0.03 0.18 30720
aoULAV 175e2 2 167 - 0.04 0.17 30716
aoD2AG 175e2 2 167 - 0.04 0.18 31756
aoD2SG 175e2 2 167 - 0.03 0.20 31760
moore 175e2 2 167 - 2.77 5297.47 9014028
nbpm 175e2 2 167 - 21.68 1780.40 22863144
greedy 175e2 2 167 - 18.92 1022.96 33516976
dry 8e7 2 1 - 0.85 2.51 1592680
aoDLAV 8e7 2 1 - 6.39 465.04 11893324
aoULAV 8e7 2 1 - 8.30 494.36 11893324
aoD2AG 8e7 2 1 - 14.87 708.22 17487480
aoD2SG 8e7 2 1 - 16.17 990.91 18125444
dry 9e7 2 242 - 0.99 2.73 1787984
aoDLAV 9e7 2 242 - 7.36 515.87 13377744
aoULAV 9e7 2 242 - 9.32 550.28 13377684
aoD2AG 9e7 2 242 - 16.69 779.33 19674408
aoD2SG 9e7 2 242 - 18.27 928.56 20388932
dry 2e4 2 140 - 0.02 0.12 26832
aoDLAV 2e4 2 140 - 0.04 0.19 30812
aoULAV 2e4 2 140 - 0.03 0.18 30812
aoD2AG 2e4 2 140 - 0.02 0.21 32288
aoD2SG 2e4 2 140 - 0.03 0.21 32296
moore 2e4 2 140 - 5.12 7820.68 11765544
nbpm 2e4 2 140 - 29.88 2701.67 31402188
greedy 2e4 2 140 - 24.83 1413.38 43771040
dry 1e8 2 184 - 1.12 3.02 1983296
aoDLAV 1e8 2 184 - 8.47 594.66 14862068
aoULAV 1e8 2 184 - 10.80 638.44 14862068
aoD2AG 1e8 2 184 - 19.01 879.96 21855088
aoD2SG 1e8 2 184 - 20.03 1230.73 22652720
dry 2e4 5 213 - 0.03 0.12 29584
aoDLAV 2e4 5 213 - 0.03 0.32 32756
aoULAV 2e4 5 213 - 0.04 0.33 32768
aoD2AG 2e4 5 213 - 0.04 0.35 33348
aoD2SG 2e4 5 213 - 0.04 0.36 32864
moore 2e4 5 213 - 3.78 6496.36 11768080
nbpm 2e4 5 213 - 28.93 4809.66 34200556
greedy 2e4 5 213 - 23.63 1312.19 43774004
dry 1e8 2 56 - 1.15 3.05 1983296
aoDLAV 1e8 2 56 - 8.24 617.56 14862072
aoULAV 1e8 2 56 - 10.56 753.57 14862068
aoD2AG 1e8 2 56 - 19.67 895.74 21854316
aoD2SG 1e8 2 56 - 20.61 1059.41 22649560
dry 2e4 2 86 - 0.02 0.12 26828
aoDLAV 2e4 2 86 - 0.03 0.19 30808
aoULAV 2e4 2 86 - 0.04 0.18 30808
aoD2AG 2e4 2 86 - 0.04 0.21 32284
aoD2SG 2e4 2 86 - 0.02 0.23 32292
moore 2e4 2 86 - 3.55 6653.49 11765544
nbpm 2e4 2 86 - 29.28 2660.82 31402192
greedy 2e4 2 86 - 24.31 1283.61 43771044
dry 1e8 5 177 - 2.36 6.16 4327052
aoDLAV 1e8 5 177 - 11.60 3630.27 23065208
aoULAV 1e8 5 177 - 16.13 2555.42 23065204
aoD2AG 1e8 5 177 - 27.00 3734.56 30462036
aoD2SG 1e8 5 177 - 27.10 3436.28 31312892
dry 150e2 2 50 - 0.02 0.12 26628
aoDLAV 150e2 2 50 - 0.03 0.18 30824
aoULAV 150e2 2 50 - 0.03 0.18 30824
aoD2AG 150e2 2 50 - 0.03 0.20 31608
aoD2SG 150e2 2 50 - 0.02 0.21 31612
moore 150e2 2 50 - 2.17 3578.88 6629344
nbpm 150e2 2 50 - 15.29 1152.79 16814172
greedy 150e2 2 50 - 13.48 664.82 24630028
dry 1e8 2 14 - 1.01 3.01 1983296
aoDLAV 1e8 2 14 - 7.81 608.16 14862072
aoULAV 1e8 2 14 - 10.38 652.41 14862068
aoD2AG 1e8 2 14 - 19.22 913.42 21854972
aoD2SG 1e8 2 14 - 19.47 1068.10 22654076
dry 2e4 2 103 - 0.03 0.12 26828
aoDLAV 2e4 2 103 - 0.03 0.19 30808
aoULAV 2e4 2 103 - 0.04 0.19 30812
aoD2AG 2e4 2 103 - 0.04 0.20 32288
aoD2SG 2e4 2 103 - 0.03 0.22 32288
