dry 18e5 2 185 - 0.03 0.20 65324
aoDLAV 18e5 2 185 - 0.15 6.59 285508
aoULAV 18e5 2 185 - 0.15 9.21 285520
aoD2AG 18e5 2 185 - 0.24 12.94 413400
aoD2SG 18e5 2 185 - 0.25 11.12 426876
dry 32e5 2 32 - 0.06 0.25 92676
aoDLAV 32e5 2 32 - 0.26 12.53 493324
aoULAV 32e5 2 32 - 0.27 16.61 493336
aoD2AG 32e5 2 32 - 0.42 19.03 719064
aoD2SG 32e5 2 32 - 0.40 20.65 743920
dry 18e5 2 164 - 0.04 0.21 65324
aoDLAV 18e5 2 164 - 0.17 6.67 285512
aoULAV 18e5 2 164 - 0.19 7.07 285520
aoD2AG 18e5 2 164 - 0.24 9.91 411340
aoD2SG 18e5 2 164 - 0.26 10.88 427116
dry 1e7 10 130 - 0.41 1.38 850508
aoDLAV 1e7 10 130 - 1.60 4693.97 3533952
aoULAV 1e7 10 130 - 2.31 4755.09 3534060
aoD2AG 1e7 10 130 - 3.60 4778.09 4337944
aoD2SG 1e7 10 130 - 3.73 5751.09 4424820
dry 1e7 2 70 - 0.12 0.44 225484
aoDLAV 1e7 2 70 - 0.77 44.29 1502688
aoULAV 1e7 2 70 - 0.76 46.96 1502688
aoD2AG 1e7 2 70 - 1.60 66.40 2202636
aoD2SG 1e7 2 70 - 1.83 76.78 2283920
dry 1e7 5 16 - 0.24 0.79 459868
aoDLAV 1e7 5 16 - 1.08 257.32 2323016
aoULAV 1e7 5 16 - 1.50 216.64 2323016
aoD2AG 1e7 5 16 - 2.52 238.06 3063336
aoD2SG 1e7 5 16 - 2.13 282.14 3150704
dry 32e5 2 169 - 0.06 0.26 92680
aoDLAV 32e5 2 169 - 0.24 14.36 493324
aoULAV 32e5 2 169 - 0.26 15.18 493336
aoD2AG 32e5 2 169 - 0.43 20.89 719016
aoD2SG 32e5 2 169 - 0.50 23.94 743260
dry 56e5 2 72 - 0.08 0.33 139544
aoDLAV 56e5 2 72 - 0.46 27.14 849556
aoULAV 56e5 2 72 - 0.44 29.80 849556
aoD2AG 56e5 2 72 - 0.75 33.88 1241080
aoD2SG 56e5 2 72 - 0.79 38.51 1286020
dry 18e5 2 86 - 0.05 0.21 65324
aoDLAV 18e5 2 86 - 0.17 6.19 285512
aoULAV 18e5 2 86 - 0.16 6.61 285520
aoD2AG 18e5 2 86 - 0.25 9.65 412340
aoD2SG 18e5 2 86 - 0.23 10.78 426496
dry 1e7 2 134 - 0.11 0.45 225484
aoDLAV 1e7 2 134 - 0.79 43.20 1502684
aoULAV 1e7 2 134 - 0.77 45.98 1502684
aoD2AG 1e7 2 134 - 1.54 65.83 2202608
aoD2SG 1e7 2 134 - 1.84 74.60 2281692
dry 18e5 2 155 - 0.05 0.20 65328
aoDLAV 18e5 2 155 - 0.15 6.21 285508
aoULAV 18e5 2 155 - 0.16 6.63 285520
aoD2AG 18e5 2 155 - 0.27 9.54 411828
aoD2SG 18e5 2 155 - 0.26 10.89 427296
dry 32e5 2 229 - 0.06 0.24 92676
aoDLAV 32e5 2 229 - 0.27 11.67 493328
aoULAV 32e5 2 229 - 0.26 12.46 493336
aoD2AG 32e5 2 229 - 0.38 17.91 718428
aoD2SG 32e5 2 229 - 0.41 21.01 744072
dry 1e7 10 154 - 0.43 1.39 850540
aoDLAV 1e7 10 154 - 1.57 4711.20 3533952
aoULAV 1e7 10 154 - 2.41 4859.02 3533952
aoD2AG 1e7 10 154 - 3.45 4784.90 4336740
aoD2SG 1e7 10 154 - 3.70 5646.70 4424824
dry 1e7 10 7 - 0.42 1.39 850508
aoDLAV 1e7 10 7 - 1.52 4813.35 3534072
aoULAV 1e7 10 7 - 2.27 4757.25 3533956
aoD2AG 1e7 10 7 - 3.57 4720.61 4334860
aoD2SG 1e7 10 7 - 3.62 5817.98 4425812
dry 56e5 2 129 - 0.08 0.32 139544
aoDLAV 56e5 2 129 - 0.45 22.82 849556
aoULAV 56e5 2 129 - 0.41 24.34 849556
aoD2AG 56e5 2 129 - 0.71 34.54 1242008
aoD2SG 56e5 2 129 - 0.75 39.69 1287644
dry 18e5 2 35 - 0.04 0.22 65368
aoDLAV 18e5 2 35 - 0.17 6.52 285508
aoULAV 18e5 2 35 - 0.15 7.32 285520
aoD2AG 18e5 2 35 - 0.25 10.44 412252
aoD2SG 18e5 2 35 - 0.25 11.75 427672
dry 1e7 10 163 - 0.40 1.35 850508
aoDLAV 1e7 10 163 - 1.75 6497.81 3533956
aoULAV 1e7 10 163 - 2.89 4864.73 3533960
aoD2AG 1e7 10 163 - 3.46 4848.84 4338780
aoD2SG 1e7 10 163 - 3.68 5789.32 4427020
dry 1e7 2 85 - 0.12 0.44 225484
aoDLAV 1e7 2 85 - 0.76 44.08 1502688
aoULAV 1e7 2 85 - 0.73 47.08 1502688
aoD2AG 1e7 2 85 - 1.60 66.51 2202364
aoD2SG 1e7 2 85 - 1.84 76.58 2281236
dry 32e5 2 34 - 0.05 0.26 92676
aoDLAV 32e5 2 34 - 0.28 11.88 493324
aoULAV 32e5 2 34 - 0.28 12.66 493336
aoD2AG 32e5 2 34 - 0.39 18.22 719292
aoD2SG 32e5 2 34 - 0.44 20.79 744696
dry 1e7 10 199 - 0.43 1.37 850508
aoDLAV 1e7 10 199 - 1.52 4812.94 3533956
aoULAV 1e7 10 199 - 2.43 4669.98 3533960
aoD2AG 1e7 10 199 - 3.67 4780.50 4337556
aoD2SG 1e7 10 199 - 3.53 5753.51 4427864
dry 1e7 10 35 - 0.43 1.38 850512
aoDLAV 1e7 10 35 - 1.53 5423.80 3533956
aoULAV 1e7 10 35 - 2.50 5259.86 3533956
aoD2AG 1e7 10 35 - 3.61 4843.88 4336616
aoD2SG 1e7 10 35 - 3.73 5824.70 4425724
dry 1e7 10 26 - 0.41 1.38 850508
aoDLAV 1e7 10 26 - 1.53 4906.84 3533960
aoULAV 1e7 10 26 - 2.41 4754.65 3533952
aoD2AG 1e7 10 26 - 3.53 5471.57 4337676
aoD2SG 1e7 10 26 - 3.48 7944.99 4425928
