dry 56e6 2 216 - 0.66 1.81 1123924
aoDLAV 56e6 2 216 - 4.44 344.98 8330816
aoULAV 56e6 2 216 - 6.27 382.38 8330816
aoD2AG 56e6 2 216 - 10.76 513.69 12248780
aoD2SG 56e6 2 216 - 11.52 588.84 12694080
dry 4e7 2 73 - 0.49 1.31 811424
aoDLAV 4e7 2 73 - 3.32 231.57 5955816
aoULAV 4e7 2 73 - 4.49 245.05 5955816
aoD2AG 4e7 2 73 - 7.07 340.97 8756196
aoD2SG 4e7 2 73 - 8.63 431.13 9073676
dry 4e7 2 202 - 0.41 1.36 811424
aoDLAV 4e7 2 202 - 3.49 230.02 5955816
aoULAV 4e7 2 202 - 4.55 244.16 5955816
aoD2AG 4e7 2 202 - 8.34 341.67 8756204
aoD2SG 4e7 2 202 - 8.69 418.53 9075296
dry 18e2 2 31 - 0.03 0.12 26052
aoDLAV 18e2 2 31 - 0.03 0.15 30372
aoULAV 18e2 2 31 - 0.03 0.15 30384
aoD2AG 18e2 2 31 - 0.02 0.16 30788
aoD2SG 18e2 2 31 - 0.03 0.15 30812
moore 18e2 2 31 - 0.07 14.10 125416
nbpm 18e2 2 31 - 0.20 7.70 334540
greedy 18e2 2 31 - 0.25 4.41 384352
dry 75e2 2 183 - 0.02 0.12 26328
aoDLAV 75e2 2 183 - 0.03 0.16 31376
aoULAV 75e2 2 183 - 0.03 0.16 31388
aoD2AG 75e2 2 183 - 0.03 0.18 31384
aoD2SG 75e2 2 183 - 0.03 0.19 31384
moore 75e2 2 183 - 1.01 464.44 1688784
nbpm 75e2 2 183 - 4.30 158.26 4242128
greedy 75e2 2 183 - 3.67 154.92 6183088
dry 1e4 5 230 - 0.02 0.13 26900
aoDLAV 1e4 5 230 - 0.03 0.22 31088
aoULAV 1e4 5 230 - 0.03 0.24 31096
aoD2AG 1e4 5 230 - 0.03 0.24 32108
aoD2SG 1e4 5 230 - 0.03 0.24 32108
moore 1e4 5 230 - 1.16 862.09 2961736
nbpm 1e4 5 230 - 7.29 647.01 7811452
greedy 1e4 5 230 - 6.38 302.05 10959176
dry 18e2 2 85 - 0.01 0.13 26048
aoDLAV 18e2 2 85 - 0.03 0.14 30372
aoULAV 18e2 2 85 - 0.03 0.14 30388
aoD2AG 18e2 2 85 - 0.03 0.15 30800
aoD2SG 18e2 2 85 - 0.03 0.15 30828
moore 18e2 2 85 - 0.07 10.46 125436
nbpm 18e2 2 85 - 0.17 7.29 334528
greedy 18e2 2 85 - 0.28 3.94 384352
dry 32e2 2 209 - 0.03 0.11 26112
aoDLAV 32e2 2 209 - 0.04 0.14 30544
aoULAV 32e2 2 209 - 0.03 0.15 30556
aoD2AG 32e2 2 209 - 0.03 0.15 31220
aoD2SG 32e2 2 209 - 0.02 0.15 31268
moore 32e2 2 209 - 0.26 62.59 330516
nbpm 32e2 2 209 - 0.84 21.66 854804
greedy 32e2 2 209 - 0.73 22.94 1150192
dry 75e2 2 162 - 0.03 0.12 26328
aoDLAV 75e2 2 162 - 0.03 0.16 31376
aoULAV 75e2 2 162 - 0.02 0.16 31388
aoD2AG 75e2 2 162 - 0.03 0.17 31380
aoD2SG 75e2 2 162 - 0.03 0.18 31380
moore 75e2 2 162 - 0.74 388.52 1683872
nbpm 75e2 2 162 - 4.42 154.62 4242188
greedy 75e2 2 162 - 3.73 156.63 6183088
dry 56e6 2 82 - 0.64 1.81 1123928
aoDLAV 56e6 2 82 - 4.79 335.25 8330816
aoULAV 56e6 2 82 - 6.24 357.65 8330820
aoD2AG 56e6 2 82 - 11.30 494.70 12247668
aoD2SG 56e6 2 82 - 11.84 571.59 12695996
dry 1e4 2 167 - 0.02 0.12 26432
aoDLAV 1e4 2 167 - 0.02 0.18 31868
aoULAV 1e4 2 167 - 0.03 0.17 31876
aoD2AG 1e4 2 167 - 0.03 0.18 31876
aoD2SG 1e4 2 167 - 0.04 0.18 31988
moore 1e4 2 167 - 1.18 1117.36 2960576
nbpm 1e4 2 167 - 7.43 357.67 7889420
greedy 1e4 2 167 - 6.60 276.80 10968568
dry 4e7 2 201 - 0.48 1.33 811424
aoDLAV 4e7 2 201 - 3.28 225.36 5955816
aoULAV 4e7 2 201 - 4.40 244.32 5955820
aoD2AG 4e7 2 201 - 7.11 340.76 8752736
aoD2SG 4e7 2 201 - 8.59 461.22 9076024
dry 1e4 10 170 - 0.02 0.13 27688
aoDLAV 1e4 10 170 - 0.04 0.69 32764
aoULAV 1e4 10 170 - 0.03 0.68 32776
aoD2AG 1e4 10 170 - 0.04 0.79 32748
aoD2SG 1e4 10 170 - 0.04 0.77 34180
moore 1e4 10 170 - 1.19 1052.27 2963856
nbpm 1e4 10 170 - 7.27 692.30 7764392
greedy 1e4 10 170 - 6.41 271.05 10961108
dry 1e4 10 168 - 0.02 0.13 27688
aoDLAV 1e4 10 168 - 0.04 0.66 32768
aoULAV 1e4 10 168 - 0.04 0.67 32776
aoD2AG 1e4 10 168 - 0.04 0.71 32748
aoD2SG 1e4 10 168 - 0.03 0.79 34176
moore 1e4 10 168 - 1.26 1436.71 2963856
nbpm 1e4 10 168 - 7.99 732.76 7764388
greedy 1e4 10 168 - 6.34 274.13 10961108
dry 56e6 2 37 - 0.63 1.81 1123928
aoDLAV 56e6 2 37 - 4.86 335.96 8330820
aoULAV 56e6 2 37 - 6.52 421.57 8330816
aoD2AG 56e6 2 37 - 10.92 508.60 12246628
aoD2SG 56e6 2 37 - 11.98 608.25 12694752
dry 1e4 5 46 - 0.03 0.12 26904
aoDLAV 1e4 5 46 - 0.04 0.22 31084
aoULAV 1e4 5 46 - 0.03 0.23 31096
aoD2AG 1e4 5 46 - 0.04 0.23 32108
aoD2SG 1e4 5 46 - 0.04 0.25 32108
moore 1e4 5 46 - 1.22 963.68 2961760
nbpm 1e4 5 46 - 7.49 615.74 7811452
greedy 1e4 5 46 - 6.31 303.12 10959176
dry 2e7 2 210 - 0.26 0.74 420800
aoDLAV 2e7 2 210 - 1.69 109.24 2987068
aoULAV 2e7 2 210 - 1.71 111.48 2987068
aoD2AG 2e7 2 210 - 3.85 163.30 4387652
aoD2SG 2e7 2 210 - 3.72 189.47 4547296
dry 18e6 2 105 - 0.27 0.71 381736
aoDLAV 18e6 2 105 - 1.59 103.93 2690192
aoULAV 18e6 2 105 - 1.67 107.44 2690192
aoD2AG 18e6 2 105 - 3.69 146.83 3949780
aoD2SG 18e6 2 105 - 3.52 179.07 4095064
dry 1e4 10 57 - 0.03 0.11 27688
aoDLAV 1e4 10 57 - 0.03 0.69 32764
aoULAV 1e4 10 57 - 0.03 0.69 32780
aoD2AG 1e4 10 57 - 0.03 0.71 32744
aoD2SG 1e4 10 57 - 0.02 0.82 34176
moore 1e4 10 57 - 1.14 1124.23 2963852
nbpm 1e4 10 57 - 7.56 690.15 7764384
greedy 1e4 10 57 - 6.93 325.34 10961108
dry 6e7 2 206 - 0.75 1.89 1202048
aoDLAV 6e7 2 206 - 5.00 364.33 8924564
aoULAV 6e7 2 206 - 6.65 386.77 8924560
aoD2AG 6e7 2 206 - 12.03 704.21 13121648
aoD2SG 6e7 2 206 - 12.11 639.75 13601112
dry 6e7 2 4 - 0.65 1.88 1202044
aoDLAV 6e7 2 4 - 5.27 368.42 8924560
aoULAV 6e7 2 4 - 6.97 439.32 8924564
aoD2AG 6e7 2 4 - 11.95 530.82 13121928
aoD2SG 6e7 2 4 - 12.64 641.92 13600336
dry 2e7 2 184 - 0.26 0.74 420796
aoDLAV 2e7 2 184 - 1.53 107.02 2987068
aoULAV 2e7 2 184 - 1.69 116.34 2987072
aoD2AG 2e7 2 184 - 3.68 159.71 4386388
aoD2SG 2e7 2 184 - 3.69 188.94 4546332
dry 5e7 2 136 - 0.54 1.61 1006736
aoDLAV 5e7 2 136 - 3.97 293.43 7440196
aoULAV 5e7 2 136 - 5.71 316.20 7440196
aoD2AG 5e7 2 136 - 9.76 443.83 10937240
aoD2SG 5e7 2 136 - 10.47 528.80 11335356
dry 1e4 10 215 - 0.03 0.12 29032
aoDLAV 1e4 10 215 - 0.02 0.70 32768
aoULAV 1e4 10 215 - 0.03 0.71 32780
aoD2AG 1e4 10 215 - 0.04 0.74 32744
aoD2SG 1e4 10 215 - 0.03 0.81 34176
moore 1e4 10 215 - 1.19 875.62 2963852
nbpm 1e4 10 215 - 7.64 710.21 7764392
greedy 1e4 10 215 - 6.37 279.60 10961108
dry 5e7 2 100 - 0.65 1.65 1006736
aoDLAV 5e7 2 100 - 4.24 301.91 7440196
aoULAV 5e7 2 100 - 5.50 363.19 7440192
aoD2AG 5e7 2 100 - 10.13 450.34 10939204
aoD2SG 5e7 2 100 - 10.35 519.80 11337424
dry 1e4 10 152 - 0.02 0.13 27688
aoDLAV 1e4 10 152 - 0.03 0.68 32764
aoULAV 1e4 10 152 - 0.03 0.69 32776
aoD2AG 1e4 10 152 - 0.02 0.70 32748
aoD2SG 1e4 10 152 - 0.03 0.79 34180
moore 1e4 10 152 - 1.13 805.16 2963852
nbpm 1e4 10 152 - 7.69 715.23 7764384
greedy 1e4 10 152 - 6.60 277.41 10961108
dry 7e7 2 205 - 0.82 2.19 1397356
aoDLAV 7e7 2 205 - 5.76 421.38 10408940
aoULAV 7e7 2 205 - 7.30 448.70 10408936
aoD2AG 7e7 2 205 - 13.28 646.31 15306760
aoD2SG 7e7 2 205 - 14.22 784.67 15861368
dry 6e7 2 112 - 0.65 1.90 1202044
aoDLAV 6e7 2 112 - 5.22 356.09 8924560
aoULAV 6e7 2 112 - 6.45 383.35 8924564
aoD2AG 6e7 2 112 - 11.90 555.42 13120712
aoD2SG 6e7 2 112 - 12.71 841.46 13600392
dry 1e4 2 61 - 0.02 0.13 28476
aoDLAV 1e4 2 61 - 0.03 0.17 31864
aoULAV 1e4 2 61 - 0.03 0.17 31876
aoD2AG 1e4 2 61 - 0.03 0.19 31876
aoD2SG 1e4 2 61 - 0.03 0.19 31988
moore 1e4 2 61 - 1.22 970.54 2960584
nbpm 1e4 2 61 - 7.97 367.14 7889424
greedy 1e4 2 61 - 6.68 287.32 10968568
dry 18e2 2 84 - 0.03 0.12 26048
aoDLAV 18e2 2 84 - 0.02 0.15 30372
aoULAV 18e2 2 84 - 0.02 0.15 30388
aoD2AG 18e2 2 84 - 0.03 0.14 30780
aoD2SG 18e2 2 84 - 0.02 0.16 30808
moore 18e2 2 84 - 0.07 11.72 125408
nbpm 18e2 2 84 - 0.20 7.50 334528
greedy 18e2 2 84 - 0.28 3.81 384356
dry 18e2 2 204 - 0.02 0.12 26048
aoDLAV 18e2 2 204 - 0.03 0.15 30372
aoULAV 18e2 2 204 - 0.03 0.14 30384
aoD2AG 18e2 2 204 - 0.03 0.15 30788
aoD2SG 18e2 2 204 - 0.03 0.14 30816
moore 18e2 2 204 - 0.06 10.70 125444
nbpm 18e2 2 204 - 0.19 9.18 334536
greedy 18e2 2 204 - 0.31 5.32 384352
dry 4e7 2 181 - 0.45 1.35 811428
aoDLAV 4e7 2 181 - 3.44 233.46 5955864
aoULAV 4e7 2 181 - 4.39 240.59 5955816
aoD2AG 4e7 2 181 - 7.67 341.67 8754920
aoD2SG 4e7 2 181 - 8.49 419.14 9073592
dry 6e7 2 146 - 0.68 1.92 1202044
aoDLAV 6e7 2 146 - 5.18 359.54 8924560
aoULAV 6e7 2 146 - 6.64 374.22 8924564
aoD2AG 6e7 2 146 - 11.97 528.46 13122956
aoD2SG 6e7 2 146 - 12.23 636.67 13599124
dry 32e2 2 113 - 0.02 0.12 26112
aoDLAV 32e2 2 113 - 0.03 0.15 30544
aoULAV 32e2 2 113 - 0.03 0.16 30552
aoD2AG 32e2 2 113 - 0.03 0.16 31220
aoD2SG 32e2 2 113 - 0.03 0.17 31272
moore 32e2 2 113 - 0.21 52.09 330512
nbpm 32e2 2 113 - 0.85 21.88 854752
greedy 32e2 2 113 - 0.67 19.60 1150164
dry 50e2 2 199 - 0.03 0.11 26204
aoDLAV 50e2 2 199 - 0.02 0.16 30848
aoULAV 50e2 2 199 - 0.04 0.14 30860
aoD2AG 50e2 2 199 - 0.03 0.15 31788
aoD2SG 50e2 2 199 - 0.03 0.17 31860
moore 50e2 2 199 - 0.74 218.30 764620
nbpm 50e2 2 199 - 2.04 56.54 2011920
greedy 50e2 2 199 - 1.72 74.66 2764784
dry 7e7 2 9 - 0.82 2.19 1397360
aoDLAV 7e7 2 9 - 5.70 424.85 10408936
aoULAV 7e7 2 9 - 7.87 452.69 10408936
aoD2AG 7e7 2 9 - 13.95 649.69 15304148
aoD2SG 7e7 2 9 - 14.99 752.80 15862400
dry 1e4 2 118 - 0.03 0.12 26432
aoDLAV 1e4 2 118 - 0.02 0.19 31868
aoULAV 1e4 2 118 - 0.03 0.18 31876
aoD2AG 1e4 2 118 - 0.03 0.19 31876
aoD2SG 1e4 2 118 - 0.04 0.19 31988
moore 1e4 2 118 - 1.20 877.82 2960576
nbpm 1e4 2 118 - 7.71 369.63 7889416
greedy 1e4 2 118 - 6.73 275.55 10968568
dry 1e4 10 211 - 0.03 0.12 27688
aoDLAV 1e4 10 211 - 0.03 0.69 32768
aoULAV 1e4 10 211 - 0.03 0.69 32780
aoD2AG 1e4 10 211 - 0.04 0.79 32748
aoD2SG 1e4 10 211 - 0.04 0.84 34180
moore 1e4 10 211 - 1.18 1009.04 2963856
nbpm 1e4 10 211 - 7.56 724.53 7764384
greedy 1e4 10 211 - 6.40 270.04 10961108
dry 75e2 2 22 - 0.02 0.13 26328
aoDLAV 75e2 2 22 - 0.03 0.16 31376
aoULAV 75e2 2 22 - 0.03 0.16 31388
aoD2AG 75e2 2 22 - 0.04 0.17 31380
aoD2SG 75e2 2 22 - 0.02 0.19 31380
moore 75e2 2 22 - 1.73 597.99 1688784
nbpm 75e2 2 22 - 4.12 186.88 4242124
greedy 75e2 2 22 - 3.89 154.38 6183092
dry 3e7 2 114 - 0.38 1.03 616104
aoDLAV 3e7 2 114 - 2.49 164.19 4471428
aoULAV 3e7 2 114 - 2.47 178.02 4471428
aoD2AG 3e7 2 114 - 5.72 252.37 6570184
aoD2SG 3e7 2 114 - 6.22 294.58 6811512
dry 3e7 2 230 - 0.37 1.03 616104
aoDLAV 3e7 2 230 - 2.66 176.93 4471428
aoULAV 3e7 2 230 - 2.64 185.06 4471432
aoD2AG 3e7 2 230 - 6.07 267.86 6570416
aoD2SG 3e7 2 230 - 6.14 289.84 6809560
dry 6e7 2 53 - 0.66 1.87 1202048
aoDLAV 6e7 2 53 - 4.69 354.86 8924560
aoULAV 6e7 2 53 - 6.45 410.13 8924560
aoD2AG 6e7 2 53 - 11.85 556.38 13117804
aoD2SG 6e7 2 53 - 13.01 719.21 13594428
dry 50e2 2 20 - 0.02 0.12 26208
aoDLAV 50e2 2 20 - 0.04 0.14 30848
aoULAV 50e2 2 20 - 0.03 0.14 30860
aoD2AG 50e2 2 20 - 0.02 0.15 31776
aoD2SG 50e2 2 20 - 0.02 0.17 31868
moore 50e2 2 20 - 0.30 123.58 762976
nbpm 50e2 2 20 - 1.99 55.61 2011916
greedy 50e2 2 20 - 1.54 61.19 2764780
dry 32e6 2 192 - 0.41 1.09 655176
aoDLAV 32e6 2 192 - 2.56 194.08 4768328
aoULAV 32e6 2 192 - 2.62 184.84 4768324
aoD2AG 32e6 2 192 - 6.54 268.58 7008088
aoD2SG 32e6 2 192 - 6.43 307.93 7263844
dry 18e2 2 16 - 0.02 0.12 26048
aoDLAV 18e2 2 16 - 0.03 0.15 30372
aoULAV 18e2 2 16 - 0.03 0.15 30388
aoD2AG 18e2 2 16 - 0.03 0.15 30788
aoD2SG 18e2 2 16 - 0.03 0.15 30828
moore 18e2 2 16 - 0.07 8.81 125444
nbpm 18e2 2 16 - 0.19 8.35 334632
greedy 18e2 2 16 - 0.25 4.10 384352
dry 2e7 2 42 - 0.23 0.76 420796
aoDLAV 2e7 2 42 - 1.69 111.22 2987068
aoULAV 2e7 2 42 - 1.67 112.88 2987068
aoD2AG 2e7 2 42 - 3.72 155.36 4387892
aoD2SG 2e7 2 42 - 3.66 247.79 4545900
dry 1e4 2 31 - 0.03 0.12 26432
aoDLAV 1e4 2 31 - 0.02 0.19 31864
aoULAV 1e4 2 31 - 0.03 0.17 31880
aoD2AG 1e4 2 31 - 0.03 0.18 31876
aoD2SG 1e4 2 31 - 0.04 0.17 31988
moore 1e4 2 31 - 1.21 1277.86 2960572
nbpm 1e4 2 31 - 7.71 385.66 7889420
greedy 1e4 2 31 - 6.69 274.55 10968576
dry 25e2 2 140 - 0.03 0.12 26084
aoDLAV 25e2 2 140 - 0.03 0.15 30456
aoULAV 25e2 2 140 - 0.03 0.15 30468
aoD2AG 25e2 2 140 - 0.03 0.16 30984
aoD2SG 25e2 2 140 - 0.04 0.15 31032
moore 25e2 2 140 - 0.10 18.18 213692
nbpm 25e2 2 140 - 0.58 12.26 541636
greedy 25e2 2 140 - 0.43 10.69 713668
dry 75e2 2 174 - 0.02 0.12 26328
aoDLAV 75e2 2 174 - 0.03 0.16 31376
aoULAV 75e2 2 174 - 0.03 0.16 31392
aoD2AG 75e2 2 174 - 0.04 0.17 31380
aoD2SG 75e2 2 174 - 0.03 0.18 31384
moore 75e2 2 174 - 0.96 442.21 1688784
nbpm 75e2 2 174 - 4.04 152.43 4242124
greedy 75e2 2 174 - 3.87 147.56 6183088
