dry 1e8 5 233 - 2.34 6.26 4327052
aoDLAV 1e8 5 233 - 11.41 2695.07 23065204
aoULAV 1e8 5 233 - 15.49 2694.50 23065204
aoD2AG 1e8 5 233 - 25.69 2970.14 30452628
aoD2SG 1e8 5 233 - 26.81 3501.27 31307280
dry 125e2 2 88 - 0.03 0.11 26532
aoDLAV 125e2 2 88 - 0.03 0.17 30708
aoULAV 125e2 2 88 - 0.03 0.17 30708
aoD2AG 125e2 2 88 - 0.03 0.19 31376
aoD2SG 125e2 2 88 - 0.03 0.19 31376
moore 125e2 2 88 - 1.54 2069.21 4611548
nbpm 125e2 2 88 - 11.41 654.62 12302328
greedy 125e2 2 88 - 9.07 450.94 17109964
dry 18e3 2 164 - 0.03 0.11 30492
aoDLAV 18e3 2 164 - 0.03 0.19 30756
aoULAV 18e3 2 164 - 0.02 0.19 30740
aoD2AG 18e3 2 164 - 0.03 0.19 31808
aoD2SG 18e3 2 164 - 0.02 0.21 31808
moore 18e3 2 164 - 2.92 5455.93 9534988
nbpm 18e3 2 164 - 23.41 1996.15 25451064
greedy 18e3 2 164 - 19.46 1007.40 35458368
dry 8e7 2 243 - 0.82 2.47 1592680
aoDLAV 8e7 2 243 - 6.32 469.80 11893324
aoULAV 8e7 2 243 - 8.02 493.85 11893324
aoD2AG 8e7 2 243 - 14.92 794.63 17486844
aoD2SG 8e7 2 243 - 15.80 826.85 18127108
dry 2e4 2 100 - 0.02 0.12 26832
aoDLAV 2e4 2 100 - 0.02 0.20 30820
aoULAV 2e4 2 100 - 0.05 0.18 30808
aoD2AG 2e4 2 100 - 0.03 0.22 32288
aoD2SG 2e4 2 100 - 0.03 0.22 32288
moore 2e4 2 100 - 3.52 6764.61 11765544
nbpm 2e4 2 100 - 29.63 2700.90 31402184
greedy 2e4 2 100 - 25.77 1233.52 43771044
dry 125e2 2 98 - 0.02 0.12 26536
aoDLAV 125e2 2 98 - 0.03 0.18 30708
aoULAV 125e2 2 98 - 0.02 0.18 30708
aoD2AG 125e2 2 98 - 0.03 0.18 31380
aoD2SG 125e2 2 98 - 0.03 0.19 31376
moore 125e2 2 98 - 1.56 1814.11 4611600
nbpm 125e2 2 98 - 13.31 710.77 12302324
greedy 125e2 2 98 - 9.57 428.07 17109964
dry 175e2 2 247 - 0.03 0.12 26732
aoDLAV 175e2 2 247 - 0.03 0.19 30716
aoULAV 175e2 2 247 - 0.04 0.18 30716
aoD2AG 175e2 2 247 - 0.03 0.21 31756
aoD2SG 175e2 2 247 - 0.04 0.21 31760
moore 175e2 2 247 - 2.71 4785.84 9014032
nbpm 175e2 2 247 - 21.51 1828.31 22863140
greedy 175e2 2 247 - 18.51 986.10 33516980
dry 175e2 2 197 - 0.03 0.12 26732
aoDLAV 175e2 2 197 - 0.04 0.19 30716
aoULAV 175e2 2 197 - 0.03 0.19 30772
aoD2AG 175e2 2 197 - 0.03 0.21 31752
aoD2SG 175e2 2 197 - 0.03 0.22 31756
moore 175e2 2 197 - 2.75 4572.44 9014032
nbpm 175e2 2 197 - 21.67 1818.97 22863144
greedy 175e2 2 197 - 18.26 946.02 33517032
dry 175e2 2 208 - 0.02 0.12 26736
aoDLAV 175e2 2 208 - 0.04 0.18 30720
aoULAV 175e2 2 208 - 0.03 0.18 30716
aoD2AG 175e2 2 208 - 0.03 0.20 31760
aoD2SG 175e2 2 208 - 0.03 0.21 31816
moore 175e2 2 208 - 2.71 5100.79 9014028
nbpm 175e2 2 208 - 21.31 2107.63 22863140
greedy 175e2 2 208 - 19.70 954.20 33516980
dry 9e7 2 6 - 0.97 2.70 1787984
aoDLAV 9e7 2 6 - 7.05 517.71 13377684
aoULAV 9e7 2 6 - 9.31 553.43 13377688
aoD2AG 9e7 2 6 - 17.30 752.14 19669684
aoD2SG 9e7 2 6 - 17.68 891.53 20388632
dry 125e2 2 120 - 0.03 0.11 28416
aoDLAV 125e2 2 120 - 0.04 0.17 30712
aoULAV 125e2 2 120 - 0.03 0.17 30708
aoD2AG 125e2 2 120 - 0.02 0.19 31380
aoD2SG 125e2 2 120 - 0.03 0.18 31376
moore 125e2 2 120 - 1.53 1612.81 4611540
nbpm 125e2 2 120 - 11.35 1260.98 12302320
greedy 125e2 2 120 - 9.01 448.71 17109968
dry 175e2 2 250 - 0.02 0.11 26736
aoDLAV 175e2 2 250 - 0.03 0.18 30716
aoULAV 175e2 2 250 - 0.03 0.19 30716
aoD2AG 175e2 2 250 - 0.03 0.20 31760
aoD2SG 175e2 2 250 - 0.03 0.21 31760
moore 175e2 2 250 - 2.69 4616.99 9014020
nbpm 175e2 2 250 - 21.14 1810.75 22863136
greedy 175e2 2 250 - 18.04 1071.91 33516976
dry 125e2 2 84 - 0.02 0.12 26532
aoDLAV 125e2 2 84 - 0.03 0.17 30708
aoULAV 125e2 2 84 - 0.02 0.18 30708
aoD2AG 125e2 2 84 - 0.03 0.19 31376
aoD2SG 125e2 2 84 - 0.03 0.19 31376
moore 125e2 2 84 - 1.66 1709.38 4611540
nbpm 125e2 2 84 - 11.39 710.93 12302316
greedy 125e2 2 84 - 9.56 448.55 17109964
dry 9e7 2 226 - 0.95 2.74 1787984
aoDLAV 9e7 2 226 - 7.26 525.75 13377684
aoULAV 9e7 2 226 - 9.38 567.26 13377684
aoD2AG 9e7 2 226 - 17.13 797.51 19673844
aoD2SG 9e7 2 226 - 17.11 1197.78 20390996
dry 1e8 2 45 - 1.01 2.98 1983296
aoDLAV 1e8 2 45 - 7.67 586.28 14862072
aoULAV 1e8 2 45 - 10.26 615.65 14862068
aoD2AG 1e8 2 45 - 18.37 1097.56 21854672
aoD2SG 1e8 2 45 - 19.06 1008.41 22652968
dry 2e4 2 165 - 0.03 0.11 26828
aoDLAV 2e4 2 165 - 0.03 0.18 30812
aoULAV 2e4 2 165 - 0.04 0.18 30812
aoD2AG 2e4 2 165 - 0.03 0.20 32288
aoD2SG 2e4 2 165 - 0.02 0.21 32292
moore 2e4 2 165 - 3.40 7413.59 11765548
nbpm 2e4 2 165 - 28.83 2610.24 31402188
greedy 2e4 2 165 - 24.75 1172.61 43771040
dry 9e7 2 124 - 1.02 2.74 1787984
aoDLAV 9e7 2 124 - 6.97 530.05 13377684
aoULAV 9e7 2 124 - 9.31 572.10 13377688
aoD2AG 9e7 2 124 - 17.14 827.12 19671888
aoD2SG 9e7 2 124 - 17.90 1004.77 20387436
dry 125e2 2 102 - 0.03 0.11 26532
aoDLAV 125e2 2 102 - 0.03 0.17 30708
aoULAV 125e2 2 102 - 0.03 0.17 30712
aoD2AG 125e2 2 102 - 0.04 0.18 31376
aoD2SG 125e2 2 102 - 0.03 0.18 31380
moore 125e2 2 102 - 1.60 1785.26 4611544
nbpm 125e2 2 102 - 11.70 653.83 12302320
greedy 125e2 2 102 - 9.44 464.59 17109964
dry 9e7 2 4 - 0.95 2.76 1787984
aoDLAV 9e7 2 4 - 7.40 509.88 13377684
aoULAV 9e7 2 4 - 8.83 537.77 13377684
aoD2AG 9e7 2 4 - 17.43 1017.53 19671332
aoD2SG 9e7 2 4 - 18.78 1045.64 20390000
dry 9e7 2 198 - 0.95 2.73 1787984
aoDLAV 9e7 2 198 - 7.51 649.29 13377684
aoULAV 9e7 2 198 - 9.25 552.37 13377684
aoD2AG 9e7 2 198 - 17.13 775.64 19669840
aoD2SG 9e7 2 198 - 17.25 897.74 20389168
dry 2e4 2 98 - 0.03 0.11 26828
aoDLAV 2e4 2 98 - 0.03 0.19 30808
aoULAV 2e4 2 98 - 0.03 0.19 30812
aoD2AG 2e4 2 98 - 0.03 0.21 32288
aoD2SG 2e4 2 98 - 0.02 0.22 32292
moore 2e4 2 98 - 3.43 7368.74 11765544
nbpm 2e4 2 98 - 28.75 2878.01 31402188
greedy 2e4 2 98 - 25.56 1209.35 43771040
dry 8e7 2 228 - 0.87 2.44 1592680
aoDLAV 8e7 2 228 - 6.62 459.57 11893324
aoULAV 8e7 2 228 - 8.16 480.44 11893328
aoD2AG 8e7 2 228 - 15.07 680.17 17490092
aoD2SG 8e7 2 228 - 15.70 818.87 18128084
dry 1e8 2 201 - 1.04 3.01 1983296
aoDLAV 1e8 2 201 - 7.91 582.55 14862068
aoULAV 1e8 2 201 - 10.06 815.38 14862072
aoD2AG 1e8 2 201 - 18.01 872.38 21855160
aoD2SG 1e8 2 201 - 20.33 1049.79 22654708
dry 1e8 5 89 - 2.21 6.21 4327056
aoDLAV 1e8 5 89 - 10.93 2562.13 23065204
aoULAV 1e8 5 89 - 16.07 2675.95 23065204
aoD2AG 1e8 5 89 - 26.04 2959.52 30454800
aoD2SG 1e8 5 89 - 27.64 3691.22 31312916
dry 125e2 2 218 - 0.02 0.12 26532
aoDLAV 125e2 2 218 - 0.03 0.18 30728
aoULAV 125e2 2 218 - 0.03 0.17 30728
aoD2AG 125e2 2 218 - 0.03 0.19 31376
aoD2SG 125e2 2 218 - 0.03 0.19 31376
moore 125e2 2 218 - 1.59 1839.20 4611548
nbpm 125e2 2 218 - 11.34 625.48 12302328
greedy 125e2 2 218 - 9.70 434.97 17109964
dry 2e4 5 158 - 0.02 0.12 27780
aoDLAV 2e4 5 158 - 0.04 0.27 32756
aoULAV 2e4 5 158 - 0.04 0.27 32768
aoD2AG 2e4 5 158 - 0.03 0.30 33344
aoD2SG 2e4 5 158 - 0.04 0.33 32864
moore 2e4 5 158 - 3.51 7635.57 11768088
nbpm 2e4 5 158 - 29.69 4782.94 34200528
greedy 2e4 5 158 - 25.85 1330.06 43774008
dry 2e4 10 74 - 0.03 0.12 30748
aoDLAV 2e4 10 74 - 0.04 1.76 34836
aoULAV 2e4 10 74 - 0.04 1.81 34848
aoD2AG 2e4 10 74 - 0.04 1.77 36080
aoD2SG 2e4 10 74 - 0.04 1.99 36076
moore 2e4 10 74 - 3.59 7265.81 11770840
nbpm 2e4 10 74 - 29.52 5867.39 30880036
greedy 2e4 10 74 - 24.17 1311.02 43775820
dry 150e2 2 98 - 0.02 0.12 26628
aoDLAV 150e2 2 98 - 0.03 0.18 30824
aoULAV 150e2 2 98 - 0.03 0.18 30824
aoD2AG 150e2 2 98 - 0.02 0.20 31608
aoD2SG 150e2 2 98 - 0.03 0.20 31608
moore 150e2 2 98 - 2.14 2997.16 6629352
nbpm 150e2 2 98 - 14.88 1186.73 16814180
greedy 150e2 2 98 - 14.60 670.12 24630024
dry 8e7 2 91 - 0.89 2.46 1592680
aoDLAV 8e7 2 91 - 6.57 457.07 11893324
aoULAV 8e7 2 91 - 7.88 484.57 11893328
aoD2AG 8e7 2 91 - 15.26 870.31 17485528
aoD2SG 8e7 2 91 - 16.30 882.57 18124712
dry 125e2 2 150 - 0.03 0.12 26532
aoDLAV 125e2 2 150 - 0.03 0.18 30712
aoULAV 125e2 2 150 - 0.04 0.17 30708
aoD2AG 125e2 2 150 - 0.04 0.18 31380
aoD2SG 125e2 2 150 - 0.04 0.19 31376
moore 125e2 2 150 - 1.67 1888.81 4611552
nbpm 125e2 2 150 - 11.38 689.40 12302336
greedy 125e2 2 150 - 9.32 433.98 17109964
dry 125e2 2 37 - 0.02 0.12 26532
aoDLAV 125e2 2 37 - 0.03 0.17 30708
aoULAV 125e2 2 37 - 0.03 0.17 30708
aoD2AG 125e2 2 37 - 0.03 0.17 31380
aoD2SG 125e2 2 37 - 0.03 0.18 31376
moore 125e2 2 37 - 1.50 1787.39 4611540
nbpm 125e2 2 37 - 11.57 661.80 12302320
greedy 125e2 2 37 - 9.29 429.28 17109964
dry 175e2 2 27 - 0.03 0.11 26732
aoDLAV 175e2 2 27 - 0.03 0.18 30716
aoULAV 175e2 2 27 - 0.03 0.18 30752
aoD2AG 175e2 2 27 - 0.03 0.19 31752
aoD2SG 175e2 2 27 - 0.03 0.20 31756
moore 175e2 2 27 - 2.81 4800.78 9014032
nbpm 175e2 2 27 - 21.67 1825.24 22863148
greedy 175e2 2 27 - 18.19 939.78 33516980
dry 125e2 2 12 - 0.02 0.12 28420
aoDLAV 125e2 2 12 - 0.03 0.18 30708
aoULAV 125e2 2 12 - 0.04 0.17 30708
aoD2AG 125e2 2 12 - 0.04 0.18 31376
aoD2SG 125e2 2 12 - 0.03 0.18 31376
moore 125e2 2 12 - 1.55 2180.47 4611540
nbpm 125e2 2 12 - 11.42 663.14 12302320
greedy 125e2 2 12 - 9.61 464.77 17109964
dry 1e8 2 135 - 1.04 3.01 1983300
aoDLAV 1e8 2 135 - 7.71 593.57 14862072
aoULAV 1e8 2 135 - 10.29 629.76 14862072
aoD2AG 1e8 2 135 - 18.72 879.34 21855764
aoD2SG 1e8 2 135 - 19.48 1028.10 22650416
dry 125e2 2 154 - 0.02 0.12 26532
aoDLAV 125e2 2 154 - 0.04 0.17 30708
aoULAV 125e2 2 154 - 0.03 0.17 30708
aoD2AG 125e2 2 154 - 0.03 0.18 31380
aoD2SG 125e2 2 154 - 0.04 0.19 31376
moore 125e2 2 154 - 1.55 1793.41 4611548
nbpm 125e2 2 154 - 11.29 684.66 12302324
greedy 125e2 2 154 - 10.01 456.80 17109964
dry 2e4 2 136 - 0.03 0.12 27956
aoDLAV 2e4 2 136 - 0.03 0.20 30812
aoULAV 2e4 2 136 - 0.04 0.18 30808
aoD2AG 2e4 2 136 - 0.03 0.21 32288
aoD2SG 2e4 2 136 - 0.03 0.22 32292
moore 2e4 2 136 - 3.43 6551.42 11765544
nbpm 2e4 2 136 - 28.79 3205.35 31402184
greedy 2e4 2 136 - 25.19 1211.79 43771044
dry 9e7 2 72 - 1.00 2.77 1787984
aoDLAV 9e7 2 72 - 7.47 634.98 13377684
aoULAV 9e7 2 72 - 9.90 550.67 13377684
aoD2AG 9e7 2 72 - 16.84 791.94 19668212
aoD2SG 9e7 2 72 - 17.78 958.04 20386488
dry 2e4 10 221 - 0.03 0.12 30964
aoDLAV 2e4 10 221 - 0.03 1.68 34836
aoULAV 2e4 10 221 - 0.04 1.70 34848
aoD2AG 2e4 10 221 - 0.04 1.89 36076
aoD2SG 2e4 10 221 - 0.03 1.93 36076
moore 2e4 10 221 - 3.51 6757.33 11770836
nbpm 2e4 10 221 - 29.12 5574.57 30880040
greedy 2e4 10 221 - 25.23 1299.89 43775820
dry 2e4 5 99 - 0.03 0.12 29248
aoDLAV 2e4 5 99 - 0.03 0.31 32756
aoULAV 2e4 5 99 - 0.03 0.30 32772
aoD2AG 2e4 5 99 - 0.03 0.34 33344
aoD2SG 2e4 5 99 - 0.04 0.35 32864
moore 2e4 5 99 - 3.59 7693.87 11768080
nbpm 2e4 5 99 - 28.54 4719.28 34200500
greedy 2e4 5 99 - 23.79 1358.85 43774004
dry 1e8 5 127 - 2.40 6.20 4327052
aoDLAV 1e8 5 127 - 11.09 2630.58 23065204
aoULAV 1e8 5 127 - 16.76 3139.86 23065204
aoD2AG 1e8 5 127 - 26.92 2957.82 30461140
aoD2SG 1e8 5 127 - 27.31 3627.98 31317828
dry 2e4 2 62 - 0.03 0.12 28796
aoDLAV 2e4 2 62 - 0.04 0.18 30812
aoULAV 2e4 2 62 - 0.03 0.19 30808
aoD2AG 2e4 2 62 - 0.03 0.20 32288
aoD2SG 2e4 2 62 - 0.03 0.21 32292
