dry 150e2 2 70 - 0.04 0.13 26628
aoDLAV 150e2 2 70 - 0.03 0.20 30824
aoULAV 150e2 2 70 - 0.03 0.20 30824
aoD2AG 150e2 2 70 - 0.03 0.22 31612
aoD2SG 150e2 2 70 - 0.05 0.20 31608
moore 150e2 2 70 - 2.04 3205.72 6629352
nbpm 150e2 2 70 - 14.88 1135.86 16814176
greedy 150e2 2 70 - 13.94 687.30 24630024
dry 1e8 5 59 - 2.18 6.25 4327052
aoDLAV 1e8 5 59 - 11.09 3647.55 23065204
aoULAV 1e8 5 59 - 16.12 2567.18 23065204
aoD2AG 1e8 5 59 - 25.61 2966.50 30456312
aoD2SG 1e8 5 59 - 27.58 4175.72 31306188
dry 2e4 2 162 - 0.03 0.11 28692
aoDLAV 2e4 2 162 - 0.03 0.19 30808
aoULAV 2e4 2 162 - 0.03 0.19 30808
aoD2AG 2e4 2 162 - 0.03 0.21 32284
aoD2SG 2e4 2 162 - 0.03 0.22 32292
moore 2e4 2 162 - 3.43 7352.76 11765552
nbpm 2e4 2 162 - 29.30 2561.43 31402192
greedy 2e4 2 162 - 24.59 1193.69 43771040
dry 1e8 5 53 - 2.31 6.15 4327052
aoDLAV 1e8 5 53 - 11.23 2578.65 23065204
aoULAV 1e8 5 53 - 16.44 2580.48 23065204
aoD2AG 1e8 5 53 - 25.67 2874.90 30451568
aoD2SG 1e8 5 53 - 27.09 3449.34 31305316
dry 1e8 5 69 - 2.38 6.26 4327056
aoDLAV 1e8 5 69 - 11.00 3661.40 23065204
aoULAV 1e8 5 69 - 16.01 2601.03 23065204
aoD2AG 1e8 5 69 - 26.37 3514.73 30459852
aoD2SG 1e8 5 69 - 28.00 3638.11 31310964
dry 2e4 2 92 - 0.03 0.12 26832
aoDLAV 2e4 2 92 - 0.04 0.19 30808
aoULAV 2e4 2 92 - 0.03 0.20 30808
aoD2AG 2e4 2 92 - 0.04 0.21 32288
aoD2SG 2e4 2 92 - 0.03 0.22 32288
moore 2e4 2 92 - 3.55 7427.93 11765544
nbpm 2e4 2 92 - 29.60 2640.10 31402188
greedy 2e4 2 92 - 24.94 1249.75 43771040
dry 150e2 2 220 - 0.02 0.12 26628
aoDLAV 150e2 2 220 - 0.03 0.18 30824
aoULAV 150e2 2 220 - 0.03 0.18 30828
aoD2AG 150e2 2 220 - 0.04 0.18 31612
aoD2SG 150e2 2 220 - 0.04 0.19 31608
moore 150e2 2 220 - 2.31 2777.74 6629344
nbpm 150e2 2 220 - 14.70 1491.59 16814168
greedy 150e2 2 220 - 13.47 745.11 24630024
dry 125e2 2 131 - 0.02 0.12 26532
aoDLAV 125e2 2 131 - 0.03 0.18 30708
aoULAV 125e2 2 131 - 0.03 0.18 30712
aoD2AG 125e2 2 131 - 0.03 0.18 31376
aoD2SG 125e2 2 131 - 0.02 0.20 31376
moore 125e2 2 131 - 1.61 1754.70 4611540
nbpm 125e2 2 131 - 11.34 707.68 12302324
greedy 125e2 2 131 - 9.24 452.35 17109964
dry 8e7 2 182 - 0.83 2.49 1592676
aoDLAV 8e7 2 182 - 6.37 479.99 11893328
aoULAV 8e7 2 182 - 8.21 501.15 11893328
aoD2AG 8e7 2 182 - 14.51 715.80 17487336
aoD2SG 8e7 2 182 - 15.33 835.61 18125724
dry 8e7 2 169 - 0.85 2.43 1592680
aoDLAV 8e7 2 169 - 6.36 471.49 11893324
aoULAV 8e7 2 169 - 8.84 477.76 11893324
aoD2AG 8e7 2 169 - 15.06 712.43 17485952
aoD2SG 8e7 2 169 - 15.73 845.88 18121852
dry 1e8 5 147 - 2.37 6.28 4327052
aoDLAV 1e8 5 147 - 11.46 2605.81 23065208
aoULAV 1e8 5 147 - 16.63 2679.95 23065204
aoD2AG 1e8 5 147 - 26.70 2896.86 30455400
aoD2SG 1e8 5 147 - 27.50 3524.93 31311356
dry 1e8 2 86 - 1.09 3.01 1983300
aoDLAV 1e8 2 86 - 8.03 587.55 14862068
aoULAV 1e8 2 86 - 10.14 792.06 14862068
aoD2AG 1e8 2 86 - 18.97 1060.51 21850880
aoD2SG 1e8 2 86 - 19.87 1023.71 22653964
dry 2e4 2 57 - 0.03 0.12 26828
aoDLAV 2e4 2 57 - 0.03 0.19 30808
aoULAV 2e4 2 57 - 0.05 0.18 30808
aoD2AG 2e4 2 57 - 0.03 0.21 32284
aoD2SG 2e4 2 57 - 0.03 0.21 32292
moore 2e4 2 57 - 3.54 6207.11 11765556
nbpm 2e4 2 57 - 29.66 2717.42 31402196
greedy 2e4 2 57 - 24.73 1184.89 43771040
dry 175e2 2 233 - 0.03 0.12 28720
aoDLAV 175e2 2 233 - 0.03 0.18 30720
aoULAV 175e2 2 233 - 0.03 0.18 30716
aoD2AG 175e2 2 233 - 0.03 0.20 31752
aoD2SG 175e2 2 233 - 0.02 0.21 31760
moore 175e2 2 233 - 2.68 4773.55 9014032
nbpm 175e2 2 233 - 21.16 1860.89 22863144
greedy 175e2 2 233 - 18.26 925.63 33516980
dry 2e4 2 52 - 0.02 0.11 30532
aoDLAV 2e4 2 52 - 0.02 0.18 30868
aoULAV 2e4 2 52 - 0.03 0.18 30812
aoD2AG 2e4 2 52 - 0.03 0.19 32292
aoD2SG 2e4 2 52 - 0.04 0.20 32296
moore 2e4 2 52 - 3.37 7445.02 11765548
nbpm 2e4 2 52 - 29.10 2618.41 31402188
greedy 2e4 2 52 - 25.56 1182.94 43771040
dry 2e4 10 242 - 0.03 0.11 29400
aoDLAV 2e4 10 242 - 0.04 1.53 34840
aoULAV 2e4 10 242 - 0.05 1.53 34848
aoD2AG 2e4 10 242 - 0.04 1.70 36080
aoD2SG 2e4 10 242 - 0.04 1.77 36080
moore 2e4 10 242 - 3.35 6788.56 11770836
nbpm 2e4 10 242 - 28.59 5733.09 30880040
greedy 2e4 10 242 - 24.68 1268.27 43775820
dry 9e7 2 216 - 0.98 2.73 1787984
aoDLAV 9e7 2 216 - 7.40 501.70 13377684
aoULAV 9e7 2 216 - 9.78 541.91 13377684
aoD2AG 9e7 2 216 - 16.86 764.87 19671300
aoD2SG 9e7 2 216 - 17.91 901.20 20387512
dry 125e2 2 100 - 0.03 0.11 26532
aoDLAV 125e2 2 100 - 0.02 0.18 30708
aoULAV 125e2 2 100 - 0.04 0.17 30736
aoD2AG 125e2 2 100 - 0.03 0.18 31380
aoD2SG 125e2 2 100 - 0.02 0.19 31376
moore 125e2 2 100 - 1.59 1691.47 4611552
nbpm 125e2 2 100 - 11.96 736.08 12302328
greedy 125e2 2 100 - 9.95 457.15 17109964
dry 1e8 5 77 - 2.31 6.22 4327056
aoDLAV 1e8 5 77 - 11.31 2727.10 23065208
aoULAV 1e8 5 77 - 16.93 2751.32 23065208
aoD2AG 1e8 5 77 - 26.38 3820.44 30457780
aoD2SG 1e8 5 77 - 27.10 3625.14 31312856
dry 1e8 2 169 - 1.10 3.03 1983308
aoDLAV 1e8 2 169 - 8.19 586.34 14862072
aoULAV 1e8 2 169 - 10.64 647.05 14862068
aoD2AG 1e8 2 169 - 19.55 935.32 21853456
aoD2SG 1e8 2 169 - 21.95 1091.53 22651468
dry 125e2 2 225 - 0.03 0.12 26532
aoDLAV 125e2 2 225 - 0.02 0.18 30708
aoULAV 125e2 2 225 - 0.04 0.17 30712
aoD2AG 125e2 2 225 - 0.03 0.18 31376
aoD2SG 125e2 2 225 - 0.03 0.19 31376
moore 125e2 2 225 - 1.64 2154.96 4611548
nbpm 125e2 2 225 - 11.13 716.95 12302324
greedy 125e2 2 225 - 11.04 477.83 17109996
dry 2e4 10 50 - 0.02 0.13 30332
aoDLAV 2e4 10 50 - 0.04 1.62 34836
aoULAV 2e4 10 50 - 0.03 1.61 34852
aoD2AG 2e4 10 50 - 0.04 1.66 36076
aoD2SG 2e4 10 50 - 0.04 1.85 36080
moore 2e4 10 50 - 3.46 7038.42 11770836
nbpm 2e4 10 50 - 28.43 6985.24 30880040
greedy 2e4 10 50 - 23.87 1331.18 43775824
dry 2e4 5 209 - 0.02 0.13 31012
aoDLAV 2e4 5 209 - 0.03 0.29 32756
aoULAV 2e4 5 209 - 0.04 0.29 32772
aoD2AG 2e4 5 209 - 0.03 0.34 33344
aoD2SG 2e4 5 209 - 0.03 0.36 32860
moore 2e4 5 209 - 3.38 5974.16 11768080
nbpm 2e4 5 209 - 28.94 4640.39 34200496
greedy 2e4 5 209 - 23.77 1376.68 43774004
dry 1e8 5 180 - 2.41 6.25 4327056
aoDLAV 1e8 5 180 - 11.68 2548.43 23065204
aoULAV 1e8 5 180 - 16.57 2597.89 23065204
aoD2AG 1e8 5 180 - 26.81 2892.17 30452652
aoD2SG 1e8 5 180 - 27.56 3474.78 31311480
dry 125e2 2 31 - 0.02 0.12 26532
aoDLAV 125e2 2 31 - 0.03 0.18 30708
aoULAV 125e2 2 31 - 0.03 0.18 30708
aoD2AG 125e2 2 31 - 0.03 0.19 31376
aoD2SG 125e2 2 31 - 0.04 0.19 31376
moore 125e2 2 31 - 1.60 1840.18 4611552
nbpm 125e2 2 31 - 11.60 728.93 12302328
greedy 125e2 2 31 - 9.46 432.43 17109964
dry 125e2 2 67 - 0.03 0.11 26532
aoDLAV 125e2 2 67 - 0.03 0.18 30708
aoULAV 125e2 2 67 - 0.04 0.17 30712
aoD2AG 125e2 2 67 - 0.03 0.19 31380
aoD2SG 125e2 2 67 - 0.04 0.19 31376
moore 125e2 2 67 - 1.55 2029.89 4611540
nbpm 125e2 2 67 - 11.38 779.83 12302316
greedy 125e2 2 67 - 10.01 589.28 17109964
dry 2e4 2 176 - 0.03 0.12 26828
aoDLAV 2e4 2 176 - 0.03 0.20 30808
aoULAV 2e4 2 176 - 0.03 0.19 30864
aoD2AG 2e4 2 176 - 0.03 0.21 32284
aoD2SG 2e4 2 176 - 0.04 0.21 32288
moore 2e4 2 176 - 3.45 7195.78 11765548
nbpm 2e4 2 176 - 28.83 2697.20 31402200
greedy 2e4 2 176 - 24.09 1273.43 43771044
dry 1e8 2 209 - 1.10 3.01 1983300
aoDLAV 1e8 2 209 - 8.53 710.23 14862068
aoULAV 1e8 2 209 - 11.21 841.63 14862068
aoD2AG 1e8 2 209 - 19.56 969.71 21855732
aoD2SG 1e8 2 209 - 20.49 1397.15 22653960
dry 1e8 5 25 - 2.28 6.22 4327052
aoDLAV 1e8 5 25 - 11.24 2646.84 23065204
aoULAV 1e8 5 25 - 15.94 2775.57 23065208
aoD2AG 1e8 5 25 - 26.81 2923.89 30456372
aoD2SG 1e8 5 25 - 27.87 3546.61 31306756
dry 2e4 10 115 - 0.03 0.13 30852
aoDLAV 2e4 10 115 - 0.03 1.72 34840
aoULAV 2e4 10 115 - 0.04 1.69 34848
aoD2AG 2e4 10 115 - 0.04 1.73 36124
aoD2SG 2e4 10 115 - 0.04 1.95 36076
moore 2e4 10 115 - 3.40 7579.96 11770836
nbpm 2e4 10 115 - 28.88 5532.13 30880036
greedy 2e4 10 115 - 24.63 1369.41 43775820
dry 2e4 10 59 - 0.03 0.11 31384
aoDLAV 2e4 10 59 - 0.03 1.69 34836
aoULAV 2e4 10 59 - 0.04 1.86 34848
aoD2AG 2e4 10 59 - 0.04 2.12 36080
aoD2SG 2e4 10 59 - 0.04 2.59 36076
moore 2e4 10 59 - 3.41 7063.35 11770836
