dry 18e2 2 133 - 0.03 0.11 28064
aoDLAV 18e2 2 133 - 0.03 0.14 30372
aoULAV 18e2 2 133 - 0.03 0.14 30384
aoD2AG 18e2 2 133 - 0.02 0.15 30792
aoD2SG 18e2 2 133 - 0.02 0.15 30812
moore 18e2 2 133 - 0.06 19.29 125408
nbpm 18e2 2 133 - 0.17 8.79 334524
greedy 18e2 2 133 - 0.21 4.40 384352
dry 6e7 2 129 - 0.64 1.89 1202048
aoDLAV 6e7 2 129 - 4.53 363.44 8924560
aoULAV 6e7 2 129 - 6.32 390.79 8924564
aoD2AG 6e7 2 129 - 11.18 535.50 13120352
aoD2SG 6e7 2 129 - 12.63 769.66 13600872
dry 25e2 2 91 - 0.02 0.12 26080
aoDLAV 25e2 2 91 - 0.03 0.15 30456
aoULAV 25e2 2 91 - 0.04 0.14 30464
aoD2AG 25e2 2 91 - 0.03 0.15 30980
aoD2SG 25e2 2 91 - 0.02 0.16 31016
moore 25e2 2 91 - 0.10 38.70 213608
nbpm 25e2 2 91 - 0.55 12.39 541648
greedy 25e2 2 91 - 0.38 9.47 713664
dry 3e7 2 20 - 0.35 1.02 616104
aoDLAV 3e7 2 20 - 2.51 167.17 4471432
aoULAV 3e7 2 20 - 2.52 208.13 4471432
aoD2AG 3e7 2 20 - 5.99 259.67 6569596
aoD2SG 3e7 2 20 - 6.32 292.10 6811544
dry 18e2 2 54 - 0.03 0.12 26048
aoDLAV 18e2 2 54 - 0.03 0.15 30372
aoULAV 18e2 2 54 - 0.03 0.15 30384
aoD2AG 18e2 2 54 - 0.03 0.15 30788
aoD2SG 18e2 2 54 - 0.03 0.15 30820
moore 18e2 2 54 - 0.07 17.63 125408
nbpm 18e2 2 54 - 0.22 7.53 334528
greedy 18e2 2 54 - 0.26 4.08 384352
dry 56e2 2 142 - 0.03 0.12 26240
aoDLAV 56e2 2 142 - 0.04 0.15 30976
aoULAV 56e2 2 142 - 0.03 0.15 30988
aoD2AG 56e2 2 142 - 0.03 0.17 31964
aoD2SG 56e2 2 142 - 0.03 0.18 31124
moore 56e2 2 142 - 0.64 214.56 952724
nbpm 56e2 2 142 - 2.56 110.89 2388088
greedy 56e2 2 142 - 2.13 77.90 3460488
dry 1e4 2 234 - 0.02 0.12 26432
aoDLAV 1e4 2 234 - 0.03 0.17 31864
aoULAV 1e4 2 234 - 0.03 0.18 31876
aoD2AG 1e4 2 234 - 0.02 0.19 31880
aoD2SG 1e4 2 234 - 0.03 0.18 31988
moore 1e4 2 234 - 1.20 941.95 2960584
nbpm 1e4 2 234 - 7.57 446.30 7889488
greedy 1e4 2 234 - 6.26 286.68 10968568
dry 75e2 2 70 - 0.03 0.13 28232
aoDLAV 75e2 2 70 - 0.03 0.17 31376
aoULAV 75e2 2 70 - 0.03 0.16 31388
aoD2AG 75e2 2 70 - 0.04 0.17 31380
aoD2SG 75e2 2 70 - 0.03 0.19 31380
moore 75e2 2 70 - 0.90 439.63 1688784
nbpm 75e2 2 70 - 4.13 167.80 4242124
greedy 75e2 2 70 - 3.59 153.71 6183092
dry 7e7 2 21 - 0.87 2.23 1397356
aoDLAV 7e7 2 21 - 6.14 432.30 10408936
aoULAV 7e7 2 21 - 8.16 453.84 10408936
aoD2AG 7e7 2 21 - 13.92 646.74 15302432
aoD2SG 7e7 2 21 - 14.53 752.81 15861400
dry 75e2 2 242 - 0.02 0.12 27952
aoDLAV 75e2 2 242 - 0.03 0.15 31376
aoULAV 75e2 2 242 - 0.04 0.15 31392
aoD2AG 75e2 2 242 - 0.03 0.18 31384
aoD2SG 75e2 2 242 - 0.03 0.18 31380
moore 75e2 2 242 - 1.90 625.02 1688792
nbpm 75e2 2 242 - 4.26 162.30 4242132
greedy 75e2 2 242 - 3.95 152.74 6183096
dry 3e7 2 60 - 0.37 1.06 616104
aoDLAV 3e7 2 60 - 2.57 174.97 4471436
aoULAV 3e7 2 60 - 2.69 231.02 4471428
aoD2AG 3e7 2 60 - 6.06 243.66 6570976
aoD2SG 3e7 2 60 - 6.27 300.41 6810768
dry 32e2 2 93 - 0.02 0.12 26112
aoDLAV 32e2 2 93 - 0.03 0.15 30540
aoULAV 32e2 2 93 - 0.02 0.16 30548
aoD2AG 32e2 2 93 - 0.03 0.15 31220
aoD2SG 32e2 2 93 - 0.03 0.16 31276
moore 32e2 2 93 - 0.15 42.87 330556
nbpm 32e2 2 93 - 0.88 21.33 854752
greedy 32e2 2 93 - 0.68 22.33 1150164
dry 75e2 2 75 - 0.03 0.12 26328
aoDLAV 75e2 2 75 - 0.03 0.15 31380
aoULAV 75e2 2 75 - 0.03 0.16 31388
aoD2AG 75e2 2 75 - 0.02 0.18 31380
aoD2SG 75e2 2 75 - 0.02 0.18 31384
moore 75e2 2 75 - 1.09 451.98 1688792
nbpm 75e2 2 75 - 4.22 157.17 4242128
greedy 75e2 2 75 - 3.92 161.29 6183096
dry 18e6 2 24 - 0.23 0.71 381740
aoDLAV 18e6 2 24 - 1.58 97.07 2690196
aoULAV 18e6 2 24 - 1.49 103.53 2690192
aoD2AG 18e6 2 24 - 3.25 142.64 3952288
aoD2SG 18e6 2 24 - 3.64 172.27 4093796
dry 1e4 10 130 - 0.03 0.12 28940
aoDLAV 1e4 10 130 - 0.04 0.74 32768
aoULAV 1e4 10 130 - 0.03 0.73 32780
aoD2AG 1e4 10 130 - 0.03 0.75 32764
aoD2SG 1e4 10 130 - 0.05 0.79 34180
moore 1e4 10 130 - 1.13 1066.39 2963856
nbpm 1e4 10 130 - 7.43 691.01 7764384
greedy 1e4 10 130 - 6.82 280.21 10961108
dry 1e4 2 198 - 0.02 0.12 27956
aoDLAV 1e4 2 198 - 0.03 0.16 31868
aoULAV 1e4 2 198 - 0.03 0.17 31876
aoD2AG 1e4 2 198 - 0.02 0.19 31876
aoD2SG 1e4 2 198 - 0.02 0.19 31988
moore 1e4 2 198 - 1.16 1167.80 2960572
nbpm 1e4 2 198 - 7.68 351.42 7889416
greedy 1e4 2 198 - 6.62 282.63 10968572
dry 3e7 2 225 - 0.36 1.02 616104
aoDLAV 3e7 2 225 - 2.50 173.05 4471428
aoULAV 3e7 2 225 - 2.58 181.16 4471428
aoD2AG 3e7 2 225 - 5.71 250.46 6568976
aoD2SG 3e7 2 225 - 6.04 285.98 6808372
dry 3e7 2 52 - 0.37 1.06 616104
aoDLAV 3e7 2 52 - 2.45 167.78 4471428
aoULAV 3e7 2 52 - 2.37 179.98 4471428
aoD2AG 3e7 2 52 - 5.82 292.82 6570924
aoD2SG 3e7 2 52 - 6.09 315.28 6813180
dry 3e7 2 1 - 0.35 1.03 616104
aoDLAV 3e7 2 1 - 2.61 168.98 4471428
aoULAV 3e7 2 1 - 2.67 181.92 4471432
aoD2AG 3e7 2 1 - 5.95 249.96 6571256
aoD2SG 3e7 2 1 - 6.50 289.05 6808172
dry 1e4 5 219 - 0.02 0.13 26900
aoDLAV 1e4 5 219 - 0.04 0.21 31084
aoULAV 1e4 5 219 - 0.03 0.22 31096
aoD2AG 1e4 5 219 - 0.03 0.23 32108
aoD2SG 1e4 5 219 - 0.04 0.23 32108
moore 1e4 5 219 - 1.16 915.20 2961736
nbpm 1e4 5 219 - 7.44 626.60 7811456
greedy 1e4 5 219 - 7.24 291.31 10959176
dry 4e7 2 86 - 0.47 1.33 811424
aoDLAV 4e7 2 86 - 3.36 232.85 5955816
aoULAV 4e7 2 86 - 4.31 241.23 5955816
aoD2AG 4e7 2 86 - 8.00 343.22 8753956
aoD2SG 4e7 2 86 - 8.36 409.71 9073044
dry 7e7 2 41 - 0.74 2.19 1397356
aoDLAV 7e7 2 41 - 5.81 414.66 10408936
aoULAV 7e7 2 41 - 7.78 459.85 10408936
aoD2AG 7e7 2 41 - 14.48 649.24 15303704
aoD2SG 7e7 2 41 - 14.75 762.49 15859804
dry 56e6 2 16 - 0.62 1.86 1123924
aoDLAV 56e6 2 16 - 4.85 335.28 8330816
aoULAV 56e6 2 16 - 6.36 359.06 8330816
aoD2AG 56e6 2 16 - 10.98 522.87 12245816
aoD2SG 56e6 2 16 - 11.85 596.53 12692268
dry 7e7 2 114 - 0.76 2.19 1397360
aoDLAV 7e7 2 114 - 6.16 421.65 10408940
aoULAV 7e7 2 114 - 7.36 453.58 10408936
aoD2AG 7e7 2 114 - 13.98 639.56 15301288
aoD2SG 7e7 2 114 - 14.89 740.35 15861296
dry 50e2 2 183 - 0.03 0.12 28192
aoDLAV 50e2 2 183 - 0.03 0.15 30852
aoULAV 50e2 2 183 - 0.03 0.15 30860
aoD2AG 50e2 2 183 - 0.03 0.16 31764
aoD2SG 50e2 2 183 - 0.02 0.18 31840
moore 50e2 2 183 - 0.65 191.22 764628
nbpm 50e2 2 183 - 2.10 58.51 2011924
greedy 50e2 2 183 - 1.80 63.70 2764780
dry 50e2 2 85 - 0.02 0.12 26204
aoDLAV 50e2 2 85 - 0.03 0.16 30848
aoULAV 50e2 2 85 - 0.02 0.17 30860
aoD2AG 50e2 2 85 - 0.03 0.16 31760
aoD2SG 50e2 2 85 - 0.03 0.18 31868
moore 50e2 2 85 - 0.62 193.64 764620
nbpm 50e2 2 85 - 2.17 55.39 2011916
greedy 50e2 2 85 - 1.50 67.05 2764780
dry 3e7 2 116 - 0.35 1.04 616104
aoDLAV 3e7 2 116 - 2.42 165.90 4471428
aoULAV 3e7 2 116 - 3.27 179.11 4471428
aoD2AG 3e7 2 116 - 5.34 263.22 6571112
aoD2SG 3e7 2 116 - 6.24 300.66 6809808
dry 1e4 10 87 - 0.03 0.11 27692
aoDLAV 1e4 10 87 - 0.03 0.71 32764
aoULAV 1e4 10 87 - 0.02 0.69 32780
aoD2AG 1e4 10 87 - 0.03 0.71 32744
aoD2SG 1e4 10 87 - 0.04 0.77 34176
moore 1e4 10 87 - 1.13 1336.67 2963856
nbpm 1e4 10 87 - 7.81 801.78 7764392
greedy 1e4 10 87 - 6.39 271.85 10961112
dry 32e2 2 247 - 0.02 0.13 26112
aoDLAV 32e2 2 247 - 0.03 0.16 30540
aoULAV 32e2 2 247 - 0.02 0.16 30552
aoD2AG 32e2 2 247 - 0.03 0.15 31228
aoD2SG 32e2 2 247 - 0.04 0.15 31280
moore 32e2 2 247 - 0.33 83.47 330524
nbpm 32e2 2 247 - 0.91 20.41 854764
greedy 32e2 2 247 - 0.63 20.82 1150164
dry 3e7 2 15 - 0.32 1.03 616104
aoDLAV 3e7 2 15 - 2.38 168.82 4471428
aoULAV 3e7 2 15 - 3.37 184.22 4471432
aoD2AG 3e7 2 15 - 5.24 266.76 6570240
aoD2SG 3e7 2 15 - 6.48 297.38 6807496
dry 7e7 2 32 - 0.76 2.20 1397360
aoDLAV 7e7 2 32 - 6.00 423.89 10408940
aoULAV 7e7 2 32 - 7.74 449.64 10408936
aoD2AG 7e7 2 32 - 13.39 675.81 15305780
aoD2SG 7e7 2 32 - 14.49 762.67 15868028
dry 32e2 2 154 - 0.02 0.12 26116
aoDLAV 32e2 2 154 - 0.02 0.15 30540
aoULAV 32e2 2 154 - 0.03 0.15 30552
aoD2AG 32e2 2 154 - 0.03 0.15 31216
aoD2SG 32e2 2 154 - 0.03 0.16 31280
moore 32e2 2 154 - 0.30 72.75 330520
nbpm 32e2 2 154 - 0.89 20.06 854760
greedy 32e2 2 154 - 0.72 22.93 1150164
dry 1e4 2 51 - 0.03 0.12 26432
aoDLAV 1e4 2 51 - 0.03 0.17 31864
aoULAV 1e4 2 51 - 0.03 0.17 31876
aoD2AG 1e4 2 51 - 0.03 0.18 31876
aoD2SG 1e4 2 51 - 0.03 0.18 31988
moore 1e4 2 51 - 1.20 950.10 2960580
nbpm 1e4 2 51 - 7.63 346.23 7889424
greedy 1e4 2 51 - 7.30 278.20 10968568
dry 6e7 2 35 - 0.68 1.90 1202044
aoDLAV 6e7 2 35 - 5.05 349.35 8924560
aoULAV 6e7 2 35 - 6.37 375.34 8924560
aoD2AG 6e7 2 35 - 11.99 546.74 13121592
aoD2SG 6e7 2 35 - 12.83 632.15 13600188
dry 5e7 2 73 - 0.58 1.61 1006736
aoDLAV 5e7 2 73 - 4.32 293.04 7440192
aoULAV 5e7 2 73 - 5.66 307.88 7440192
aoD2AG 5e7 2 73 - 9.92 436.95 10936680
aoD2SG 5e7 2 73 - 10.53 518.07 11335084
dry 1e4 2 107 - 0.02 0.12 26432
aoDLAV 1e4 2 107 - 0.03 0.18 31868
aoULAV 1e4 2 107 - 0.04 0.17 31876
aoD2AG 1e4 2 107 - 0.03 0.19 31876
aoD2SG 1e4 2 107 - 0.03 0.20 31988
moore 1e4 2 107 - 1.23 977.24 2960576
nbpm 1e4 2 107 - 7.80 424.36 7889416
greedy 1e4 2 107 - 6.31 269.80 10968572
dry 2e7 2 180 - 0.26 0.74 420796
aoDLAV 2e7 2 180 - 1.80 108.15 2987068
aoULAV 2e7 2 180 - 2.28 132.20 2987068
aoD2AG 2e7 2 180 - 3.65 160.94 4386880
aoD2SG 2e7 2 180 - 4.31 194.22 4546808
dry 32e2 2 96 - 0.03 0.11 26112
aoDLAV 32e2 2 96 - 0.03 0.14 30540
aoULAV 32e2 2 96 - 0.03 0.15 30548
aoD2AG 32e2 2 96 - 0.03 0.15 31224
aoD2SG 32e2 2 96 - 0.03 0.14 31280
moore 32e2 2 96 - 0.24 55.82 330520
nbpm 32e2 2 96 - 0.91 19.66 854764
greedy 32e2 2 96 - 0.79 20.68 1150168
dry 75e2 2 176 - 0.02 0.12 26328
aoDLAV 75e2 2 176 - 0.03 0.15 31380
aoULAV 75e2 2 176 - 0.03 0.15 31400
aoD2AG 75e2 2 176 - 0.03 0.17 31380
aoD2SG 75e2 2 176 - 0.03 0.18 31380
moore 75e2 2 176 - 1.67 561.98 1688784
nbpm 75e2 2 176 - 4.13 189.68 4242124
greedy 75e2 2 176 - 3.62 152.32 6183088
dry 18e6 2 3 - 0.22 0.69 381740
aoDLAV 18e6 2 3 - 1.47 92.06 2690196
aoULAV 18e6 2 3 - 1.48 100.73 2690192
aoD2AG 18e6 2 3 - 3.18 143.03 3949752
aoD2SG 18e6 2 3 - 3.78 166.46 4094800
dry 7e7 2 89 - 0.90 2.19 1397356
aoDLAV 7e7 2 89 - 5.99 417.33 10408936
aoULAV 7e7 2 89 - 7.61 444.14 10408936
aoD2AG 7e7 2 89 - 13.87 627.27 15302688
aoD2SG 7e7 2 89 - 14.46 814.02 15860316
dry 1e4 5 171 - 0.03 0.12 26900
aoDLAV 1e4 5 171 - 0.03 0.22 31084
aoULAV 1e4 5 171 - 0.03 0.22 31096
aoD2AG 1e4 5 171 - 0.02 0.23 32112
aoD2SG 1e4 5 171 - 0.03 0.23 32112
moore 1e4 5 171 - 1.16 885.07 2961732
nbpm 1e4 5 171 - 7.82 659.19 7811460
greedy 1e4 5 171 - 6.81 302.02 10959172
dry 32e6 2 91 - 0.40 1.10 655184
aoDLAV 32e6 2 91 - 2.94 198.85 4768324
aoULAV 32e6 2 91 - 2.70 190.26 4768324
aoD2AG 32e6 2 91 - 6.17 276.28 7006380
aoD2SG 32e6 2 91 - 6.55 319.82 7261752
dry 18e6 2 35 - 0.22 0.72 381740
aoDLAV 18e6 2 35 - 1.58 97.96 2690192
aoULAV 18e6 2 35 - 1.43 100.02 2690192
aoD2AG 18e6 2 35 - 3.57 143.11 3951292
aoD2SG 18e6 2 35 - 3.32 172.71 4094088
dry 4e7 2 58 - 0.46 1.33 811428
aoDLAV 4e7 2 58 - 3.25 232.72 5955816
aoULAV 4e7 2 58 - 4.35 254.39 5955816
aoD2AG 4e7 2 58 - 7.26 358.32 8754632
aoD2SG 4e7 2 58 - 8.38 414.17 9072160
dry 18e6 2 68 - 0.23 0.68 381740
aoDLAV 18e6 2 68 - 1.54 94.48 2690196
aoULAV 18e6 2 68 - 1.49 101.32 2690192
aoD2AG 18e6 2 68 - 3.54 147.18 3950460
aoD2SG 18e6 2 68 - 3.46 173.11 4094432
dry 75e2 2 237 - 0.03 0.12 26328
aoDLAV 75e2 2 237 - 0.03 0.16 31384
aoULAV 75e2 2 237 - 0.04 0.15 31388
aoD2AG 75e2 2 237 - 0.03 0.18 31380
aoD2SG 75e2 2 237 - 0.03 0.18 31380
moore 75e2 2 237 - 1.42 506.66 1688784
nbpm 75e2 2 237 - 4.25 157.01 4242124
greedy 75e2 2 237 - 3.86 157.77 6183092
dry 1e4 10 193 - 0.02 0.12 27688
aoDLAV 1e4 10 193 - 0.04 0.68 32764
aoULAV 1e4 10 193 - 0.03 0.68 32776
aoD2AG 1e4 10 193 - 0.03 0.70 32748
aoD2SG 1e4 10 193 - 0.03 0.78 34180
moore 1e4 10 193 - 1.15 1125.93 2963852
nbpm 1e4 10 193 - 7.47 745.51 7764384
greedy 1e4 10 193 - 6.42 264.65 10961108
dry 4e7 2 102 - 0.55 1.35 811424
aoDLAV 4e7 2 102 - 3.33 235.20 5955816
aoULAV 4e7 2 102 - 4.53 246.33 5955816
aoD2AG 4e7 2 102 - 8.42 435.81 8755008
aoD2SG 4e7 2 102 - 8.47 402.50 9072196
dry 56e6 2 163 - 0.65 1.79 1123924
aoDLAV 56e6 2 163 - 4.76 338.57 8330816
aoULAV 56e6 2 163 - 5.96 358.41 8330816
aoD2AG 56e6 2 163 - 11.14 517.88 12249444
aoD2SG 56e6 2 163 - 12.08 582.56 12698932
dry 3e7 2 250 - 0.41 1.04 616104
aoDLAV 3e7 2 250 - 2.63 166.43 4471428
aoULAV 3e7 2 250 - 2.62 179.85 4471428
aoD2AG 3e7 2 250 - 6.18 256.76 6570684
aoD2SG 3e7 2 250 - 6.66 294.75 6809808
dry 25e2 2 79 - 0.03 0.12 26080
aoDLAV 25e2 2 79 - 0.03 0.15 30452
aoULAV 25e2 2 79 - 0.03 0.15 30464
aoD2AG 25e2 2 79 - 0.03 0.16 31016
aoD2SG 25e2 2 79 - 0.03 0.15 31020
moore 25e2 2 79 - 0.10 42.85 213596
nbpm 25e2 2 79 - 0.55 12.91 541636
greedy 25e2 2 79 - 0.40 9.51 713668
dry 50e2 2 103 - 0.02 0.12 28200
aoDLAV 50e2 2 103 - 0.03 0.14 30848
aoULAV 50e2 2 103 - 0.03 0.15 30864
aoD2AG 50e2 2 103 - 0.03 0.16 31788
aoD2SG 50e2 2 103 - 0.02 0.18 31868
moore 50e2 2 103 - 0.46 161.86 764632
nbpm 50e2 2 103 - 1.95 53.47 2011924
greedy 50e2 2 103 - 1.85 62.68 2764780
dry 7e7 2 63 - 0.80 2.15 1397360
aoDLAV 7e7 2 63 - 6.02 419.00 10408936
aoULAV 7e7 2 63 - 7.99 453.67 10408936
aoD2AG 7e7 2 63 - 13.51 635.34 15303896
aoD2SG 7e7 2 63 - 13.75 711.95 15862616
