dry 56e2 2 30 - 0.03 0.12 26236
aoDLAV 56e2 2 30 - 0.04 0.15 30980
aoULAV 56e2 2 30 - 0.04 0.15 30988
aoD2AG 56e2 2 30 - 0.03 0.17 31964
aoD2SG 56e2 2 30 - 0.03 0.18 31124
moore 56e2 2 30 - 0.67 243.30 952716
nbpm 56e2 2 30 - 2.40 73.60 2388084
greedy 56e2 2 30 - 2.09 91.16 3460488
dry 6e7 2 31 - 0.66 1.94 1202044
aoDLAV 6e7 2 31 - 4.86 369.59 8924564
aoULAV 6e7 2 31 - 6.41 382.80 8924564
aoD2AG 6e7 2 31 - 11.82 541.05 13119620
aoD2SG 6e7 2 31 - 12.19 637.80 13600764
dry 18e2 2 236 - 0.02 0.12 26048
aoDLAV 18e2 2 236 - 0.03 0.15 30376
aoULAV 18e2 2 236 - 0.04 0.14 30384
aoD2AG 18e2 2 236 - 0.03 0.15 30804
aoD2SG 18e2 2 236 - 0.02 0.16 30828
moore 18e2 2 236 - 0.06 13.04 125408
nbpm 18e2 2 236 - 0.18 7.58 334524
greedy 18e2 2 236 - 0.25 4.01 384352
dry 18e2 2 121 - 0.02 0.12 26052
aoDLAV 18e2 2 121 - 0.02 0.16 30372
aoULAV 18e2 2 121 - 0.02 0.15 30384
aoD2AG 18e2 2 121 - 0.02 0.16 30780
aoD2SG 18e2 2 121 - 0.02 0.15 30820
moore 18e2 2 121 - 0.07 26.19 125416
nbpm 18e2 2 121 - 0.19 8.77 334536
greedy 18e2 2 121 - 0.23 4.21 384348
dry 2e7 2 57 - 0.24 0.75 420800
aoDLAV 2e7 2 57 - 1.69 134.72 2987068
aoULAV 2e7 2 57 - 1.74 111.84 2987068
aoD2AG 2e7 2 57 - 3.51 159.54 4387796
aoD2SG 2e7 2 57 - 4.13 192.15 4544904
dry 25e2 2 184 - 0.02 0.12 26084
aoDLAV 25e2 2 184 - 0.03 0.14 30452
aoULAV 25e2 2 184 - 0.03 0.14 30464
aoD2AG 25e2 2 184 - 0.02 0.16 30980
aoD2SG 25e2 2 184 - 0.02 0.15 31012
moore 25e2 2 184 - 0.10 38.39 213604
nbpm 25e2 2 184 - 0.55 16.31 541644
greedy 25e2 2 184 - 0.45 9.07 713664
dry 1e4 2 30 - 0.02 0.12 27952
aoDLAV 1e4 2 30 - 0.03 0.16 31868
aoULAV 1e4 2 30 - 0.02 0.18 31880
aoD2AG 1e4 2 30 - 0.02 0.18 31876
aoD2SG 1e4 2 30 - 0.03 0.18 31988
moore 1e4 2 30 - 1.19 892.15 2960580
nbpm 1e4 2 30 - 7.78 359.98 7889440
greedy 1e4 2 30 - 6.34 275.84 10968568
dry 75e2 2 29 - 0.02 0.13 26328
aoDLAV 75e2 2 29 - 0.03 0.16 31376
aoULAV 75e2 2 29 - 0.03 0.16 31388
aoD2AG 75e2 2 29 - 0.04 0.17 31380
aoD2SG 75e2 2 29 - 0.04 0.18 31380
moore 75e2 2 29 - 1.90 611.80 1688764
nbpm 75e2 2 29 - 4.22 155.27 4242132
greedy 75e2 2 29 - 3.87 149.60 6183092
dry 7e7 2 156 - 0.91 2.23 1397356
aoDLAV 7e7 2 156 - 6.00 551.52 10408936
aoULAV 7e7 2 156 - 7.37 448.71 10408936
aoD2AG 7e7 2 156 - 14.22 796.21 15306524
aoD2SG 7e7 2 156 - 14.86 757.57 15862744
dry 75e2 2 113 - 0.03 0.12 26328
aoDLAV 75e2 2 113 - 0.04 0.15 31376
aoULAV 75e2 2 113 - 0.04 0.16 31392
aoD2AG 75e2 2 113 - 0.03 0.19 31380
aoD2SG 75e2 2 113 - 0.03 0.18 31380
moore 75e2 2 113 - 1.65 546.40 1688848
nbpm 75e2 2 113 - 4.39 159.09 4242132
greedy 75e2 2 113 - 3.89 156.12 6183092
dry 3e7 2 105 - 0.39 1.07 616104
aoDLAV 3e7 2 105 - 2.67 178.75 4471428
aoULAV 3e7 2 105 - 2.79 179.97 4471428
aoD2AG 3e7 2 105 - 6.31 259.43 6569624
aoD2SG 3e7 2 105 - 6.37 304.63 6811008
dry 18e6 2 205 - 0.23 0.70 381736
aoDLAV 18e6 2 205 - 1.58 100.42 2690192
aoULAV 18e6 2 205 - 1.57 107.91 2690196
aoD2AG 18e6 2 205 - 3.82 149.32 3949228
aoD2SG 18e6 2 205 - 3.61 171.94 4092828
dry 50e2 2 96 - 0.03 0.12 26204
aoDLAV 50e2 2 96 - 0.03 0.15 30848
aoULAV 50e2 2 96 - 0.03 0.16 30860
aoD2AG 50e2 2 96 - 0.03 0.16 31800
aoD2SG 50e2 2 96 - 0.03 0.18 31896
moore 50e2 2 96 - 0.90 244.48 764632
nbpm 50e2 2 96 - 2.01 55.32 2011924
greedy 50e2 2 96 - 1.68 62.28 2764780
dry 2e7 2 116 - 0.26 0.76 420796
aoDLAV 2e7 2 116 - 1.70 108.28 2987068
aoULAV 2e7 2 116 - 1.70 114.29 2987068
aoD2AG 2e7 2 116 - 3.79 158.69 4387604
aoD2SG 2e7 2 116 - 3.42 186.22 4544276
dry 18e6 2 238 - 0.22 0.69 381736
aoDLAV 18e6 2 238 - 1.54 95.85 2690196
aoULAV 18e6 2 238 - 1.52 98.85 2690232
aoD2AG 18e6 2 238 - 3.67 145.65 3953080
aoD2SG 18e6 2 238 - 3.41 172.75 4093284
dry 1e4 2 84 - 0.02 0.12 26432
aoDLAV 1e4 2 84 - 0.03 0.17 31864
aoULAV 1e4 2 84 - 0.02 0.17 31876
aoD2AG 1e4 2 84 - 0.02 0.19 31880
aoD2SG 1e4 2 84 - 0.03 0.18 31988
moore 1e4 2 84 - 1.14 1206.75 2960572
nbpm 1e4 2 84 - 7.52 338.97 7889416
greedy 1e4 2 84 - 6.51 279.96 10968584
dry 75e2 2 98 - 0.02 0.12 26328
aoDLAV 75e2 2 98 - 0.03 0.16 31376
aoULAV 75e2 2 98 - 0.03 0.15 31388
aoD2AG 75e2 2 98 - 0.03 0.18 31380
aoD2SG 75e2 2 98 - 0.02 0.18 31384
moore 75e2 2 98 - 0.91 444.20 1688788
nbpm 75e2 2 98 - 4.37 152.91 4242124
greedy 75e2 2 98 - 3.82 159.95 6183092
dry 75e2 2 103 - 0.02 0.13 26332
aoDLAV 75e2 2 103 - 0.04 0.15 31376
aoULAV 75e2 2 103 - 0.03 0.16 31388
aoD2AG 75e2 2 103 - 0.02 0.18 31380
aoD2SG 75e2 2 103 - 0.03 0.18 31380
moore 75e2 2 103 - 1.65 585.97 1688792
nbpm 75e2 2 103 - 4.21 158.98 4242132
greedy 75e2 2 103 - 3.88 155.68 6183096
dry 32e2 2 199 - 0.02 0.12 26112
aoDLAV 32e2 2 199 - 0.03 0.15 30540
aoULAV 32e2 2 199 - 0.02 0.16 30556
aoD2AG 32e2 2 199 - 0.02 0.16 31196
aoD2SG 32e2 2 199 - 0.03 0.15 31260
moore 32e2 2 199 - 0.28 65.02 330524
nbpm 32e2 2 199 - 0.92 19.86 854756
greedy 32e2 2 199 - 0.76 21.51 1150168
dry 7e7 2 26 - 0.79 2.19 1397356
aoDLAV 7e7 2 26 - 6.03 419.32 10408936
aoULAV 7e7 2 26 - 7.73 457.01 10408936
aoD2AG 7e7 2 26 - 13.90 648.76 15305648
aoD2SG 7e7 2 26 - 15.04 751.36 15863108
dry 50e2 2 60 - 0.02 0.12 26208
aoDLAV 50e2 2 60 - 0.03 0.16 30848
aoULAV 50e2 2 60 - 0.03 0.15 30860
aoD2AG 50e2 2 60 - 0.02 0.17 31768
aoD2SG 50e2 2 60 - 0.02 0.18 31860
moore 50e2 2 60 - 0.42 153.75 764628
nbpm 50e2 2 60 - 1.95 56.06 2011928
greedy 50e2 2 60 - 1.78 67.52 2764780
dry 18e2 2 178 - 0.02 0.13 26048
aoDLAV 18e2 2 178 - 0.03 0.15 30376
aoULAV 18e2 2 178 - 0.02 0.16 30388
aoD2AG 18e2 2 178 - 0.04 0.15 30780
aoD2SG 18e2 2 178 - 0.04 0.14 30816
moore 18e2 2 178 - 0.07 15.60 125536
nbpm 18e2 2 178 - 0.19 7.70 334528
greedy 18e2 2 178 - 0.24 4.38 384352
dry 1e4 10 182 - 0.03 0.12 27688
aoDLAV 1e4 10 182 - 0.04 0.86 32768
aoULAV 1e4 10 182 - 0.04 0.72 32780
aoD2AG 1e4 10 182 - 0.04 0.71 32744
aoD2SG 1e4 10 182 - 0.04 0.87 34176
moore 1e4 10 182 - 1.26 1154.25 2963856
nbpm 1e4 10 182 - 7.42 734.44 7764384
greedy 1e4 10 182 - 6.45 286.94 10961112
dry 4e7 2 208 - 0.52 1.33 811428
aoDLAV 4e7 2 208 - 3.57 233.43 5955820
aoULAV 4e7 2 208 - 4.50 249.67 5955816
aoD2AG 4e7 2 208 - 8.12 349.01 8751972
aoD2SG 4e7 2 208 - 8.39 397.95 9075204
dry 18e6 2 31 - 0.22 0.72 381736
aoDLAV 18e6 2 31 - 1.49 98.73 2690196
aoULAV 18e6 2 31 - 1.89 101.29 2690192
aoD2AG 18e6 2 31 - 3.18 147.73 3950608
aoD2SG 18e6 2 31 - 3.50 169.21 4093064
dry 32e2 2 157 - 0.03 0.12 26112
aoDLAV 32e2 2 157 - 0.03 0.15 30544
aoULAV 32e2 2 157 - 0.03 0.16 30552
aoD2AG 32e2 2 157 - 0.03 0.15 31204
aoD2SG 32e2 2 157 - 0.03 0.16 31256
moore 32e2 2 157 - 0.22 55.16 330512
nbpm 32e2 2 157 - 0.86 20.61 854756
greedy 32e2 2 157 - 0.67 22.31 1150208
dry 56e6 2 114 - 0.67 1.79 1123924
aoDLAV 56e6 2 114 - 4.88 338.87 8330820
aoULAV 56e6 2 114 - 6.41 441.34 8330820
aoD2AG 56e6 2 114 - 11.31 521.51 12245300
aoD2SG 56e6 2 114 - 11.84 584.89 12693308
dry 75e2 2 155 - 0.03 0.12 26328
aoDLAV 75e2 2 155 - 0.03 0.16 31376
aoULAV 75e2 2 155 - 0.03 0.16 31392
aoD2AG 75e2 2 155 - 0.03 0.18 31380
aoD2SG 75e2 2 155 - 0.04 0.18 31380
moore 75e2 2 155 - 1.85 593.57 1688792
nbpm 75e2 2 155 - 4.19 154.89 4242132
greedy 75e2 2 155 - 4.06 155.29 6183092
dry 56e2 2 166 - 0.03 0.12 26236
aoDLAV 56e2 2 166 - 0.03 0.15 30976
aoULAV 56e2 2 166 - 0.04 0.15 30992
aoD2AG 56e2 2 166 - 0.03 0.18 31980
aoD2SG 56e2 2 166 - 0.03 0.18 31124
moore 56e2 2 166 - 0.46 191.04 952724
nbpm 56e2 2 166 - 2.49 73.57 2388088
greedy 56e2 2 166 - 2.13 80.36 3460492
dry 56e6 2 53 - 0.63 1.86 1123924
aoDLAV 56e6 2 53 - 5.26 332.37 8330816
aoULAV 56e6 2 53 - 6.20 443.78 8330820
aoD2AG 56e6 2 53 - 10.73 506.85 12249384
aoD2SG 56e6 2 53 - 12.17 596.81 12692784
dry 50e2 2 177 - 0.03 0.12 26204
aoDLAV 50e2 2 177 - 0.03 0.15 30852
aoULAV 50e2 2 177 - 0.02 0.16 30860
aoD2AG 50e2 2 177 - 0.03 0.16 31768
aoD2SG 50e2 2 177 - 0.04 0.17 31884
moore 50e2 2 177 - 0.78 216.45 764620
nbpm 50e2 2 177 - 1.96 57.67 2011920
greedy 50e2 2 177 - 1.78 59.78 2764800
dry 3e7 2 192 - 0.35 1.04 616104
aoDLAV 3e7 2 192 - 2.52 166.11 4471428
aoULAV 3e7 2 192 - 2.74 175.01 4471428
aoD2AG 3e7 2 192 - 6.11 315.02 6571512
aoD2SG 3e7 2 192 - 6.29 292.07 6811924
dry 25e2 2 15 - 0.03 0.12 26080
aoDLAV 25e2 2 15 - 0.03 0.15 30452
aoULAV 25e2 2 15 - 0.02 0.15 30468
aoD2AG 25e2 2 15 - 0.02 0.15 30996
aoD2SG 25e2 2 15 - 0.03 0.15 31040
moore 25e2 2 15 - 0.12 26.88 213596
nbpm 25e2 2 15 - 0.55 12.17 541636
greedy 25e2 2 15 - 0.35 10.34 713664
dry 50e2 2 147 - 0.03 0.12 26204
aoDLAV 50e2 2 147 - 0.03 0.15 30848
aoULAV 50e2 2 147 - 0.03 0.15 30860
aoD2AG 50e2 2 147 - 0.03 0.15 31776
aoD2SG 50e2 2 147 - 0.03 0.17 31884
moore 50e2 2 147 - 0.38 140.10 764620
nbpm 50e2 2 147 - 1.97 57.98 2011916
greedy 50e2 2 147 - 1.68 62.83 2764784
dry 1e4 5 108 - 0.02 0.12 26900
aoDLAV 1e4 5 108 - 0.02 0.22 31084
aoULAV 1e4 5 108 - 0.04 0.21 31096
aoD2AG 1e4 5 108 - 0.03 0.23 32108
aoD2SG 1e4 5 108 - 0.02 0.24 32108
moore 1e4 5 108 - 1.20 1330.09 2961768
nbpm 1e4 5 108 - 7.55 610.63 7811452
greedy 1e4 5 108 - 6.89 315.22 10959172
dry 18e2 2 167 - 0.02 0.13 26048
aoDLAV 18e2 2 167 - 0.03 0.15 30372
aoULAV 18e2 2 167 - 0.03 0.15 30388
aoD2AG 18e2 2 167 - 0.04 0.14 30792
aoD2SG 18e2 2 167 - 0.02 0.16 30820
moore 18e2 2 167 - 0.07 10.81 125440
nbpm 18e2 2 167 - 0.19 7.59 334528
greedy 18e2 2 167 - 0.23 5.14 384352
dry 6e7 2 123 - 0.68 1.92 1202044
aoDLAV 6e7 2 123 - 5.11 365.43 8924560
aoULAV 6e7 2 123 - 6.07 375.01 8924560
aoD2AG 6e7 2 123 - 12.47 548.47 13120348
aoD2SG 6e7 2 123 - 13.19 711.89 13600416
dry 18e6 2 190 - 0.25 0.69 381740
aoDLAV 18e6 2 190 - 1.57 97.30 2690192
aoULAV 18e6 2 190 - 1.58 100.40 2690192
aoD2AG 18e6 2 190 - 3.11 147.40 3950692
aoD2SG 18e6 2 190 - 3.98 169.73 4095388
dry 1e4 5 180 - 0.02 0.13 26900
aoDLAV 1e4 5 180 - 0.04 0.22 31084
aoULAV 1e4 5 180 - 0.03 0.23 31096
aoD2AG 1e4 5 180 - 0.04 0.22 32108
aoD2SG 1e4 5 180 - 0.03 0.24 32108
moore 1e4 5 180 - 1.16 1095.28 2961736
nbpm 1e4 5 180 - 7.67 641.48 7811456
greedy 1e4 5 180 - 6.38 293.23 10959172
dry 1e4 10 3 - 0.03 0.13 27688
aoDLAV 1e4 10 3 - 0.04 1.00 32764
aoULAV 1e4 10 3 - 0.04 0.72 32776
aoD2AG 1e4 10 3 - 0.03 0.73 32748
aoD2SG 1e4 10 3 - 0.03 0.79 34176
moore 1e4 10 3 - 1.04 1237.66 2963852
nbpm 1e4 10 3 - 7.73 797.94 7764384
greedy 1e4 10 3 - 6.28 273.52 10961108
dry 32e6 2 44 - 0.40 1.09 655176
aoDLAV 32e6 2 44 - 2.73 181.26 4768328
aoULAV 32e6 2 44 - 3.59 193.25 4768324
aoD2AG 32e6 2 44 - 5.57 275.46 7006788
aoD2SG 32e6 2 44 - 6.75 316.96 7263120
dry 2e7 2 223 - 0.25 0.74 420796
aoDLAV 2e7 2 223 - 1.63 107.03 2987072
aoULAV 2e7 2 223 - 2.19 111.28 2987068
aoD2AG 2e7 2 223 - 3.53 162.28 4388276
aoD2SG 2e7 2 223 - 4.26 188.31 4548536
dry 1e4 2 36 - 0.03 0.12 26432
aoDLAV 1e4 2 36 - 0.02 0.18 31864
aoULAV 1e4 2 36 - 0.02 0.18 31876
aoD2AG 1e4 2 36 - 0.04 0.19 31876
aoD2SG 1e4 2 36 - 0.03 0.19 31988
moore 1e4 2 36 - 1.23 875.24 2960572
nbpm 1e4 2 36 - 7.63 389.60 7889416
greedy 1e4 2 36 - 6.97 336.24 10968576
dry 1e4 2 156 - 0.02 0.12 26432
aoDLAV 1e4 2 156 - 0.03 0.17 31864
aoULAV 1e4 2 156 - 0.02 0.17 31880
aoD2AG 1e4 2 156 - 0.03 0.18 31880
aoD2SG 1e4 2 156 - 0.03 0.18 31988
moore 1e4 2 156 - 1.15 1235.77 2960580
nbpm 1e4 2 156 - 7.51 364.63 7889420
greedy 1e4 2 156 - 6.06 271.49 10968572
dry 1e4 2 205 - 0.02 0.12 26432
aoDLAV 1e4 2 205 - 0.03 0.18 31864
aoULAV 1e4 2 205 - 0.03 0.17 31880
aoD2AG 1e4 2 205 - 0.03 0.18 31876
aoD2SG 1e4 2 205 - 0.03 0.18 31984
moore 1e4 2 205 - 1.38 1090.27 2960580
nbpm 1e4 2 205 - 7.60 378.81 7889428
greedy 1e4 2 205 - 6.49 277.72 10968628
dry 56e2 2 134 - 0.02 0.12 26240
aoDLAV 56e2 2 134 - 0.03 0.15 30976
aoULAV 56e2 2 134 - 0.03 0.15 30988
aoD2AG 56e2 2 134 - 0.03 0.17 32000
aoD2SG 56e2 2 134 - 0.03 0.17 31124
moore 56e2 2 134 - 0.48 183.95 952728
nbpm 56e2 2 134 - 2.44 71.03 2388088
greedy 56e2 2 134 - 2.06 72.67 3460496
dry 1e4 5 150 - 0.03 0.11 26900
aoDLAV 1e4 5 150 - 0.03 0.21 31084
aoULAV 1e4 5 150 - 0.03 0.20 31096
aoD2AG 1e4 5 150 - 0.02 0.22 32108
aoD2SG 1e4 5 150 - 0.02 0.23 32108
moore 1e4 5 150 - 1.20 1053.44 2961736
nbpm 1e4 5 150 - 7.56 605.82 7811448
greedy 1e4 5 150 - 6.92 301.25 10959176
dry 4e7 2 37 - 0.54 1.37 811424
aoDLAV 4e7 2 37 - 3.44 287.53 5955816
aoULAV 4e7 2 37 - 4.22 243.66 5955816
aoD2AG 4e7 2 37 - 7.18 361.20 8755064
aoD2SG 4e7 2 37 - 8.17 405.51 9072708
dry 2e7 2 236 - 0.28 0.73 420796
aoDLAV 2e7 2 236 - 1.71 110.10 2987068
aoULAV 2e7 2 236 - 1.89 112.81 2987072
aoD2AG 2e7 2 236 - 3.90 161.05 4388072
aoD2SG 2e7 2 236 - 3.94 179.98 4546600
dry 25e2 2 182 - 0.03 0.12 26080
aoDLAV 25e2 2 182 - 0.03 0.16 30456
aoULAV 25e2 2 182 - 0.03 0.15 30464
aoD2AG 25e2 2 182 - 0.04 0.15 30996
aoD2SG 25e2 2 182 - 0.03 0.15 31060
moore 25e2 2 182 - 0.09 29.62 213604
nbpm 25e2 2 182 - 0.60 12.43 541644
greedy 25e2 2 182 - 0.47 12.25 713664
dry 18e2 2 151 - 0.02 0.12 26048
aoDLAV 18e2 2 151 - 0.03 0.15 30372
aoULAV 18e2 2 151 - 0.03 0.16 30388
aoD2AG 18e2 2 151 - 0.02 0.17 30792
aoD2SG 18e2 2 151 - 0.03 0.15 30836
moore 18e2 2 151 - 0.07 10.85 125444
nbpm 18e2 2 151 - 0.21 8.19 334536
greedy 18e2 2 151 - 0.26 5.39 384352
dry 18e2 2 81 - 0.02 0.12 26048
aoDLAV 18e2 2 81 - 0.03 0.15 30372
aoULAV 18e2 2 81 - 0.03 0.16 30384
aoD2AG 18e2 2 81 - 0.02 0.15 30788
aoD2SG 18e2 2 81 - 0.02 0.15 30824
moore 18e2 2 81 - 0.06 11.11 125440
nbpm 18e2 2 81 - 0.19 7.89 334528
greedy 18e2 2 81 - 0.22 5.04 384352
dry 4e7 2 237 - 0.51 1.35 811424
aoDLAV 4e7 2 237 - 3.50 246.37 5955816
aoULAV 4e7 2 237 - 4.57 324.15 5955820
aoD2AG 4e7 2 237 - 8.21 341.33 8755176
aoD2SG 4e7 2 237 - 8.60 401.88 9072692
dry 25e2 2 58 - 0.03 0.12 26084
aoDLAV 25e2 2 58 - 0.03 0.15 30452
aoULAV 25e2 2 58 - 0.02 0.15 30464
aoD2AG 25e2 2 58 - 0.03 0.15 30984
aoD2SG 25e2 2 58 - 0.03 0.15 31040
moore 25e2 2 58 - 0.09 27.79 213600
nbpm 25e2 2 58 - 0.56 12.43 541636
greedy 25e2 2 58 - 0.40 9.31 713664
dry 18e2 2 197 - 0.02 0.12 26048
aoDLAV 18e2 2 197 - 0.03 0.15 30372
aoULAV 18e2 2 197 - 0.02 0.16 30384
aoD2AG 18e2 2 197 - 0.03 0.14 30780
aoD2SG 18e2 2 197 - 0.03 0.15 30812
moore 18e2 2 197 - 0.06 22.78 125416
nbpm 18e2 2 197 - 0.21 7.49 334536
greedy 18e2 2 197 - 0.23 4.14 384348
dry 32e6 2 145 - 0.36 1.14 655176
aoDLAV 32e6 2 145 - 2.71 178.75 4768324
aoULAV 32e6 2 145 - 3.62 190.56 4768324
aoD2AG 32e6 2 145 - 5.87 273.26 7005996
aoD2SG 32e6 2 145 - 6.88 320.81 7263052
dry 2e7 2 40 - 0.28 0.74 420796
aoDLAV 2e7 2 40 - 1.72 134.50 2987068
aoULAV 2e7 2 40 - 1.79 116.78 2987068
aoD2AG 2e7 2 40 - 3.69 158.92 4387228
aoD2SG 2e7 2 40 - 4.51 186.50 4548928
dry 1e4 5 5 - 0.03 0.13 26904
aoDLAV 1e4 5 5 - 0.04 0.22 31084
aoULAV 1e4 5 5 - 0.03 0.23 31100
aoD2AG 1e4 5 5 - 0.04 0.22 32112
aoD2SG 1e4 5 5 - 0.04 0.25 32108
moore 1e4 5 5 - 1.18 913.12 2961736
nbpm 1e4 5 5 - 7.53 608.76 7811456
greedy 1e4 5 5 - 6.53 281.59 10959176
dry 2e7 2 84 - 0.29 0.76 420796
aoDLAV 2e7 2 84 - 1.62 115.20 2987068
aoULAV 2e7 2 84 - 1.72 116.94 2987072
aoD2AG 2e7 2 84 - 3.75 170.69 4386816
aoD2SG 2e7 2 84 - 4.43 196.00 4545956
dry 56e2 2 53 - 0.02 0.12 26240
aoDLAV 56e2 2 53 - 0.02 0.15 30976
aoULAV 56e2 2 53 - 0.03 0.15 30988
aoD2AG 56e2 2 53 - 0.03 0.18 31972
aoD2SG 56e2 2 53 - 0.03 0.18 31124
moore 56e2 2 53 - 0.47 188.30 952716
nbpm 56e2 2 53 - 2.39 72.93 2388080
greedy 56e2 2 53 - 2.01 84.11 3460492
dry 18e2 2 11 - 0.02 0.12 26048
aoDLAV 18e2 2 11 - 0.02 0.15 30372
aoULAV 18e2 2 11 - 0.03 0.15 30384
aoD2AG 18e2 2 11 - 0.02 0.15 30800
aoD2SG 18e2 2 11 - 0.03 0.15 30828
moore 18e2 2 11 - 0.06 28.72 125408
nbpm 18e2 2 11 - 0.18 7.66 334528
greedy 18e2 2 11 - 0.23 4.05 384352
dry 56e2 2 223 - 0.02 0.12 26236
aoDLAV 56e2 2 223 - 0.03 0.15 30976
aoULAV 56e2 2 223 - 0.02 0.15 30988
aoD2AG 56e2 2 223 - 0.03 0.16 31964
aoD2SG 56e2 2 223 - 0.02 0.19 31124
moore 56e2 2 223 - 0.82 256.26 952716
nbpm 56e2 2 223 - 2.40 78.76 2388084
greedy 56e2 2 223 - 2.08 81.44 3460492
dry 2e7 2 171 - 0.27 0.78 420796
aoDLAV 2e7 2 171 - 1.82 104.78 2987068
aoULAV 2e7 2 171 - 2.24 111.59 2987068
aoD2AG 2e7 2 171 - 3.59 158.52 4387660
aoD2SG 2e7 2 171 - 4.19 187.06 4548152
dry 25e2 2 212 - 0.02 0.12 26084
aoDLAV 25e2 2 212 - 0.03 0.14 30452
aoULAV 25e2 2 212 - 0.04 0.14 30464
aoD2AG 25e2 2 212 - 0.03 0.15 30980
aoD2SG 25e2 2 212 - 0.03 0.15 31024
moore 25e2 2 212 - 0.09 28.92 213604
nbpm 25e2 2 212 - 0.59 14.12 541644
greedy 25e2 2 212 - 0.48 11.91 713664
dry 3e7 2 107 - 0.36 1.03 616108
aoDLAV 3e7 2 107 - 2.61 222.06 4471432
aoULAV 3e7 2 107 - 2.59 179.86 4471460
aoD2AG 3e7 2 107 - 5.85 263.48 6570648
aoD2SG 3e7 2 107 - 6.29 321.24 6811648
dry 18e2 2 93 - 0.02 0.12 26048
aoDLAV 18e2 2 93 - 0.03 0.14 30376
aoULAV 18e2 2 93 - 0.04 0.13 30384
aoD2AG 18e2 2 93 - 0.03 0.15 30788
aoD2SG 18e2 2 93 - 0.02 0.16 30820
moore 18e2 2 93 - 0.07 31.79 125412
nbpm 18e2 2 93 - 0.18 7.46 334528
greedy 18e2 2 93 - 0.26 4.35 384352
dry 75e2 2 24 - 0.03 0.11 26328
aoDLAV 75e2 2 24 - 0.02 0.16 31376
aoULAV 75e2 2 24 - 0.02 0.17 31392
aoD2AG 75e2 2 24 - 0.02 0.19 31384
aoD2SG 75e2 2 24 - 0.03 0.18 31380
moore 75e2 2 24 - 0.68 357.81 1683872
nbpm 75e2 2 24 - 4.21 161.82 4242124
greedy 75e2 2 24 - 4.06 152.44 6183088
dry 2e7 2 227 - 0.24 0.76 420796
aoDLAV 2e7 2 227 - 1.70 105.13 2987068
aoULAV 2e7 2 227 - 2.20 111.34 2987068
aoD2AG 2e7 2 227 - 3.79 157.12 4385344
aoD2SG 2e7 2 227 - 4.39 189.88 4546572
dry 3e7 2 45 - 0.37 1.03 616104
aoDLAV 3e7 2 45 - 2.60 167.66 4471432
aoULAV 3e7 2 45 - 3.27 174.75 4471428
aoD2AG 3e7 2 45 - 6.06 254.90 6571284
aoD2SG 3e7 2 45 - 5.89 294.99 6811056
dry 18e6 2 95 - 0.23 0.71 381736
aoDLAV 18e6 2 95 - 1.58 94.95 2690192
aoULAV 18e6 2 95 - 1.95 104.04 2690196
aoD2AG 18e6 2 95 - 3.14 140.69 3949240
aoD2SG 18e6 2 95 - 3.80 161.49 4093624
dry 32e2 2 80 - 0.03 0.12 26112
aoDLAV 32e2 2 80 - 0.03 0.15 30544
aoULAV 32e2 2 80 - 0.03 0.15 30552
aoD2AG 32e2 2 80 - 0.02 0.17 31204
aoD2SG 32e2 2 80 - 0.02 0.16 31256
moore 32e2 2 80 - 0.17 37.43 330516
nbpm 32e2 2 80 - 0.89 21.86 854752
greedy 32e2 2 80 - 0.75 21.07 1150164
dry 5e7 2 1 - 0.62 1.63 1006736
aoDLAV 5e7 2 1 - 4.31 291.51 7440196
aoULAV 5e7 2 1 - 5.52 315.27 7440196
aoD2AG 5e7 2 1 - 9.87 442.01 10938156
aoD2SG 5e7 2 1 - 10.28 498.64 11335264
