dry 18e1 2 85 - 0.01 0.12 26004
aoDLAV 18e1 2 85 - 0.02 0.15 30184
aoULAV 18e1 2 85 - 0.03 0.14 30196
aoD2AG 18e1 2 85 - 0.03 0.14 30356
aoD2SG 18e1 2 85 - 0.03 0.14 30364
moore 18e1 2 85 - 0.03 0.30 30492
nbpm 18e1 2 85 - 0.08 2.08 54436
greedy 18e1 2 85 - 0.02 0.17 33352
dry 1e6 5 140 - 0.04 0.27 73152
aoDLAV 1e6 5 140 - 0.29 19.31 252688
aoULAV 1e6 5 140 - 0.35 19.97 252688
aoD2AG 1e6 5 140 - 0.20 22.35 323724
aoD2SG 1e6 5 140 - 0.22 25.43 332116
dry 32e1 2 104 - 0.02 0.12 26000
aoDLAV 32e1 2 104 - 0.03 0.14 30196
aoULAV 32e1 2 104 - 0.03 0.14 30208
aoD2AG 32e1 2 104 - 0.03 0.14 30376
aoD2SG 32e1 2 104 - 0.03 0.14 30384
moore 32e1 2 104 - 0.03 0.48 33676
nbpm 32e1 2 104 - 0.08 2.39 58300
greedy 32e1 2 104 - 0.04 0.21 40976
dry 225e2 2 112 - 0.02 0.12 26920
aoDLAV 225e2 2 112 - 0.03 0.19 30980
aoULAV 225e2 2 112 - 0.03 0.19 30992
aoD2AG 225e2 2 112 - 0.03 0.21 33368
aoD2SG 225e2 2 112 - 0.02 0.22 33464
dry 400e2 2 171 - 0.03 0.11 29156
aoDLAV 400e2 2 171 - 0.03 0.23 32236
aoULAV 400e2 2 171 - 0.03 0.25 33112
aoD2AG 400e2 2 171 - 0.03 0.27 36072
aoD2SG 400e2 2 171 - 0.03 0.29 35928
dry 5e4 5 61 - 0.02 0.13 31644
aoDLAV 5e4 5 61 - 0.03 0.78 34704
aoULAV 5e4 5 61 - 0.02 0.72 34704
aoD2AG 5e4 5 61 - 0.04 0.82 37728
aoD2SG 5e4 5 61 - 0.03 0.92 37940
dry 1e6 10 145 - 0.07 0.39 112232
aoDLAV 1e6 10 145 - 0.21 345.62 369888
aoULAV 1e6 10 145 - 0.31 361.51 369884
aoD2AG 1e6 10 145 - 0.42 373.03 448376
aoD2SG 1e6 10 145 - 0.42 456.97 458704
dry 325e2 2 223 - 0.02 0.12 30780
aoDLAV 325e2 2 223 - 0.04 0.22 31372
aoULAV 325e2 2 223 - 0.02 0.23 32084
aoD2AG 325e2 2 223 - 0.03 0.25 35004
aoD2SG 325e2 2 223 - 0.03 0.28 34760
dry 18e1 2 159 - 0.03 0.11 26004
aoDLAV 18e1 2 159 - 0.04 0.13 30184
aoULAV 18e1 2 159 - 0.04 0.13 30196
aoD2AG 18e1 2 159 - 0.03 0.14 30356
aoD2SG 18e1 2 159 - 0.03 0.13 30364
moore 18e1 2 159 - 0.03 0.42 30492
nbpm 18e1 2 159 - 0.08 2.11 54436
greedy 18e1 2 159 - 0.03 0.16 33348
dry 1e2 2 164 - 0.02 0.12 25992
aoDLAV 1e2 2 164 - 0.02 0.14 30172
aoULAV 1e2 2 164 - 0.04 0.13 30184
aoD2AG 1e2 2 164 - 0.03 0.14 30336
aoD2SG 1e2 2 164 - 0.04 0.14 30344
moore 1e2 2 164 - 0.03 0.21 30480
nbpm 1e2 2 164 - 0.07 2.17 53000
greedy 1e2 2 164 - 0.02 0.15 30880
dry 300e2 2 53 - 0.03 0.11 27220
aoDLAV 300e2 2 53 - 0.03 0.21 31312
aoULAV 300e2 2 53 - 0.03 0.21 31896
aoD2AG 300e2 2 53 - 0.03 0.24 35060
aoD2SG 300e2 2 53 - 0.03 0.25 34716
dry 250e2 2 11 - 0.03 0.11 27024
aoDLAV 250e2 2 11 - 0.03 0.19 31108
aoULAV 250e2 2 11 - 0.03 0.20 31212
aoD2AG 250e2 2 11 - 0.03 0.22 33860
aoD2SG 250e2 2 11 - 0.03 0.23 33964
dry 375e2 2 151 - 0.02 0.12 29040
aoDLAV 375e2 2 151 - 0.03 0.23 31784
aoULAV 375e2 2 151 - 0.03 0.24 32604
aoD2AG 375e2 2 151 - 0.03 0.28 35516
aoD2SG 375e2 2 151 - 0.03 0.29 35532
dry 1e5 10 126 - 0.03 0.18 38396
aoDLAV 1e5 10 126 - 0.05 22.91 53536
aoULAV 1e5 10 126 - 0.05 21.14 55308
aoD2AG 1e5 10 126 - 0.07 20.42 62688
aoD2SG 1e5 10 126 - 0.06 22.97 66836
dry 1e3 2 27 - 0.02 0.12 26020
aoDLAV 1e3 2 27 - 0.03 0.14 30284
aoULAV 1e3 2 27 - 0.02 0.14 30296
aoD2AG 1e3 2 27 - 0.03 0.14 30532
aoD2SG 1e3 2 27 - 0.03 0.14 30560
moore 1e3 2 27 - 0.05 5.38 59776
nbpm 1e3 2 27 - 0.13 4.56 138560
greedy 1e3 2 27 - 0.09 1.05 139244
dry 56e3 2 116 - 0.02 0.12 30060
aoDLAV 56e3 2 116 - 0.03 0.30 33476
aoULAV 56e3 2 116 - 0.03 0.30 34700
aoD2AG 56e3 2 116 - 0.03 0.38 37284
aoD2SG 56e3 2 116 - 0.04 0.39 37300
dry 1e5 10 69 - 0.04 0.17 38396
aoDLAV 1e5 10 69 - 0.04 22.47 53536
aoULAV 1e5 10 69 - 0.05 22.18 55344
aoD2AG 1e5 10 69 - 0.06 22.50 62748
aoD2SG 1e5 10 69 - 0.05 24.92 66832
dry 56e4 2 84 - 0.04 0.18 41104
aoDLAV 56e4 2 84 - 0.06 2.09 108004
aoULAV 56e4 2 84 - 0.08 2.19 107984
aoD2AG 56e4 2 84 - 0.12 3.07 141224
aoD2SG 56e4 2 84 - 0.13 3.50 143948
dry 1e3 5 14 - 0.03 0.11 26056
aoDLAV 1e3 5 14 - 0.02 0.15 30424
aoULAV 1e3 5 14 - 0.02 0.15 30436
aoD2AG 1e3 5 14 - 0.03 0.14 30748
aoD2SG 1e3 5 14 - 0.03 0.15 30768
moore 1e3 5 14 - 0.04 4.58 59800
nbpm 1e3 5 14 - 0.10 4.57 129284
greedy 1e3 5 14 - 0.08 1.05 139392
dry 350e2 2 220 - 0.03 0.12 29372
aoDLAV 350e2 2 220 - 0.03 0.23 31480
aoULAV 350e2 2 220 - 0.03 0.23 32256
aoD2AG 350e2 2 220 - 0.04 0.25 34848
aoD2SG 350e2 2 220 - 0.04 0.27 35132
dry 1e6 10 50 - 0.08 0.40 112232
aoDLAV 1e6 10 50 - 0.22 366.75 369888
aoULAV 1e6 10 50 - 0.29 376.13 369888
aoD2AG 1e6 10 50 - 0.40 521.02 449016
aoD2SG 1e6 10 50 - 0.42 438.91 460152
dry 18e1 2 139 - 0.02 0.12 26004
aoDLAV 18e1 2 139 - 0.03 0.14 30184
aoULAV 18e1 2 139 - 0.03 0.14 30196
aoD2AG 18e1 2 139 - 0.02 0.15 30360
aoD2SG 18e1 2 139 - 0.02 0.15 30368
moore 18e1 2 139 - 0.04 0.21 30488
nbpm 18e1 2 139 - 0.08 2.17 54436
greedy 18e1 2 139 - 0.02 0.16 33348
dry 1e2 10 114 - 0.02 0.11 26008
aoDLAV 1e2 10 114 - 0.03 0.14 30260
aoULAV 1e2 10 114 - 0.03 0.14 30272
aoD2AG 1e2 10 114 - 0.03 0.14 30444
aoD2SG 1e2 10 114 - 0.03 0.14 30448
moore 1e2 10 114 - 0.02 0.24 30496
nbpm 1e2 10 114 - 0.09 2.10 53076
greedy 1e2 10 114 - 0.03 0.14 30972
dry 225e2 2 175 - 0.02 0.12 28716
aoDLAV 225e2 2 175 - 0.03 0.19 30980
aoULAV 225e2 2 175 - 0.03 0.19 30996
aoD2AG 225e2 2 175 - 0.02 0.22 33372
aoD2SG 225e2 2 175 - 0.02 0.23 33464
dry 275e2 2 198 - 0.03 0.11 29148
aoDLAV 275e2 2 198 - 0.02 0.21 31244
aoULAV 275e2 2 198 - 0.03 0.20 31568
aoD2AG 275e2 2 198 - 0.03 0.23 34696
aoD2SG 275e2 2 198 - 0.02 0.25 34812
dry 1e5 10 118 - 0.03 0.18 38396
aoDLAV 1e5 10 118 - 0.04 21.86 53540
aoULAV 1e5 10 118 - 0.14 22.54 55312
aoD2AG 1e5 10 118 - 0.12 23.13 62724
aoD2SG 1e5 10 118 - 0.15 25.76 66832
dry 1e6 2 5 - 0.04 0.21 49704
aoDLAV 1e6 2 5 - 0.11 3.78 178456
aoULAV 1e6 2 5 - 0.11 4.00 178460
aoD2AG 1e6 2 5 - 0.17 5.69 234208
aoD2SG 1e6 2 5 - 0.23 6.36 242996
dry 250e2 2 139 - 0.03 0.11 27024
aoDLAV 250e2 2 139 - 0.03 0.20 31108
aoULAV 250e2 2 139 - 0.02 0.20 31212
aoD2AG 250e2 2 139 - 0.03 0.22 33864
aoD2SG 250e2 2 139 - 0.03 0.23 33964
dry 1e3 2 122 - 0.02 0.12 26024
aoDLAV 1e3 2 122 - 0.02 0.14 30280
aoULAV 1e3 2 122 - 0.02 0.14 30292
aoD2AG 1e3 2 122 - 0.03 0.14 30544
aoD2SG 1e3 2 122 - 0.03 0.14 30560
moore 1e3 2 122 - 0.04 4.71 59768
nbpm 1e3 2 122 - 0.16 4.16 138552
greedy 1e3 2 122 - 0.10 1.02 139304
dry 32e4 2 187 - 0.03 0.16 36424
aoDLAV 32e4 2 187 - 0.06 1.26 70828
aoULAV 32e4 2 187 - 0.06 1.30 70844
aoD2AG 32e4 2 187 - 0.08 1.78 88272
aoD2SG 32e4 2 187 - 0.07 1.80 90788
dry 275e2 2 88 - 0.02 0.12 27120
aoDLAV 275e2 2 88 - 0.03 0.21 31240
aoULAV 275e2 2 88 - 0.03 0.22 31572
aoD2AG 275e2 2 88 - 0.03 0.25 34696
aoD2SG 275e2 2 88 - 0.03 0.25 34812
dry 275e2 2 69 - 0.02 0.12 27120
aoDLAV 275e2 2 69 - 0.04 0.21 31244
aoULAV 275e2 2 69 - 0.02 0.23 31568
aoD2AG 275e2 2 69 - 0.03 0.23 34696
aoD2SG 275e2 2 69 - 0.04 0.23 34808
dry 1e6 10 238 - 0.08 0.43 112236
aoDLAV 1e6 10 238 - 1.17 395.68 369888
aoULAV 1e6 10 238 - 0.30 363.74 369892
aoD2AG 1e6 10 238 - 0.39 364.84 449092
aoD2SG 1e6 10 238 - 0.43 411.34 456936
dry 325e2 2 228 - 0.02 0.12 30776
aoDLAV 325e2 2 228 - 0.03 0.21 31372
aoULAV 325e2 2 228 - 0.03 0.22 32088
aoD2AG 325e2 2 228 - 0.04 0.23 35004
aoD2SG 325e2 2 228 - 0.03 0.26 34764
dry 5e4 2 14 - 0.02 0.12 31116
aoDLAV 5e4 2 14 - 0.03 0.28 33008
aoULAV 5e4 2 14 - 0.03 0.28 33316
aoD2AG 5e4 2 14 - 0.03 0.35 36412
aoD2SG 5e4 2 14 - 0.03 0.37 36424
dry 5e4 2 235 - 0.03 0.12 28000
aoDLAV 5e4 2 235 - 0.03 0.28 33008
aoULAV 5e4 2 235 - 0.03 0.30 33316
aoD2AG 5e4 2 235 - 0.03 0.35 36412
aoD2SG 5e4 2 235 - 0.03 0.37 36424
dry 1e3 2 129 - 0.03 0.11 26020
aoDLAV 1e3 2 129 - 0.03 0.14 30280
aoULAV 1e3 2 129 - 0.02 0.15 30292
aoD2AG 1e3 2 129 - 0.03 0.14 30536
aoD2SG 1e3 2 129 - 0.03 0.14 30552
moore 1e3 2 129 - 0.04 5.41 59768
nbpm 1e3 2 129 - 0.12 4.17 138552
greedy 1e3 2 129 - 0.09 1.07 139244
dry 300e2 2 16 - 0.02 0.12 29228
aoDLAV 300e2 2 16 - 0.02 0.22 31296
aoULAV 300e2 2 16 - 0.03 0.22 31892
aoD2AG 300e2 2 16 - 0.03 0.25 35064
aoD2SG 300e2 2 16 - 0.03 0.26 34716
dry 1e3 2 64 - 0.02 0.12 26020
aoDLAV 1e3 2 64 - 0.03 0.15 30280
aoULAV 1e3 2 64 - 0.02 0.15 30292
aoD2AG 1e3 2 64 - 0.03 0.14 30548
aoD2SG 1e3 2 64 - 0.02 0.15 30568
moore 1e3 2 64 - 0.04 2.97 59796
nbpm 1e3 2 64 - 0.14 4.19 138556
greedy 1e3 2 64 - 0.08 1.08 139244
dry 1e2 2 173 - 0.03 0.11 25992
aoDLAV 1e2 2 173 - 0.02 0.14 30168
aoULAV 1e2 2 173 - 0.03 0.14 30180
aoD2AG 1e2 2 173 - 0.03 0.14 30340
aoD2SG 1e2 2 173 - 0.03 0.14 30340
moore 1e2 2 173 - 0.03 0.22 30484
nbpm 1e2 2 173 - 0.07 2.20 53000
greedy 1e2 2 173 - 0.02 0.15 30880
dry 225e2 2 74 - 0.02 0.12 28724
aoDLAV 225e2 2 74 - 0.03 0.19 30980
aoULAV 225e2 2 74 - 0.02 0.19 30992
aoD2AG 225e2 2 74 - 0.03 0.20 33368
aoD2SG 225e2 2 74 - 0.03 0.21 33464
dry 400e2 2 162 - 0.03 0.11 27616
aoDLAV 400e2 2 162 - 0.03 0.22 32252
aoULAV 400e2 2 162 - 0.02 0.22 33116
aoD2AG 400e2 2 162 - 0.02 0.27 36096
aoD2SG 400e2 2 162 - 0.03 0.27 35928
dry 1e2 2 148 - 0.02 0.12 25992
aoDLAV 1e2 2 148 - 0.02 0.14 30168
aoULAV 1e2 2 148 - 0.02 0.14 30180
aoD2AG 1e2 2 148 - 0.04 0.13 30336
aoD2SG 1e2 2 148 - 0.03 0.13 30340
moore 1e2 2 148 - 0.03 0.19 30488
nbpm 1e2 2 148 - 0.09 2.28 53012
greedy 1e2 2 148 - 0.02 0.16 30880
dry 225e2 2 20 - 0.02 0.12 26920
aoDLAV 225e2 2 20 - 0.03 0.20 30980
aoULAV 225e2 2 20 - 0.03 0.19 30996
aoD2AG 225e2 2 20 - 0.02 0.23 33368
aoD2SG 225e2 2 20 - 0.02 0.23 33468
dry 1e3 5 122 - 0.03 0.11 26060
aoDLAV 1e3 5 122 - 0.02 0.15 30424
aoULAV 1e3 5 122 - 0.03 0.14 30436
aoD2AG 1e3 5 122 - 0.02 0.15 30744
aoD2SG 1e3 5 122 - 0.03 0.15 30776
moore 1e3 5 122 - 0.05 6.25 59800
nbpm 1e3 5 122 - 0.11 4.21 129356
greedy 1e3 5 122 - 0.09 0.94 139392
dry 56e4 2 132 - 0.04 0.17 41108
aoDLAV 56e4 2 132 - 0.08 1.86 107984
aoULAV 56e4 2 132 - 0.09 2.31 107984
aoD2AG 56e4 2 132 - 0.12 3.36 138560
aoD2SG 56e4 2 132 - 0.12 3.23 142868
dry 1e3 2 110 - 0.01 0.12 26020
aoDLAV 1e3 2 110 - 0.03 0.14 30280
aoULAV 1e3 2 110 - 0.03 0.14 30292
aoD2AG 1e3 2 110 - 0.02 0.15 30540
aoD2SG 1e3 2 110 - 0.02 0.15 30556
moore 1e3 2 110 - 0.03 8.54 59768
nbpm 1e3 2 110 - 0.13 3.84 138552
greedy 1e3 2 110 - 0.09 1.04 139248
dry 1e5 10 152 - 0.03 0.20 38396
aoDLAV 1e5 10 152 - 0.05 23.01 53536
aoULAV 1e5 10 152 - 0.05 28.93 55312
aoD2AG 1e5 10 152 - 0.06 18.61 62700
aoD2SG 1e5 10 152 - 0.06 27.01 66832
dry 5e4 2 21 - 0.02 0.12 29724
aoDLAV 5e4 2 21 - 0.03 0.26 33008
aoULAV 5e4 2 21 - 0.03 0.27 33312
aoD2AG 5e4 2 21 - 0.02 0.34 36408
aoD2SG 5e4 2 21 - 0.03 0.35 36420
dry 32e3 2 62 - 0.02 0.12 27296
aoDLAV 32e3 2 62 - 0.03 0.21 31436
aoULAV 32e3 2 62 - 0.02 0.23 32148
aoD2AG 32e3 2 62 - 0.03 0.24 35020
aoD2SG 32e3 2 62 - 0.02 0.26 34788
dry 5e4 2 10 - 0.02 0.13 29772
aoDLAV 5e4 2 10 - 0.03 0.28 33008
aoULAV 5e4 2 10 - 0.02 0.29 33312
aoD2AG 5e4 2 10 - 0.03 0.36 36416
aoD2SG 5e4 2 10 - 0.04 0.33 36428
dry 225e2 2 6 - 0.02 0.12 28848
aoDLAV 225e2 2 6 - 0.02 0.20 30980
aoULAV 225e2 2 6 - 0.04 0.19 30992
aoD2AG 225e2 2 6 - 0.03 0.21 33368
aoD2SG 225e2 2 6 - 0.03 0.23 33464
dry 1e6 2 183 - 0.04 0.20 49704
aoDLAV 1e6 2 183 - 0.14 3.90 178456
aoULAV 1e6 2 183 - 0.13 3.98 178460
aoD2AG 1e6 2 183 - 0.17 5.02 236872
aoD2SG 1e6 2 183 - 0.17 5.73 242616
dry 1e2 10 42 - 0.02 0.11 26004
aoDLAV 1e2 10 42 - 0.02 0.14 30260
aoULAV 1e2 10 42 - 0.03 0.14 30276
aoD2AG 1e2 10 42 - 0.02 0.15 30440
aoD2SG 1e2 10 42 - 0.02 0.14 30452
moore 1e2 10 42 - 0.03 0.21 30496
nbpm 1e2 10 42 - 0.08 2.16 53080
greedy 1e2 10 42 - 0.03 0.14 30972
dry 56e4 2 13 - 0.04 0.17 41108
aoDLAV 56e4 2 13 - 0.07 2.13 107988
aoULAV 56e4 2 13 - 0.08 2.23 107984
aoD2AG 56e4 2 13 - 0.10 3.26 139364
aoD2SG 56e4 2 13 - 0.12 3.53 144536
dry 56e4 2 95 - 0.04 0.19 41104
aoDLAV 56e4 2 95 - 0.08 2.14 107984
aoULAV 56e4 2 95 - 0.08 2.27 107988
aoD2AG 56e4 2 95 - 0.12 3.20 139748
aoD2SG 56e4 2 95 - 0.14 3.61 144748
dry 1e3 2 77 - 0.02 0.11 26020
aoDLAV 1e3 2 77 - 0.03 0.14 30280
aoULAV 1e3 2 77 - 0.03 0.14 30292
aoD2AG 1e3 2 77 - 0.03 0.14 30536
aoD2SG 1e3 2 77 - 0.03 0.15 30548
moore 1e3 2 77 - 0.11 6.53 59768
nbpm 1e3 2 77 - 0.11 4.09 138548
greedy 1e3 2 77 - 0.08 1.04 139244
dry 1e6 5 222 - 0.05 0.26 73152
aoDLAV 1e6 5 222 - 0.15 17.23 252692
aoULAV 1e6 5 222 - 0.18 20.11 252688
aoD2AG 1e6 5 222 - 0.22 21.68 324464
aoD2SG 1e6 5 222 - 0.21 26.29 332400
dry 250e2 2 228 - 0.02 0.12 27020
aoDLAV 250e2 2 228 - 0.03 0.20 31108
aoULAV 250e2 2 228 - 0.03 0.21 31212
aoD2AG 250e2 2 228 - 0.03 0.22 33864
aoD2SG 250e2 2 228 - 0.04 0.23 33964
dry 18e1 2 61 - 0.02 0.12 26004
aoDLAV 18e1 2 61 - 0.02 0.15 30184
aoULAV 18e1 2 61 - 0.03 0.14 30200
aoD2AG 18e1 2 61 - 0.03 0.15 30352
aoD2SG 18e1 2 61 - 0.02 0.15 30364
moore 18e1 2 61 - 0.02 0.29 30492
nbpm 18e1 2 61 - 0.08 2.30 54436
greedy 18e1 2 61 - 0.02 0.16 33348
dry 225e2 2 98 - 0.02 0.12 26920
aoDLAV 225e2 2 98 - 0.03 0.19 30980
aoULAV 225e2 2 98 - 0.02 0.19 30996
aoD2AG 225e2 2 98 - 0.03 0.22 33376
aoD2SG 225e2 2 98 - 0.03 0.22 33464
dry 1e3 10 30 - 0.03 0.11 26136
aoDLAV 1e3 10 30 - 0.02 0.17 30656
aoULAV 1e3 10 30 - 0.03 0.17 30668
aoD2AG 1e3 10 30 - 0.03 0.16 31060
aoD2SG 1e3 10 30 - 0.03 0.17 31084
moore 1e3 10 30 - 0.04 6.97 59840
nbpm 1e3 10 30 - 0.16 4.90 136140
greedy 1e3 10 30 - 0.09 1.08 139620
dry 5e4 2 138 - 0.03 0.12 29940
aoDLAV 5e4 2 138 - 0.02 0.31 33008
aoULAV 5e4 2 138 - 0.03 0.26 33312
aoD2AG 5e4 2 138 - 0.04 0.31 36412
aoD2SG 5e4 2 138 - 0.04 0.32 36424
dry 250e2 2 192 - 0.03 0.11 30628
aoDLAV 250e2 2 192 - 0.03 0.19 31108
aoULAV 250e2 2 192 - 0.03 0.20 31240
aoD2AG 250e2 2 192 - 0.03 0.23 33860
aoD2SG 250e2 2 192 - 0.04 0.22 33964
dry 300e2 2 189 - 0.02 0.13 29240
aoDLAV 300e2 2 189 - 0.03 0.23 31300
aoULAV 300e2 2 189 - 0.03 0.22 31892
aoD2AG 300e2 2 189 - 0.03 0.25 35064
aoD2SG 300e2 2 189 - 0.03 0.25 34716
dry 32e3 2 198 - 0.02 0.12 29296
aoDLAV 32e3 2 198 - 0.03 0.23 31440
aoULAV 32e3 2 198 - 0.02 0.23 32144
aoD2AG 32e3 2 198 - 0.03 0.25 35020
aoD2SG 32e3 2 198 - 0.03 0.27 34784
dry 325e2 2 143 - 0.03 0.11 27320
aoDLAV 325e2 2 143 - 0.03 0.21 31376
aoULAV 325e2 2 143 - 0.03 0.22 32084
aoD2AG 325e2 2 143 - 0.02 0.26 35000
aoD2SG 325e2 2 143 - 0.03 0.26 34764
dry 18e4 2 46 - 0.03 0.14 33108
aoDLAV 18e4 2 46 - 0.04 0.79 47860
aoULAV 18e4 2 46 - 0.04 0.81 47860
aoD2AG 18e4 2 46 - 0.06 0.97 58640
aoD2SG 18e4 2 46 - 0.06 1.06 60140
dry 325e2 2 162 - 0.03 0.11 27316
aoDLAV 325e2 2 162 - 0.02 0.22 31372
aoULAV 325e2 2 162 - 0.03 0.23 32084
aoD2AG 325e2 2 162 - 0.03 0.26 35000
aoD2SG 325e2 2 162 - 0.03 0.28 34760
dry 400e2 2 69 - 0.03 0.11 27616
aoDLAV 400e2 2 69 - 0.03 0.25 32236
aoULAV 400e2 2 69 - 0.03 0.23 33112
aoD2AG 400e2 2 69 - 0.04 0.26 36076
aoD2SG 400e2 2 69 - 0.03 0.29 35928
dry 250e2 2 158 - 0.02 0.12 28852
aoDLAV 250e2 2 158 - 0.03 0.19 31108
aoULAV 250e2 2 158 - 0.03 0.19 31212
aoD2AG 250e2 2 158 - 0.03 0.22 33860
aoD2SG 250e2 2 158 - 0.02 0.24 33960
dry 1e2 5 250 - 0.03 0.11 25996
aoDLAV 1e2 5 250 - 0.03 0.13 30216
aoULAV 1e2 5 250 - 0.03 0.14 30224
aoD2AG 1e2 5 250 - 0.03 0.14 30376
aoD2SG 1e2 5 250 - 0.03 0.14 30388
moore 1e2 5 250 - 0.04 0.22 30492
nbpm 1e2 5 250 - 0.07 2.18 53016
greedy 1e2 5 250 - 0.02 0.15 30924
dry 1e5 5 130 - 0.04 0.13 34476
aoDLAV 1e5 5 130 - 0.04 1.63 41816
aoULAV 1e5 5 130 - 0.06 1.67 43616
aoD2AG 1e5 5 130 - 0.05 1.77 53564
aoD2SG 1e5 5 130 - 0.04 2.09 53204
dry 1e5 2 154 - 0.02 0.14 31644
aoDLAV 1e5 2 154 - 0.04 0.40 34800
aoULAV 1e5 2 154 - 0.04 0.48 35320
aoD2AG 1e5 2 154 - 0.03 0.54 42604
aoD2SG 1e5 2 154 - 0.04 0.71 44136
dry 32e4 2 136 - 0.02 0.18 36424
aoDLAV 32e4 2 136 - 0.07 1.31 70828
aoULAV 32e4 2 136 - 0.06 1.27 70844
aoD2AG 32e4 2 136 - 0.07 1.73 89032
aoD2SG 32e4 2 136 - 0.07 1.95 91168
dry 400e2 2 219 - 0.02 0.12 27616
aoDLAV 400e2 2 219 - 0.03 0.23 32236
aoULAV 400e2 2 219 - 0.02 0.24 33112
aoD2AG 400e2 2 219 - 0.03 0.26 36072
aoD2SG 400e2 2 219 - 0.03 0.28 35932
dry 1e5 10 190 - 0.04 0.17 38396
aoDLAV 1e5 10 190 - 0.05 23.11 53540
aoULAV 1e5 10 190 - 0.17 22.98 55308
aoD2AG 1e5 10 190 - 0.06 23.27 62660
aoD2SG 1e5 10 190 - 0.06 27.00 66832
dry 56e3 2 161 - 0.02 0.12 30156
aoDLAV 56e3 2 161 - 0.02 0.29 33476
aoULAV 56e3 2 161 - 0.03 0.28 34700
aoD2AG 56e3 2 161 - 0.04 0.37 37284
aoD2SG 56e3 2 161 - 0.03 0.36 37296
dry 1e6 10 207 - 0.08 0.37 112232
aoDLAV 1e6 10 207 - 0.23 380.48 369884
aoULAV 1e6 10 207 - 0.30 377.33 369964
aoD2AG 1e6 10 207 - 0.40 385.26 449224
aoD2SG 1e6 10 207 - 0.41 557.85 456508
dry 1e5 5 116 - 0.03 0.14 34476
aoDLAV 1e5 5 116 - 0.04 1.47 41816
aoULAV 1e5 5 116 - 0.05 1.48 43572
aoD2AG 1e5 5 116 - 0.04 1.62 53564
aoD2SG 1e5 5 116 - 0.05 1.84 53196
dry 1e3 2 10 - 0.03 0.11 26024
aoDLAV 1e3 2 10 - 0.02 0.14 30280
aoULAV 1e3 2 10 - 0.03 0.13 30292
aoD2AG 1e3 2 10 - 0.03 0.14 30536
aoD2SG 1e3 2 10 - 0.02 0.15 30556
moore 1e3 2 10 - 0.04 5.26 59776
nbpm 1e3 2 10 - 0.13 4.10 138564
greedy 1e3 2 10 - 0.08 1.05 139244
dry 18e4 2 89 - 0.03 0.13 33108
aoDLAV 18e4 2 89 - 0.05 0.78 47860
aoULAV 18e4 2 89 - 0.05 0.75 47860
aoD2AG 18e4 2 89 - 0.05 0.96 58644
aoD2SG 18e4 2 89 - 0.05 1.06 59912
dry 56e4 2 90 - 0.03 0.19 41104
aoDLAV 56e4 2 90 - 0.08 2.14 107984
aoULAV 56e4 2 90 - 0.09 2.23 107988
aoD2AG 56e4 2 90 - 0.10 3.23 139456
aoD2SG 56e4 2 90 - 0.11 3.63 144540
dry 1e3 5 124 - 0.02 0.12 26060
aoDLAV 1e3 5 124 - 0.02 0.15 30424
aoULAV 1e3 5 124 - 0.03 0.14 30436
aoD2AG 1e3 5 124 - 0.03 0.14 30724
aoD2SG 1e3 5 124 - 0.03 0.15 30752
moore 1e3 5 124 - 0.04 4.88 59804
nbpm 1e3 5 124 - 0.10 4.50 129248
greedy 1e3 5 124 - 0.09 1.04 139392
dry 32e3 2 202 - 0.02 0.12 27296
aoDLAV 32e3 2 202 - 0.03 0.22 31436
aoULAV 32e3 2 202 - 0.03 0.23 32148
aoD2AG 32e3 2 202 - 0.03 0.25 35020
aoD2SG 32e3 2 202 - 0.03 0.26 34788
dry 1e2 5 72 - 0.03 0.11 25996
aoDLAV 1e2 5 72 - 0.02 0.15 30212
aoULAV 1e2 5 72 - 0.03 0.14 30224
aoD2AG 1e2 5 72 - 0.03 0.15 30384
aoD2SG 1e2 5 72 - 0.04 0.13 30388
moore 1e2 5 72 - 0.03 0.24 30492
nbpm 1e2 5 72 - 0.07 2.19 53020
greedy 1e2 5 72 - 0.02 0.15 30920
dry 5e4 2 8 - 0.02 0.12 29432
aoDLAV 5e4 2 8 - 0.03 0.28 33008
aoULAV 5e4 2 8 - 0.03 0.28 33312
aoD2AG 5e4 2 8 - 0.04 0.34 36412
aoD2SG 5e4 2 8 - 0.02 0.38 36420
dry 32e3 2 154 - 0.02 0.12 29264
aoDLAV 32e3 2 154 - 0.02 0.23 31436
aoULAV 32e3 2 154 - 0.03 0.22 32144
aoD2AG 32e3 2 154 - 0.03 0.25 35024
aoD2SG 32e3 2 154 - 0.03 0.27 34792
dry 250e2 2 177 - 0.03 0.11 27020
aoDLAV 250e2 2 177 - 0.04 0.19 31108
aoULAV 250e2 2 177 - 0.03 0.20 31212
aoD2AG 250e2 2 177 - 0.03 0.22 33860
aoD2SG 250e2 2 177 - 0.04 0.22 33960
dry 32e3 2 223 - 0.03 0.11 27300
aoDLAV 32e3 2 223 - 0.03 0.22 31436
aoULAV 32e3 2 223 - 0.03 0.22 32152
aoD2AG 32e3 2 223 - 0.03 0.24 35024
aoD2SG 32e3 2 223 - 0.03 0.25 34788
dry 18e1 2 16 - 0.02 0.12 27952
aoDLAV 18e1 2 16 - 0.03 0.14 30184
aoULAV 18e1 2 16 - 0.03 0.13 30196
aoD2AG 18e1 2 16 - 0.02 0.14 30348
aoD2SG 18e1 2 16 - 0.02 0.14 30396
moore 18e1 2 16 - 0.03 0.25 30500
nbpm 18e1 2 16 - 0.08 2.12 54448
greedy 18e1 2 16 - 0.03 0.15 33348
dry 18e1 2 188 - 0.03 0.11 26004
aoDLAV 18e1 2 188 - 0.02 0.14 30184
aoULAV 18e1 2 188 - 0.03 0.14 30200
aoD2AG 18e1 2 188 - 0.03 0.14 30356
aoD2SG 18e1 2 188 - 0.02 0.15 30364
moore 18e1 2 188 - 0.03 0.23 30492
nbpm 18e1 2 188 - 0.08 2.18 54436
greedy 18e1 2 188 - 0.02 0.16 33348
dry 32e1 2 195 - 0.02 0.12 26000
aoDLAV 32e1 2 195 - 0.03 0.14 30196
aoULAV 32e1 2 195 - 0.03 0.14 30212
aoD2AG 32e1 2 195 - 0.02 0.15 30376
aoD2SG 32e1 2 195 - 0.03 0.14 30384
moore 32e1 2 195 - 0.04 0.43 33680
nbpm 32e1 2 195 - 0.07 2.40 58300
greedy 32e1 2 195 - 0.03 0.23 40972
dry 1e5 5 224 - 0.03 0.14 34476
aoDLAV 1e5 5 224 - 0.04 1.63 41816
aoULAV 1e5 5 224 - 0.04 1.66 43576
aoD2AG 1e5 5 224 - 0.04 1.83 53564
aoD2SG 1e5 5 224 - 0.05 1.99 53200
dry 1e6 5 123 - 0.06 0.27 73156
aoDLAV 1e6 5 123 - 0.15 19.53 252688
aoULAV 1e6 5 123 - 0.15 19.27 252688
aoD2AG 1e6 5 123 - 0.21 21.66 323264
aoD2SG 1e6 5 123 - 0.21 25.26 332328
dry 1e6 10 239 - 0.07 0.40 112236
aoDLAV 1e6 10 239 - 0.22 386.11 369884
aoULAV 1e6 10 239 - 0.30 387.65 369996
aoD2AG 1e6 10 239 - 0.42 378.58 447652
aoD2SG 1e6 10 239 - 0.44 499.86 456328
