dry 6e7 2 64 - 0.46 1.61 1202044
aoDLAV 6e7 2 64 - 4.39 345.25 8924560
aoULAV 6e7 2 64 - 6.10 366.99 8924564
aoD2AG 6e7 2 64 - 11.47 511.62 13121148
aoD2SG 6e7 2 64 - 12.29 623.96 13601568
dry 4e7 2 190 - 0.45 1.32 811424
aoDLAV 4e7 2 190 - 3.33 236.07 5955820
aoULAV 4e7 2 190 - 4.32 246.96 5955816
aoD2AG 4e7 2 190 - 7.90 357.11 8755216
aoD2SG 4e7 2 190 - 8.25 408.37 9070744
dry 6e7 2 63 - 0.75 1.95 1202044
aoDLAV 6e7 2 63 - 5.36 352.88 8924560
aoULAV 6e7 2 63 - 6.82 506.12 8924560
aoD2AG 6e7 2 63 - 11.98 554.10 13121516
aoD2SG 6e7 2 63 - 12.82 630.90 13597616
dry 32e6 2 157 - 0.38 1.09 655180
aoDLAV 32e6 2 157 - 2.90 184.82 4768328
aoULAV 32e6 2 157 - 2.82 186.82 4768328
aoD2AG 32e6 2 157 - 6.72 269.87 7007184
aoD2SG 32e6 2 157 - 6.65 307.76 7263084
dry 25e2 2 45 - 0.02 0.12 26084
aoDLAV 25e2 2 45 - 0.03 0.14 30456
aoULAV 25e2 2 45 - 0.03 0.15 30464
aoD2AG 25e2 2 45 - 0.03 0.15 30980
aoD2SG 25e2 2 45 - 0.03 0.15 31044
moore 25e2 2 45 - 0.10 23.97 213604
nbpm 25e2 2 45 - 0.53 12.09 541644
greedy 25e2 2 45 - 0.38 8.09 713664
dry 5e7 2 123 - 0.61 1.61 1006736
aoDLAV 5e7 2 123 - 4.01 287.13 7440192
aoULAV 5e7 2 123 - 5.14 303.35 7440196
aoD2AG 5e7 2 123 - 9.70 441.57 10936212
aoD2SG 5e7 2 123 - 10.48 516.68 11334044
dry 7e7 2 198 - 0.83 2.17 1397356
aoDLAV 7e7 2 198 - 5.69 423.71 10408936
aoULAV 7e7 2 198 - 7.83 457.29 10408936
aoD2AG 7e7 2 198 - 13.19 635.57 15305240
aoD2SG 7e7 2 198 - 14.50 780.94 15863452
dry 25e2 2 21 - 0.03 0.12 26084
aoDLAV 25e2 2 21 - 0.03 0.15 30456
aoULAV 25e2 2 21 - 0.02 0.15 30468
aoD2AG 25e2 2 21 - 0.02 0.16 30992
aoD2SG 25e2 2 21 - 0.03 0.15 31036
moore 25e2 2 21 - 0.11 36.67 213604
nbpm 25e2 2 21 - 0.57 11.97 541644
greedy 25e2 2 21 - 0.40 9.11 713668
dry 7e7 2 117 - 0.72 2.15 1397356
aoDLAV 7e7 2 117 - 6.12 428.10 10408940
aoULAV 7e7 2 117 - 7.84 456.35 10408936
aoD2AG 7e7 2 117 - 13.49 658.54 15305052
aoD2SG 7e7 2 117 - 14.70 748.03 15862544
dry 1e4 2 245 - 0.02 0.12 26432
aoDLAV 1e4 2 245 - 0.03 0.17 31868
aoULAV 1e4 2 245 - 0.03 0.18 31880
aoD2AG 1e4 2 245 - 0.03 0.19 31876
aoD2SG 1e4 2 245 - 0.03 0.19 31992
moore 1e4 2 245 - 1.09 1001.98 2960580
nbpm 1e4 2 245 - 7.67 365.48 7889424
greedy 1e4 2 245 - 6.45 266.10 10968568
dry 32e2 2 111 - 0.03 0.12 26116
aoDLAV 32e2 2 111 - 0.03 0.15 30544
aoULAV 32e2 2 111 - 0.03 0.15 30552
aoD2AG 32e2 2 111 - 0.02 0.16 31204
aoD2SG 32e2 2 111 - 0.04 0.15 31312
moore 32e2 2 111 - 0.15 37.47 330512
nbpm 32e2 2 111 - 0.95 20.15 854752
greedy 32e2 2 111 - 0.74 20.10 1150164
dry 7e7 2 241 - 0.83 2.23 1397356
aoDLAV 7e7 2 241 - 5.72 429.67 10408940
aoULAV 7e7 2 241 - 7.51 443.49 10408972
aoD2AG 7e7 2 241 - 13.68 652.39 15304504
aoD2SG 7e7 2 241 - 14.72 747.23 15863148
dry 3e7 2 240 - 0.37 1.05 616108
aoDLAV 3e7 2 240 - 2.40 178.18 4471428
aoULAV 3e7 2 240 - 2.60 178.47 4471428
aoD2AG 3e7 2 240 - 5.86 263.49 6569820
aoD2SG 3e7 2 240 - 6.16 295.38 6811772
dry 25e2 2 135 - 0.02 0.12 26080
aoDLAV 25e2 2 135 - 0.04 0.13 30452
aoULAV 25e2 2 135 - 0.03 0.14 30464
aoD2AG 25e2 2 135 - 0.02 0.15 30976
aoD2SG 25e2 2 135 - 0.03 0.15 31024
moore 25e2 2 135 - 0.10 45.57 213644
nbpm 25e2 2 135 - 0.53 12.82 541636
greedy 25e2 2 135 - 0.53 12.77 713664
dry 75e2 2 148 - 0.02 0.12 26328
aoDLAV 75e2 2 148 - 0.02 0.16 31380
aoULAV 75e2 2 148 - 0.03 0.15 31388
aoD2AG 75e2 2 148 - 0.02 0.18 31384
aoD2SG 75e2 2 148 - 0.02 0.19 31380
moore 75e2 2 148 - 0.77 400.33 1683856
nbpm 75e2 2 148 - 4.21 156.59 4242132
greedy 75e2 2 148 - 3.66 149.43 6183092
dry 75e2 2 77 - 0.02 0.12 26328
aoDLAV 75e2 2 77 - 0.03 0.15 31376
aoULAV 75e2 2 77 - 0.03 0.15 31388
aoD2AG 75e2 2 77 - 0.03 0.17 31380
aoD2SG 75e2 2 77 - 0.03 0.18 31384
moore 75e2 2 77 - 0.70 375.05 1683872
nbpm 75e2 2 77 - 4.12 159.95 4242124
greedy 75e2 2 77 - 3.98 154.68 6183092
dry 75e2 2 227 - 0.03 0.11 26328
aoDLAV 75e2 2 227 - 0.03 0.16 31376
aoULAV 75e2 2 227 - 0.04 0.14 31388
aoD2AG 75e2 2 227 - 0.03 0.17 31384
aoD2SG 75e2 2 227 - 0.03 0.18 31384
moore 75e2 2 227 - 0.73 383.94 1683880
nbpm 75e2 2 227 - 4.25 157.09 4242132
greedy 75e2 2 227 - 3.74 157.20 6183092
dry 7e7 2 60 - 0.89 2.28 1397356
aoDLAV 7e7 2 60 - 6.16 425.24 10408940
aoULAV 7e7 2 60 - 7.76 447.01 10408936
aoD2AG 7e7 2 60 - 13.79 634.68 15305840
aoD2SG 7e7 2 60 - 14.71 770.29 15862128
dry 1e4 2 93 - 0.02 0.13 26432
aoDLAV 1e4 2 93 - 0.03 0.18 31864
aoULAV 1e4 2 93 - 0.03 0.18 31876
aoD2AG 1e4 2 93 - 0.04 0.18 31880
aoD2SG 1e4 2 93 - 0.04 0.18 31988
moore 1e4 2 93 - 1.17 1069.56 2960584
nbpm 1e4 2 93 - 7.41 341.18 7889428
greedy 1e4 2 93 - 6.78 275.49 10968568
dry 32e2 2 21 - 0.02 0.12 26112
aoDLAV 32e2 2 21 - 0.03 0.15 30540
aoULAV 32e2 2 21 - 0.03 0.15 30556
aoD2AG 32e2 2 21 - 0.04 0.15 31204
aoD2SG 32e2 2 21 - 0.03 0.16 31256
moore 32e2 2 21 - 0.16 35.37 330524
nbpm 32e2 2 21 - 0.90 24.70 854760
greedy 32e2 2 21 - 0.71 21.32 1150164
dry 25e2 2 126 - 0.03 0.11 26080
aoDLAV 25e2 2 126 - 0.03 0.15 30452
aoULAV 25e2 2 126 - 0.03 0.15 30464
aoD2AG 25e2 2 126 - 0.04 0.14 30988
aoD2SG 25e2 2 126 - 0.03 0.15 31024
moore 25e2 2 126 - 0.12 25.53 213604
nbpm 25e2 2 126 - 0.54 12.68 541644
greedy 25e2 2 126 - 0.43 10.06 713668
dry 56e6 2 248 - 0.67 1.81 1123924
aoDLAV 56e6 2 248 - 4.76 334.68 8330816
aoULAV 56e6 2 248 - 6.34 358.32 8330816
aoD2AG 56e6 2 248 - 10.72 494.87 12247780
aoD2SG 56e6 2 248 - 11.55 613.71 12693092
dry 75e2 2 51 - 0.02 0.12 26328
aoDLAV 75e2 2 51 - 0.03 0.15 31380
aoULAV 75e2 2 51 - 0.04 0.15 31392
aoD2AG 75e2 2 51 - 0.03 0.17 31384
aoD2SG 75e2 2 51 - 0.03 0.18 31380
moore 75e2 2 51 - 1.64 584.60 1688776
nbpm 75e2 2 51 - 4.12 165.83 4242124
greedy 75e2 2 51 - 3.93 160.75 6183088
dry 1e4 10 199 - 0.02 0.13 27688
aoDLAV 1e4 10 199 - 0.04 0.75 32768
aoULAV 1e4 10 199 - 0.04 0.74 32776
aoD2AG 1e4 10 199 - 0.05 0.73 32744
aoD2SG 1e4 10 199 - 0.04 0.87 34176
moore 1e4 10 199 - 1.18 1054.66 2963856
nbpm 1e4 10 199 - 7.90 753.70 7764384
greedy 1e4 10 199 - 6.58 273.65 10961108
dry 7e7 2 224 - 0.83 2.23 1397356
aoDLAV 7e7 2 224 - 5.63 421.47 10408936
aoULAV 7e7 2 224 - 7.29 454.38 10408940
aoD2AG 7e7 2 224 - 14.44 657.45 15303260
aoD2SG 7e7 2 224 - 14.71 746.43 15859788
dry 4e7 2 149 - 0.48 1.34 811424
aoDLAV 4e7 2 149 - 3.74 280.21 5955820
aoULAV 4e7 2 149 - 4.45 242.93 5955816
aoD2AG 4e7 2 149 - 8.13 409.12 8755244
aoD2SG 4e7 2 149 - 8.65 399.17 9073572
dry 3e7 2 172 - 0.36 1.04 616108
aoDLAV 3e7 2 172 - 2.49 169.71 4471428
aoULAV 3e7 2 172 - 3.24 174.34 4471428
aoD2AG 3e7 2 172 - 5.52 257.35 6571056
aoD2SG 3e7 2 172 - 6.19 303.18 6809160
dry 1e4 10 213 - 0.04 0.11 28996
aoDLAV 1e4 10 213 - 0.03 0.69 32764
aoULAV 1e4 10 213 - 0.04 0.68 32776
aoD2AG 1e4 10 213 - 0.03 0.72 32748
aoD2SG 1e4 10 213 - 0.03 0.77 34180
moore 1e4 10 213 - 1.30 1082.95 2963856
nbpm 1e4 10 213 - 7.47 739.43 7764384
greedy 1e4 10 213 - 6.14 275.78 10961108
dry 1e4 2 26 - 0.02 0.12 27956
aoDLAV 1e4 2 26 - 0.03 0.17 31868
aoULAV 1e4 2 26 - 0.04 0.16 31876
aoD2AG 1e4 2 26 - 0.04 0.17 31876
aoD2SG 1e4 2 26 - 0.04 0.17 31992
moore 1e4 2 26 - 1.17 907.08 2960584
nbpm 1e4 2 26 - 7.62 338.96 7889424
greedy 1e4 2 26 - 6.21 270.67 10968568
dry 32e6 2 248 - 0.36 1.10 655180
aoDLAV 32e6 2 248 - 2.67 179.71 4768324
aoULAV 32e6 2 248 - 3.45 188.88 4768324
aoD2AG 32e6 2 248 - 5.54 273.78 7007676
aoD2SG 32e6 2 248 - 6.77 391.91 7262460
dry 56e2 2 100 - 0.03 0.12 26236
aoDLAV 56e2 2 100 - 0.03 0.15 30976
aoULAV 56e2 2 100 - 0.03 0.16 30988
aoD2AG 56e2 2 100 - 0.03 0.18 31988
aoD2SG 56e2 2 100 - 0.02 0.18 31128
moore 56e2 2 100 - 1.04 284.09 952716
nbpm 56e2 2 100 - 2.63 74.58 2388080
greedy 56e2 2 100 - 2.03 77.59 3460488
dry 1e4 5 166 - 0.03 0.13 26904
aoDLAV 1e4 5 166 - 0.03 0.23 31084
aoULAV 1e4 5 166 - 0.03 0.22 31096
aoD2AG 1e4 5 166 - 0.03 0.24 32108
aoD2SG 1e4 5 166 - 0.03 0.24 32172
moore 1e4 5 166 - 1.15 934.62 2961736
nbpm 1e4 5 166 - 7.57 612.14 7811452
greedy 1e4 5 166 - 7.09 290.76 10959172
dry 7e7 2 248 - 1.73 2.23 1397356
aoDLAV 7e7 2 248 - 7.07 422.91 10408936
aoULAV 7e7 2 248 - 7.64 455.57 10408936
aoD2AG 7e7 2 248 - 14.14 716.21 15304260
aoD2SG 7e7 2 248 - 15.06 834.45 15863556
dry 75e2 2 28 - 0.03 0.11 26332
aoDLAV 75e2 2 28 - 0.03 0.17 31376
aoULAV 75e2 2 28 - 0.04 0.16 31392
aoD2AG 75e2 2 28 - 0.03 0.19 31440
aoD2SG 75e2 2 28 - 0.03 0.19 31384
moore 75e2 2 28 - 1.04 462.88 1688784
nbpm 75e2 2 28 - 4.35 154.55 4242124
greedy 75e2 2 28 - 3.95 152.77 6183088
dry 2e7 2 214 - 0.26 0.74 420796
aoDLAV 2e7 2 214 - 1.86 112.88 2987068
aoULAV 2e7 2 214 - 2.26 116.04 2987072
aoD2AG 2e7 2 214 - 3.54 160.72 4386064
aoD2SG 2e7 2 214 - 4.03 188.14 4545264
dry 56e6 2 246 - 0.63 1.78 1123924
aoDLAV 56e6 2 246 - 4.90 326.39 8330816
aoULAV 56e6 2 246 - 6.19 353.52 8330816
aoD2AG 56e6 2 246 - 11.12 510.67 12247272
aoD2SG 56e6 2 246 - 11.44 578.79 12693876
dry 18e6 2 76 - 0.20 0.72 381736
aoDLAV 18e6 2 76 - 1.65 99.69 2690196
aoULAV 18e6 2 76 - 1.93 102.18 2690248
aoD2AG 18e6 2 76 - 3.16 141.12 3948184
aoD2SG 18e6 2 76 - 3.80 170.53 4092928
dry 1e4 2 147 - 0.03 0.11 26432
aoDLAV 1e4 2 147 - 0.04 0.17 31864
aoULAV 1e4 2 147 - 0.03 0.17 31876
aoD2AG 1e4 2 147 - 0.03 0.18 31880
aoD2SG 1e4 2 147 - 0.04 0.17 31988
moore 1e4 2 147 - 1.10 1126.42 2960580
nbpm 1e4 2 147 - 7.51 356.30 7889424
greedy 1e4 2 147 - 6.85 267.49 10968572
dry 32e2 2 177 - 0.03 0.12 26112
aoDLAV 32e2 2 177 - 0.04 0.14 30544
aoULAV 32e2 2 177 - 0.03 0.15 30552
aoD2AG 32e2 2 177 - 0.03 0.16 31200
aoD2SG 32e2 2 177 - 0.03 0.16 31264
moore 32e2 2 177 - 0.31 68.24 330512
nbpm 32e2 2 177 - 0.85 21.39 854756
greedy 32e2 2 177 - 0.65 22.53 1150164
dry 1e4 10 209 - 0.02 0.12 28920
aoDLAV 1e4 10 209 - 0.03 0.67 32764
aoULAV 1e4 10 209 - 0.03 0.67 32776
aoD2AG 1e4 10 209 - 0.03 0.69 32776
aoD2SG 1e4 10 209 - 0.03 0.76 34180
moore 1e4 10 209 - 1.22 863.65 2963856
nbpm 1e4 10 209 - 7.67 766.66 7764384
greedy 1e4 10 209 - 6.26 280.54 10961108
dry 56e2 2 187 - 0.02 0.12 26236
aoDLAV 56e2 2 187 - 0.03 0.15 30976
aoULAV 56e2 2 187 - 0.03 0.15 30988
aoD2AG 56e2 2 187 - 0.03 0.17 31980
aoD2SG 56e2 2 187 - 0.03 0.17 31120
moore 56e2 2 187 - 0.47 179.54 952724
nbpm 56e2 2 187 - 2.50 71.82 2388088
greedy 56e2 2 187 - 2.21 82.22 3460488
dry 32e2 2 169 - 0.03 0.12 26112
aoDLAV 32e2 2 169 - 0.03 0.15 30540
aoULAV 32e2 2 169 - 0.03 0.15 30552
aoD2AG 32e2 2 169 - 0.02 0.15 31200
aoD2SG 32e2 2 169 - 0.02 0.16 31260
moore 32e2 2 169 - 0.28 68.56 330512
nbpm 32e2 2 169 - 0.85 19.34 854756
greedy 32e2 2 169 - 0.76 21.90 1150168
dry 18e2 2 169 - 0.03 0.12 26048
aoDLAV 18e2 2 169 - 0.04 0.14 30372
aoULAV 18e2 2 169 - 0.03 0.14 30384
aoD2AG 18e2 2 169 - 0.04 0.14 30788
aoD2SG 18e2 2 169 - 0.03 0.15 30828
moore 18e2 2 169 - 0.07 12.52 125420
nbpm 18e2 2 169 - 0.19 7.40 334536
greedy 18e2 2 169 - 0.24 4.50 384352
dry 56e6 2 93 - 0.59 1.82 1123924
aoDLAV 56e6 2 93 - 4.59 329.14 8330820
aoULAV 56e6 2 93 - 6.26 348.78 8330816
aoD2AG 56e6 2 93 - 11.19 495.95 12247304
aoD2SG 56e6 2 93 - 11.27 582.20 12696264
dry 56e2 2 145 - 0.02 0.12 26236
aoDLAV 56e2 2 145 - 0.02 0.15 30976
aoULAV 56e2 2 145 - 0.03 0.15 30992
aoD2AG 56e2 2 145 - 0.03 0.17 31960
aoD2SG 56e2 2 145 - 0.04 0.16 31124
moore 56e2 2 145 - 0.77 242.84 952716
nbpm 56e2 2 145 - 2.50 70.04 2388084
greedy 56e2 2 145 - 2.47 85.41 3460492
dry 1e4 2 242 - 0.02 0.13 26432
aoDLAV 1e4 2 242 - 0.04 0.17 31868
aoULAV 1e4 2 242 - 0.03 0.18 31880
aoD2AG 1e4 2 242 - 0.04 0.19 31876
aoD2SG 1e4 2 242 - 0.04 0.19 31988
moore 1e4 2 242 - 1.18 1247.82 2960572
nbpm 1e4 2 242 - 7.72 376.64 7889416
greedy 1e4 2 242 - 6.32 283.00 10968568
dry 7e7 2 14 - 0.88 2.18 1397356
aoDLAV 7e7 2 14 - 6.00 427.31 10408936
aoULAV 7e7 2 14 - 7.96 547.18 10408936
aoD2AG 7e7 2 14 - 13.39 631.43 15306108
aoD2SG 7e7 2 14 - 14.39 742.54 15861088
dry 32e2 2 235 - 0.02 0.12 26112
aoDLAV 32e2 2 235 - 0.02 0.15 30540
aoULAV 32e2 2 235 - 0.03 0.15 30552
aoD2AG 32e2 2 235 - 0.03 0.15 31196
aoD2SG 32e2 2 235 - 0.03 0.15 31252
moore 32e2 2 235 - 0.38 80.89 330520
nbpm 32e2 2 235 - 0.93 21.24 854760
greedy 32e2 2 235 - 0.73 23.23 1150168
dry 1e4 10 238 - 0.03 0.12 27952
aoDLAV 1e4 10 238 - 0.03 0.91 32784
aoULAV 1e4 10 238 - 0.04 0.83 32780
aoD2AG 1e4 10 238 - 0.03 0.96 32744
aoD2SG 1e4 10 238 - 0.04 0.91 34180
moore 1e4 10 238 - 1.13 1081.96 2963856
nbpm 1e4 10 238 - 7.83 752.09 7764388
greedy 1e4 10 238 - 6.77 278.49 10961108
dry 50e2 2 194 - 0.02 0.12 26204
aoDLAV 50e2 2 194 - 0.02 0.16 30848
aoULAV 50e2 2 194 - 0.04 0.15 30860
aoD2AG 50e2 2 194 - 0.03 0.15 31792
aoD2SG 50e2 2 194 - 0.04 0.16 31864
moore 50e2 2 194 - 0.41 142.99 764624
nbpm 50e2 2 194 - 2.03 63.38 2011916
greedy 50e2 2 194 - 1.90 62.75 2764784
dry 5e7 2 118 - 0.72 1.68 1006748
aoDLAV 5e7 2 118 - 4.32 310.20 7440192
aoULAV 5e7 2 118 - 5.60 340.48 7440192
aoD2AG 5e7 2 118 - 9.39 435.01 10938744
aoD2SG 5e7 2 118 - 10.20 530.92 11337220
