dry 5e4 5 222 - 0.02 0.13 31156
aoDLAV 5e4 5 222 - 0.04 0.65 34704
aoULAV 5e4 5 222 - 0.02 0.55 34708
aoD2AG 5e4 5 222 - 0.03 0.59 37732
aoD2SG 5e4 5 222 - 0.03 0.65 37936
dry 250e2 2 184 - 0.02 0.11 27020
aoDLAV 250e2 2 184 - 0.03 0.16 31108
aoULAV 250e2 2 184 - 0.03 0.18 31212
aoD2AG 250e2 2 184 - 0.02 0.21 33864
aoD2SG 250e2 2 184 - 0.02 0.21 33968
dry 1e5 5 188 - 0.03 0.13 34476
aoDLAV 1e5 5 188 - 0.04 1.38 41820
aoULAV 1e5 5 188 - 0.04 1.03 43572
aoD2AG 1e5 5 188 - 0.04 1.14 53560
aoD2SG 1e5 5 188 - 0.05 1.57 53464
dry 56e1 2 45 - 0.02 0.11 26008
aoDLAV 56e1 2 45 - 0.03 0.13 30224
aoULAV 56e1 2 45 - 0.02 0.14 30232
aoD2AG 56e1 2 45 - 0.02 0.14 30416
aoD2SG 56e1 2 45 - 0.03 0.13 30428
moore 56e1 2 45 - 0.03 2.89 39652
nbpm 56e1 2 45 - 0.10 2.63 78704
greedy 56e1 2 45 - 0.04 0.35 64104
dry 275e2 2 37 - 0.02 0.12 27120
aoDLAV 275e2 2 37 - 0.02 0.20 31240
aoULAV 275e2 2 37 - 0.02 0.20 31572
aoD2AG 275e2 2 37 - 0.03 0.21 34692
aoD2SG 275e2 2 37 - 0.03 0.23 34808
dry 1e5 10 10 - 0.03 0.17 38396
aoDLAV 1e5 10 10 - 0.04 18.41 53536
aoULAV 1e5 10 10 - 0.04 18.05 55308
aoD2AG 1e5 10 10 - 0.04 19.91 62784
aoD2SG 1e5 10 10 - 0.05 25.00 66832
dry 1e6 5 86 - 0.05 0.28 73156
aoDLAV 1e6 5 86 - 0.14 28.17 252692
aoULAV 1e6 5 86 - 0.14 24.33 252692
aoD2AG 1e6 5 86 - 0.20 21.92 324452
aoD2SG 1e6 5 86 - 0.22 25.29 331784
dry 32e4 2 133 - 0.04 0.15 36424
aoDLAV 32e4 2 133 - 0.05 1.25 70832
aoULAV 32e4 2 133 - 0.06 1.26 70840
aoD2AG 32e4 2 133 - 0.07 1.74 88256
aoD2SG 32e4 2 133 - 0.07 1.95 90780
dry 56e4 2 60 - 0.04 0.18 41104
aoDLAV 56e4 2 60 - 0.08 2.08 107984
aoULAV 56e4 2 60 - 0.09 2.08 107984
aoD2AG 56e4 2 60 - 0.11 3.09 140064
aoD2SG 56e4 2 60 - 0.12 3.42 143180
dry 1e2 10 219 - 0.03 0.11 26004
aoDLAV 1e2 10 219 - 0.02 0.14 30264
aoULAV 1e2 10 219 - 0.02 0.14 30272
aoD2AG 1e2 10 219 - 0.03 0.14 30444
aoD2SG 1e2 10 219 - 0.02 0.15 30452
moore 1e2 10 219 - 0.03 0.22 30496
nbpm 1e2 10 219 - 0.08 2.10 53076
greedy 1e2 10 219 - 0.03 0.14 30972
dry 350e2 2 204 - 0.02 0.12 27420
aoDLAV 350e2 2 204 - 0.03 0.22 31484
aoULAV 350e2 2 204 - 0.03 0.22 32260
aoD2AG 350e2 2 204 - 0.03 0.25 34848
aoD2SG 350e2 2 204 - 0.02 0.27 35132
dry 56e4 2 108 - 0.04 0.17 41104
aoDLAV 56e4 2 108 - 0.07 1.99 107984
aoULAV 56e4 2 108 - 0.07 2.17 107988
aoD2AG 56e4 2 108 - 0.12 2.86 138672
aoD2SG 56e4 2 108 - 0.12 3.61 144036
dry 32e1 2 22 - 0.02 0.12 26000
aoDLAV 32e1 2 22 - 0.02 0.15 30196
aoULAV 32e1 2 22 - 0.03 0.14 30212
aoD2AG 32e1 2 22 - 0.03 0.15 30376
aoD2SG 32e1 2 22 - 0.02 0.15 30412
moore 32e1 2 22 - 0.02 0.63 33684
nbpm 32e1 2 22 - 0.08 2.53 58308
greedy 32e1 2 22 - 0.03 0.21 40972
dry 1e5 2 167 - 0.03 0.14 31556
aoDLAV 1e5 2 167 - 0.03 0.42 34800
aoULAV 1e5 2 167 - 0.03 0.47 35320
aoD2AG 1e5 2 167 - 0.03 0.59 42608
aoD2SG 1e5 2 167 - 0.04 0.62 43800
dry 5e4 10 180 - 0.03 0.13 33948
aoDLAV 5e4 10 180 - 0.04 7.79 40200
aoULAV 5e4 10 180 - 0.04 7.85 40200
aoD2AG 5e4 10 180 - 0.05 7.91 44980
aoD2SG 5e4 10 180 - 0.04 8.96 44996
dry 1e6 5 10 - 0.05 0.27 73152
aoDLAV 1e6 5 10 - 0.15 19.50 252688
aoULAV 1e6 5 10 - 0.15 20.10 252688
aoD2AG 1e6 5 10 - 0.22 20.23 324124
aoD2SG 1e6 5 10 - 0.21 23.59 333736
dry 225e2 2 4 - 0.02 0.12 28856
aoDLAV 225e2 2 4 - 0.02 0.20 30984
aoULAV 225e2 2 4 - 0.03 0.19 30996
aoD2AG 225e2 2 4 - 0.03 0.21 33368
aoD2SG 225e2 2 4 - 0.04 0.21 33516
dry 300e2 2 44 - 0.03 0.11 27216
aoDLAV 300e2 2 44 - 0.03 0.21 31300
aoULAV 300e2 2 44 - 0.02 0.22 31896
aoD2AG 300e2 2 44 - 0.02 0.24 35056
aoD2SG 300e2 2 44 - 0.03 0.25 34716
dry 56e1 2 25 - 0.02 0.11 26008
aoDLAV 56e1 2 25 - 0.02 0.15 30220
aoULAV 56e1 2 25 - 0.03 0.14 30232
aoD2AG 56e1 2 25 - 0.02 0.14 30416
aoD2SG 56e1 2 25 - 0.02 0.15 30424
moore 56e1 2 25 - 0.04 1.18 39688
nbpm 56e1 2 25 - 0.08 2.99 78712
greedy 56e1 2 25 - 0.05 0.38 64104
dry 1e6 10 189 - 0.08 0.40 112232
aoDLAV 1e6 10 189 - 0.21 377.37 369884
aoULAV 1e6 10 189 - 0.29 376.16 369884
aoD2AG 1e6 10 189 - 0.40 376.34 448812
aoD2SG 1e6 10 189 - 0.41 457.81 457664
dry 32e4 2 174 - 0.03 0.16 36428
aoDLAV 32e4 2 174 - 0.05 1.27 70828
aoULAV 32e4 2 174 - 0.06 1.25 70840
aoD2AG 32e4 2 174 - 0.05 1.76 88328
aoD2SG 32e4 2 174 - 0.06 1.96 90900
dry 250e2 2 88 - 0.03 0.11 28816
aoDLAV 250e2 2 88 - 0.02 0.20 31108
aoULAV 250e2 2 88 - 0.03 0.20 31212
aoD2AG 250e2 2 88 - 0.03 0.22 33860
aoD2SG 250e2 2 88 - 0.03 0.23 33964
dry 1e5 5 114 - 0.03 0.14 34476
aoDLAV 1e5 5 114 - 0.04 1.47 41816
aoULAV 1e5 5 114 - 0.04 1.50 43572
aoD2AG 1e5 5 114 - 0.04 1.63 53568
aoD2SG 1e5 5 114 - 0.04 1.96 53204
dry 56e4 2 49 - 0.03 0.18 41104
aoDLAV 56e4 2 49 - 0.08 2.10 107984
aoULAV 56e4 2 49 - 0.07 2.16 107984
aoD2AG 56e4 2 49 - 0.11 3.02 139524
aoD2SG 56e4 2 49 - 0.12 3.38 143384
dry 1e5 5 215 - 0.03 0.14 34496
aoDLAV 1e5 5 215 - 0.04 1.59 41820
aoULAV 1e5 5 215 - 0.05 1.58 43568
aoD2AG 1e5 5 215 - 0.05 1.66 53560
aoD2SG 1e5 5 215 - 0.04 1.86 53204
dry 275e2 2 203 - 0.02 0.12 30680
aoDLAV 275e2 2 203 - 0.02 0.20 31244
aoULAV 275e2 2 203 - 0.04 0.21 31568
aoD2AG 275e2 2 203 - 0.03 0.22 34696
aoD2SG 275e2 2 203 - 0.02 0.25 34816
dry 56e4 2 127 - 0.03 0.19 41104
aoDLAV 56e4 2 127 - 0.07 2.13 107988
aoULAV 56e4 2 127 - 0.08 2.14 107984
aoD2AG 56e4 2 127 - 0.12 2.96 138784
aoD2SG 56e4 2 127 - 0.12 3.32 144392
dry 1e2 2 86 - 0.02 0.11 25992
aoDLAV 1e2 2 86 - 0.02 0.14 30172
aoULAV 1e2 2 86 - 0.02 0.14 30180
aoD2AG 1e2 2 86 - 0.02 0.14 30336
aoD2SG 1e2 2 86 - 0.03 0.14 30372
moore 1e2 2 86 - 0.03 0.19 30488
nbpm 1e2 2 86 - 0.08 2.11 53008
greedy 1e2 2 86 - 0.03 0.14 30884
dry 18e4 2 137 - 0.03 0.13 33108
aoDLAV 18e4 2 137 - 0.05 0.75 47864
aoULAV 18e4 2 137 - 0.05 0.75 47860
aoD2AG 18e4 2 137 - 0.05 0.98 58648
aoD2SG 18e4 2 137 - 0.05 1.08 59876
dry 300e2 2 209 - 0.02 0.12 29092
aoDLAV 300e2 2 209 - 0.02 0.20 31296
aoULAV 300e2 2 209 - 0.03 0.19 31892
aoD2AG 300e2 2 209 - 0.03 0.22 35056
aoD2SG 300e2 2 209 - 0.02 0.24 34716
dry 400e2 2 21 - 0.02 0.12 27616
aoDLAV 400e2 2 21 - 0.03 0.23 32236
aoULAV 400e2 2 21 - 0.02 0.23 33112
aoD2AG 400e2 2 21 - 0.02 0.27 36072
aoD2SG 400e2 2 21 - 0.04 0.27 35928
dry 5e4 5 60 - 0.02 0.13 30148
aoDLAV 5e4 5 60 - 0.03 0.66 34704
aoULAV 5e4 5 60 - 0.04 0.67 34704
aoD2AG 5e4 5 60 - 0.03 0.74 37728
aoD2SG 5e4 5 60 - 0.04 0.78 37936
dry 18e1 2 125 - 0.02 0.11 26004
aoDLAV 18e1 2 125 - 0.02 0.14 30188
aoULAV 18e1 2 125 - 0.02 0.14 30196
aoD2AG 18e1 2 125 - 0.02 0.14 30356
aoD2SG 18e1 2 125 - 0.01 0.15 30364
moore 18e1 2 125 - 0.02 0.36 30496
nbpm 18e1 2 125 - 0.06 2.11 54444
greedy 18e1 2 125 - 0.03 0.15 33352
dry 5e4 10 131 - 0.03 0.13 33892
aoDLAV 5e4 10 131 - 0.03 7.48 40200
aoULAV 5e4 10 131 - 0.04 7.86 40200
aoD2AG 5e4 10 131 - 0.04 7.83 44980
aoD2SG 5e4 10 131 - 0.04 9.09 44992
dry 32e4 2 103 - 0.03 0.16 36424
aoDLAV 32e4 2 103 - 0.06 1.21 70828
aoULAV 32e4 2 103 - 0.05 1.27 70844
aoD2AG 32e4 2 103 - 0.06 1.73 88288
aoD2SG 32e4 2 103 - 0.07 1.93 90908
dry 56e4 2 34 - 0.03 0.19 41108
aoDLAV 56e4 2 34 - 0.08 2.06 107984
aoULAV 56e4 2 34 - 0.08 2.17 107984
aoD2AG 56e4 2 34 - 0.11 3.06 139688
aoD2SG 56e4 2 34 - 0.13 3.37 146852
dry 375e2 2 121 - 0.02 0.12 27520
aoDLAV 375e2 2 121 - 0.02 0.24 31784
aoULAV 375e2 2 121 - 0.03 0.23 32604
aoD2AG 375e2 2 121 - 0.02 0.28 35516
aoD2SG 375e2 2 121 - 0.03 0.28 35532
dry 225e2 2 158 - 0.03 0.11 28920
aoDLAV 225e2 2 158 - 0.03 0.19 30980
aoULAV 225e2 2 158 - 0.04 0.19 30996
aoD2AG 225e2 2 158 - 0.03 0.21 33368
aoD2SG 225e2 2 158 - 0.02 0.23 33464
dry 1e6 2 53 - 0.03 0.21 49704
aoDLAV 1e6 2 53 - 0.12 3.70 178456
aoULAV 1e6 2 53 - 0.12 3.93 178460
aoD2AG 1e6 2 53 - 0.19 5.42 235016
aoD2SG 1e6 2 53 - 0.20 6.19 242720
dry 400e2 2 4 - 0.02 0.12 30932
aoDLAV 400e2 2 4 - 0.03 0.24 32236
aoULAV 400e2 2 4 - 0.02 0.25 33116
aoD2AG 400e2 2 4 - 0.02 0.29 36072
aoD2SG 400e2 2 4 - 0.03 0.29 35932
dry 325e2 2 7 - 0.02 0.12 29232
aoDLAV 325e2 2 7 - 0.03 0.22 31372
aoULAV 325e2 2 7 - 0.03 0.22 32088
aoD2AG 325e2 2 7 - 0.02 0.25 35000
aoD2SG 325e2 2 7 - 0.03 0.26 34760
dry 56e3 2 140 - 0.03 0.11 28240
aoDLAV 56e3 2 140 - 0.03 0.28 33488
aoULAV 56e3 2 140 - 0.03 0.29 34696
aoD2AG 56e3 2 140 - 0.03 0.35 37284
aoD2SG 56e3 2 140 - 0.02 0.39 37300
dry 1e5 5 219 - 0.03 0.13 34480
aoDLAV 1e5 5 219 - 0.06 1.55 41816
aoULAV 1e5 5 219 - 0.04 1.58 43572
aoD2AG 1e5 5 219 - 0.04 1.73 53560
aoD2SG 1e5 5 219 - 0.05 1.92 53204
dry 1e3 2 213 - 0.03 0.11 26024
aoDLAV 1e3 2 213 - 0.02 0.15 30324
aoULAV 1e3 2 213 - 0.04 0.13 30292
aoD2AG 1e3 2 213 - 0.03 0.14 30536
aoD2SG 1e3 2 213 - 0.02 0.14 30560
moore 1e3 2 213 - 0.04 3.89 59776
nbpm 1e3 2 213 - 0.13 4.02 138564
greedy 1e3 2 213 - 0.10 1.01 139244
dry 18e4 2 172 - 0.03 0.13 33108
aoDLAV 18e4 2 172 - 0.04 0.76 47860
aoULAV 18e4 2 172 - 0.05 0.77 47860
aoD2AG 18e4 2 172 - 0.05 0.99 58648
aoD2SG 18e4 2 172 - 0.05 1.13 59916
dry 1e1 2 236 - 0.02 0.12 25996
aoDLAV 1e1 2 236 - 0.02 0.14 30160
aoULAV 1e1 2 236 - 0.03 0.14 30176
aoD2AG 1e1 2 236 - 0.02 0.14 30328
aoD2SG 1e1 2 236 - 0.03 0.14 30332
moore 1e1 2 236 - 0.03 0.17 30476
nbpm 1e1 2 236 - 0.07 2.14 49816
greedy 1e1 2 236 - 0.04 0.13 30128
dry 18e4 2 52 - 0.04 0.13 33176
aoDLAV 18e4 2 52 - 0.05 0.75 47860
aoULAV 18e4 2 52 - 0.05 0.77 47864
aoD2AG 18e4 2 52 - 0.05 1.00 58644
aoD2SG 18e4 2 52 - 0.07 1.11 60044
dry 1e3 2 133 - 0.02 0.12 26020
aoDLAV 1e3 2 133 - 0.03 0.13 30284
aoULAV 1e3 2 133 - 0.03 0.14 30292
aoD2AG 1e3 2 133 - 0.03 0.14 30532
aoD2SG 1e3 2 133 - 0.03 0.14 30560
moore 1e3 2 133 - 0.05 2.98 59796
nbpm 1e3 2 133 - 0.11 4.24 138556
greedy 1e3 2 133 - 0.09 1.01 139248
dry 1e6 10 94 - 0.08 0.39 112232
aoDLAV 1e6 10 94 - 0.20 374.12 369888
aoULAV 1e6 10 94 - 0.40 377.90 369892
aoD2AG 1e6 10 94 - 0.42 383.70 447144
aoD2SG 1e6 10 94 - 0.40 438.57 458676
dry 250e2 2 138 - 0.02 0.12 27020
aoDLAV 250e2 2 138 - 0.03 0.20 31108
aoULAV 250e2 2 138 - 0.03 0.19 31212
aoD2AG 250e2 2 138 - 0.03 0.22 33864
aoD2SG 250e2 2 138 - 0.02 0.23 33964
dry 275e2 2 50 - 0.02 0.12 27120
aoDLAV 275e2 2 50 - 0.03 0.20 31240
aoULAV 275e2 2 50 - 0.03 0.20 31576
aoD2AG 275e2 2 50 - 0.04 0.22 34696
aoD2SG 275e2 2 50 - 0.03 0.24 34812
dry 1e3 5 45 - 0.02 0.12 26056
aoDLAV 1e3 5 45 - 0.03 0.14 30428
aoULAV 1e3 5 45 - 0.03 0.14 30440
aoD2AG 1e3 5 45 - 0.03 0.14 30744
aoD2SG 1e3 5 45 - 0.03 0.15 30772
moore 1e3 5 45 - 0.04 5.29 59804
nbpm 1e3 5 45 - 0.13 4.56 129244
greedy 1e3 5 45 - 0.06 1.03 139388
dry 1e6 2 1 - 0.04 0.19 49708
aoDLAV 1e6 2 1 - 0.11 3.62 178456
aoULAV 1e6 2 1 - 0.10 4.01 178456
aoD2AG 1e6 2 1 - 0.17 5.74 233864
aoD2SG 1e6 2 1 - 0.20 6.44 242220
dry 250e2 2 1 - 0.02 0.11 29024
aoDLAV 250e2 2 1 - 0.02 0.20 31108
aoULAV 250e2 2 1 - 0.03 0.19 31212
aoD2AG 250e2 2 1 - 0.02 0.22 33860
aoD2SG 250e2 2 1 - 0.03 0.23 33964
dry 1e3 10 230 - 0.02 0.12 26136
aoDLAV 1e3 10 230 - 0.02 0.16 30692
aoULAV 1e3 10 230 - 0.03 0.15 30664
aoD2AG 1e3 10 230 - 0.02 0.17 31064
aoD2SG 1e3 10 230 - 0.03 0.16 31084
moore 1e3 10 230 - 0.04 3.64 59868
nbpm 1e3 10 230 - 0.13 4.89 136140
greedy 1e3 10 230 - 0.09 1.02 139620
dry 1e6 5 39 - 0.06 0.26 73156
aoDLAV 1e6 5 39 - 0.13 19.79 252752
aoULAV 1e6 5 39 - 0.19 19.80 252688
aoD2AG 1e6 5 39 - 0.22 21.97 322708
aoD2SG 1e6 5 39 - 0.19 25.49 332544
dry 1e5 10 52 - 0.03 0.18 38400
aoDLAV 1e5 10 52 - 0.05 22.57 53536
aoULAV 1e5 10 52 - 0.04 22.70 55312
aoD2AG 1e5 10 52 - 0.05 23.33 62960
aoD2SG 1e5 10 52 - 0.06 26.68 66832
dry 1e5 10 37 - 0.03 0.18 38400
aoDLAV 1e5 10 37 - 0.05 20.17 53540
aoULAV 1e5 10 37 - 0.05 20.05 55308
aoD2AG 1e5 10 37 - 0.05 20.92 62688
aoD2SG 1e5 10 37 - 0.05 23.39 66836
dry 325e2 2 157 - 0.02 0.12 27316
aoDLAV 325e2 2 157 - 0.03 0.21 31376
aoULAV 325e2 2 157 - 0.02 0.22 32084
aoD2AG 325e2 2 157 - 0.03 0.25 35000
aoD2SG 325e2 2 157 - 0.03 0.26 34760
dry 5e4 5 230 - 0.03 0.13 30284
aoDLAV 5e4 5 230 - 0.03 0.70 34704
aoULAV 5e4 5 230 - 0.03 0.71 34704
aoD2AG 5e4 5 230 - 0.04 0.75 37728
aoD2SG 5e4 5 230 - 0.03 0.84 37936
dry 250e2 2 102 - 0.02 0.11 27024
aoDLAV 250e2 2 102 - 0.02 0.20 31108
aoULAV 250e2 2 102 - 0.03 0.20 31212
aoD2AG 250e2 2 102 - 0.03 0.21 33864
aoD2SG 250e2 2 102 - 0.01 0.24 33964
dry 1e6 2 96 - 0.04 0.20 49704
aoDLAV 1e6 2 96 - 0.11 3.58 178456
aoULAV 1e6 2 96 - 0.12 3.76 178516
aoD2AG 1e6 2 96 - 0.16 5.33 234480
aoD2SG 1e6 2 96 - 0.21 6.04 241284
dry 56e1 2 164 - 0.03 0.11 26008
aoDLAV 56e1 2 164 - 0.03 0.14 30220
aoULAV 56e1 2 164 - 0.03 0.14 30232
aoD2AG 56e1 2 164 - 0.02 0.14 30416
aoD2SG 56e1 2 164 - 0.03 0.14 30424
moore 56e1 2 164 - 0.02 1.19 39684
nbpm 56e1 2 164 - 0.08 2.87 78704
greedy 56e1 2 164 - 0.04 0.38 64104
dry 1e1 2 74 - 0.02 0.12 25992
aoDLAV 1e1 2 74 - 0.03 0.14 30160
aoULAV 1e1 2 74 - 0.03 0.14 30176
aoD2AG 1e1 2 74 - 0.02 0.15 30328
aoD2SG 1e1 2 74 - 0.03 0.14 30328
moore 1e1 2 74 - 0.03 0.17 30480
nbpm 1e1 2 74 - 0.08 2.09 49816
greedy 1e1 2 74 - 0.03 0.14 30128
dry 1e5 2 152 - 0.03 0.13 32124
aoDLAV 1e5 2 152 - 0.03 0.43 34836
aoULAV 1e5 2 152 - 0.05 0.42 35320
aoD2AG 1e5 2 152 - 0.04 0.56 42600
aoD2SG 1e5 2 152 - 0.05 0.65 43808
dry 325e2 2 56 - 0.03 0.12 29248
aoDLAV 325e2 2 56 - 0.02 0.22 31372
aoULAV 325e2 2 56 - 0.03 0.22 32088
aoD2AG 325e2 2 56 - 0.03 0.25 35004
aoD2SG 325e2 2 56 - 0.02 0.26 34760
dry 18e1 2 8 - 0.02 0.12 26004
aoDLAV 18e1 2 8 - 0.03 0.14 30188
aoULAV 18e1 2 8 - 0.02 0.14 30196
aoD2AG 18e1 2 8 - 0.03 0.14 30356
aoD2SG 18e1 2 8 - 0.02 0.15 30368
moore 18e1 2 8 - 0.02 0.30 30488
nbpm 18e1 2 8 - 0.09 2.13 54440
greedy 18e1 2 8 - 0.03 0.15 33348
dry 1e3 5 6 - 0.02 0.11 26060
aoDLAV 1e3 5 6 - 0.02 0.15 30424
aoULAV 1e3 5 6 - 0.03 0.14 30440
aoD2AG 1e3 5 6 - 0.03 0.14 30752
aoD2SG 1e3 5 6 - 0.03 0.15 30776
moore 1e3 5 6 - 0.04 5.19 59800
nbpm 1e3 5 6 - 0.11 4.38 129248
greedy 1e3 5 6 - 0.08 1.00 139388
dry 1e5 10 105 - 0.03 0.18 38396
aoDLAV 1e5 10 105 - 0.04 20.89 53536
aoULAV 1e5 10 105 - 0.05 21.55 55312
aoD2AG 1e5 10 105 - 0.06 21.58 62920
aoD2SG 1e5 10 105 - 0.16 26.04 66836
dry 350e2 2 125 - 0.02 0.12 27416
aoDLAV 350e2 2 125 - 0.03 0.22 31484
aoULAV 350e2 2 125 - 0.02 0.23 32260
aoD2AG 350e2 2 125 - 0.04 0.25 34848
aoD2SG 350e2 2 125 - 0.03 0.27 35132
dry 375e2 2 94 - 0.02 0.12 27520
aoDLAV 375e2 2 94 - 0.02 0.23 31784
aoULAV 375e2 2 94 - 0.03 0.26 32604
aoD2AG 375e2 2 94 - 0.03 0.27 35516
aoD2SG 375e2 2 94 - 0.02 0.29 35524
dry 350e2 2 175 - 0.03 0.11 29252
aoDLAV 350e2 2 175 - 0.03 0.22 31480
aoULAV 350e2 2 175 - 0.02 0.23 32260
aoD2AG 350e2 2 175 - 0.03 0.26 34844
aoD2SG 350e2 2 175 - 0.04 0.26 35128
dry 18e4 2 21 - 0.03 0.13 33104
aoDLAV 18e4 2 21 - 0.04 0.76 47860
aoULAV 18e4 2 21 - 0.05 0.76 47860
aoD2AG 18e4 2 21 - 0.05 1.01 58648
aoD2SG 18e4 2 21 - 0.05 1.10 59916
dry 1e5 10 122 - 0.03 0.18 38400
aoDLAV 1e5 10 122 - 0.05 21.63 53540
aoULAV 1e5 10 122 - 0.05 23.29 55308
aoD2AG 1e5 10 122 - 0.05 21.52 62804
aoD2SG 1e5 10 122 - 0.05 25.96 66836
dry 1e3 5 243 - 0.02 0.12 26060
aoDLAV 1e3 5 243 - 0.02 0.15 30424
aoULAV 1e3 5 243 - 0.02 0.15 30436
aoD2AG 1e3 5 243 - 0.03 0.15 30748
aoD2SG 1e3 5 243 - 0.02 0.15 30772
moore 1e3 5 243 - 0.05 7.53 59800
nbpm 1e3 5 243 - 0.12 4.38 129244
greedy 1e3 5 243 - 0.09 1.02 139392
dry 1e3 5 152 - 0.02 0.12 28068
aoDLAV 1e3 5 152 - 0.03 0.14 30424
aoULAV 1e3 5 152 - 0.03 0.14 30456
aoD2AG 1e3 5 152 - 0.02 0.15 30756
aoD2SG 1e3 5 152 - 0.03 0.14 30776
moore 1e3 5 152 - 0.03 6.28 59800
nbpm 1e3 5 152 - 0.13 4.47 129248
greedy 1e3 5 152 - 0.07 1.05 139392
dry 1e3 5 68 - 0.03 0.11 26056
aoDLAV 1e3 5 68 - 0.03 0.15 30424
aoULAV 1e3 5 68 - 0.03 0.15 30436
aoD2AG 1e3 5 68 - 0.02 0.15 30740
aoD2SG 1e3 5 68 - 0.03 0.15 30756
moore 1e3 5 68 - 0.04 3.48 59832
nbpm 1e3 5 68 - 0.11 4.42 129240
greedy 1e3 5 68 - 0.07 1.05 139388
dry 18e4 2 177 - 0.04 0.13 33436
aoDLAV 18e4 2 177 - 0.05 0.75 47860
aoULAV 18e4 2 177 - 0.05 0.77 47864
aoD2AG 18e4 2 177 - 0.06 1.02 59112
aoD2SG 18e4 2 177 - 0.06 1.12 59900
dry 1e3 10 151 - 0.02 0.12 26136
aoDLAV 1e3 10 151 - 0.02 0.17 30656
aoULAV 1e3 10 151 - 0.04 0.15 30664
aoD2AG 1e3 10 151 - 0.02 0.17 31064
aoD2SG 1e3 10 151 - 0.03 0.16 31096
moore 1e3 10 151 - 0.04 2.69 59868
nbpm 1e3 10 151 - 0.10 4.82 136140
greedy 1e3 10 151 - 0.08 1.07 139616
dry 56e1 2 206 - 0.02 0.12 26008
aoDLAV 56e1 2 206 - 0.02 0.15 30224
aoULAV 56e1 2 206 - 0.03 0.14 30232
aoD2AG 56e1 2 206 - 0.02 0.15 30416
aoD2SG 56e1 2 206 - 0.03 0.14 30428
moore 56e1 2 206 - 0.04 1.49 39652
nbpm 56e1 2 206 - 0.11 2.92 78704
greedy 56e1 2 206 - 0.04 0.39 64160
dry 1e2 2 190 - 0.03 0.11 25992
aoDLAV 1e2 2 190 - 0.03 0.14 30168
aoULAV 1e2 2 190 - 0.03 0.14 30180
aoD2AG 1e2 2 190 - 0.03 0.14 30336
aoD2SG 1e2 2 190 - 0.03 0.14 30344
moore 1e2 2 190 - 0.02 0.25 30480
nbpm 1e2 2 190 - 0.08 2.16 53000
greedy 1e2 2 190 - 0.03 0.15 30880
dry 5e4 10 35 - 0.03 0.13 33892
aoDLAV 5e4 10 35 - 0.04 8.00 40200
aoULAV 5e4 10 35 - 0.04 8.01 40204
aoD2AG 5e4 10 35 - 0.05 8.16 44984
aoD2SG 5e4 10 35 - 0.05 9.12 44996
dry 1e5 5 1 - 0.03 0.14 34476
aoDLAV 1e5 5 1 - 0.05 1.61 41816
aoULAV 1e5 5 1 - 0.05 1.62 43568
aoD2AG 1e5 5 1 - 0.05 1.77 53604
aoD2SG 1e5 5 1 - 0.05 1.98 53208
dry 275e2 2 58 - 0.02 0.12 27120
aoDLAV 275e2 2 58 - 0.03 0.21 31240
aoULAV 275e2 2 58 - 0.02 0.22 31572
aoD2AG 275e2 2 58 - 0.02 0.25 34700
aoD2SG 275e2 2 58 - 0.03 0.24 34812
dry 18e1 2 209 - 0.02 0.12 26008
aoDLAV 18e1 2 209 - 0.02 0.15 30184
aoULAV 18e1 2 209 - 0.04 0.13 30200
aoD2AG 18e1 2 209 - 0.03 0.15 30356
aoD2SG 18e1 2 209 - 0.03 0.14 30364
moore 18e1 2 209 - 0.03 0.35 30488
nbpm 18e1 2 209 - 0.07 2.20 54436
greedy 18e1 2 209 - 0.03 0.16 33348
dry 32e4 2 81 - 0.03 0.17 36428
aoDLAV 32e4 2 81 - 0.05 1.23 70828
aoULAV 32e4 2 81 - 0.07 1.29 70840
aoD2AG 32e4 2 81 - 0.09 1.73 88772
aoD2SG 32e4 2 81 - 0.09 1.96 91904
dry 56e1 2 245 - 0.02 0.12 26008
aoDLAV 56e1 2 245 - 0.03 0.14 30220
aoULAV 56e1 2 245 - 0.03 0.14 30232
aoD2AG 56e1 2 245 - 0.02 0.15 30420
aoD2SG 56e1 2 245 - 0.03 0.14 30424
moore 56e1 2 245 - 0.03 1.20 39680
nbpm 56e1 2 245 - 0.10 2.98 78704
greedy 56e1 2 245 - 0.05 0.38 64104
dry 56e3 2 209 - 0.03 0.11 29912
aoDLAV 56e3 2 209 - 0.03 0.29 33476
aoULAV 56e3 2 209 - 0.03 0.29 34696
aoD2AG 56e3 2 209 - 0.04 0.35 37284
aoD2SG 56e3 2 209 - 0.04 0.38 37304
dry 1e6 5 35 - 0.05 0.27 73152
aoDLAV 1e6 5 35 - 0.15 18.97 252692
aoULAV 1e6 5 35 - 0.15 19.36 252688
aoD2AG 1e6 5 35 - 0.22 21.51 323796
aoD2SG 1e6 5 35 - 0.20 25.21 332976
dry 1e1 2 12 - 0.02 0.11 25996
aoDLAV 1e1 2 12 - 0.02 0.15 30160
aoULAV 1e1 2 12 - 0.02 0.15 30176
aoD2AG 1e1 2 12 - 0.04 0.13 30316
aoD2SG 1e1 2 12 - 0.02 0.15 30324
moore 1e1 2 12 - 0.03 0.18 30476
nbpm 1e1 2 12 - 0.08 2.14 49820
greedy 1e1 2 12 - 0.03 0.14 30124
dry 5e4 2 76 - 0.03 0.11 29476
aoDLAV 5e4 2 76 - 0.03 0.27 33012
aoULAV 5e4 2 76 - 0.03 0.28 33312
aoD2AG 5e4 2 76 - 0.04 0.33 36408
aoD2SG 5e4 2 76 - 0.04 0.36 36424
dry 300e2 2 33 - 0.02 0.12 27220
aoDLAV 300e2 2 33 - 0.02 0.22 31296
aoULAV 300e2 2 33 - 0.03 0.22 31892
aoD2AG 300e2 2 33 - 0.04 0.24 35056
aoD2SG 300e2 2 33 - 0.03 0.26 34716
dry 1e5 2 49 - 0.03 0.13 32124
aoDLAV 1e5 2 49 - 0.03 0.45 34804
aoULAV 1e5 2 49 - 0.04 0.45 35320
aoD2AG 1e5 2 49 - 0.04 0.59 42596
aoD2SG 1e5 2 49 - 0.03 0.65 43800
dry 32e4 2 230 - 0.03 0.16 36464
aoDLAV 32e4 2 230 - 0.05 1.27 70828
aoULAV 32e4 2 230 - 0.05 1.28 70840
aoD2AG 32e4 2 230 - 0.07 1.76 89240
aoD2SG 32e4 2 230 - 0.08 1.96 90748
dry 1e2 5 58 - 0.02 0.12 26000
aoDLAV 1e2 5 58 - 0.02 0.15 30212
aoULAV 1e2 5 58 - 0.02 0.14 30224
aoD2AG 1e2 5 58 - 0.02 0.14 30376
aoD2SG 1e2 5 58 - 0.03 0.14 30388
moore 1e2 5 58 - 0.02 0.21 30492
nbpm 1e2 5 58 - 0.07 2.17 53016
greedy 1e2 5 58 - 0.03 0.14 30920
dry 18e4 2 157 - 0.04 0.13 33104
aoDLAV 18e4 2 157 - 0.04 0.77 47864
aoULAV 18e4 2 157 - 0.04 0.79 47860
aoD2AG 18e4 2 157 - 0.05 0.99 58644
aoD2SG 18e4 2 157 - 0.05 1.12 59776
dry 5e4 2 177 - 0.03 0.12 28000
aoDLAV 5e4 2 177 - 0.03 0.27 33008
aoULAV 5e4 2 177 - 0.03 0.27 33312
aoD2AG 5e4 2 177 - 0.03 0.34 36408
aoD2SG 5e4 2 177 - 0.04 0.35 36424
dry 1e6 2 219 - 0.04 0.20 49704
aoDLAV 1e6 2 219 - 0.11 3.78 178456
aoULAV 1e6 2 219 - 0.10 3.89 178456
aoD2AG 1e6 2 219 - 0.18 5.57 234240
aoD2SG 1e6 2 219 - 0.19 6.25 241904
dry 325e2 2 221 - 0.03 0.11 27316
aoDLAV 325e2 2 221 - 0.02 0.23 31372
aoULAV 325e2 2 221 - 0.03 0.23 32084
aoD2AG 325e2 2 221 - 0.04 0.25 35008
aoD2SG 325e2 2 221 - 0.03 0.27 34764
dry 250e2 2 132 - 0.03 0.11 27024
aoDLAV 250e2 2 132 - 0.03 0.20 31112
aoULAV 250e2 2 132 - 0.04 0.20 31212
aoD2AG 250e2 2 132 - 0.03 0.22 33864
aoD2SG 250e2 2 132 - 0.03 0.23 33964
dry 400e2 2 195 - 0.02 0.12 27616
aoDLAV 400e2 2 195 - 0.03 0.23 32264
aoULAV 400e2 2 195 - 0.02 0.24 33116
aoD2AG 400e2 2 195 - 0.02 0.28 36072
aoD2SG 400e2 2 195 - 0.03 0.29 35928
dry 56e1 2 61 - 0.02 0.12 26008
aoDLAV 56e1 2 61 - 0.02 0.14 30220
aoULAV 56e1 2 61 - 0.03 0.14 30232
aoD2AG 56e1 2 61 - 0.02 0.15 30416
aoD2SG 56e1 2 61 - 0.02 0.14 30428
moore 56e1 2 61 - 0.04 1.78 39652
nbpm 56e1 2 61 - 0.08 2.95 78704
greedy 56e1 2 61 - 0.04 0.39 64104
dry 1e5 10 156 - 0.04 0.18 38400
aoDLAV 1e5 10 156 - 0.06 22.26 53536
aoULAV 1e5 10 156 - 0.04 22.13 55312
aoD2AG 1e5 10 156 - 0.05 22.68 62812
aoD2SG 1e5 10 156 - 0.05 25.90 66832
dry 375e2 2 230 - 0.02 0.12 27520
aoDLAV 375e2 2 230 - 0.03 0.23 31784
aoULAV 375e2 2 230 - 0.03 0.24 32604
aoD2AG 375e2 2 230 - 0.03 0.28 35516
aoD2SG 375e2 2 230 - 0.02 0.30 35524
dry 5e4 2 171 - 0.02 0.12 28000
aoDLAV 5e4 2 171 - 0.03 0.27 33012
aoULAV 5e4 2 171 - 0.03 0.28 33312
aoD2AG 5e4 2 171 - 0.03 0.34 36408
aoD2SG 5e4 2 171 - 0.03 0.36 36420
dry 1e6 5 104 - 0.05 0.27 73152
aoDLAV 1e6 5 104 - 0.15 18.99 252692
aoULAV 1e6 5 104 - 0.21 19.17 252688
aoD2AG 1e6 5 104 - 0.22 20.83 324776
aoD2SG 1e6 5 104 - 0.24 24.45 331760
dry 1e5 5 43 - 0.03 0.14 34476
aoDLAV 1e5 5 43 - 0.05 1.55 41816
aoULAV 1e5 5 43 - 0.04 1.56 43568
aoD2AG 1e5 5 43 - 0.05 1.70 53564
aoD2SG 1e5 5 43 - 0.05 1.94 53396
dry 18e4 2 215 - 0.04 0.13 33104
aoDLAV 18e4 2 215 - 0.05 0.74 47860
aoULAV 18e4 2 215 - 0.05 0.77 47864
aoD2AG 18e4 2 215 - 0.05 0.98 58640
aoD2SG 18e4 2 215 - 0.06 1.08 59772
dry 1e2 5 21 - 0.02 0.12 25996
aoDLAV 1e2 5 21 - 0.03 0.14 30212
aoULAV 1e2 5 21 - 0.03 0.14 30228
aoD2AG 1e2 5 21 - 0.03 0.14 30384
aoD2SG 1e2 5 21 - 0.02 0.15 30388
moore 1e2 5 21 - 0.03 0.20 30496
nbpm 1e2 5 21 - 0.08 2.14 53016
greedy 1e2 5 21 - 0.03 0.14 30920
dry 1e5 10 224 - 0.03 0.18 38396
aoDLAV 1e5 10 224 - 0.05 21.22 53536
aoULAV 1e5 10 224 - 0.06 21.28 55352
aoD2AG 1e5 10 224 - 0.05 21.34 62852
aoD2SG 1e5 10 224 - 0.05 24.47 66832
dry 1e5 10 244 - 0.03 0.18 38396
aoDLAV 1e5 10 244 - 0.05 21.24 53536
aoULAV 1e5 10 244 - 0.05 21.18 55312
aoD2AG 1e5 10 244 - 0.06 21.42 62656
aoD2SG 1e5 10 244 - 0.05 24.48 66960
dry 300e2 2 113 - 0.02 0.12 27220
aoDLAV 300e2 2 113 - 0.04 0.20 31300
aoULAV 300e2 2 113 - 0.03 0.22 31952
aoD2AG 300e2 2 113 - 0.03 0.24 35064
aoD2SG 300e2 2 113 - 0.03 0.25 34716
dry 5e4 2 2 - 0.02 0.12 28000
aoDLAV 5e4 2 2 - 0.03 0.27 33008
aoULAV 5e4 2 2 - 0.03 0.27 33312
aoD2AG 5e4 2 2 - 0.04 0.33 36412
aoD2SG 5e4 2 2 - 0.04 0.35 36424
dry 1e2 5 185 - 0.02 0.12 25996
aoDLAV 1e2 5 185 - 0.03 0.14 30212
aoULAV 1e2 5 185 - 0.03 0.14 30224
aoD2AG 1e2 5 185 - 0.03 0.14 30376
aoD2SG 1e2 5 185 - 0.03 0.14 30380
moore 1e2 5 185 - 0.03 0.23 30492
nbpm 1e2 5 185 - 0.08 2.13 53016
greedy 1e2 5 185 - 0.03 0.14 30920
dry 1e2 10 64 - 0.02 0.12 26004
aoDLAV 1e2 10 64 - 0.03 0.14 30264
aoULAV 1e2 10 64 - 0.02 0.14 30276
aoD2AG 1e2 10 64 - 0.04 0.13 30440
aoD2SG 1e2 10 64 - 0.03 0.14 30448
moore 1e2 10 64 - 0.04 0.22 30496
nbpm 1e2 10 64 - 0.08 2.12 53076
greedy 1e2 10 64 - 0.03 0.15 30972
dry 325e2 2 154 - 0.01 0.13 27316
aoDLAV 325e2 2 154 - 0.03 0.22 31376
aoULAV 325e2 2 154 - 0.03 0.22 32088
aoD2AG 325e2 2 154 - 0.02 0.27 35000
aoD2SG 325e2 2 154 - 0.03 0.27 34760
dry 1e2 5 167 - 0.02 0.12 25996
aoDLAV 1e2 5 167 - 0.03 0.14 30212
aoULAV 1e2 5 167 - 0.03 0.14 30224
aoD2AG 1e2 5 167 - 0.03 0.14 30384
aoD2SG 1e2 5 167 - 0.02 0.15 30388
moore 1e2 5 167 - 0.02 0.23 30492
nbpm 1e2 5 167 - 0.07 2.19 53016
greedy 1e2 5 167 - 0.03 0.15 30924
dry 56e4 2 156 - 0.03 0.19 41104
aoDLAV 56e4 2 156 - 0.07 2.12 107984
aoULAV 56e4 2 156 - 0.08 2.22 107984
aoD2AG 56e4 2 156 - 0.10 3.15 138480
aoD2SG 56e4 2 156 - 0.13 3.40 143604
dry 18e4 2 241 - 0.03 0.13 33104
aoDLAV 18e4 2 241 - 0.04 0.76 47864
aoULAV 18e4 2 241 - 0.05 0.78 47864
aoD2AG 18e4 2 241 - 0.06 1.00 58644
aoD2SG 18e4 2 241 - 0.05 1.12 60000
dry 32e3 2 136 - 0.03 0.12 27296
aoDLAV 32e3 2 136 - 0.03 0.22 31492
aoULAV 32e3 2 136 - 0.02 0.23 32152
aoD2AG 32e3 2 136 - 0.03 0.25 35028
aoD2SG 32e3 2 136 - 0.03 0.28 34788
dry 5e4 5 29 - 0.03 0.13 30080
aoDLAV 5e4 5 29 - 0.03 0.77 34704
aoULAV 5e4 5 29 - 0.04 0.76 34704
aoD2AG 5e4 5 29 - 0.04 0.82 37728
aoD2SG 5e4 5 29 - 0.03 0.91 37936
dry 5e4 5 3 - 0.03 0.13 30216
aoDLAV 5e4 5 3 - 0.04 0.76 34704
aoULAV 5e4 5 3 - 0.03 0.76 34704
aoD2AG 5e4 5 3 - 0.03 0.82 37724
aoD2SG 5e4 5 3 - 0.03 0.90 37940
dry 325e2 2 245 - 0.02 0.12 27316
aoDLAV 325e2 2 245 - 0.03 0.22 31376
aoULAV 325e2 2 245 - 0.03 0.22 32088
aoD2AG 325e2 2 245 - 0.03 0.25 35000
aoD2SG 325e2 2 245 - 0.03 0.27 34792
dry 56e3 2 151 - 0.04 0.11 29700
aoDLAV 56e3 2 151 - 0.04 0.29 33476
aoULAV 56e3 2 151 - 0.03 0.30 34696
aoD2AG 56e3 2 151 - 0.03 0.37 37284
aoD2SG 56e3 2 151 - 0.04 0.39 37300
dry 1e6 5 128 - 0.06 0.27 73152
aoDLAV 1e6 5 128 - 0.15 19.76 252728
aoULAV 1e6 5 128 - 0.12 19.82 252688
aoD2AG 1e6 5 128 - 0.20 21.70 324224
aoD2SG 1e6 5 128 - 0.19 25.53 331932
dry 1e6 5 182 - 0.05 0.27 73156
aoDLAV 1e6 5 182 - 0.16 19.46 252788
aoULAV 1e6 5 182 - 0.15 19.65 252692
aoD2AG 1e6 5 182 - 0.22 21.37 323612
aoD2SG 1e6 5 182 - 0.33 25.78 332496
dry 1e2 5 159 - 0.02 0.12 25996
aoDLAV 1e2 5 159 - 0.03 0.14 30212
aoULAV 1e2 5 159 - 0.02 0.14 30224
aoD2AG 1e2 5 159 - 0.02 0.14 30384
aoD2SG 1e2 5 159 - 0.02 0.15 30388
moore 1e2 5 159 - 0.03 0.19 30496
nbpm 1e2 5 159 - 0.08 2.29 53016
greedy 1e2 5 159 - 0.02 0.15 30920
dry 300e2 2 90 - 0.02 0.12 27220
aoDLAV 300e2 2 90 - 0.02 0.21 31296
aoULAV 300e2 2 90 - 0.04 0.20 31892
aoD2AG 300e2 2 90 - 0.03 0.25 35060
aoD2SG 300e2 2 90 - 0.02 0.26 34720
dry 400e2 2 45 - 0.02 0.12 30932
aoDLAV 400e2 2 45 - 0.04 0.22 32236
aoULAV 400e2 2 45 - 0.03 0.23 33116
aoD2AG 400e2 2 45 - 0.04 0.28 36076
aoD2SG 400e2 2 45 - 0.03 0.32 35928
dry 5e4 5 121 - 0.02 0.14 30728
aoDLAV 5e4 5 121 - 0.03 0.80 34704
aoULAV 5e4 5 121 - 0.03 0.84 34704
aoD2AG 5e4 5 121 - 0.04 1.08 37732
aoD2SG 5e4 5 121 - 0.03 1.03 37940
dry 1e3 2 12 - 0.02 0.11 26020
aoDLAV 1e3 2 12 - 0.03 0.14 30280
aoULAV 1e3 2 12 - 0.02 0.15 30292
aoD2AG 1e3 2 12 - 0.03 0.15 30536
aoD2SG 1e3 2 12 - 0.03 0.14 30548
moore 1e3 2 12 - 0.04 2.63 59796
nbpm 1e3 2 12 - 0.13 4.22 138552
greedy 1e3 2 12 - 0.09 1.05 139244
dry 1e2 2 139 - 0.02 0.12 25992
aoDLAV 1e2 2 139 - 0.02 0.15 30168
aoULAV 1e2 2 139 - 0.02 0.15 30184
aoD2AG 1e2 2 139 - 0.03 0.14 30328
aoD2SG 1e2 2 139 - 0.03 0.14 30340
moore 1e2 2 139 - 0.04 0.20 30488
nbpm 1e2 2 139 - 0.09 2.18 53008
greedy 1e2 2 139 - 0.03 0.14 30884
dry 375e2 2 51 - 0.02 0.12 29428
aoDLAV 375e2 2 51 - 0.04 0.23 31784
aoULAV 375e2 2 51 - 0.03 0.25 32604
aoD2AG 375e2 2 51 - 0.03 0.28 35516
aoD2SG 375e2 2 51 - 0.04 0.29 35532
dry 1e2 5 83 - 0.02 0.12 25996
aoDLAV 1e2 5 83 - 0.03 0.14 30216
aoULAV 1e2 5 83 - 0.03 0.14 30224
aoD2AG 1e2 5 83 - 0.03 0.14 30384
aoD2SG 1e2 5 83 - 0.02 0.15 30392
moore 1e2 5 83 - 0.02 0.22 30492
nbpm 1e2 5 83 - 0.08 2.19 53016
greedy 1e2 5 83 - 0.03 0.14 30924
dry 56e3 2 165 - 0.02 0.12 30264
aoDLAV 56e3 2 165 - 0.02 0.30 33476
aoULAV 56e3 2 165 - 0.03 0.30 34696
aoD2AG 56e3 2 165 - 0.03 0.37 37284
aoD2SG 56e3 2 165 - 0.04 0.39 37300
dry 1e1 2 76 - 0.03 0.12 25992
aoDLAV 1e1 2 76 - 0.02 0.14 30160
aoULAV 1e1 2 76 - 0.02 0.14 30172
aoD2AG 1e1 2 76 - 0.02 0.15 30312
aoD2SG 1e1 2 76 - 0.02 0.14 30312
moore 1e1 2 76 - 0.03 0.18 30476
nbpm 1e1 2 76 - 0.08 2.16 49816
greedy 1e1 2 76 - 0.02 0.15 30124
dry 300e2 2 67 - 0.03 0.11 27216
aoDLAV 300e2 2 67 - 0.02 0.22 31296
aoULAV 300e2 2 67 - 0.03 0.22 31892
aoD2AG 300e2 2 67 - 0.03 0.24 35096
aoD2SG 300e2 2 67 - 0.03 0.26 34716
dry 300e2 2 79 - 0.02 0.13 30728
aoDLAV 300e2 2 79 - 0.03 0.22 31300
aoULAV 300e2 2 79 - 0.02 0.23 31892
aoD2AG 300e2 2 79 - 0.04 0.23 35056
aoD2SG 300e2 2 79 - 0.03 0.25 34712
dry 225e2 2 107 - 0.03 0.11 26924
aoDLAV 225e2 2 107 - 0.02 0.19 30980
aoULAV 225e2 2 107 - 0.02 0.20 30992
aoD2AG 225e2 2 107 - 0.03 0.21 33372
aoD2SG 225e2 2 107 - 0.03 0.23 33464
dry 5e4 5 108 - 0.03 0.13 30232
aoDLAV 5e4 5 108 - 0.03 0.74 34704
aoULAV 5e4 5 108 - 0.04 0.74 34704
aoD2AG 5e4 5 108 - 0.04 0.81 37728
aoD2SG 5e4 5 108 - 0.03 0.90 37936
dry 1e2 5 17 - 0.02 0.12 25996
aoDLAV 1e2 5 17 - 0.02 0.14 30212
aoULAV 1e2 5 17 - 0.02 0.15 30228
aoD2AG 1e2 5 17 - 0.03 0.14 30384
aoD2SG 1e2 5 17 - 0.03 0.13 30388
moore 1e2 5 17 - 0.03 0.21 30520
nbpm 1e2 5 17 - 0.07 2.18 53012
greedy 1e2 5 17 - 0.03 0.14 30920
dry 32e3 2 83 - 0.02 0.12 29324
aoDLAV 32e3 2 83 - 0.03 0.22 31436
aoULAV 32e3 2 83 - 0.03 0.22 32144
aoD2AG 32e3 2 83 - 0.02 0.26 35020
aoD2SG 32e3 2 83 - 0.03 0.27 34784
dry 1e5 2 7 - 0.02 0.14 32124
aoDLAV 1e5 2 7 - 0.04 0.43 34800
aoULAV 1e5 2 7 - 0.04 0.43 35320
aoD2AG 1e5 2 7 - 0.03 0.57 42604
aoD2SG 1e5 2 7 - 0.04 0.63 43804
dry 1e2 10 179 - 0.02 0.11 26004
aoDLAV 1e2 10 179 - 0.01 0.15 30264
aoULAV 1e2 10 179 - 0.03 0.14 30272
aoD2AG 1e2 10 179 - 0.03 0.14 30456
aoD2SG 1e2 10 179 - 0.03 0.14 30452
moore 1e2 10 179 - 0.02 0.23 30500
nbpm 1e2 10 179 - 0.07 2.18 53076
greedy 1e2 10 179 - 0.03 0.14 30972
dry 1e2 5 22 - 0.03 0.11 26000
aoDLAV 1e2 5 22 - 0.03 0.14 30216
aoULAV 1e2 5 22 - 0.02 0.14 30224
aoD2AG 1e2 5 22 - 0.03 0.15 30384
aoD2SG 1e2 5 22 - 0.03 0.14 30388
moore 1e2 5 22 - 0.03 0.28 30496
nbpm 1e2 5 22 - 0.08 2.26 53016
greedy 1e2 5 22 - 0.03 0.14 30924
dry 32e1 2 162 - 0.02 0.12 26004
aoDLAV 32e1 2 162 - 0.04 0.13 30196
aoULAV 32e1 2 162 - 0.04 0.13 30208
aoD2AG 32e1 2 162 - 0.02 0.15 30380
aoD2SG 32e1 2 162 - 0.02 0.15 30384
moore 32e1 2 162 - 0.03 0.29 33676
nbpm 32e1 2 162 - 0.07 2.40 58304
greedy 32e1 2 162 - 0.03 0.22 40972
dry 5e4 2 94 - 0.02 0.12 28004
aoDLAV 5e4 2 94 - 0.03 0.27 33032
aoULAV 5e4 2 94 - 0.02 0.29 33316
aoD2AG 5e4 2 94 - 0.03 0.35 36416
aoD2SG 5e4 2 94 - 0.04 0.36 36432
dry 1e3 2 242 - 0.01 0.12 26020
aoDLAV 1e3 2 242 - 0.02 0.14 30280
aoULAV 1e3 2 242 - 0.02 0.14 30292
aoD2AG 1e3 2 242 - 0.02 0.14 30536
aoD2SG 1e3 2 242 - 0.01 0.15 30564
moore 1e3 2 242 - 0.04 3.59 59768
nbpm 1e3 2 242 - 0.13 4.16 138552
greedy 1e3 2 242 - 0.08 1.06 139244
dry 275e2 2 224 - 0.02 0.12 29132
aoDLAV 275e2 2 224 - 0.03 0.21 31244
aoULAV 275e2 2 224 - 0.03 0.21 31572
aoD2AG 275e2 2 224 - 0.03 0.23 34692
aoD2SG 275e2 2 224 - 0.03 0.25 34812
dry 375e2 2 129 - 0.02 0.12 29208
aoDLAV 375e2 2 129 - 0.02 0.25 31784
aoULAV 375e2 2 129 - 0.02 0.25 32604
aoD2AG 375e2 2 129 - 0.03 0.27 35520
aoD2SG 375e2 2 129 - 0.03 0.30 35532
dry 32e3 2 14 - 0.02 0.12 27300
aoDLAV 32e3 2 14 - 0.04 0.21 31436
aoULAV 32e3 2 14 - 0.03 0.21 32148
aoD2AG 32e3 2 14 - 0.03 0.25 35024
aoD2SG 32e3 2 14 - 0.03 0.26 34784
dry 1e5 10 98 - 0.04 0.17 38400
aoDLAV 1e5 10 98 - 0.04 22.65 53540
aoULAV 1e5 10 98 - 0.05 23.16 55308
aoD2AG 1e5 10 98 - 0.06 22.97 62724
aoD2SG 1e5 10 98 - 0.06 26.72 66836
dry 5e4 2 17 - 0.03 0.11 28000
aoDLAV 5e4 2 17 - 0.03 0.28 33012
aoULAV 5e4 2 17 - 0.03 0.28 33312
aoD2AG 5e4 2 17 - 0.02 0.35 36420
aoD2SG 5e4 2 17 - 0.04 0.36 36432
dry 32e1 2 5 - 0.02 0.12 26000
aoDLAV 32e1 2 5 - 0.02 0.15 30196
aoULAV 32e1 2 5 - 0.03 0.14 30208
aoD2AG 32e1 2 5 - 0.02 0.16 30376
aoD2SG 32e1 2 5 - 0.02 0.15 30384
moore 32e1 2 5 - 0.04 0.45 33676
nbpm 32e1 2 5 - 0.09 2.41 58300
greedy 32e1 2 5 - 0.03 0.22 40972
dry 32e4 2 181 - 0.03 0.16 36424
aoDLAV 32e4 2 181 - 0.06 1.14 70884
aoULAV 32e4 2 181 - 0.07 1.17 70840
aoD2AG 32e4 2 181 - 0.07 1.51 89108
aoD2SG 32e4 2 181 - 0.07 1.71 91592
dry 56e4 2 36 - 0.03 0.20 41104
aoDLAV 56e4 2 36 - 0.08 2.87 107984
aoULAV 56e4 2 36 - 0.09 1.91 107984
aoD2AG 56e4 2 36 - 0.12 3.37 141948
aoD2SG 56e4 2 36 - 0.13 3.69 144376
dry 5e4 2 1 - 0.02 0.12 29868
aoDLAV 5e4 2 1 - 0.03 0.27 33008
aoULAV 5e4 2 1 - 0.03 0.28 33312
aoD2AG 5e4 2 1 - 0.03 0.35 36408
aoD2SG 5e4 2 1 - 0.04 0.33 36424
dry 5e4 2 225 - 0.02 0.12 29572
aoDLAV 5e4 2 225 - 0.03 0.26 33008
aoULAV 5e4 2 225 - 0.04 0.25 33312
aoD2AG 5e4 2 225 - 0.04 0.31 36408
aoD2SG 5e4 2 225 - 0.03 0.34 36424
dry 300e2 2 99 - 0.02 0.12 27220
aoDLAV 300e2 2 99 - 0.03 0.21 31300
aoULAV 300e2 2 99 - 0.03 0.20 31892
aoD2AG 300e2 2 99 - 0.03 0.23 35060
aoD2SG 300e2 2 99 - 0.04 0.23 34716
dry 1e2 10 36 - 0.02 0.12 26004
aoDLAV 1e2 10 36 - 0.02 0.15 30260
aoULAV 1e2 10 36 - 0.02 0.15 30272
aoD2AG 1e2 10 36 - 0.02 0.15 30440
aoD2SG 1e2 10 36 - 0.03 0.14 30444
moore 1e2 10 36 - 0.03 0.24 30500
nbpm 1e2 10 36 - 0.08 2.30 53076
greedy 1e2 10 36 - 0.02 0.14 30972
dry 32e3 2 241 - 0.03 0.12 29044
aoDLAV 32e3 2 241 - 0.02 0.24 31436
aoULAV 32e3 2 241 - 0.02 0.24 32148
aoD2AG 32e3 2 241 - 0.03 0.26 35020
aoD2SG 32e3 2 241 - 0.03 0.26 34788
dry 32e4 2 243 - 0.04 0.15 36428
aoDLAV 32e4 2 243 - 0.08 1.33 70828
aoULAV 32e4 2 243 - 0.06 1.32 70840
aoD2AG 32e4 2 243 - 0.08 1.83 88588
aoD2SG 32e4 2 243 - 0.07 1.74 92048
dry 1e2 10 39 - 0.02 0.12 27952
aoDLAV 1e2 10 39 - 0.02 0.15 30260
aoULAV 1e2 10 39 - 0.02 0.15 30276
aoD2AG 1e2 10 39 - 0.02 0.15 30440
aoD2SG 1e2 10 39 - 0.03 0.14 30448
moore 1e2 10 39 - 0.03 0.28 30496
nbpm 1e2 10 39 - 0.08 2.19 53076
greedy 1e2 10 39 - 0.03 0.14 30972
dry 1e5 5 33 - 0.03 0.13 34476
aoDLAV 1e5 5 33 - 0.05 1.62 41816
aoULAV 1e5 5 33 - 0.05 1.64 43568
aoD2AG 1e5 5 33 - 0.05 1.78 53564
aoD2SG 1e5 5 33 - 0.04 2.02 53204
dry 56e3 2 176 - 0.03 0.12 28236
aoDLAV 56e3 2 176 - 0.03 0.30 33480
aoULAV 56e3 2 176 - 0.03 0.30 34696
aoD2AG 56e3 2 176 - 0.03 0.37 37280
aoD2SG 56e3 2 176 - 0.03 0.40 37300
dry 1e5 10 227 - 0.03 0.18 38396
aoDLAV 1e5 10 227 - 0.05 22.57 53536
aoULAV 1e5 10 227 - 0.05 23.28 55312
aoD2AG 1e5 10 227 - 0.05 24.26 62744
aoD2SG 1e5 10 227 - 0.06 26.55 66832
dry 400e2 2 41 - 0.02 0.12 29340
aoDLAV 400e2 2 41 - 0.03 0.23 32236
aoULAV 400e2 2 41 - 0.04 0.23 33116
aoD2AG 400e2 2 41 - 0.03 0.27 36076
aoD2SG 400e2 2 41 - 0.03 0.29 35928
dry 1e2 5 143 - 0.02 0.12 25996
aoDLAV 1e2 5 143 - 0.03 0.13 30216
aoULAV 1e2 5 143 - 0.03 0.13 30224
aoD2AG 1e2 5 143 - 0.02 0.14 30384
aoD2SG 1e2 5 143 - 0.03 0.13 30392
moore 1e2 5 143 - 0.03 0.20 30496
nbpm 1e2 5 143 - 0.07 2.18 53016
greedy 1e2 5 143 - 0.03 0.15 30920
dry 1e2 10 216 - 0.03 0.11 26008
aoDLAV 1e2 10 216 - 0.03 0.14 30260
aoULAV 1e2 10 216 - 0.03 0.14 30276
aoD2AG 1e2 10 216 - 0.02 0.15 30440
aoD2SG 1e2 10 216 - 0.03 0.15 30448
moore 1e2 10 216 - 0.03 0.24 30496
nbpm 1e2 10 216 - 0.08 2.19 53072
greedy 1e2 10 216 - 0.02 0.14 30972
dry 1e2 10 63 - 0.02 0.12 27952
aoDLAV 1e2 10 63 - 0.02 0.15 30264
aoULAV 1e2 10 63 - 0.03 0.14 30272
aoD2AG 1e2 10 63 - 0.03 0.14 30440
aoD2SG 1e2 10 63 - 0.03 0.14 30476
moore 1e2 10 63 - 0.03 0.23 30500
nbpm 1e2 10 63 - 0.08 2.21 53076
greedy 1e2 10 63 - 0.03 0.14 30972
dry 250e2 2 119 - 0.03 0.11 27020
aoDLAV 250e2 2 119 - 0.03 0.20 31112
aoULAV 250e2 2 119 - 0.02 0.20 31216
aoD2AG 250e2 2 119 - 0.02 0.22 33864
aoD2SG 250e2 2 119 - 0.04 0.22 33964
dry 1e2 10 49 - 0.02 0.12 26004
aoDLAV 1e2 10 49 - 0.02 0.14 30264
aoULAV 1e2 10 49 - 0.03 0.13 30272
aoD2AG 1e2 10 49 - 0.02 0.14 30440
aoD2SG 1e2 10 49 - 0.03 0.14 30444
moore 1e2 10 49 - 0.01 0.20 30500
nbpm 1e2 10 49 - 0.10 2.13 53076
greedy 1e2 10 49 - 0.03 0.14 30976
dry 1e2 10 125 - 0.02 0.11 26004
aoDLAV 1e2 10 125 - 0.02 0.14 30260
aoULAV 1e2 10 125 - 0.02 0.14 30272
aoD2AG 1e2 10 125 - 0.03 0.14 30440
aoD2SG 1e2 10 125 - 0.02 0.14 30452
moore 1e2 10 125 - 0.03 0.22 30496
nbpm 1e2 10 125 - 0.07 2.18 53076
greedy 1e2 10 125 - 0.02 0.15 30976
dry 275e2 2 193 - 0.02 0.12 28868
aoDLAV 275e2 2 193 - 0.03 0.20 31240
aoULAV 275e2 2 193 - 0.03 0.20 31568
aoD2AG 275e2 2 193 - 0.03 0.22 34696
aoD2SG 275e2 2 193 - 0.03 0.23 34816
dry 400e2 2 17 - 0.03 0.11 27956
aoDLAV 400e2 2 17 - 0.03 0.23 32236
aoULAV 400e2 2 17 - 0.01 0.25 33112
aoD2AG 400e2 2 17 - 0.02 0.28 36076
aoD2SG 400e2 2 17 - 0.03 0.30 35928
dry 325e2 2 14 - 0.02 0.12 27316
aoDLAV 325e2 2 14 - 0.03 0.22 31372
aoULAV 325e2 2 14 - 0.03 0.21 32084
aoD2AG 325e2 2 14 - 0.03 0.25 35000
aoD2SG 325e2 2 14 - 0.02 0.27 34760
dry 1e3 10 28 - 0.02 0.12 26140
aoDLAV 1e3 10 28 - 0.02 0.16 30656
aoULAV 1e3 10 28 - 0.02 0.16 30664
aoD2AG 1e3 10 28 - 0.03 0.16 31068
aoD2SG 1e3 10 28 - 0.02 0.17 31084
moore 1e3 10 28 - 0.05 3.26 59884
nbpm 1e3 10 28 - 0.12 4.88 136144
greedy 1e3 10 28 - 0.09 1.09 139620
dry 1e2 5 184 - 0.02 0.11 25996
aoDLAV 1e2 5 184 - 0.03 0.14 30212
aoULAV 1e2 5 184 - 0.02 0.15 30228
aoD2AG 1e2 5 184 - 0.03 0.14 30388
aoD2SG 1e2 5 184 - 0.03 0.14 30388
moore 1e2 5 184 - 0.03 0.18 30492
nbpm 1e2 5 184 - 0.07 2.20 53016
greedy 1e2 5 184 - 0.02 0.15 30920
dry 300e2 2 166 - 0.02 0.12 30724
aoDLAV 300e2 2 166 - 0.03 0.21 31296
aoULAV 300e2 2 166 - 0.02 0.22 31896
aoD2AG 300e2 2 166 - 0.03 0.24 35060
aoD2SG 300e2 2 166 - 0.02 0.27 34716
dry 18e1 2 246 - 0.02 0.12 26008
aoDLAV 18e1 2 246 - 0.03 0.14 30204
aoULAV 18e1 2 246 - 0.03 0.14 30196
aoD2AG 18e1 2 246 - 0.02 0.14 30356
aoD2SG 18e1 2 246 - 0.03 0.14 30364
moore 18e1 2 246 - 0.02 0.27 30488
nbpm 18e1 2 246 - 0.07 2.25 54436
greedy 18e1 2 246 - 0.03 0.16 33348
dry 5e4 10 28 - 0.02 0.14 33888
aoDLAV 5e4 10 28 - 0.03 8.06 40200
aoULAV 5e4 10 28 - 0.04 7.08 40200
aoD2AG 5e4 10 28 - 0.04 6.40 44980
aoD2SG 5e4 10 28 - 0.05 8.89 45000
dry 1e5 5 227 - 0.03 0.13 34476
aoDLAV 1e5 5 227 - 0.02 1.58 41820
aoULAV 1e5 5 227 - 0.04 1.63 43572
aoD2AG 1e5 5 227 - 0.05 1.75 53736
aoD2SG 1e5 5 227 - 0.05 1.77 53204
dry 1e3 10 119 - 0.03 0.11 26140
aoDLAV 1e3 10 119 - 0.02 0.16 30652
aoULAV 1e3 10 119 - 0.02 0.16 30664
aoD2AG 1e3 10 119 - 0.02 0.16 31064
aoD2SG 1e3 10 119 - 0.02 0.17 31088
moore 1e3 10 119 - 0.04 4.73 59856
nbpm 1e3 10 119 - 0.13 4.96 136144
greedy 1e3 10 119 - 0.07 1.07 139620
dry 1e2 2 53 - 0.02 0.12 25992
aoDLAV 1e2 2 53 - 0.02 0.15 30172
aoULAV 1e2 2 53 - 0.02 0.15 30180
aoD2AG 1e2 2 53 - 0.03 0.15 30336
aoD2SG 1e2 2 53 - 0.02 0.15 30344
moore 1e2 2 53 - 0.04 0.18 30488
nbpm 1e2 2 53 - 0.09 2.26 53008
greedy 1e2 2 53 - 0.03 0.14 30884
dry 1e5 5 87 - 0.03 0.13 34476
aoDLAV 1e5 5 87 - 0.07 1.84 41820
aoULAV 1e5 5 87 - 0.04 1.65 43572
aoD2AG 1e5 5 87 - 0.05 1.74 53636
aoD2SG 1e5 5 87 - 0.05 1.94 53196
dry 1e3 2 45 - 0.02 0.12 26024
aoDLAV 1e3 2 45 - 0.03 0.14 30284
aoULAV 1e3 2 45 - 0.03 0.14 30292
aoD2AG 1e3 2 45 - 0.03 0.14 30536
aoD2SG 1e3 2 45 - 0.03 0.14 30560
moore 1e3 2 45 - 0.04 5.54 59768
nbpm 1e3 2 45 - 0.12 4.17 138552
greedy 1e3 2 45 - 0.08 0.99 139244
dry 1e2 10 209 - 0.03 0.11 26008
aoDLAV 1e2 10 209 - 0.02 0.14 30260
aoULAV 1e2 10 209 - 0.02 0.14 30272
aoD2AG 1e2 10 209 - 0.03 0.14 30440
aoD2SG 1e2 10 209 - 0.02 0.14 30452
moore 1e2 10 209 - 0.02 0.23 30500
nbpm 1e2 10 209 - 0.07 2.18 53076
greedy 1e2 10 209 - 0.02 0.15 30972
dry 300e2 2 98 - 0.01 0.13 27216
aoDLAV 300e2 2 98 - 0.03 0.21 31296
aoULAV 300e2 2 98 - 0.02 0.24 31892
aoD2AG 300e2 2 98 - 0.04 0.24 35060
aoD2SG 300e2 2 98 - 0.03 0.26 34716
dry 1e6 5 217 - 0.05 0.27 73152
aoDLAV 1e6 5 217 - 0.13 20.08 252688
aoULAV 1e6 5 217 - 0.16 20.34 252688
aoD2AG 1e6 5 217 - 0.21 22.28 323392
aoD2SG 1e6 5 217 - 0.21 22.40 331448
dry 1e5 10 250 - 0.04 0.17 38396
aoDLAV 1e5 10 250 - 0.05 19.19 53536
aoULAV 1e5 10 250 - 0.05 19.41 55308
aoD2AG 1e5 10 250 - 0.06 19.45 62632
aoD2SG 1e5 10 250 - 0.05 22.01 66836
dry 32e4 2 99 - 0.03 0.17 36424
aoDLAV 32e4 2 99 - 0.05 1.18 70828
aoULAV 32e4 2 99 - 0.05 1.15 70840
aoD2AG 32e4 2 99 - 0.06 1.55 88400
aoD2SG 32e4 2 99 - 0.08 1.74 90876
dry 1e5 10 161 - 0.03 0.17 38396
aoDLAV 1e5 10 161 - 0.05 18.57 53540
aoULAV 1e5 10 161 - 0.04 19.24 55308
aoD2AG 1e5 10 161 - 0.05 19.73 62620
aoD2SG 1e5 10 161 - 0.06 23.41 66832
dry 18e4 2 175 - 0.02 0.14 33104
aoDLAV 18e4 2 175 - 0.05 0.73 47864
aoULAV 18e4 2 175 - 0.04 0.74 47860
aoD2AG 18e4 2 175 - 0.06 0.94 58644
aoD2SG 18e4 2 175 - 0.05 1.05 59960
dry 1e5 10 47 - 0.03 0.18 38400
aoDLAV 1e5 10 47 - 0.04 22.81 53540
aoULAV 1e5 10 47 - 0.04 20.53 55312
aoD2AG 1e5 10 47 - 0.05 20.75 62604
aoD2SG 1e5 10 47 - 0.06 26.02 66832
dry 1e6 5 57 - 0.07 0.27 73152
aoDLAV 1e6 5 57 - 0.17 19.65 252688
aoULAV 1e6 5 57 - 0.14 19.90 252688
aoD2AG 1e6 5 57 - 0.20 21.66 323848
aoD2SG 1e6 5 57 - 0.22 25.23 332876
dry 5e4 2 164 - 0.03 0.12 29440
aoDLAV 5e4 2 164 - 0.03 0.28 33008
aoULAV 5e4 2 164 - 0.03 0.28 33312
aoD2AG 5e4 2 164 - 0.04 0.33 36412
aoD2SG 5e4 2 164 - 0.03 0.37 36424
dry 325e2 2 99 - 0.02 0.12 27316
aoDLAV 325e2 2 99 - 0.02 0.23 31372
aoULAV 325e2 2 99 - 0.03 0.23 32084
aoD2AG 325e2 2 99 - 0.03 0.25 35004
aoD2SG 325e2 2 99 - 0.04 0.26 34760
dry 56e4 2 217 - 0.04 0.18 41104
aoDLAV 56e4 2 217 - 0.08 2.13 107984
aoULAV 56e4 2 217 - 0.08 2.22 107984
aoD2AG 56e4 2 217 - 0.11 3.14 139884
aoD2SG 56e4 2 217 - 0.11 3.50 144588
dry 1e3 10 158 - 0.02 0.11 26136
aoDLAV 1e3 10 158 - 0.03 0.16 30656
aoULAV 1e3 10 158 - 0.02 0.16 30664
aoD2AG 1e3 10 158 - 0.02 0.17 31072
aoD2SG 1e3 10 158 - 0.02 0.17 31092
moore 1e3 10 158 - 0.03 5.18 59844
nbpm 1e3 10 158 - 0.13 5.10 136216
greedy 1e3 10 158 - 0.09 1.02 139616
dry 250e2 2 190 - 0.02 0.12 30624
aoDLAV 250e2 2 190 - 0.03 0.20 31108
aoULAV 250e2 2 190 - 0.02 0.21 31212
aoD2AG 250e2 2 190 - 0.03 0.22 33860
aoD2SG 250e2 2 190 - 0.03 0.23 33960
dry 1e1 2 1 - 0.02 0.12 25992
aoDLAV 1e1 2 1 - 0.03 0.14 30164
aoULAV 1e1 2 1 - 0.02 0.15 30176
aoD2AG 1e1 2 1 - 0.03 0.14 30320
aoD2SG 1e1 2 1 - 0.02 0.14 30324
moore 1e1 2 1 - 0.03 0.18 30488
nbpm 1e1 2 1 - 0.08 2.12 49824
greedy 1e1 2 1 - 0.03 0.14 30124
dry 56e1 2 145 - 0.02 0.12 26008
aoDLAV 56e1 2 145 - 0.02 0.15 30220
aoULAV 56e1 2 145 - 0.02 0.15 30236
aoD2AG 56e1 2 145 - 0.03 0.14 30420
aoD2SG 56e1 2 145 - 0.02 0.15 30424
moore 56e1 2 145 - 0.04 0.85 39716
nbpm 56e1 2 145 - 0.10 2.98 78708
greedy 56e1 2 145 - 0.03 0.40 64104
dry 1e2 10 191 - 0.02 0.11 26008
aoDLAV 1e2 10 191 - 0.02 0.15 30260
aoULAV 1e2 10 191 - 0.02 0.14 30272
aoD2AG 1e2 10 191 - 0.02 0.15 30444
aoD2SG 1e2 10 191 - 0.02 0.15 30448
moore 1e2 10 191 - 0.03 0.22 30496
nbpm 1e2 10 191 - 0.08 2.18 53076
greedy 1e2 10 191 - 0.03 0.15 30972
dry 250e2 2 221 - 0.02 0.12 27020
aoDLAV 250e2 2 221 - 0.03 0.20 31108
aoULAV 250e2 2 221 - 0.03 0.20 31212
aoD2AG 250e2 2 221 - 0.03 0.23 33860
aoD2SG 250e2 2 221 - 0.04 0.23 33964
dry 300e2 2 37 - 0.02 0.12 29184
aoDLAV 300e2 2 37 - 0.02 0.22 31296
aoULAV 300e2 2 37 - 0.03 0.22 31952
aoD2AG 300e2 2 37 - 0.03 0.25 35060
aoD2SG 300e2 2 37 - 0.02 0.27 34716
dry 375e2 2 172 - 0.02 0.12 27516
aoDLAV 375e2 2 172 - 0.02 0.25 31784
aoULAV 375e2 2 172 - 0.02 0.25 32604
aoD2AG 375e2 2 172 - 0.03 0.28 35520
aoD2SG 375e2 2 172 - 0.03 0.29 35528
dry 1e6 5 211 - 0.05 0.28 73152
aoDLAV 1e6 5 211 - 0.16 19.93 252700
aoULAV 1e6 5 211 - 0.12 20.21 252688
aoD2AG 1e6 5 211 - 0.23 22.23 324580
aoD2SG 1e6 5 211 - 0.28 26.04 333392
dry 1e6 10 33 - 0.08 0.40 112232
aoDLAV 1e6 10 33 - 0.50 379.94 369888
aoULAV 1e6 10 33 - 0.79 506.60 369884
aoD2AG 1e6 10 33 - 0.39 345.82 447028
aoD2SG 1e6 10 33 - 0.42 417.29 458020
dry 5e4 5 152 - 0.02 0.13 30768
aoDLAV 5e4 5 152 - 0.03 0.68 34704
aoULAV 5e4 5 152 - 0.04 0.68 34708
aoD2AG 5e4 5 152 - 0.03 0.73 37728
aoD2SG 5e4 5 152 - 0.03 0.80 37936
dry 1e5 2 4 - 0.03 0.14 32124
aoDLAV 1e5 2 4 - 0.03 0.54 34800
aoULAV 1e5 2 4 - 0.04 0.49 35324
aoD2AG 1e5 2 4 - 0.05 0.60 42808
aoD2SG 1e5 2 4 - 0.05 0.69 43804
dry 18e4 2 153 - 0.03 0.13 33104
aoDLAV 18e4 2 153 - 0.04 0.72 47864
aoULAV 18e4 2 153 - 0.04 0.75 47860
aoD2AG 18e4 2 153 - 0.06 0.94 58912
aoD2SG 18e4 2 153 - 0.06 1.24 59784
dry 32e4 2 153 - 0.03 0.17 36424
aoDLAV 32e4 2 153 - 0.05 1.28 70848
aoULAV 32e4 2 153 - 0.06 1.21 70860
aoD2AG 32e4 2 153 - 0.08 1.90 88668
aoD2SG 32e4 2 153 - 0.07 1.96 91240
dry 56e4 2 144 - 0.04 0.18 41108
aoDLAV 56e4 2 144 - 0.09 2.15 107988
aoULAV 56e4 2 144 - 0.08 2.26 107984
aoD2AG 56e4 2 144 - 0.11 3.21 138764
aoD2SG 56e4 2 144 - 0.14 3.69 144520
dry 1e3 5 167 - 0.02 0.11 26056
aoDLAV 1e3 5 167 - 0.02 0.15 30424
aoULAV 1e3 5 167 - 0.03 0.14 30436
aoD2AG 1e3 5 167 - 0.02 0.15 30740
aoD2SG 1e3 5 167 - 0.03 0.15 30768
moore 1e3 5 167 - 0.05 4.35 59800
nbpm 1e3 5 167 - 0.14 4.47 129244
greedy 1e3 5 167 - 0.09 1.05 139392
dry 300e2 2 59 - 0.03 0.11 27220
aoDLAV 300e2 2 59 - 0.03 0.21 31300
aoULAV 300e2 2 59 - 0.03 0.22 31892
aoD2AG 300e2 2 59 - 0.04 0.24 35056
aoD2SG 300e2 2 59 - 0.04 0.24 34716
dry 1e5 5 19 - 0.03 0.13 34476
aoDLAV 1e5 5 19 - 0.05 1.65 41816
aoULAV 1e5 5 19 - 0.04 1.67 43568
aoD2AG 1e5 5 19 - 0.06 1.81 53708
aoD2SG 1e5 5 19 - 0.05 2.05 53444
dry 18e1 2 18 - 0.02 0.12 26004
aoDLAV 18e1 2 18 - 0.03 0.14 30184
aoULAV 18e1 2 18 - 0.02 0.15 30200
aoD2AG 18e1 2 18 - 0.02 0.15 30356
aoD2SG 18e1 2 18 - 0.02 0.15 30364
moore 18e1 2 18 - 0.02 0.23 30488
nbpm 18e1 2 18 - 0.07 2.21 54436
greedy 18e1 2 18 - 0.03 0.16 33348
dry 56e1 2 34 - 0.02 0.12 26012
aoDLAV 56e1 2 34 - 0.03 0.14 30220
aoULAV 56e1 2 34 - 0.02 0.15 30232
aoD2AG 56e1 2 34 - 0.03 0.14 30416
aoD2SG 56e1 2 34 - 0.03 0.15 30428
moore 56e1 2 34 - 0.03 0.92 39688
nbpm 56e1 2 34 - 0.10 3.00 78712
greedy 56e1 2 34 - 0.05 0.39 64104
dry 1e1 2 225 - 0.03 0.11 25996
aoDLAV 1e1 2 225 - 0.04 0.14 30160
aoULAV 1e1 2 225 - 0.03 0.14 30172
aoD2AG 1e1 2 225 - 0.03 0.14 30328
aoD2SG 1e1 2 225 - 0.03 0.14 30328
moore 1e1 2 225 - 0.03 0.18 30476
nbpm 1e1 2 225 - 0.09 2.17 49816
greedy 1e1 2 225 - 0.03 0.14 30124
dry 32e3 2 19 - 0.03 0.11 27296
aoDLAV 32e3 2 19 - 0.03 0.22 31436
aoULAV 32e3 2 19 - 0.03 0.22 32148
aoD2AG 32e3 2 19 - 0.02 0.26 35020
aoD2SG 32e3 2 19 - 0.03 0.26 34784
dry 1e6 2 223 - 0.04 0.21 49704
aoDLAV 1e6 2 223 - 0.11 3.92 178456
aoULAV 1e6 2 223 - 0.11 4.18 178460
aoD2AG 1e6 2 223 - 0.17 5.31 234148
aoD2SG 1e6 2 223 - 0.19 6.03 243532
dry 400e2 2 187 - 0.03 0.11 29148
aoDLAV 400e2 2 187 - 0.03 0.23 32236
aoULAV 400e2 2 187 - 0.03 0.23 33116
aoD2AG 400e2 2 187 - 0.03 0.27 36068
aoD2SG 400e2 2 187 - 0.03 0.29 35932
dry 5e4 10 225 - 0.04 0.13 33888
aoDLAV 5e4 10 225 - 0.03 7.08 40200
aoULAV 5e4 10 225 - 0.03 6.97 40200
aoD2AG 5e4 10 225 - 0.04 7.05 45004
aoD2SG 5e4 10 225 - 0.05 7.96 44992
dry 1e6 10 95 - 0.08 0.37 112232
aoDLAV 1e6 10 95 - 0.19 347.82 369964
aoULAV 1e6 10 95 - 0.31 360.26 369900
aoD2AG 1e6 10 95 - 0.46 394.46 446884
aoD2SG 1e6 10 95 - 0.43 495.46 456800
