dry 8e7 2 159 - 0.63 2.18 1592676
aoDLAV 8e7 2 159 - 5.79 474.79 11893324
aoULAV 8e7 2 159 - 8.10 512.51 11893324
aoD2AG 8e7 2 159 - 14.73 728.44 17488584
aoD2SG 8e7 2 159 - 15.88 857.54 18126556
dry 9e7 2 31 - 0.97 2.78 1787984
aoDLAV 9e7 2 31 - 7.25 550.11 13377684
aoULAV 9e7 2 31 - 9.48 587.17 13377684
aoD2AG 9e7 2 31 - 16.79 819.76 19670760
aoD2SG 9e7 2 31 - 17.78 980.54 20391124
dry 1e8 2 44 - 1.08 3.07 1983296
aoDLAV 1e8 2 44 - 8.05 597.82 14862068
aoULAV 1e8 2 44 - 10.25 623.02 14862072
aoD2AG 1e8 2 44 - 17.91 888.46 21855064
aoD2SG 1e8 2 44 - 19.53 1076.76 22651092
dry 8e7 2 213 - 0.82 2.41 1592680
aoDLAV 8e7 2 213 - 6.24 467.47 11893324
aoULAV 8e7 2 213 - 8.23 485.48 11893324
aoD2AG 8e7 2 213 - 15.44 692.31 17487636
aoD2SG 8e7 2 213 - 16.73 829.14 18124996
dry 150e2 2 153 - 0.02 0.12 26628
aoDLAV 150e2 2 153 - 0.03 0.18 30824
aoULAV 150e2 2 153 - 0.03 0.18 30828
aoD2AG 150e2 2 153 - 0.03 0.18 31608
aoD2SG 150e2 2 153 - 0.03 0.19 31608
moore 150e2 2 153 - 2.35 2963.03 6629352
nbpm 150e2 2 153 - 15.05 1107.61 16814176
greedy 150e2 2 153 - 14.62 685.87 24630024
dry 1e8 5 6 - 2.40 6.27 4327052
aoDLAV 1e8 5 6 - 11.93 2756.30 23065204
aoULAV 1e8 5 6 - 16.51 2632.89 23065204
aoD2AG 1e8 5 6 - 27.37 3689.69 30458848
aoD2SG 1e8 5 6 - 27.13 3488.09 31312352
dry 175e2 2 71 - 0.02 0.13 30484
aoDLAV 175e2 2 71 - 0.03 0.18 30716
aoULAV 175e2 2 71 - 0.03 0.18 30720
aoD2AG 175e2 2 71 - 0.03 0.20 31760
aoD2SG 175e2 2 71 - 0.05 0.20 31760
moore 175e2 2 71 - 2.74 4839.81 9014032
nbpm 175e2 2 71 - 21.12 2198.43 22863148
greedy 175e2 2 71 - 18.52 916.94 33516976
dry 1e8 2 1 - 1.04 3.03 1983296
aoDLAV 1e8 2 1 - 7.96 580.36 14862068
aoULAV 1e8 2 1 - 10.32 616.28 14862068
aoD2AG 1e8 2 1 - 18.49 871.54 21853888
aoD2SG 1e8 2 1 - 19.41 1038.15 22652476
dry 9e7 2 3 - 0.89 2.73 1787988
aoDLAV 9e7 2 3 - 7.30 516.16 13377684
aoULAV 9e7 2 3 - 9.44 567.19 13377692
aoD2AG 9e7 2 3 - 16.71 792.95 19674284
aoD2SG 9e7 2 3 - 17.61 941.35 20390940
dry 175e2 2 48 - 0.03 0.12 26732
aoDLAV 175e2 2 48 - 0.03 0.18 30720
aoULAV 175e2 2 48 - 0.02 0.20 30716
aoD2AG 175e2 2 48 - 0.04 0.20 31752
aoD2SG 175e2 2 48 - 0.04 0.20 31760
moore 175e2 2 48 - 2.78 4794.31 9014028
nbpm 175e2 2 48 - 21.31 1779.93 22863144
greedy 175e2 2 48 - 18.31 984.10 33516980
dry 125e2 2 60 - 0.04 0.12 26532
aoDLAV 125e2 2 60 - 0.03 0.18 30708
aoULAV 125e2 2 60 - 0.03 0.17 30708
aoD2AG 125e2 2 60 - 0.02 0.20 31376
aoD2SG 125e2 2 60 - 0.03 0.19 31380
moore 125e2 2 60 - 1.56 1558.94 4611540
nbpm 125e2 2 60 - 11.37 639.69 12302320
greedy 125e2 2 60 - 9.51 529.80 17109964
dry 150e2 2 78 - 0.03 0.11 26628
aoDLAV 150e2 2 78 - 0.02 0.19 30824
aoULAV 150e2 2 78 - 0.04 0.18 30824
aoD2AG 150e2 2 78 - 0.03 0.20 31608
aoD2SG 150e2 2 78 - 0.03 0.20 31612
moore 150e2 2 78 - 2.84 3255.24 6629356
nbpm 150e2 2 78 - 15.35 1152.07 16814176
greedy 150e2 2 78 - 13.83 758.39 24630024
dry 9e7 2 250 - 1.02 2.73 1787984
aoDLAV 9e7 2 250 - 7.57 539.10 13377688
aoULAV 9e7 2 250 - 9.29 553.06 13377688
aoD2AG 9e7 2 250 - 17.04 795.54 19670068
aoD2SG 9e7 2 250 - 18.34 926.74 20388768
dry 2e4 10 125 - 0.03 0.11 29364
aoDLAV 2e4 10 125 - 0.03 1.85 34836
aoULAV 2e4 10 125 - 0.03 1.78 34848
aoD2AG 2e4 10 125 - 0.03 1.82 36080
aoD2SG 2e4 10 125 - 0.03 2.03 36076
moore 2e4 10 125 - 3.48 7655.01 11770836
nbpm 2e4 10 125 - 29.26 5726.07 30880036
greedy 2e4 10 125 - 24.31 1324.60 43775836
dry 125e2 2 173 - 0.02 0.12 26532
aoDLAV 125e2 2 173 - 0.02 0.18 30708
aoULAV 125e2 2 173 - 0.03 0.17 30712
aoD2AG 125e2 2 173 - 0.03 0.18 31376
aoD2SG 125e2 2 173 - 0.03 0.19 31376
moore 125e2 2 173 - 1.61 2164.97 4611544
nbpm 125e2 2 173 - 11.33 760.09 12302320
greedy 125e2 2 173 - 9.88 452.58 17109964
dry 8e7 2 231 - 0.90 2.46 1592676
aoDLAV 8e7 2 231 - 6.42 498.73 11893324
aoULAV 8e7 2 231 - 8.21 471.74 11893328
aoD2AG 8e7 2 231 - 15.23 818.77 17485008
aoD2SG 8e7 2 231 - 16.78 808.76 18124704
dry 2e4 2 146 - 0.03 0.12 26828
aoDLAV 2e4 2 146 - 0.03 0.19 30844
aoULAV 2e4 2 146 - 0.03 0.20 30808
aoD2AG 2e4 2 146 - 0.02 0.22 32296
aoD2SG 2e4 2 146 - 0.03 0.22 32296
moore 2e4 2 146 - 3.66 7702.21 11765544
nbpm 2e4 2 146 - 29.42 2765.59 31402192
greedy 2e4 2 146 - 25.99 1304.50 43771040
dry 9e7 2 64 - 1.00 2.69 1787984
aoDLAV 9e7 2 64 - 6.99 502.10 13377684
aoULAV 9e7 2 64 - 9.26 534.07 13377684
aoD2AG 9e7 2 64 - 17.30 772.20 19670876
aoD2SG 9e7 2 64 - 18.46 898.90 20387604
dry 2e4 5 120 - 0.03 0.11 29648
aoDLAV 2e4 5 120 - 0.04 0.31 32812
aoULAV 2e4 5 120 - 0.04 0.34 32768
aoD2AG 2e4 5 120 - 0.04 0.39 33344
aoD2SG 2e4 5 120 - 0.04 0.42 32860
moore 2e4 5 120 - 3.59 6241.88 11768084
nbpm 2e4 5 120 - 28.61 4979.73 34200496
greedy 2e4 5 120 - 24.14 1362.94 43774004
dry 1e8 2 71 - 1.12 3.07 1983300
aoDLAV 1e8 2 71 - 8.48 611.65 14862068
aoULAV 1e8 2 71 - 10.80 645.71 14862068
aoD2AG 1e8 2 71 - 19.57 926.86 21855980
aoD2SG 1e8 2 71 - 20.85 1097.09 22652736
dry 2e4 2 228 - 0.03 0.11 26828
aoDLAV 2e4 2 228 - 0.03 0.19 30812
aoULAV 2e4 2 228 - 0.03 0.19 30808
aoD2AG 2e4 2 228 - 0.04 0.20 32284
aoD2SG 2e4 2 228 - 0.03 0.21 32296
moore 2e4 2 228 - 3.45 6989.72 11765556
nbpm 2e4 2 228 - 29.57 2676.67 31402200
greedy 2e4 2 228 - 23.85 1172.82 43771040
dry 2e4 5 75 - 0.02 0.12 29724
aoDLAV 2e4 5 75 - 0.03 0.28 32760
aoULAV 2e4 5 75 - 0.04 0.31 32768
aoD2AG 2e4 5 75 - 0.04 0.31 33344
aoD2SG 2e4 5 75 - 0.03 0.34 32860
moore 2e4 5 75 - 3.93 7342.69 11768080
nbpm 2e4 5 75 - 28.71 4798.24 34200496
greedy 2e4 5 75 - 24.83 1270.09 43774004
dry 175e2 2 40 - 0.03 0.11 28608
aoDLAV 175e2 2 40 - 0.03 0.19 30716
aoULAV 175e2 2 40 - 0.03 0.18 30720
aoD2AG 175e2 2 40 - 0.03 0.20 31756
aoD2SG 175e2 2 40 - 0.03 0.21 31760
moore 175e2 2 40 - 2.80 5054.57 9014024
nbpm 175e2 2 40 - 21.47 1740.15 22863136
greedy 175e2 2 40 - 20.01 958.60 33516980
dry 175e2 2 61 - 0.03 0.12 26732
aoDLAV 175e2 2 61 - 0.03 0.18 30716
aoULAV 175e2 2 61 - 0.04 0.18 30716
aoD2AG 175e2 2 61 - 0.03 0.20 31760
aoD2SG 175e2 2 61 - 0.03 0.21 31764
moore 175e2 2 61 - 2.99 6930.07 9014020
nbpm 175e2 2 61 - 21.07 1866.03 22863136
greedy 175e2 2 61 - 18.57 948.43 33516976
dry 2e4 2 28 - 0.03 0.13 26828
aoDLAV 2e4 2 28 - 0.04 0.20 30808
aoULAV 2e4 2 28 - 0.03 0.21 30808
aoD2AG 2e4 2 28 - 0.04 0.22 32284
aoD2SG 2e4 2 28 - 0.04 0.22 32292
moore 2e4 2 28 - 3.62 6743.97 11765556
nbpm 2e4 2 28 - 29.38 2659.01 31402196
greedy 2e4 2 28 - 25.40 1193.95 43771040
dry 9e7 2 247 - 1.02 2.75 1787984
aoDLAV 9e7 2 247 - 7.65 509.67 13377688
aoULAV 9e7 2 247 - 10.86 667.25 13377684
aoD2AG 9e7 2 247 - 18.33 872.24 19670404
aoD2SG 9e7 2 247 - 19.32 983.55 20388332
dry 150e2 2 232 - 0.02 0.12 28460
aoDLAV 150e2 2 232 - 0.04 0.17 30844
aoULAV 150e2 2 232 - 0.03 0.19 30824
aoD2AG 150e2 2 232 - 0.04 0.19 31608
aoD2SG 150e2 2 232 - 0.03 0.21 31612
moore 150e2 2 232 - 2.13 2797.08 6629356
nbpm 150e2 2 232 - 14.66 1644.96 16814180
greedy 150e2 2 232 - 13.22 794.48 24630028
dry 9e7 2 132 - 0.93 2.72 1787988
aoDLAV 9e7 2 132 - 7.17 632.79 13377684
aoULAV 9e7 2 132 - 9.06 556.65 13377684
aoD2AG 9e7 2 132 - 17.05 846.06 19675056
aoD2SG 9e7 2 132 - 17.80 920.94 20391200
dry 175e2 2 127 - 0.03 0.11 26732
aoDLAV 175e2 2 127 - 0.03 0.19 30716
aoULAV 175e2 2 127 - 0.03 0.19 30716
aoD2AG 175e2 2 127 - 0.03 0.19 31756
aoD2SG 175e2 2 127 - 0.03 0.20 31760
moore 175e2 2 127 - 2.77 5085.81 9014024
nbpm 175e2 2 127 - 21.60 1818.78 22863136
greedy 175e2 2 127 - 19.92 921.31 33516980
dry 125e2 2 163 - 0.03 0.12 28420
aoDLAV 125e2 2 163 - 0.03 0.17 30712
aoULAV 125e2 2 163 - 0.02 0.19 30708
aoD2AG 125e2 2 163 - 0.04 0.18 31380
aoD2SG 125e2 2 163 - 0.03 0.20 31376
moore 125e2 2 163 - 2.13 1888.02 4611548
nbpm 125e2 2 163 - 11.74 687.11 12302324
greedy 125e2 2 163 - 10.61 469.12 17109964
dry 8e7 2 61 - 0.97 2.50 1592676
aoDLAV 8e7 2 61 - 6.39 473.14 11893324
aoULAV 8e7 2 61 - 8.14 501.29 11893324
aoD2AG 8e7 2 61 - 15.20 705.50 17486472
aoD2SG 8e7 2 61 - 15.86 823.96 18125736
dry 175e2 2 129 - 0.02 0.11 26732
aoDLAV 175e2 2 129 - 0.02 0.19 30716
aoULAV 175e2 2 129 - 0.02 0.19 30716
aoD2AG 175e2 2 129 - 0.03 0.19 31752
aoD2SG 175e2 2 129 - 0.01 0.22 31760
moore 175e2 2 129 - 2.72 4732.05 9014020
nbpm 175e2 2 129 - 25.79 1878.66 22863136
greedy 175e2 2 129 - 20.47 1026.07 33516980
dry 9e7 2 47 - 1.00 2.74 1788008
aoDLAV 9e7 2 47 - 7.32 513.85 13377684
aoULAV 9e7 2 47 - 9.26 541.80 13377732
aoD2AG 9e7 2 47 - 17.04 841.23 19670816
aoD2SG 9e7 2 47 - 17.74 937.07 20390036
dry 175e2 2 189 - 0.03 0.11 30488
aoDLAV 175e2 2 189 - 0.02 0.19 30716
aoULAV 175e2 2 189 - 0.02 0.18 30716
aoD2AG 175e2 2 189 - 0.03 0.20 31752
aoD2SG 175e2 2 189 - 0.03 0.20 31760
moore 175e2 2 189 - 2.82 5784.58 9014028
nbpm 175e2 2 189 - 21.41 1752.67 22863144
greedy 175e2 2 189 - 18.95 1022.95 33516980
dry 2e4 10 189 - 0.03 0.12 31408
aoDLAV 2e4 10 189 - 0.03 1.90 34836
aoULAV 2e4 10 189 - 0.03 1.62 34848
aoD2AG 2e4 10 189 - 0.03 1.89 36076
aoD2SG 2e4 10 189 - 0.04 2.13 36076
moore 2e4 10 189 - 3.48 6678.96 11770836
nbpm 2e4 10 189 - 29.31 5532.71 30880040
greedy 2e4 10 189 - 25.14 1322.84 43775820
dry 2e4 10 219 - 0.03 0.12 30068
aoDLAV 2e4 10 219 - 0.04 1.78 34840
aoULAV 2e4 10 219 - 0.04 1.78 34848
aoD2AG 2e4 10 219 - 0.03 1.83 36076
aoD2SG 2e4 10 219 - 0.04 2.05 36128
moore 2e4 10 219 - 3.60 6308.29 11770836
nbpm 2e4 10 219 - 28.67 6881.30 30880048
greedy 2e4 10 219 - 26.22 1395.54 43775820
dry 125e2 2 101 - 0.02 0.13 28376
aoDLAV 125e2 2 101 - 0.03 0.18 30712
aoULAV 125e2 2 101 - 0.03 0.18 30708
aoD2AG 125e2 2 101 - 0.03 0.18 31376
aoD2SG 125e2 2 101 - 0.03 0.18 31380
moore 125e2 2 101 - 1.65 1631.37 4611544
nbpm 125e2 2 101 - 11.45 679.60 12302320
greedy 125e2 2 101 - 9.32 466.32 17109964
dry 8e7 2 56 - 0.91 2.47 1592676
aoDLAV 8e7 2 56 - 6.89 484.76 11893328
aoULAV 8e7 2 56 - 8.61 523.53 11893324
aoD2AG 8e7 2 56 - 15.16 678.51 17487636
aoD2SG 8e7 2 56 - 16.04 1047.76 18124576
dry 125e2 2 49 - 0.03 0.11 26532
aoDLAV 125e2 2 49 - 0.03 0.18 30708
aoULAV 125e2 2 49 - 0.04 0.17 30712
aoD2AG 125e2 2 49 - 0.03 0.19 31388
aoD2SG 125e2 2 49 - 0.03 0.19 31376
moore 125e2 2 49 - 1.58 2349.43 4611548
nbpm 125e2 2 49 - 11.52 693.45 12302328
greedy 125e2 2 49 - 9.51 459.62 17109964
dry 2e4 2 159 - 0.03 0.11 26832
aoDLAV 2e4 2 159 - 0.04 0.19 30808
aoULAV 2e4 2 159 - 0.03 0.19 30808
aoD2AG 2e4 2 159 - 0.03 0.21 32284
aoD2SG 2e4 2 159 - 0.03 0.22 32292
moore 2e4 2 159 - 3.40 6937.10 11765552
nbpm 2e4 2 159 - 29.09 3791.67 31402196
greedy 2e4 2 159 - 24.47 1210.80 43771044
dry 18e3 2 190 - 0.03 0.11 26748
aoDLAV 18e3 2 190 - 0.03 0.19 30740
aoULAV 18e3 2 190 - 0.03 0.19 30740
aoD2AG 18e3 2 190 - 0.03 0.20 31804
aoD2SG 18e3 2 190 - 0.04 0.20 31864
