dry 32e6 2 154 - 0.29 1.00 655176
aoDLAV 32e6 2 154 - 2.44 220.27 4768324
aoULAV 32e6 2 154 - 3.33 192.09 4768324
aoD2AG 32e6 2 154 - 5.46 279.13 7007844
aoD2SG 32e6 2 154 - 6.40 319.07 7265216
dry 32e2 2 129 - 0.03 0.12 26112
aoDLAV 32e2 2 129 - 0.02 0.15 30540
aoULAV 32e2 2 129 - 0.02 0.15 30548
aoD2AG 32e2 2 129 - 0.02 0.16 31212
aoD2SG 32e2 2 129 - 0.04 0.15 31328
moore 32e2 2 129 - 0.15 37.47 330516
nbpm 32e2 2 129 - 0.90 21.29 854752
greedy 32e2 2 129 - 0.72 23.53 1150164
dry 5e7 2 204 - 0.60 1.59 1006736
aoDLAV 5e7 2 204 - 4.30 293.50 7440192
aoULAV 5e7 2 204 - 5.35 301.05 7440196
aoD2AG 5e7 2 204 - 10.21 440.63 10938652
aoD2SG 5e7 2 204 - 10.38 523.89 11338308
dry 6e7 2 184 - 0.65 1.91 1202048
aoDLAV 6e7 2 184 - 5.03 352.13 8924564
aoULAV 6e7 2 184 - 6.53 371.11 8924564
aoD2AG 6e7 2 184 - 12.07 534.96 13123676
aoD2SG 6e7 2 184 - 12.56 618.54 13601088
dry 32e6 2 37 - 0.38 1.07 655176
aoDLAV 32e6 2 37 - 2.74 178.28 4768324
aoULAV 32e6 2 37 - 2.78 192.18 4768324
aoD2AG 32e6 2 37 - 6.45 274.76 7009540
aoD2SG 32e6 2 37 - 6.68 317.45 7263544
dry 56e2 2 124 - 0.02 0.13 26236
aoDLAV 56e2 2 124 - 0.02 0.16 30976
aoULAV 56e2 2 124 - 0.04 0.14 30988
aoD2AG 56e2 2 124 - 0.03 0.17 31968
aoD2SG 56e2 2 124 - 0.03 0.17 31120
moore 56e2 2 124 - 0.83 254.45 952724
nbpm 56e2 2 124 - 2.32 121.92 2388088
greedy 56e2 2 124 - 1.98 77.94 3460492
dry 5e7 2 250 - 0.56 1.62 1006740
aoDLAV 5e7 2 250 - 4.23 354.84 7440192
aoULAV 5e7 2 250 - 5.24 310.68 7440192
aoD2AG 5e7 2 250 - 10.00 458.18 10937936
aoD2SG 5e7 2 250 - 10.63 544.55 11335852
dry 2e7 2 71 - 0.23 0.77 420800
aoDLAV 2e7 2 71 - 1.63 106.84 2987068
aoULAV 2e7 2 71 - 1.76 110.76 2987072
aoD2AG 2e7 2 71 - 3.93 159.02 4388620
aoD2SG 2e7 2 71 - 3.64 184.93 4546268
dry 25e2 2 106 - 0.02 0.11 26080
aoDLAV 25e2 2 106 - 0.02 0.15 30452
aoULAV 25e2 2 106 - 0.03 0.14 30464
aoD2AG 25e2 2 106 - 0.02 0.15 30984
aoD2SG 25e2 2 106 - 0.03 0.14 31036
moore 25e2 2 106 - 0.09 15.49 213624
nbpm 25e2 2 106 - 0.53 12.98 541636
greedy 25e2 2 106 - 0.44 9.93 713664
dry 32e6 2 227 - 0.36 1.11 655176
aoDLAV 32e6 2 227 - 2.58 179.75 4768328
aoULAV 32e6 2 227 - 3.45 191.09 4768328
aoD2AG 32e6 2 227 - 5.44 271.72 7006008
aoD2SG 32e6 2 227 - 6.66 328.53 7263060
dry 1e4 10 55 - 0.03 0.12 27688
aoDLAV 1e4 10 55 - 0.03 0.74 32768
aoULAV 1e4 10 55 - 0.04 0.80 32776
aoD2AG 1e4 10 55 - 0.04 0.74 32744
aoD2SG 1e4 10 55 - 0.04 1.02 34180
moore 1e4 10 55 - 1.18 943.99 2963852
nbpm 1e4 10 55 - 7.59 773.88 7764380
greedy 1e4 10 55 - 6.32 270.39 10961108
dry 2e7 2 190 - 0.29 0.74 420796
aoDLAV 2e7 2 190 - 1.85 102.62 2987068
aoULAV 2e7 2 190 - 2.27 114.49 2987072
aoD2AG 2e7 2 190 - 3.82 158.94 4387168
aoD2SG 2e7 2 190 - 3.78 197.58 4549172
dry 18e6 2 64 - 0.24 0.74 381740
aoDLAV 18e6 2 64 - 1.55 101.65 2690192
aoULAV 18e6 2 64 - 2.01 103.24 2690192
aoD2AG 18e6 2 64 - 3.32 148.09 3950672
aoD2SG 18e6 2 64 - 3.24 171.79 4092884
dry 1e4 2 53 - 0.03 0.12 28400
aoDLAV 1e4 2 53 - 0.03 0.18 31864
aoULAV 1e4 2 53 - 0.03 0.17 31880
aoD2AG 1e4 2 53 - 0.04 0.17 31880
aoD2SG 1e4 2 53 - 0.03 0.18 31992
moore 1e4 2 53 - 1.19 1282.10 2960572
nbpm 1e4 2 53 - 7.90 365.39 7889416
greedy 1e4 2 53 - 6.89 284.77 10968572
dry 56e2 2 238 - 0.02 0.12 26240
aoDLAV 56e2 2 238 - 0.03 0.15 30976
aoULAV 56e2 2 238 - 0.03 0.16 30988
aoD2AG 56e2 2 238 - 0.03 0.18 31972
aoD2SG 56e2 2 238 - 0.04 0.17 31120
moore 56e2 2 238 - 0.47 188.96 952716
nbpm 56e2 2 238 - 2.49 69.75 2388080
greedy 56e2 2 238 - 2.26 76.03 3460492
dry 18e2 2 157 - 0.03 0.12 26052
aoDLAV 18e2 2 157 - 0.03 0.14 30376
aoULAV 18e2 2 157 - 0.02 0.15 30384
aoD2AG 18e2 2 157 - 0.03 0.15 30784
aoD2SG 18e2 2 157 - 0.03 0.14 30872
moore 18e2 2 157 - 0.07 16.65 125408
nbpm 18e2 2 157 - 0.20 7.67 334528
greedy 18e2 2 157 - 0.23 3.94 384352
dry 1e4 10 226 - 0.02 0.12 29668
aoDLAV 1e4 10 226 - 0.03 0.68 32764
aoULAV 1e4 10 226 - 0.03 0.78 32776
aoD2AG 1e4 10 226 - 0.04 0.71 32744
aoD2SG 1e4 10 226 - 0.03 0.78 34180
moore 1e4 10 226 - 1.06 1033.42 2963856
nbpm 1e4 10 226 - 7.48 763.07 7764384
greedy 1e4 10 226 - 6.21 272.51 10961112
dry 1e4 2 67 - 0.03 0.11 26432
aoDLAV 1e4 2 67 - 0.03 0.17 31864
aoULAV 1e4 2 67 - 0.03 0.17 31880
aoD2AG 1e4 2 67 - 0.03 0.18 31876
aoD2SG 1e4 2 67 - 0.04 0.19 31984
moore 1e4 2 67 - 1.26 1195.35 2960572
nbpm 1e4 2 67 - 7.96 348.60 7889420
greedy 1e4 2 67 - 7.29 322.23 10968568
dry 56e2 2 170 - 0.03 0.11 26240
aoDLAV 56e2 2 170 - 0.03 0.15 30976
aoULAV 56e2 2 170 - 0.03 0.15 30992
aoD2AG 56e2 2 170 - 0.03 0.17 31980
aoD2SG 56e2 2 170 - 0.02 0.18 31124
moore 56e2 2 170 - 0.62 214.49 952716
nbpm 56e2 2 170 - 2.42 98.11 2388080
greedy 56e2 2 170 - 2.12 79.34 3460488
dry 18e2 2 214 - 0.02 0.12 26052
aoDLAV 18e2 2 214 - 0.03 0.14 30372
aoULAV 18e2 2 214 - 0.03 0.15 30384
aoD2AG 18e2 2 214 - 0.02 0.15 30784
aoD2SG 18e2 2 214 - 0.03 0.15 30824
moore 18e2 2 214 - 0.06 13.68 125412
nbpm 18e2 2 214 - 0.18 7.99 334524
greedy 18e2 2 214 - 0.21 4.08 384352
dry 18e2 2 196 - 0.03 0.11 26052
aoDLAV 18e2 2 196 - 0.02 0.15 30372
aoULAV 18e2 2 196 - 0.02 0.15 30384
aoD2AG 18e2 2 196 - 0.03 0.15 30792
aoD2SG 18e2 2 196 - 0.03 0.15 30828
moore 18e2 2 196 - 0.08 9.95 125436
nbpm 18e2 2 196 - 0.20 7.56 334528
greedy 18e2 2 196 - 0.23 4.17 384352
dry 25e2 2 151 - 0.02 0.12 26080
aoDLAV 25e2 2 151 - 0.02 0.15 30456
aoULAV 25e2 2 151 - 0.02 0.15 30468
aoD2AG 25e2 2 151 - 0.03 0.15 30976
aoD2SG 25e2 2 151 - 0.03 0.15 31024
moore 25e2 2 151 - 0.11 29.62 213596
nbpm 25e2 2 151 - 0.51 12.59 541636
greedy 25e2 2 151 - 0.39 9.57 713664
dry 2e7 2 98 - 0.25 0.76 420796
aoDLAV 2e7 2 98 - 1.76 109.87 2987068
aoULAV 2e7 2 98 - 1.70 112.47 2987072
aoD2AG 2e7 2 98 - 4.05 158.76 4388312
aoD2SG 2e7 2 98 - 3.73 187.88 4544892
dry 1e4 5 185 - 0.03 0.12 26900
aoDLAV 1e4 5 185 - 0.04 0.21 31084
aoULAV 1e4 5 185 - 0.03 0.21 31096
aoD2AG 1e4 5 185 - 0.03 0.22 32108
aoD2SG 1e4 5 185 - 0.04 0.23 32156
moore 1e4 5 185 - 1.28 973.41 2961736
nbpm 1e4 5 185 - 7.49 630.60 7811452
greedy 1e4 5 185 - 6.24 303.27 10959172
dry 18e2 2 83 - 0.02 0.12 26048
aoDLAV 18e2 2 83 - 0.03 0.15 30372
aoULAV 18e2 2 83 - 0.03 0.15 30384
aoD2AG 18e2 2 83 - 0.03 0.15 30788
aoD2SG 18e2 2 83 - 0.03 0.15 30816
moore 18e2 2 83 - 0.06 10.26 125436
nbpm 18e2 2 83 - 0.21 8.52 334528
greedy 18e2 2 83 - 0.25 4.07 384352
dry 25e2 2 155 - 0.02 0.12 26080
aoDLAV 25e2 2 155 - 0.03 0.14 30452
aoULAV 25e2 2 155 - 0.03 0.15 30464
aoD2AG 25e2 2 155 - 0.03 0.15 30980
aoD2SG 25e2 2 155 - 0.03 0.15 31024
moore 25e2 2 155 - 0.10 27.70 213600
nbpm 25e2 2 155 - 0.51 14.27 541632
greedy 25e2 2 155 - 0.46 10.87 713664
dry 75e2 2 26 - 0.02 0.12 28268
aoDLAV 75e2 2 26 - 0.03 0.15 31376
aoULAV 75e2 2 26 - 0.02 0.16 31388
aoD2AG 75e2 2 26 - 0.03 0.17 31384
aoD2SG 75e2 2 26 - 0.03 0.18 31380
moore 75e2 2 26 - 0.76 398.20 1683872
nbpm 75e2 2 26 - 4.26 162.45 4242124
greedy 75e2 2 26 - 4.07 157.27 6183092
dry 1e4 5 243 - 0.02 0.12 26900
aoDLAV 1e4 5 243 - 0.03 0.22 31084
aoULAV 1e4 5 243 - 0.03 0.22 31096
aoD2AG 1e4 5 243 - 0.03 0.22 32112
aoD2SG 1e4 5 243 - 0.02 0.25 32116
moore 1e4 5 243 - 1.15 1060.80 2961732
nbpm 1e4 5 243 - 7.64 611.48 7811456
greedy 1e4 5 243 - 7.22 382.95 10959172
dry 50e2 2 153 - 0.03 0.13 26208
aoDLAV 50e2 2 153 - 0.04 0.17 30848
aoULAV 50e2 2 153 - 0.04 0.16 30864
aoD2AG 50e2 2 153 - 0.03 0.17 31788
aoD2SG 50e2 2 153 - 0.04 0.18 31860
moore 50e2 2 153 - 0.34 133.90 762980
nbpm 50e2 2 153 - 1.93 54.34 2011924
greedy 50e2 2 153 - 1.81 64.02 2764780
dry 6e7 2 216 - 0.71 1.94 1202044
aoDLAV 6e7 2 216 - 5.06 368.67 8924560
aoULAV 6e7 2 216 - 6.79 382.34 8924560
aoD2AG 6e7 2 216 - 11.84 540.57 13121004
aoD2SG 6e7 2 216 - 12.52 642.92 13600060
dry 7e7 2 6 - 0.78 2.18 1397356
aoDLAV 7e7 2 6 - 5.99 425.81 10408940
aoULAV 7e7 2 6 - 7.80 456.46 10408936
aoD2AG 7e7 2 6 - 13.35 648.87 15305784
aoD2SG 7e7 2 6 - 14.82 922.04 15864576
dry 56e6 2 247 - 0.68 1.83 1123924
aoDLAV 56e6 2 247 - 4.67 346.23 8330816
aoULAV 56e6 2 247 - 6.10 359.91 8330816
aoD2AG 56e6 2 247 - 10.86 501.54 12247772
aoD2SG 56e6 2 247 - 11.52 592.92 12696268
dry 4e7 2 125 - 0.46 1.35 811424
aoDLAV 4e7 2 125 - 3.37 229.74 5955820
aoULAV 4e7 2 125 - 4.53 291.46 5955816
aoD2AG 4e7 2 125 - 7.77 346.78 8751248
aoD2SG 4e7 2 125 - 8.39 408.98 9072436
dry 1e4 2 105 - 0.03 0.12 26432
aoDLAV 1e4 2 105 - 0.03 0.18 31864
aoULAV 1e4 2 105 - 0.04 0.17 31880
aoD2AG 1e4 2 105 - 0.03 0.19 31880
aoD2SG 1e4 2 105 - 0.03 0.19 31992
moore 1e4 2 105 - 1.43 1407.41 2960580
nbpm 1e4 2 105 - 7.70 348.77 7889424
greedy 1e4 2 105 - 6.17 281.39 10968568
dry 75e2 2 131 - 0.02 0.13 26328
aoDLAV 75e2 2 131 - 0.03 0.15 31376
aoULAV 75e2 2 131 - 0.03 0.15 31392
aoD2AG 75e2 2 131 - 0.02 0.18 31380
aoD2SG 75e2 2 131 - 0.03 0.18 31384
moore 75e2 2 131 - 1.44 518.31 1688792
nbpm 75e2 2 131 - 4.16 158.25 4242132
greedy 75e2 2 131 - 3.84 151.37 6183092
dry 56e6 2 55 - 0.65 1.80 1123924
aoDLAV 56e6 2 55 - 5.08 333.50 8330816
aoULAV 56e6 2 55 - 6.30 347.37 8330816
aoD2AG 56e6 2 55 - 11.43 495.87 12246644
aoD2SG 56e6 2 55 - 11.75 584.56 12694060
dry 18e2 2 86 - 0.03 0.12 26048
aoDLAV 18e2 2 86 - 0.03 0.15 30376
aoULAV 18e2 2 86 - 0.03 0.15 30388
aoD2AG 18e2 2 86 - 0.03 0.15 30788
aoD2SG 18e2 2 86 - 0.03 0.15 30824
moore 18e2 2 86 - 0.07 12.45 125416
nbpm 18e2 2 86 - 0.20 7.67 334540
greedy 18e2 2 86 - 0.24 4.25 384352
dry 1e4 10 206 - 0.02 0.12 27688
aoDLAV 1e4 10 206 - 0.03 0.68 32768
aoULAV 1e4 10 206 - 0.04 0.68 32776
aoD2AG 1e4 10 206 - 0.04 0.73 32744
aoD2SG 1e4 10 206 - 0.03 0.78 34176
moore 1e4 10 206 - 1.14 1118.89 2963856
nbpm 1e4 10 206 - 7.47 765.73 7764392
greedy 1e4 10 206 - 6.80 273.54 10961112
dry 2e7 2 52 - 0.25 0.76 420796
aoDLAV 2e7 2 52 - 1.70 107.78 2987072
aoULAV 2e7 2 52 - 2.28 118.76 2987068
aoD2AG 2e7 2 52 - 3.57 165.68 4387520
aoD2SG 2e7 2 52 - 4.15 218.33 4547212
dry 18e6 2 176 - 0.22 0.70 381740
aoDLAV 18e6 2 176 - 1.60 94.98 2690192
aoULAV 18e6 2 176 - 1.98 104.47 2690192
aoD2AG 18e6 2 176 - 3.24 147.09 3952984
aoD2SG 18e6 2 176 - 3.89 165.99 4095740
dry 1e4 5 139 - 0.03 0.12 26900
aoDLAV 1e4 5 139 - 0.04 0.21 31088
aoULAV 1e4 5 139 - 0.03 0.21 31100
aoD2AG 1e4 5 139 - 0.04 0.21 32108
aoD2SG 1e4 5 139 - 0.03 0.24 32108
moore 1e4 5 139 - 1.19 1259.05 2961736
nbpm 1e4 5 139 - 7.55 645.00 7811452
greedy 1e4 5 139 - 6.65 294.27 10959172
dry 50e2 2 49 - 0.02 0.13 28212
aoDLAV 50e2 2 49 - 0.04 0.14 30848
aoULAV 50e2 2 49 - 0.03 0.15 30860
aoD2AG 50e2 2 49 - 0.02 0.16 31772
aoD2SG 50e2 2 49 - 0.03 0.16 31880
moore 50e2 2 49 - 0.31 134.79 762972
nbpm 50e2 2 49 - 1.96 56.00 2011920
greedy 50e2 2 49 - 1.60 60.55 2764780
dry 1e4 2 202 - 0.02 0.12 26432
aoDLAV 1e4 2 202 - 0.03 0.17 31864
aoULAV 1e4 2 202 - 0.03 0.16 31876
aoD2AG 1e4 2 202 - 0.03 0.17 31876
aoD2SG 1e4 2 202 - 0.03 0.18 31988
moore 1e4 2 202 - 1.09 1603.19 2960580
nbpm 1e4 2 202 - 7.62 348.22 7889424
greedy 1e4 2 202 - 6.33 278.33 10968568
dry 1e4 5 26 - 0.03 0.12 26904
aoDLAV 1e4 5 26 - 0.03 0.22 31084
aoULAV 1e4 5 26 - 0.03 0.23 31100
aoD2AG 1e4 5 26 - 0.03 0.23 32108
aoD2SG 1e4 5 26 - 0.03 0.24 32108
moore 1e4 5 26 - 1.25 1145.12 2961736
nbpm 1e4 5 26 - 7.31 706.85 7811464
greedy 1e4 5 26 - 6.86 290.19 10959172
dry 56e6 2 219 - 0.64 1.79 1123924
aoDLAV 56e6 2 219 - 4.80 338.70 8330816
aoULAV 56e6 2 219 - 6.17 353.93 8330820
aoD2AG 56e6 2 219 - 11.34 517.65 12246644
aoD2SG 56e6 2 219 - 11.96 745.84 12693264
dry 6e7 2 135 - 0.64 1.88 1202048
aoDLAV 6e7 2 135 - 4.82 381.36 8924560
aoULAV 6e7 2 135 - 6.77 381.95 8924564
aoD2AG 6e7 2 135 - 12.36 567.59 13119712
aoD2SG 6e7 2 135 - 12.88 661.03 13596736
dry 4e7 2 111 - 0.52 1.37 811424
aoDLAV 4e7 2 111 - 3.51 232.15 5955816
aoULAV 4e7 2 111 - 4.42 260.70 5955816
aoD2AG 4e7 2 111 - 7.15 355.12 8752032
aoD2SG 4e7 2 111 - 8.67 459.19 9073692
dry 56e6 2 36 - 0.64 1.79 1123924
aoDLAV 56e6 2 36 - 4.69 336.07 8330816
aoULAV 56e6 2 36 - 6.48 354.85 8330816
aoD2AG 56e6 2 36 - 11.21 492.61 12248804
aoD2SG 56e6 2 36 - 11.66 575.94 12692860
dry 2e7 2 110 - 0.24 0.74 420800
aoDLAV 2e7 2 110 - 1.59 106.71 2987128
aoULAV 2e7 2 110 - 2.10 114.01 2987068
aoD2AG 2e7 2 110 - 3.43 169.89 4387928
aoD2SG 2e7 2 110 - 4.24 195.66 4549352
dry 1e4 5 65 - 0.03 0.11 28904
aoDLAV 1e4 5 65 - 0.02 0.22 31084
aoULAV 1e4 5 65 - 0.03 0.21 31104
aoD2AG 1e4 5 65 - 0.03 0.22 32108
aoD2SG 1e4 5 65 - 0.02 0.23 32112
moore 1e4 5 65 - 1.29 1252.83 2961732
nbpm 1e4 5 65 - 7.42 605.15 7811452
greedy 1e4 5 65 - 6.38 294.32 10959172
dry 6e7 2 107 - 0.68 1.87 1202044
aoDLAV 6e7 2 107 - 5.08 349.19 8924560
aoULAV 6e7 2 107 - 6.55 387.13 8924560
aoD2AG 6e7 2 107 - 12.13 543.19 13120092
aoD2SG 6e7 2 107 - 12.56 631.74 13598948
dry 18e2 2 206 - 0.03 0.11 26048
aoDLAV 18e2 2 206 - 0.03 0.14 30372
aoULAV 18e2 2 206 - 0.02 0.15 30388
aoD2AG 18e2 2 206 - 0.02 0.15 30784
aoD2SG 18e2 2 206 - 0.03 0.15 30820
moore 18e2 2 206 - 0.06 32.80 125416
nbpm 18e2 2 206 - 0.17 7.36 334536
greedy 18e2 2 206 - 0.23 3.60 384348
dry 25e2 2 85 - 0.01 0.12 26084
aoDLAV 25e2 2 85 - 0.03 0.14 30452
aoULAV 25e2 2 85 - 0.02 0.15 30468
aoD2AG 25e2 2 85 - 0.03 0.14 30992
aoD2SG 25e2 2 85 - 0.02 0.15 31036
moore 25e2 2 85 - 0.08 25.92 213604
nbpm 25e2 2 85 - 0.55 12.23 541644
greedy 25e2 2 85 - 0.42 9.93 713664
dry 50e2 2 157 - 0.02 0.12 26204
aoDLAV 50e2 2 157 - 0.03 0.15 30852
aoULAV 50e2 2 157 - 0.03 0.15 30864
aoD2AG 50e2 2 157 - 0.03 0.16 31780
aoD2SG 50e2 2 157 - 0.03 0.17 31872
moore 50e2 2 157 - 0.74 206.02 764620
nbpm 50e2 2 157 - 2.01 54.64 2011916
greedy 50e2 2 157 - 1.57 60.56 2764828
dry 1e4 2 184 - 0.02 0.13 26432
aoDLAV 1e4 2 184 - 0.03 0.18 31864
aoULAV 1e4 2 184 - 0.03 0.17 31880
aoD2AG 1e4 2 184 - 0.04 0.20 31880
aoD2SG 1e4 2 184 - 0.03 0.21 31996
moore 1e4 2 184 - 1.16 1504.99 2960576
nbpm 1e4 2 184 - 7.58 334.39 7889416
greedy 1e4 2 184 - 6.14 231.74 10968568
