dry 2e7 2 207 - 0.23 0.73 420796
aoDLAV 2e7 2 207 - 1.51 108.58 2987068
aoULAV 2e7 2 207 - 2.12 118.86 2987076
aoD2AG 2e7 2 207 - 3.32 160.63 4387952
aoD2SG 2e7 2 207 - 3.81 221.18 4547276
dry 3e7 2 9 - 0.34 1.04 616104
aoDLAV 3e7 2 9 - 2.55 180.93 4471432
aoULAV 3e7 2 9 - 3.38 189.73 4471432
aoD2AG 3e7 2 9 - 5.86 257.58 6570600
aoD2SG 3e7 2 9 - 5.49 298.37 6812212
dry 1e4 2 37 - 0.03 0.12 26436
aoDLAV 1e4 2 37 - 0.02 0.19 31868
aoULAV 1e4 2 37 - 0.03 0.18 31880
aoD2AG 1e4 2 37 - 0.03 0.18 31876
aoD2SG 1e4 2 37 - 0.02 0.19 31988
moore 1e4 2 37 - 1.16 783.79 2960584
nbpm 1e4 2 37 - 7.93 361.17 7889424
greedy 1e4 2 37 - 6.68 276.06 10968572
dry 25e2 2 38 - 0.03 0.13 26080
aoDLAV 25e2 2 38 - 0.03 0.17 30452
aoULAV 25e2 2 38 - 0.03 0.15 30464
aoD2AG 25e2 2 38 - 0.03 0.17 30976
aoD2SG 25e2 2 38 - 0.03 0.16 31024
moore 25e2 2 38 - 0.10 34.55 213620
nbpm 25e2 2 38 - 0.61 12.54 541636
greedy 25e2 2 38 - 0.48 10.46 713664
dry 18e2 2 218 - 0.02 0.12 26048
aoDLAV 18e2 2 218 - 0.02 0.16 30372
aoULAV 18e2 2 218 - 0.03 0.15 30388
aoD2AG 18e2 2 218 - 0.03 0.15 30780
aoD2SG 18e2 2 218 - 0.03 0.15 30820
moore 18e2 2 218 - 0.06 14.18 125416
nbpm 18e2 2 218 - 0.20 7.74 334536
greedy 18e2 2 218 - 0.29 4.34 384352
dry 25e2 2 250 - 0.02 0.12 26080
aoDLAV 25e2 2 250 - 0.03 0.15 30452
aoULAV 25e2 2 250 - 0.03 0.14 30464
aoD2AG 25e2 2 250 - 0.03 0.15 30984
aoD2SG 25e2 2 250 - 0.04 0.15 31028
moore 25e2 2 250 - 0.11 27.30 213596
nbpm 25e2 2 250 - 0.53 12.34 541632
greedy 25e2 2 250 - 0.44 9.72 713664
dry 7e7 2 4 - 0.81 2.16 1397356
aoDLAV 7e7 2 4 - 5.75 420.82 10408936
aoULAV 7e7 2 4 - 7.68 449.11 10408936
aoD2AG 7e7 2 4 - 13.92 658.70 15302256
aoD2SG 7e7 2 4 - 14.82 744.69 15861756
dry 18e2 2 134 - 0.02 0.12 26052
aoDLAV 18e2 2 134 - 0.04 0.14 30376
aoULAV 18e2 2 134 - 0.03 0.14 30384
aoD2AG 18e2 2 134 - 0.03 0.15 30788
aoD2SG 18e2 2 134 - 0.02 0.16 30832
moore 18e2 2 134 - 0.07 18.71 125408
nbpm 18e2 2 134 - 0.21 7.56 334528
greedy 18e2 2 134 - 0.26 3.87 384356
dry 32e6 2 141 - 0.38 1.09 655180
aoDLAV 32e6 2 141 - 2.70 213.77 4768324
aoULAV 32e6 2 141 - 2.76 191.95 4768324
aoD2AG 32e6 2 141 - 6.03 270.54 7008484
aoD2SG 32e6 2 141 - 6.44 318.26 7263704
dry 56e6 2 232 - 0.59 1.79 1123928
aoDLAV 56e6 2 232 - 4.56 334.09 8330816
aoULAV 56e6 2 232 - 6.02 358.34 8330816
aoD2AG 56e6 2 232 - 10.90 495.24 12247820
aoD2SG 56e6 2 232 - 12.02 598.95 12695124
dry 7e7 2 195 - 0.78 2.20 1397356
aoDLAV 7e7 2 195 - 6.07 424.92 10408936
aoULAV 7e7 2 195 - 7.46 446.33 10408964
aoD2AG 7e7 2 195 - 13.54 656.29 15305852
aoD2SG 7e7 2 195 - 15.15 773.08 15864064
dry 1e4 5 155 - 0.02 0.13 26900
aoDLAV 1e4 5 155 - 0.03 0.22 31088
aoULAV 1e4 5 155 - 0.03 0.22 31096
aoD2AG 1e4 5 155 - 0.04 0.23 32108
aoD2SG 1e4 5 155 - 0.03 0.24 32108
moore 1e4 5 155 - 1.17 992.05 2961736
nbpm 1e4 5 155 - 7.65 638.36 7811452
greedy 1e4 5 155 - 6.49 291.74 10959172
dry 4e7 2 79 - 0.51 1.36 811424
aoDLAV 4e7 2 79 - 3.29 231.30 5955816
aoULAV 4e7 2 79 - 3.40 243.38 5955816
aoD2AG 4e7 2 79 - 8.03 393.65 8751640
aoD2SG 4e7 2 79 - 8.22 399.65 9075504
dry 1e4 5 170 - 0.03 0.11 26900
aoDLAV 1e4 5 170 - 0.03 0.21 31088
aoULAV 1e4 5 170 - 0.03 0.21 31100
aoD2AG 1e4 5 170 - 0.02 0.22 32108
aoD2SG 1e4 5 170 - 0.03 0.23 32120
moore 1e4 5 170 - 1.12 1049.76 2961736
nbpm 1e4 5 170 - 7.39 675.05 7811452
greedy 1e4 5 170 - 6.92 309.49 10959172
dry 50e2 2 124 - 0.03 0.12 26204
aoDLAV 50e2 2 124 - 0.03 0.16 30848
aoULAV 50e2 2 124 - 0.04 0.15 30860
aoD2AG 50e2 2 124 - 0.04 0.15 31800
aoD2SG 50e2 2 124 - 0.02 0.18 31880
moore 50e2 2 124 - 0.67 192.55 764624
nbpm 50e2 2 124 - 1.98 54.58 2011920
greedy 50e2 2 124 - 1.79 61.44 2764780
dry 18e6 2 88 - 0.21 0.71 381736
aoDLAV 18e6 2 88 - 1.64 97.29 2690196
aoULAV 18e6 2 88 - 1.53 99.65 2690192
aoD2AG 18e6 2 88 - 3.15 134.88 3952528
aoD2SG 18e6 2 88 - 3.73 157.67 4094420
dry 32e6 2 79 - 0.37 1.08 655184
aoDLAV 32e6 2 79 - 2.76 173.81 4768324
aoULAV 32e6 2 79 - 2.73 189.62 4768328
aoD2AG 32e6 2 79 - 6.19 269.64 7008672
aoD2SG 32e6 2 79 - 6.67 326.24 7263040
dry 32e2 2 228 - 0.02 0.12 26112
aoDLAV 32e2 2 228 - 0.03 0.15 30540
aoULAV 32e2 2 228 - 0.03 0.15 30552
aoD2AG 32e2 2 228 - 0.03 0.15 31204
aoD2SG 32e2 2 228 - 0.03 0.16 31256
moore 32e2 2 228 - 0.18 44.25 330520
nbpm 32e2 2 228 - 0.89 18.66 854760
greedy 32e2 2 228 - 0.68 21.77 1150168
dry 32e2 2 186 - 0.03 0.12 28156
aoDLAV 32e2 2 186 - 0.03 0.15 30540
aoULAV 32e2 2 186 - 0.03 0.14 30552
aoD2AG 32e2 2 186 - 0.02 0.15 31204
aoD2SG 32e2 2 186 - 0.03 0.15 31268
moore 32e2 2 186 - 0.15 36.54 330512
nbpm 32e2 2 186 - 0.90 20.64 854748
greedy 32e2 2 186 - 0.81 22.43 1150164
dry 7e7 2 166 - 0.82 2.23 1397360
aoDLAV 7e7 2 166 - 6.07 422.74 10408936
aoULAV 7e7 2 166 - 7.64 458.44 10408936
aoD2AG 7e7 2 166 - 13.74 653.67 15300732
aoD2SG 7e7 2 166 - 14.26 763.13 15862676
dry 1e4 2 81 - 0.02 0.12 26436
aoDLAV 1e4 2 81 - 0.03 0.17 31864
aoULAV 1e4 2 81 - 0.03 0.16 31876
aoD2AG 1e4 2 81 - 0.03 0.18 31880
aoD2SG 1e4 2 81 - 0.02 0.19 31992
moore 1e4 2 81 - 1.10 1471.86 2960572
nbpm 1e4 2 81 - 7.91 370.41 7889416
greedy 1e4 2 81 - 6.84 277.21 10968572
dry 6e7 2 93 - 0.71 1.92 1202044
aoDLAV 6e7 2 93 - 5.30 459.41 8924560
aoULAV 6e7 2 93 - 6.96 385.80 8924560
aoD2AG 6e7 2 93 - 11.88 542.32 13119544
aoD2SG 6e7 2 93 - 12.33 718.60 13599856
dry 56e6 2 230 - 0.63 1.78 1123924
aoDLAV 56e6 2 230 - 5.20 361.10 8330816
aoULAV 56e6 2 230 - 5.85 353.07 8330816
aoD2AG 56e6 2 230 - 10.95 524.64 12246496
aoD2SG 56e6 2 230 - 11.84 584.30 12696744
dry 1e4 5 66 - 0.03 0.12 28552
aoDLAV 1e4 5 66 - 0.03 0.22 31084
aoULAV 1e4 5 66 - 0.03 0.21 31096
aoD2AG 1e4 5 66 - 0.04 0.22 32108
aoD2SG 1e4 5 66 - 0.04 0.24 32108
moore 1e4 5 66 - 1.25 943.13 2961736
nbpm 1e4 5 66 - 7.54 661.47 7811460
greedy 1e4 5 66 - 6.87 299.38 10959172
dry 1e4 2 215 - 0.03 0.11 26432
aoDLAV 1e4 2 215 - 0.01 0.19 31868
aoULAV 1e4 2 215 - 0.03 0.17 31876
aoD2AG 1e4 2 215 - 0.03 0.18 31876
aoD2SG 1e4 2 215 - 0.03 0.18 31988
moore 1e4 2 215 - 1.13 838.29 2960572
nbpm 1e4 2 215 - 7.68 359.97 7889412
greedy 1e4 2 215 - 6.76 285.72 10968572
dry 32e6 2 188 - 0.40 1.10 655180
aoDLAV 32e6 2 188 - 2.95 177.59 4768324
aoULAV 32e6 2 188 - 3.78 197.49 4768324
aoD2AG 32e6 2 188 - 6.64 274.45 7008936
aoD2SG 32e6 2 188 - 7.16 307.92 7263568
dry 4e7 2 214 - 0.52 1.32 811428
aoDLAV 4e7 2 214 - 3.52 234.34 5955820
aoULAV 4e7 2 214 - 3.61 240.01 5955816
aoD2AG 4e7 2 214 - 7.85 348.40 8756228
aoD2SG 4e7 2 214 - 8.81 408.75 9073376
dry 50e2 2 71 - 0.02 0.13 26204
aoDLAV 50e2 2 71 - 0.02 0.17 30848
aoULAV 50e2 2 71 - 0.03 0.16 30860
aoD2AG 50e2 2 71 - 0.03 0.16 31764
aoD2SG 50e2 2 71 - 0.04 0.18 31848
moore 50e2 2 71 - 0.47 154.13 764628
nbpm 50e2 2 71 - 1.97 55.75 2011924
greedy 50e2 2 71 - 1.80 62.38 2764780
dry 50e2 2 29 - 0.02 0.12 26204
aoDLAV 50e2 2 29 - 0.03 0.15 30848
aoULAV 50e2 2 29 - 0.03 0.15 30860
aoD2AG 50e2 2 29 - 0.03 0.16 31780
aoD2SG 50e2 2 29 - 0.03 0.17 31892
moore 50e2 2 29 - 0.93 246.87 764628
nbpm 50e2 2 29 - 1.97 73.94 2011924
greedy 50e2 2 29 - 1.59 59.80 2764780
dry 1e4 2 106 - 0.03 0.12 26432
aoDLAV 1e4 2 106 - 0.03 0.18 31868
aoULAV 1e4 2 106 - 0.03 0.18 31876
aoD2AG 1e4 2 106 - 0.03 0.19 31876
aoD2SG 1e4 2 106 - 0.03 0.19 31988
moore 1e4 2 106 - 1.28 891.14 2960572
nbpm 1e4 2 106 - 7.40 342.56 7889420
greedy 1e4 2 106 - 6.83 277.09 10968568
dry 1e4 2 62 - 0.03 0.12 28416
aoDLAV 1e4 2 62 - 0.03 0.18 31864
aoULAV 1e4 2 62 - 0.04 0.18 31880
aoD2AG 1e4 2 62 - 0.03 0.19 31880
aoD2SG 1e4 2 62 - 0.03 0.19 31992
moore 1e4 2 62 - 1.29 1390.66 2960576
nbpm 1e4 2 62 - 7.43 343.46 7889416
greedy 1e4 2 62 - 6.32 271.95 10968568
dry 25e2 2 66 - 0.03 0.12 26080
aoDLAV 25e2 2 66 - 0.03 0.14 30452
aoULAV 25e2 2 66 - 0.03 0.15 30464
aoD2AG 25e2 2 66 - 0.03 0.15 30964
aoD2SG 25e2 2 66 - 0.03 0.15 31004
moore 25e2 2 66 - 0.09 39.57 213596
nbpm 25e2 2 66 - 0.56 12.23 541636
greedy 25e2 2 66 - 0.46 10.53 713664
dry 56e2 2 230 - 0.02 0.12 26236
aoDLAV 56e2 2 230 - 0.02 0.15 30976
aoULAV 56e2 2 230 - 0.03 0.15 30988
aoD2AG 56e2 2 230 - 0.03 0.16 31984
aoD2SG 56e2 2 230 - 0.03 0.17 31124
moore 56e2 2 230 - 0.40 146.66 949980
nbpm 56e2 2 230 - 2.28 97.41 2388080
greedy 56e2 2 230 - 2.04 79.59 3460488
dry 50e2 2 90 - 0.02 0.12 26204
aoDLAV 50e2 2 90 - 0.03 0.15 30852
aoULAV 50e2 2 90 - 0.03 0.15 30860
aoD2AG 50e2 2 90 - 0.03 0.15 31768
aoD2SG 50e2 2 90 - 0.02 0.17 31868
moore 50e2 2 90 - 0.58 182.72 764676
nbpm 50e2 2 90 - 1.84 57.76 2011924
greedy 50e2 2 90 - 1.42 58.63 2764780
dry 4e7 2 69 - 0.44 1.33 811428
aoDLAV 4e7 2 69 - 3.51 228.91 5955820
aoULAV 4e7 2 69 - 4.41 244.37 5955816
aoD2AG 4e7 2 69 - 7.81 339.01 8754864
aoD2SG 4e7 2 69 - 8.14 405.86 9072664
dry 50e2 2 222 - 0.02 0.13 26204
aoDLAV 50e2 2 222 - 0.03 0.15 30848
aoULAV 50e2 2 222 - 0.03 0.15 30860
aoD2AG 50e2 2 222 - 0.03 0.16 31764
aoD2SG 50e2 2 222 - 0.04 0.18 31872
moore 50e2 2 222 - 0.34 115.58 762972
nbpm 50e2 2 222 - 2.05 56.43 2011912
greedy 50e2 2 222 - 1.72 61.32 2764780
dry 56e2 2 204 - 0.03 0.12 26236
aoDLAV 56e2 2 204 - 0.04 0.15 30980
aoULAV 56e2 2 204 - 0.03 0.16 30988
aoD2AG 56e2 2 204 - 0.03 0.18 31984
aoD2SG 56e2 2 204 - 0.03 0.18 31124
moore 56e2 2 204 - 0.74 234.55 952724
nbpm 56e2 2 204 - 2.32 73.22 2388092
greedy 56e2 2 204 - 2.27 83.19 3460488
dry 75e2 2 204 - 0.03 0.12 26328
aoDLAV 75e2 2 204 - 0.02 0.17 31380
aoULAV 75e2 2 204 - 0.02 0.17 31392
aoD2AG 75e2 2 204 - 0.03 0.18 31380
aoD2SG 75e2 2 204 - 0.03 0.19 31380
moore 75e2 2 204 - 0.68 359.30 1683872
nbpm 75e2 2 204 - 4.22 155.73 4242124
greedy 75e2 2 204 - 3.62 155.04 6183092
dry 1e4 5 146 - 0.02 0.13 26900
aoDLAV 1e4 5 146 - 0.03 0.22 31084
aoULAV 1e4 5 146 - 0.03 0.22 31096
aoD2AG 1e4 5 146 - 0.03 0.23 32108
aoD2SG 1e4 5 146 - 0.04 0.23 32108
moore 1e4 5 146 - 1.21 1053.38 2961736
nbpm 1e4 5 146 - 7.94 628.89 7811452
greedy 1e4 5 146 - 6.54 305.40 10959172
dry 3e7 2 53 - 0.37 1.04 616104
aoDLAV 3e7 2 53 - 2.49 181.67 4471428
aoULAV 3e7 2 53 - 2.49 178.19 4471432
aoD2AG 3e7 2 53 - 5.87 265.71 6570716
aoD2SG 3e7 2 53 - 6.41 303.26 6811064
dry 1e4 5 51 - 0.02 0.12 26904
aoDLAV 1e4 5 51 - 0.03 0.21 31084
aoULAV 1e4 5 51 - 0.04 0.20 31096
aoD2AG 1e4 5 51 - 0.04 0.22 32108
aoD2SG 1e4 5 51 - 0.04 0.22 32108
moore 1e4 5 51 - 1.14 1137.49 2961736
nbpm 1e4 5 51 - 7.97 577.93 7811452
greedy 1e4 5 51 - 6.75 309.53 10959172
dry 18e2 2 18 - 0.03 0.12 26048
aoDLAV 18e2 2 18 - 0.03 0.14 30372
aoULAV 18e2 2 18 - 0.04 0.14 30384
aoD2AG 18e2 2 18 - 0.02 0.16 30800
aoD2SG 18e2 2 18 - 0.03 0.15 30828
moore 18e2 2 18 - 0.07 13.80 125412
nbpm 18e2 2 18 - 0.17 7.94 334528
greedy 18e2 2 18 - 0.26 4.55 384352
dry 7e7 2 40 - 0.74 2.16 1397360
aoDLAV 7e7 2 40 - 5.89 416.77 10408936
aoULAV 7e7 2 40 - 7.60 450.34 10408936
aoD2AG 7e7 2 40 - 14.11 640.77 15306268
aoD2SG 7e7 2 40 - 14.44 753.02 15864896
dry 18e2 2 99 - 0.02 0.13 26048
aoDLAV 18e2 2 99 - 0.03 0.15 30372
aoULAV 18e2 2 99 - 0.03 0.15 30388
aoD2AG 18e2 2 99 - 0.03 0.15 30792
aoD2SG 18e2 2 99 - 0.03 0.16 30824
moore 18e2 2 99 - 0.07 13.31 125416
nbpm 18e2 2 99 - 0.19 7.66 334536
greedy 18e2 2 99 - 0.28 4.20 384380
dry 5e7 2 93 - 0.58 1.62 1006768
aoDLAV 5e7 2 93 - 4.29 299.78 7440192
aoULAV 5e7 2 93 - 5.53 312.15 7440192
aoD2AG 5e7 2 93 - 10.02 450.32 10938452
aoD2SG 5e7 2 93 - 10.63 595.85 11337544
dry 18e6 2 162 - 0.23 0.71 381736
aoDLAV 18e6 2 162 - 1.60 98.20 2690192
aoULAV 18e6 2 162 - 1.92 101.83 2690192
aoD2AG 18e6 2 162 - 3.15 142.58 3949968
aoD2SG 18e6 2 162 - 3.33 173.82 4094888
dry 25e2 2 189 - 0.02 0.12 26080
aoDLAV 25e2 2 189 - 0.03 0.14 30452
aoULAV 25e2 2 189 - 0.03 0.15 30464
aoD2AG 25e2 2 189 - 0.02 0.15 30988
aoD2SG 25e2 2 189 - 0.03 0.15 31016
moore 25e2 2 189 - 0.09 21.05 213628
nbpm 25e2 2 189 - 0.53 12.49 541684
greedy 25e2 2 189 - 0.41 9.91 713664
dry 1e4 10 119 - 0.02 0.12 27692
aoDLAV 1e4 10 119 - 0.03 0.67 32764
aoULAV 1e4 10 119 - 0.03 0.66 32776
aoD2AG 1e4 10 119 - 0.03 0.69 32748
aoD2SG 1e4 10 119 - 0.02 0.79 34176
moore 1e4 10 119 - 1.14 978.19 2963856
nbpm 1e4 10 119 - 7.62 769.13 7764384
greedy 1e4 10 119 - 6.33 267.52 10961108
dry 18e6 2 115 - 0.27 0.71 381736
aoDLAV 18e6 2 115 - 1.54 95.12 2690196
aoULAV 18e6 2 115 - 1.60 102.72 2690192
aoD2AG 18e6 2 115 - 3.59 139.38 3948988
aoD2SG 18e6 2 115 - 3.42 163.36 4093916
dry 1e4 10 50 - 0.03 0.12 27692
aoDLAV 1e4 10 50 - 0.04 0.65 32764
aoULAV 1e4 10 50 - 0.03 0.66 32776
aoD2AG 1e4 10 50 - 0.03 0.68 32744
aoD2SG 1e4 10 50 - 0.03 0.75 34176
moore 1e4 10 50 - 1.23 905.11 2963856
nbpm 1e4 10 50 - 7.45 744.66 7764384
greedy 1e4 10 50 - 6.73 261.19 10961108
dry 18e6 2 212 - 0.26 0.70 381740
aoDLAV 18e6 2 212 - 1.61 93.93 2690192
aoULAV 18e6 2 212 - 1.64 101.02 2690196
aoD2AG 18e6 2 212 - 3.78 154.75 3951176
aoD2SG 18e6 2 212 - 3.37 173.83 4091492
dry 4e7 2 27 - 0.49 1.34 811424
aoDLAV 4e7 2 27 - 3.39 266.07 5955820
aoULAV 4e7 2 27 - 4.17 243.88 5955820
aoD2AG 4e7 2 27 - 7.82 342.96 8752268
aoD2SG 4e7 2 27 - 8.31 407.66 9072808
dry 2e7 2 249 - 0.25 0.79 420800
aoDLAV 2e7 2 249 - 1.66 109.45 2987068
aoULAV 2e7 2 249 - 2.40 113.09 2987068
aoD2AG 2e7 2 249 - 3.42 158.48 4388420
aoD2SG 2e7 2 249 - 4.30 247.58 4547796
dry 4e7 2 62 - 0.47 1.36 811428
aoDLAV 4e7 2 62 - 3.64 232.53 5955816
aoULAV 4e7 2 62 - 4.57 252.88 5955820
aoD2AG 4e7 2 62 - 7.69 338.38 8756436
aoD2SG 4e7 2 62 - 8.08 404.63 9073200
dry 6e7 2 75 - 0.78 1.91 1202044
aoDLAV 6e7 2 75 - 5.14 364.07 8924560
aoULAV 6e7 2 75 - 6.50 385.48 8924564
aoD2AG 6e7 2 75 - 12.32 544.72 13120324
aoD2SG 6e7 2 75 - 12.87 629.65 13600260
dry 4e7 2 144 - 0.49 1.31 811424
aoDLAV 4e7 2 144 - 3.63 231.74 5955816
aoULAV 4e7 2 144 - 4.47 240.95 5955820
aoD2AG 4e7 2 144 - 8.08 341.25 8754316
aoD2SG 4e7 2 144 - 8.44 400.80 9072716
dry 1e4 5 98 - 0.02 0.12 26904
aoDLAV 1e4 5 98 - 0.04 0.22 31084
aoULAV 1e4 5 98 - 0.02 0.23 31096
aoD2AG 1e4 5 98 - 0.03 0.24 32144
aoD2SG 1e4 5 98 - 0.03 0.25 32108
moore 1e4 5 98 - 1.16 927.44 2961732
nbpm 1e4 5 98 - 7.41 673.00 7811460
greedy 1e4 5 98 - 6.73 282.92 10959172
