dry 32e2 2 45 - 0.02 0.13 26112
aoDLAV 32e2 2 45 - 0.03 0.16 30544
aoULAV 32e2 2 45 - 0.03 0.16 30548
aoD2AG 32e2 2 45 - 0.03 0.15 31252
aoD2SG 32e2 2 45 - 0.02 0.17 31256
moore 32e2 2 45 - 0.50 126.27 330516
nbpm 32e2 2 45 - 0.86 20.16 854748
greedy 32e2 2 45 - 0.67 23.05 1150164
dry 1e4 5 164 - 0.02 0.12 26900
aoDLAV 1e4 5 164 - 0.03 0.21 31088
aoULAV 1e4 5 164 - 0.03 0.22 31100
aoD2AG 1e4 5 164 - 0.03 0.22 32108
aoD2SG 1e4 5 164 - 0.02 0.25 32108
moore 1e4 5 164 - 1.16 1110.33 2961732
nbpm 1e4 5 164 - 7.96 621.28 7811456
greedy 1e4 5 164 - 6.36 300.60 10959172
dry 75e2 2 144 - 0.03 0.12 26328
aoDLAV 75e2 2 144 - 0.02 0.17 31376
aoULAV 75e2 2 144 - 0.03 0.15 31392
aoD2AG 75e2 2 144 - 0.03 0.18 31380
aoD2SG 75e2 2 144 - 0.04 0.17 31384
moore 75e2 2 144 - 1.68 569.89 1688784
nbpm 75e2 2 144 - 4.33 190.45 4242124
greedy 75e2 2 144 - 4.00 161.22 6183096
dry 1e4 2 39 - 0.03 0.11 26432
aoDLAV 1e4 2 39 - 0.04 0.17 31864
aoULAV 1e4 2 39 - 0.03 0.17 31876
aoD2AG 1e4 2 39 - 0.03 0.19 31880
aoD2SG 1e4 2 39 - 0.03 0.18 31988
moore 1e4 2 39 - 1.11 1161.31 2960580
nbpm 1e4 2 39 - 7.26 394.69 7889424
greedy 1e4 2 39 - 6.40 269.33 10968568
dry 75e2 2 151 - 0.02 0.12 26328
aoDLAV 75e2 2 151 - 0.03 0.15 31376
aoULAV 75e2 2 151 - 0.03 0.15 31388
aoD2AG 75e2 2 151 - 0.03 0.17 31380
aoD2SG 75e2 2 151 - 0.03 0.17 31380
moore 75e2 2 151 - 1.61 582.25 1688784
nbpm 75e2 2 151 - 4.21 156.79 4242124
greedy 75e2 2 151 - 3.93 151.35 6183092
dry 4e7 2 150 - 0.49 1.32 811424
aoDLAV 4e7 2 150 - 3.35 228.66 5955816
aoULAV 4e7 2 150 - 4.52 270.01 5955820
aoD2AG 4e7 2 150 - 8.22 353.08 8753684
aoD2SG 4e7 2 150 - 8.53 406.86 9073556
dry 1e4 5 244 - 0.02 0.12 26900
aoDLAV 1e4 5 244 - 0.03 0.22 31084
aoULAV 1e4 5 244 - 0.03 0.22 31100
aoD2AG 1e4 5 244 - 0.03 0.23 32112
aoD2SG 1e4 5 244 - 0.03 0.24 32108
moore 1e4 5 244 - 1.15 1603.20 2961736
nbpm 1e4 5 244 - 7.59 643.74 7811456
greedy 1e4 5 244 - 6.58 288.27 10959172
dry 32e6 2 123 - 0.48 1.03 655176
aoDLAV 32e6 2 123 - 2.86 180.72 4768324
aoULAV 32e6 2 123 - 3.56 248.14 4768324
aoD2AG 32e6 2 123 - 5.84 269.63 7008156
aoD2SG 32e6 2 123 - 6.80 311.78 7261272
dry 18e2 2 203 - 0.02 0.12 26052
aoDLAV 18e2 2 203 - 0.02 0.16 30376
aoULAV 18e2 2 203 - 0.03 0.15 30384
aoD2AG 18e2 2 203 - 0.03 0.15 30780
aoD2SG 18e2 2 203 - 0.03 0.15 30820
moore 18e2 2 203 - 0.06 16.19 125472
nbpm 18e2 2 203 - 0.22 8.35 334528
greedy 18e2 2 203 - 0.24 4.06 384348
dry 18e2 2 117 - 0.02 0.12 26048
aoDLAV 18e2 2 117 - 0.03 0.15 30376
aoULAV 18e2 2 117 - 0.02 0.15 30384
aoD2AG 18e2 2 117 - 0.02 0.15 30788
aoD2SG 18e2 2 117 - 0.03 0.16 30824
moore 18e2 2 117 - 0.09 15.88 125412
nbpm 18e2 2 117 - 0.17 8.18 334524
greedy 18e2 2 117 - 0.26 4.30 384352
dry 6e7 2 202 - 0.69 1.90 1202044
aoDLAV 6e7 2 202 - 4.92 368.62 8924560
aoULAV 6e7 2 202 - 6.35 387.03 8924592
aoD2AG 6e7 2 202 - 11.65 551.10 13122956
aoD2SG 6e7 2 202 - 12.55 649.60 13601404
dry 18e2 2 46 - 0.03 0.12 26048
aoDLAV 18e2 2 46 - 0.03 0.15 30376
aoULAV 18e2 2 46 - 0.03 0.15 30388
aoD2AG 18e2 2 46 - 0.03 0.15 30784
aoD2SG 18e2 2 46 - 0.03 0.15 30816
moore 18e2 2 46 - 0.08 15.83 125412
nbpm 18e2 2 46 - 0.19 7.77 334528
greedy 18e2 2 46 - 0.26 4.63 384348
dry 50e2 2 87 - 0.02 0.12 27956
aoDLAV 50e2 2 87 - 0.03 0.15 30848
aoULAV 50e2 2 87 - 0.04 0.14 30860
aoD2AG 50e2 2 87 - 0.03 0.16 31780
aoD2SG 50e2 2 87 - 0.04 0.17 31856
moore 50e2 2 87 - 0.53 178.96 764592
nbpm 50e2 2 87 - 1.96 56.47 2011920
greedy 50e2 2 87 - 1.73 62.77 2764780
dry 32e6 2 100 - 0.72 1.09 655176
aoDLAV 32e6 2 100 - 3.23 177.57 4768324
aoULAV 32e6 2 100 - 2.86 194.99 4768324
aoD2AG 32e6 2 100 - 6.43 271.44 7005556
aoD2SG 32e6 2 100 - 6.36 318.65 7262224
dry 32e2 2 138 - 0.03 0.12 26116
aoDLAV 32e2 2 138 - 0.03 0.14 30540
aoULAV 32e2 2 138 - 0.03 0.15 30548
aoD2AG 32e2 2 138 - 0.03 0.15 31220
aoD2SG 32e2 2 138 - 0.02 0.16 31268
moore 32e2 2 138 - 0.17 50.10 330520
nbpm 32e2 2 138 - 0.82 20.28 854760
greedy 32e2 2 138 - 0.69 20.56 1150164
dry 4e7 2 61 - 0.46 1.35 811424
aoDLAV 4e7 2 61 - 3.35 231.58 5955816
aoULAV 4e7 2 61 - 4.54 299.13 5955816
aoD2AG 4e7 2 61 - 7.77 350.13 8752800
aoD2SG 4e7 2 61 - 8.63 398.58 9074048
dry 7e7 2 149 - 0.83 2.19 1397356
aoDLAV 7e7 2 149 - 5.74 429.98 10408936
aoULAV 7e7 2 149 - 7.34 437.99 10408936
aoD2AG 7e7 2 149 - 13.56 642.68 15302028
aoD2SG 7e7 2 149 - 14.93 905.04 15862364
dry 56e6 2 199 - 0.69 1.87 1123924
aoDLAV 56e6 2 199 - 4.99 327.96 8330820
aoULAV 56e6 2 199 - 6.31 349.11 8330816
aoD2AG 56e6 2 199 - 11.62 498.78 12249912
aoD2SG 56e6 2 199 - 11.31 578.38 12696240
dry 56e2 2 108 - 0.02 0.13 26236
aoDLAV 56e2 2 108 - 0.04 0.15 30980
aoULAV 56e2 2 108 - 0.04 0.15 30992
aoD2AG 56e2 2 108 - 0.04 0.18 31988
aoD2SG 56e2 2 108 - 0.02 0.18 31120
moore 56e2 2 108 - 0.61 212.40 952716
nbpm 56e2 2 108 - 2.49 71.58 2388084
greedy 56e2 2 108 - 2.28 81.12 3460488
dry 7e7 2 154 - 0.82 2.17 1397356
aoDLAV 7e7 2 154 - 5.95 418.91 10408936
aoULAV 7e7 2 154 - 7.25 463.26 10408936
aoD2AG 7e7 2 154 - 12.92 634.62 15304376
aoD2SG 7e7 2 154 - 15.04 777.87 15865044
dry 6e7 2 71 - 0.86 1.95 1202044
aoDLAV 6e7 2 71 - 4.92 357.22 8924560
aoULAV 6e7 2 71 - 6.59 360.26 8924560
aoD2AG 6e7 2 71 - 11.91 687.08 13122400
aoD2SG 6e7 2 71 - 12.90 633.00 13600284
dry 1e4 5 137 - 0.03 0.13 26900
aoDLAV 1e4 5 137 - 0.03 0.23 31084
aoULAV 1e4 5 137 - 0.04 0.23 31096
aoD2AG 1e4 5 137 - 0.03 0.23 32112
aoD2SG 1e4 5 137 - 0.03 0.25 32108
moore 1e4 5 137 - 1.18 1038.14 2961736
nbpm 1e4 5 137 - 7.35 609.94 7811452
greedy 1e4 5 137 - 6.98 299.39 10959172
dry 56e2 2 147 - 0.03 0.11 26236
aoDLAV 56e2 2 147 - 0.03 0.15 30976
aoULAV 56e2 2 147 - 0.03 0.16 30988
aoD2AG 56e2 2 147 - 0.03 0.17 31976
aoD2SG 56e2 2 147 - 0.04 0.17 31124
moore 56e2 2 147 - 0.66 225.55 952728
nbpm 56e2 2 147 - 2.39 109.50 2388088
greedy 56e2 2 147 - 2.23 97.04 3460488
dry 32e2 2 160 - 0.01 0.14 26112
aoDLAV 32e2 2 160 - 0.03 0.16 30540
aoULAV 32e2 2 160 - 0.03 0.15 30552
aoD2AG 32e2 2 160 - 0.02 0.16 31212
aoD2SG 32e2 2 160 - 0.03 0.14 31268
moore 32e2 2 160 - 0.17 45.27 330512
nbpm 32e2 2 160 - 0.85 27.20 854752
greedy 32e2 2 160 - 0.72 21.10 1150164
dry 2e7 2 86 - 0.24 0.75 420796
aoDLAV 2e7 2 86 - 1.84 106.77 2987068
aoULAV 2e7 2 86 - 2.30 115.41 2987068
aoD2AG 2e7 2 86 - 3.45 165.16 4387016
aoD2SG 2e7 2 86 - 4.02 187.14 4547152
dry 3e7 2 92 - 0.38 1.04 616104
aoDLAV 3e7 2 92 - 2.66 168.40 4471432
aoULAV 3e7 2 92 - 3.28 173.79 4471428
aoD2AG 3e7 2 92 - 6.03 240.62 6572004
aoD2SG 3e7 2 92 - 5.65 287.73 6808492
dry 32e6 2 239 - 0.37 1.09 655176
aoDLAV 32e6 2 239 - 2.73 178.28 4768328
aoULAV 32e6 2 239 - 3.49 187.49 4768324
aoD2AG 32e6 2 239 - 6.50 270.50 7007492
aoD2SG 32e6 2 239 - 6.90 314.54 7261332
dry 4e7 2 173 - 0.51 1.33 811424
aoDLAV 4e7 2 173 - 3.55 231.36 5955816
aoULAV 4e7 2 173 - 3.61 318.54 5955816
aoD2AG 4e7 2 173 - 7.88 345.86 8752184
aoD2SG 4e7 2 173 - 8.45 458.62 9072804
dry 4e7 2 151 - 0.52 1.34 811424
aoDLAV 4e7 2 151 - 3.48 228.24 5955816
aoULAV 4e7 2 151 - 4.32 240.17 5955816
aoD2AG 4e7 2 151 - 8.05 445.09 8755052
aoD2SG 4e7 2 151 - 8.22 410.45 9071836
dry 1e4 10 73 - 0.03 0.12 29156
aoDLAV 1e4 10 73 - 0.04 0.67 32764
aoULAV 1e4 10 73 - 0.03 0.68 32780
aoD2AG 1e4 10 73 - 0.03 0.72 32748
aoD2SG 1e4 10 73 - 0.04 0.77 34176
moore 1e4 10 73 - 1.18 1088.61 2963856
nbpm 1e4 10 73 - 7.69 701.52 7764384
greedy 1e4 10 73 - 6.07 270.53 10961124
dry 32e6 2 96 - 0.38 1.12 655176
aoDLAV 32e6 2 96 - 2.72 184.75 4768324
aoULAV 32e6 2 96 - 2.88 192.60 4768324
aoD2AG 32e6 2 96 - 6.52 275.48 7009868
aoD2SG 32e6 2 96 - 6.53 316.38 7264816
dry 56e2 2 10 - 0.01 0.13 26236
aoDLAV 56e2 2 10 - 0.04 0.13 30988
aoULAV 56e2 2 10 - 0.03 0.14 30992
aoD2AG 56e2 2 10 - 0.02 0.17 31972
aoD2SG 56e2 2 10 - 0.03 0.16 31120
moore 56e2 2 10 - 0.65 221.84 952716
nbpm 56e2 2 10 - 2.39 73.94 2388140
greedy 56e2 2 10 - 1.93 78.01 3460496
dry 32e6 2 33 - 0.36 1.10 655180
aoDLAV 32e6 2 33 - 2.72 178.65 4768328
aoULAV 32e6 2 33 - 3.52 195.70 4768328
aoD2AG 32e6 2 33 - 6.34 264.12 7008744
aoD2SG 32e6 2 33 - 7.02 353.15 7261856
dry 6e7 2 132 - 0.74 1.92 1202044
aoDLAV 6e7 2 132 - 5.15 366.24 8924560
aoULAV 6e7 2 132 - 6.76 449.60 8924564
aoD2AG 6e7 2 132 - 11.94 543.91 13121492
aoD2SG 6e7 2 132 - 12.71 652.10 13600880
dry 18e2 2 91 - 0.02 0.12 26048
aoDLAV 18e2 2 91 - 0.02 0.16 30372
aoULAV 18e2 2 91 - 0.03 0.16 30384
aoD2AG 18e2 2 91 - 0.03 0.15 30780
aoD2SG 18e2 2 91 - 0.03 0.14 30824
moore 18e2 2 91 - 0.07 27.38 125408
nbpm 18e2 2 91 - 0.17 8.49 334528
greedy 18e2 2 91 - 0.22 4.71 384348
dry 3e7 2 58 - 0.34 1.05 616104
aoDLAV 3e7 2 58 - 2.54 174.91 4471428
aoULAV 3e7 2 58 - 2.65 186.00 4471432
aoD2AG 3e7 2 58 - 5.93 255.78 6570480
aoD2SG 3e7 2 58 - 6.26 303.25 6809096
dry 5e7 2 12 - 0.59 1.63 1006740
aoDLAV 5e7 2 12 - 4.12 288.88 7440192
aoULAV 5e7 2 12 - 5.41 308.66 7440192
aoD2AG 5e7 2 12 - 9.81 451.91 10938516
aoD2SG 5e7 2 12 - 10.17 564.10 11337296
dry 2e7 2 68 - 0.24 0.75 420796
aoDLAV 2e7 2 68 - 1.74 103.67 2987072
aoULAV 2e7 2 68 - 1.75 113.44 2987068
aoD2AG 2e7 2 68 - 3.24 158.96 4388200
aoD2SG 2e7 2 68 - 4.08 187.17 4548920
dry 50e2 2 98 - 0.03 0.11 26204
aoDLAV 50e2 2 98 - 0.03 0.15 30848
aoULAV 50e2 2 98 - 0.04 0.14 30860
aoD2AG 50e2 2 98 - 0.03 0.15 31796
aoD2SG 50e2 2 98 - 0.02 0.17 31884
moore 50e2 2 98 - 0.31 110.01 762984
nbpm 50e2 2 98 - 1.88 54.23 2011924
greedy 50e2 2 98 - 1.60 59.86 2764780
dry 6e7 2 8 - 0.68 1.87 1202044
aoDLAV 6e7 2 8 - 5.08 356.79 8924560
aoULAV 6e7 2 8 - 6.65 380.50 8924620
aoD2AG 6e7 2 8 - 11.46 534.80 13117280
aoD2SG 6e7 2 8 - 12.25 623.17 13596528
dry 5e7 2 186 - 0.59 1.61 1006736
aoDLAV 5e7 2 186 - 4.33 369.53 7440196
aoULAV 5e7 2 186 - 5.44 309.02 7440192
aoD2AG 5e7 2 186 - 9.55 431.92 10937328
aoD2SG 5e7 2 186 - 10.53 501.22 11336128
dry 50e2 2 41 - 0.03 0.12 26204
aoDLAV 50e2 2 41 - 0.03 0.15 30848
aoULAV 50e2 2 41 - 0.03 0.15 30860
aoD2AG 50e2 2 41 - 0.02 0.16 31780
aoD2SG 50e2 2 41 - 0.03 0.17 31896
moore 50e2 2 41 - 0.86 251.30 764632
nbpm 50e2 2 41 - 2.07 52.81 2011928
greedy 50e2 2 41 - 1.72 67.78 2764780
dry 56e6 2 21 - 0.71 1.79 1123924
aoDLAV 56e6 2 21 - 4.99 351.48 8330820
aoULAV 56e6 2 21 - 6.19 349.19 8330816
aoD2AG 56e6 2 21 - 11.30 551.66 12250388
aoD2SG 56e6 2 21 - 11.32 619.38 12694912
dry 75e2 2 192 - 0.02 0.12 26328
aoDLAV 75e2 2 192 - 0.03 0.15 31380
aoULAV 75e2 2 192 - 0.03 0.16 31388
aoD2AG 75e2 2 192 - 0.03 0.18 31380
aoD2SG 75e2 2 192 - 0.03 0.18 31380
moore 75e2 2 192 - 1.91 601.17 1688796
nbpm 75e2 2 192 - 4.28 161.99 4242132
greedy 75e2 2 192 - 4.02 146.70 6183092
dry 7e7 2 226 - 0.80 2.20 1397356
aoDLAV 7e7 2 226 - 5.97 426.61 10408936
aoULAV 7e7 2 226 - 7.91 456.16 10408936
aoD2AG 7e7 2 226 - 13.95 655.49 15304480
aoD2SG 7e7 2 226 - 15.24 830.95 15863516
dry 75e2 2 36 - 0.03 0.11 26328
aoDLAV 75e2 2 36 - 0.03 0.16 31376
aoULAV 75e2 2 36 - 0.04 0.15 31388
aoD2AG 75e2 2 36 - 0.03 0.18 31404
aoD2SG 75e2 2 36 - 0.03 0.18 31380
moore 75e2 2 36 - 1.49 532.96 1688792
nbpm 75e2 2 36 - 4.09 165.88 4242132
greedy 75e2 2 36 - 3.83 166.11 6183088
dry 5e7 2 85 - 0.57 1.65 1006736
aoDLAV 5e7 2 85 - 4.29 291.47 7440196
aoULAV 5e7 2 85 - 5.53 307.62 7440192
aoD2AG 5e7 2 85 - 9.83 449.67 10935820
aoD2SG 5e7 2 85 - 10.59 542.94 11335568
dry 32e2 2 219 - 0.03 0.12 26112
aoDLAV 32e2 2 219 - 0.03 0.15 30540
aoULAV 32e2 2 219 - 0.02 0.16 30552
aoD2AG 32e2 2 219 - 0.03 0.16 31200
aoD2SG 32e2 2 219 - 0.02 0.15 31260
moore 32e2 2 219 - 0.21 57.65 330516
nbpm 32e2 2 219 - 0.83 19.24 854748
greedy 32e2 2 219 - 0.72 21.24 1150164
dry 56e6 2 132 - 0.69 1.81 1123924
aoDLAV 56e6 2 132 - 4.62 344.11 8330816
aoULAV 56e6 2 132 - 6.08 353.12 8330820
aoD2AG 56e6 2 132 - 11.08 529.98 12246444
aoD2SG 56e6 2 132 - 12.11 660.79 12696856
dry 1e4 10 246 - 0.03 0.12 27692
aoDLAV 1e4 10 246 - 0.03 0.69 32764
aoULAV 1e4 10 246 - 0.03 0.69 32780
aoD2AG 1e4 10 246 - 0.03 0.71 32744
aoD2SG 1e4 10 246 - 0.04 0.78 34180
moore 1e4 10 246 - 1.14 826.62 2963856
nbpm 1e4 10 246 - 7.80 787.33 7764384
greedy 1e4 10 246 - 6.53 279.62 10961108
dry 3e7 2 79 - 0.37 1.04 616104
aoDLAV 3e7 2 79 - 2.64 173.23 4471432
aoULAV 3e7 2 79 - 2.73 181.34 4471428
aoD2AG 3e7 2 79 - 5.80 250.87 6570580
aoD2SG 3e7 2 79 - 6.33 296.40 6807852
dry 1e4 5 31 - 0.02 0.12 28796
aoDLAV 1e4 5 31 - 0.03 0.20 31084
aoULAV 1e4 5 31 - 0.03 0.21 31096
aoD2AG 1e4 5 31 - 0.03 0.22 32112
aoD2SG 1e4 5 31 - 0.02 0.24 32112
moore 1e4 5 31 - 1.19 1255.66 2961736
nbpm 1e4 5 31 - 7.30 615.44 7811452
greedy 1e4 5 31 - 6.82 302.66 10959172
dry 56e6 2 74 - 0.68 1.82 1123928
aoDLAV 56e6 2 74 - 4.89 331.59 8330820
aoULAV 56e6 2 74 - 6.00 329.80 8330816
aoD2AG 56e6 2 74 - 10.13 453.27 12248244
aoD2SG 56e6 2 74 - 9.27 444.87 12692776
