dry 150e2 2 52 - 0.03 0.14 28480
aoDLAV 150e2 2 52 - 0.04 0.21 30824
aoULAV 150e2 2 52 - 0.04 0.20 30828
aoD2AG 150e2 2 52 - 0.04 0.21 31608
aoD2SG 150e2 2 52 - 0.05 0.21 31608
moore 150e2 2 52 - 2.00 2869.35 6629352
nbpm 150e2 2 52 - 14.63 1114.34 16814168
greedy 150e2 2 52 - 14.14 713.73 24630028
dry 18e3 2 103 - 0.03 0.11 28704
aoDLAV 18e3 2 103 - 0.03 0.18 30740
aoULAV 18e3 2 103 - 0.02 0.19 30744
aoD2AG 18e3 2 103 - 0.03 0.20 31808
aoD2SG 18e3 2 103 - 0.03 0.20 31816
moore 18e3 2 103 - 3.02 5063.43 9534976
nbpm 18e3 2 103 - 23.41 2122.49 25451056
greedy 18e3 2 103 - 20.46 1076.04 35458368
dry 2e4 2 155 - 0.03 0.11 26832
aoDLAV 2e4 2 155 - 0.03 0.19 30808
aoULAV 2e4 2 155 - 0.02 0.20 30812
aoD2AG 2e4 2 155 - 0.03 0.21 32284
aoD2SG 2e4 2 155 - 0.03 0.21 32292
moore 2e4 2 155 - 3.39 7052.99 11765548
nbpm 2e4 2 155 - 29.22 3769.97 31402192
greedy 2e4 2 155 - 23.62 1234.40 43771036
dry 9e7 2 221 - 0.98 2.73 1787984
aoDLAV 9e7 2 221 - 7.27 522.46 13377684
aoULAV 9e7 2 221 - 9.76 560.87 13377684
aoD2AG 9e7 2 221 - 16.51 809.19 19667936
aoD2SG 9e7 2 221 - 17.81 937.86 20387084
dry 2e4 2 160 - 0.03 0.12 28824
aoDLAV 2e4 2 160 - 0.03 0.18 30808
aoULAV 2e4 2 160 - 0.03 0.18 30808
aoD2AG 2e4 2 160 - 0.03 0.20 32284
aoD2SG 2e4 2 160 - 0.04 0.20 32292
moore 2e4 2 160 - 3.48 6289.02 11765544
nbpm 2e4 2 160 - 29.14 2700.07 31402188
greedy 2e4 2 160 - 26.50 1390.03 43771044
dry 8e7 2 142 - 1.04 2.51 1592676
aoDLAV 8e7 2 142 - 6.40 446.93 11893324
aoULAV 8e7 2 142 - 7.95 470.92 11893324
aoD2AG 8e7 2 142 - 16.09 774.34 17488380
aoD2SG 8e7 2 142 - 17.36 897.48 18125876
dry 150e2 2 155 - 0.02 0.12 26628
aoDLAV 150e2 2 155 - 0.03 0.18 30828
aoULAV 150e2 2 155 - 0.04 0.18 30824
aoD2AG 150e2 2 155 - 0.03 0.20 31608
aoD2SG 150e2 2 155 - 0.03 0.20 31612
moore 150e2 2 155 - 2.18 3592.56 6629344
nbpm 150e2 2 155 - 14.42 1158.35 16814168
greedy 150e2 2 155 - 13.15 680.07 24630028
dry 175e2 2 178 - 0.03 0.12 26736
aoDLAV 175e2 2 178 - 0.04 0.18 30716
aoULAV 175e2 2 178 - 0.02 0.19 30720
aoD2AG 175e2 2 178 - 0.03 0.20 31752
aoD2SG 175e2 2 178 - 0.03 0.20 31756
moore 175e2 2 178 - 2.76 4962.17 9014032
nbpm 175e2 2 178 - 21.36 1859.71 22863148
greedy 175e2 2 178 - 17.86 950.10 33516976
dry 8e7 2 176 - 0.90 2.41 1592676
aoDLAV 8e7 2 176 - 6.19 456.14 11893324
aoULAV 8e7 2 176 - 7.98 490.01 11893324
aoD2AG 8e7 2 176 - 14.60 696.77 17487692
aoD2SG 8e7 2 176 - 15.86 822.13 18126848
dry 8e7 2 201 - 0.86 2.46 1592676
aoDLAV 8e7 2 201 - 6.25 475.16 11893324
aoULAV 8e7 2 201 - 8.33 502.25 11893324
aoD2AG 8e7 2 201 - 15.09 707.06 17487468
aoD2SG 8e7 2 201 - 15.74 836.66 18124844
dry 150e2 2 41 - 0.04 0.11 26628
aoDLAV 150e2 2 41 - 0.04 0.17 30828
aoULAV 150e2 2 41 - 0.03 0.18 30828
aoD2AG 150e2 2 41 - 0.02 0.20 31612
aoD2SG 150e2 2 41 - 0.03 0.20 31608
moore 150e2 2 41 - 2.14 3224.79 6629344
nbpm 150e2 2 41 - 14.56 1099.80 16814168
greedy 150e2 2 41 - 13.16 686.57 24630024
dry 2e4 10 86 - 0.03 0.12 30688
aoDLAV 2e4 10 86 - 0.03 1.68 34836
aoULAV 2e4 10 86 - 0.04 1.67 34848
aoD2AG 2e4 10 86 - 0.03 1.71 36076
aoD2SG 2e4 10 86 - 0.04 1.91 36076
moore 2e4 10 86 - 3.41 6726.22 11770836
nbpm 2e4 10 86 - 28.94 5477.63 30880036
greedy 2e4 10 86 - 25.15 1287.30 43775820
dry 2e4 10 103 - 0.02 0.13 31200
aoDLAV 2e4 10 103 - 0.03 1.71 34836
aoULAV 2e4 10 103 - 0.04 1.65 34852
aoD2AG 2e4 10 103 - 0.03 1.68 36076
aoD2SG 2e4 10 103 - 0.03 1.90 36076
moore 2e4 10 103 - 3.35 6883.57 11770836
nbpm 2e4 10 103 - 28.87 5814.20 30880040
greedy 2e4 10 103 - 27.25 1364.06 43775820
dry 1e8 5 125 - 3.22 6.25 4327056
aoDLAV 1e8 5 125 - 15.63 2583.41 23065204
aoULAV 1e8 5 125 - 16.31 2588.14 23065204
aoD2AG 1e8 5 125 - 25.68 2857.75 30457652
aoD2SG 1e8 5 125 - 27.38 3664.12 31309184
dry 2e4 10 146 - 0.03 0.12 31816
aoDLAV 2e4 10 146 - 0.04 1.79 34836
aoULAV 2e4 10 146 - 0.03 1.79 34848
aoD2AG 2e4 10 146 - 0.03 1.81 36080
aoD2SG 2e4 10 146 - 0.04 2.02 36076
moore 2e4 10 146 - 3.50 6956.37 11770836
nbpm 2e4 10 146 - 29.42 6092.44 30880040
greedy 2e4 10 146 - 24.22 1575.90 43775820
dry 150e2 2 186 - 0.02 0.12 26628
aoDLAV 150e2 2 186 - 0.03 0.18 30828
aoULAV 150e2 2 186 - 0.03 0.18 30824
aoD2AG 150e2 2 186 - 0.02 0.20 31608
aoD2SG 150e2 2 186 - 0.03 0.20 31612
moore 150e2 2 186 - 2.17 3177.64 6629352
nbpm 150e2 2 186 - 14.65 1134.13 16814172
greedy 150e2 2 186 - 13.87 678.56 24630028
dry 9e7 2 91 - 1.00 2.74 1787988
aoDLAV 9e7 2 91 - 7.32 514.70 13377688
aoULAV 9e7 2 91 - 9.26 552.97 13377688
aoD2AG 9e7 2 91 - 16.71 997.53 19672464
aoD2SG 9e7 2 91 - 18.47 1011.85 20388280
dry 2e4 5 71 - 0.03 0.11 27776
aoDLAV 2e4 5 71 - 0.03 0.29 32760
aoULAV 2e4 5 71 - 0.03 0.29 32768
aoD2AG 2e4 5 71 - 0.03 0.32 33344
aoD2SG 2e4 5 71 - 0.03 0.35 32860
moore 2e4 5 71 - 3.37 7185.97 11768084
nbpm 2e4 5 71 - 29.02 5273.00 34200496
greedy 2e4 5 71 - 24.39 1279.75 43774008
dry 9e7 2 120 - 0.90 2.73 1787984
aoDLAV 9e7 2 120 - 7.41 669.67 13377684
aoULAV 9e7 2 120 - 9.01 545.47 13377684
aoD2AG 9e7 2 120 - 16.18 785.98 19669260
aoD2SG 9e7 2 120 - 17.36 1068.36 20387360
dry 18e3 2 13 - 0.02 0.12 28772
aoDLAV 18e3 2 13 - 0.03 0.19 30740
aoULAV 18e3 2 13 - 0.03 0.19 30744
aoD2AG 18e3 2 13 - 0.03 0.20 31804
aoD2SG 18e3 2 13 - 0.03 0.21 31812
moore 18e3 2 13 - 2.88 4642.54 9534980
nbpm 18e3 2 13 - 23.36 1997.14 25451056
greedy 18e3 2 13 - 20.62 1090.22 35458396
dry 1e8 5 86 - 5.74 6.24 4327052
aoDLAV 1e8 5 86 - 12.97 3086.51 23065204
aoULAV 1e8 5 86 - 16.29 2629.87 23065208
aoD2AG 1e8 5 86 - 26.80 3973.99 30457208
aoD2SG 1e8 5 86 - 27.42 3534.95 31314176
dry 175e2 2 89 - 0.02 0.12 26732
aoDLAV 175e2 2 89 - 0.02 0.19 30716
aoULAV 175e2 2 89 - 0.02 0.19 30716
aoD2AG 175e2 2 89 - 0.03 0.20 31752
aoD2SG 175e2 2 89 - 0.03 0.20 31764
moore 175e2 2 89 - 2.95 5602.53 9014024
nbpm 175e2 2 89 - 21.09 1831.50 22863136
greedy 175e2 2 89 - 18.46 945.33 33516980
dry 2e4 2 152 - 0.02 0.12 26832
aoDLAV 2e4 2 152 - 0.03 0.20 30812
aoULAV 2e4 2 152 - 0.03 0.20 30808
aoD2AG 2e4 2 152 - 0.03 0.20 32284
aoD2SG 2e4 2 152 - 0.03 0.21 32292
moore 2e4 2 152 - 3.51 6466.34 11765556
nbpm 2e4 2 152 - 28.56 2912.54 31402196
greedy 2e4 2 152 - 24.31 1155.55 43771040
dry 18e3 2 23 - 0.02 0.12 30492
aoDLAV 18e3 2 23 - 0.03 0.18 30744
aoULAV 18e3 2 23 - 0.03 0.18 30740
aoD2AG 18e3 2 23 - 0.03 0.20 31804
aoD2SG 18e3 2 23 - 0.03 0.20 31812
moore 18e3 2 23 - 2.91 5759.11 9534988
nbpm 18e3 2 23 - 23.48 1937.18 25451064
greedy 18e3 2 23 - 20.07 1005.99 35458364
dry 2e4 5 67 - 0.03 0.12 27776
aoDLAV 2e4 5 67 - 0.03 0.28 32756
aoULAV 2e4 5 67 - 0.03 0.28 32772
aoD2AG 2e4 5 67 - 0.02 0.32 33348
aoD2SG 2e4 5 67 - 0.04 0.32 32864
moore 2e4 5 67 - 3.46 7698.05 11768084
nbpm 2e4 5 67 - 29.05 4745.17 34200508
greedy 2e4 5 67 - 24.53 1262.50 43774000
dry 175e2 2 245 - 0.02 0.12 26732
aoDLAV 175e2 2 245 - 0.02 0.18 30716
aoULAV 175e2 2 245 - 0.02 0.19 30716
aoD2AG 175e2 2 245 - 0.02 0.20 31760
aoD2SG 175e2 2 245 - 0.03 0.20 31764
moore 175e2 2 245 - 2.68 4476.96 9014028
nbpm 175e2 2 245 - 21.62 1868.70 22863144
greedy 175e2 2 245 - 18.79 994.39 33516976
dry 2e4 10 148 - 0.03 0.12 31028
aoDLAV 2e4 10 148 - 0.04 1.79 34836
aoULAV 2e4 10 148 - 0.04 2.13 34852
aoD2AG 2e4 10 148 - 0.04 1.94 36080
aoD2SG 2e4 10 148 - 0.04 2.06 36080
moore 2e4 10 148 - 3.58 6740.57 11770836
nbpm 2e4 10 148 - 29.43 5870.44 30880040
greedy 2e4 10 148 - 23.48 1327.66 43775820
dry 125e2 2 145 - 0.02 0.12 26536
aoDLAV 125e2 2 145 - 0.04 0.16 30708
aoULAV 125e2 2 145 - 0.02 0.18 30712
aoD2AG 125e2 2 145 - 0.04 0.17 31376
aoD2SG 125e2 2 145 - 0.03 0.19 31376
moore 125e2 2 145 - 1.51 2201.94 4611548
nbpm 125e2 2 145 - 11.50 677.46 12302328
greedy 125e2 2 145 - 10.16 432.89 17109964
dry 150e2 2 242 - 0.03 0.11 26628
aoDLAV 150e2 2 242 - 0.02 0.19 30828
aoULAV 150e2 2 242 - 0.03 0.18 30824
aoD2AG 150e2 2 242 - 0.03 0.19 31608
aoD2SG 150e2 2 242 - 0.03 0.19 31624
moore 150e2 2 242 - 2.12 2645.21 6629344
nbpm 150e2 2 242 - 14.74 1136.83 16814172
greedy 150e2 2 242 - 13.23 646.00 24630024
dry 2e4 2 27 - 0.02 0.12 27952
aoDLAV 2e4 2 27 - 0.03 0.19 30808
aoULAV 2e4 2 27 - 0.03 0.19 30808
aoD2AG 2e4 2 27 - 0.03 0.20 32284
aoD2SG 2e4 2 27 - 0.03 0.21 32288
moore 2e4 2 27 - 3.37 6926.93 11765552
nbpm 2e4 2 27 - 29.28 2818.91 31402200
greedy 2e4 2 27 - 24.95 1198.31 43771040
dry 8e7 2 134 - 0.82 2.45 1592680
aoDLAV 8e7 2 134 - 6.55 469.74 11893324
aoULAV 8e7 2 134 - 8.69 503.71 11893324
aoD2AG 8e7 2 134 - 15.10 721.10 17487812
aoD2SG 8e7 2 134 - 16.09 840.28 18127212
dry 1e8 5 116 - 2.17 6.22 4327056
aoDLAV 1e8 5 116 - 10.92 2601.49 23065208
aoULAV 1e8 5 116 - 16.17 2651.28 23065208
aoD2AG 1e8 5 116 - 25.91 2931.68 30456332
