dry 25e2 2 69 - 0.02 0.12 26080
aoDLAV 25e2 2 69 - 0.02 0.15 30456
aoULAV 25e2 2 69 - 0.03 0.14 30464
aoD2AG 25e2 2 69 - 0.03 0.15 30988
aoD2SG 25e2 2 69 - 0.04 0.14 31040
moore 25e2 2 69 - 0.11 30.79 213604
nbpm 25e2 2 69 - 0.55 12.23 541668
greedy 25e2 2 69 - 0.39 9.33 713668
dry 75e2 2 7 - 0.03 0.12 26328
aoDLAV 75e2 2 7 - 0.03 0.16 31376
aoULAV 75e2 2 7 - 0.02 0.17 31388
aoD2AG 75e2 2 7 - 0.03 0.17 31380
aoD2SG 75e2 2 7 - 0.03 0.18 31380
moore 75e2 2 7 - 0.95 438.28 1688792
nbpm 75e2 2 7 - 4.12 205.58 4242136
greedy 75e2 2 7 - 3.67 147.57 6183092
dry 4e7 2 98 - 0.46 1.32 811428
aoDLAV 4e7 2 98 - 3.20 230.80 5955816
aoULAV 4e7 2 98 - 4.24 239.46 5955816
aoD2AG 4e7 2 98 - 7.65 345.19 8757004
aoD2SG 4e7 2 98 - 8.34 393.67 9074720
dry 5e7 2 99 - 0.56 1.60 1006740
aoDLAV 5e7 2 99 - 4.22 296.96 7440192
aoULAV 5e7 2 99 - 5.57 323.03 7440196
aoD2AG 5e7 2 99 - 9.90 442.00 10938444
aoD2SG 5e7 2 99 - 10.06 511.64 11333000
dry 7e7 2 72 - 0.76 2.16 1397356
aoDLAV 7e7 2 72 - 5.80 420.40 10408936
aoULAV 7e7 2 72 - 7.67 497.24 10408936
aoD2AG 7e7 2 72 - 14.19 645.79 15304168
aoD2SG 7e7 2 72 - 14.80 755.82 15863708
dry 1e4 2 77 - 0.03 0.13 27952
aoDLAV 1e4 2 77 - 0.03 0.19 31868
aoULAV 1e4 2 77 - 0.03 0.19 31876
aoD2AG 1e4 2 77 - 0.04 0.18 31880
aoD2SG 1e4 2 77 - 0.03 0.19 31988
moore 1e4 2 77 - 1.12 1304.65 2960576
nbpm 1e4 2 77 - 7.49 380.87 7889416
greedy 1e4 2 77 - 6.68 280.81 10968568
dry 25e2 2 13 - 0.02 0.12 26080
aoDLAV 25e2 2 13 - 0.03 0.15 30452
aoULAV 25e2 2 13 - 0.03 0.17 30464
aoD2AG 25e2 2 13 - 0.04 0.16 30988
aoD2SG 25e2 2 13 - 0.03 0.17 31048
moore 25e2 2 13 - 0.10 32.49 213604
nbpm 25e2 2 13 - 0.53 12.69 541644
greedy 25e2 2 13 - 0.43 10.26 713664
dry 75e2 2 202 - 0.03 0.12 26328
aoDLAV 75e2 2 202 - 0.03 0.15 31376
aoULAV 75e2 2 202 - 0.03 0.15 31388
aoD2AG 75e2 2 202 - 0.03 0.17 31384
aoD2SG 75e2 2 202 - 0.02 0.19 31380
moore 75e2 2 202 - 1.80 578.43 1688792
nbpm 75e2 2 202 - 4.35 160.84 4242132
greedy 75e2 2 202 - 3.69 148.60 6183092
dry 56e2 2 1 - 0.03 0.12 26240
aoDLAV 56e2 2 1 - 0.03 0.16 30976
aoULAV 56e2 2 1 - 0.04 0.15 30988
aoD2AG 56e2 2 1 - 0.04 0.17 31992
aoD2SG 56e2 2 1 - 0.03 0.18 31124
moore 56e2 2 1 - 0.69 226.95 952724
nbpm 56e2 2 1 - 2.34 77.50 2388092
greedy 56e2 2 1 - 2.18 81.85 3460488
dry 25e2 2 19 - 0.03 0.11 27952
aoDLAV 25e2 2 19 - 0.03 0.15 30456
aoULAV 25e2 2 19 - 0.03 0.15 30468
aoD2AG 25e2 2 19 - 0.03 0.15 30996
aoD2SG 25e2 2 19 - 0.03 0.15 31020
moore 25e2 2 19 - 0.12 34.69 213604
nbpm 25e2 2 19 - 0.61 12.40 541648
greedy 25e2 2 19 - 0.44 9.72 713664
dry 5e7 2 237 - 0.57 1.61 1006740
aoDLAV 5e7 2 237 - 4.33 290.85 7440192
aoULAV 5e7 2 237 - 5.33 309.95 7440192
aoD2AG 5e7 2 237 - 9.92 501.02 10936544
aoD2SG 5e7 2 237 - 10.35 520.99 11337084
dry 25e2 2 125 - 0.03 0.12 26080
aoDLAV 25e2 2 125 - 0.03 0.15 30452
aoULAV 25e2 2 125 - 0.03 0.15 30464
aoD2AG 25e2 2 125 - 0.03 0.16 30984
aoD2SG 25e2 2 125 - 0.02 0.16 31020
moore 25e2 2 125 - 0.11 17.89 213628
nbpm 25e2 2 125 - 0.54 12.88 541636
greedy 25e2 2 125 - 0.51 9.30 713664
dry 3e7 2 102 - 0.37 1.04 616104
aoDLAV 3e7 2 102 - 2.47 165.79 4471428
aoULAV 3e7 2 102 - 2.72 188.51 4471432
aoD2AG 3e7 2 102 - 6.18 301.02 6570100
aoD2SG 3e7 2 102 - 6.59 307.99 6808140
dry 75e2 2 130 - 0.03 0.12 26328
aoDLAV 75e2 2 130 - 0.03 0.16 31380
aoULAV 75e2 2 130 - 0.03 0.16 31388
aoD2AG 75e2 2 130 - 0.04 0.17 31384
aoD2SG 75e2 2 130 - 0.02 0.20 31380
moore 75e2 2 130 - 1.20 471.69 1688796
nbpm 75e2 2 130 - 4.43 150.05 4242136
greedy 75e2 2 130 - 4.00 184.66 6183092
dry 56e6 2 183 - 0.66 1.81 1123980
aoDLAV 56e6 2 183 - 4.89 338.77 8330816
aoULAV 56e6 2 183 - 6.21 361.56 8330816
aoD2AG 56e6 2 183 - 11.01 631.77 12248080
aoD2SG 56e6 2 183 - 11.72 595.19 12692408
dry 1e4 10 160 - 0.03 0.12 27692
aoDLAV 1e4 10 160 - 0.03 0.68 32764
aoULAV 1e4 10 160 - 0.03 0.68 32776
aoD2AG 1e4 10 160 - 0.03 0.71 32748
aoD2SG 1e4 10 160 - 0.03 0.78 34176
moore 1e4 10 160 - 1.13 963.30 2963852
nbpm 1e4 10 160 - 7.52 709.60 7764384
greedy 1e4 10 160 - 6.49 269.42 10961108
dry 56e6 2 208 - 0.75 1.82 1123928
aoDLAV 56e6 2 208 - 4.90 335.46 8330816
aoULAV 56e6 2 208 - 6.08 354.20 8330816
aoD2AG 56e6 2 208 - 10.91 493.40 12247688
aoD2SG 56e6 2 208 - 11.76 727.87 12693856
dry 2e7 2 101 - 0.25 0.78 420796
aoDLAV 2e7 2 101 - 1.66 107.00 2987116
aoULAV 2e7 2 101 - 2.29 115.84 2987072
aoD2AG 2e7 2 101 - 3.66 157.18 4385864
aoD2SG 2e7 2 101 - 4.31 186.52 4546652
dry 18e6 2 147 - 0.22 0.72 381740
aoDLAV 18e6 2 147 - 1.61 95.29 2690192
aoULAV 18e6 2 147 - 2.11 102.99 2690196
aoD2AG 18e6 2 147 - 3.28 144.39 3952644
aoD2SG 18e6 2 147 - 3.51 173.83 4095972
dry 18e6 2 87 - 0.25 0.72 381736
aoDLAV 18e6 2 87 - 1.56 102.10 2690196
aoULAV 18e6 2 87 - 1.61 106.13 2690232
aoD2AG 18e6 2 87 - 3.81 151.18 3952080
aoD2SG 18e6 2 87 - 3.62 177.67 4096060
dry 75e2 2 101 - 0.03 0.12 26328
aoDLAV 75e2 2 101 - 0.03 0.15 31376
aoULAV 75e2 2 101 - 0.03 0.16 31388
aoD2AG 75e2 2 101 - 0.04 0.17 31380
aoD2SG 75e2 2 101 - 0.02 0.19 31384
moore 75e2 2 101 - 1.15 470.09 1688788
nbpm 75e2 2 101 - 4.22 152.86 4242124
greedy 75e2 2 101 - 3.73 149.79 6183092
dry 56e6 2 101 - 0.71 1.74 1123924
aoDLAV 56e6 2 101 - 4.97 334.74 8330816
aoULAV 56e6 2 101 - 6.26 350.20 8330816
aoD2AG 56e6 2 101 - 11.48 486.59 12246460
aoD2SG 56e6 2 101 - 11.68 583.98 12695280
dry 25e2 2 41 - 0.02 0.12 26080
aoDLAV 25e2 2 41 - 0.03 0.15 30452
aoULAV 25e2 2 41 - 0.04 0.14 30468
aoD2AG 25e2 2 41 - 0.03 0.15 30988
aoD2SG 25e2 2 41 - 0.03 0.16 31020
moore 25e2 2 41 - 0.11 30.51 213600
nbpm 25e2 2 41 - 0.52 12.21 541632
greedy 25e2 2 41 - 0.42 9.94 713660
dry 32e2 2 158 - 0.02 0.13 26112
aoDLAV 32e2 2 158 - 0.03 0.15 30540
aoULAV 32e2 2 158 - 0.03 0.16 30556
aoD2AG 32e2 2 158 - 0.03 0.16 31208
aoD2SG 32e2 2 158 - 0.03 0.15 31260
moore 32e2 2 158 - 0.17 47.86 330512
nbpm 32e2 2 158 - 0.92 21.03 854752
greedy 32e2 2 158 - 0.71 21.20 1150164
dry 32e6 2 171 - 0.37 1.10 655180
aoDLAV 32e6 2 171 - 2.78 183.74 4768324
aoULAV 32e6 2 171 - 3.37 186.76 4768324
aoD2AG 32e6 2 171 - 5.48 272.86 7005348
aoD2SG 32e6 2 171 - 6.68 328.27 7261696
dry 1e4 10 71 - 0.03 0.13 27688
aoDLAV 1e4 10 71 - 0.03 0.75 32768
aoULAV 1e4 10 71 - 0.04 0.87 32776
aoD2AG 1e4 10 71 - 0.03 0.80 32744
aoD2SG 1e4 10 71 - 0.03 0.82 34176
moore 1e4 10 71 - 1.29 904.88 2963852
nbpm 1e4 10 71 - 7.65 755.64 7764388
greedy 1e4 10 71 - 6.41 275.06 10961108
dry 1e4 2 11 - 0.02 0.12 26436
aoDLAV 1e4 2 11 - 0.03 0.17 31864
aoULAV 1e4 2 11 - 0.03 0.16 31876
aoD2AG 1e4 2 11 - 0.03 0.17 31876
aoD2SG 1e4 2 11 - 0.03 0.18 31992
moore 1e4 2 11 - 1.09 1284.84 2960572
nbpm 1e4 2 11 - 7.66 355.30 7889412
greedy 1e4 2 11 - 6.42 263.59 10968568
dry 75e2 2 128 - 0.03 0.12 26328
aoDLAV 75e2 2 128 - 0.03 0.16 31376
aoULAV 75e2 2 128 - 0.03 0.16 31392
aoD2AG 75e2 2 128 - 0.03 0.18 31380
aoD2SG 75e2 2 128 - 0.04 0.17 31384
moore 75e2 2 128 - 0.99 441.59 1688792
nbpm 75e2 2 128 - 4.44 229.73 4242132
greedy 75e2 2 128 - 3.55 152.52 6183092
dry 25e2 2 237 - 0.03 0.12 26084
aoDLAV 25e2 2 237 - 0.03 0.15 30452
aoULAV 25e2 2 237 - 0.03 0.16 30464
aoD2AG 25e2 2 237 - 0.04 0.15 30984
aoD2SG 25e2 2 237 - 0.03 0.16 31036
moore 25e2 2 237 - 0.10 14.55 213624
nbpm 25e2 2 237 - 0.58 12.62 541636
greedy 25e2 2 237 - 0.41 10.44 713668
dry 2e7 2 155 - 0.25 0.77 420796
aoDLAV 2e7 2 155 - 1.67 108.32 2987072
aoULAV 2e7 2 155 - 2.18 114.79 2987072
aoD2AG 2e7 2 155 - 3.61 157.08 4385872
aoD2SG 2e7 2 155 - 4.14 185.36 4547568
dry 3e7 2 17 - 0.37 1.03 616120
aoDLAV 3e7 2 17 - 2.43 172.90 4471428
aoULAV 3e7 2 17 - 3.21 181.44 4471428
aoD2AG 3e7 2 17 - 5.08 270.64 6570740
aoD2SG 3e7 2 17 - 6.51 295.86 6811348
dry 7e7 2 81 - 0.84 2.20 1397356
aoDLAV 7e7 2 81 - 5.93 415.38 10408944
aoULAV 7e7 2 81 - 7.54 439.90 10408936
aoD2AG 7e7 2 81 - 13.71 635.62 15306192
aoD2SG 7e7 2 81 - 14.79 980.07 15862316
dry 32e2 2 232 - 0.03 0.12 26112
aoDLAV 32e2 2 232 - 0.03 0.15 30540
aoULAV 32e2 2 232 - 0.04 0.15 30552
aoD2AG 32e2 2 232 - 0.04 0.14 31200
aoD2SG 32e2 2 232 - 0.02 0.16 31248
moore 32e2 2 232 - 0.18 47.06 330520
nbpm 32e2 2 232 - 0.89 19.53 854760
greedy 32e2 2 232 - 0.69 20.74 1150164
dry 25e2 2 222 - 0.02 0.13 26080
aoDLAV 25e2 2 222 - 0.03 0.14 30452
aoULAV 25e2 2 222 - 0.02 0.15 30464
aoD2AG 25e2 2 222 - 0.03 0.15 30996
aoD2SG 25e2 2 222 - 0.02 0.16 31036
moore 25e2 2 222 - 0.09 32.85 213596
nbpm 25e2 2 222 - 0.55 12.13 541636
greedy 25e2 2 222 - 0.40 9.25 713664
dry 56e6 2 12 - 0.64 1.84 1123928
aoDLAV 56e6 2 12 - 4.73 331.93 8330816
aoULAV 56e6 2 12 - 6.20 345.65 8330820
aoD2AG 56e6 2 12 - 10.59 485.82 12249844
aoD2SG 56e6 2 12 - 11.42 588.54 12694512
dry 5e7 2 59 - 0.52 1.61 1006736
aoDLAV 5e7 2 59 - 4.18 298.70 7440192
aoULAV 5e7 2 59 - 5.55 327.21 7440192
aoD2AG 5e7 2 59 - 9.98 503.05 10938368
aoD2SG 5e7 2 59 - 10.52 523.56 11337624
dry 7e7 2 177 - 0.82 2.21 1397360
aoDLAV 7e7 2 177 - 6.03 424.22 10408940
aoULAV 7e7 2 177 - 7.63 453.77 10408936
aoD2AG 7e7 2 177 - 13.85 654.88 15302756
aoD2SG 7e7 2 177 - 14.32 755.91 15861628
dry 18e6 2 102 - 0.23 0.69 381740
aoDLAV 18e6 2 102 - 1.67 93.74 2690196
aoULAV 18e6 2 102 - 1.58 101.53 2690192
aoD2AG 18e6 2 102 - 3.53 146.97 3950876
aoD2SG 18e6 2 102 - 3.65 169.72 4095868
dry 50e2 2 6 - 0.03 0.12 28216
aoDLAV 50e2 2 6 - 0.03 0.16 30848
aoULAV 50e2 2 6 - 0.04 0.15 30864
aoD2AG 50e2 2 6 - 0.03 0.15 31784
aoD2SG 50e2 2 6 - 0.02 0.18 31880
moore 50e2 2 6 - 0.73 207.66 764628
nbpm 50e2 2 6 - 2.03 54.63 2011924
greedy 50e2 2 6 - 1.64 61.51 2764780
dry 50e2 2 229 - 0.02 0.12 26204
aoDLAV 50e2 2 229 - 0.02 0.16 30848
aoULAV 50e2 2 229 - 0.03 0.15 30864
aoD2AG 50e2 2 229 - 0.03 0.15 31792
aoD2SG 50e2 2 229 - 0.04 0.16 31856
moore 50e2 2 229 - 0.33 132.37 762980
nbpm 50e2 2 229 - 2.06 56.45 2011924
greedy 50e2 2 229 - 1.63 61.09 2764784
dry 1e4 10 64 - 0.03 0.11 29152
aoDLAV 1e4 10 64 - 0.02 0.68 32764
aoULAV 1e4 10 64 - 0.03 0.69 32780
aoD2AG 1e4 10 64 - 0.03 0.70 32744
aoD2SG 1e4 10 64 - 0.03 0.80 34176
moore 1e4 10 64 - 1.13 1088.41 2963852
nbpm 1e4 10 64 - 7.81 680.93 7764388
greedy 1e4 10 64 - 6.35 272.67 10961108
dry 50e2 2 136 - 0.02 0.12 26204
aoDLAV 50e2 2 136 - 0.02 0.16 30848
aoULAV 50e2 2 136 - 0.03 0.14 30864
aoD2AG 50e2 2 136 - 0.02 0.16 31788
aoD2SG 50e2 2 136 - 0.02 0.17 31848
moore 50e2 2 136 - 0.60 177.42 764628
nbpm 50e2 2 136 - 2.06 55.05 2011928
greedy 50e2 2 136 - 1.81 62.69 2764780
dry 1e4 5 198 - 0.03 0.12 26900
aoDLAV 1e4 5 198 - 0.03 0.22 31084
aoULAV 1e4 5 198 - 0.03 0.23 31096
aoD2AG 1e4 5 198 - 0.03 0.24 32108
aoD2SG 1e4 5 198 - 0.02 0.27 32108
moore 1e4 5 198 - 1.24 995.00 2961732
nbpm 1e4 5 198 - 7.51 615.20 7811448
greedy 1e4 5 198 - 6.73 305.53 10959176
dry 5e7 2 248 - 0.62 1.62 1006736
aoDLAV 5e7 2 248 - 4.59 298.32 7440192
aoULAV 5e7 2 248 - 5.37 316.63 7440192
aoD2AG 5e7 2 248 - 10.19 445.16 10936448
aoD2SG 5e7 2 248 - 10.55 510.68 11334796
dry 1e4 2 122 - 0.02 0.13 26432
aoDLAV 1e4 2 122 - 0.03 0.18 31864
aoULAV 1e4 2 122 - 0.03 0.19 31876
aoD2AG 1e4 2 122 - 0.04 0.20 31880
aoD2SG 1e4 2 122 - 0.04 0.19 31992
moore 1e4 2 122 - 1.21 887.25 2960584
nbpm 1e4 2 122 - 7.70 364.80 7889444
greedy 1e4 2 122 - 6.80 317.32 10968572
dry 7e7 2 136 - 0.86 2.17 1397356
aoDLAV 7e7 2 136 - 6.24 546.35 10408936
aoULAV 7e7 2 136 - 7.81 469.12 10408936
aoD2AG 7e7 2 136 - 13.80 635.45 15305112
aoD2SG 7e7 2 136 - 14.96 755.69 15863128
dry 5e7 2 89 - 0.58 1.58 1006736
aoDLAV 5e7 2 89 - 4.39 289.22 7440192
aoULAV 5e7 2 89 - 5.37 304.39 7440192
aoD2AG 5e7 2 89 - 9.91 565.47 10937364
aoD2SG 5e7 2 89 - 10.40 527.79 11336248
dry 18e2 2 26 - 0.04 0.11 26048
aoDLAV 18e2 2 26 - 0.02 0.15 30372
aoULAV 18e2 2 26 - 0.03 0.15 30400
aoD2AG 18e2 2 26 - 0.03 0.15 30796
aoD2SG 18e2 2 26 - 0.02 0.16 30824
moore 18e2 2 26 - 0.07 14.37 125412
nbpm 18e2 2 26 - 0.20 7.65 334532
greedy 18e2 2 26 - 0.22 4.39 384352
dry 18e6 2 44 - 0.23 0.71 381740
aoDLAV 18e6 2 44 - 1.74 101.86 2690192
aoULAV 18e6 2 44 - 1.63 102.07 2690196
aoD2AG 18e6 2 44 - 3.57 184.31 3951812
aoD2SG 18e6 2 44 - 3.31 171.23 4093676
dry 1e4 2 38 - 0.02 0.11 26432
aoDLAV 1e4 2 38 - 0.03 0.17 31864
aoULAV 1e4 2 38 - 0.02 0.17 31876
aoD2AG 1e4 2 38 - 0.03 0.18 31876
aoD2SG 1e4 2 38 - 0.03 0.18 31988
moore 1e4 2 38 - 1.17 1008.91 2960572
nbpm 1e4 2 38 - 7.52 356.66 7889416
greedy 1e4 2 38 - 6.54 264.34 10968568
dry 18e6 2 70 - 0.25 0.69 381736
aoDLAV 18e6 2 70 - 1.60 93.00 2690192
aoULAV 18e6 2 70 - 2.00 101.87 2690192
aoD2AG 18e6 2 70 - 3.26 142.21 3951948
aoD2SG 18e6 2 70 - 3.52 159.62 4092580
dry 32e2 2 57 - 0.03 0.12 26116
aoDLAV 32e2 2 57 - 0.02 0.16 30540
aoULAV 32e2 2 57 - 0.02 0.15 30552
aoD2AG 32e2 2 57 - 0.03 0.15 31204
aoD2SG 32e2 2 57 - 0.03 0.15 31260
moore 32e2 2 57 - 0.22 48.97 330520
nbpm 32e2 2 57 - 0.84 21.46 854760
greedy 32e2 2 57 - 0.69 20.31 1150164
dry 7e7 2 157 - 0.97 2.20 1397356
aoDLAV 7e7 2 157 - 6.06 430.40 10408936
aoULAV 7e7 2 157 - 7.54 453.63 10408940
aoD2AG 7e7 2 157 - 13.43 652.44 15305392
aoD2SG 7e7 2 157 - 14.60 771.73 15864880
dry 18e2 2 199 - 0.03 0.11 26052
aoDLAV 18e2 2 199 - 0.03 0.15 30372
aoULAV 18e2 2 199 - 0.02 0.15 30384
aoD2AG 18e2 2 199 - 0.03 0.15 30788
aoD2SG 18e2 2 199 - 0.03 0.14 30816
moore 18e2 2 199 - 0.06 5.56 125436
nbpm 18e2 2 199 - 0.19 7.66 334528
greedy 18e2 2 199 - 0.23 3.67 384352
dry 3e7 2 30 - 0.35 1.03 616104
aoDLAV 3e7 2 30 - 2.58 180.17 4471428
aoULAV 3e7 2 30 - 3.23 187.77 4471428
aoD2AG 3e7 2 30 - 6.00 267.46 6573108
aoD2SG 3e7 2 30 - 5.79 303.88 6811280
dry 56e6 2 214 - 0.68 1.77 1123924
aoDLAV 56e6 2 214 - 4.80 343.75 8330816
aoULAV 56e6 2 214 - 6.06 355.19 8330816
aoD2AG 56e6 2 214 - 11.45 501.44 12247248
aoD2SG 56e6 2 214 - 11.78 607.52 12693792
dry 1e4 5 68 - 0.02 0.13 26900
aoDLAV 1e4 5 68 - 0.03 0.21 31088
aoULAV 1e4 5 68 - 0.03 0.22 31096
aoD2AG 1e4 5 68 - 0.04 0.22 32108
aoD2SG 1e4 5 68 - 0.03 0.24 32112
moore 1e4 5 68 - 1.18 1227.79 2961736
nbpm 1e4 5 68 - 7.67 586.93 7811456
greedy 1e4 5 68 - 6.72 248.12 10959172
