dry 1e8 2 237 - 1.01 3.06 1983296
aoDLAV 1e8 2 237 - 7.97 597.91 14862072
aoULAV 1e8 2 237 - 10.70 641.36 14862068
aoD2AG 1e8 2 237 - 18.67 906.21 21856640
aoD2SG 1e8 2 237 - 19.54 1115.31 22654004
dry 150e2 2 10 - 0.03 0.12 26628
aoDLAV 150e2 2 10 - 0.04 0.17 30828
aoULAV 150e2 2 10 - 0.03 0.18 30824
aoD2AG 150e2 2 10 - 0.03 0.19 31608
aoD2SG 150e2 2 10 - 0.03 0.20 31644
moore 150e2 2 10 - 2.16 2829.94 6629352
nbpm 150e2 2 10 - 14.92 1144.49 16814176
greedy 150e2 2 10 - 13.33 687.93 24630028
dry 1e8 5 172 - 2.26 6.19 4327052
aoDLAV 1e8 5 172 - 11.55 2654.36 23065204
aoULAV 1e8 5 172 - 17.29 2619.88 23065204
aoD2AG 1e8 5 172 - 26.88 2941.72 30452512
aoD2SG 1e8 5 172 - 29.79 3681.36 31310028
dry 18e3 2 1 - 0.02 0.12 30492
aoDLAV 18e3 2 1 - 0.02 0.18 30744
aoULAV 18e3 2 1 - 0.02 0.18 30740
aoD2AG 18e3 2 1 - 0.03 0.19 31804
aoD2SG 18e3 2 1 - 0.03 0.20 31816
moore 18e3 2 1 - 2.93 5107.84 9534984
nbpm 18e3 2 1 - 24.03 2015.60 25451060
greedy 18e3 2 1 - 20.08 1106.36 35458392
dry 175e2 2 170 - 0.03 0.11 26732
aoDLAV 175e2 2 170 - 0.03 0.18 30720
aoULAV 175e2 2 170 - 0.02 0.20 30720
aoD2AG 175e2 2 170 - 0.03 0.20 31756
aoD2SG 175e2 2 170 - 0.02 0.22 31760
moore 175e2 2 170 - 2.73 4757.08 9014028
nbpm 175e2 2 170 - 21.56 1870.66 22863144
greedy 175e2 2 170 - 18.39 1003.42 33516980
dry 125e2 2 153 - 0.03 0.11 26532
aoDLAV 125e2 2 153 - 0.04 0.17 30712
aoULAV 125e2 2 153 - 0.03 0.18 30744
aoD2AG 125e2 2 153 - 0.03 0.19 31376
aoD2SG 125e2 2 153 - 0.04 0.18 31380
moore 125e2 2 153 - 1.56 1930.82 4611540
nbpm 125e2 2 153 - 11.43 856.24 12302320
greedy 125e2 2 153 - 9.54 443.63 17109964
dry 1e8 5 63 - 2.27 6.23 4327052
aoDLAV 1e8 5 63 - 11.34 2533.00 23065204
aoULAV 1e8 5 63 - 15.82 2644.40 23065204
aoD2AG 1e8 5 63 - 27.00 2927.31 30455564
aoD2SG 1e8 5 63 - 27.01 3460.98 31310624
dry 125e2 2 47 - 0.02 0.12 28544
aoDLAV 125e2 2 47 - 0.04 0.17 30712
aoULAV 125e2 2 47 - 0.03 0.18 30712
aoD2AG 125e2 2 47 - 0.03 0.19 31376
aoD2SG 125e2 2 47 - 0.04 0.18 31376
moore 125e2 2 47 - 1.60 2040.81 4611548
nbpm 125e2 2 47 - 12.07 730.74 12302332
greedy 125e2 2 47 - 10.46 516.30 17109964
dry 18e3 2 244 - 0.04 0.11 26748
aoDLAV 18e3 2 244 - 0.03 0.19 30740
aoULAV 18e3 2 244 - 0.03 0.19 30740
aoD2AG 18e3 2 244 - 0.03 0.21 31804
aoD2SG 18e3 2 244 - 0.05 0.20 31812
moore 18e3 2 244 - 3.00 5996.87 9534984
nbpm 18e3 2 244 - 23.76 1934.45 25451064
greedy 18e3 2 244 - 19.91 1097.15 35458368
dry 150e2 2 147 - 0.02 0.12 28472
aoDLAV 150e2 2 147 - 0.02 0.19 30840
aoULAV 150e2 2 147 - 0.03 0.19 30824
aoD2AG 150e2 2 147 - 0.04 0.18 31608
aoD2SG 150e2 2 147 - 0.03 0.20 31608
moore 150e2 2 147 - 2.20 2496.26 6629348
nbpm 150e2 2 147 - 14.66 1163.66 16814168
greedy 150e2 2 147 - 14.01 666.12 24630024
dry 1e8 5 76 - 2.22 6.22 4327052
aoDLAV 1e8 5 76 - 10.81 2637.61 23065204
aoULAV 1e8 5 76 - 16.77 2702.43 23065204
aoD2AG 1e8 5 76 - 26.64 2989.30 30457704
aoD2SG 1e8 5 76 - 27.72 3569.90 31312032
dry 18e3 2 239 - 0.03 0.12 28780
aoDLAV 18e3 2 239 - 0.03 0.19 30740
aoULAV 18e3 2 239 - 0.03 0.19 30744
aoD2AG 18e3 2 239 - 0.03 0.20 31804
aoD2SG 18e3 2 239 - 0.04 0.20 31808
moore 18e3 2 239 - 2.93 5095.62 9534988
nbpm 18e3 2 239 - 22.26 1988.00 25451068
greedy 18e3 2 239 - 20.79 1049.60 35458364
dry 9e7 2 27 - 0.99 2.74 1787984
aoDLAV 9e7 2 27 - 7.30 672.44 13377684
aoULAV 9e7 2 27 - 8.84 565.80 13377688
aoD2AG 9e7 2 27 - 17.02 836.38 19671660
aoD2SG 9e7 2 27 - 17.83 1171.86 20389136
dry 150e2 2 211 - 0.03 0.12 26632
aoDLAV 150e2 2 211 - 0.03 0.18 30824
aoULAV 150e2 2 211 - 0.03 0.18 30824
aoD2AG 150e2 2 211 - 0.03 0.19 31608
aoD2SG 150e2 2 211 - 0.03 0.19 31636
moore 150e2 2 211 - 2.11 2758.80 6629356
nbpm 150e2 2 211 - 15.43 1117.79 16814176
greedy 150e2 2 211 - 15.41 736.11 24630024
dry 2e4 10 227 - 0.03 0.12 31220
aoDLAV 2e4 10 227 - 0.04 1.91 34836
aoULAV 2e4 10 227 - 0.04 1.88 34848
aoD2AG 2e4 10 227 - 0.04 1.97 36080
aoD2SG 2e4 10 227 - 0.04 2.16 36076
moore 2e4 10 227 - 3.56 6358.40 11770836
nbpm 2e4 10 227 - 29.09 5568.81 30880036
greedy 2e4 10 227 - 24.94 1264.61 43775820
dry 150e2 2 109 - 0.03 0.12 26628
aoDLAV 150e2 2 109 - 0.03 0.19 30828
aoULAV 150e2 2 109 - 0.03 0.18 30828
aoD2AG 150e2 2 109 - 0.03 0.20 31608
aoD2SG 150e2 2 109 - 0.04 0.20 31608
moore 150e2 2 109 - 2.27 3414.39 6629352
nbpm 150e2 2 109 - 17.08 1163.86 16814176
greedy 150e2 2 109 - 13.71 711.72 24630024
dry 125e2 2 219 - 0.03 0.11 26532
aoDLAV 125e2 2 219 - 0.03 0.17 30708
aoULAV 125e2 2 219 - 0.03 0.17 30712
aoD2AG 125e2 2 219 - 0.03 0.19 31376
aoD2SG 125e2 2 219 - 0.02 0.20 31380
moore 125e2 2 219 - 1.73 2033.61 4611548
nbpm 125e2 2 219 - 16.79 704.81 12302344
greedy 125e2 2 219 - 10.09 438.61 17109968
dry 8e7 2 37 - 1.13 2.54 1592676
aoDLAV 8e7 2 37 - 7.75 558.01 11893324
aoULAV 8e7 2 37 - 8.36 589.02 11893324
aoD2AG 8e7 2 37 - 15.93 862.85 17487964
aoD2SG 8e7 2 37 - 16.34 813.96 18127136
dry 1e8 5 199 - 2.30 6.24 4327052
aoDLAV 1e8 5 199 - 11.17 2601.37 23065208
aoULAV 1e8 5 199 - 16.24 3681.56 23065204
aoD2AG 1e8 5 199 - 26.88 3231.41 30455888
aoD2SG 1e8 5 199 - 27.68 3475.75 31311764
dry 2e4 2 236 - 0.02 0.12 30532
aoDLAV 2e4 2 236 - 0.04 0.18 30808
aoULAV 2e4 2 236 - 0.02 0.20 30808
aoD2AG 2e4 2 236 - 0.03 0.21 32288
aoD2SG 2e4 2 236 - 0.04 0.21 32292
moore 2e4 2 236 - 5.00 7190.28 11765544
nbpm 2e4 2 236 - 34.80 2650.31 31402188
greedy 2e4 2 236 - 23.68 1267.13 43771040
dry 150e2 2 174 - 0.03 0.12 28416
aoDLAV 150e2 2 174 - 0.03 0.18 30824
aoULAV 150e2 2 174 - 0.03 0.20 30824
aoD2AG 150e2 2 174 - 0.04 0.21 31612
aoD2SG 150e2 2 174 - 0.03 0.20 31612
moore 150e2 2 174 - 2.22 3498.31 6629352
nbpm 150e2 2 174 - 19.78 1129.84 16814180
greedy 150e2 2 174 - 14.74 703.00 24630028
dry 9e7 2 155 - 0.96 2.66 1787984
aoDLAV 9e7 2 155 - 7.26 520.29 13377684
aoULAV 9e7 2 155 - 9.35 570.41 13377684
aoD2AG 9e7 2 155 - 17.44 919.13 19670916
aoD2SG 9e7 2 155 - 17.69 905.34 20389024
dry 1e8 5 64 - 2.69 6.38 4327056
aoDLAV 1e8 5 64 - 11.65 2541.34 23065208
aoULAV 1e8 5 64 - 16.78 2763.04 23065204
aoD2AG 1e8 5 64 - 26.16 3116.29 30456916
aoD2SG 1e8 5 64 - 29.64 4525.63 31311852
dry 2e4 5 104 - 0.03 0.12 27776
aoDLAV 2e4 5 104 - 0.04 0.29 32756
aoULAV 2e4 5 104 - 0.03 0.30 32768
aoD2AG 2e4 5 104 - 0.04 0.33 33344
aoD2SG 2e4 5 104 - 0.04 0.36 32864
moore 2e4 5 104 - 3.77 7376.83 11768080
nbpm 2e4 5 104 - 28.98 4578.06 34200496
greedy 2e4 5 104 - 25.64 1301.59 43774008
dry 1e8 5 34 - 2.29 6.23 4327052
aoDLAV 1e8 5 34 - 11.54 2588.88 23065204
aoULAV 1e8 5 34 - 16.70 2557.39 23065204
aoD2AG 1e8 5 34 - 26.17 2907.68 30457156
aoD2SG 1e8 5 34 - 27.86 3504.57 31310336
dry 8e7 2 172 - 0.91 2.42 1592676
aoDLAV 8e7 2 172 - 6.17 455.91 11893328
aoULAV 8e7 2 172 - 7.98 491.13 11893324
aoD2AG 8e7 2 172 - 14.71 686.43 17488584
aoD2SG 8e7 2 172 - 15.69 1002.98 18125884
dry 175e2 2 23 - 0.03 0.11 26732
aoDLAV 175e2 2 23 - 0.04 0.18 30720
aoULAV 175e2 2 23 - 0.02 0.19 30716
aoD2AG 175e2 2 23 - 0.03 0.19 31752
aoD2SG 175e2 2 23 - 0.02 0.21 31760
moore 175e2 2 23 - 2.88 6040.45 9014028
nbpm 175e2 2 23 - 21.40 1851.53 22863144
greedy 175e2 2 23 - 18.96 1024.09 33516980
dry 2e4 5 48 - 0.03 0.11 29168
aoDLAV 2e4 5 48 - 0.04 0.29 32760
aoULAV 2e4 5 48 - 0.04 0.30 32768
aoD2AG 2e4 5 48 - 0.03 0.33 33340
aoD2SG 2e4 5 48 - 0.05 0.33 32860
moore 2e4 5 48 - 3.44 6230.37 11768084
nbpm 2e4 5 48 - 29.55 4915.82 34200496
greedy 2e4 5 48 - 25.62 1319.61 43774000
dry 9e7 2 37 - 0.93 2.78 1787984
aoDLAV 9e7 2 37 - 7.07 529.34 13377688
aoULAV 9e7 2 37 - 9.62 552.43 13377684
aoD2AG 9e7 2 37 - 16.93 782.50 19673744
aoD2SG 9e7 2 37 - 17.58 917.87 20389832
dry 1e8 2 229 - 1.06 3.04 1983300
aoDLAV 1e8 2 229 - 7.95 589.44 14862072
aoULAV 1e8 2 229 - 10.53 772.81 14862068
aoD2AG 1e8 2 229 - 18.57 868.72 21851832
aoD2SG 1e8 2 229 - 19.66 1046.97 22652512
dry 9e7 2 206 - 0.96 2.71 1787984
aoDLAV 9e7 2 206 - 7.03 525.27 13377728
aoULAV 9e7 2 206 - 9.25 561.78 13377688
aoD2AG 9e7 2 206 - 17.40 797.73 19674772
aoD2SG 9e7 2 206 - 18.07 968.64 20391240
dry 175e2 2 84 - 0.03 0.12 26732
aoDLAV 175e2 2 84 - 0.04 0.21 30716
aoULAV 175e2 2 84 - 0.04 0.19 30756
aoD2AG 175e2 2 84 - 0.04 0.22 31752
aoD2SG 175e2 2 84 - 0.03 0.23 31760
moore 175e2 2 84 - 2.72 4421.01 9014020
nbpm 175e2 2 84 - 21.16 1852.35 22863140
greedy 175e2 2 84 - 19.15 904.07 33516976
dry 125e2 2 56 - 0.03 0.11 26532
aoDLAV 125e2 2 56 - 0.03 0.18 30712
aoULAV 125e2 2 56 - 0.03 0.17 30744
aoD2AG 125e2 2 56 - 0.03 0.19 31380
aoD2SG 125e2 2 56 - 0.02 0.20 31388
moore 125e2 2 56 - 2.33 2721.55 4611540
nbpm 125e2 2 56 - 11.79 678.73 12302320
greedy 125e2 2 56 - 9.80 461.05 17109964
dry 125e2 2 236 - 0.02 0.12 26532
aoDLAV 125e2 2 236 - 0.03 0.18 30708
aoULAV 125e2 2 236 - 0.03 0.18 30712
aoD2AG 125e2 2 236 - 0.04 0.17 31376
aoD2SG 125e2 2 236 - 0.03 0.19 31376
moore 125e2 2 236 - 1.68 2046.74 4611552
nbpm 125e2 2 236 - 12.32 693.86 12302324
greedy 125e2 2 236 - 9.99 533.81 17109964
dry 2e4 10 248 - 0.03 0.12 30732
aoDLAV 2e4 10 248 - 0.04 1.83 34840
aoULAV 2e4 10 248 - 0.04 1.86 34848
aoD2AG 2e4 10 248 - 0.05 1.86 36076
aoD2SG 2e4 10 248 - 0.04 2.12 36076
moore 2e4 10 248 - 3.54 6435.89 11770836
nbpm 2e4 10 248 - 30.03 5756.30 30880036
greedy 2e4 10 248 - 26.31 1704.76 43775824
dry 8e7 2 2 - 2.51 2.42 1592680
aoDLAV 8e7 2 2 - 6.57 456.76 11893324
aoULAV 8e7 2 2 - 8.17 482.04 11893324
aoD2AG 8e7 2 2 - 14.67 683.04 17485408
aoD2SG 8e7 2 2 - 15.91 829.50 18123284
dry 2e4 10 97 - 0.03 0.12 30388
aoDLAV 2e4 10 97 - 0.03 1.65 34836
aoULAV 2e4 10 97 - 0.03 1.63 34848
aoD2AG 2e4 10 97 - 0.04 1.68 36076
aoD2SG 2e4 10 97 - 0.04 2.17 36080
