dry 56e5 2 245 - 0.05 0.32 139544
aoDLAV 56e5 2 245 - 0.49 22.32 849560
aoULAV 56e5 2 245 - 0.44 24.19 849560
aoD2AG 56e5 2 245 - 0.74 34.65 1241952
aoD2SG 56e5 2 245 - 0.77 40.16 1287556
dry 18e5 2 227 - 0.06 0.20 65324
aoDLAV 18e5 2 227 - 0.14 6.58 285512
aoULAV 18e5 2 227 - 0.16 7.01 285520
aoD2AG 18e5 2 227 - 0.24 10.05 412232
aoD2SG 18e5 2 227 - 0.29 11.08 426580
dry 32e5 2 235 - 0.06 0.25 92676
aoDLAV 32e5 2 235 - 0.25 12.10 493324
aoULAV 32e5 2 235 - 0.25 12.68 493336
aoD2AG 32e5 2 235 - 0.40 18.34 717804
aoD2SG 32e5 2 235 - 0.44 20.12 744860
dry 1e7 10 120 - 0.49 1.47 850512
aoDLAV 1e7 10 120 - 1.95 4888.55 3533952
aoULAV 1e7 10 120 - 2.40 4775.34 3533960
aoD2AG 1e7 10 120 - 3.53 4823.28 4338596
aoD2SG 1e7 10 120 - 3.84 5821.18 4428548
dry 32e5 2 212 - 0.05 0.25 92676
aoDLAV 32e5 2 212 - 0.28 11.91 493328
aoULAV 32e5 2 212 - 0.25 12.77 493336
aoD2AG 32e5 2 212 - 0.41 18.38 717432
aoD2SG 32e5 2 212 - 0.40 20.93 743480
dry 18e5 2 47 - 0.04 0.21 65328
aoDLAV 18e5 2 47 - 0.16 6.50 285508
aoULAV 18e5 2 47 - 0.16 6.89 285524
aoD2AG 18e5 2 47 - 0.24 10.13 413136
aoD2SG 18e5 2 47 - 0.26 11.42 427304
dry 1e7 5 6 - 0.22 0.81 459868
aoDLAV 1e7 5 6 - 1.05 212.57 2323016
aoULAV 1e7 5 6 - 1.45 217.30 2323016
aoD2AG 1e7 5 6 - 1.96 240.76 3065060
aoD2SG 1e7 5 6 - 2.54 285.69 3150572
dry 32e5 2 194 - 0.05 0.25 92676
aoDLAV 32e5 2 194 - 0.26 12.16 493324
aoULAV 32e5 2 194 - 0.27 12.64 493340
aoD2AG 32e5 2 194 - 0.39 18.22 718052
aoD2SG 32e5 2 194 - 0.43 20.97 744292
dry 32e5 2 70 - 0.05 0.26 92676
aoDLAV 32e5 2 70 - 0.25 11.97 493324
aoULAV 32e5 2 70 - 0.25 12.74 493340
aoD2AG 32e5 2 70 - 0.41 18.35 718676
aoD2SG 32e5 2 70 - 0.49 21.16 743036
dry 1e7 2 153 - 0.12 0.44 225484
aoDLAV 1e7 2 153 - 0.72 44.59 1502688
aoULAV 1e7 2 153 - 0.81 47.19 1502684
aoD2AG 1e7 2 153 - 1.55 66.72 2204720
aoD2SG 1e7 2 153 - 1.67 77.12 2281600
dry 1e7 5 179 - 0.24 0.78 459868
aoDLAV 1e7 5 179 - 1.05 212.71 2323016
aoULAV 1e7 5 179 - 1.54 215.27 2323020
aoD2AG 1e7 5 179 - 2.37 240.46 3064484
aoD2SG 1e7 5 179 - 2.48 281.80 3152384
dry 32e5 2 154 - 0.06 0.25 92676
aoDLAV 32e5 2 154 - 0.28 11.69 493328
aoULAV 32e5 2 154 - 0.25 12.51 493336
aoD2AG 32e5 2 154 - 0.39 18.29 718396
aoD2SG 32e5 2 154 - 0.41 20.48 745076
dry 1e7 10 138 - 0.42 1.43 850512
aoDLAV 1e7 10 138 - 1.56 4698.07 3533952
aoULAV 1e7 10 138 - 2.31 4786.08 3533956
aoD2AG 1e7 10 138 - 3.47 4734.72 4336524
aoD2SG 1e7 10 138 - 3.67 5789.22 4427700
dry 32e5 2 237 - 0.05 0.25 92724
aoDLAV 32e5 2 237 - 0.23 11.77 493328
aoULAV 32e5 2 237 - 0.22 13.10 493340
aoD2AG 32e5 2 237 - 0.41 19.73 718928
aoD2SG 32e5 2 237 - 0.45 25.35 742940
dry 18e5 2 58 - 0.04 0.21 65324
aoDLAV 18e5 2 58 - 0.15 6.33 285508
aoULAV 18e5 2 58 - 0.14 6.74 285520
aoD2AG 18e5 2 58 - 0.24 9.70 412508
aoD2SG 18e5 2 58 - 0.24 11.05 427944
dry 32e5 2 21 - 0.06 0.24 92680
aoDLAV 32e5 2 21 - 0.24 11.86 493436
aoULAV 32e5 2 21 - 0.25 12.42 493336
aoD2AG 32e5 2 21 - 0.42 18.78 718624
aoD2SG 32e5 2 21 - 0.45 20.93 743952
dry 1e7 10 109 - 0.40 1.38 850508
aoDLAV 1e7 10 109 - 1.83 6017.65 3533956
aoULAV 1e7 10 109 - 2.42 4778.81 3533956
aoD2AG 1e7 10 109 - 3.59 4786.11 4335976
aoD2SG 1e7 10 109 - 3.58 5623.08 4424860
dry 32e5 2 198 - 0.06 0.24 92676
aoDLAV 32e5 2 198 - 0.22 11.29 493328
aoULAV 32e5 2 198 - 0.25 11.97 493336
aoD2AG 32e5 2 198 - 0.42 17.26 718448
aoD2SG 32e5 2 198 - 0.40 19.85 744696
dry 32e5 2 69 - 0.06 0.24 92676
aoDLAV 32e5 2 69 - 0.28 11.27 493324
aoULAV 32e5 2 69 - 0.28 13.01 493336
aoD2AG 32e5 2 69 - 0.42 18.79 718340
aoD2SG 32e5 2 69 - 0.46 21.50 744688
dry 56e5 2 61 - 0.08 0.32 139544
aoDLAV 56e5 2 61 - 0.44 23.12 849592
aoULAV 56e5 2 61 - 0.44 24.63 849556
aoD2AG 56e5 2 61 - 0.90 35.41 1242604
aoD2SG 56e5 2 61 - 0.84 40.61 1288192
dry 1e7 5 110 - 0.25 0.80 459868
aoDLAV 1e7 5 110 - 1.34 267.95 2323032
aoULAV 1e7 5 110 - 1.83 270.77 2323016
aoD2AG 1e7 5 110 - 2.86 292.57 3062792
aoD2SG 1e7 5 110 - 3.02 342.94 3150172
dry 1e7 10 189 - 0.51 1.36 850512
aoDLAV 1e7 10 189 - 2.23 6214.69 3534016
aoULAV 1e7 10 189 - 2.42 4769.20 3533960
aoD2AG 1e7 10 189 - 3.52 4779.56 4340388
aoD2SG 1e7 10 189 - 3.63 5756.88 4426736
dry 32e5 2 59 - 0.06 0.25 92676
aoDLAV 32e5 2 59 - 0.26 11.94 493324
aoULAV 32e5 2 59 - 0.26 12.73 493336
aoD2AG 32e5 2 59 - 0.40 18.36 717816
aoD2SG 32e5 2 59 - 0.41 20.95 743048
dry 1e7 2 29 - 0.12 0.44 225484
aoDLAV 1e7 2 29 - 0.76 44.96 1502724
aoULAV 1e7 2 29 - 0.73 47.06 1502688
aoD2AG 1e7 2 29 - 1.52 66.88 2203816
aoD2SG 1e7 2 29 - 1.69 77.03 2284592
dry 32e5 2 168 - 0.06 0.25 92676
aoDLAV 32e5 2 168 - 0.26 11.93 493324
aoULAV 32e5 2 168 - 0.24 12.90 493340
aoD2AG 32e5 2 168 - 0.42 18.82 718688
aoD2SG 32e5 2 168 - 0.40 21.06 744112
dry 56e5 2 241 - 0.07 0.32 139544
aoDLAV 56e5 2 241 - 0.43 22.89 849556
aoULAV 56e5 2 241 - 0.46 24.31 849560
aoD2AG 56e5 2 241 - 0.70 34.61 1241564
aoD2SG 56e5 2 241 - 0.77 39.70 1287088
dry 1e7 2 33 - 0.12 0.44 225484
aoDLAV 1e7 2 33 - 0.74 44.34 1502684
aoULAV 1e7 2 33 - 0.77 47.32 1502712
aoD2AG 1e7 2 33 - 1.77 66.85 2203408
aoD2SG 1e7 2 33 - 1.63 78.22 2284064
dry 1e7 5 155 - 0.24 0.80 459868
aoDLAV 1e7 5 155 - 1.13 218.91 2323016
aoULAV 1e7 5 155 - 1.55 222.02 2323016
aoD2AG 1e7 5 155 - 2.47 245.26 3065836
aoD2SG 1e7 5 155 - 2.16 290.49 3150960
dry 1e7 2 223 - 0.12 0.44 225488
aoDLAV 1e7 2 223 - 0.73 44.85 1502684
aoULAV 1e7 2 223 - 0.99 48.12 1502684
aoD2AG 1e7 2 223 - 1.52 66.93 2204216
aoD2SG 1e7 2 223 - 1.59 77.25 2283432
dry 1e7 2 192 - 0.12 0.44 225484
aoDLAV 1e7 2 192 - 0.75 44.57 1502684
aoULAV 1e7 2 192 - 0.76 47.28 1502684
aoD2AG 1e7 2 192 - 1.72 67.12 2203808
aoD2SG 1e7 2 192 - 1.63 77.48 2284836
dry 18e5 2 112 - 0.05 0.20 65324
aoDLAV 18e5 2 112 - 0.17 6.41 285524
aoULAV 18e5 2 112 - 0.16 6.83 285524
aoD2AG 18e5 2 112 - 0.25 9.93 412332
aoD2SG 18e5 2 112 - 0.24 11.30 426872
dry 1e7 10 85 - 0.43 1.38 850508
aoDLAV 1e7 10 85 - 1.56 4835.46 3533952
aoULAV 1e7 10 85 - 2.37 4747.03 3533956
aoD2AG 1e7 10 85 - 3.75 4748.16 4336720
aoD2SG 1e7 10 85 - 3.76 5744.02 4428392
dry 1e7 2 187 - 0.13 0.44 225484
aoDLAV 1e7 2 187 - 0.79 44.70 1502684
aoULAV 1e7 2 187 - 0.75 48.21 1502688
aoD2AG 1e7 2 187 - 1.61 68.21 2204752
aoD2SG 1e7 2 187 - 1.91 78.84 2283600
dry 56e5 2 171 - 0.09 0.32 139544
aoDLAV 56e5 2 171 - 0.43 23.16 849556
aoULAV 56e5 2 171 - 0.47 24.89 849560
aoD2AG 56e5 2 171 - 0.77 35.55 1241880
aoD2SG 56e5 2 171 - 0.81 41.23 1287604
dry 1e7 2 44 - 0.12 0.44 225488
aoDLAV 1e7 2 44 - 0.73 45.13 1502684
aoULAV 1e7 2 44 - 0.99 47.93 1502684
aoD2AG 1e7 2 44 - 1.57 67.84 2203136
aoD2SG 1e7 2 44 - 1.61 78.99 2283492
dry 1e7 5 91 - 0.24 0.80 459868
aoDLAV 1e7 5 91 - 1.14 218.58 2323016
aoULAV 1e7 5 91 - 1.55 221.49 2323016
aoD2AG 1e7 5 91 - 2.59 243.88 3065232
aoD2SG 1e7 5 91 - 2.60 283.28 3149680
dry 1e7 10 200 - 0.61 1.38 850512
aoDLAV 1e7 10 200 - 1.51 4792.93 3533956
aoULAV 1e7 10 200 - 2.35 5085.90 3534060
aoD2AG 1e7 10 200 - 3.64 6971.17 4336892
aoD2SG 1e7 10 200 - 3.82 6081.09 4426480
