dry 1e4 2 112 - 0.02 0.12 26432
aoDLAV 1e4 2 112 - 0.02 0.18 31864
aoULAV 1e4 2 112 - 0.03 0.17 31908
aoD2AG 1e4 2 112 - 0.03 0.18 31880
aoD2SG 1e4 2 112 - 0.02 0.19 31988
moore 1e4 2 112 - 1.14 793.29 2960572
nbpm 1e4 2 112 - 7.45 351.80 7889420
greedy 1e4 2 112 - 5.85 270.16 10968568
dry 50e2 2 113 - 0.02 0.12 26208
aoDLAV 50e2 2 113 - 0.02 0.16 30848
aoULAV 50e2 2 113 - 0.02 0.16 30860
aoD2AG 50e2 2 113 - 0.02 0.16 31776
aoD2SG 50e2 2 113 - 0.03 0.16 31880
moore 50e2 2 113 - 0.77 219.17 764632
nbpm 50e2 2 113 - 1.98 57.65 2011924
greedy 50e2 2 113 - 1.60 59.59 2764784
dry 56e2 2 17 - 0.03 0.11 27956
aoDLAV 56e2 2 17 - 0.03 0.15 30976
aoULAV 56e2 2 17 - 0.03 0.15 30988
aoD2AG 56e2 2 17 - 0.02 0.18 31964
aoD2SG 56e2 2 17 - 0.02 0.18 31124
moore 56e2 2 17 - 0.77 248.96 952716
nbpm 56e2 2 17 - 2.41 70.87 2388128
greedy 56e2 2 17 - 1.95 80.77 3460492
dry 6e7 2 141 - 0.72 1.90 1202044
aoDLAV 6e7 2 141 - 4.99 359.33 8924560
aoULAV 6e7 2 141 - 6.50 434.30 8924560
aoD2AG 6e7 2 141 - 12.11 527.67 13118804
aoD2SG 6e7 2 141 - 12.64 640.08 13596100
dry 56e2 2 150 - 0.02 0.12 26236
aoDLAV 56e2 2 150 - 0.02 0.15 30976
aoULAV 56e2 2 150 - 0.02 0.16 30992
aoD2AG 56e2 2 150 - 0.04 0.16 31976
aoD2SG 56e2 2 150 - 0.03 0.17 31124
moore 56e2 2 150 - 0.40 140.52 949988
nbpm 56e2 2 150 - 2.30 68.77 2388088
greedy 56e2 2 150 - 1.97 78.04 3460488
dry 25e2 2 57 - 0.02 0.12 26080
aoDLAV 25e2 2 57 - 0.03 0.14 30456
aoULAV 25e2 2 57 - 0.03 0.15 30464
aoD2AG 25e2 2 57 - 0.04 0.14 30988
aoD2SG 25e2 2 57 - 0.03 0.15 31024
moore 25e2 2 57 - 0.11 39.59 213604
nbpm 25e2 2 57 - 0.59 12.16 541644
greedy 25e2 2 57 - 0.48 11.07 713664
dry 18e2 2 238 - 0.02 0.12 26048
aoDLAV 18e2 2 238 - 0.03 0.14 30372
aoULAV 18e2 2 238 - 0.02 0.15 30384
aoD2AG 18e2 2 238 - 0.04 0.14 30788
aoD2SG 18e2 2 238 - 0.03 0.15 30828
moore 18e2 2 238 - 0.06 7.91 125448
nbpm 18e2 2 238 - 0.15 7.73 334540
greedy 18e2 2 238 - 0.22 4.15 384356
dry 1e4 5 76 - 0.03 0.12 26904
aoDLAV 1e4 5 76 - 0.03 0.22 31088
aoULAV 1e4 5 76 - 0.03 0.22 31096
aoD2AG 1e4 5 76 - 0.03 0.23 32108
aoD2SG 1e4 5 76 - 0.01 0.25 32108
moore 1e4 5 76 - 1.22 1184.55 2961736
nbpm 1e4 5 76 - 7.82 628.28 7811464
greedy 1e4 5 76 - 6.64 294.61 10959176
dry 56e2 2 128 - 0.03 0.13 26236
aoDLAV 56e2 2 128 - 0.03 0.16 30976
aoULAV 56e2 2 128 - 0.03 0.16 30988
aoD2AG 56e2 2 128 - 0.03 0.17 31992
aoD2SG 56e2 2 128 - 0.02 0.18 31124
moore 56e2 2 128 - 0.45 184.64 952728
nbpm 56e2 2 128 - 2.40 73.29 2388084
greedy 56e2 2 128 - 2.27 85.28 3460492
dry 1e4 10 4 - 0.03 0.12 27688
aoDLAV 1e4 10 4 - 0.03 0.70 32764
aoULAV 1e4 10 4 - 0.03 0.69 32780
aoD2AG 1e4 10 4 - 0.04 0.76 32744
aoD2SG 1e4 10 4 - 0.04 0.84 34176
moore 1e4 10 4 - 1.19 1243.11 2963852
nbpm 1e4 10 4 - 7.71 802.54 7764384
greedy 1e4 10 4 - 6.89 268.59 10961108
dry 5e7 2 34 - 0.62 1.61 1006736
aoDLAV 5e7 2 34 - 4.30 287.15 7440192
aoULAV 5e7 2 34 - 5.54 364.89 7440192
aoD2AG 5e7 2 34 - 9.53 448.17 10936512
aoD2SG 5e7 2 34 - 10.55 532.73 11335176
dry 6e7 2 122 - 0.56 2.05 1202048
aoDLAV 6e7 2 122 - 5.11 382.78 8924564
aoULAV 6e7 2 122 - 6.75 382.67 8924564
aoD2AG 6e7 2 122 - 12.01 542.57 13120884
aoD2SG 6e7 2 122 - 12.43 643.53 13599360
dry 18e6 2 180 - 0.24 0.69 381744
aoDLAV 18e6 2 180 - 1.54 95.35 2690196
aoULAV 18e6 2 180 - 1.56 103.03 2690196
aoD2AG 18e6 2 180 - 3.57 140.53 3952636
aoD2SG 18e6 2 180 - 3.51 167.67 4095812
dry 2e7 2 83 - 0.25 0.79 420800
aoDLAV 2e7 2 83 - 1.74 109.86 2987072
aoULAV 2e7 2 83 - 1.74 115.06 2987068
aoD2AG 2e7 2 83 - 3.65 166.31 4387144
aoD2SG 2e7 2 83 - 4.11 188.12 4544672
dry 6e7 2 11 - 0.66 1.88 1202044
aoDLAV 6e7 2 11 - 4.85 400.99 8924564
aoULAV 6e7 2 11 - 6.33 376.36 8924560
aoD2AG 6e7 2 11 - 12.14 533.36 13121024
aoD2SG 6e7 2 11 - 12.36 628.68 13597240
dry 1e4 5 94 - 0.03 0.13 26900
aoDLAV 1e4 5 94 - 0.03 0.24 31088
aoULAV 1e4 5 94 - 0.05 0.22 31100
aoD2AG 1e4 5 94 - 0.03 0.22 32108
aoD2SG 1e4 5 94 - 0.04 0.24 32108
moore 1e4 5 94 - 1.11 1032.67 2961736
nbpm 1e4 5 94 - 7.81 600.02 7811452
greedy 1e4 5 94 - 7.22 303.30 10959172
dry 5e7 2 155 - 0.66 1.66 1006736
aoDLAV 5e7 2 155 - 4.15 305.31 7440196
aoULAV 5e7 2 155 - 5.46 315.61 7440192
aoD2AG 5e7 2 155 - 9.56 447.39 10938200
aoD2SG 5e7 2 155 - 10.12 513.12 11336432
dry 3e7 2 211 - 0.36 1.05 616104
aoDLAV 3e7 2 211 - 2.68 180.90 4471460
aoULAV 3e7 2 211 - 3.42 235.09 4471432
aoD2AG 3e7 2 211 - 5.83 251.95 6570404
aoD2SG 3e7 2 211 - 6.03 290.20 6808736
dry 5e7 2 209 - 0.60 1.63 1006736
aoDLAV 5e7 2 209 - 4.26 297.89 7440192
aoULAV 5e7 2 209 - 5.70 355.90 7440192
aoD2AG 5e7 2 209 - 10.01 445.66 10936260
aoD2SG 5e7 2 209 - 10.42 520.40 11334256
dry 1e4 2 185 - 0.02 0.12 26432
aoDLAV 1e4 2 185 - 0.02 0.18 31868
aoULAV 1e4 2 185 - 0.03 0.17 31876
aoD2AG 1e4 2 185 - 0.03 0.18 31876
aoD2SG 1e4 2 185 - 0.02 0.19 31992
moore 1e4 2 185 - 1.29 1161.58 2960580
nbpm 1e4 2 185 - 7.37 346.31 7889428
greedy 1e4 2 185 - 6.32 268.01 10968568
dry 50e2 2 244 - 0.03 0.12 28184
aoDLAV 50e2 2 244 - 0.03 0.16 30848
aoULAV 50e2 2 244 - 0.03 0.16 30860
aoD2AG 50e2 2 244 - 0.03 0.16 31784
aoD2SG 50e2 2 244 - 0.03 0.17 31868
moore 50e2 2 244 - 0.89 244.13 764628
nbpm 50e2 2 244 - 1.96 59.47 2011924
greedy 50e2 2 244 - 1.65 61.33 2764780
dry 6e7 2 234 - 0.69 1.91 1202044
aoDLAV 6e7 2 234 - 5.23 364.10 8924560
aoULAV 6e7 2 234 - 6.79 474.29 8924560
aoD2AG 6e7 2 234 - 11.52 540.48 13122932
aoD2SG 6e7 2 234 - 12.39 690.53 13599800
dry 1e4 5 105 - 0.02 0.12 26900
aoDLAV 1e4 5 105 - 0.02 0.22 31084
aoULAV 1e4 5 105 - 0.02 0.22 31100
aoD2AG 1e4 5 105 - 0.03 0.22 32116
aoD2SG 1e4 5 105 - 0.03 0.23 32112
moore 1e4 5 105 - 1.21 887.18 2961736
nbpm 1e4 5 105 - 7.71 729.48 7811452
greedy 1e4 5 105 - 6.80 282.52 10959176
dry 4e7 2 12 - 0.48 1.31 811424
aoDLAV 4e7 2 12 - 3.73 228.13 5955816
aoULAV 4e7 2 12 - 4.39 242.50 5955816
aoD2AG 4e7 2 12 - 7.50 346.43 8754264
aoD2SG 4e7 2 12 - 8.39 408.00 9071448
dry 32e6 2 23 - 0.39 1.11 655176
aoDLAV 32e6 2 23 - 2.74 178.39 4768324
aoULAV 32e6 2 23 - 3.66 189.98 4768324
aoD2AG 32e6 2 23 - 5.44 278.78 7009128
aoD2SG 32e6 2 23 - 6.74 318.33 7262020
dry 1e4 2 138 - 0.03 0.12 26432
aoDLAV 1e4 2 138 - 0.04 0.17 31864
aoULAV 1e4 2 138 - 0.02 0.19 31876
aoD2AG 1e4 2 138 - 0.03 0.19 31876
aoD2SG 1e4 2 138 - 0.03 0.19 31992
moore 1e4 2 138 - 1.14 906.17 2960584
nbpm 1e4 2 138 - 7.60 360.66 7889424
greedy 1e4 2 138 - 6.45 300.53 10968568
dry 1e4 5 237 - 0.02 0.12 26904
aoDLAV 1e4 5 237 - 0.03 0.22 31088
aoULAV 1e4 5 237 - 0.03 0.22 31100
aoD2AG 1e4 5 237 - 0.02 0.23 32108
aoD2SG 1e4 5 237 - 0.03 0.25 32108
moore 1e4 5 237 - 1.17 1144.06 2961732
nbpm 1e4 5 237 - 7.66 610.61 7811452
greedy 1e4 5 237 - 6.27 357.38 10959176
dry 1e4 5 19 - 0.03 0.12 28748
aoDLAV 1e4 5 19 - 0.03 0.23 31088
aoULAV 1e4 5 19 - 0.04 0.22 31100
aoD2AG 1e4 5 19 - 0.03 0.23 32108
aoD2SG 1e4 5 19 - 0.04 0.23 32140
moore 1e4 5 19 - 1.27 879.37 2961736
nbpm 1e4 5 19 - 7.59 684.31 7811452
greedy 1e4 5 19 - 6.73 293.89 10959172
dry 2e7 2 131 - 0.28 0.72 420796
aoDLAV 2e7 2 131 - 1.79 103.83 2987072
aoULAV 2e7 2 131 - 1.79 111.17 2987068
aoD2AG 2e7 2 131 - 3.77 166.68 4387520
aoD2SG 2e7 2 131 - 3.93 182.12 4547792
dry 3e7 2 242 - 0.37 1.04 616132
aoDLAV 3e7 2 242 - 2.55 168.47 4471428
aoULAV 3e7 2 242 - 3.35 177.97 4471428
aoD2AG 3e7 2 242 - 5.07 243.99 6570600
aoD2SG 3e7 2 242 - 6.34 287.57 6811784
dry 6e7 2 133 - 0.67 1.89 1202044
aoDLAV 6e7 2 133 - 5.12 392.76 8924560
aoULAV 6e7 2 133 - 6.50 385.90 8924560
aoD2AG 6e7 2 133 - 12.11 564.82 13120704
aoD2SG 6e7 2 133 - 12.92 654.29 13601784
dry 56e2 2 175 - 0.02 0.12 26236
aoDLAV 56e2 2 175 - 0.03 0.15 30976
aoULAV 56e2 2 175 - 0.03 0.15 30988
aoD2AG 56e2 2 175 - 0.04 0.17 31976
aoD2SG 56e2 2 175 - 0.02 0.17 31124
moore 56e2 2 175 - 1.42 348.61 952688
nbpm 56e2 2 175 - 2.34 90.33 2388080
greedy 56e2 2 175 - 2.11 80.03 3460492
dry 56e2 2 201 - 0.03 0.11 26236
aoDLAV 56e2 2 201 - 0.03 0.15 30976
aoULAV 56e2 2 201 - 0.02 0.16 30988
aoD2AG 56e2 2 201 - 0.03 0.17 31992
aoD2SG 56e2 2 201 - 0.02 0.18 31128
moore 56e2 2 201 - 0.53 166.90 949988
nbpm 56e2 2 201 - 2.39 94.05 2388088
greedy 56e2 2 201 - 2.21 84.21 3460488
dry 56e6 2 89 - 0.65 1.80 1123924
aoDLAV 56e6 2 89 - 4.63 341.66 8330816
aoULAV 56e6 2 89 - 5.99 359.34 8330816
aoD2AG 56e6 2 89 - 11.46 507.56 12247936
aoD2SG 56e6 2 89 - 11.66 592.22 12693896
dry 56e2 2 7 - 0.02 0.12 26236
aoDLAV 56e2 2 7 - 0.03 0.16 30980
aoULAV 56e2 2 7 - 0.02 0.16 30988
aoD2AG 56e2 2 7 - 0.03 0.17 31960
aoD2SG 56e2 2 7 - 0.03 0.18 31124
moore 56e2 2 7 - 0.87 245.50 952716
nbpm 56e2 2 7 - 2.32 78.57 2388080
greedy 56e2 2 7 - 2.05 80.91 3460492
dry 18e2 2 59 - 0.03 0.11 26052
aoDLAV 18e2 2 59 - 0.02 0.16 30372
aoULAV 18e2 2 59 - 0.02 0.15 30388
aoD2AG 18e2 2 59 - 0.03 0.14 30784
aoD2SG 18e2 2 59 - 0.03 0.15 30820
moore 18e2 2 59 - 0.06 8.35 125444
nbpm 18e2 2 59 - 0.18 7.60 334536
greedy 18e2 2 59 - 0.22 3.75 384352
dry 7e7 2 208 - 0.85 2.20 1397376
aoDLAV 7e7 2 208 - 6.12 424.11 10408936
aoULAV 7e7 2 208 - 7.80 447.64 10408936
aoD2AG 7e7 2 208 - 14.23 777.59 15303796
aoD2SG 7e7 2 208 - 14.58 770.34 15861836
dry 18e2 2 184 - 0.03 0.12 26048
aoDLAV 18e2 2 184 - 0.02 0.15 30408
aoULAV 18e2 2 184 - 0.02 0.15 30384
aoD2AG 18e2 2 184 - 0.03 0.14 30792
aoD2SG 18e2 2 184 - 0.04 0.15 30824
moore 18e2 2 184 - 0.05 13.82 125412
nbpm 18e2 2 184 - 0.19 8.29 334528
greedy 18e2 2 184 - 0.25 4.66 384356
dry 50e2 2 107 - 0.03 0.11 26204
aoDLAV 50e2 2 107 - 0.02 0.16 30852
aoULAV 50e2 2 107 - 0.03 0.15 30860
aoD2AG 50e2 2 107 - 0.03 0.16 31772
aoD2SG 50e2 2 107 - 0.03 0.17 31848
moore 50e2 2 107 - 0.86 226.04 764628
nbpm 50e2 2 107 - 2.00 56.66 2011924
greedy 50e2 2 107 - 1.58 67.78 2764780
dry 25e2 2 136 - 0.02 0.13 26084
aoDLAV 25e2 2 136 - 0.03 0.16 30452
aoULAV 25e2 2 136 - 0.02 0.16 30468
aoD2AG 25e2 2 136 - 0.03 0.16 30992
aoD2SG 25e2 2 136 - 0.02 0.16 31036
moore 25e2 2 136 - 0.10 28.35 213596
nbpm 25e2 2 136 - 0.56 13.15 541640
greedy 25e2 2 136 - 0.44 11.50 713664
dry 6e7 2 168 - 0.70 1.90 1202048
aoDLAV 6e7 2 168 - 5.15 347.70 8924560
aoULAV 6e7 2 168 - 6.72 448.48 8924560
aoD2AG 6e7 2 168 - 11.94 595.90 13122692
aoD2SG 6e7 2 168 - 12.96 638.64 13601432
dry 1e4 5 145 - 0.02 0.13 26900
aoDLAV 1e4 5 145 - 0.04 0.21 31084
aoULAV 1e4 5 145 - 0.03 0.22 31096
aoD2AG 1e4 5 145 - 0.03 0.23 32112
aoD2SG 1e4 5 145 - 0.03 0.24 32112
moore 1e4 5 145 - 1.20 1307.70 2961736
nbpm 1e4 5 145 - 7.38 717.40 7811460
greedy 1e4 5 145 - 6.69 300.69 10959172
dry 5e7 2 91 - 0.58 1.62 1006736
aoDLAV 5e7 2 91 - 4.36 293.48 7440192
aoULAV 5e7 2 91 - 5.62 309.43 7440192
aoD2AG 5e7 2 91 - 10.21 449.18 10934004
aoD2SG 5e7 2 91 - 10.64 668.22 11337724
dry 4e7 2 88 - 0.47 1.32 811428
aoDLAV 4e7 2 88 - 3.44 225.04 5955816
aoULAV 4e7 2 88 - 4.37 237.13 5955820
aoD2AG 4e7 2 88 - 7.98 347.71 8756052
aoD2SG 4e7 2 88 - 8.52 416.10 9075124
dry 5e7 2 3 - 0.56 1.61 1006740
aoDLAV 5e7 2 3 - 4.16 352.37 7440196
aoULAV 5e7 2 3 - 5.58 325.91 7440192
aoD2AG 5e7 2 3 - 10.08 457.74 10937992
aoD2SG 5e7 2 3 - 10.52 641.02 11336608
dry 56e6 2 250 - 0.63 1.79 1123924
aoDLAV 56e6 2 250 - 4.96 319.03 8330816
aoULAV 56e6 2 250 - 6.36 344.26 8330816
aoD2AG 56e6 2 250 - 10.97 496.81 12247360
aoD2SG 56e6 2 250 - 11.83 597.51 12697824
dry 4e7 2 212 - 0.54 1.32 811424
aoDLAV 4e7 2 212 - 3.54 233.94 5955820
aoULAV 4e7 2 212 - 4.47 252.14 5955820
aoD2AG 4e7 2 212 - 7.90 347.90 8755172
aoD2SG 4e7 2 212 - 8.34 399.61 9074124
dry 18e6 2 189 - 0.24 0.69 381736
aoDLAV 18e6 2 189 - 1.52 113.73 2690192
aoULAV 18e6 2 189 - 1.52 102.61 2690192
aoD2AG 18e6 2 189 - 3.12 143.23 3951852
aoD2SG 18e6 2 189 - 3.72 169.07 4091448
dry 5e7 2 120 - 0.66 1.61 1006736
aoDLAV 5e7 2 120 - 4.56 293.80 7440192
aoULAV 5e7 2 120 - 5.70 310.83 7440192
aoD2AG 5e7 2 120 - 9.90 441.13 10936980
aoD2SG 5e7 2 120 - 10.77 525.61 11336120
dry 50e2 2 80 - 0.03 0.12 26204
aoDLAV 50e2 2 80 - 0.02 0.16 30852
aoULAV 50e2 2 80 - 0.04 0.14 30860
aoD2AG 50e2 2 80 - 0.03 0.16 31768
aoD2SG 50e2 2 80 - 0.02 0.18 31856
moore 50e2 2 80 - 0.44 152.66 764620
nbpm 50e2 2 80 - 1.97 56.50 2011920
greedy 50e2 2 80 - 1.93 62.51 2764784
dry 25e2 2 205 - 0.03 0.11 26080
aoDLAV 25e2 2 205 - 0.03 0.15 30452
aoULAV 25e2 2 205 - 0.03 0.14 30468
aoD2AG 25e2 2 205 - 0.03 0.15 30984
aoD2SG 25e2 2 205 - 0.03 0.14 31040
moore 25e2 2 205 - 0.10 43.07 213596
nbpm 25e2 2 205 - 0.59 12.59 541636
greedy 25e2 2 205 - 0.41 10.29 713668
dry 56e2 2 220 - 0.02 0.12 26236
aoDLAV 56e2 2 220 - 0.02 0.16 30976
aoULAV 56e2 2 220 - 0.03 0.15 30988
aoD2AG 56e2 2 220 - 0.02 0.17 31976
aoD2SG 56e2 2 220 - 0.02 0.18 31120
moore 56e2 2 220 - 0.95 273.37 952716
nbpm 56e2 2 220 - 2.37 97.41 2388080
greedy 56e2 2 220 - 1.92 76.00 3460492
dry 18e6 2 224 - 0.20 0.69 381740
aoDLAV 18e6 2 224 - 1.61 93.95 2690192
aoULAV 18e6 2 224 - 1.83 101.03 2690192
aoD2AG 18e6 2 224 - 3.14 137.54 3949836
aoD2SG 18e6 2 224 - 3.57 157.27 4094544
