dry 18e5 2 208 - 0.04 0.21 65324
aoDLAV 18e5 2 208 - 0.15 6.51 285508
aoULAV 18e5 2 208 - 0.17 6.36 285524
aoD2AG 18e5 2 208 - 0.27 9.32 412260
aoD2SG 18e5 2 208 - 0.24 13.79 426508
dry 32e5 2 49 - 0.05 0.25 92676
aoDLAV 32e5 2 49 - 0.24 11.69 493324
aoULAV 32e5 2 49 - 0.26 12.19 493336
aoD2AG 32e5 2 49 - 0.40 18.06 717684
aoD2SG 32e5 2 49 - 0.39 20.35 743936
dry 56e5 2 176 - 0.08 0.31 139544
aoDLAV 56e5 2 176 - 0.47 22.38 849556
aoULAV 56e5 2 176 - 0.44 24.00 849556
aoD2AG 56e5 2 176 - 0.81 35.52 1242292
aoD2SG 56e5 2 176 - 0.72 39.06 1286260
dry 56e5 2 141 - 0.07 0.32 139544
aoDLAV 56e5 2 141 - 0.46 22.68 849560
aoULAV 56e5 2 141 - 0.43 24.20 849560
aoD2AG 56e5 2 141 - 0.67 33.38 1241092
aoD2SG 56e5 2 141 - 0.72 38.29 1287092
dry 18e5 2 248 - 0.04 0.21 65324
aoDLAV 18e5 2 248 - 0.18 6.22 285508
aoULAV 18e5 2 248 - 0.15 6.72 285524
aoD2AG 18e5 2 248 - 0.23 9.61 413028
aoD2SG 18e5 2 248 - 0.25 10.93 426412
dry 1e7 5 151 - 0.23 0.79 459868
aoDLAV 1e7 5 151 - 1.03 212.96 2323016
aoULAV 1e7 5 151 - 1.51 213.32 2323016
aoD2AG 1e7 5 151 - 2.38 233.83 3064292
aoD2SG 1e7 5 151 - 2.48 278.10 3149188
dry 1e7 2 50 - 0.12 0.44 225484
aoDLAV 1e7 2 50 - 0.73 43.46 1502684
aoULAV 1e7 2 50 - 0.74 45.90 1502684
aoD2AG 1e7 2 50 - 1.45 65.45 2205152
aoD2SG 1e7 2 50 - 1.62 75.28 2285012
dry 1e7 5 77 - 0.25 0.78 459868
aoDLAV 1e7 5 77 - 1.04 209.58 2323020
aoULAV 1e7 5 77 - 1.46 213.60 2323016
aoD2AG 1e7 5 77 - 2.46 235.31 3065124
aoD2SG 1e7 5 77 - 2.51 278.41 3150004
dry 18e5 2 225 - 0.05 0.20 65324
aoDLAV 18e5 2 225 - 0.16 6.21 285508
aoULAV 18e5 2 225 - 0.22 6.57 285520
aoD2AG 18e5 2 225 - 0.26 9.53 413372
aoD2SG 18e5 2 225 - 0.24 10.85 426556
dry 32e5 2 183 - 0.06 0.24 92676
aoDLAV 32e5 2 183 - 0.28 11.56 493324
aoULAV 32e5 2 183 - 0.24 12.35 493336
aoD2AG 32e5 2 183 - 0.38 17.76 719316
aoD2SG 32e5 2 183 - 0.41 20.37 744044
dry 32e5 2 106 - 0.06 0.24 92676
aoDLAV 32e5 2 106 - 0.24 11.59 493324
aoULAV 32e5 2 106 - 0.25 12.37 493340
aoD2AG 32e5 2 106 - 0.39 17.76 717088
aoD2SG 32e5 2 106 - 0.40 20.29 743248
dry 1e7 10 91 - 0.42 1.37 850508
aoDLAV 1e7 10 91 - 1.49 4691.02 3534004
aoULAV 1e7 10 91 - 2.42 4833.15 3533956
aoD2AG 1e7 10 91 - 3.62 4797.02 4338824
aoD2SG 1e7 10 91 - 3.64 5777.92 4428060
dry 1e7 2 218 - 0.12 0.44 225484
aoDLAV 1e7 2 218 - 0.71 44.77 1502688
aoULAV 1e7 2 218 - 0.73 47.81 1502744
aoD2AG 1e7 2 218 - 1.55 67.87 2203480
aoD2SG 1e7 2 218 - 1.87 79.30 2284680
dry 1e7 5 73 - 0.22 0.81 459872
aoDLAV 1e7 5 73 - 1.12 218.41 2323016
aoULAV 1e7 5 73 - 1.45 220.01 2323020
aoD2AG 1e7 5 73 - 1.99 240.22 3065084
aoD2SG 1e7 5 73 - 2.57 285.60 3149968
dry 56e5 2 201 - 0.08 0.31 139544
aoDLAV 56e5 2 201 - 0.45 22.81 849556
aoULAV 56e5 2 201 - 0.44 24.34 849556
aoD2AG 56e5 2 201 - 0.72 34.53 1241108
aoD2SG 56e5 2 201 - 0.74 39.63 1287156
dry 56e5 2 69 - 0.08 0.31 139544
aoDLAV 56e5 2 69 - 0.45 22.49 849612
aoULAV 56e5 2 69 - 0.44 23.96 849556
aoD2AG 56e5 2 69 - 0.74 33.90 1241416
aoD2SG 56e5 2 69 - 0.81 38.79 1285800
dry 56e5 2 111 - 0.09 0.31 139544
aoDLAV 56e5 2 111 - 0.45 22.34 849556
aoULAV 56e5 2 111 - 0.45 23.76 849560
aoD2AG 56e5 2 111 - 0.76 33.57 1243328
aoD2SG 56e5 2 111 - 0.78 38.67 1287504
dry 32e5 2 149 - 0.06 0.24 92676
aoDLAV 32e5 2 149 - 0.27 11.69 493440
aoULAV 32e5 2 149 - 0.29 12.41 493336
aoD2AG 32e5 2 149 - 0.41 17.79 717548
aoD2SG 32e5 2 149 - 0.53 20.36 743548
dry 1e7 5 30 - 0.23 0.80 459872
aoDLAV 1e7 5 30 - 1.04 210.98 2323020
aoULAV 1e7 5 30 - 1.13 214.05 2323020
aoD2AG 1e7 5 30 - 2.47 233.48 3064104
aoD2SG 1e7 5 30 - 2.56 279.11 3149468
dry 32e5 2 119 - 0.05 0.25 92676
aoDLAV 32e5 2 119 - 0.27 11.61 493324
aoULAV 32e5 2 119 - 0.26 12.42 493336
aoD2AG 32e5 2 119 - 0.43 17.84 718628
aoD2SG 32e5 2 119 - 0.45 20.33 743516
dry 18e5 2 38 - 0.04 0.21 65324
aoDLAV 18e5 2 38 - 0.16 6.18 285508
aoULAV 18e5 2 38 - 0.17 6.55 285524
aoD2AG 18e5 2 38 - 0.26 9.51 412352
aoD2SG 18e5 2 38 - 0.26 10.76 427364
dry 1e7 10 121 - 0.41 1.36 850508
aoDLAV 1e7 10 121 - 1.68 7068.11 3533956
aoULAV 1e7 10 121 - 2.36 4805.70 3533960
aoD2AG 1e7 10 121 - 3.60 4861.40 4337064
aoD2SG 1e7 10 121 - 3.57 5817.45 4424416
dry 56e5 2 133 - 0.08 0.31 139548
aoDLAV 56e5 2 133 - 0.48 23.14 849556
aoULAV 56e5 2 133 - 0.42 24.24 849556
aoD2AG 56e5 2 133 - 0.88 34.44 1242136
aoD2SG 56e5 2 133 - 0.74 39.57 1286940
dry 56e5 2 40 - 0.08 0.32 139548
aoDLAV 56e5 2 40 - 0.45 22.74 849560
aoULAV 56e5 2 40 - 0.48 24.15 849556
aoD2AG 56e5 2 40 - 0.73 34.45 1242108
aoD2SG 56e5 2 40 - 0.73 40.06 1287184
dry 1e7 2 155 - 0.12 0.44 225488
aoDLAV 1e7 2 155 - 0.76 45.40 1502684
aoULAV 1e7 2 155 - 0.79 47.13 1502684
aoD2AG 1e7 2 155 - 1.76 66.17 2203076
aoD2SG 1e7 2 155 - 1.68 76.64 2281640
dry 56e5 2 140 - 0.07 0.32 139548
aoDLAV 56e5 2 140 - 0.46 22.71 849560
aoULAV 56e5 2 140 - 0.48 24.16 849596
aoD2AG 56e5 2 140 - 0.73 34.32 1243244
aoD2SG 56e5 2 140 - 0.74 39.62 1287412
dry 1e7 2 76 - 0.11 0.45 225484
aoDLAV 1e7 2 76 - 0.77 44.04 1502684
aoULAV 1e7 2 76 - 1.00 46.87 1502688
aoD2AG 1e7 2 76 - 1.53 66.74 2202668
aoD2SG 1e7 2 76 - 1.60 76.84 2283864
dry 32e5 2 81 - 0.06 0.25 92680
aoDLAV 32e5 2 81 - 0.25 11.98 493328
aoULAV 32e5 2 81 - 0.26 12.61 493336
aoD2AG 32e5 2 81 - 0.41 18.41 718700
aoD2SG 32e5 2 81 - 0.43 20.91 744008
dry 1e7 2 171 - 0.12 0.44 225484
aoDLAV 1e7 2 171 - 0.76 44.30 1502688
aoULAV 1e7 2 171 - 0.95 47.09 1502684
aoD2AG 1e7 2 171 - 1.51 66.51 2203564
aoD2SG 1e7 2 171 - 1.56 77.09 2284872
dry 32e5 2 125 - 0.06 0.24 92676
aoDLAV 32e5 2 125 - 0.27 11.89 493328
aoULAV 32e5 2 125 - 0.29 12.81 493336
aoD2AG 32e5 2 125 - 0.41 18.32 717308
aoD2SG 32e5 2 125 - 0.43 20.85 743524
dry 18e5 2 247 - 0.04 0.21 65324
aoDLAV 18e5 2 247 - 0.14 6.39 285508
aoULAV 18e5 2 247 - 0.19 6.70 285524
aoD2AG 18e5 2 247 - 0.23 9.86 412900
aoD2SG 18e5 2 247 - 0.22 10.99 426324
dry 32e5 2 123 - 0.06 0.25 92676
aoDLAV 32e5 2 123 - 0.30 11.73 493324
aoULAV 32e5 2 123 - 0.25 12.83 493336
aoD2AG 32e5 2 123 - 0.42 18.43 718316
aoD2SG 32e5 2 123 - 0.43 21.10 742900
dry 32e5 2 189 - 0.06 0.25 92680
aoDLAV 32e5 2 189 - 0.27 12.02 493324
aoULAV 32e5 2 189 - 0.26 12.82 493376
aoD2AG 32e5 2 189 - 0.43 18.42 717380
aoD2SG 32e5 2 189 - 0.44 21.12 744240
dry 18e5 2 186 - 0.05 0.21 65328
aoDLAV 18e5 2 186 - 0.15 6.43 285512
aoULAV 18e5 2 186 - 0.18 6.83 285520
aoD2AG 18e5 2 186 - 0.27 9.88 412444
aoD2SG 18e5 2 186 - 0.27 11.22 426300
dry 18e5 2 213 - 0.05 0.21 65328
aoDLAV 18e5 2 213 - 0.16 6.43 285512
aoULAV 18e5 2 213 - 0.17 6.82 285520
aoD2AG 18e5 2 213 - 0.26 9.90 411764
aoD2SG 18e5 2 213 - 0.26 11.22 427500
dry 1e7 2 245 - 0.13 0.44 225488
aoDLAV 1e7 2 245 - 0.78 44.65 1502688
aoULAV 1e7 2 245 - 0.79 47.55 1502688
aoD2AG 1e7 2 245 - 1.84 66.87 2205304
aoD2SG 1e7 2 245 - 1.70 77.47 2285436
dry 32e5 2 221 - 0.07 0.24 92676
aoDLAV 32e5 2 221 - 0.28 12.03 493324
aoULAV 32e5 2 221 - 0.26 12.85 493336
aoD2AG 32e5 2 221 - 0.39 18.47 718560
aoD2SG 32e5 2 221 - 0.42 21.09 744764
dry 32e5 2 115 - 0.07 0.24 92680
aoDLAV 32e5 2 115 - 0.26 12.03 493328
aoULAV 32e5 2 115 - 0.26 12.83 493336
aoD2AG 32e5 2 115 - 0.44 18.45 718720
aoD2SG 32e5 2 115 - 0.43 21.09 742760
dry 1e7 5 178 - 0.23 0.80 459868
aoDLAV 1e7 5 178 - 1.08 215.32 2323016
aoULAV 1e7 5 178 - 1.11 218.43 2323016
aoD2AG 1e7 5 178 - 2.47 242.94 3064696
aoD2SG 1e7 5 178 - 2.51 283.37 3152036
dry 1e7 5 12 - 0.24 0.79 459868
aoDLAV 1e7 5 12 - 1.08 213.12 2323016
aoULAV 1e7 5 12 - 1.54 221.05 2323020
aoD2AG 1e7 5 12 - 2.05 243.73 3065120
aoD2SG 1e7 5 12 - 2.55 288.18 3149996
dry 56e5 2 30 - 0.08 0.31 139544
aoDLAV 56e5 2 30 - 0.44 23.17 849556
aoULAV 56e5 2 30 - 0.42 24.68 849556
aoD2AG 56e5 2 30 - 0.71 35.09 1243096
aoD2SG 56e5 2 30 - 0.72 40.32 1286984
dry 32e5 2 47 - 0.06 0.25 92680
aoDLAV 32e5 2 47 - 0.27 12.14 493412
aoULAV 32e5 2 47 - 0.27 12.92 493336
aoD2AG 32e5 2 47 - 0.41 18.65 718792
aoD2SG 32e5 2 47 - 0.40 21.33 744412
dry 56e5 2 169 - 0.08 0.31 139548
aoDLAV 56e5 2 169 - 0.43 23.16 849556
aoULAV 56e5 2 169 - 0.46 24.66 849556
aoD2AG 56e5 2 169 - 0.71 35.18 1242800
aoD2SG 56e5 2 169 - 0.76 40.38 1286688
dry 32e5 2 204 - 0.06 0.25 92680
aoDLAV 32e5 2 204 - 0.27 12.11 493328
aoULAV 32e5 2 204 - 0.27 12.96 493336
aoD2AG 32e5 2 204 - 0.40 18.67 717560
aoD2SG 32e5 2 204 - 0.42 21.32 742916
dry 56e5 2 92 - 0.08 0.31 139544
aoDLAV 56e5 2 92 - 0.43 22.74 849556
aoULAV 56e5 2 92 - 0.45 24.35 849556
aoD2AG 56e5 2 92 - 0.82 34.73 1242556
aoD2SG 56e5 2 92 - 0.75 39.67 1288252
dry 1e7 2 37 - 0.12 0.45 225484
aoDLAV 1e7 2 37 - 0.75 45.18 1502684
aoULAV 1e7 2 37 - 0.77 47.77 1502688
aoD2AG 1e7 2 37 - 1.55 67.85 2203768
aoD2SG 1e7 2 37 - 1.63 78.33 2284020
dry 18e5 2 70 - 0.04 0.21 65388
aoDLAV 18e5 2 70 - 0.17 6.48 285508
aoULAV 18e5 2 70 - 0.14 6.93 285524
aoD2AG 18e5 2 70 - 0.24 10.02 412684
aoD2SG 18e5 2 70 - 0.24 11.41 427044
dry 1e7 10 86 - 0.42 1.39 850508
aoDLAV 1e7 10 86 - 1.68 4841.47 3533972
aoULAV 1e7 10 86 - 2.41 4673.93 3533956
aoD2AG 1e7 10 86 - 3.52 4829.62 4339572
aoD2SG 1e7 10 86 - 3.59 5794.78 4426184
dry 56e5 2 248 - 0.08 0.31 139544
aoDLAV 56e5 2 248 - 0.42 22.57 849560
aoULAV 56e5 2 248 - 0.45 23.97 849556
aoD2AG 56e5 2 248 - 0.67 34.18 1241556
aoD2SG 56e5 2 248 - 0.76 39.29 1287404
dry 56e5 2 162 - 0.09 0.31 139544
aoDLAV 56e5 2 162 - 0.44 23.29 849556
aoULAV 56e5 2 162 - 0.44 24.51 849556
aoD2AG 56e5 2 162 - 0.84 34.38 1242320
aoD2SG 56e5 2 162 - 0.74 39.39 1287372
dry 56e5 2 200 - 0.08 0.32 139544
aoDLAV 56e5 2 200 - 0.42 22.72 849560
aoULAV 56e5 2 200 - 0.47 24.12 849556
aoD2AG 56e5 2 200 - 0.74 34.34 1242544
aoD2SG 56e5 2 200 - 0.74 39.97 1286368
dry 56e5 2 231 - 0.09 0.32 139544
aoDLAV 56e5 2 231 - 0.45 23.16 849560
aoULAV 56e5 2 231 - 0.41 24.14 849556
aoD2AG 56e5 2 231 - 0.70 34.70 1242936
aoD2SG 56e5 2 231 - 0.74 39.78 1288432
dry 18e5 2 220 - 0.04 0.21 65324
aoDLAV 18e5 2 220 - 0.16 6.36 285508
aoULAV 18e5 2 220 - 0.18 6.79 285520
aoD2AG 18e5 2 220 - 0.24 9.83 412836
aoD2SG 18e5 2 220 - 0.25 11.11 427692
dry 1e7 2 104 - 0.12 0.44 225488
aoDLAV 1e7 2 104 - 0.78 44.28 1502684
aoULAV 1e7 2 104 - 0.78 47.13 1502684
aoD2AG 1e7 2 104 - 1.59 67.14 2202472
aoD2SG 1e7 2 104 - 1.75 76.97 2281344
dry 1e7 2 239 - 0.12 0.44 225484
aoDLAV 1e7 2 239 - 0.75 45.68 1502684
aoULAV 1e7 2 239 - 0.77 46.74 1502688
aoD2AG 1e7 2 239 - 1.56 67.07 2203384
aoD2SG 1e7 2 239 - 1.67 75.94 2283748
dry 1e7 5 170 - 0.23 0.78 459868
aoDLAV 1e7 5 170 - 1.05 210.78 2323016
aoULAV 1e7 5 170 - 1.46 215.23 2323016
aoD2AG 1e7 5 170 - 2.46 236.84 3064868
aoD2SG 1e7 5 170 - 2.54 278.60 3152532
dry 18e5 2 178 - 0.05 0.21 65352
aoDLAV 18e5 2 178 - 0.16 6.31 285508
aoULAV 18e5 2 178 - 0.18 6.95 285520
aoD2AG 18e5 2 178 - 0.23 9.82 412984
aoD2SG 18e5 2 178 - 0.25 10.88 427124
dry 18e5 2 217 - 0.04 0.21 65324
aoDLAV 18e5 2 217 - 0.15 6.26 285508
aoULAV 18e5 2 217 - 0.15 6.72 285520
aoD2AG 18e5 2 217 - 0.24 10.11 411772
aoD2SG 18e5 2 217 - 0.26 11.22 427364
dry 56e5 2 35 - 0.08 0.31 139544
aoDLAV 56e5 2 35 - 0.47 22.43 849560
aoULAV 56e5 2 35 - 0.45 24.40 849556
aoD2AG 56e5 2 35 - 0.79 34.39 1242404
aoD2SG 56e5 2 35 - 0.74 39.76 1288252
dry 56e5 2 226 - 0.08 0.31 139548
aoDLAV 56e5 2 226 - 0.44 22.71 849556
aoULAV 56e5 2 226 - 0.47 24.39 849556
aoD2AG 56e5 2 226 - 0.77 35.24 1241708
aoD2SG 56e5 2 226 - 0.74 39.58 1287072
dry 1e7 2 105 - 0.11 0.45 225484
aoDLAV 1e7 2 105 - 0.76 44.14 1502684
aoULAV 1e7 2 105 - 0.76 47.63 1502688
aoD2AG 1e7 2 105 - 1.48 65.97 2205468
aoD2SG 1e7 2 105 - 1.53 76.22 2284208
dry 56e5 2 22 - 0.08 0.32 139544
aoDLAV 56e5 2 22 - 0.42 22.62 849556
aoULAV 56e5 2 22 - 0.44 24.07 849560
aoD2AG 56e5 2 22 - 0.87 34.41 1241944
aoD2SG 56e5 2 22 - 0.75 39.29 1287096
dry 1e7 2 142 - 0.11 0.45 225488
aoDLAV 1e7 2 142 - 0.76 44.07 1502688
aoULAV 1e7 2 142 - 0.77 46.59 1502688
aoD2AG 1e7 2 142 - 1.49 65.96 2203212
aoD2SG 1e7 2 142 - 1.65 76.29 2284808
dry 1e7 10 112 - 0.43 1.37 850544
aoDLAV 1e7 10 112 - 1.53 4760.60 3533952
aoULAV 1e7 10 112 - 2.37 4846.49 3533952
aoD2AG 1e7 10 112 - 3.58 5878.43 4337388
aoD2SG 1e7 10 112 - 3.75 5713.92 4426452
dry 1e7 10 195 - 0.43 1.37 850544
aoDLAV 1e7 10 195 - 1.54 4779.54 3534012
aoULAV 1e7 10 195 - 2.48 4801.11 3533952
aoD2AG 1e7 10 195 - 3.57 4886.03 4336456
aoD2SG 1e7 10 195 - 3.68 5659.06 4427476
dry 32e5 2 145 - 0.05 0.25 92680
aoDLAV 32e5 2 145 - 0.24 11.74 493328
aoULAV 32e5 2 145 - 0.26 12.47 493336
aoD2AG 32e5 2 145 - 0.39 18.01 717068
aoD2SG 32e5 2 145 - 0.38 20.58 744320
dry 18e5 2 52 - 0.05 0.20 65324
aoDLAV 18e5 2 52 - 0.15 6.37 285508
aoULAV 18e5 2 52 - 0.14 6.79 285520
aoD2AG 18e5 2 52 - 0.23 9.81 412444
aoD2SG 18e5 2 52 - 0.28 10.96 426548
dry 1e7 2 123 - 0.12 0.44 225484
aoDLAV 1e7 2 123 - 0.78 43.55 1502684
aoULAV 1e7 2 123 - 0.77 46.26 1502684
aoD2AG 1e7 2 123 - 1.56 66.71 2202044
aoD2SG 1e7 2 123 - 1.55 77.01 2283652
dry 18e5 2 224 - 0.05 0.20 65324
aoDLAV 18e5 2 224 - 0.16 6.37 285512
aoULAV 18e5 2 224 - 0.13 6.80 285520
aoD2AG 18e5 2 224 - 0.25 9.82 413376
aoD2SG 18e5 2 224 - 0.26 11.14 426240
dry 18e5 2 182 - 0.04 0.21 65328
aoDLAV 18e5 2 182 - 0.15 6.39 285508
aoULAV 18e5 2 182 - 0.14 6.81 285628
aoD2AG 18e5 2 182 - 0.25 9.82 413100
aoD2SG 18e5 2 182 - 0.24 11.14 427328
dry 56e5 2 115 - 0.08 0.31 139548
aoDLAV 56e5 2 115 - 0.43 22.84 849556
aoULAV 56e5 2 115 - 0.44 24.23 849588
aoD2AG 56e5 2 115 - 0.70 34.53 1241392
aoD2SG 56e5 2 115 - 0.74 41.57 1286972
dry 18e5 2 145 - 0.04 0.21 65328
aoDLAV 18e5 2 145 - 0.15 6.52 285508
aoULAV 18e5 2 145 - 0.17 6.93 285520
aoD2AG 18e5 2 145 - 0.25 10.05 413844
aoD2SG 18e5 2 145 - 0.25 11.41 427564
dry 1e7 10 44 - 0.42 1.38 850508
aoDLAV 1e7 10 44 - 2.61 6079.54 3534060
aoULAV 1e7 10 44 - 2.78 4874.73 3533952
aoD2AG 1e7 10 44 - 3.45 6459.66 4338432
aoD2SG 1e7 10 44 - 3.59 7488.40 4426404
