dry 18e1 2 192 - 0.02 0.11 26004
aoDLAV 18e1 2 192 - 0.02 0.13 30184
aoULAV 18e1 2 192 - 0.02 0.13 30196
aoD2AG 18e1 2 192 - 0.03 0.13 30356
aoD2SG 18e1 2 192 - 0.02 0.13 30404
moore 18e1 2 192 - 0.03 0.31 30488
nbpm 18e1 2 192 - 0.05 2.09 54436
greedy 18e1 2 192 - 0.02 0.15 33352
dry 32e4 2 97 - 0.02 0.15 36424
aoDLAV 32e4 2 97 - 0.05 0.99 70832
aoULAV 32e4 2 97 - 0.06 1.03 70844
aoD2AG 32e4 2 97 - 0.07 1.44 88300
aoD2SG 32e4 2 97 - 0.07 1.66 91288
dry 300e2 2 222 - 0.01 0.12 27216
aoDLAV 300e2 2 222 - 0.03 0.19 31296
aoULAV 300e2 2 222 - 0.03 0.20 31892
aoD2AG 300e2 2 222 - 0.03 0.22 35060
aoD2SG 300e2 2 222 - 0.03 0.23 34716
dry 1e2 2 167 - 0.02 0.11 25992
aoDLAV 1e2 2 167 - 0.02 0.13 30168
aoULAV 1e2 2 167 - 0.02 0.13 30180
aoD2AG 1e2 2 167 - 0.04 0.12 30336
aoD2SG 1e2 2 167 - 0.02 0.14 30340
moore 1e2 2 167 - 0.02 0.22 30488
nbpm 1e2 2 167 - 0.06 2.03 53008
greedy 1e2 2 167 - 0.03 0.14 30880
dry 325e2 2 65 - 0.02 0.12 27316
aoDLAV 325e2 2 65 - 0.02 0.20 31376
aoULAV 325e2 2 65 - 0.02 0.20 32084
aoD2AG 325e2 2 65 - 0.02 0.23 34996
aoD2SG 325e2 2 65 - 0.02 0.24 34756
dry 32e3 2 33 - 0.01 0.12 27296
aoDLAV 32e3 2 33 - 0.02 0.19 31436
aoULAV 32e3 2 33 - 0.03 0.19 32144
aoD2AG 32e3 2 33 - 0.03 0.22 35024
aoD2SG 32e3 2 33 - 0.04 0.23 34788
dry 5e4 10 136 - 0.02 0.13 33888
aoDLAV 5e4 10 136 - 0.04 8.06 40204
aoULAV 5e4 10 136 - 0.11 5.59 40200
aoD2AG 5e4 10 136 - 0.04 6.32 44980
aoD2SG 5e4 10 136 - 0.10 8.75 45004
dry 56e3 2 83 - 0.02 0.12 28236
aoDLAV 56e3 2 83 - 0.02 0.28 33480
aoULAV 56e3 2 83 - 0.03 0.28 34696
aoD2AG 56e3 2 83 - 0.03 0.34 37284
aoD2SG 56e3 2 83 - 0.03 0.36 37304
dry 56e1 2 200 - 0.02 0.12 26008
aoDLAV 56e1 2 200 - 0.02 0.15 30224
aoULAV 56e1 2 200 - 0.03 0.14 30236
aoD2AG 56e1 2 200 - 0.03 0.14 30420
aoD2SG 56e1 2 200 - 0.03 0.14 30424
moore 56e1 2 200 - 0.04 1.69 39660
nbpm 56e1 2 200 - 0.10 3.12 78712
greedy 56e1 2 200 - 0.04 0.40 64104
dry 1e6 10 137 - 0.08 0.42 112232
aoDLAV 1e6 10 137 - 0.20 371.93 369888
aoULAV 1e6 10 137 - 0.31 359.21 369888
aoD2AG 1e6 10 137 - 0.41 357.31 447976
aoD2SG 1e6 10 137 - 0.41 412.49 457216
dry 1e2 10 76 - 0.02 0.12 26004
aoDLAV 1e2 10 76 - 0.04 0.13 30260
aoULAV 1e2 10 76 - 0.03 0.14 30296
aoD2AG 1e2 10 76 - 0.03 0.14 30444
aoD2SG 1e2 10 76 - 0.04 0.14 30452
moore 1e2 10 76 - 0.03 0.25 30496
nbpm 1e2 10 76 - 0.08 2.30 53076
greedy 1e2 10 76 - 0.03 0.15 30972
dry 1e5 10 100 - 0.03 0.19 38396
aoDLAV 1e5 10 100 - 0.05 19.93 53540
aoULAV 1e5 10 100 - 0.06 20.12 55308
aoD2AG 1e5 10 100 - 0.08 20.85 62660
aoD2SG 1e5 10 100 - 0.05 23.21 66832
dry 32e4 2 207 - 0.04 0.15 36424
aoDLAV 32e4 2 207 - 0.05 1.22 70828
aoULAV 32e4 2 207 - 0.06 1.20 70840
aoD2AG 32e4 2 207 - 0.07 1.67 88296
aoD2SG 32e4 2 207 - 0.07 1.88 90836
dry 275e2 2 152 - 0.02 0.12 27120
aoDLAV 275e2 2 152 - 0.03 0.21 31240
aoULAV 275e2 2 152 - 0.03 0.21 31576
aoD2AG 275e2 2 152 - 0.02 0.24 34696
aoD2SG 275e2 2 152 - 0.03 0.25 34812
dry 350e2 2 34 - 0.03 0.12 28968
aoDLAV 350e2 2 34 - 0.03 0.23 31480
aoULAV 350e2 2 34 - 0.03 0.24 32260
aoD2AG 350e2 2 34 - 0.04 0.26 34848
aoD2SG 350e2 2 34 - 0.03 0.27 35132
dry 1e6 5 132 - 0.06 0.26 73152
aoDLAV 1e6 5 132 - 0.13 18.04 252692
aoULAV 1e6 5 132 - 0.14 18.64 252692
aoD2AG 1e6 5 132 - 0.24 20.29 323896
aoD2SG 1e6 5 132 - 0.22 24.09 331912
dry 1e5 2 134 - 0.02 0.14 32128
aoDLAV 1e5 2 134 - 0.04 0.44 34800
aoULAV 1e5 2 134 - 0.04 0.44 35320
aoD2AG 1e5 2 134 - 0.05 0.57 42600
aoD2SG 1e5 2 134 - 0.03 0.64 43800
dry 5e4 10 124 - 0.03 0.13 33892
aoDLAV 5e4 10 124 - 0.04 7.82 40204
aoULAV 5e4 10 124 - 0.04 7.75 40200
aoD2AG 5e4 10 124 - 0.04 8.07 44980
aoD2SG 5e4 10 124 - 0.04 8.78 44992
dry 5e4 10 132 - 0.03 0.14 33892
aoDLAV 5e4 10 132 - 0.04 7.36 40204
aoULAV 5e4 10 132 - 0.10 7.97 40204
aoD2AG 5e4 10 132 - 0.10 7.75 44984
aoD2SG 5e4 10 132 - 0.04 8.71 44996
dry 325e2 2 233 - 0.03 0.11 27320
aoDLAV 325e2 2 233 - 0.04 0.20 31376
aoULAV 325e2 2 233 - 0.03 0.21 32084
aoD2AG 325e2 2 233 - 0.02 0.26 35004
aoD2SG 325e2 2 233 - 0.03 0.27 34760
dry 1e2 5 246 - 0.03 0.12 26000
aoDLAV 1e2 5 246 - 0.03 0.14 30212
aoULAV 1e2 5 246 - 0.03 0.14 30228
aoD2AG 1e2 5 246 - 0.02 0.15 30384
aoD2SG 1e2 5 246 - 0.02 0.15 30392
moore 1e2 5 246 - 0.02 0.24 30492
nbpm 1e2 5 246 - 0.08 2.33 53016
greedy 1e2 5 246 - 0.02 0.15 30920
dry 5e4 5 110 - 0.03 0.13 31312
aoDLAV 5e4 5 110 - 0.02 0.72 34704
aoULAV 5e4 5 110 - 0.03 0.73 34704
aoD2AG 5e4 5 110 - 0.04 0.78 37728
aoD2SG 5e4 5 110 - 0.03 0.86 37936
dry 32e1 2 79 - 0.02 0.11 26004
aoDLAV 32e1 2 79 - 0.02 0.14 30196
aoULAV 32e1 2 79 - 0.03 0.14 30208
aoD2AG 32e1 2 79 - 0.03 0.14 30376
aoD2SG 32e1 2 79 - 0.02 0.15 30384
moore 32e1 2 79 - 0.03 0.64 33688
nbpm 32e1 2 79 - 0.08 2.35 58304
greedy 32e1 2 79 - 0.03 0.21 40972
dry 1e6 2 102 - 0.04 0.19 49704
aoDLAV 1e6 2 102 - 0.10 3.78 178460
aoULAV 1e6 2 102 - 0.12 3.90 178456
aoD2AG 1e6 2 102 - 0.19 5.41 232888
aoD2SG 1e6 2 102 - 0.19 6.49 240944
dry 1e2 2 150 - 0.02 0.11 25996
aoDLAV 1e2 2 150 - 0.02 0.15 30168
aoULAV 1e2 2 150 - 0.02 0.15 30180
aoD2AG 1e2 2 150 - 0.02 0.15 30328
aoD2SG 1e2 2 150 - 0.02 0.14 30344
moore 1e2 2 150 - 0.03 0.19 30484
nbpm 1e2 2 150 - 0.07 2.15 53000
greedy 1e2 2 150 - 0.02 0.15 30880
dry 18e4 2 200 - 0.02 0.14 33104
aoDLAV 18e4 2 200 - 0.05 0.73 47860
aoULAV 18e4 2 200 - 0.06 0.83 47860
aoD2AG 18e4 2 200 - 0.05 0.96 59044
aoD2SG 18e4 2 200 - 0.06 1.16 60388
dry 56e3 2 104 - 0.02 0.12 28240
aoDLAV 56e3 2 104 - 0.04 0.29 33476
aoULAV 56e3 2 104 - 0.03 0.29 34696
aoD2AG 56e3 2 104 - 0.04 0.37 37280
aoD2SG 56e3 2 104 - 0.03 0.39 37300
dry 250e2 2 100 - 0.01 0.13 27020
aoDLAV 250e2 2 100 - 0.03 0.20 31108
aoULAV 250e2 2 100 - 0.02 0.21 31216
aoD2AG 250e2 2 100 - 0.02 0.23 33860
aoD2SG 250e2 2 100 - 0.03 0.23 33968
dry 5e4 10 198 - 0.02 0.14 33888
aoDLAV 5e4 10 198 - 0.03 7.29 40200
aoULAV 5e4 10 198 - 0.04 7.75 40200
aoD2AG 5e4 10 198 - 0.06 7.82 44980
aoD2SG 5e4 10 198 - 0.05 7.78 44996
dry 375e2 2 99 - 0.02 0.12 27516
aoDLAV 375e2 2 99 - 0.03 0.23 31784
aoULAV 375e2 2 99 - 0.04 0.24 32608
aoD2AG 375e2 2 99 - 0.03 0.29 35516
aoD2SG 375e2 2 99 - 0.03 0.30 35532
dry 275e2 2 68 - 0.03 0.11 27120
aoDLAV 275e2 2 68 - 0.02 0.21 31240
aoULAV 275e2 2 68 - 0.03 0.21 31572
aoD2AG 275e2 2 68 - 0.03 0.25 34696
aoD2SG 275e2 2 68 - 0.04 0.25 34812
dry 400e2 2 137 - 0.02 0.12 27616
aoDLAV 400e2 2 137 - 0.03 0.25 32236
aoULAV 400e2 2 137 - 0.03 0.24 33112
aoD2AG 400e2 2 137 - 0.03 0.29 36072
aoD2SG 400e2 2 137 - 0.02 0.31 35932
dry 1e5 2 205 - 0.03 0.13 31928
aoDLAV 1e5 2 205 - 0.04 0.47 34800
aoULAV 1e5 2 205 - 0.04 0.45 35320
aoD2AG 1e5 2 205 - 0.05 0.57 42600
aoD2SG 1e5 2 205 - 0.03 0.67 43796
dry 275e2 2 121 - 0.02 0.12 27120
aoDLAV 275e2 2 121 - 0.02 0.21 31240
aoULAV 275e2 2 121 - 0.03 0.20 31572
aoD2AG 275e2 2 121 - 0.04 0.22 34732
aoD2SG 275e2 2 121 - 0.04 0.22 34812
dry 1e3 5 196 - 0.02 0.11 26060
aoDLAV 1e3 5 196 - 0.04 0.13 30424
aoULAV 1e3 5 196 - 0.02 0.15 30436
aoD2AG 1e3 5 196 - 0.03 0.14 30744
aoD2SG 1e3 5 196 - 0.03 0.14 30776
moore 1e3 5 196 - 0.04 4.49 59804
nbpm 1e3 5 196 - 0.12 4.89 129248
greedy 1e3 5 196 - 0.07 1.06 139392
dry 1e3 10 99 - 0.02 0.12 26136
aoDLAV 1e3 10 99 - 0.03 0.16 30652
aoULAV 1e3 10 99 - 0.02 0.17 30664
aoD2AG 1e3 10 99 - 0.03 0.17 31068
aoD2SG 1e3 10 99 - 0.03 0.17 31104
moore 1e3 10 99 - 0.05 3.77 59868
nbpm 1e3 10 99 - 0.17 4.92 136140
greedy 1e3 10 99 - 0.09 1.03 139616
dry 1e5 2 149 - 0.03 0.13 31420
aoDLAV 1e5 2 149 - 0.03 0.45 34800
aoULAV 1e5 2 149 - 0.03 0.48 35320
aoD2AG 1e5 2 149 - 0.03 0.58 42828
aoD2SG 1e5 2 149 - 0.05 0.64 43804
dry 1e3 5 200 - 0.02 0.12 26056
aoDLAV 1e3 5 200 - 0.04 0.14 30424
aoULAV 1e3 5 200 - 0.03 0.14 30440
aoD2AG 1e3 5 200 - 0.03 0.14 30748
aoD2SG 1e3 5 200 - 0.02 0.15 30780
moore 1e3 5 200 - 0.04 2.16 59832
nbpm 1e3 5 200 - 0.13 4.54 129244
greedy 1e3 5 200 - 0.08 1.09 139392
dry 375e2 2 6 - 0.02 0.13 27516
aoDLAV 375e2 2 6 - 0.04 0.23 31784
aoULAV 375e2 2 6 - 0.04 0.23 32604
aoD2AG 375e2 2 6 - 0.03 0.27 35516
aoD2SG 375e2 2 6 - 0.05 0.30 35528
dry 5e4 10 62 - 0.04 0.14 33888
aoDLAV 5e4 10 62 - 0.05 9.72 40204
aoULAV 5e4 10 62 - 0.04 6.54 40200
aoD2AG 5e4 10 62 - 0.15 10.22 44980
aoD2SG 5e4 10 62 - 0.05 10.98 44996
dry 1e6 2 126 - 0.03 0.20 49704
aoDLAV 1e6 2 126 - 0.09 3.51 178460
aoULAV 1e6 2 126 - 0.12 3.79 178460
aoD2AG 1e6 2 126 - 0.18 5.17 233152
aoD2SG 1e6 2 126 - 0.20 5.92 240408
dry 1e2 2 217 - 0.02 0.12 25996
aoDLAV 1e2 2 217 - 0.04 0.13 30168
aoULAV 1e2 2 217 - 0.03 0.14 30180
aoD2AG 1e2 2 217 - 0.03 0.14 30328
aoD2SG 1e2 2 217 - 0.02 0.14 30336
moore 1e2 2 217 - 0.03 0.21 30484
nbpm 1e2 2 217 - 0.07 2.11 53000
greedy 1e2 2 217 - 0.03 0.14 30884
dry 375e2 2 171 - 0.03 0.11 27516
aoDLAV 375e2 2 171 - 0.03 0.24 31788
aoULAV 375e2 2 171 - 0.04 0.23 32604
aoD2AG 375e2 2 171 - 0.03 0.26 35520
aoD2SG 375e2 2 171 - 0.03 0.29 35528
dry 1e6 5 125 - 0.06 0.27 73152
aoDLAV 1e6 5 125 - 0.16 17.86 252688
aoULAV 1e6 5 125 - 0.14 17.62 252692
aoD2AG 1e6 5 125 - 0.21 20.37 323028
aoD2SG 1e6 5 125 - 0.20 23.87 331628
dry 225e2 2 193 - 0.02 0.11 26920
aoDLAV 225e2 2 193 - 0.03 0.19 30980
aoULAV 225e2 2 193 - 0.02 0.20 30992
aoD2AG 225e2 2 193 - 0.03 0.21 33368
aoD2SG 225e2 2 193 - 0.03 0.22 33460
dry 375e2 2 126 - 0.02 0.12 27516
aoDLAV 375e2 2 126 - 0.02 0.25 31784
aoULAV 375e2 2 126 - 0.03 0.23 32604
aoD2AG 375e2 2 126 - 0.02 0.28 35512
aoD2SG 375e2 2 126 - 0.04 0.28 35524
dry 225e2 2 45 - 0.03 0.11 26920
aoDLAV 225e2 2 45 - 0.03 0.19 30980
aoULAV 225e2 2 45 - 0.03 0.20 30992
aoD2AG 225e2 2 45 - 0.03 0.21 33368
aoD2SG 225e2 2 45 - 0.02 0.23 33464
dry 1e6 10 5 - 0.08 0.42 112236
aoDLAV 1e6 10 5 - 0.21 439.49 369888
aoULAV 1e6 10 5 - 0.27 360.87 369884
aoD2AG 1e6 10 5 - 0.43 386.40 446616
aoD2SG 1e6 10 5 - 0.42 467.92 456264
dry 275e2 2 43 - 0.02 0.11 27120
aoDLAV 275e2 2 43 - 0.02 0.21 31240
aoULAV 275e2 2 43 - 0.03 0.20 31572
aoD2AG 275e2 2 43 - 0.03 0.22 34692
aoD2SG 275e2 2 43 - 0.03 0.24 34812
dry 1e3 10 140 - 0.02 0.12 28116
aoDLAV 1e3 10 140 - 0.03 0.15 30656
aoULAV 1e3 10 140 - 0.02 0.17 30664
aoD2AG 1e3 10 140 - 0.02 0.17 31064
aoD2SG 1e3 10 140 - 0.02 0.17 31084
moore 1e3 10 140 - 0.04 5.60 59840
nbpm 1e3 10 140 - 0.12 4.88 136136
greedy 1e3 10 140 - 0.09 1.06 139616
dry 375e2 2 101 - 0.02 0.12 27520
aoDLAV 375e2 2 101 - 0.03 0.23 31784
aoULAV 375e2 2 101 - 0.03 0.24 32604
aoD2AG 375e2 2 101 - 0.03 0.28 35516
aoD2SG 375e2 2 101 - 0.04 0.28 35528
dry 325e2 2 45 - 0.02 0.12 27320
aoDLAV 325e2 2 45 - 0.03 0.22 31376
aoULAV 325e2 2 45 - 0.02 0.22 32084
aoD2AG 325e2 2 45 - 0.03 0.24 35004
aoD2SG 325e2 2 45 - 0.03 0.26 34760
dry 350e2 2 144 - 0.02 0.12 27416
aoDLAV 350e2 2 144 - 0.03 0.22 31480
aoULAV 350e2 2 144 - 0.03 0.23 32256
aoD2AG 350e2 2 144 - 0.03 0.26 34852
aoD2SG 350e2 2 144 - 0.03 0.27 35132
dry 1e6 5 244 - 0.06 0.27 73152
aoDLAV 1e6 5 244 - 0.14 19.80 252688
aoULAV 1e6 5 244 - 0.19 20.20 252688
aoD2AG 1e6 5 244 - 0.23 21.91 323988
aoD2SG 1e6 5 244 - 0.24 25.79 332908
dry 1e6 2 12 - 0.04 0.19 49704
aoDLAV 1e6 2 12 - 0.10 3.95 178456
aoULAV 1e6 2 12 - 0.12 3.75 178456
aoD2AG 1e6 2 12 - 0.18 5.22 234504
aoD2SG 1e6 2 12 - 0.20 5.94 240988
dry 375e2 2 150 - 0.02 0.12 29188
aoDLAV 375e2 2 150 - 0.03 0.24 31788
aoULAV 375e2 2 150 - 0.03 0.25 32604
aoD2AG 375e2 2 150 - 0.03 0.28 35520
aoD2SG 375e2 2 150 - 0.03 0.30 35528
dry 5e4 2 46 - 0.02 0.12 31120
aoDLAV 5e4 2 46 - 0.03 0.27 33008
aoULAV 5e4 2 46 - 0.03 0.28 33312
aoD2AG 5e4 2 46 - 0.03 0.35 36416
aoD2SG 5e4 2 46 - 0.03 0.37 36428
dry 56e3 2 132 - 0.02 0.12 29776
aoDLAV 56e3 2 132 - 0.03 0.30 33476
aoULAV 56e3 2 132 - 0.04 0.30 34696
aoD2AG 56e3 2 132 - 0.04 0.37 37280
aoD2SG 56e3 2 132 - 0.03 0.40 37300
dry 325e2 2 66 - 0.03 0.12 30780
aoDLAV 325e2 2 66 - 0.03 0.22 31372
aoULAV 325e2 2 66 - 0.03 0.23 32084
aoD2AG 325e2 2 66 - 0.03 0.25 35000
aoD2SG 325e2 2 66 - 0.03 0.27 34760
dry 1e6 5 83 - 0.05 0.28 73152
aoDLAV 1e6 5 83 - 0.14 20.06 252808
aoULAV 1e6 5 83 - 0.16 18.22 252688
aoD2AG 1e6 5 83 - 0.19 19.92 324444
aoD2SG 1e6 5 83 - 0.21 23.02 332028
dry 275e2 2 182 - 0.02 0.12 27120
aoDLAV 275e2 2 182 - 0.03 0.20 31240
aoULAV 275e2 2 182 - 0.03 0.21 31576
aoD2AG 275e2 2 182 - 0.03 0.23 34700
aoD2SG 275e2 2 182 - 0.04 0.23 34812
dry 400e2 2 182 - 0.03 0.11 29220
aoDLAV 400e2 2 182 - 0.04 0.22 32236
aoULAV 400e2 2 182 - 0.02 0.24 33112
aoD2AG 400e2 2 182 - 0.03 0.27 36072
aoD2SG 400e2 2 182 - 0.04 0.28 35928
dry 1e6 2 178 - 0.04 0.19 49704
aoDLAV 1e6 2 178 - 0.11 3.51 178456
aoULAV 1e6 2 178 - 0.12 3.74 178456
aoD2AG 1e6 2 178 - 0.17 5.23 232684
aoD2SG 1e6 2 178 - 0.19 5.89 241500
dry 18e1 2 232 - 0.02 0.11 26004
aoDLAV 18e1 2 232 - 0.02 0.15 30184
aoULAV 18e1 2 232 - 0.03 0.14 30196
aoD2AG 18e1 2 232 - 0.02 0.15 30360
aoD2SG 18e1 2 232 - 0.03 0.14 30364
moore 18e1 2 232 - 0.03 0.22 30496
nbpm 18e1 2 232 - 0.09 2.12 54488
greedy 18e1 2 232 - 0.02 0.16 33348
dry 400e2 2 149 - 0.03 0.12 30928
aoDLAV 400e2 2 149 - 0.03 0.23 32236
aoULAV 400e2 2 149 - 0.02 0.24 33112
aoD2AG 400e2 2 149 - 0.04 0.27 36068
aoD2SG 400e2 2 149 - 0.04 0.28 35924
dry 56e4 2 87 - 0.04 0.18 41104
aoDLAV 56e4 2 87 - 0.07 1.94 107984
aoULAV 56e4 2 87 - 0.08 2.03 107984
aoD2AG 56e4 2 87 - 0.12 2.87 139008
aoD2SG 56e4 2 87 - 0.11 3.20 143528
dry 5e4 5 214 - 0.03 0.13 31028
aoDLAV 5e4 5 214 - 0.03 0.68 34708
aoULAV 5e4 5 214 - 0.04 0.68 34704
aoD2AG 5e4 5 214 - 0.04 0.73 37728
aoD2SG 5e4 5 214 - 0.03 0.80 37936
dry 1e2 10 109 - 0.02 0.12 26008
aoDLAV 1e2 10 109 - 0.03 0.14 30264
aoULAV 1e2 10 109 - 0.03 0.14 30272
aoD2AG 1e2 10 109 - 0.02 0.14 30444
aoD2SG 1e2 10 109 - 0.03 0.14 30452
moore 1e2 10 109 - 0.03 0.24 30496
nbpm 1e2 10 109 - 0.09 2.09 53080
greedy 1e2 10 109 - 0.03 0.15 30972
dry 325e2 2 120 - 0.03 0.11 30776
aoDLAV 325e2 2 120 - 0.02 0.21 31372
aoULAV 325e2 2 120 - 0.03 0.21 32088
aoD2AG 325e2 2 120 - 0.04 0.24 35000
aoD2SG 325e2 2 120 - 0.04 0.25 34760
dry 275e2 2 35 - 0.02 0.12 30676
aoDLAV 275e2 2 35 - 0.02 0.21 31240
aoULAV 275e2 2 35 - 0.03 0.20 31572
aoD2AG 275e2 2 35 - 0.03 0.23 34720
aoD2SG 275e2 2 35 - 0.03 0.23 34812
dry 18e1 2 86 - 0.03 0.11 26008
aoDLAV 18e1 2 86 - 0.02 0.15 30184
aoULAV 18e1 2 86 - 0.02 0.14 30196
aoD2AG 18e1 2 86 - 0.03 0.14 30360
aoD2SG 18e1 2 86 - 0.02 0.14 30364
moore 18e1 2 86 - 0.03 0.33 30496
nbpm 18e1 2 86 - 0.08 2.11 54444
greedy 18e1 2 86 - 0.04 0.14 33352
dry 1e3 10 130 - 0.02 0.12 26136
aoDLAV 1e3 10 130 - 0.03 0.15 30652
aoULAV 1e3 10 130 - 0.03 0.16 30664
aoD2AG 1e3 10 130 - 0.03 0.16 31056
aoD2SG 1e3 10 130 - 0.02 0.17 31084
moore 1e3 10 130 - 0.04 4.24 59844
nbpm 1e3 10 130 - 0.14 4.63 136140
greedy 1e3 10 130 - 0.09 1.01 139616
dry 5e4 5 5 - 0.03 0.13 31672
aoDLAV 5e4 5 5 - 0.04 0.69 34704
aoULAV 5e4 5 5 - 0.03 0.70 34704
aoD2AG 5e4 5 5 - 0.04 0.75 37732
aoD2SG 5e4 5 5 - 0.04 0.82 37944
dry 1e5 2 231 - 0.03 0.13 30000
aoDLAV 1e5 2 231 - 0.04 0.42 34804
aoULAV 1e5 2 231 - 0.04 0.43 35364
aoD2AG 1e5 2 231 - 0.04 0.54 42600
aoD2SG 1e5 2 231 - 0.03 0.62 43800
dry 18e4 2 5 - 0.03 0.13 33104
aoDLAV 18e4 2 5 - 0.05 0.73 47864
aoULAV 18e4 2 5 - 0.05 0.76 47860
aoD2AG 18e4 2 5 - 0.06 1.00 58640
aoD2SG 18e4 2 5 - 0.06 1.10 60000
dry 1e3 2 188 - 0.02 0.11 26020
aoDLAV 1e3 2 188 - 0.03 0.14 30280
aoULAV 1e3 2 188 - 0.02 0.14 30292
aoD2AG 1e3 2 188 - 0.03 0.13 30544
aoD2SG 1e3 2 188 - 0.03 0.14 30568
moore 1e3 2 188 - 0.03 5.84 59772
nbpm 1e3 2 188 - 0.11 4.02 138552
greedy 1e3 2 188 - 0.08 1.02 139244
dry 56e3 2 73 - 0.03 0.11 29632
aoDLAV 56e3 2 73 - 0.03 0.29 33476
aoULAV 56e3 2 73 - 0.03 0.29 34696
aoD2AG 56e3 2 73 - 0.04 0.35 37280
aoD2SG 56e3 2 73 - 0.03 0.38 37324
dry 32e3 2 21 - 0.02 0.12 29100
aoDLAV 32e3 2 21 - 0.04 0.21 31436
aoULAV 32e3 2 21 - 0.03 0.22 32148
aoD2AG 32e3 2 21 - 0.03 0.24 35024
aoD2SG 32e3 2 21 - 0.03 0.26 34788
dry 1e1 2 128 - 0.02 0.12 25992
aoDLAV 1e1 2 128 - 0.03 0.14 30160
aoULAV 1e1 2 128 - 0.03 0.14 30172
aoD2AG 1e1 2 128 - 0.02 0.15 30316
aoD2SG 1e1 2 128 - 0.03 0.14 30312
moore 1e1 2 128 - 0.02 0.18 30484
nbpm 1e1 2 128 - 0.07 2.14 49824
greedy 1e1 2 128 - 0.03 0.14 30124
dry 18e4 2 31 - 0.04 0.12 33104
aoDLAV 18e4 2 31 - 0.04 0.77 47860
aoULAV 18e4 2 31 - 0.04 0.80 47864
aoD2AG 18e4 2 31 - 0.05 1.02 58644
aoD2SG 18e4 2 31 - 0.05 1.11 59956
dry 32e1 2 188 - 0.02 0.12 26000
aoDLAV 32e1 2 188 - 0.03 0.13 30196
aoULAV 32e1 2 188 - 0.02 0.14 30208
aoD2AG 32e1 2 188 - 0.02 0.15 30376
aoD2SG 32e1 2 188 - 0.02 0.15 30384
moore 32e1 2 188 - 0.03 0.65 33684
nbpm 32e1 2 188 - 0.07 2.35 58308
greedy 32e1 2 188 - 0.03 0.21 40972
dry 56e4 2 74 - 0.03 0.18 41108
aoDLAV 56e4 2 74 - 0.08 2.04 107984
aoULAV 56e4 2 74 - 0.08 2.22 107984
aoD2AG 56e4 2 74 - 0.13 3.11 141832
aoD2SG 56e4 2 74 - 0.12 3.58 143192
dry 1e6 2 221 - 0.05 0.19 49704
aoDLAV 1e6 2 221 - 0.11 3.84 178460
aoULAV 1e6 2 221 - 0.15 3.89 178456
aoD2AG 1e6 2 221 - 0.17 5.56 233544
aoD2SG 1e6 2 221 - 0.18 6.40 242812
dry 18e1 2 27 - 0.02 0.12 26008
aoDLAV 18e1 2 27 - 0.02 0.14 30184
aoULAV 18e1 2 27 - 0.03 0.14 30196
aoD2AG 18e1 2 27 - 0.02 0.15 30356
aoD2SG 18e1 2 27 - 0.03 0.14 30364
moore 18e1 2 27 - 0.03 0.28 30488
nbpm 18e1 2 27 - 0.07 2.18 54436
greedy 18e1 2 27 - 0.03 0.16 33348
dry 350e2 2 85 - 0.02 0.12 27416
aoDLAV 350e2 2 85 - 0.03 0.23 31484
aoULAV 350e2 2 85 - 0.03 0.24 32260
aoD2AG 350e2 2 85 - 0.03 0.26 34852
aoD2SG 350e2 2 85 - 0.05 0.26 35132
dry 275e2 2 151 - 0.02 0.12 27120
aoDLAV 275e2 2 151 - 0.02 0.21 31240
aoULAV 275e2 2 151 - 0.03 0.21 31576
aoD2AG 275e2 2 151 - 0.03 0.23 34696
aoD2SG 275e2 2 151 - 0.03 0.24 34816
dry 32e3 2 156 - 0.02 0.13 30768
aoDLAV 32e3 2 156 - 0.03 0.22 31440
aoULAV 32e3 2 156 - 0.03 0.22 32148
aoD2AG 32e3 2 156 - 0.03 0.25 35024
aoD2SG 32e3 2 156 - 0.03 0.26 34784
dry 5e4 10 93 - 0.03 0.13 33888
aoDLAV 5e4 10 93 - 0.03 8.12 40200
aoULAV 5e4 10 93 - 0.03 8.15 40200
aoD2AG 5e4 10 93 - 0.04 8.25 44984
aoD2SG 5e4 10 93 - 0.05 8.04 44996
dry 56e3 2 231 - 0.03 0.12 28236
aoDLAV 56e3 2 231 - 0.03 0.28 33476
aoULAV 56e3 2 231 - 0.03 0.28 34700
aoD2AG 56e3 2 231 - 0.03 0.35 37284
aoD2SG 56e3 2 231 - 0.03 0.38 37304
dry 225e2 2 51 - 0.02 0.12 26924
aoDLAV 225e2 2 51 - 0.03 0.19 30980
aoULAV 225e2 2 51 - 0.02 0.20 30996
aoD2AG 225e2 2 51 - 0.03 0.21 33368
aoD2SG 225e2 2 51 - 0.03 0.22 33460
dry 32e4 2 112 - 0.04 0.16 36428
aoDLAV 32e4 2 112 - 0.05 1.18 70832
aoULAV 32e4 2 112 - 0.05 1.24 70840
aoD2AG 32e4 2 112 - 0.07 1.65 88776
aoD2SG 32e4 2 112 - 0.08 1.82 92008
dry 56e3 2 123 - 0.03 0.12 28236
aoDLAV 56e3 2 123 - 0.04 0.28 33480
aoULAV 56e3 2 123 - 0.04 0.28 34700
aoD2AG 56e3 2 123 - 0.04 0.34 37284
aoD2SG 56e3 2 123 - 0.04 0.37 37300
dry 56e3 2 194 - 0.03 0.11 29816
aoDLAV 56e3 2 194 - 0.02 0.29 33476
aoULAV 56e3 2 194 - 0.03 0.29 34700
aoD2AG 56e3 2 194 - 0.04 0.34 37284
aoD2SG 56e3 2 194 - 0.05 0.36 37304
dry 56e4 2 91 - 0.04 0.18 41108
aoDLAV 56e4 2 91 - 0.08 1.98 107984
aoULAV 56e4 2 91 - 0.08 2.08 107984
aoD2AG 56e4 2 91 - 0.12 2.89 142284
aoD2SG 56e4 2 91 - 0.12 3.27 143188
dry 1e2 2 14 - 0.02 0.12 25992
aoDLAV 1e2 2 14 - 0.03 0.14 30168
aoULAV 1e2 2 14 - 0.03 0.14 30180
aoD2AG 1e2 2 14 - 0.02 0.15 30336
aoD2SG 1e2 2 14 - 0.02 0.15 30344
moore 1e2 2 14 - 0.03 0.21 30480
nbpm 1e2 2 14 - 0.07 2.13 53000
greedy 1e2 2 14 - 0.03 0.14 30880
dry 32e3 2 151 - 0.02 0.12 27952
aoDLAV 32e3 2 151 - 0.03 0.22 31440
aoULAV 32e3 2 151 - 0.03 0.22 32144
aoD2AG 32e3 2 151 - 0.03 0.25 35020
aoD2SG 32e3 2 151 - 0.04 0.25 34788
dry 1e5 5 27 - 0.03 0.14 34476
aoDLAV 1e5 5 27 - 0.05 1.48 41816
aoULAV 1e5 5 27 - 0.03 1.51 43568
aoD2AG 1e5 5 27 - 0.05 1.64 53564
aoD2SG 1e5 5 27 - 0.04 1.83 53200
dry 56e4 2 178 - 0.04 0.18 41104
aoDLAV 56e4 2 178 - 0.08 1.99 107988
aoULAV 56e4 2 178 - 0.08 2.10 107988
aoD2AG 56e4 2 178 - 0.11 2.96 140004
aoD2SG 56e4 2 178 - 0.11 3.33 142792
dry 5e4 10 91 - 0.03 0.13 33888
aoDLAV 5e4 10 91 - 0.04 7.16 40204
aoULAV 5e4 10 91 - 0.04 7.47 40200
aoD2AG 5e4 10 91 - 0.04 7.55 44988
aoD2SG 5e4 10 91 - 0.04 8.37 44996
dry 1e5 10 68 - 0.03 0.19 38396
aoDLAV 1e5 10 68 - 0.05 21.32 53540
aoULAV 1e5 10 68 - 0.06 21.23 55312
aoD2AG 1e5 10 68 - 0.05 21.77 62952
aoD2SG 1e5 10 68 - 0.04 24.11 66832
dry 1e5 5 232 - 0.04 0.13 34476
aoDLAV 1e5 5 232 - 0.03 1.56 41820
aoULAV 1e5 5 232 - 0.04 1.57 43576
aoD2AG 1e5 5 232 - 0.05 1.71 53560
aoD2SG 1e5 5 232 - 0.04 1.91 53200
dry 1e2 10 84 - 0.02 0.12 26008
aoDLAV 1e2 10 84 - 0.03 0.13 30260
aoULAV 1e2 10 84 - 0.02 0.15 30276
aoD2AG 1e2 10 84 - 0.03 0.14 30440
aoD2SG 1e2 10 84 - 0.03 0.14 30448
moore 1e2 10 84 - 0.03 0.23 30496
nbpm 1e2 10 84 - 0.09 2.12 53076
greedy 1e2 10 84 - 0.02 0.15 30972
dry 5e4 10 205 - 0.03 0.13 33888
aoDLAV 5e4 10 205 - 0.05 7.54 40200
aoULAV 5e4 10 205 - 0.05 8.14 40200
aoD2AG 5e4 10 205 - 0.05 8.08 44980
aoD2SG 5e4 10 205 - 0.04 9.04 44992
dry 275e2 2 111 - 0.02 0.12 27124
aoDLAV 275e2 2 111 - 0.03 0.21 31240
aoULAV 275e2 2 111 - 0.03 0.21 31568
aoD2AG 275e2 2 111 - 0.03 0.23 34692
aoD2SG 275e2 2 111 - 0.03 0.24 34812
dry 1e2 2 44 - 0.03 0.11 25992
aoDLAV 1e2 2 44 - 0.03 0.14 30168
aoULAV 1e2 2 44 - 0.02 0.15 30180
aoD2AG 1e2 2 44 - 0.02 0.15 30340
aoD2SG 1e2 2 44 - 0.03 0.14 30348
moore 1e2 2 44 - 0.03 0.21 30480
nbpm 1e2 2 44 - 0.08 2.15 53000
greedy 1e2 2 44 - 0.03 0.14 30880
dry 1e2 5 215 - 0.02 0.11 25996
aoDLAV 1e2 5 215 - 0.03 0.14 30212
aoULAV 1e2 5 215 - 0.03 0.14 30224
aoD2AG 1e2 5 215 - 0.02 0.15 30388
aoD2SG 1e2 5 215 - 0.03 0.14 30388
moore 1e2 5 215 - 0.03 0.21 30496
nbpm 1e2 5 215 - 0.07 2.17 53016
greedy 1e2 5 215 - 0.02 0.15 30920
dry 400e2 2 210 - 0.02 0.12 27620
aoDLAV 400e2 2 210 - 0.03 0.25 32236
aoULAV 400e2 2 210 - 0.03 0.25 33116
aoD2AG 400e2 2 210 - 0.03 0.28 36072
aoD2SG 400e2 2 210 - 0.03 0.30 35932
dry 400e2 2 188 - 0.02 0.12 29612
aoDLAV 400e2 2 188 - 0.03 0.24 32236
aoULAV 400e2 2 188 - 0.03 0.24 33112
aoD2AG 400e2 2 188 - 0.03 0.29 36076
aoD2SG 400e2 2 188 - 0.03 0.30 35928
dry 18e4 2 34 - 0.04 0.13 33104
aoDLAV 18e4 2 34 - 0.04 0.77 47860
aoULAV 18e4 2 34 - 0.05 0.78 47864
aoD2AG 18e4 2 34 - 0.07 1.02 58644
aoD2SG 18e4 2 34 - 0.05 1.12 59740
dry 375e2 2 181 - 0.03 0.12 29008
aoDLAV 375e2 2 181 - 0.03 0.23 31788
aoULAV 375e2 2 181 - 0.03 0.24 32604
aoD2AG 375e2 2 181 - 0.03 0.28 35516
aoD2SG 375e2 2 181 - 0.03 0.29 35548
dry 32e3 2 129 - 0.03 0.11 27300
aoDLAV 32e3 2 129 - 0.02 0.22 31440
aoULAV 32e3 2 129 - 0.03 0.22 32148
aoD2AG 32e3 2 129 - 0.03 0.25 35020
aoD2SG 32e3 2 129 - 0.03 0.26 34788
dry 1e3 5 155 - 0.02 0.12 28076
aoDLAV 1e3 5 155 - 0.02 0.16 30424
aoULAV 1e3 5 155 - 0.02 0.15 30436
aoD2AG 1e3 5 155 - 0.02 0.15 30748
aoD2SG 1e3 5 155 - 0.03 0.14 30768
moore 1e3 5 155 - 0.04 3.56 59828
nbpm 1e3 5 155 - 0.12 4.41 129244
greedy 1e3 5 155 - 0.09 1.04 139392
dry 1e5 5 209 - 0.03 0.13 34476
aoDLAV 1e5 5 209 - 0.05 1.60 41816
aoULAV 1e5 5 209 - 0.05 1.62 43576
aoD2AG 1e5 5 209 - 0.05 1.79 53564
aoD2SG 1e5 5 209 - 0.05 1.98 53200
dry 5e4 2 131 - 0.02 0.12 28000
aoDLAV 5e4 2 131 - 0.03 0.27 33008
aoULAV 5e4 2 131 - 0.03 0.28 33332
aoD2AG 5e4 2 131 - 0.04 0.33 36408
aoD2SG 5e4 2 131 - 0.04 0.36 36472
dry 1e5 5 21 - 0.04 0.13 34476
aoDLAV 1e5 5 21 - 0.05 1.67 41820
aoULAV 1e5 5 21 - 0.04 1.61 43572
aoD2AG 1e5 5 21 - 0.05 2.33 53632
aoD2SG 1e5 5 21 - 0.05 1.89 53204
dry 5e4 2 110 - 0.02 0.12 31116
aoDLAV 5e4 2 110 - 0.02 0.27 33008
aoULAV 5e4 2 110 - 0.04 0.26 33312
aoD2AG 5e4 2 110 - 0.02 0.34 36408
aoD2SG 5e4 2 110 - 0.03 0.35 36420
dry 1e2 10 236 - 0.01 0.13 26004
aoDLAV 1e2 10 236 - 0.02 0.14 30260
aoULAV 1e2 10 236 - 0.03 0.14 30272
aoD2AG 1e2 10 236 - 0.02 0.15 30444
aoD2SG 1e2 10 236 - 0.03 0.14 30452
moore 1e2 10 236 - 0.03 0.19 30496
nbpm 1e2 10 236 - 0.07 2.15 53076
greedy 1e2 10 236 - 0.03 0.14 30972
dry 325e2 2 70 - 0.02 0.12 27316
aoDLAV 325e2 2 70 - 0.03 0.22 31372
aoULAV 325e2 2 70 - 0.03 0.22 32088
aoD2AG 325e2 2 70 - 0.03 0.25 35004
aoD2SG 325e2 2 70 - 0.03 0.26 34760
dry 1e3 10 202 - 0.02 0.12 26136
aoDLAV 1e3 10 202 - 0.02 0.17 30652
aoULAV 1e3 10 202 - 0.03 0.16 30664
aoD2AG 1e3 10 202 - 0.03 0.16 31072
aoD2SG 1e3 10 202 - 0.03 0.16 31096
moore 1e3 10 202 - 0.05 2.70 59872
nbpm 1e3 10 202 - 0.12 4.76 136140
greedy 1e3 10 202 - 0.09 1.04 139620
dry 1e3 5 239 - 0.02 0.12 26060
aoDLAV 1e3 5 239 - 0.02 0.15 30428
aoULAV 1e3 5 239 - 0.02 0.15 30436
aoD2AG 1e3 5 239 - 0.03 0.14 30740
aoD2SG 1e3 5 239 - 0.02 0.15 30768
moore 1e3 5 239 - 0.05 5.41 59800
nbpm 1e3 5 239 - 0.11 4.45 129244
greedy 1e3 5 239 - 0.08 1.02 139412
dry 18e4 2 48 - 0.03 0.13 33108
aoDLAV 18e4 2 48 - 0.05 0.73 47860
aoULAV 18e4 2 48 - 0.04 0.77 47860
aoD2AG 18e4 2 48 - 0.05 0.98 58652
aoD2SG 18e4 2 48 - 0.06 1.07 59800
dry 1e2 5 174 - 0.02 0.12 25996
aoDLAV 1e2 5 174 - 0.02 0.14 30212
aoULAV 1e2 5 174 - 0.03 0.13 30224
aoD2AG 1e2 5 174 - 0.02 0.15 30384
aoD2SG 1e2 5 174 - 0.03 0.14 30404
moore 1e2 5 174 - 0.02 0.22 30492
nbpm 1e2 5 174 - 0.08 2.13 53016
greedy 1e2 5 174 - 0.02 0.15 30920
dry 56e3 2 13 - 0.02 0.12 29528
aoDLAV 56e3 2 13 - 0.03 0.29 33476
aoULAV 56e3 2 13 - 0.03 0.30 34696
aoD2AG 56e3 2 13 - 0.04 0.35 37284
aoD2SG 56e3 2 13 - 0.04 0.38 37296
dry 1e5 10 12 - 0.03 0.18 38400
aoDLAV 1e5 10 12 - 0.04 21.39 53536
aoULAV 1e5 10 12 - 0.05 21.22 55316
aoD2AG 1e5 10 12 - 0.05 21.52 62876
aoD2SG 1e5 10 12 - 0.05 24.45 66832
dry 250e2 2 86 - 0.02 0.12 27020
aoDLAV 250e2 2 86 - 0.03 0.20 31108
aoULAV 250e2 2 86 - 0.03 0.20 31212
aoD2AG 250e2 2 86 - 0.03 0.22 33856
aoD2SG 250e2 2 86 - 0.03 0.23 33964
dry 225e2 2 180 - 0.03 0.11 26920
aoDLAV 225e2 2 180 - 0.02 0.20 30984
aoULAV 225e2 2 180 - 0.03 0.20 30992
aoD2AG 225e2 2 180 - 0.03 0.21 33368
aoD2SG 225e2 2 180 - 0.04 0.21 33464
dry 18e1 2 175 - 0.02 0.11 26004
aoDLAV 18e1 2 175 - 0.03 0.14 30184
aoULAV 18e1 2 175 - 0.03 0.14 30200
aoD2AG 18e1 2 175 - 0.02 0.14 30360
aoD2SG 18e1 2 175 - 0.03 0.14 30416
moore 18e1 2 175 - 0.03 0.26 30496
nbpm 18e1 2 175 - 0.08 2.15 54444
greedy 18e1 2 175 - 0.02 0.16 33348
dry 1e5 10 245 - 0.04 0.17 38396
aoDLAV 1e5 10 245 - 0.05 21.61 53540
aoULAV 1e5 10 245 - 0.05 21.32 55312
aoD2AG 1e5 10 245 - 0.05 21.55 62952
aoD2SG 1e5 10 245 - 0.05 24.35 66832
dry 1e5 2 183 - 0.04 0.12 31012
aoDLAV 1e5 2 183 - 0.04 0.42 34808
aoULAV 1e5 2 183 - 0.03 0.45 35324
aoD2AG 1e5 2 183 - 0.04 0.56 42596
aoD2SG 1e5 2 183 - 0.04 0.62 44116
dry 1e2 5 241 - 0.03 0.11 25996
aoDLAV 1e2 5 241 - 0.03 0.14 30212
aoULAV 1e2 5 241 - 0.03 0.14 30224
aoD2AG 1e2 5 241 - 0.03 0.14 30384
aoD2SG 1e2 5 241 - 0.02 0.15 30388
moore 1e2 5 241 - 0.04 0.22 30492
nbpm 1e2 5 241 - 0.08 2.14 53016
greedy 1e2 5 241 - 0.03 0.15 30920
dry 1e3 10 16 - 0.02 0.12 26136
aoDLAV 1e3 10 16 - 0.02 0.17 30652
aoULAV 1e3 10 16 - 0.03 0.16 30664
aoD2AG 1e3 10 16 - 0.03 0.16 31092
aoD2SG 1e3 10 16 - 0.03 0.16 31100
moore 1e3 10 16 - 0.04 4.44 59840
nbpm 1e3 10 16 - 0.11 4.67 136140
greedy 1e3 10 16 - 0.08 1.04 139620
dry 1e6 10 58 - 0.07 0.40 112232
aoDLAV 1e6 10 58 - 0.37 378.39 369888
aoULAV 1e6 10 58 - 0.31 387.54 369884
aoD2AG 1e6 10 58 - 0.38 377.96 446664
aoD2SG 1e6 10 58 - 0.42 460.73 457944
dry 400e2 2 76 - 0.03 0.11 27616
aoDLAV 400e2 2 76 - 0.04 0.23 32236
aoULAV 400e2 2 76 - 0.03 0.24 33112
aoD2AG 400e2 2 76 - 0.03 0.27 36076
aoD2SG 400e2 2 76 - 0.04 0.29 35928
dry 56e1 2 221 - 0.02 0.12 26008
aoDLAV 56e1 2 221 - 0.03 0.14 30224
aoULAV 56e1 2 221 - 0.03 0.14 30232
aoD2AG 56e1 2 221 - 0.03 0.14 30420
aoD2SG 56e1 2 221 - 0.04 0.13 30424
moore 56e1 2 221 - 0.04 2.16 39660
nbpm 56e1 2 221 - 0.10 2.97 78712
greedy 56e1 2 221 - 0.05 0.39 64108
dry 1e2 2 104 - 0.02 0.12 25992
aoDLAV 1e2 2 104 - 0.03 0.14 30168
aoULAV 1e2 2 104 - 0.03 0.14 30180
aoD2AG 1e2 2 104 - 0.03 0.13 30336
aoD2SG 1e2 2 104 - 0.03 0.14 30344
moore 1e2 2 104 - 0.02 0.21 30484
nbpm 1e2 2 104 - 0.09 2.17 53000
greedy 1e2 2 104 - 0.03 0.14 30884
dry 250e2 2 230 - 0.03 0.11 27020
aoDLAV 250e2 2 230 - 0.04 0.19 31108
aoULAV 250e2 2 230 - 0.03 0.20 31216
aoD2AG 250e2 2 230 - 0.03 0.22 33860
aoD2SG 250e2 2 230 - 0.03 0.24 33964
dry 1e6 2 56 - 0.04 0.20 49708
aoDLAV 1e6 2 56 - 0.11 3.81 178460
aoULAV 1e6 2 56 - 0.12 4.05 178456
aoD2AG 1e6 2 56 - 0.17 5.77 234352
aoD2SG 1e6 2 56 - 0.20 6.51 241372
dry 250e2 2 124 - 0.03 0.12 27020
aoDLAV 250e2 2 124 - 0.04 0.19 31108
aoULAV 250e2 2 124 - 0.03 0.20 31212
aoD2AG 250e2 2 124 - 0.03 0.22 33860
aoD2SG 250e2 2 124 - 0.03 0.23 33964
dry 32e4 2 237 - 0.04 0.16 36424
aoDLAV 32e4 2 237 - 0.05 1.23 70828
aoULAV 32e4 2 237 - 0.06 1.21 70840
aoD2AG 32e4 2 237 - 0.08 1.65 89256
aoD2SG 32e4 2 237 - 0.06 1.84 90788
dry 32e1 2 51 - 0.02 0.11 26000
aoDLAV 32e1 2 51 - 0.02 0.14 30196
aoULAV 32e1 2 51 - 0.03 0.14 30208
aoD2AG 32e1 2 51 - 0.03 0.14 30380
aoD2SG 32e1 2 51 - 0.02 0.14 30384
moore 32e1 2 51 - 0.03 0.66 33688
nbpm 32e1 2 51 - 0.09 2.30 58312
greedy 32e1 2 51 - 0.04 0.20 40972
dry 5e4 5 94 - 0.03 0.13 30900
aoDLAV 5e4 5 94 - 0.04 0.70 34704
aoULAV 5e4 5 94 - 0.03 0.70 34704
aoD2AG 5e4 5 94 - 0.03 0.76 37724
aoD2SG 5e4 5 94 - 0.05 0.82 37936
dry 18e1 2 116 - 0.02 0.12 26004
aoDLAV 18e1 2 116 - 0.03 0.14 30188
aoULAV 18e1 2 116 - 0.03 0.14 30196
aoD2AG 18e1 2 116 - 0.03 0.14 30360
aoD2SG 18e1 2 116 - 0.03 0.14 30368
moore 18e1 2 116 - 0.04 0.20 30492
nbpm 18e1 2 116 - 0.07 2.14 54440
greedy 18e1 2 116 - 0.02 0.16 33352
dry 1e2 10 160 - 0.02 0.11 26008
aoDLAV 1e2 10 160 - 0.02 0.15 30312
aoULAV 1e2 10 160 - 0.03 0.14 30272
aoD2AG 1e2 10 160 - 0.02 0.15 30440
aoD2SG 1e2 10 160 - 0.02 0.15 30448
moore 1e2 10 160 - 0.03 0.22 30496
nbpm 1e2 10 160 - 0.07 2.19 53076
greedy 1e2 10 160 - 0.03 0.14 30972
dry 275e2 2 12 - 0.02 0.12 27120
aoDLAV 275e2 2 12 - 0.03 0.21 31240
aoULAV 275e2 2 12 - 0.03 0.21 31572
aoD2AG 275e2 2 12 - 0.03 0.24 34696
aoD2SG 275e2 2 12 - 0.03 0.25 34812
dry 1e2 10 86 - 0.03 0.11 26004
aoDLAV 1e2 10 86 - 0.02 0.14 30260
aoULAV 1e2 10 86 - 0.02 0.14 30272
aoD2AG 1e2 10 86 - 0.03 0.14 30440
aoD2SG 1e2 10 86 - 0.03 0.14 30448
moore 1e2 10 86 - 0.03 0.20 30496
nbpm 1e2 10 86 - 0.08 2.19 53076
greedy 1e2 10 86 - 0.02 0.15 30972
dry 18e4 2 186 - 0.03 0.14 33104
aoDLAV 18e4 2 186 - 0.04 0.79 47864
aoULAV 18e4 2 186 - 0.04 0.81 47860
aoD2AG 18e4 2 186 - 0.04 1.05 58648
aoD2SG 18e4 2 186 - 0.06 1.15 60460
dry 1e3 10 239 - 0.02 0.12 26136
aoDLAV 1e3 10 239 - 0.02 0.17 30656
aoULAV 1e3 10 239 - 0.02 0.16 30664
aoD2AG 1e3 10 239 - 0.02 0.17 31064
aoD2SG 1e3 10 239 - 0.02 0.17 31096
moore 1e3 10 239 - 0.04 5.49 59840
nbpm 1e3 10 239 - 0.12 4.79 136140
greedy 1e3 10 239 - 0.07 1.06 139616
dry 5e4 5 142 - 0.03 0.12 29988
aoDLAV 5e4 5 142 - 0.04 0.76 34704
aoULAV 5e4 5 142 - 0.02 0.78 34708
aoD2AG 5e4 5 142 - 0.04 0.82 37728
aoD2SG 5e4 5 142 - 0.04 0.90 37936
dry 1e2 10 190 - 0.02 0.12 26004
aoDLAV 1e2 10 190 - 0.02 0.15 30260
aoULAV 1e2 10 190 - 0.03 0.14 30272
aoD2AG 1e2 10 190 - 0.02 0.15 30440
aoD2SG 1e2 10 190 - 0.02 0.15 30452
moore 1e2 10 190 - 0.02 0.22 30496
nbpm 1e2 10 190 - 0.08 2.16 53076
greedy 1e2 10 190 - 0.03 0.14 30972
dry 300e2 2 32 - 0.02 0.12 27220
aoDLAV 300e2 2 32 - 0.03 0.21 31296
aoULAV 300e2 2 32 - 0.03 0.22 31892
aoD2AG 300e2 2 32 - 0.03 0.25 35060
aoD2SG 300e2 2 32 - 0.03 0.25 34712
dry 18e4 2 18 - 0.03 0.13 33104
aoDLAV 18e4 2 18 - 0.05 0.73 47860
aoULAV 18e4 2 18 - 0.04 0.75 47864
aoD2AG 18e4 2 18 - 0.05 0.98 58648
aoD2SG 18e4 2 18 - 0.05 1.07 59884
dry 56e3 2 75 - 0.02 0.12 28236
aoDLAV 56e3 2 75 - 0.03 0.28 33476
aoULAV 56e3 2 75 - 0.03 0.29 34696
aoD2AG 56e3 2 75 - 0.04 0.35 37276
aoD2SG 56e3 2 75 - 0.03 0.38 37300
dry 275e2 2 82 - 0.02 0.12 29124
aoDLAV 275e2 2 82 - 0.03 0.21 31240
aoULAV 275e2 2 82 - 0.03 0.20 31568
aoD2AG 275e2 2 82 - 0.02 0.24 34696
aoD2SG 275e2 2 82 - 0.03 0.24 34808
dry 32e3 2 54 - 0.03 0.11 27296
aoDLAV 32e3 2 54 - 0.02 0.22 31436
aoULAV 32e3 2 54 - 0.02 0.22 32148
aoD2AG 32e3 2 54 - 0.03 0.25 35024
aoD2SG 32e3 2 54 - 0.02 0.26 34792
dry 325e2 2 109 - 0.02 0.12 27320
aoDLAV 325e2 2 109 - 0.02 0.22 31372
aoULAV 325e2 2 109 - 0.02 0.22 32088
aoD2AG 325e2 2 109 - 0.03 0.25 35004
aoD2SG 325e2 2 109 - 0.03 0.26 34760
dry 325e2 2 19 - 0.03 0.11 29196
aoDLAV 325e2 2 19 - 0.04 0.21 31372
aoULAV 325e2 2 19 - 0.04 0.22 32088
aoD2AG 325e2 2 19 - 0.03 0.26 35004
aoD2SG 325e2 2 19 - 0.03 0.28 34760
dry 1e3 2 95 - 0.02 0.12 26020
aoDLAV 1e3 2 95 - 0.03 0.14 30280
aoULAV 1e3 2 95 - 0.03 0.14 30292
aoD2AG 1e3 2 95 - 0.02 0.15 30584
aoD2SG 1e3 2 95 - 0.02 0.15 30564
moore 1e3 2 95 - 0.03 4.96 59768
nbpm 1e3 2 95 - 0.11 4.19 138552
greedy 1e3 2 95 - 0.09 0.99 139244
dry 1e2 5 151 - 0.03 0.11 25996
aoDLAV 1e2 5 151 - 0.02 0.15 30212
aoULAV 1e2 5 151 - 0.03 0.14 30224
aoD2AG 1e2 5 151 - 0.04 0.14 30384
aoD2SG 1e2 5 151 - 0.02 0.15 30388
moore 1e2 5 151 - 0.01 0.22 30492
nbpm 1e2 5 151 - 0.07 2.19 53016
greedy 1e2 5 151 - 0.03 0.14 30924
dry 1e3 5 1 - 0.03 0.11 26056
aoDLAV 1e3 5 1 - 0.02 0.15 30428
aoULAV 1e3 5 1 - 0.02 0.15 30436
aoD2AG 1e3 5 1 - 0.02 0.15 30740
aoD2SG 1e3 5 1 - 0.03 0.15 30768
moore 1e3 5 1 - 0.04 4.56 59800
nbpm 1e3 5 1 - 0.12 4.40 129244
greedy 1e3 5 1 - 0.08 1.00 139392
dry 32e3 2 114 - 0.03 0.11 27300
aoDLAV 32e3 2 114 - 0.02 0.23 31440
aoULAV 32e3 2 114 - 0.03 0.23 32148
aoD2AG 32e3 2 114 - 0.03 0.25 35016
aoD2SG 32e3 2 114 - 0.04 0.26 34784
dry 1e3 10 12 - 0.02 0.12 26140
aoDLAV 1e3 10 12 - 0.02 0.16 30652
aoULAV 1e3 10 12 - 0.02 0.16 30664
aoD2AG 1e3 10 12 - 0.03 0.16 31072
aoD2SG 1e3 10 12 - 0.03 0.17 31096
moore 1e3 10 12 - 0.05 2.98 59868
nbpm 1e3 10 12 - 0.11 5.01 136140
greedy 1e3 10 12 - 0.08 1.01 139620
dry 56e3 2 64 - 0.02 0.12 30080
aoDLAV 56e3 2 64 - 0.03 0.30 33476
aoULAV 56e3 2 64 - 0.03 0.30 34696
aoD2AG 56e3 2 64 - 0.04 0.35 37284
aoD2SG 56e3 2 64 - 0.04 0.38 37300
dry 1e5 5 9 - 0.04 0.13 34476
aoDLAV 1e5 5 9 - 0.04 1.64 41816
aoULAV 1e5 5 9 - 0.05 1.69 43572
aoD2AG 1e5 5 9 - 0.04 1.81 53564
aoD2SG 1e5 5 9 - 0.05 2.04 53204
dry 275e2 2 213 - 0.02 0.12 27124
aoDLAV 275e2 2 213 - 0.03 0.21 31240
aoULAV 275e2 2 213 - 0.03 0.21 31572
aoD2AG 275e2 2 213 - 0.02 0.25 34696
aoD2SG 275e2 2 213 - 0.03 0.25 34812
dry 18e1 2 114 - 0.02 0.12 26008
aoDLAV 18e1 2 114 - 0.02 0.15 30184
aoULAV 18e1 2 114 - 0.03 0.14 30196
aoD2AG 18e1 2 114 - 0.03 0.15 30356
aoD2SG 18e1 2 114 - 0.02 0.15 30388
moore 18e1 2 114 - 0.03 0.36 30488
nbpm 18e1 2 114 - 0.08 2.22 54436
greedy 18e1 2 114 - 0.03 0.16 33352
dry 1e6 10 192 - 0.07 0.42 112280
aoDLAV 1e6 10 192 - 0.80 438.17 369888
aoULAV 1e6 10 192 - 0.28 346.19 369936
aoD2AG 1e6 10 192 - 0.39 347.46 446536
aoD2SG 1e6 10 192 - 0.43 430.38 458764
dry 225e2 2 18 - 0.02 0.12 26920
aoDLAV 225e2 2 18 - 0.03 0.19 30980
aoULAV 225e2 2 18 - 0.03 0.19 31024
aoD2AG 225e2 2 18 - 0.03 0.21 33368
aoD2SG 225e2 2 18 - 0.03 0.23 33464
dry 18e4 2 213 - 0.03 0.14 33104
aoDLAV 18e4 2 213 - 0.06 0.71 47860
aoULAV 18e4 2 213 - 0.05 0.78 47860
aoD2AG 18e4 2 213 - 0.04 1.04 58644
aoD2SG 18e4 2 213 - 0.05 1.15 60176
dry 250e2 2 166 - 0.02 0.12 27020
aoDLAV 250e2 2 166 - 0.03 0.20 31108
aoULAV 250e2 2 166 - 0.03 0.20 31216
aoD2AG 250e2 2 166 - 0.03 0.22 33860
aoD2SG 250e2 2 166 - 0.03 0.24 33964
dry 1e3 5 142 - 0.03 0.11 26056
aoDLAV 1e3 5 142 - 0.03 0.14 30424
aoULAV 1e3 5 142 - 0.02 0.14 30436
aoD2AG 1e3 5 142 - 0.03 0.14 30736
aoD2SG 1e3 5 142 - 0.02 0.16 30768
moore 1e3 5 142 - 0.04 4.46 59800
nbpm 1e3 5 142 - 0.12 4.56 129244
greedy 1e3 5 142 - 0.08 1.06 139388
dry 1e3 5 25 - 0.02 0.12 26056
aoDLAV 1e3 5 25 - 0.02 0.15 30424
aoULAV 1e3 5 25 - 0.03 0.14 30440
aoD2AG 1e3 5 25 - 0.02 0.15 30748
aoD2SG 1e3 5 25 - 0.02 0.15 30780
moore 1e3 5 25 - 0.06 5.97 59800
nbpm 1e3 5 25 - 0.11 5.10 129244
greedy 1e3 5 25 - 0.07 1.01 139392
dry 375e2 2 71 - 0.03 0.12 27516
aoDLAV 375e2 2 71 - 0.02 0.23 31784
aoULAV 375e2 2 71 - 0.03 0.23 32644
aoD2AG 375e2 2 71 - 0.03 0.27 35512
aoD2SG 375e2 2 71 - 0.04 0.27 35532
dry 18e4 2 64 - 0.03 0.14 33108
aoDLAV 18e4 2 64 - 0.05 0.71 47860
aoULAV 18e4 2 64 - 0.05 0.74 47860
aoD2AG 18e4 2 64 - 0.05 0.95 58640
aoD2SG 18e4 2 64 - 0.06 1.15 60052
dry 1e3 5 180 - 0.02 0.11 26060
aoDLAV 1e3 5 180 - 0.03 0.15 30424
aoULAV 1e3 5 180 - 0.02 0.15 30436
aoD2AG 1e3 5 180 - 0.03 0.14 30744
aoD2SG 1e3 5 180 - 0.03 0.14 30768
moore 1e3 5 180 - 0.05 6.10 59800
nbpm 1e3 5 180 - 0.11 4.53 129248
greedy 1e3 5 180 - 0.07 1.00 139392
dry 1e5 10 27 - 0.04 0.17 38396
aoDLAV 1e5 10 27 - 0.05 23.32 53540
aoULAV 1e5 10 27 - 0.05 23.46 55312
aoD2AG 1e5 10 27 - 0.06 23.16 62804
aoD2SG 1e5 10 27 - 0.06 25.87 66832
dry 1e2 10 151 - 0.02 0.12 26004
aoDLAV 1e2 10 151 - 0.03 0.14 30260
aoULAV 1e2 10 151 - 0.03 0.14 30272
aoD2AG 1e2 10 151 - 0.03 0.14 30440
aoD2SG 1e2 10 151 - 0.03 0.14 30448
moore 1e2 10 151 - 0.03 0.22 30500
nbpm 1e2 10 151 - 0.08 2.13 53076
greedy 1e2 10 151 - 0.03 0.14 30976
dry 1e2 5 207 - 0.02 0.12 26000
aoDLAV 1e2 5 207 - 0.03 0.14 30212
aoULAV 1e2 5 207 - 0.02 0.15 30224
aoD2AG 1e2 5 207 - 0.03 0.14 30384
aoD2SG 1e2 5 207 - 0.03 0.14 30388
moore 1e2 5 207 - 0.02 0.20 30496
nbpm 1e2 5 207 - 0.07 2.18 53016
greedy 1e2 5 207 - 0.02 0.15 30920
dry 1e1 2 56 - 0.02 0.12 25992
aoDLAV 1e1 2 56 - 0.02 0.14 30216
aoULAV 1e1 2 56 - 0.03 0.14 30172
aoD2AG 1e1 2 56 - 0.03 0.14 30320
aoD2SG 1e1 2 56 - 0.03 0.14 30320
moore 1e1 2 56 - 0.03 0.18 30484
nbpm 1e1 2 56 - 0.08 2.12 49824
greedy 1e1 2 56 - 0.03 0.14 30156
dry 225e2 2 196 - 0.03 0.12 26920
aoDLAV 225e2 2 196 - 0.03 0.19 30984
aoULAV 225e2 2 196 - 0.03 0.20 30992
aoD2AG 225e2 2 196 - 0.03 0.21 33368
aoD2SG 225e2 2 196 - 0.03 0.22 33464
dry 1e2 5 66 - 0.02 0.12 25996
aoDLAV 1e2 5 66 - 0.02 0.15 30260
aoULAV 1e2 5 66 - 0.03 0.14 30224
aoD2AG 1e2 5 66 - 0.02 0.15 30384
aoD2SG 1e2 5 66 - 0.02 0.15 30388
moore 1e2 5 66 - 0.03 0.21 30492
nbpm 1e2 5 66 - 0.06 2.19 53016
greedy 1e2 5 66 - 0.03 0.15 30920
dry 1e6 10 59 - 0.07 0.39 112232
aoDLAV 1e6 10 59 - 0.20 357.96 369888
aoULAV 1e6 10 59 - 0.30 355.56 370016
aoD2AG 1e6 10 59 - 0.39 324.76 448212
aoD2SG 1e6 10 59 - 0.37 372.73 461452
