dry 150e2 2 81 - 0.02 0.11 28668
aoDLAV 150e2 2 81 - 0.02 0.17 30824
aoULAV 150e2 2 81 - 0.02 0.17 30824
aoD2AG 150e2 2 81 - 0.02 0.19 31608
aoD2SG 150e2 2 81 - 0.03 0.18 31608
moore 150e2 2 81 - 2.04 2501.74 6629352
nbpm 150e2 2 81 - 14.58 1167.24 16814176
greedy 150e2 2 81 - 13.60 673.57 24630024
dry 150e2 2 248 - 0.03 0.11 26628
aoDLAV 150e2 2 248 - 0.02 0.17 30824
aoULAV 150e2 2 248 - 0.03 0.17 30828
aoD2AG 150e2 2 248 - 0.03 0.19 31608
aoD2SG 150e2 2 248 - 0.02 0.20 31608
moore 150e2 2 248 - 2.07 3333.10 6629348
nbpm 150e2 2 248 - 14.56 1165.40 16814168
greedy 150e2 2 248 - 12.85 640.00 24630024
dry 1e8 2 78 - 1.02 2.99 1983296
aoDLAV 1e8 2 78 - 7.97 579.26 14862068
aoULAV 1e8 2 78 - 10.10 611.00 14862068
aoD2AG 1e8 2 78 - 18.27 876.42 21854896
aoD2SG 1e8 2 78 - 19.94 1075.83 22648520
dry 2e4 2 69 - 0.02 0.12 26828
aoDLAV 2e4 2 69 - 0.03 0.19 30808
aoULAV 2e4 2 69 - 0.03 0.19 30808
aoD2AG 2e4 2 69 - 0.01 0.22 32284
aoD2SG 2e4 2 69 - 0.03 0.22 32288
moore 2e4 2 69 - 3.45 6341.71 11765552
nbpm 2e4 2 69 - 28.91 2724.71 31402196
greedy 2e4 2 69 - 23.55 1199.40 43771040
dry 175e2 2 174 - 0.03 0.12 30484
aoDLAV 175e2 2 174 - 0.03 0.18 30716
aoULAV 175e2 2 174 - 0.03 0.19 30716
aoD2AG 175e2 2 174 - 0.03 0.21 31756
aoD2SG 175e2 2 174 - 0.04 0.20 31760
moore 175e2 2 174 - 2.69 4720.94 9014020
nbpm 175e2 2 174 - 21.09 1819.16 22863136
greedy 175e2 2 174 - 18.38 1006.89 33516976
dry 9e7 2 147 - 0.92 2.73 1787984
aoDLAV 9e7 2 147 - 7.08 528.26 13377684
aoULAV 9e7 2 147 - 9.19 702.33 13377688
aoD2AG 9e7 2 147 - 17.39 811.84 19670564
aoD2SG 9e7 2 147 - 17.89 951.02 20389232
dry 8e7 2 153 - 0.86 2.46 1592676
aoDLAV 8e7 2 153 - 6.35 489.37 11893324
aoULAV 8e7 2 153 - 8.17 561.72 11893324
aoD2AG 8e7 2 153 - 14.98 707.35 17488520
aoD2SG 8e7 2 153 - 16.18 843.81 18128712
dry 2e4 2 47 - 0.03 0.12 26828
aoDLAV 2e4 2 47 - 0.03 0.19 30812
aoULAV 2e4 2 47 - 0.03 0.19 30808
aoD2AG 2e4 2 47 - 0.04 0.20 32288
aoD2SG 2e4 2 47 - 0.03 0.21 32292
moore 2e4 2 47 - 3.48 7012.37 11765552
nbpm 2e4 2 47 - 29.25 2730.50 31402196
greedy 2e4 2 47 - 24.59 1177.53 43771040
dry 125e2 2 201 - 0.02 0.12 26536
aoDLAV 125e2 2 201 - 0.02 0.17 30708
aoULAV 125e2 2 201 - 0.03 0.17 30708
aoD2AG 125e2 2 201 - 0.03 0.18 31376
aoD2SG 125e2 2 201 - 0.03 0.19 31376
moore 125e2 2 201 - 1.61 1628.43 4611548
nbpm 125e2 2 201 - 11.48 670.07 12302328
greedy 125e2 2 201 - 10.37 467.92 17109964
dry 9e7 2 8 - 0.98 2.75 1787984
aoDLAV 9e7 2 8 - 7.33 536.39 13377684
aoULAV 9e7 2 8 - 9.22 569.39 13377688
aoD2AG 9e7 2 8 - 17.15 815.35 19668612
aoD2SG 9e7 2 8 - 17.63 943.30 20387864
dry 2e4 5 205 - 0.02 0.12 29532
aoDLAV 2e4 5 205 - 0.02 0.29 32760
aoULAV 2e4 5 205 - 0.03 0.29 32768
aoD2AG 2e4 5 205 - 0.04 0.31 33344
aoD2SG 2e4 5 205 - 0.04 0.33 32864
moore 2e4 5 205 - 3.48 7642.26 11768084
nbpm 2e4 5 205 - 28.47 4877.81 34200520
greedy 2e4 5 205 - 23.44 1390.52 43774004
dry 150e2 2 32 - 0.03 0.12 28396
aoDLAV 150e2 2 32 - 0.03 0.18 30824
aoULAV 150e2 2 32 - 0.03 0.18 30824
aoD2AG 150e2 2 32 - 0.03 0.20 31608
aoD2SG 150e2 2 32 - 0.03 0.21 31608
moore 150e2 2 32 - 2.37 3497.72 6629352
nbpm 150e2 2 32 - 14.63 1125.72 16814176
greedy 150e2 2 32 - 13.74 649.53 24630028
dry 2e4 5 4 - 0.03 0.11 27776
aoDLAV 2e4 5 4 - 0.04 0.28 32756
aoULAV 2e4 5 4 - 0.02 0.30 32768
aoD2AG 2e4 5 4 - 0.03 0.32 33340
aoD2SG 2e4 5 4 - 0.03 0.33 32860
moore 2e4 5 4 - 3.45 7512.89 11768084
nbpm 2e4 5 4 - 28.98 4924.67 34200492
greedy 2e4 5 4 - 23.35 1565.10 43774004
dry 1e8 2 101 - 1.07 3.02 1983300
aoDLAV 1e8 2 101 - 8.65 725.44 14862068
aoULAV 1e8 2 101 - 10.41 664.09 14862072
aoD2AG 1e8 2 101 - 19.38 906.58 21854844
aoD2SG 1e8 2 101 - 20.35 1051.45 22652752
dry 125e2 2 140 - 0.02 0.12 28420
aoDLAV 125e2 2 140 - 0.02 0.18 30708
aoULAV 125e2 2 140 - 0.02 0.18 30708
aoD2AG 125e2 2 140 - 0.03 0.19 31380
aoD2SG 125e2 2 140 - 0.03 0.19 31376
moore 125e2 2 140 - 1.62 2238.50 4611548
nbpm 125e2 2 140 - 11.52 681.51 12302328
greedy 125e2 2 140 - 9.88 453.12 17109964
dry 18e3 2 202 - 0.03 0.12 26748
aoDLAV 18e3 2 202 - 0.03 0.18 30740
aoULAV 18e3 2 202 - 0.02 0.19 30740
aoD2AG 18e3 2 202 - 0.02 0.20 31804
aoD2SG 18e3 2 202 - 0.03 0.20 31816
moore 18e3 2 202 - 2.92 4992.65 9534976
nbpm 18e3 2 202 - 23.66 1910.85 25451056
greedy 18e3 2 202 - 20.21 1053.73 35458368
dry 18e3 2 52 - 0.02 0.12 26748
aoDLAV 18e3 2 52 - 0.03 0.19 30744
aoULAV 18e3 2 52 - 0.03 0.19 30744
aoD2AG 18e3 2 52 - 0.04 0.19 31804
aoD2SG 18e3 2 52 - 0.03 0.21 31812
moore 18e3 2 52 - 2.88 5406.83 9534980
nbpm 18e3 2 52 - 24.46 1913.40 25451056
greedy 18e3 2 52 - 21.99 1214.44 35458368
dry 2e4 5 87 - 0.02 0.12 27776
aoDLAV 2e4 5 87 - 0.03 0.28 32756
aoULAV 2e4 5 87 - 0.03 0.29 32768
aoD2AG 2e4 5 87 - 0.04 0.31 33340
aoD2SG 2e4 5 87 - 0.04 0.33 32860
moore 2e4 5 87 - 3.94 8989.08 11768084
nbpm 2e4 5 87 - 28.95 6343.98 34200496
greedy 2e4 5 87 - 25.24 1316.62 43774004
dry 175e2 2 219 - 0.02 0.12 28708
aoDLAV 175e2 2 219 - 0.03 0.17 30716
aoULAV 175e2 2 219 - 0.03 0.18 30720
aoD2AG 175e2 2 219 - 0.03 0.19 31752
aoD2SG 175e2 2 219 - 0.03 0.20 31756
moore 175e2 2 219 - 2.80 4951.69 9014020
nbpm 175e2 2 219 - 21.24 3200.52 22863136
greedy 175e2 2 219 - 18.62 1010.62 33516980
dry 2e4 2 19 - 0.02 0.12 26832
aoDLAV 2e4 2 19 - 0.04 0.19 30808
aoULAV 2e4 2 19 - 0.04 0.19 30812
aoD2AG 2e4 2 19 - 0.04 0.20 32288
aoD2SG 2e4 2 19 - 0.04 0.21 32296
moore 2e4 2 19 - 3.52 7789.39 11765556
nbpm 2e4 2 19 - 29.66 2622.27 31402196
greedy 2e4 2 19 - 26.21 1312.19 43771040
dry 1e8 2 199 - 1.15 3.08 1983300
aoDLAV 1e8 2 199 - 8.51 603.60 14862068
aoULAV 1e8 2 199 - 10.93 648.42 14862068
aoD2AG 1e8 2 199 - 19.36 926.39 21853772
aoD2SG 1e8 2 199 - 20.06 1067.80 22655812
dry 175e2 2 69 - 0.03 0.11 26732
aoDLAV 175e2 2 69 - 0.03 0.19 30716
aoULAV 175e2 2 69 - 0.02 0.19 30716
aoD2AG 175e2 2 69 - 0.03 0.20 31756
aoD2SG 175e2 2 69 - 0.03 0.21 31760
moore 175e2 2 69 - 2.86 6095.27 9014032
nbpm 175e2 2 69 - 21.08 1767.68 22863144
greedy 175e2 2 69 - 18.67 969.10 33516980
dry 8e7 2 5 - 0.85 2.44 1592680
aoDLAV 8e7 2 5 - 6.19 458.19 11893324
aoULAV 8e7 2 5 - 8.70 497.42 11893324
aoD2AG 8e7 2 5 - 15.50 706.17 17486520
aoD2SG 8e7 2 5 - 16.51 830.75 18123376
dry 2e4 10 61 - 0.03 0.12 31224
aoDLAV 2e4 10 61 - 0.03 1.77 34836
aoULAV 2e4 10 61 - 0.04 1.75 34852
aoD2AG 2e4 10 61 - 0.04 1.79 36076
aoD2SG 2e4 10 61 - 0.04 1.97 36076
moore 2e4 10 61 - 3.42 7682.72 11770832
nbpm 2e4 10 61 - 28.89 5831.73 30880040
greedy 2e4 10 61 - 23.43 1335.03 43775820
dry 2e4 2 156 - 0.03 0.11 26828
aoDLAV 2e4 2 156 - 0.03 0.19 30812
aoULAV 2e4 2 156 - 0.04 0.18 30808
aoD2AG 2e4 2 156 - 0.03 0.21 32284
aoD2SG 2e4 2 156 - 0.03 0.21 32288
moore 2e4 2 156 - 3.54 6843.35 11765548
nbpm 2e4 2 156 - 28.96 2856.71 31402188
greedy 2e4 2 156 - 25.26 1294.74 43771040
dry 125e2 2 117 - 0.02 0.12 26532
aoDLAV 125e2 2 117 - 0.02 0.18 30712
aoULAV 125e2 2 117 - 0.03 0.17 30712
aoD2AG 125e2 2 117 - 0.03 0.18 31380
aoD2SG 125e2 2 117 - 0.03 0.20 31376
moore 125e2 2 117 - 1.63 2104.70 4611552
nbpm 125e2 2 117 - 11.56 716.03 12302328
greedy 125e2 2 117 - 8.99 440.64 17109964
dry 18e3 2 205 - 0.02 0.12 30492
aoDLAV 18e3 2 205 - 0.03 0.18 30740
aoULAV 18e3 2 205 - 0.03 0.18 30740
aoD2AG 18e3 2 205 - 0.03 0.19 31808
aoD2SG 18e3 2 205 - 0.04 0.19 31808
moore 18e3 2 205 - 3.00 5985.29 9534980
nbpm 18e3 2 205 - 23.65 3439.80 25451056
greedy 18e3 2 205 - 20.72 1066.50 35458364
dry 18e3 2 211 - 0.02 0.12 26748
aoDLAV 18e3 2 211 - 0.02 0.19 30740
aoULAV 18e3 2 211 - 0.03 0.18 30744
aoD2AG 18e3 2 211 - 0.03 0.19 31804
aoD2SG 18e3 2 211 - 0.03 0.20 31808
moore 18e3 2 211 - 2.80 5884.58 9534988
nbpm 18e3 2 211 - 23.33 1932.37 25451064
greedy 18e3 2 211 - 20.83 1011.30 35458364
dry 2e4 2 248 - 0.03 0.11 26828
aoDLAV 2e4 2 248 - 0.03 0.19 30808
aoULAV 2e4 2 248 - 0.03 0.19 30808
aoD2AG 2e4 2 248 - 0.03 0.21 32284
aoD2SG 2e4 2 248 - 0.02 0.22 32292
moore 2e4 2 248 - 3.40 7358.71 11765556
nbpm 2e4 2 248 - 28.93 2676.99 31402196
greedy 2e4 2 248 - 24.13 1167.45 43771044
dry 9e7 2 66 - 0.92 2.75 1787984
aoDLAV 9e7 2 66 - 7.11 511.16 13377684
aoULAV 9e7 2 66 - 9.05 547.10 13377684
aoD2AG 9e7 2 66 - 16.32 751.55 19670616
aoD2SG 9e7 2 66 - 17.73 894.25 20387708
dry 125e2 2 191 - 0.02 0.12 26536
aoDLAV 125e2 2 191 - 0.02 0.18 30712
aoULAV 125e2 2 191 - 0.03 0.17 30712
aoD2AG 125e2 2 191 - 0.04 0.18 31380
aoD2SG 125e2 2 191 - 0.03 0.18 31376
moore 125e2 2 191 - 1.67 2168.08 4611548
nbpm 125e2 2 191 - 11.38 686.30 12302328
greedy 125e2 2 191 - 9.51 458.67 17109968
dry 8e7 2 238 - 0.87 2.45 1592676
aoDLAV 8e7 2 238 - 6.57 511.97 11893324
aoULAV 8e7 2 238 - 8.39 499.53 11893324
aoD2AG 8e7 2 238 - 14.78 710.04 17489220
aoD2SG 8e7 2 238 - 16.44 854.03 18127292
dry 1e8 5 62 - 2.37 6.24 4327056
aoDLAV 1e8 5 62 - 11.75 2693.91 23065204
aoULAV 1e8 5 62 - 15.62 2647.96 23065204
aoD2AG 1e8 5 62 - 25.00 2953.27 30458680
aoD2SG 1e8 5 62 - 27.58 3670.93 31313588
dry 2e4 5 167 - 0.02 0.12 27776
aoDLAV 2e4 5 167 - 0.04 0.29 32756
aoULAV 2e4 5 167 - 0.03 0.30 32768
aoD2AG 2e4 5 167 - 0.04 0.30 33344
aoD2SG 2e4 5 167 - 0.03 0.35 32860
moore 2e4 5 167 - 3.39 7157.92 11768084
nbpm 2e4 5 167 - 29.22 5109.02 34200496
greedy 2e4 5 167 - 24.78 1317.46 43774004
dry 2e4 2 247 - 0.02 0.12 26828
aoDLAV 2e4 2 247 - 0.03 0.18 30808
aoULAV 2e4 2 247 - 0.02 0.19 30808
aoD2AG 2e4 2 247 - 0.02 0.21 32284
aoD2SG 2e4 2 247 - 0.03 0.20 32292
