dry 8e7 2 183 - 0.78 2.37 1592676
aoDLAV 8e7 2 183 - 5.92 464.37 11893324
aoULAV 8e7 2 183 - 8.20 621.50 11893324
aoD2AG 8e7 2 183 - 15.28 709.01 17489368
aoD2SG 8e7 2 183 - 15.56 847.87 18128560
dry 125e2 2 89 - 0.03 0.11 26536
aoDLAV 125e2 2 89 - 0.03 0.17 30708
aoULAV 125e2 2 89 - 0.02 0.18 30744
aoD2AG 125e2 2 89 - 0.03 0.18 31376
aoD2SG 125e2 2 89 - 0.02 0.19 31376
moore 125e2 2 89 - 1.59 1843.27 4611548
nbpm 125e2 2 89 - 11.72 684.81 12302332
greedy 125e2 2 89 - 9.70 455.38 17109964
dry 1e8 5 152 - 2.19 6.22 4327052
aoDLAV 1e8 5 152 - 10.86 2656.43 23065208
aoULAV 1e8 5 152 - 16.67 2649.17 23065256
aoD2AG 1e8 5 152 - 26.04 2967.07 30454736
aoD2SG 1e8 5 152 - 27.74 3754.10 31308356
dry 2e4 5 228 - 0.02 0.12 31012
aoDLAV 2e4 5 228 - 0.03 0.30 32756
aoULAV 2e4 5 228 - 0.03 0.29 32772
aoD2AG 2e4 5 228 - 0.03 0.32 33340
aoD2SG 2e4 5 228 - 0.03 0.35 32860
moore 2e4 5 228 - 3.37 7207.03 11768084
nbpm 2e4 5 228 - 28.94 5103.06 34200492
greedy 2e4 5 228 - 23.80 1296.50 43774004
dry 125e2 2 25 - 0.02 0.12 26532
aoDLAV 125e2 2 25 - 0.04 0.16 30708
aoULAV 125e2 2 25 - 0.03 0.17 30712
aoD2AG 125e2 2 25 - 0.02 0.19 31376
aoD2SG 125e2 2 25 - 0.03 0.19 31376
moore 125e2 2 25 - 1.60 1715.51 4611548
nbpm 125e2 2 25 - 11.49 669.03 12302328
greedy 125e2 2 25 - 9.47 455.23 17109964
dry 175e2 2 64 - 0.01 0.13 28752
aoDLAV 175e2 2 64 - 0.03 0.19 30716
aoULAV 175e2 2 64 - 0.03 0.19 30716
aoD2AG 175e2 2 64 - 0.03 0.20 31756
aoD2SG 175e2 2 64 - 0.03 0.20 31756
moore 175e2 2 64 - 2.89 4994.63 9014020
nbpm 175e2 2 64 - 21.95 1872.72 22863136
greedy 175e2 2 64 - 18.45 922.65 33516976
dry 125e2 2 196 - 0.03 0.11 26532
aoDLAV 125e2 2 196 - 0.03 0.17 30708
aoULAV 125e2 2 196 - 0.03 0.17 30708
aoD2AG 125e2 2 196 - 0.03 0.18 31376
aoD2SG 125e2 2 196 - 0.03 0.19 31376
moore 125e2 2 196 - 1.57 1443.99 4611548
nbpm 125e2 2 196 - 11.54 680.84 12302328
greedy 125e2 2 196 - 9.50 457.36 17109968
dry 8e7 2 107 - 0.91 2.52 1592676
aoDLAV 8e7 2 107 - 6.77 473.11 11893324
aoULAV 8e7 2 107 - 8.92 506.38 11893324
aoD2AG 8e7 2 107 - 15.30 925.07 17488396
aoD2SG 8e7 2 107 - 15.89 893.55 18127256
dry 18e3 2 149 - 0.03 0.12 26748
aoDLAV 18e3 2 149 - 0.03 0.19 30740
aoULAV 18e3 2 149 - 0.04 0.19 30740
aoD2AG 18e3 2 149 - 0.03 0.21 31808
aoD2SG 18e3 2 149 - 0.03 0.21 31812
moore 18e3 2 149 - 3.40 6198.43 9534976
nbpm 18e3 2 149 - 24.15 1943.02 25451052
greedy 18e3 2 149 - 21.86 1111.55 35458364
dry 1e8 2 37 - 1.15 3.06 1983300
aoDLAV 1e8 2 37 - 8.55 635.02 14862068
aoULAV 1e8 2 37 - 10.88 649.87 14862068
aoD2AG 1e8 2 37 - 18.85 888.80 21856684
aoD2SG 1e8 2 37 - 20.43 1083.62 22652496
dry 8e7 2 232 - 0.90 2.46 1592680
aoDLAV 8e7 2 232 - 6.59 473.96 11893324
aoULAV 8e7 2 232 - 8.29 487.83 11893324
aoD2AG 8e7 2 232 - 15.56 697.02 17485284
aoD2SG 8e7 2 232 - 16.33 841.80 18123996
dry 2e4 2 64 - 0.03 0.11 30532
aoDLAV 2e4 2 64 - 0.04 0.18 30808
aoULAV 2e4 2 64 - 0.03 0.19 30808
aoD2AG 2e4 2 64 - 0.04 0.20 32288
aoD2SG 2e4 2 64 - 0.04 0.21 32292
moore 2e4 2 64 - 3.46 7371.43 11765548
nbpm 2e4 2 64 - 28.98 2641.29 31402188
greedy 2e4 2 64 - 23.50 1211.62 43771044
dry 150e2 2 75 - 0.03 0.12 28420
aoDLAV 150e2 2 75 - 0.03 0.19 30824
aoULAV 150e2 2 75 - 0.03 0.19 30824
aoD2AG 150e2 2 75 - 0.04 0.20 31608
aoD2SG 150e2 2 75 - 0.04 0.21 31608
moore 150e2 2 75 - 2.08 3350.72 6629344
nbpm 150e2 2 75 - 14.83 1175.21 16814168
greedy 150e2 2 75 - 13.37 648.62 24630024
dry 8e7 2 130 - 0.90 2.44 1592676
aoDLAV 8e7 2 130 - 6.63 460.13 11893324
aoULAV 8e7 2 130 - 8.46 496.79 11893328
aoD2AG 8e7 2 130 - 14.76 701.85 17488068
aoD2SG 8e7 2 130 - 15.83 847.93 18125460
dry 2e4 5 39 - 0.02 0.13 29132
aoDLAV 2e4 5 39 - 0.03 0.30 32760
aoULAV 2e4 5 39 - 0.04 0.29 32768
aoD2AG 2e4 5 39 - 0.04 0.32 33344
aoD2SG 2e4 5 39 - 0.04 0.35 32860
moore 2e4 5 39 - 3.60 7135.19 11768080
nbpm 2e4 5 39 - 28.63 4711.58 34200496
greedy 2e4 5 39 - 24.25 1251.59 43774004
dry 8e7 2 127 - 0.90 2.49 1592720
aoDLAV 8e7 2 127 - 7.08 461.06 11893324
aoULAV 8e7 2 127 - 8.12 504.45 11893324
aoD2AG 8e7 2 127 - 15.01 719.95 17486088
aoD2SG 8e7 2 127 - 15.63 839.05 18127360
dry 8e7 2 131 - 0.86 2.44 1592680
aoDLAV 8e7 2 131 - 6.13 461.77 11893328
aoULAV 8e7 2 131 - 8.03 492.13 11893324
aoD2AG 8e7 2 131 - 15.46 704.53 17489448
aoD2SG 8e7 2 131 - 15.65 839.45 18126992
dry 2e4 5 43 - 0.03 0.12 27780
aoDLAV 2e4 5 43 - 0.04 0.29 32756
aoULAV 2e4 5 43 - 0.03 0.29 32768
aoD2AG 2e4 5 43 - 0.04 0.33 33340
aoD2SG 2e4 5 43 - 0.04 0.34 32860
moore 2e4 5 43 - 3.55 6741.85 11768080
nbpm 2e4 5 43 - 29.47 4880.87 34200496
greedy 2e4 5 43 - 25.28 1297.45 43774004
dry 2e4 5 89 - 0.03 0.12 27776
aoDLAV 2e4 5 89 - 0.04 0.28 32756
aoULAV 2e4 5 89 - 0.04 0.28 32768
aoD2AG 2e4 5 89 - 0.04 0.32 33340
aoD2SG 2e4 5 89 - 0.04 0.34 32860
moore 2e4 5 89 - 3.48 6781.28 11768084
nbpm 2e4 5 89 - 29.19 4610.26 34200496
greedy 2e4 5 89 - 26.46 1296.56 43774000
dry 2e4 10 88 - 0.03 0.12 30864
aoDLAV 2e4 10 88 - 0.03 1.61 34836
aoULAV 2e4 10 88 - 0.03 1.60 34848
aoD2AG 2e4 10 88 - 0.04 1.64 36080
aoD2SG 2e4 10 88 - 0.05 1.82 36076
moore 2e4 10 88 - 3.39 7160.66 11770836
nbpm 2e4 10 88 - 29.39 5553.31 30880036
greedy 2e4 10 88 - 25.06 1367.00 43775820
dry 125e2 2 112 - 0.02 0.11 26532
aoDLAV 125e2 2 112 - 0.03 0.17 30732
aoULAV 125e2 2 112 - 0.04 0.17 30708
aoD2AG 125e2 2 112 - 0.03 0.18 31376
aoD2SG 125e2 2 112 - 0.04 0.18 31376
moore 125e2 2 112 - 1.61 2241.67 4611548
nbpm 125e2 2 112 - 11.45 674.12 12302324
greedy 125e2 2 112 - 9.67 445.77 17109964
dry 2e4 5 26 - 0.03 0.12 27776
aoDLAV 2e4 5 26 - 0.03 0.29 32756
aoULAV 2e4 5 26 - 0.04 0.29 32768
aoD2AG 2e4 5 26 - 0.04 0.31 33348
aoD2SG 2e4 5 26 - 0.04 0.34 32860
moore 2e4 5 26 - 3.46 6603.36 11768084
nbpm 2e4 5 26 - 29.51 5203.65 34200500
greedy 2e4 5 26 - 23.50 1337.94 43774020
dry 175e2 2 211 - 0.03 0.11 26732
aoDLAV 175e2 2 211 - 0.04 0.20 30716
aoULAV 175e2 2 211 - 0.02 0.20 30716
aoD2AG 175e2 2 211 - 0.03 0.20 31752
aoD2SG 175e2 2 211 - 0.04 0.20 31760
moore 175e2 2 211 - 2.78 5255.73 9014032
nbpm 175e2 2 211 - 21.09 1846.08 22863144
greedy 175e2 2 211 - 19.56 1021.23 33516976
dry 2e4 10 68 - 0.04 0.12 30512
aoDLAV 2e4 10 68 - 0.03 1.91 34836
aoULAV 2e4 10 68 - 0.04 1.92 34848
aoD2AG 2e4 10 68 - 0.05 1.92 36092
aoD2SG 2e4 10 68 - 0.04 2.20 36080
moore 2e4 10 68 - 3.38 6670.01 11770836
nbpm 2e4 10 68 - 29.01 5704.36 30880080
greedy 2e4 10 68 - 23.71 1326.16 43775820
dry 1e8 2 43 - 1.04 3.07 1983296
aoDLAV 1e8 2 43 - 8.34 593.64 14862068
aoULAV 1e8 2 43 - 10.60 632.31 14862068
aoD2AG 1e8 2 43 - 19.52 886.69 21854412
aoD2SG 1e8 2 43 - 20.06 1059.68 22651424
dry 2e4 2 181 - 0.02 0.12 26832
aoDLAV 2e4 2 181 - 0.03 0.19 30808
aoULAV 2e4 2 181 - 0.03 0.19 30812
aoD2AG 2e4 2 181 - 0.03 0.21 32288
aoD2SG 2e4 2 181 - 0.03 0.21 32292
moore 2e4 2 181 - 3.52 8183.84 11765544
nbpm 2e4 2 181 - 29.12 3578.90 31402188
greedy 2e4 2 181 - 23.49 1260.18 43771040
dry 1e8 5 29 - 2.19 6.17 4327052
aoDLAV 1e8 5 29 - 11.14 2670.54 23065264
aoULAV 1e8 5 29 - 16.53 2695.64 23065204
aoD2AG 1e8 5 29 - 27.03 3003.22 30462188
aoD2SG 1e8 5 29 - 27.42 3535.89 31315452
dry 175e2 2 100 - 0.02 0.12 26732
aoDLAV 175e2 2 100 - 0.03 0.19 30720
aoULAV 175e2 2 100 - 0.02 0.19 30720
aoD2AG 175e2 2 100 - 0.03 0.21 31756
aoD2SG 175e2 2 100 - 0.04 0.19 31756
moore 175e2 2 100 - 2.74 4263.68 9014032
nbpm 175e2 2 100 - 21.94 1829.02 22863144
greedy 175e2 2 100 - 18.26 1007.08 33516976
dry 9e7 2 90 - 1.00 2.74 1787984
aoDLAV 9e7 2 90 - 6.96 533.01 13377688
aoULAV 9e7 2 90 - 9.33 564.39 13377684
aoD2AG 9e7 2 90 - 16.82 805.38 19671332
aoD2SG 9e7 2 90 - 18.01 943.90 20387708
dry 1e8 2 93 - 1.09 3.05 1983296
aoDLAV 1e8 2 93 - 8.15 594.91 14862068
aoULAV 1e8 2 93 - 10.53 634.97 14862068
aoD2AG 1e8 2 93 - 18.43 898.02 21853264
aoD2SG 1e8 2 93 - 19.55 1092.63 22651644
dry 2e4 5 221 - 0.03 0.12 29580
aoDLAV 2e4 5 221 - 0.03 0.32 32760
aoULAV 2e4 5 221 - 0.04 0.31 32772
aoD2AG 2e4 5 221 - 0.02 0.36 33344
aoD2SG 2e4 5 221 - 0.03 0.36 32864
moore 2e4 5 221 - 3.46 7515.98 11768080
nbpm 2e4 5 221 - 29.65 4926.45 34200500
greedy 2e4 5 221 - 24.85 1314.19 43774004
dry 150e2 2 125 - 0.03 0.11 26628
aoDLAV 150e2 2 125 - 0.03 0.18 30828
aoULAV 150e2 2 125 - 0.03 0.18 30824
aoD2AG 150e2 2 125 - 0.04 0.19 31612
aoD2SG 150e2 2 125 - 0.03 0.20 31608
moore 150e2 2 125 - 2.08 3100.65 6629352
nbpm 150e2 2 125 - 14.37 1171.61 16814180
greedy 150e2 2 125 - 13.20 676.83 24630028
dry 1e8 2 163 - 1.10 3.07 1983296
aoDLAV 1e8 2 163 - 8.07 589.14 14862072
aoULAV 1e8 2 163 - 10.24 623.79 14862068
aoD2AG 1e8 2 163 - 19.80 875.06 21854760
aoD2SG 1e8 2 163 - 19.79 1033.30 22651520
dry 125e2 2 73 - 0.03 0.12 26536
aoDLAV 125e2 2 73 - 0.04 0.18 30712
aoULAV 125e2 2 73 - 0.04 0.18 30708
aoD2AG 125e2 2 73 - 0.03 0.19 31376
aoD2SG 125e2 2 73 - 0.04 0.19 31376
moore 125e2 2 73 - 1.54 1690.59 4611540
nbpm 125e2 2 73 - 11.37 716.48 12302320
greedy 125e2 2 73 - 10.05 474.67 17109964
dry 18e3 2 38 - 0.03 0.12 26748
aoDLAV 18e3 2 38 - 0.03 0.19 30740
aoULAV 18e3 2 38 - 0.04 0.18 30744
aoD2AG 18e3 2 38 - 0.03 0.20 31804
aoD2SG 18e3 2 38 - 0.03 0.21 31816
moore 18e3 2 38 - 2.92 4639.26 9534976
nbpm 18e3 2 38 - 23.55 1940.15 25451056
greedy 18e3 2 38 - 22.01 1096.20 35458368
dry 2e4 5 94 - 0.02 0.12 29508
aoDLAV 2e4 5 94 - 0.04 0.29 32756
aoULAV 2e4 5 94 - 0.04 0.30 32772
aoD2AG 2e4 5 94 - 0.04 0.33 33348
aoD2SG 2e4 5 94 - 0.04 0.36 32860
