dry 1e4 5 57 - 0.03 0.16 26900
aoDLAV 1e4 5 57 - 0.05 0.25 31084
aoULAV 1e4 5 57 - 0.05 0.24 31096
aoD2AG 1e4 5 57 - 0.04 0.27 32108
aoD2SG 1e4 5 57 - 0.05 0.28 32108
moore 1e4 5 57 - 1.16 1098.36 2961736
nbpm 1e4 5 57 - 7.65 642.87 7811460
greedy 1e4 5 57 - 6.43 304.84 10959172
dry 7e7 2 209 - 0.79 2.22 1397360
aoDLAV 7e7 2 209 - 5.85 426.81 10408940
aoULAV 7e7 2 209 - 7.61 521.68 10408936
aoD2AG 7e7 2 209 - 13.69 640.32 15304536
aoD2SG 7e7 2 209 - 14.52 776.03 15860856
dry 25e2 2 226 - 0.02 0.12 26080
aoDLAV 25e2 2 226 - 0.03 0.14 30452
aoULAV 25e2 2 226 - 0.03 0.15 30468
aoD2AG 25e2 2 226 - 0.03 0.15 30988
aoD2SG 25e2 2 226 - 0.03 0.14 31024
moore 25e2 2 226 - 0.11 36.45 213600
nbpm 25e2 2 226 - 0.55 12.21 541636
greedy 25e2 2 226 - 0.47 10.72 713668
dry 32e2 2 75 - 0.03 0.11 26112
aoDLAV 32e2 2 75 - 0.03 0.16 30540
aoULAV 32e2 2 75 - 0.04 0.15 30556
aoD2AG 32e2 2 75 - 0.03 0.16 31196
aoD2SG 32e2 2 75 - 0.04 0.16 31232
moore 32e2 2 75 - 0.37 95.39 330524
nbpm 32e2 2 75 - 0.87 26.05 854760
greedy 32e2 2 75 - 0.71 21.34 1150168
dry 1e4 5 9 - 0.02 0.12 26900
aoDLAV 1e4 5 9 - 0.02 0.22 31084
aoULAV 1e4 5 9 - 0.03 0.22 31096
aoD2AG 1e4 5 9 - 0.03 0.22 32108
aoD2SG 1e4 5 9 - 0.04 0.23 32108
moore 1e4 5 9 - 1.22 1146.06 2961740
nbpm 1e4 5 9 - 7.83 600.96 7811456
greedy 1e4 5 9 - 6.70 286.43 10959172
dry 1e4 5 24 - 0.03 0.11 26900
aoDLAV 1e4 5 24 - 0.04 0.21 31084
aoULAV 1e4 5 24 - 0.04 0.21 31096
aoD2AG 1e4 5 24 - 0.04 0.22 32108
aoD2SG 1e4 5 24 - 0.03 0.24 32112
moore 1e4 5 24 - 1.14 1120.26 2961736
nbpm 1e4 5 24 - 7.53 674.70 7811452
greedy 1e4 5 24 - 6.50 291.20 10959172
dry 25e2 2 129 - 0.02 0.13 26084
aoDLAV 25e2 2 129 - 0.03 0.16 30452
aoULAV 25e2 2 129 - 0.02 0.15 30464
aoD2AG 25e2 2 129 - 0.03 0.16 30976
aoD2SG 25e2 2 129 - 0.03 0.16 31024
moore 25e2 2 129 - 0.09 18.05 213624
nbpm 25e2 2 129 - 0.62 12.76 541636
greedy 25e2 2 129 - 0.50 9.68 713664
dry 1e4 10 116 - 0.03 0.12 27688
aoDLAV 1e4 10 116 - 0.02 0.70 32764
aoULAV 1e4 10 116 - 0.03 0.67 32780
aoD2AG 1e4 10 116 - 0.04 0.81 32744
aoD2SG 1e4 10 116 - 0.04 0.89 34176
moore 1e4 10 116 - 1.12 895.45 2963852
nbpm 1e4 10 116 - 7.55 747.82 7764384
greedy 1e4 10 116 - 6.68 270.87 10961108
dry 1e4 5 215 - 0.03 0.12 26900
aoDLAV 1e4 5 215 - 0.03 0.22 31088
aoULAV 1e4 5 215 - 0.03 0.22 31096
aoD2AG 1e4 5 215 - 0.02 0.25 32108
aoD2SG 1e4 5 215 - 0.04 0.25 32112
moore 1e4 5 215 - 1.17 1052.30 2961736
nbpm 1e4 5 215 - 7.96 685.19 7811452
greedy 1e4 5 215 - 6.65 297.55 10959176
dry 1e4 5 84 - 0.03 0.12 26900
aoDLAV 1e4 5 84 - 0.03 0.22 31084
aoULAV 1e4 5 84 - 0.03 0.22 31100
aoD2AG 1e4 5 84 - 0.03 0.23 32108
aoD2SG 1e4 5 84 - 0.03 0.23 32108
moore 1e4 5 84 - 1.11 874.92 2961732
nbpm 1e4 5 84 - 7.53 613.59 7811460
greedy 1e4 5 84 - 6.68 301.31 10959172
dry 6e7 2 230 - 0.73 1.88 1202044
aoDLAV 6e7 2 230 - 4.91 351.79 8924560
aoULAV 6e7 2 230 - 6.37 378.43 8924560
aoD2AG 6e7 2 230 - 11.69 546.59 13119808
aoD2SG 6e7 2 230 - 12.57 627.58 13598944
dry 32e2 2 174 - 0.02 0.12 26112
aoDLAV 32e2 2 174 - 0.03 0.15 30544
aoULAV 32e2 2 174 - 0.03 0.15 30552
aoD2AG 32e2 2 174 - 0.03 0.15 31212
aoD2SG 32e2 2 174 - 0.04 0.15 31280
moore 32e2 2 174 - 0.43 90.91 330520
nbpm 32e2 2 174 - 0.90 19.58 854760
greedy 32e2 2 174 - 0.65 20.04 1150168
dry 56e2 2 113 - 0.02 0.13 26240
aoDLAV 56e2 2 113 - 0.03 0.15 30980
aoULAV 56e2 2 113 - 0.03 0.16 30988
aoD2AG 56e2 2 113 - 0.04 0.17 31980
aoD2SG 56e2 2 113 - 0.03 0.17 31120
moore 56e2 2 113 - 1.02 280.87 952688
nbpm 56e2 2 113 - 2.33 69.50 2388080
greedy 56e2 2 113 - 2.03 78.12 3460488
dry 4e7 2 22 - 0.49 1.36 811424
aoDLAV 4e7 2 22 - 3.39 228.51 5955820
aoULAV 4e7 2 22 - 4.32 243.60 5955820
aoD2AG 4e7 2 22 - 7.70 357.01 8754628
aoD2SG 4e7 2 22 - 8.19 403.21 9074452
dry 18e6 2 53 - 0.24 0.68 381736
aoDLAV 18e6 2 53 - 1.57 98.25 2690196
aoULAV 18e6 2 53 - 1.56 104.68 2690192
aoD2AG 18e6 2 53 - 3.00 146.34 3950136
aoD2SG 18e6 2 53 - 3.87 171.33 4095864
dry 50e2 2 12 - 0.02 0.12 27952
aoDLAV 50e2 2 12 - 0.03 0.14 30848
aoULAV 50e2 2 12 - 0.03 0.15 30864
aoD2AG 50e2 2 12 - 0.03 0.16 31764
aoD2SG 50e2 2 12 - 0.04 0.16 31852
moore 50e2 2 12 - 0.53 162.40 764628
nbpm 50e2 2 12 - 2.05 55.09 2011928
greedy 50e2 2 12 - 1.63 63.10 2764780
dry 50e2 2 127 - 0.02 0.13 28224
aoDLAV 50e2 2 127 - 0.03 0.15 30852
aoULAV 50e2 2 127 - 0.03 0.15 30860
aoD2AG 50e2 2 127 - 0.03 0.16 31788
aoD2SG 50e2 2 127 - 0.04 0.17 31876
moore 50e2 2 127 - 0.78 204.91 764628
nbpm 50e2 2 127 - 2.06 63.09 2011928
greedy 50e2 2 127 - 1.60 63.14 2764780
dry 50e2 2 118 - 0.02 0.12 26204
aoDLAV 50e2 2 118 - 0.03 0.15 30852
aoULAV 50e2 2 118 - 0.04 0.14 30860
aoD2AG 50e2 2 118 - 0.02 0.16 31812
aoD2SG 50e2 2 118 - 0.03 0.17 31876
moore 50e2 2 118 - 0.96 252.05 764632
nbpm 50e2 2 118 - 1.95 58.45 2011928
greedy 50e2 2 118 - 1.82 63.57 2764784
dry 32e2 2 107 - 0.03 0.11 26112
aoDLAV 32e2 2 107 - 0.02 0.16 30540
aoULAV 32e2 2 107 - 0.04 0.14 30556
aoD2AG 32e2 2 107 - 0.03 0.15 31200
aoD2SG 32e2 2 107 - 0.03 0.17 31268
moore 32e2 2 107 - 0.36 81.27 330520
nbpm 32e2 2 107 - 0.81 20.02 854760
greedy 32e2 2 107 - 0.80 24.52 1150164
dry 75e2 2 86 - 0.03 0.12 26328
aoDLAV 75e2 2 86 - 0.04 0.15 31376
aoULAV 75e2 2 86 - 0.03 0.15 31388
aoD2AG 75e2 2 86 - 0.03 0.17 31380
aoD2SG 75e2 2 86 - 0.03 0.18 31384
moore 75e2 2 86 - 1.26 479.54 1688792
nbpm 75e2 2 86 - 4.22 186.20 4242180
greedy 75e2 2 86 - 3.76 153.44 6183092
dry 32e6 2 165 - 0.40 1.08 655180
aoDLAV 32e6 2 165 - 2.72 183.01 4768324
aoULAV 32e6 2 165 - 3.54 191.84 4768324
aoD2AG 32e6 2 165 - 5.39 267.58 7008420
aoD2SG 32e6 2 165 - 6.64 316.63 7264128
dry 1e4 5 61 - 0.02 0.12 26904
aoDLAV 1e4 5 61 - 0.03 0.21 31084
aoULAV 1e4 5 61 - 0.03 0.21 31100
aoD2AG 1e4 5 61 - 0.02 0.23 32108
aoD2SG 1e4 5 61 - 0.03 0.25 32108
moore 1e4 5 61 - 1.15 1217.91 2961736
nbpm 1e4 5 61 - 7.35 624.70 7811448
greedy 1e4 5 61 - 6.62 291.80 10959172
dry 56e6 2 213 - 0.66 1.79 1123924
aoDLAV 56e6 2 213 - 4.65 326.18 8330816
aoULAV 56e6 2 213 - 6.01 355.65 8330816
aoD2AG 56e6 2 213 - 10.89 509.50 12246980
aoD2SG 56e6 2 213 - 11.65 576.92 12695956
dry 32e6 2 179 - 0.43 1.09 655176
aoDLAV 32e6 2 179 - 2.85 184.42 4768324
aoULAV 32e6 2 179 - 2.74 184.83 4768324
aoD2AG 32e6 2 179 - 6.72 272.66 7009708
aoD2SG 32e6 2 179 - 6.89 317.97 7264312
dry 75e2 2 139 - 0.02 0.12 26328
aoDLAV 75e2 2 139 - 0.03 0.16 31376
aoULAV 75e2 2 139 - 0.03 0.15 31388
aoD2AG 75e2 2 139 - 0.03 0.17 31380
aoD2SG 75e2 2 139 - 0.03 0.18 31380
moore 75e2 2 139 - 1.78 572.30 1688784
nbpm 75e2 2 139 - 4.10 207.43 4242124
greedy 75e2 2 139 - 3.95 158.45 6183092
dry 75e2 2 30 - 0.02 0.12 26332
aoDLAV 75e2 2 30 - 0.03 0.16 31376
aoULAV 75e2 2 30 - 0.03 0.16 31388
aoD2AG 75e2 2 30 - 0.03 0.17 31380
aoD2SG 75e2 2 30 - 0.02 0.19 31380
moore 75e2 2 30 - 0.70 342.86 1683884
nbpm 75e2 2 30 - 4.20 162.44 4242132
greedy 75e2 2 30 - 3.56 153.32 6183092
dry 56e2 2 214 - 0.02 0.12 26236
aoDLAV 56e2 2 214 - 0.02 0.16 30980
aoULAV 56e2 2 214 - 0.04 0.14 30988
aoD2AG 56e2 2 214 - 0.02 0.18 31980
aoD2SG 56e2 2 214 - 0.03 0.17 31120
moore 56e2 2 214 - 0.41 165.84 949988
nbpm 56e2 2 214 - 2.38 73.68 2388088
greedy 56e2 2 214 - 1.95 78.76 3460492
dry 6e7 2 80 - 0.66 1.96 1202048
aoDLAV 6e7 2 80 - 5.15 358.87 8924560
aoULAV 6e7 2 80 - 6.65 502.45 8924580
aoD2AG 6e7 2 80 - 11.74 547.10 13121328
aoD2SG 6e7 2 80 - 12.76 635.33 13600612
dry 1e4 10 217 - 0.02 0.12 29220
aoDLAV 1e4 10 217 - 0.03 0.67 32764
aoULAV 1e4 10 217 - 0.03 0.69 32776
aoD2AG 1e4 10 217 - 0.03 0.71 32760
aoD2SG 1e4 10 217 - 0.04 0.76 34176
moore 1e4 10 217 - 1.09 1094.27 2963856
nbpm 1e4 10 217 - 7.64 765.51 7764388
greedy 1e4 10 217 - 6.75 285.97 10961108
dry 18e6 2 139 - 0.24 0.69 381736
aoDLAV 18e6 2 139 - 1.57 97.80 2690192
aoULAV 18e6 2 139 - 1.65 105.92 2690192
aoD2AG 18e6 2 139 - 3.30 148.62 3951568
aoD2SG 18e6 2 139 - 3.91 168.64 4095644
dry 56e2 2 110 - 0.03 0.12 26236
aoDLAV 56e2 2 110 - 0.03 0.15 30980
aoULAV 56e2 2 110 - 0.05 0.15 30988
aoD2AG 56e2 2 110 - 0.03 0.18 31984
aoD2SG 56e2 2 110 - 0.03 0.19 31124
moore 56e2 2 110 - 0.86 252.68 952716
nbpm 56e2 2 110 - 2.41 73.80 2388084
greedy 56e2 2 110 - 2.18 85.99 3460492
dry 56e6 2 25 - 0.67 1.85 1123924
aoDLAV 56e6 2 25 - 4.79 376.72 8330816
aoULAV 56e6 2 25 - 6.22 361.92 8330816
aoD2AG 56e6 2 25 - 11.25 523.33 12247052
aoD2SG 56e6 2 25 - 11.56 590.20 12692448
dry 56e2 2 172 - 0.02 0.12 26236
aoDLAV 56e2 2 172 - 0.03 0.15 30980
aoULAV 56e2 2 172 - 0.03 0.15 30988
aoD2AG 56e2 2 172 - 0.03 0.17 31972
aoD2SG 56e2 2 172 - 0.04 0.17 31120
moore 56e2 2 172 - 0.69 214.96 952724
nbpm 56e2 2 172 - 2.37 73.80 2388084
greedy 56e2 2 172 - 1.86 78.72 3460488
dry 56e6 2 159 - 0.60 1.79 1123924
aoDLAV 56e6 2 159 - 4.72 329.30 8330840
aoULAV 56e6 2 159 - 5.94 354.19 8330816
aoD2AG 56e6 2 159 - 10.11 497.82 12246672
aoD2SG 56e6 2 159 - 11.78 604.07 12697376
dry 1e4 5 119 - 0.02 0.13 26900
aoDLAV 1e4 5 119 - 0.04 0.22 31088
aoULAV 1e4 5 119 - 0.03 0.22 31100
aoD2AG 1e4 5 119 - 0.04 0.23 32108
aoD2SG 1e4 5 119 - 0.03 0.24 32108
moore 1e4 5 119 - 1.12 1047.93 2961736
nbpm 1e4 5 119 - 7.30 661.25 7811460
greedy 1e4 5 119 - 6.75 303.36 10959176
dry 4e7 2 54 - 0.50 1.31 811424
aoDLAV 4e7 2 54 - 3.42 243.44 5955816
aoULAV 4e7 2 54 - 4.34 247.78 5955820
aoD2AG 4e7 2 54 - 7.70 340.33 8756540
aoD2SG 4e7 2 54 - 8.39 407.29 9074604
dry 3e7 2 56 - 0.43 1.03 616104
aoDLAV 3e7 2 56 - 2.55 204.72 4471428
aoULAV 3e7 2 56 - 2.41 170.48 4471432
aoD2AG 3e7 2 56 - 5.73 244.52 6569792
aoD2SG 3e7 2 56 - 6.33 287.40 6811336
dry 25e2 2 193 - 0.02 0.13 26080
aoDLAV 25e2 2 193 - 0.03 0.16 30452
aoULAV 25e2 2 193 - 0.03 0.15 30464
aoD2AG 25e2 2 193 - 0.03 0.16 30972
aoD2SG 25e2 2 193 - 0.03 0.16 31028
moore 25e2 2 193 - 0.12 34.07 213604
nbpm 25e2 2 193 - 0.57 12.42 541644
greedy 25e2 2 193 - 0.42 10.55 713664
dry 50e2 2 189 - 0.02 0.12 26204
aoDLAV 50e2 2 189 - 0.03 0.16 30848
aoULAV 50e2 2 189 - 0.02 0.16 30860
aoD2AG 50e2 2 189 - 0.03 0.16 31780
aoD2SG 50e2 2 189 - 0.03 0.17 31836
moore 50e2 2 189 - 0.31 103.62 762972
nbpm 50e2 2 189 - 1.96 53.53 2011916
greedy 50e2 2 189 - 1.75 62.40 2764784
dry 5e7 2 181 - 0.62 1.65 1006736
aoDLAV 5e7 2 181 - 4.11 293.04 7440192
aoULAV 5e7 2 181 - 5.38 308.55 7440196
aoD2AG 5e7 2 181 - 10.07 546.43 10936644
aoD2SG 5e7 2 181 - 10.27 588.20 11337556
dry 18e2 2 27 - 0.02 0.12 26048
aoDLAV 18e2 2 27 - 0.03 0.14 30376
aoULAV 18e2 2 27 - 0.02 0.15 30384
aoD2AG 18e2 2 27 - 0.03 0.14 30784
aoD2SG 18e2 2 27 - 0.03 0.15 30828
moore 18e2 2 27 - 0.07 12.59 125412
nbpm 18e2 2 27 - 0.17 7.50 334528
greedy 18e2 2 27 - 0.23 3.74 384352
dry 75e2 2 114 - 0.02 0.12 26328
aoDLAV 75e2 2 114 - 0.03 0.15 31376
aoULAV 75e2 2 114 - 0.03 0.15 31392
aoD2AG 75e2 2 114 - 0.02 0.18 31380
aoD2SG 75e2 2 114 - 0.03 0.18 31380
moore 75e2 2 114 - 0.67 361.08 1683876
nbpm 75e2 2 114 - 3.98 158.47 4242124
greedy 75e2 2 114 - 3.65 157.22 6183092
dry 1e4 10 31 - 0.03 0.13 27692
aoDLAV 1e4 10 31 - 0.04 1.05 32764
aoULAV 1e4 10 31 - 0.05 1.12 32776
aoD2AG 1e4 10 31 - 0.03 0.89 32744
aoD2SG 1e4 10 31 - 0.03 0.94 34180
moore 1e4 10 31 - 1.31 1043.17 2963856
nbpm 1e4 10 31 - 7.64 1109.76 7764396
greedy 1e4 10 31 - 6.82 283.98 10961108
dry 56e6 2 128 - 0.63 1.78 1123932
aoDLAV 56e6 2 128 - 4.75 339.40 8330816
aoULAV 56e6 2 128 - 6.30 350.11 8330820
aoD2AG 56e6 2 128 - 11.00 483.45 12250752
aoD2SG 56e6 2 128 - 11.54 582.92 12694880
dry 56e6 2 187 - 0.61 1.79 1123924
aoDLAV 56e6 2 187 - 4.72 341.46 8330816
aoULAV 56e6 2 187 - 6.42 360.31 8330816
aoD2AG 56e6 2 187 - 10.79 527.63 12249124
aoD2SG 56e6 2 187 - 11.60 740.56 12693900
dry 2e7 2 4 - 0.24 0.77 420796
aoDLAV 2e7 2 4 - 1.65 105.70 2987068
aoULAV 2e7 2 4 - 1.76 114.66 2987072
aoD2AG 2e7 2 4 - 3.82 163.21 4387624
aoD2SG 2e7 2 4 - 3.82 191.68 4546744
dry 1e4 5 204 - 0.03 0.12 26900
aoDLAV 1e4 5 204 - 0.03 0.22 31084
aoULAV 1e4 5 204 - 0.03 0.22 31100
aoD2AG 1e4 5 204 - 0.02 0.24 32112
aoD2SG 1e4 5 204 - 0.03 0.23 32108
moore 1e4 5 204 - 1.16 1135.91 2961736
nbpm 1e4 5 204 - 7.64 1113.08 7811464
greedy 1e4 5 204 - 7.01 291.18 10959172
dry 5e7 2 101 - 1.20 1.58 1006740
aoDLAV 5e7 2 101 - 4.28 292.27 7440192
aoULAV 5e7 2 101 - 5.36 314.42 7440192
aoD2AG 5e7 2 101 - 9.99 428.39 10936936
aoD2SG 5e7 2 101 - 10.26 515.01 11335724
dry 7e7 2 87 - 0.73 2.18 1397360
aoDLAV 7e7 2 87 - 6.03 510.48 10408936
aoULAV 7e7 2 87 - 7.76 461.31 10408936
aoD2AG 7e7 2 87 - 13.84 629.65 15305792
aoD2SG 7e7 2 87 - 14.93 756.05 15864908
dry 75e2 2 89 - 0.03 0.12 26328
aoDLAV 75e2 2 89 - 0.03 0.16 31376
aoULAV 75e2 2 89 - 0.03 0.15 31388
aoD2AG 75e2 2 89 - 0.02 0.17 31380
aoD2SG 75e2 2 89 - 0.02 0.18 31380
moore 75e2 2 89 - 2.43 717.26 1688792
nbpm 75e2 2 89 - 4.14 166.64 4242132
greedy 75e2 2 89 - 3.83 151.99 6183092
dry 1e4 2 213 - 0.03 0.12 26432
aoDLAV 1e4 2 213 - 0.02 0.18 31864
aoULAV 1e4 2 213 - 0.03 0.18 31876
aoD2AG 1e4 2 213 - 0.03 0.18 31876
aoD2SG 1e4 2 213 - 0.03 0.18 31988
moore 1e4 2 213 - 1.14 1054.56 2960576
nbpm 1e4 2 213 - 7.39 350.51 7889420
greedy 1e4 2 213 - 6.43 279.10 10968568
dry 5e7 2 30 - 0.56 1.62 1006768
aoDLAV 5e7 2 30 - 4.05 294.80 7440192
aoULAV 5e7 2 30 - 5.61 308.99 7440192
aoD2AG 5e7 2 30 - 9.89 389.34 10939088
aoD2SG 5e7 2 30 - 9.87 444.12 11337596
