dry 1e4 5 93 - 0.03 0.11 28788
aoDLAV 1e4 5 93 - 0.03 0.20 31088
aoULAV 1e4 5 93 - 0.03 0.19 31096
aoD2AG 1e4 5 93 - 0.03 0.21 32112
aoD2SG 1e4 5 93 - 0.03 0.21 32108
moore 1e4 5 93 - 1.13 974.85 2961736
nbpm 1e4 5 93 - 7.36 607.77 7811460
greedy 1e4 5 93 - 6.48 287.95 10959176
dry 5e7 2 96 - 0.64 1.59 1006736
aoDLAV 5e7 2 96 - 4.14 298.44 7440192
aoULAV 5e7 2 96 - 5.49 315.94 7440192
aoD2AG 5e7 2 96 - 9.78 517.00 10936096
aoD2SG 5e7 2 96 - 10.73 670.02 11334756
dry 1e4 2 110 - 0.02 0.12 28436
aoDLAV 1e4 2 110 - 0.02 0.18 31864
aoULAV 1e4 2 110 - 0.03 0.17 31880
aoD2AG 1e4 2 110 - 0.03 0.18 31876
aoD2SG 1e4 2 110 - 0.02 0.19 31988
moore 1e4 2 110 - 1.18 1012.28 2960580
nbpm 1e4 2 110 - 7.47 395.70 7889424
greedy 1e4 2 110 - 6.25 278.95 10968568
dry 1e4 2 102 - 0.02 0.12 27952
aoDLAV 1e4 2 102 - 0.04 0.16 31864
aoULAV 1e4 2 102 - 0.04 0.16 31876
aoD2AG 1e4 2 102 - 0.03 0.18 31876
aoD2SG 1e4 2 102 - 0.03 0.18 31988
moore 1e4 2 102 - 1.22 951.11 2960580
nbpm 1e4 2 102 - 7.54 365.73 7889432
greedy 1e4 2 102 - 6.26 269.99 10968572
dry 75e2 2 145 - 0.02 0.12 26332
aoDLAV 75e2 2 145 - 0.03 0.16 31376
aoULAV 75e2 2 145 - 0.04 0.15 31392
aoD2AG 75e2 2 145 - 0.03 0.18 31380
aoD2SG 75e2 2 145 - 0.03 0.18 31384
moore 75e2 2 145 - 0.92 422.32 1688800
nbpm 75e2 2 145 - 4.21 156.74 4242132
greedy 75e2 2 145 - 3.51 150.01 6183088
dry 1e4 5 177 - 0.03 0.12 26904
aoDLAV 1e4 5 177 - 0.04 0.22 31084
aoULAV 1e4 5 177 - 0.03 0.22 31096
aoD2AG 1e4 5 177 - 0.03 0.23 32108
aoD2SG 1e4 5 177 - 0.03 0.24 32108
moore 1e4 5 177 - 1.18 905.88 2961736
nbpm 1e4 5 177 - 7.42 611.67 7811448
greedy 1e4 5 177 - 6.67 289.64 10959176
dry 4e7 2 36 - 0.44 1.32 811424
aoDLAV 4e7 2 36 - 3.33 231.50 5955816
aoULAV 4e7 2 36 - 4.31 255.30 5955820
aoD2AG 4e7 2 36 - 7.82 355.76 8753544
aoD2SG 4e7 2 36 - 8.05 410.84 9072912
dry 6e7 2 76 - 0.65 1.86 1202044
aoDLAV 6e7 2 76 - 5.32 361.53 8924564
aoULAV 6e7 2 76 - 6.55 386.29 8924560
aoD2AG 6e7 2 76 - 11.54 544.27 13120948
aoD2SG 6e7 2 76 - 12.28 630.61 13599996
dry 1e4 10 235 - 0.03 0.12 29156
aoDLAV 1e4 10 235 - 0.03 0.70 32768
aoULAV 1e4 10 235 - 0.03 0.68 32776
aoD2AG 1e4 10 235 - 0.03 0.78 32804
aoD2SG 1e4 10 235 - 0.03 0.81 34176
moore 1e4 10 235 - 1.18 1336.31 2963852
nbpm 1e4 10 235 - 7.67 954.02 7764392
greedy 1e4 10 235 - 6.47 275.44 10961112
dry 3e7 2 95 - 0.40 1.04 616108
aoDLAV 3e7 2 95 - 2.53 170.63 4471432
aoULAV 3e7 2 95 - 2.63 177.74 4471428
aoD2AG 3e7 2 95 - 5.86 259.00 6569968
aoD2SG 3e7 2 95 - 6.52 286.14 6812488
dry 25e2 2 76 - 0.02 0.12 27952
aoDLAV 25e2 2 76 - 0.03 0.15 30456
aoULAV 25e2 2 76 - 0.03 0.15 30464
aoD2AG 25e2 2 76 - 0.03 0.16 30972
aoD2SG 25e2 2 76 - 0.03 0.15 31012
moore 25e2 2 76 - 0.09 31.20 213596
nbpm 25e2 2 76 - 0.55 11.62 541640
greedy 25e2 2 76 - 0.45 10.56 713664
dry 56e2 2 49 - 0.03 0.12 26240
aoDLAV 56e2 2 49 - 0.02 0.16 30976
aoULAV 56e2 2 49 - 0.04 0.15 30988
aoD2AG 56e2 2 49 - 0.03 0.17 31980
aoD2SG 56e2 2 49 - 0.03 0.18 31120
moore 56e2 2 49 - 0.40 161.60 949980
nbpm 56e2 2 49 - 2.43 70.18 2388080
greedy 56e2 2 49 - 2.01 74.09 3460488
dry 56e2 2 66 - 0.02 0.12 27956
aoDLAV 56e2 2 66 - 0.02 0.16 30976
aoULAV 56e2 2 66 - 0.03 0.15 30988
aoD2AG 56e2 2 66 - 0.03 0.16 32004
aoD2SG 56e2 2 66 - 0.03 0.17 31124
moore 56e2 2 66 - 0.80 243.35 952716
nbpm 56e2 2 66 - 2.44 73.44 2388084
greedy 56e2 2 66 - 2.22 83.71 3460492
dry 75e2 2 93 - 0.02 0.12 26328
aoDLAV 75e2 2 93 - 0.02 0.17 31376
aoULAV 75e2 2 93 - 0.03 0.15 31392
aoD2AG 75e2 2 93 - 0.04 0.18 31380
aoD2SG 75e2 2 93 - 0.03 0.18 31380
moore 75e2 2 93 - 1.67 587.65 1688768
nbpm 75e2 2 93 - 4.01 161.35 4242132
greedy 75e2 2 93 - 3.78 148.68 6183092
dry 4e7 2 246 - 0.42 1.34 811424
aoDLAV 4e7 2 246 - 3.44 226.94 5955816
aoULAV 4e7 2 246 - 4.18 246.31 5955816
aoD2AG 4e7 2 246 - 7.64 353.17 8754820
aoD2SG 4e7 2 246 - 8.67 411.66 9073776
dry 56e2 2 89 - 0.02 0.12 26236
aoDLAV 56e2 2 89 - 0.03 0.15 30976
aoULAV 56e2 2 89 - 0.04 0.14 30988
aoD2AG 56e2 2 89 - 0.02 0.18 31976
aoD2SG 56e2 2 89 - 0.03 0.17 31124
moore 56e2 2 89 - 0.41 165.85 949992
nbpm 56e2 2 89 - 2.47 76.96 2388088
greedy 56e2 2 89 - 2.06 82.30 3460492
dry 18e6 2 193 - 0.19 0.73 381736
aoDLAV 18e6 2 193 - 1.55 97.67 2690192
aoULAV 18e6 2 193 - 1.63 103.23 2690192
aoD2AG 18e6 2 193 - 3.28 146.38 3949816
aoD2SG 18e6 2 193 - 3.76 170.23 4094140
dry 1e4 2 43 - 0.02 0.12 26432
aoDLAV 1e4 2 43 - 0.03 0.18 31864
aoULAV 1e4 2 43 - 0.03 0.18 31876
aoD2AG 1e4 2 43 - 0.03 0.19 31912
aoD2SG 1e4 2 43 - 0.04 0.18 31988
moore 1e4 2 43 - 1.23 1040.76 2960572
nbpm 1e4 2 43 - 7.60 358.74 7889416
greedy 1e4 2 43 - 6.50 274.01 10968568
dry 7e7 2 237 - 0.78 2.20 1397356
aoDLAV 7e7 2 237 - 5.87 425.26 10408936
aoULAV 7e7 2 237 - 7.48 458.58 10408936
aoD2AG 7e7 2 237 - 13.31 634.99 15306348
aoD2SG 7e7 2 237 - 14.46 747.08 15866712
dry 75e2 2 110 - 0.02 0.12 26332
aoDLAV 75e2 2 110 - 0.03 0.15 31376
aoULAV 75e2 2 110 - 0.03 0.16 31388
aoD2AG 75e2 2 110 - 0.02 0.18 31380
aoD2SG 75e2 2 110 - 0.03 0.18 31380
moore 75e2 2 110 - 1.03 435.24 1688792
nbpm 75e2 2 110 - 4.12 155.68 4242136
greedy 75e2 2 110 - 3.86 157.36 6183088
dry 25e2 2 176 - 0.03 0.11 26084
aoDLAV 25e2 2 176 - 0.03 0.14 30452
aoULAV 25e2 2 176 - 0.03 0.14 30464
aoD2AG 25e2 2 176 - 0.03 0.15 30976
aoD2SG 25e2 2 176 - 0.02 0.15 31016
moore 25e2 2 176 - 0.09 19.60 213624
nbpm 25e2 2 176 - 0.66 12.38 541636
greedy 25e2 2 176 - 0.50 9.51 713668
dry 18e2 2 180 - 0.03 0.12 26048
aoDLAV 18e2 2 180 - 0.03 0.16 30372
aoULAV 18e2 2 180 - 0.04 0.14 30384
aoD2AG 18e2 2 180 - 0.03 0.15 30792
aoD2SG 18e2 2 180 - 0.03 0.16 30836
moore 18e2 2 180 - 0.06 6.55 125436
nbpm 18e2 2 180 - 0.18 7.25 334528
greedy 18e2 2 180 - 0.25 3.80 384352
dry 18e2 2 61 - 0.03 0.12 26052
aoDLAV 18e2 2 61 - 0.03 0.14 30372
aoULAV 18e2 2 61 - 0.03 0.15 30384
aoD2AG 18e2 2 61 - 0.02 0.16 30788
aoD2SG 18e2 2 61 - 0.03 0.15 30816
moore 18e2 2 61 - 0.07 10.82 125440
nbpm 18e2 2 61 - 0.19 7.97 334528
greedy 18e2 2 61 - 0.28 4.18 384352
dry 1e4 2 131 - 0.02 0.13 26432
aoDLAV 1e4 2 131 - 0.04 0.18 31864
aoULAV 1e4 2 131 - 0.04 0.19 31880
aoD2AG 1e4 2 131 - 0.03 0.19 31876
aoD2SG 1e4 2 131 - 0.03 0.19 31988
moore 1e4 2 131 - 1.20 1262.87 2960572
nbpm 1e4 2 131 - 7.61 387.29 7889416
greedy 1e4 2 131 - 7.05 278.39 10968572
dry 18e6 2 203 - 0.26 0.71 381736
aoDLAV 18e6 2 203 - 1.55 103.74 2690192
aoULAV 18e6 2 203 - 2.02 102.93 2690192
aoD2AG 18e6 2 203 - 3.37 147.12 3950620
aoD2SG 18e6 2 203 - 3.88 171.47 4094012
dry 75e2 2 49 - 0.03 0.12 26328
aoDLAV 75e2 2 49 - 0.02 0.16 31380
aoULAV 75e2 2 49 - 0.03 0.15 31388
aoD2AG 75e2 2 49 - 0.04 0.18 31380
aoD2SG 75e2 2 49 - 0.03 0.18 31380
moore 75e2 2 49 - 0.95 423.88 1688784
nbpm 75e2 2 49 - 4.25 171.09 4242124
greedy 75e2 2 49 - 3.82 151.71 6183092
dry 1e4 2 199 - 0.02 0.12 26432
aoDLAV 1e4 2 199 - 0.03 0.16 31864
aoULAV 1e4 2 199 - 0.03 0.16 31880
aoD2AG 1e4 2 199 - 0.02 0.19 31876
aoD2SG 1e4 2 199 - 0.02 0.19 31996
moore 1e4 2 199 - 1.26 793.23 2960572
nbpm 1e4 2 199 - 7.78 345.54 7889420
greedy 1e4 2 199 - 6.20 274.79 10968568
dry 7e7 2 150 - 0.86 2.25 1397356
aoDLAV 7e7 2 150 - 6.07 555.04 10408936
aoULAV 7e7 2 150 - 7.58 472.23 10408936
aoD2AG 7e7 2 150 - 14.09 654.22 15304424
aoD2SG 7e7 2 150 - 14.56 746.20 15862848
dry 56e2 2 33 - 0.02 0.12 26236
aoDLAV 56e2 2 33 - 0.03 0.15 30976
aoULAV 56e2 2 33 - 0.03 0.15 30988
aoD2AG 56e2 2 33 - 0.03 0.17 31992
aoD2SG 56e2 2 33 - 0.02 0.17 31120
moore 56e2 2 33 - 0.41 160.58 949988
nbpm 56e2 2 33 - 2.61 70.33 2388084
greedy 56e2 2 33 - 2.09 80.53 3460488
dry 32e6 2 178 - 0.41 1.11 655180
aoDLAV 32e6 2 178 - 2.65 184.47 4768324
aoULAV 32e6 2 178 - 3.68 219.18 4768324
aoD2AG 32e6 2 178 - 5.61 270.34 7008916
aoD2SG 32e6 2 178 - 6.79 318.04 7263156
dry 3e7 2 40 - 0.33 1.07 616104
aoDLAV 3e7 2 40 - 2.61 166.80 4471428
aoULAV 3e7 2 40 - 3.32 174.77 4471428
aoD2AG 3e7 2 40 - 5.98 247.48 6572092
aoD2SG 3e7 2 40 - 5.64 292.90 6811680
dry 4e7 2 21 - 0.48 1.34 811424
aoDLAV 4e7 2 21 - 3.59 308.71 5955816
aoULAV 4e7 2 21 - 4.53 249.97 5955816
aoD2AG 4e7 2 21 - 8.25 354.27 8754152
aoD2SG 4e7 2 21 - 8.78 404.52 9071916
dry 7e7 2 246 - 0.79 2.17 1397356
aoDLAV 7e7 2 246 - 5.90 428.43 10408936
aoULAV 7e7 2 246 - 8.15 457.31 10408936
aoD2AG 7e7 2 246 - 14.21 631.65 15302232
aoD2SG 7e7 2 246 - 14.15 738.25 15863460
dry 6e7 2 48 - 0.69 1.89 1202044
aoDLAV 6e7 2 48 - 5.23 357.77 8924564
aoULAV 6e7 2 48 - 6.65 385.17 8924560
aoD2AG 6e7 2 48 - 12.18 539.91 13119724
aoD2SG 6e7 2 48 - 12.27 638.28 13598624
dry 1e4 2 148 - 0.03 0.11 26432
aoDLAV 1e4 2 148 - 0.03 0.17 31864
aoULAV 1e4 2 148 - 0.03 0.17 31880
aoD2AG 1e4 2 148 - 0.03 0.18 31876
aoD2SG 1e4 2 148 - 0.03 0.18 31988
moore 1e4 2 148 - 1.16 1084.99 2960580
nbpm 1e4 2 148 - 7.59 366.54 7889428
greedy 1e4 2 148 - 6.84 263.52 10968568
dry 6e7 2 9 - 0.72 1.88 1202048
aoDLAV 6e7 2 9 - 5.14 344.01 8924564
aoULAV 6e7 2 9 - 6.67 446.63 8924560
aoD2AG 6e7 2 9 - 11.89 555.24 13118056
aoD2SG 6e7 2 9 - 12.37 648.86 13595964
dry 1e4 10 82 - 0.03 0.12 29680
aoDLAV 1e4 10 82 - 0.03 0.77 32764
aoULAV 1e4 10 82 - 0.03 0.74 32776
aoD2AG 1e4 10 82 - 0.03 0.73 32744
aoD2SG 1e4 10 82 - 0.03 0.78 34176
moore 1e4 10 82 - 1.10 1461.59 2963856
nbpm 1e4 10 82 - 7.40 739.67 7764388
greedy 1e4 10 82 - 7.20 333.71 10961108
dry 75e2 2 211 - 0.02 0.12 26328
aoDLAV 75e2 2 211 - 0.03 0.16 31380
aoULAV 75e2 2 211 - 0.03 0.15 31392
aoD2AG 75e2 2 211 - 0.03 0.17 31384
aoD2SG 75e2 2 211 - 0.02 0.18 31380
moore 75e2 2 211 - 0.78 408.22 1688784
nbpm 75e2 2 211 - 4.17 165.56 4242160
greedy 75e2 2 211 - 3.77 154.52 6183096
dry 1e4 5 245 - 0.03 0.12 26904
aoDLAV 1e4 5 245 - 0.03 0.21 31084
aoULAV 1e4 5 245 - 0.03 0.21 31096
aoD2AG 1e4 5 245 - 0.03 0.23 32112
aoD2SG 1e4 5 245 - 0.04 0.23 32108
moore 1e4 5 245 - 1.13 1040.95 2961736
nbpm 1e4 5 245 - 7.54 638.93 7811452
greedy 1e4 5 245 - 6.52 300.45 10959176
dry 2e7 2 166 - 0.27 0.75 420796
aoDLAV 2e7 2 166 - 1.75 110.82 2987068
aoULAV 2e7 2 166 - 1.77 113.47 2987068
aoD2AG 2e7 2 166 - 3.41 165.55 4389980
aoD2SG 2e7 2 166 - 4.23 191.65 4548936
dry 1e4 10 188 - 0.02 0.12 29476
aoDLAV 1e4 10 188 - 0.03 0.68 32768
aoULAV 1e4 10 188 - 0.04 0.68 32776
aoD2AG 1e4 10 188 - 0.03 0.71 32744
aoD2SG 1e4 10 188 - 0.03 0.79 34176
moore 1e4 10 188 - 1.32 1111.67 2963852
nbpm 1e4 10 188 - 7.48 807.59 7764384
greedy 1e4 10 188 - 6.42 281.29 10961108
dry 3e7 2 33 - 0.38 1.10 616104
aoDLAV 3e7 2 33 - 2.65 173.01 4471428
aoULAV 3e7 2 33 - 3.34 180.99 4471428
aoD2AG 3e7 2 33 - 5.28 280.73 6571084
aoD2SG 3e7 2 33 - 6.12 300.63 6810196
dry 1e4 10 118 - 0.02 0.12 29204
aoDLAV 1e4 10 118 - 0.03 0.66 32764
aoULAV 1e4 10 118 - 0.03 0.66 32776
aoD2AG 1e4 10 118 - 0.03 0.68 32744
aoD2SG 1e4 10 118 - 0.03 0.76 34176
moore 1e4 10 118 - 1.18 850.63 2963856
nbpm 1e4 10 118 - 7.71 786.91 7764384
greedy 1e4 10 118 - 6.47 274.76 10961108
dry 56e6 2 68 - 0.67 1.82 1123924
aoDLAV 56e6 2 68 - 4.87 330.41 8330820
aoULAV 56e6 2 68 - 5.89 354.16 8330816
aoD2AG 56e6 2 68 - 10.90 497.23 12249208
aoD2SG 56e6 2 68 - 11.84 586.51 12694464
dry 1e4 10 158 - 0.03 0.13 27688
aoDLAV 1e4 10 158 - 0.03 0.71 32768
aoULAV 1e4 10 158 - 0.03 0.70 32776
aoD2AG 1e4 10 158 - 0.04 0.76 32744
aoD2SG 1e4 10 158 - 0.04 0.81 34176
moore 1e4 10 158 - 1.19 1066.33 2963852
nbpm 1e4 10 158 - 7.76 794.07 7764380
greedy 1e4 10 158 - 6.56 281.93 10961108
dry 6e7 2 241 - 0.70 1.91 1202048
aoDLAV 6e7 2 241 - 5.13 354.88 8924560
aoULAV 6e7 2 241 - 6.59 383.36 8924564
aoD2AG 6e7 2 241 - 11.65 538.25 13122240
aoD2SG 6e7 2 241 - 12.81 623.25 13597952
dry 7e7 2 214 - 0.84 2.20 1397356
aoDLAV 7e7 2 214 - 6.14 420.65 10408940
aoULAV 7e7 2 214 - 7.45 440.54 10408936
aoD2AG 7e7 2 214 - 13.63 573.99 15304296
aoD2SG 7e7 2 214 - 13.36 668.52 15858880
