dry 50e2 2 154 - 0.02 0.12 26204
aoDLAV 50e2 2 154 - 0.03 0.15 30852
aoULAV 50e2 2 154 - 0.02 0.15 30860
aoD2AG 50e2 2 154 - 0.02 0.16 31788
aoD2SG 50e2 2 154 - 0.03 0.17 31856
moore 50e2 2 154 - 0.37 138.50 764620
nbpm 50e2 2 154 - 1.89 56.07 2011916
greedy 50e2 2 154 - 1.56 62.52 2764784
dry 56e2 2 130 - 0.03 0.13 26236
aoDLAV 56e2 2 130 - 0.03 0.17 30976
aoULAV 56e2 2 130 - 0.03 0.16 30992
aoD2AG 56e2 2 130 - 0.03 0.18 31960
aoD2SG 56e2 2 130 - 0.03 0.18 31124
moore 56e2 2 130 - 1.04 296.26 952720
nbpm 56e2 2 130 - 2.29 71.76 2388080
greedy 56e2 2 130 - 2.17 80.54 3460492
dry 3e7 2 149 - 0.35 1.05 616104
aoDLAV 3e7 2 149 - 2.48 169.49 4471428
aoULAV 3e7 2 149 - 2.42 172.58 4471428
aoD2AG 3e7 2 149 - 5.87 254.80 6572092
aoD2SG 3e7 2 149 - 6.30 282.92 6808716
dry 25e2 2 5 - 0.03 0.11 26080
aoDLAV 25e2 2 5 - 0.03 0.15 30452
aoULAV 25e2 2 5 - 0.03 0.15 30464
aoD2AG 25e2 2 5 - 0.03 0.15 30980
aoD2SG 25e2 2 5 - 0.04 0.15 31028
moore 25e2 2 5 - 0.11 25.89 213604
nbpm 25e2 2 5 - 0.54 13.48 541664
greedy 25e2 2 5 - 0.47 11.03 713668
dry 25e2 2 207 - 0.03 0.13 26080
aoDLAV 25e2 2 207 - 0.03 0.16 30452
aoULAV 25e2 2 207 - 0.03 0.16 30464
aoD2AG 25e2 2 207 - 0.04 0.16 30980
aoD2SG 25e2 2 207 - 0.03 0.16 31028
moore 25e2 2 207 - 0.11 19.43 213640
nbpm 25e2 2 207 - 0.54 13.86 541764
greedy 25e2 2 207 - 0.38 8.48 713664
dry 18e2 2 10 - 0.02 0.12 26052
aoDLAV 18e2 2 10 - 0.03 0.13 30372
aoULAV 18e2 2 10 - 0.01 0.15 30384
aoD2AG 18e2 2 10 - 0.02 0.15 30844
aoD2SG 18e2 2 10 - 0.03 0.14 30828
moore 18e2 2 10 - 0.07 12.59 125416
nbpm 18e2 2 10 - 0.19 7.69 334540
greedy 18e2 2 10 - 0.24 4.19 384356
dry 2e7 2 242 - 0.26 0.74 420796
aoDLAV 2e7 2 242 - 1.70 110.13 2987068
aoULAV 2e7 2 242 - 2.06 114.30 2987072
aoD2AG 2e7 2 242 - 3.37 162.05 4387468
aoD2SG 2e7 2 242 - 4.14 192.57 4547772
dry 3e7 2 34 - 0.38 1.05 616104
aoDLAV 3e7 2 34 - 2.66 169.63 4471432
aoULAV 3e7 2 34 - 3.36 173.27 4471428
aoD2AG 3e7 2 34 - 5.14 247.62 6569608
aoD2SG 3e7 2 34 - 6.37 289.37 6807976
dry 7e7 2 66 - 0.87 2.18 1397356
aoDLAV 7e7 2 66 - 5.98 436.15 10408936
aoULAV 7e7 2 66 - 7.46 454.20 10408940
aoD2AG 7e7 2 66 - 12.94 638.54 15305136
aoD2SG 7e7 2 66 - 14.61 758.13 15863704
dry 75e2 2 127 - 0.02 0.12 26328
aoDLAV 75e2 2 127 - 0.03 0.15 31376
aoULAV 75e2 2 127 - 0.03 0.15 31392
aoD2AG 75e2 2 127 - 0.03 0.18 31380
aoD2SG 75e2 2 127 - 0.03 0.18 31380
moore 75e2 2 127 - 0.82 415.39 1688792
nbpm 75e2 2 127 - 4.26 179.88 4242136
greedy 75e2 2 127 - 3.63 155.55 6183092
dry 75e2 2 142 - 0.02 0.12 26328
aoDLAV 75e2 2 142 - 0.04 0.15 31376
aoULAV 75e2 2 142 - 0.03 0.16 31392
aoD2AG 75e2 2 142 - 0.03 0.18 31384
aoD2SG 75e2 2 142 - 0.02 0.19 31380
moore 75e2 2 142 - 0.97 443.65 1688792
nbpm 75e2 2 142 - 4.29 156.32 4242132
greedy 75e2 2 142 - 4.00 158.34 6183092
dry 32e2 2 72 - 0.03 0.12 26116
aoDLAV 32e2 2 72 - 0.04 0.15 30540
aoULAV 32e2 2 72 - 0.03 0.15 30552
aoD2AG 32e2 2 72 - 0.04 0.15 31196
aoD2SG 32e2 2 72 - 0.03 0.16 31256
moore 32e2 2 72 - 0.30 63.54 330512
nbpm 32e2 2 72 - 0.87 21.16 854756
greedy 32e2 2 72 - 0.86 21.10 1150164
dry 1e4 2 50 - 0.03 0.12 26432
aoDLAV 1e4 2 50 - 0.04 0.17 31864
aoULAV 1e4 2 50 - 0.04 0.17 31880
aoD2AG 1e4 2 50 - 0.03 0.18 31876
aoD2SG 1e4 2 50 - 0.03 0.19 31988
moore 1e4 2 50 - 1.20 1164.10 2960584
nbpm 1e4 2 50 - 7.96 345.49 7889428
greedy 1e4 2 50 - 6.98 266.52 10968572
dry 18e2 2 47 - 0.04 0.11 26052
aoDLAV 18e2 2 47 - 0.03 0.15 30372
aoULAV 18e2 2 47 - 0.03 0.14 30384
aoD2AG 18e2 2 47 - 0.03 0.15 30784
aoD2SG 18e2 2 47 - 0.03 0.16 30828
moore 18e2 2 47 - 0.07 26.90 125416
nbpm 18e2 2 47 - 0.17 7.53 334536
greedy 18e2 2 47 - 0.24 3.79 384352
dry 1e4 2 129 - 0.02 0.12 26432
aoDLAV 1e4 2 129 - 0.03 0.17 31864
aoULAV 1e4 2 129 - 0.03 0.18 31876
aoD2AG 1e4 2 129 - 0.03 0.18 31876
aoD2SG 1e4 2 129 - 0.03 0.19 31988
moore 1e4 2 129 - 1.19 1044.67 2960580
nbpm 1e4 2 129 - 7.64 343.00 7889428
greedy 1e4 2 129 - 6.46 285.07 10968568
dry 50e2 2 224 - 0.03 0.11 26204
aoDLAV 50e2 2 224 - 0.03 0.15 30848
aoULAV 50e2 2 224 - 0.03 0.15 30860
aoD2AG 50e2 2 224 - 0.03 0.15 31776
aoD2SG 50e2 2 224 - 0.03 0.17 31876
moore 50e2 2 224 - 0.48 148.61 764620
nbpm 50e2 2 224 - 1.93 55.56 2011912
greedy 50e2 2 224 - 1.64 61.77 2764780
dry 18e2 2 126 - 0.02 0.12 26052
aoDLAV 18e2 2 126 - 0.04 0.14 30372
aoULAV 18e2 2 126 - 0.03 0.16 30384
aoD2AG 18e2 2 126 - 0.03 0.16 30792
aoD2SG 18e2 2 126 - 0.03 0.15 30824
moore 18e2 2 126 - 0.07 19.22 125516
nbpm 18e2 2 126 - 0.18 7.66 334528
greedy 18e2 2 126 - 0.24 4.78 384348
dry 25e2 2 2 - 0.02 0.13 26084
aoDLAV 25e2 2 2 - 0.03 0.14 30456
aoULAV 25e2 2 2 - 0.03 0.14 30464
aoD2AG 25e2 2 2 - 0.03 0.15 30984
aoD2SG 25e2 2 2 - 0.02 0.16 31028
moore 25e2 2 2 - 0.09 24.60 213600
nbpm 25e2 2 2 - 0.54 12.85 541636
greedy 25e2 2 2 - 0.46 11.14 713664
dry 4e7 2 29 - 0.47 1.37 811428
aoDLAV 4e7 2 29 - 3.47 233.67 5955824
aoULAV 4e7 2 29 - 3.52 249.68 5955816
aoD2AG 4e7 2 29 - 7.83 349.90 8752940
aoD2SG 4e7 2 29 - 8.29 414.89 9072032
dry 4e7 2 163 - 0.51 1.34 811424
aoDLAV 4e7 2 163 - 3.24 229.09 5955816
aoULAV 4e7 2 163 - 4.43 252.97 5955816
aoD2AG 4e7 2 163 - 8.26 348.70 8752832
aoD2SG 4e7 2 163 - 8.69 441.13 9072600
dry 50e2 2 75 - 0.03 0.12 26204
aoDLAV 50e2 2 75 - 0.03 0.15 30852
aoULAV 50e2 2 75 - 0.03 0.15 30860
aoD2AG 50e2 2 75 - 0.02 0.16 31784
aoD2SG 50e2 2 75 - 0.03 0.18 31868
moore 50e2 2 75 - 0.37 139.92 764628
nbpm 50e2 2 75 - 2.00 59.52 2011924
greedy 50e2 2 75 - 1.72 62.47 2764784
dry 4e7 2 124 - 0.51 1.29 811428
aoDLAV 4e7 2 124 - 3.43 236.19 5955816
aoULAV 4e7 2 124 - 4.19 246.51 5955816
aoD2AG 4e7 2 124 - 8.03 333.84 8752624
aoD2SG 4e7 2 124 - 8.67 424.49 9073364
dry 1e4 10 228 - 0.02 0.14 27688
aoDLAV 1e4 10 228 - 0.05 0.69 32768
aoULAV 1e4 10 228 - 0.04 0.70 32776
aoD2AG 1e4 10 228 - 0.04 0.72 32744
aoD2SG 1e4 10 228 - 0.05 0.81 34180
moore 1e4 10 228 - 1.41 788.24 2963856
nbpm 1e4 10 228 - 7.63 758.49 7764392
greedy 1e4 10 228 - 6.79 269.58 10961108
dry 32e2 2 52 - 0.03 0.11 26112
aoDLAV 32e2 2 52 - 0.02 0.15 30540
aoULAV 32e2 2 52 - 0.03 0.15 30552
aoD2AG 32e2 2 52 - 0.03 0.15 31232
aoD2SG 32e2 2 52 - 0.03 0.15 31260
moore 32e2 2 52 - 0.31 63.60 330512
nbpm 32e2 2 52 - 0.87 20.14 854752
greedy 32e2 2 52 - 0.76 20.86 1150164
dry 5e7 2 74 - 0.67 1.68 1006756
aoDLAV 5e7 2 74 - 4.38 292.31 7440192
aoULAV 5e7 2 74 - 5.62 316.73 7440192
aoD2AG 5e7 2 74 - 10.07 437.81 10938260
aoD2SG 5e7 2 74 - 11.12 524.40 11335892
dry 75e2 2 47 - 0.03 0.12 26332
aoDLAV 75e2 2 47 - 0.04 0.15 31376
aoULAV 75e2 2 47 - 0.04 0.15 31388
aoD2AG 75e2 2 47 - 0.03 0.18 31380
aoD2SG 75e2 2 47 - 0.03 0.18 31380
moore 75e2 2 47 - 1.51 555.30 1688792
nbpm 75e2 2 47 - 4.18 163.26 4242132
greedy 75e2 2 47 - 3.65 157.70 6183092
dry 1e4 5 129 - 0.02 0.12 26900
aoDLAV 1e4 5 129 - 0.03 0.22 31088
aoULAV 1e4 5 129 - 0.02 0.22 31096
aoD2AG 1e4 5 129 - 0.02 0.23 32112
aoD2SG 1e4 5 129 - 0.01 0.25 32112
moore 1e4 5 129 - 1.23 840.28 2961736
nbpm 1e4 5 129 - 7.39 674.76 7811448
greedy 1e4 5 129 - 6.79 301.36 10959172
dry 1e4 5 114 - 0.02 0.13 26900
aoDLAV 1e4 5 114 - 0.03 0.22 31084
aoULAV 1e4 5 114 - 0.03 0.22 31096
aoD2AG 1e4 5 114 - 0.03 0.23 32108
aoD2SG 1e4 5 114 - 0.03 0.23 32108
moore 1e4 5 114 - 1.10 1121.48 2961736
nbpm 1e4 5 114 - 7.66 604.26 7811452
greedy 1e4 5 114 - 6.81 293.94 10959172
dry 1e4 2 191 - 0.02 0.11 26436
aoDLAV 1e4 2 191 - 0.02 0.17 31864
aoULAV 1e4 2 191 - 0.03 0.17 31880
aoD2AG 1e4 2 191 - 0.03 0.18 31880
aoD2SG 1e4 2 191 - 0.03 0.19 31988
moore 1e4 2 191 - 1.22 1061.70 2960572
nbpm 1e4 2 191 - 8.13 354.14 7889416
greedy 1e4 2 191 - 6.75 357.15 10968568
dry 6e7 2 26 - 0.66 1.91 1202048
aoDLAV 6e7 2 26 - 4.95 356.86 8924560
aoULAV 6e7 2 26 - 6.56 376.95 8924560
aoD2AG 6e7 2 26 - 12.17 545.35 13120284
aoD2SG 6e7 2 26 - 13.05 629.08 13597800
dry 1e4 2 68 - 0.03 0.12 26432
aoDLAV 1e4 2 68 - 0.04 0.17 31868
aoULAV 1e4 2 68 - 0.03 0.18 31876
aoD2AG 1e4 2 68 - 0.04 0.18 31876
aoD2SG 1e4 2 68 - 0.03 0.19 31988
moore 1e4 2 68 - 1.11 1217.29 2960584
nbpm 1e4 2 68 - 7.60 618.39 7889424
greedy 1e4 2 68 - 6.26 272.78 10968568
dry 2e7 2 133 - 0.26 0.74 420796
aoDLAV 2e7 2 133 - 1.60 107.22 2987072
aoULAV 2e7 2 133 - 1.68 113.11 2987068
aoD2AG 2e7 2 133 - 4.14 165.45 4387852
aoD2SG 2e7 2 133 - 3.70 195.44 4548112
dry 6e7 2 108 - 0.65 1.90 1202044
aoDLAV 6e7 2 108 - 4.89 358.71 8924560
aoULAV 6e7 2 108 - 6.83 382.53 8924560
aoD2AG 6e7 2 108 - 12.31 537.31 13118936
aoD2SG 6e7 2 108 - 12.24 625.48 13597376
dry 1e4 2 58 - 0.03 0.12 26436
aoDLAV 1e4 2 58 - 0.03 0.17 31864
aoULAV 1e4 2 58 - 0.03 0.17 31876
aoD2AG 1e4 2 58 - 0.03 0.18 31876
aoD2SG 1e4 2 58 - 0.02 0.19 31988
moore 1e4 2 58 - 1.23 1043.81 2960580
nbpm 1e4 2 58 - 7.44 336.97 7889424
greedy 1e4 2 58 - 6.65 275.41 10968568
dry 7e7 2 249 - 0.85 2.17 1397356
aoDLAV 7e7 2 249 - 5.68 424.59 10408936
aoULAV 7e7 2 249 - 7.38 450.82 10408940
aoD2AG 7e7 2 249 - 13.36 653.06 15307056
aoD2SG 7e7 2 249 - 14.34 753.89 15866608
dry 7e7 2 161 - 0.79 2.15 1397360
aoDLAV 7e7 2 161 - 5.66 430.56 10408940
aoULAV 7e7 2 161 - 7.73 464.97 10408940
aoD2AG 7e7 2 161 - 13.57 655.58 15303504
aoD2SG 7e7 2 161 - 14.46 762.93 15862120
dry 5e7 2 26 - 0.60 1.63 1006740
aoDLAV 5e7 2 26 - 4.10 297.10 7440192
aoULAV 5e7 2 26 - 5.49 324.18 7440192
aoD2AG 5e7 2 26 - 10.16 435.05 10937532
aoD2SG 5e7 2 26 - 10.65 516.36 11336576
dry 56e6 2 5 - 0.71 1.84 1123928
aoDLAV 56e6 2 5 - 4.68 334.74 8330816
aoULAV 56e6 2 5 - 6.29 353.81 8330820
aoD2AG 56e6 2 5 - 11.09 579.44 12247380
aoD2SG 56e6 2 5 - 11.61 590.69 12695508
dry 1e4 10 176 - 0.03 0.12 27688
aoDLAV 1e4 10 176 - 0.04 0.67 32764
aoULAV 1e4 10 176 - 0.03 0.68 32780
aoD2AG 1e4 10 176 - 0.03 0.72 32748
aoD2SG 1e4 10 176 - 0.03 0.79 34176
moore 1e4 10 176 - 1.20 1024.41 2963852
nbpm 1e4 10 176 - 7.39 770.80 7764388
greedy 1e4 10 176 - 6.64 266.00 10961112
dry 6e7 2 227 - 0.69 1.90 1202048
aoDLAV 6e7 2 227 - 5.07 444.15 8924564
aoULAV 6e7 2 227 - 6.60 392.56 8924564
aoD2AG 6e7 2 227 - 12.25 531.61 13120680
aoD2SG 6e7 2 227 - 12.61 620.17 13598696
dry 25e2 2 88 - 0.03 0.12 26084
aoDLAV 25e2 2 88 - 0.03 0.15 30452
aoULAV 25e2 2 88 - 0.04 0.15 30464
aoD2AG 25e2 2 88 - 0.04 0.16 30968
aoD2SG 25e2 2 88 - 0.04 0.15 31008
moore 25e2 2 88 - 0.10 59.60 213604
nbpm 25e2 2 88 - 0.57 12.46 541644
greedy 25e2 2 88 - 0.48 10.17 713664
dry 32e2 2 206 - 0.02 0.12 26112
aoDLAV 32e2 2 206 - 0.03 0.14 30544
aoULAV 32e2 2 206 - 0.02 0.15 30548
aoD2AG 32e2 2 206 - 0.02 0.15 31200
aoD2SG 32e2 2 206 - 0.02 0.16 31256
moore 32e2 2 206 - 0.33 82.18 330512
nbpm 32e2 2 206 - 0.88 21.58 854752
greedy 32e2 2 206 - 0.63 20.24 1150164
dry 50e2 2 59 - 0.03 0.12 28200
aoDLAV 50e2 2 59 - 0.02 0.16 30848
aoULAV 50e2 2 59 - 0.03 0.15 30860
aoD2AG 50e2 2 59 - 0.02 0.15 31772
aoD2SG 50e2 2 59 - 0.02 0.17 31884
moore 50e2 2 59 - 0.34 114.93 762972
nbpm 50e2 2 59 - 2.00 52.80 2011916
greedy 50e2 2 59 - 1.58 60.58 2764780
dry 18e2 2 114 - 0.03 0.11 26048
aoDLAV 18e2 2 114 - 0.03 0.14 30372
aoULAV 18e2 2 114 - 0.02 0.15 30384
aoD2AG 18e2 2 114 - 0.02 0.15 30792
aoD2SG 18e2 2 114 - 0.03 0.14 30832
moore 18e2 2 114 - 0.07 22.25 125408
nbpm 18e2 2 114 - 0.23 7.42 334528
greedy 18e2 2 114 - 0.21 4.08 384352
dry 3e7 2 61 - 0.34 1.04 616104
aoDLAV 3e7 2 61 - 2.75 209.38 4471428
aoULAV 3e7 2 61 - 3.27 208.11 4471432
aoD2AG 3e7 2 61 - 5.46 255.42 6573692
aoD2SG 3e7 2 61 - 6.40 379.29 6809792
dry 50e2 2 3 - 0.03 0.12 26204
aoDLAV 50e2 2 3 - 0.04 0.16 30848
aoULAV 50e2 2 3 - 0.04 0.16 30860
aoD2AG 50e2 2 3 - 0.03 0.17 31780
aoD2SG 50e2 2 3 - 0.05 0.16 31860
moore 50e2 2 3 - 0.34 117.14 762976
nbpm 50e2 2 3 - 1.98 60.51 2011916
greedy 50e2 2 3 - 1.62 58.45 2764784
dry 18e2 2 23 - 0.02 0.12 26048
aoDLAV 18e2 2 23 - 0.02 0.15 30376
aoULAV 18e2 2 23 - 0.03 0.14 30388
aoD2AG 18e2 2 23 - 0.02 0.15 30788
aoD2SG 18e2 2 23 - 0.04 0.14 30832
moore 18e2 2 23 - 0.07 5.51 125436
nbpm 18e2 2 23 - 0.16 8.62 334528
greedy 18e2 2 23 - 0.25 4.04 384352
dry 6e7 2 162 - 0.69 1.92 1202048
aoDLAV 6e7 2 162 - 5.17 358.09 8924560
aoULAV 6e7 2 162 - 6.58 388.66 8924564
aoD2AG 6e7 2 162 - 12.19 535.25 13121404
aoD2SG 6e7 2 162 - 12.55 627.16 13599716
dry 3e7 2 137 - 0.41 1.10 616108
aoDLAV 3e7 2 137 - 2.60 197.45 4471428
aoULAV 3e7 2 137 - 3.47 221.06 4471428
aoD2AG 3e7 2 137 - 5.18 252.18 6570236
aoD2SG 3e7 2 137 - 6.06 300.66 6807808
dry 25e2 2 242 - 0.02 0.12 26084
aoDLAV 25e2 2 242 - 0.03 0.14 30452
aoULAV 25e2 2 242 - 0.02 0.15 30464
aoD2AG 25e2 2 242 - 0.03 0.15 30976
aoD2SG 25e2 2 242 - 0.03 0.15 31020
moore 25e2 2 242 - 0.08 17.60 213632
nbpm 25e2 2 242 - 0.54 15.17 541644
greedy 25e2 2 242 - 0.57 14.00 713664
dry 2e7 2 69 - 0.27 0.78 420800
aoDLAV 2e7 2 69 - 1.83 120.01 2987068
aoULAV 2e7 2 69 - 2.14 112.72 2987068
aoD2AG 2e7 2 69 - 3.51 168.18 4387856
aoD2SG 2e7 2 69 - 4.14 193.31 4545280
dry 25e2 2 128 - 0.03 0.12 26084
aoDLAV 25e2 2 128 - 0.03 0.16 30456
aoULAV 25e2 2 128 - 0.03 0.15 30464
aoD2AG 25e2 2 128 - 0.03 0.15 30992
aoD2SG 25e2 2 128 - 0.04 0.15 31048
moore 25e2 2 128 - 0.11 22.95 213604
nbpm 25e2 2 128 - 0.60 12.32 541648
greedy 25e2 2 128 - 0.49 10.54 713668
dry 1e4 2 210 - 0.03 0.12 28332
aoDLAV 1e4 2 210 - 0.03 0.18 31864
aoULAV 1e4 2 210 - 0.04 0.18 31876
aoD2AG 1e4 2 210 - 0.03 0.19 31880
aoD2SG 1e4 2 210 - 0.03 0.19 31992
moore 1e4 2 210 - 1.14 1171.49 2960580
nbpm 1e4 2 210 - 7.55 374.17 7889420
greedy 1e4 2 210 - 6.77 275.23 10968572
dry 7e7 2 172 - 0.79 2.16 1397356
aoDLAV 7e7 2 172 - 5.82 467.55 10408940
aoULAV 7e7 2 172 - 7.54 437.74 10409044
aoD2AG 7e7 2 172 - 13.40 650.73 15305248
aoD2SG 7e7 2 172 - 14.70 975.99 15863916
dry 2e7 2 60 - 0.28 0.74 420800
aoDLAV 2e7 2 60 - 1.86 114.00 2987068
aoULAV 2e7 2 60 - 1.72 114.60 2987068
aoD2AG 2e7 2 60 - 3.55 162.96 4385952
aoD2SG 2e7 2 60 - 4.19 194.87 4545920
dry 3e7 2 221 - 0.38 1.04 616104
aoDLAV 3e7 2 221 - 2.58 196.35 4471432
aoULAV 3e7 2 221 - 2.61 179.30 4471428
aoD2AG 3e7 2 221 - 5.97 251.28 6571744
aoD2SG 3e7 2 221 - 6.11 293.74 6810400
dry 25e2 2 110 - 0.02 0.12 26084
aoDLAV 25e2 2 110 - 0.03 0.14 30452
aoULAV 25e2 2 110 - 0.03 0.14 30464
aoD2AG 25e2 2 110 - 0.04 0.14 31040
aoD2SG 25e2 2 110 - 0.03 0.14 31028
moore 25e2 2 110 - 0.10 28.23 213596
nbpm 25e2 2 110 - 0.53 12.59 541640
greedy 25e2 2 110 - 0.42 8.91 713668
dry 5e7 2 246 - 0.58 1.61 1006780
aoDLAV 5e7 2 246 - 4.19 293.54 7440192
aoULAV 5e7 2 246 - 5.57 305.48 7440192
aoD2AG 5e7 2 246 - 10.06 504.06 10938696
aoD2SG 5e7 2 246 - 10.82 525.83 11337532
dry 32e2 2 163 - 0.02 0.12 26116
aoDLAV 32e2 2 163 - 0.04 0.14 30540
aoULAV 32e2 2 163 - 0.02 0.16 30548
aoD2AG 32e2 2 163 - 0.04 0.14 31200
aoD2SG 32e2 2 163 - 0.03 0.15 31256
moore 32e2 2 163 - 0.17 40.03 330516
nbpm 32e2 2 163 - 0.97 20.08 854752
greedy 32e2 2 163 - 0.79 21.58 1150164
dry 18e2 2 244 - 0.02 0.13 26052
aoDLAV 18e2 2 244 - 0.03 0.15 30372
aoULAV 18e2 2 244 - 0.02 0.15 30388
aoD2AG 18e2 2 244 - 0.03 0.15 30784
aoD2SG 18e2 2 244 - 0.02 0.15 30820
moore 18e2 2 244 - 0.07 20.80 125412
nbpm 18e2 2 244 - 0.17 7.51 334528
greedy 18e2 2 244 - 0.25 3.79 384352
dry 32e6 2 215 - 0.37 1.09 655232
aoDLAV 32e6 2 215 - 2.79 181.94 4768324
aoULAV 32e6 2 215 - 2.68 187.61 4768328
aoD2AG 32e6 2 215 - 6.59 275.90 7008880
aoD2SG 32e6 2 215 - 6.78 313.86 7263164
dry 56e2 2 80 - 0.03 0.12 28268
aoDLAV 56e2 2 80 - 0.03 0.16 30980
aoULAV 56e2 2 80 - 0.03 0.15 30992
aoD2AG 56e2 2 80 - 0.04 0.17 31992
aoD2SG 56e2 2 80 - 0.02 0.19 31120
moore 56e2 2 80 - 0.70 225.43 952720
nbpm 56e2 2 80 - 2.55 72.30 2388080
greedy 56e2 2 80 - 2.15 78.96 3460488
dry 1e4 2 3 - 0.02 0.12 26436
aoDLAV 1e4 2 3 - 0.03 0.17 31864
aoULAV 1e4 2 3 - 0.02 0.18 31876
aoD2AG 1e4 2 3 - 0.03 0.18 31876
aoD2SG 1e4 2 3 - 0.03 0.19 31992
moore 1e4 2 3 - 1.16 825.49 2960572
nbpm 1e4 2 3 - 7.57 393.38 7889416
greedy 1e4 2 3 - 6.40 244.26 10968572
