dry 32e2 2 221 - 0.02 0.11 26112
aoDLAV 32e2 2 221 - 0.02 0.12 30540
aoULAV 32e2 2 221 - 0.02 0.12 30552
aoD2AG 32e2 2 221 - 0.02 0.12 31204
aoD2SG 32e2 2 221 - 0.02 0.13 31264
moore 32e2 2 221 - 0.12 32.04 330512
nbpm 32e2 2 221 - 0.83 18.87 854752
greedy 32e2 2 221 - 0.56 15.79 1150164
dry 4e7 2 232 - 0.41 1.28 811424
aoDLAV 4e7 2 232 - 3.21 230.57 5955824
aoULAV 4e7 2 232 - 4.12 252.60 5955816
aoD2AG 4e7 2 232 - 7.65 353.41 8752560
aoD2SG 4e7 2 232 - 8.13 400.11 9073652
dry 18e2 2 115 - 0.02 0.12 26052
aoDLAV 18e2 2 115 - 0.03 0.15 30372
aoULAV 18e2 2 115 - 0.04 0.14 30384
aoD2AG 18e2 2 115 - 0.03 0.15 30788
aoD2SG 18e2 2 115 - 0.03 0.15 30816
moore 18e2 2 115 - 0.06 24.41 125416
nbpm 18e2 2 115 - 0.19 8.49 334540
greedy 18e2 2 115 - 0.27 3.88 384352
dry 2e7 2 104 - 0.23 0.75 420796
aoDLAV 2e7 2 104 - 1.70 108.68 2987068
aoULAV 2e7 2 104 - 1.72 118.59 2987100
aoD2AG 2e7 2 104 - 3.32 157.99 4387788
aoD2SG 2e7 2 104 - 3.94 189.84 4548184
dry 18e6 2 104 - 0.25 0.69 381736
aoDLAV 18e6 2 104 - 1.54 95.11 2690192
aoULAV 18e6 2 104 - 1.70 102.51 2690192
aoD2AG 18e6 2 104 - 3.13 142.48 3950168
aoD2SG 18e6 2 104 - 3.85 172.67 4095352
dry 18e6 2 175 - 0.22 0.71 381740
aoDLAV 18e6 2 175 - 1.63 95.35 2690192
aoULAV 18e6 2 175 - 2.07 101.83 2690192
aoD2AG 18e6 2 175 - 3.10 139.26 3951480
aoD2SG 18e6 2 175 - 3.36 163.25 4095136
dry 32e6 2 151 - 0.37 1.13 655180
aoDLAV 32e6 2 151 - 2.77 187.01 4768324
aoULAV 32e6 2 151 - 3.52 197.76 4768324
aoD2AG 32e6 2 151 - 5.66 282.92 7004536
aoD2SG 32e6 2 151 - 6.57 320.85 7260524
dry 7e7 2 193 - 0.73 2.18 1397360
aoDLAV 7e7 2 193 - 5.99 519.96 10408940
aoULAV 7e7 2 193 - 7.56 450.03 10408936
aoD2AG 7e7 2 193 - 13.51 648.83 15304132
aoD2SG 7e7 2 193 - 14.02 742.11 15862952
dry 25e2 2 112 - 0.02 0.12 26084
aoDLAV 25e2 2 112 - 0.03 0.14 30452
aoULAV 25e2 2 112 - 0.02 0.15 30464
aoD2AG 25e2 2 112 - 0.03 0.15 30992
aoD2SG 25e2 2 112 - 0.04 0.15 31028
moore 25e2 2 112 - 0.10 36.06 213644
nbpm 25e2 2 112 - 0.57 12.40 541644
greedy 25e2 2 112 - 0.44 10.90 713668
dry 2e7 2 2 - 0.27 0.76 420800
aoDLAV 2e7 2 2 - 1.80 108.72 2987068
aoULAV 2e7 2 2 - 1.77 115.00 2987072
aoD2AG 2e7 2 2 - 3.54 162.49 4386956
aoD2SG 2e7 2 2 - 4.33 186.09 4546260
dry 7e7 2 236 - 0.79 2.23 1397356
aoDLAV 7e7 2 236 - 5.91 418.36 10408936
aoULAV 7e7 2 236 - 7.74 458.68 10408936
aoD2AG 7e7 2 236 - 14.42 637.90 15303252
aoD2SG 7e7 2 236 - 14.83 731.81 15864648
dry 5e7 2 185 - 0.60 1.61 1006736
aoDLAV 5e7 2 185 - 4.38 289.93 7440192
aoULAV 5e7 2 185 - 5.60 305.58 7440196
aoD2AG 5e7 2 185 - 10.18 434.86 10937604
aoD2SG 5e7 2 185 - 10.68 509.92 11337836
dry 18e2 2 60 - 0.03 0.12 26052
aoDLAV 18e2 2 60 - 0.03 0.14 30372
aoULAV 18e2 2 60 - 0.03 0.14 30384
aoD2AG 18e2 2 60 - 0.03 0.15 30788
aoD2SG 18e2 2 60 - 0.04 0.14 30820
moore 18e2 2 60 - 0.07 10.30 125448
nbpm 18e2 2 60 - 0.20 7.52 334536
greedy 18e2 2 60 - 0.27 3.73 384356
dry 5e7 2 52 - 0.66 1.70 1006740
aoDLAV 5e7 2 52 - 4.29 301.95 7440192
aoULAV 5e7 2 52 - 5.53 315.02 7440196
aoD2AG 5e7 2 52 - 9.73 450.34 10937592
aoD2SG 5e7 2 52 - 10.28 531.98 11337400
dry 1e4 2 113 - 0.02 0.12 26436
aoDLAV 1e4 2 113 - 0.03 0.17 31864
aoULAV 1e4 2 113 - 0.03 0.17 31876
aoD2AG 1e4 2 113 - 0.03 0.18 31876
aoD2SG 1e4 2 113 - 0.03 0.19 31988
moore 1e4 2 113 - 1.34 1144.79 2960580
nbpm 1e4 2 113 - 7.09 344.56 7889424
greedy 1e4 2 113 - 6.35 272.32 10968572
dry 56e2 2 95 - 0.03 0.13 26240
aoDLAV 56e2 2 95 - 0.04 0.17 30976
aoULAV 56e2 2 95 - 0.03 0.18 30992
aoD2AG 56e2 2 95 - 0.04 0.18 31988
aoD2SG 56e2 2 95 - 0.04 0.18 31124
moore 56e2 2 95 - 0.49 192.47 952688
nbpm 56e2 2 95 - 2.42 72.40 2388080
greedy 56e2 2 95 - 2.07 77.44 3460548
dry 32e6 2 70 - 0.38 1.09 655180
aoDLAV 32e6 2 70 - 2.94 175.05 4768324
aoULAV 32e6 2 70 - 3.51 193.84 4768324
aoD2AG 32e6 2 70 - 6.05 273.33 7008004
aoD2SG 32e6 2 70 - 6.90 324.05 7264260
dry 3e7 2 19 - 0.35 1.04 616108
aoDLAV 3e7 2 19 - 2.46 170.62 4471432
aoULAV 3e7 2 19 - 2.44 179.16 4471428
aoD2AG 3e7 2 19 - 5.92 247.01 6569772
aoD2SG 3e7 2 19 - 6.10 286.12 6808252
dry 25e2 2 92 - 0.02 0.13 26080
aoDLAV 25e2 2 92 - 0.03 0.14 30456
aoULAV 25e2 2 92 - 0.03 0.14 30464
aoD2AG 25e2 2 92 - 0.02 0.16 30996
aoD2SG 25e2 2 92 - 0.03 0.15 31020
moore 25e2 2 92 - 0.08 18.53 213632
nbpm 25e2 2 92 - 0.55 12.58 541644
greedy 25e2 2 92 - 0.37 10.28 713664
dry 5e7 2 229 - 0.54 1.61 1006736
aoDLAV 5e7 2 229 - 4.30 372.09 7440192
aoULAV 5e7 2 229 - 5.33 310.78 7440192
aoD2AG 5e7 2 229 - 9.78 579.69 10938964
aoD2SG 5e7 2 229 - 10.44 532.97 11338016
dry 1e4 2 42 - 0.03 0.12 26432
aoDLAV 1e4 2 42 - 0.03 0.19 31864
aoULAV 1e4 2 42 - 0.03 0.19 31876
aoD2AG 1e4 2 42 - 0.03 0.19 31876
aoD2SG 1e4 2 42 - 0.03 0.19 31988
moore 1e4 2 42 - 1.33 801.74 2960576
nbpm 1e4 2 42 - 7.32 344.33 7889412
greedy 1e4 2 42 - 6.19 271.35 10968568
dry 50e2 2 144 - 0.03 0.11 26204
aoDLAV 50e2 2 144 - 0.03 0.15 30852
aoULAV 50e2 2 144 - 0.03 0.15 30864
aoD2AG 50e2 2 144 - 0.03 0.16 31808
aoD2SG 50e2 2 144 - 0.03 0.18 31888
moore 50e2 2 144 - 0.63 180.98 764628
nbpm 50e2 2 144 - 1.95 55.26 2011924
greedy 50e2 2 144 - 1.70 60.40 2764780
dry 18e2 2 222 - 0.02 0.12 26048
aoDLAV 18e2 2 222 - 0.02 0.15 30376
aoULAV 18e2 2 222 - 0.03 0.14 30384
aoD2AG 18e2 2 222 - 0.03 0.14 30792
aoD2SG 18e2 2 222 - 0.02 0.15 30824
moore 18e2 2 222 - 0.07 17.66 125416
nbpm 18e2 2 222 - 0.18 8.72 334536
greedy 18e2 2 222 - 0.29 4.00 384356
dry 50e2 2 241 - 0.02 0.12 26204
aoDLAV 50e2 2 241 - 0.04 0.14 30848
aoULAV 50e2 2 241 - 0.03 0.15 30860
aoD2AG 50e2 2 241 - 0.03 0.15 31788
aoD2SG 50e2 2 241 - 0.04 0.16 31892
moore 50e2 2 241 - 0.33 99.39 762972
nbpm 50e2 2 241 - 1.94 56.50 2011916
greedy 50e2 2 241 - 1.64 64.17 2764780
dry 32e6 2 21 - 0.37 1.11 655176
aoDLAV 32e6 2 21 - 2.62 177.30 4768324
aoULAV 32e6 2 21 - 2.60 194.06 4768328
aoD2AG 32e6 2 21 - 6.18 268.43 7007664
aoD2SG 32e6 2 21 - 6.65 327.87 7261092
dry 3e7 2 191 - 0.35 1.04 616104
aoDLAV 3e7 2 191 - 2.68 168.84 4471428
aoULAV 3e7 2 191 - 3.14 171.64 4471428
aoD2AG 3e7 2 191 - 5.28 259.66 6572488
aoD2SG 3e7 2 191 - 6.09 296.21 6808200
dry 1e4 5 212 - 0.03 0.12 26900
aoDLAV 1e4 5 212 - 0.04 0.21 31088
aoULAV 1e4 5 212 - 0.03 0.22 31096
aoD2AG 1e4 5 212 - 0.02 0.24 32112
aoD2SG 1e4 5 212 - 0.03 0.24 32108
moore 1e4 5 212 - 1.23 800.25 2961732
nbpm 1e4 5 212 - 7.41 654.57 7811448
greedy 1e4 5 212 - 6.68 292.87 10959172
dry 25e2 2 161 - 0.02 0.12 26084
aoDLAV 25e2 2 161 - 0.03 0.15 30456
aoULAV 25e2 2 161 - 0.03 0.15 30464
aoD2AG 25e2 2 161 - 0.03 0.15 30972
aoD2SG 25e2 2 161 - 0.03 0.15 31020
moore 25e2 2 161 - 0.10 24.15 213596
nbpm 25e2 2 161 - 0.52 12.77 541636
greedy 25e2 2 161 - 0.48 11.30 713664
dry 32e2 2 108 - 0.03 0.12 26116
aoDLAV 32e2 2 108 - 0.03 0.15 30544
aoULAV 32e2 2 108 - 0.03 0.16 30548
aoD2AG 32e2 2 108 - 0.03 0.16 31196
aoD2SG 32e2 2 108 - 0.03 0.15 31260
moore 32e2 2 108 - 0.26 61.15 330512
nbpm 32e2 2 108 - 0.86 19.97 854756
greedy 32e2 2 108 - 0.71 21.39 1150164
dry 25e2 2 31 - 0.02 0.12 26084
aoDLAV 25e2 2 31 - 0.03 0.15 30452
aoULAV 25e2 2 31 - 0.03 0.16 30468
aoD2AG 25e2 2 31 - 0.03 0.16 30992
aoD2SG 25e2 2 31 - 0.03 0.15 31036
moore 25e2 2 31 - 0.10 28.91 213600
nbpm 25e2 2 31 - 0.55 12.37 541640
greedy 25e2 2 31 - 0.42 8.96 713668
dry 3e7 2 84 - 0.34 1.04 616104
aoDLAV 3e7 2 84 - 2.45 165.88 4471428
aoULAV 3e7 2 84 - 2.60 177.25 4471428
aoD2AG 3e7 2 84 - 6.29 259.60 6571168
aoD2SG 3e7 2 84 - 6.55 289.79 6812124
dry 5e7 2 135 - 0.53 1.62 1006736
aoDLAV 5e7 2 135 - 4.07 290.03 7440192
aoULAV 5e7 2 135 - 5.38 309.02 7440192
aoD2AG 5e7 2 135 - 9.64 433.32 10936676
aoD2SG 5e7 2 135 - 10.68 523.96 11335044
dry 7e7 2 183 - 0.82 2.21 1397360
aoDLAV 7e7 2 183 - 6.13 412.84 10408940
aoULAV 7e7 2 183 - 7.87 441.89 10408940
aoD2AG 7e7 2 183 - 14.25 816.91 15302364
aoD2SG 7e7 2 183 - 14.57 769.01 15860808
dry 1e4 5 124 - 0.02 0.12 28564
aoDLAV 1e4 5 124 - 0.03 0.22 31084
aoULAV 1e4 5 124 - 0.03 0.21 31096
aoD2AG 1e4 5 124 - 0.03 0.22 32108
aoD2SG 1e4 5 124 - 0.02 0.25 32108
moore 1e4 5 124 - 1.16 1020.93 2961736
nbpm 1e4 5 124 - 7.74 946.93 7811448
greedy 1e4 5 124 - 6.98 293.52 10959172
dry 4e7 2 108 - 0.48 1.32 811468
aoDLAV 4e7 2 108 - 3.54 230.55 5955816
aoULAV 4e7 2 108 - 4.26 241.67 5955816
aoD2AG 4e7 2 108 - 7.48 351.76 8751716
aoD2SG 4e7 2 108 - 8.43 494.68 9071592
dry 75e2 2 195 - 0.02 0.12 26328
aoDLAV 75e2 2 195 - 0.04 0.14 31376
aoULAV 75e2 2 195 - 0.03 0.16 31388
aoD2AG 75e2 2 195 - 0.03 0.18 31380
aoD2SG 75e2 2 195 - 0.02 0.18 31380
moore 75e2 2 195 - 1.29 494.86 1688792
nbpm 75e2 2 195 - 4.10 163.90 4242132
greedy 75e2 2 195 - 3.57 144.15 6183096
dry 56e6 2 180 - 0.62 1.79 1123924
aoDLAV 56e6 2 180 - 4.80 323.34 8330816
aoULAV 56e6 2 180 - 6.40 347.62 8330816
aoD2AG 56e6 2 180 - 11.05 494.61 12247504
aoD2SG 56e6 2 180 - 11.96 588.68 12692216
dry 3e7 2 223 - 0.39 1.05 616104
aoDLAV 3e7 2 223 - 2.60 169.28 4471428
aoULAV 3e7 2 223 - 3.35 179.48 4471476
aoD2AG 3e7 2 223 - 5.79 256.67 6570784
aoD2SG 3e7 2 223 - 5.76 300.98 6809704
dry 2e7 2 43 - 0.29 0.74 420796
aoDLAV 2e7 2 43 - 1.87 115.70 2987072
aoULAV 2e7 2 43 - 2.31 115.90 2987068
aoD2AG 2e7 2 43 - 3.58 163.58 4387876
aoD2SG 2e7 2 43 - 4.18 197.23 4547644
dry 5e7 2 24 - 0.62 1.61 1006748
aoDLAV 5e7 2 24 - 4.30 298.98 7440196
aoULAV 5e7 2 24 - 5.59 316.65 7440192
aoD2AG 5e7 2 24 - 9.96 445.96 10937512
aoD2SG 5e7 2 24 - 10.71 528.59 11335420
dry 1e4 5 120 - 0.03 0.11 26900
aoDLAV 1e4 5 120 - 0.03 0.21 31088
aoULAV 1e4 5 120 - 0.03 0.22 31100
aoD2AG 1e4 5 120 - 0.03 0.23 32112
aoD2SG 1e4 5 120 - 0.03 0.23 32108
moore 1e4 5 120 - 1.22 810.81 2961736
nbpm 1e4 5 120 - 7.63 612.70 7811452
greedy 1e4 5 120 - 6.73 303.51 10959172
dry 18e2 2 210 - 0.02 0.13 26048
aoDLAV 18e2 2 210 - 0.03 0.15 30372
aoULAV 18e2 2 210 - 0.03 0.14 30384
aoD2AG 18e2 2 210 - 0.03 0.15 30776
aoD2SG 18e2 2 210 - 0.03 0.15 30812
moore 18e2 2 210 - 0.07 24.48 125408
nbpm 18e2 2 210 - 0.20 7.57 334528
greedy 18e2 2 210 - 0.23 3.72 384356
dry 1e4 2 83 - 0.02 0.12 26432
aoDLAV 1e4 2 83 - 0.03 0.17 31864
aoULAV 1e4 2 83 - 0.03 0.17 31876
aoD2AG 1e4 2 83 - 0.03 0.18 31876
aoD2SG 1e4 2 83 - 0.03 0.19 31992
moore 1e4 2 83 - 1.20 1064.94 2960576
nbpm 1e4 2 83 - 7.44 345.31 7889416
greedy 1e4 2 83 - 7.35 287.15 10968568
dry 1e4 5 27 - 0.03 0.12 28728
aoDLAV 1e4 5 27 - 0.03 0.22 31088
aoULAV 1e4 5 27 - 0.03 0.21 31096
aoD2AG 1e4 5 27 - 0.03 0.22 32108
aoD2SG 1e4 5 27 - 0.03 0.23 32108
moore 1e4 5 27 - 1.15 1095.14 2961736
nbpm 1e4 5 27 - 7.73 631.99 7811448
greedy 1e4 5 27 - 6.44 292.05 10959172
dry 5e7 2 191 - 0.60 1.58 1006736
aoDLAV 5e7 2 191 - 4.22 290.85 7440196
aoULAV 5e7 2 191 - 5.52 312.46 7440196
aoD2AG 5e7 2 191 - 9.84 460.63 10936920
aoD2SG 5e7 2 191 - 10.49 538.01 11335848
dry 56e2 2 19 - 0.02 0.12 26236
aoDLAV 56e2 2 19 - 0.03 0.15 30976
aoULAV 56e2 2 19 - 0.03 0.15 30988
aoD2AG 56e2 2 19 - 0.03 0.17 31988
aoD2SG 56e2 2 19 - 0.03 0.17 31124
moore 56e2 2 19 - 1.08 294.55 952724
nbpm 56e2 2 19 - 2.54 72.99 2388088
greedy 56e2 2 19 - 2.24 77.43 3460488
dry 75e2 2 13 - 0.02 0.13 26332
aoDLAV 75e2 2 13 - 0.04 0.16 31380
aoULAV 75e2 2 13 - 0.03 0.17 31388
aoD2AG 75e2 2 13 - 0.03 0.19 31380
aoD2SG 75e2 2 13 - 0.05 0.18 31384
moore 75e2 2 13 - 0.99 423.68 1688784
nbpm 75e2 2 13 - 4.33 160.46 4242124
greedy 75e2 2 13 - 4.10 156.73 6183088
dry 50e2 2 114 - 0.04 0.13 27952
aoDLAV 50e2 2 114 - 0.05 0.17 30848
aoULAV 50e2 2 114 - 0.05 0.16 30860
aoD2AG 50e2 2 114 - 0.03 0.17 31768
aoD2SG 50e2 2 114 - 0.04 0.19 31848
moore 50e2 2 114 - 0.52 159.24 764632
nbpm 50e2 2 114 - 2.05 58.74 2011924
greedy 50e2 2 114 - 1.82 64.02 2764780
dry 18e6 2 160 - 0.28 0.72 381736
aoDLAV 18e6 2 160 - 1.69 120.42 2690192
aoULAV 18e6 2 160 - 1.65 99.21 2690192
aoD2AG 18e6 2 160 - 3.69 144.33 3951960
aoD2SG 18e6 2 160 - 3.46 171.78 4093212
dry 32e2 2 141 - 0.02 0.12 26112
aoDLAV 32e2 2 141 - 0.03 0.14 30540
aoULAV 32e2 2 141 - 0.03 0.15 30552
aoD2AG 32e2 2 141 - 0.03 0.15 31212
aoD2SG 32e2 2 141 - 0.03 0.15 31264
moore 32e2 2 141 - 0.34 77.45 330520
nbpm 32e2 2 141 - 0.85 20.19 854760
greedy 32e2 2 141 - 0.67 21.35 1150168
dry 1e4 2 153 - 0.03 0.11 26436
aoDLAV 1e4 2 153 - 0.02 0.18 31864
aoULAV 1e4 2 153 - 0.02 0.18 31880
aoD2AG 1e4 2 153 - 0.04 0.18 31880
aoD2SG 1e4 2 153 - 0.03 0.18 31992
moore 1e4 2 153 - 1.41 844.47 2960580
nbpm 1e4 2 153 - 7.54 357.52 7889428
greedy 1e4 2 153 - 6.84 273.76 10968568
dry 18e6 2 29 - 0.27 0.71 381736
aoDLAV 18e6 2 29 - 1.61 97.37 2690196
aoULAV 18e6 2 29 - 1.98 98.01 2690192
aoD2AG 18e6 2 29 - 3.25 144.24 3950724
aoD2SG 18e6 2 29 - 3.31 166.24 4095480
dry 6e7 2 151 - 0.75 1.95 1202048
aoDLAV 6e7 2 151 - 5.17 361.98 8924560
aoULAV 6e7 2 151 - 6.70 401.86 8924560
aoD2AG 6e7 2 151 - 11.78 559.46 13121808
aoD2SG 6e7 2 151 - 12.83 643.12 13599624
dry 5e7 2 4 - 0.63 1.58 1006736
aoDLAV 5e7 2 4 - 4.13 301.00 7440196
aoULAV 5e7 2 4 - 5.58 315.64 7440192
aoD2AG 5e7 2 4 - 9.68 438.58 10938168
aoD2SG 5e7 2 4 - 10.31 528.97 11337540
dry 6e7 2 85 - 0.68 1.91 1202044
aoDLAV 6e7 2 85 - 5.04 371.30 8924564
aoULAV 6e7 2 85 - 6.78 394.59 8924560
aoD2AG 6e7 2 85 - 12.17 546.86 13120464
aoD2SG 6e7 2 85 - 12.60 664.81 13601600
dry 2e7 2 27 - 0.27 0.76 420816
aoDLAV 2e7 2 27 - 1.72 112.04 2987068
aoULAV 2e7 2 27 - 1.70 116.58 2987072
aoD2AG 2e7 2 27 - 4.00 161.59 4387808
aoD2SG 2e7 2 27 - 3.75 195.61 4546204
dry 32e2 2 184 - 0.03 0.12 26112
aoDLAV 32e2 2 184 - 0.03 0.15 30560
aoULAV 32e2 2 184 - 0.03 0.16 30548
aoD2AG 32e2 2 184 - 0.03 0.15 31208
aoD2SG 32e2 2 184 - 0.03 0.15 31264
moore 32e2 2 184 - 0.22 57.71 330512
nbpm 32e2 2 184 - 0.91 20.34 854756
greedy 32e2 2 184 - 0.66 22.49 1150164
dry 1e4 2 9 - 0.02 0.13 26432
aoDLAV 1e4 2 9 - 0.04 0.18 31864
aoULAV 1e4 2 9 - 0.03 0.18 31876
aoD2AG 1e4 2 9 - 0.03 0.18 31876
aoD2SG 1e4 2 9 - 0.03 0.18 31992
moore 1e4 2 9 - 1.16 976.87 2960624
nbpm 1e4 2 9 - 7.67 364.15 7889424
greedy 1e4 2 9 - 6.34 270.63 10968572
dry 25e2 2 83 - 0.02 0.12 26080
aoDLAV 25e2 2 83 - 0.03 0.15 30452
aoULAV 25e2 2 83 - 0.03 0.15 30464
aoD2AG 25e2 2 83 - 0.03 0.15 31004
aoD2SG 25e2 2 83 - 0.03 0.15 31040
moore 25e2 2 83 - 0.10 24.55 213596
nbpm 25e2 2 83 - 0.58 12.33 541636
greedy 25e2 2 83 - 0.44 10.34 713664
dry 1e4 2 117 - 0.03 0.12 26432
aoDLAV 1e4 2 117 - 0.03 0.18 31868
aoULAV 1e4 2 117 - 0.03 0.18 31880
aoD2AG 1e4 2 117 - 0.04 0.19 31876
aoD2SG 1e4 2 117 - 0.04 0.19 32008
moore 1e4 2 117 - 1.24 1040.51 2960580
nbpm 1e4 2 117 - 7.75 361.18 7889424
greedy 1e4 2 117 - 6.13 269.24 10968572
dry 1e4 5 39 - 0.02 0.13 27956
aoDLAV 1e4 5 39 - 0.03 0.21 31088
aoULAV 1e4 5 39 - 0.03 0.21 31096
aoD2AG 1e4 5 39 - 0.02 0.23 32112
aoD2SG 1e4 5 39 - 0.02 0.25 32108
moore 1e4 5 39 - 1.32 1094.25 2961736
nbpm 1e4 5 39 - 7.37 621.02 7811456
greedy 1e4 5 39 - 6.62 266.36 10959172
