dry 150e2 2 120 - 0.02 0.12 26628
aoDLAV 150e2 2 120 - 0.02 0.19 30824
aoULAV 150e2 2 120 - 0.03 0.19 30824
aoD2AG 150e2 2 120 - 0.02 0.21 31608
aoD2SG 150e2 2 120 - 0.04 0.20 31612
moore 150e2 2 120 - 2.15 3141.81 6629348
nbpm 150e2 2 120 - 15.34 1172.64 16814168
greedy 150e2 2 120 - 13.06 722.53 24630024
dry 150e2 2 139 - 0.03 0.12 28616
aoDLAV 150e2 2 139 - 0.04 0.19 30828
aoULAV 150e2 2 139 - 0.04 0.18 30864
aoD2AG 150e2 2 139 - 0.03 0.20 31612
aoD2SG 150e2 2 139 - 0.03 0.20 31608
moore 150e2 2 139 - 2.11 2954.19 6629352
nbpm 150e2 2 139 - 14.87 1124.37 16814180
greedy 150e2 2 139 - 12.69 618.61 24630024
dry 2e4 5 13 - 0.03 0.12 29444
aoDLAV 2e4 5 13 - 0.03 0.28 32760
aoULAV 2e4 5 13 - 0.03 0.29 32768
aoD2AG 2e4 5 13 - 0.03 0.31 33344
aoD2SG 2e4 5 13 - 0.02 0.36 32860
moore 2e4 5 13 - 3.52 7958.01 11768088
nbpm 2e4 5 13 - 28.19 5196.80 34200504
greedy 2e4 5 13 - 23.67 1323.78 43774004
dry 1e8 5 27 - 2.33 6.27 4327056
aoDLAV 1e8 5 27 - 11.55 2584.60 23065204
aoULAV 1e8 5 27 - 16.02 2729.65 23065208
aoD2AG 1e8 5 27 - 25.89 3012.99 30454664
aoD2SG 1e8 5 27 - 27.89 3605.88 31310072
dry 175e2 2 4 - 0.02 0.12 26736
aoDLAV 175e2 2 4 - 0.03 0.19 30716
aoULAV 175e2 2 4 - 0.03 0.18 30716
aoD2AG 175e2 2 4 - 0.03 0.21 31752
aoD2SG 175e2 2 4 - 0.03 0.21 31760
moore 175e2 2 4 - 2.85 5081.65 9014024
nbpm 175e2 2 4 - 21.17 1748.08 22863136
greedy 175e2 2 4 - 19.07 983.58 33516976
dry 8e7 2 22 - 0.82 2.44 1592676
aoDLAV 8e7 2 22 - 6.58 547.96 11893324
aoULAV 8e7 2 22 - 8.66 500.19 11893324
aoD2AG 8e7 2 22 - 14.82 707.28 17486456
aoD2SG 8e7 2 22 - 15.83 828.13 18124968
dry 18e3 2 131 - 0.03 0.11 26748
aoDLAV 18e3 2 131 - 0.03 0.18 30744
aoULAV 18e3 2 131 - 0.03 0.19 30740
aoD2AG 18e3 2 131 - 0.03 0.20 31804
aoD2SG 18e3 2 131 - 0.02 0.21 31808
moore 18e3 2 131 - 2.94 4867.15 9534988
nbpm 18e3 2 131 - 23.90 1913.67 25451064
greedy 18e3 2 131 - 19.61 958.20 35458368
dry 125e2 2 19 - 0.03 0.11 27952
aoDLAV 125e2 2 19 - 0.03 0.18 30708
aoULAV 125e2 2 19 - 0.03 0.17 30708
aoD2AG 125e2 2 19 - 0.03 0.19 31376
aoD2SG 125e2 2 19 - 0.02 0.19 31380
moore 125e2 2 19 - 1.57 1450.19 4611548
nbpm 125e2 2 19 - 11.44 675.18 12302328
greedy 125e2 2 19 - 9.66 408.18 17109964
dry 2e4 2 177 - 0.02 0.12 26828
aoDLAV 2e4 2 177 - 0.03 0.19 30808
aoULAV 2e4 2 177 - 0.04 0.18 30808
aoD2AG 2e4 2 177 - 0.02 0.21 32288
aoD2SG 2e4 2 177 - 0.04 0.21 32296
moore 2e4 2 177 - 3.46 6611.30 11765552
nbpm 2e4 2 177 - 29.01 3110.99 31402196
greedy 2e4 2 177 - 23.20 1210.37 43771040
dry 2e4 5 95 - 0.02 0.12 29192
aoDLAV 2e4 5 95 - 0.03 0.28 32756
aoULAV 2e4 5 95 - 0.03 0.29 32768
aoD2AG 2e4 5 95 - 0.03 0.32 33344
aoD2SG 2e4 5 95 - 0.03 0.35 32864
moore 2e4 5 95 - 3.47 6487.34 11768084
nbpm 2e4 5 95 - 28.74 4807.16 34200504
greedy 2e4 5 95 - 26.22 1415.19 43774004
dry 9e7 2 210 - 0.99 2.81 1787984
aoDLAV 9e7 2 210 - 7.84 549.57 13377684
aoULAV 9e7 2 210 - 10.19 578.64 13377684
aoD2AG 9e7 2 210 - 18.81 886.67 19670876
aoD2SG 9e7 2 210 - 19.84 1060.31 20388888
dry 1e8 5 216 - 4.40 6.34 4327052
aoDLAV 1e8 5 216 - 12.15 2796.11 23065204
aoULAV 1e8 5 216 - 16.88 2691.32 23065208
aoD2AG 1e8 5 216 - 26.48 3069.41 30457616
aoD2SG 1e8 5 216 - 28.17 3718.00 31312212
dry 1e8 5 143 - 2.40 6.25 4327052
aoDLAV 1e8 5 143 - 11.63 2799.64 23065208
aoULAV 1e8 5 143 - 15.70 3567.99 23065204
aoD2AG 1e8 5 143 - 26.27 3054.66 30458068
aoD2SG 1e8 5 143 - 28.09 4434.59 31314800
dry 8e7 2 71 - 0.84 2.46 1592676
aoDLAV 8e7 2 71 - 6.39 453.77 11893324
aoULAV 8e7 2 71 - 8.35 484.54 11893324
aoD2AG 8e7 2 71 - 14.85 674.17 17487384
aoD2SG 8e7 2 71 - 15.45 802.87 18123824
dry 150e2 2 230 - 0.02 0.12 26632
aoDLAV 150e2 2 230 - 0.03 0.18 30824
aoULAV 150e2 2 230 - 0.03 0.18 30868
aoD2AG 150e2 2 230 - 0.03 0.19 31608
aoD2SG 150e2 2 230 - 0.02 0.20 31612
moore 150e2 2 230 - 2.18 2588.83 6629352
nbpm 150e2 2 230 - 15.55 1152.87 16814180
greedy 150e2 2 230 - 14.01 659.26 24630024
dry 1e8 5 124 - 2.45 6.20 4327052
aoDLAV 1e8 5 124 - 12.26 2938.65 23065208
aoULAV 1e8 5 124 - 17.29 3608.77 23065204
aoD2AG 1e8 5 124 - 26.26 2957.56 30455940
aoD2SG 1e8 5 124 - 27.38 3475.56 31310828
dry 2e4 5 151 - 0.03 0.11 27780
aoDLAV 2e4 5 151 - 0.03 0.29 32756
aoULAV 2e4 5 151 - 0.04 0.29 32768
aoD2AG 2e4 5 151 - 0.04 0.32 33344
aoD2SG 2e4 5 151 - 0.02 0.35 32860
moore 2e4 5 151 - 3.56 7202.51 11768080
nbpm 2e4 5 151 - 30.15 5345.08 34200512
greedy 2e4 5 151 - 23.40 1317.43 43774004
dry 1e8 5 165 - 2.29 6.21 4327060
aoDLAV 1e8 5 165 - 11.62 2497.64 23065208
aoULAV 1e8 5 165 - 17.02 3517.26 23065204
aoD2AG 1e8 5 165 - 26.14 2864.49 30456300
aoD2SG 1e8 5 165 - 27.64 3483.48 31309100
dry 2e4 5 8 - 0.04 0.11 31012
aoDLAV 2e4 5 8 - 0.03 0.29 32756
aoULAV 2e4 5 8 - 0.03 0.29 32768
aoD2AG 2e4 5 8 - 0.03 0.33 33340
aoD2SG 2e4 5 8 - 0.04 0.33 32860
moore 2e4 5 8 - 3.72 7702.96 11768084
nbpm 2e4 5 8 - 30.08 4736.03 34200496
greedy 2e4 5 8 - 25.33 1292.68 43774004
dry 1e8 5 228 - 2.30 6.23 4327056
aoDLAV 1e8 5 228 - 15.09 2571.68 23065204
aoULAV 1e8 5 228 - 16.38 2665.24 23065204
aoD2AG 1e8 5 228 - 25.75 2914.36 30454640
aoD2SG 1e8 5 228 - 27.46 3532.37 31307088
dry 2e4 2 82 - 0.02 0.12 26828
aoDLAV 2e4 2 82 - 0.03 0.19 30812
aoULAV 2e4 2 82 - 0.04 0.18 30812
aoD2AG 2e4 2 82 - 0.02 0.22 32284
aoD2SG 2e4 2 82 - 0.03 0.22 32296
moore 2e4 2 82 - 3.62 7558.23 11765548
nbpm 2e4 2 82 - 29.68 2716.45 31402188
greedy 2e4 2 82 - 23.79 1247.56 43771044
dry 9e7 2 26 - 1.00 2.74 1787984
aoDLAV 9e7 2 26 - 7.17 531.81 13377684
aoULAV 9e7 2 26 - 9.92 574.48 13377688
aoD2AG 9e7 2 26 - 17.27 809.01 19670328
aoD2SG 9e7 2 26 - 18.15 932.84 20389856
dry 2e4 10 191 - 0.02 0.12 30660
aoDLAV 2e4 10 191 - 0.04 1.75 34836
aoULAV 2e4 10 191 - 0.04 1.78 34848
aoD2AG 2e4 10 191 - 0.04 1.85 36076
aoD2SG 2e4 10 191 - 0.03 2.10 36080
moore 2e4 10 191 - 3.51 7588.93 11770836
nbpm 2e4 10 191 - 29.11 5589.04 30880040
greedy 2e4 10 191 - 25.51 1433.02 43775820
dry 2e4 2 9 - 0.02 0.12 26828
aoDLAV 2e4 2 9 - 0.03 0.19 30808
aoULAV 2e4 2 9 - 0.03 0.20 30808
aoD2AG 2e4 2 9 - 0.04 0.20 32292
aoD2SG 2e4 2 9 - 0.04 0.22 32292
moore 2e4 2 9 - 3.49 6138.65 11765552
nbpm 2e4 2 9 - 29.06 2680.46 31402196
greedy 2e4 2 9 - 23.87 1242.37 43771040
dry 9e7 2 181 - 0.92 2.74 1787988
aoDLAV 9e7 2 181 - 7.15 523.46 13377684
aoULAV 9e7 2 181 - 9.79 562.28 13377688
aoD2AG 9e7 2 181 - 18.17 800.58 19669916
aoD2SG 9e7 2 181 - 18.77 936.73 20386124
dry 2e4 2 41 - 0.02 0.12 26832
aoDLAV 2e4 2 41 - 0.03 0.19 30812
aoULAV 2e4 2 41 - 0.03 0.19 30812
aoD2AG 2e4 2 41 - 0.04 0.20 32288
aoD2SG 2e4 2 41 - 0.04 0.20 32296
moore 2e4 2 41 - 3.50 7390.83 11765552
nbpm 2e4 2 41 - 30.06 2642.52 31402200
greedy 2e4 2 41 - 26.63 1223.46 43771040
dry 2e4 5 128 - 0.03 0.11 31016
aoDLAV 2e4 5 128 - 0.03 0.28 32756
aoULAV 2e4 5 128 - 0.03 0.29 32772
aoD2AG 2e4 5 128 - 0.03 0.32 33344
aoD2SG 2e4 5 128 - 0.03 0.33 32864
moore 2e4 5 128 - 3.56 6750.50 11768092
nbpm 2e4 5 128 - 29.09 5913.26 34200500
greedy 2e4 5 128 - 23.83 1277.80 43774008
dry 150e2 2 247 - 0.02 0.12 28480
aoDLAV 150e2 2 247 - 0.03 0.17 30824
aoULAV 150e2 2 247 - 0.02 0.18 30824
aoD2AG 150e2 2 247 - 0.03 0.19 31612
aoD2SG 150e2 2 247 - 0.02 0.20 31608
moore 150e2 2 247 - 2.11 2871.21 6629352
nbpm 150e2 2 247 - 14.73 1125.47 16814172
greedy 150e2 2 247 - 13.95 658.80 24630028
dry 18e3 2 100 - 0.02 0.12 28620
aoDLAV 18e3 2 100 - 0.03 0.19 30784
aoULAV 18e3 2 100 - 0.03 0.18 30740
aoD2AG 18e3 2 100 - 0.03 0.20 31804
aoD2SG 18e3 2 100 - 0.03 0.21 31824
