dry 6e7 2 208 - 0.57 1.78 1202044
aoDLAV 6e7 2 208 - 4.59 355.10 8924560
aoULAV 6e7 2 208 - 6.38 386.70 8924560
aoD2AG 6e7 2 208 - 11.42 537.90 13118732
aoD2SG 6e7 2 208 - 12.28 621.31 13599492
dry 32e2 2 123 - 0.03 0.12 26116
aoDLAV 32e2 2 123 - 0.03 0.15 30540
aoULAV 32e2 2 123 - 0.03 0.15 30552
aoD2AG 32e2 2 123 - 0.03 0.16 31196
aoD2SG 32e2 2 123 - 0.02 0.15 31256
moore 32e2 2 123 - 0.37 81.97 330520
nbpm 32e2 2 123 - 0.92 19.66 854764
greedy 32e2 2 123 - 0.73 26.32 1150164
dry 4e7 2 39 - 0.49 1.33 811428
aoDLAV 4e7 2 39 - 3.49 228.99 5955816
aoULAV 4e7 2 39 - 4.52 323.01 5955816
aoD2AG 4e7 2 39 - 7.79 368.17 8755528
aoD2SG 4e7 2 39 - 8.46 424.72 9073564
dry 50e2 2 95 - 0.02 0.12 26204
aoDLAV 50e2 2 95 - 0.03 0.15 30848
aoULAV 50e2 2 95 - 0.03 0.16 30864
aoD2AG 50e2 2 95 - 0.03 0.16 31784
aoD2SG 50e2 2 95 - 0.03 0.17 31864
moore 50e2 2 95 - 0.57 178.40 764620
nbpm 50e2 2 95 - 1.98 55.55 2011920
greedy 50e2 2 95 - 1.67 61.08 2764784
dry 7e7 2 130 - 0.79 2.21 1397360
aoDLAV 7e7 2 130 - 5.91 418.75 10408936
aoULAV 7e7 2 130 - 7.85 489.61 10408936
aoD2AG 7e7 2 130 - 13.74 638.78 15305284
aoD2SG 7e7 2 130 - 14.25 756.52 15860924
dry 25e2 2 26 - 0.02 0.13 26080
aoDLAV 25e2 2 26 - 0.03 0.16 30452
aoULAV 25e2 2 26 - 0.03 0.16 30464
aoD2AG 25e2 2 26 - 0.03 0.16 30984
aoD2SG 25e2 2 26 - 0.03 0.16 31032
moore 25e2 2 26 - 0.11 29.74 213604
nbpm 25e2 2 26 - 0.57 12.94 541644
greedy 25e2 2 26 - 0.41 11.28 713664
dry 32e6 2 216 - 0.42 1.10 655176
aoDLAV 32e6 2 216 - 2.74 176.48 4768324
aoULAV 32e6 2 216 - 2.78 191.34 4768324
aoD2AG 32e6 2 216 - 6.34 279.60 7006040
aoD2SG 32e6 2 216 - 6.92 315.56 7262796
dry 6e7 2 221 - 0.70 1.91 1202048
aoDLAV 6e7 2 221 - 5.05 376.91 8924564
aoULAV 6e7 2 221 - 6.75 476.75 8924560
aoD2AG 6e7 2 221 - 11.94 695.42 13122112
aoD2SG 6e7 2 221 - 12.97 699.58 13601136
dry 6e7 2 29 - 0.72 1.90 1202044
aoDLAV 6e7 2 29 - 5.12 348.72 8924560
aoULAV 6e7 2 29 - 6.50 368.20 8924560
aoD2AG 6e7 2 29 - 11.63 535.74 13119388
aoD2SG 6e7 2 29 - 12.27 614.36 13596928
dry 50e2 2 250 - 0.02 0.12 26208
aoDLAV 50e2 2 250 - 0.03 0.15 30848
aoULAV 50e2 2 250 - 0.03 0.15 30860
aoD2AG 50e2 2 250 - 0.03 0.16 31788
aoD2SG 50e2 2 250 - 0.03 0.18 31864
moore 50e2 2 250 - 0.74 212.35 764628
nbpm 50e2 2 250 - 1.99 57.51 2011928
greedy 50e2 2 250 - 1.74 59.04 2764784
dry 1e4 2 85 - 0.03 0.12 26432
aoDLAV 1e4 2 85 - 0.02 0.18 31864
aoULAV 1e4 2 85 - 0.03 0.17 31876
aoD2AG 1e4 2 85 - 0.03 0.18 31880
aoD2SG 1e4 2 85 - 0.02 0.19 31988
moore 1e4 2 85 - 1.06 1305.02 2960572
nbpm 1e4 2 85 - 7.59 354.56 7889416
greedy 1e4 2 85 - 6.44 263.26 10968568
dry 1e4 10 84 - 0.03 0.13 29564
aoDLAV 1e4 10 84 - 0.03 0.68 32764
aoULAV 1e4 10 84 - 0.03 0.67 32776
aoD2AG 1e4 10 84 - 0.03 0.70 32744
aoD2SG 1e4 10 84 - 0.04 0.76 34176
moore 1e4 10 84 - 1.20 892.45 2963852
nbpm 1e4 10 84 - 7.70 699.73 7764388
greedy 1e4 10 84 - 6.88 349.87 10961108
dry 1e4 5 240 - 0.03 0.11 28812
aoDLAV 1e4 5 240 - 0.03 0.22 31084
aoULAV 1e4 5 240 - 0.03 0.22 31096
aoD2AG 1e4 5 240 - 0.04 0.22 32108
aoD2SG 1e4 5 240 - 0.03 0.24 32112
moore 1e4 5 240 - 1.12 1072.57 2961736
nbpm 1e4 5 240 - 7.20 628.23 7811464
greedy 1e4 5 240 - 6.92 308.24 10959172
dry 7e7 2 102 - 0.76 2.21 1397356
aoDLAV 7e7 2 102 - 5.91 422.38 10408936
aoULAV 7e7 2 102 - 7.66 528.35 10408936
aoD2AG 7e7 2 102 - 14.12 642.30 15304120
aoD2SG 7e7 2 102 - 14.34 921.31 15861388
dry 32e2 2 92 - 0.03 0.12 26112
aoDLAV 32e2 2 92 - 0.03 0.15 30540
aoULAV 32e2 2 92 - 0.03 0.15 30548
aoD2AG 32e2 2 92 - 0.03 0.15 31220
aoD2SG 32e2 2 92 - 0.02 0.16 31276
moore 32e2 2 92 - 0.42 80.47 330512
nbpm 32e2 2 92 - 0.86 20.43 854752
greedy 32e2 2 92 - 0.72 22.45 1150168
dry 18e2 2 161 - 0.03 0.11 26052
aoDLAV 18e2 2 161 - 0.03 0.14 30372
aoULAV 18e2 2 161 - 0.03 0.15 30384
aoD2AG 18e2 2 161 - 0.03 0.15 30784
aoD2SG 18e2 2 161 - 0.04 0.14 30820
moore 18e2 2 161 - 0.08 20.54 125408
nbpm 18e2 2 161 - 0.22 7.60 334528
greedy 18e2 2 161 - 0.23 4.92 384348
dry 1e4 10 184 - 0.03 0.12 29056
aoDLAV 1e4 10 184 - 0.04 0.72 32764
aoULAV 1e4 10 184 - 0.03 0.73 32776
aoD2AG 1e4 10 184 - 0.03 0.73 32748
aoD2SG 1e4 10 184 - 0.03 0.82 34180
moore 1e4 10 184 - 1.21 1191.39 2963856
nbpm 1e4 10 184 - 7.47 697.87 7764388
greedy 1e4 10 184 - 6.57 287.63 10961108
dry 18e6 2 200 - 0.23 0.70 381740
aoDLAV 18e6 2 200 - 1.63 98.51 2690196
aoULAV 18e6 2 200 - 1.61 104.05 2690192
aoD2AG 18e6 2 200 - 3.11 146.78 3949720
aoD2SG 18e6 2 200 - 3.67 171.19 4094736
dry 75e2 2 74 - 0.03 0.11 27952
aoDLAV 75e2 2 74 - 0.03 0.16 31376
aoULAV 75e2 2 74 - 0.03 0.16 31392
aoD2AG 75e2 2 74 - 0.02 0.19 31384
aoD2SG 75e2 2 74 - 0.03 0.19 31380
moore 75e2 2 74 - 1.52 540.80 1688784
nbpm 75e2 2 74 - 4.34 325.39 4242124
greedy 75e2 2 74 - 3.80 156.03 6183092
dry 32e2 2 195 - 0.03 0.12 26112
aoDLAV 32e2 2 195 - 0.02 0.16 30544
aoULAV 32e2 2 195 - 0.03 0.15 30548
aoD2AG 32e2 2 195 - 0.03 0.15 31204
aoD2SG 32e2 2 195 - 0.03 0.16 31268
moore 32e2 2 195 - 0.21 46.44 330520
nbpm 32e2 2 195 - 0.86 19.90 854764
greedy 32e2 2 195 - 0.70 21.37 1150164
dry 6e7 2 21 - 0.68 1.89 1202048
aoDLAV 6e7 2 21 - 5.26 363.62 8924560
aoULAV 6e7 2 21 - 6.68 386.74 8924564
aoD2AG 6e7 2 21 - 12.20 528.75 13119280
aoD2SG 6e7 2 21 - 12.76 633.60 13598468
dry 2e7 2 12 - 0.30 0.78 420796
aoDLAV 2e7 2 12 - 1.85 110.55 2987072
aoULAV 2e7 2 12 - 1.77 118.80 2987068
aoD2AG 2e7 2 12 - 3.52 159.99 4388008
aoD2SG 2e7 2 12 - 4.35 192.90 4546808
dry 18e2 2 239 - 0.02 0.14 26048
aoDLAV 18e2 2 239 - 0.03 0.16 30376
aoULAV 18e2 2 239 - 0.04 0.15 30384
aoD2AG 18e2 2 239 - 0.04 0.15 30792
aoD2SG 18e2 2 239 - 0.03 0.16 30828
moore 18e2 2 239 - 0.08 14.46 125408
nbpm 18e2 2 239 - 0.19 8.43 334528
greedy 18e2 2 239 - 0.22 4.99 384352
dry 75e2 2 133 - 0.02 0.12 26332
aoDLAV 75e2 2 133 - 0.03 0.16 31376
aoULAV 75e2 2 133 - 0.03 0.16 31392
aoD2AG 75e2 2 133 - 0.03 0.19 31384
aoD2SG 75e2 2 133 - 0.03 0.19 31380
moore 75e2 2 133 - 3.13 834.46 1688784
nbpm 75e2 2 133 - 4.11 154.48 4242128
greedy 75e2 2 133 - 3.71 155.26 6183096
dry 56e2 2 205 - 0.03 0.11 26240
aoDLAV 56e2 2 205 - 0.03 0.15 30976
aoULAV 56e2 2 205 - 0.04 0.15 30988
aoD2AG 56e2 2 205 - 0.02 0.17 31968
aoD2SG 56e2 2 205 - 0.03 0.17 31124
moore 56e2 2 205 - 0.80 241.28 952720
nbpm 56e2 2 205 - 2.47 73.08 2388076
greedy 56e2 2 205 - 2.06 78.44 3460488
dry 18e6 2 9 - 0.22 0.69 381736
aoDLAV 18e6 2 9 - 1.51 98.15 2690192
aoULAV 18e6 2 9 - 1.60 107.24 2690192
aoD2AG 18e6 2 9 - 3.61 157.90 3948720
aoD2SG 18e6 2 9 - 3.51 165.75 4092352
dry 7e7 2 159 - 0.76 2.19 1397356
aoDLAV 7e7 2 159 - 5.75 417.82 10408936
aoULAV 7e7 2 159 - 7.73 452.40 10408936
aoD2AG 7e7 2 159 - 14.09 634.82 15304672
aoD2SG 7e7 2 159 - 14.90 835.61 15864996
dry 32e6 2 47 - 0.43 1.10 655176
aoDLAV 32e6 2 47 - 2.91 181.65 4768324
aoULAV 32e6 2 47 - 3.61 187.20 4768324
aoD2AG 32e6 2 47 - 5.61 278.55 7008528
aoD2SG 32e6 2 47 - 6.62 389.73 7263444
dry 1e4 2 195 - 0.03 0.12 26432
aoDLAV 1e4 2 195 - 0.03 0.18 31864
aoULAV 1e4 2 195 - 0.04 0.17 31876
aoD2AG 1e4 2 195 - 0.03 0.19 31876
aoD2SG 1e4 2 195 - 0.03 0.19 31988
moore 1e4 2 195 - 1.23 1012.47 2960572
nbpm 1e4 2 195 - 7.46 343.12 7889420
greedy 1e4 2 195 - 6.41 275.28 10968572
dry 7e7 2 1 - 0.77 2.16 1397360
aoDLAV 7e7 2 1 - 5.55 418.27 10408940
aoULAV 7e7 2 1 - 7.96 526.62 10408940
aoD2AG 7e7 2 1 - 13.82 643.33 15308156
aoD2SG 7e7 2 1 - 14.39 748.54 15865300
dry 32e2 2 114 - 0.02 0.12 26112
aoDLAV 32e2 2 114 - 0.03 0.16 30544
aoULAV 32e2 2 114 - 0.04 0.15 30552
aoD2AG 32e2 2 114 - 0.04 0.15 31256
aoD2SG 32e2 2 114 - 0.03 0.16 31256
moore 32e2 2 114 - 0.15 42.11 330520
nbpm 32e2 2 114 - 0.86 20.78 854760
greedy 32e2 2 114 - 0.69 20.14 1150164
dry 75e2 2 230 - 0.02 0.12 26328
aoDLAV 75e2 2 230 - 0.03 0.15 31376
aoULAV 75e2 2 230 - 0.03 0.16 31388
aoD2AG 75e2 2 230 - 0.04 0.17 31380
aoD2SG 75e2 2 230 - 0.03 0.18 31380
moore 75e2 2 230 - 1.66 544.73 1688788
nbpm 75e2 2 230 - 4.36 164.74 4242124
greedy 75e2 2 230 - 3.80 155.36 6183092
dry 7e7 2 215 - 0.86 2.19 1397360
aoDLAV 7e7 2 215 - 5.93 410.64 10408936
aoULAV 7e7 2 215 - 7.73 449.08 10408940
aoD2AG 7e7 2 215 - 13.49 642.65 15303048
aoD2SG 7e7 2 215 - 15.07 744.59 15863332
dry 6e7 2 242 - 0.70 1.91 1202084
aoDLAV 6e7 2 242 - 5.06 354.73 8924560
aoULAV 6e7 2 242 - 6.58 383.03 8924560
aoD2AG 6e7 2 242 - 12.01 549.17 13122092
aoD2SG 6e7 2 242 - 12.64 631.91 13595508
dry 18e2 2 247 - 0.02 0.13 26048
aoDLAV 18e2 2 247 - 0.04 0.14 30376
aoULAV 18e2 2 247 - 0.03 0.16 30384
aoD2AG 18e2 2 247 - 0.03 0.15 30788
aoD2SG 18e2 2 247 - 0.02 0.16 30816
moore 18e2 2 247 - 0.08 11.28 125416
nbpm 18e2 2 247 - 0.21 7.67 334540
greedy 18e2 2 247 - 0.28 4.04 384352
dry 4e7 2 192 - 0.48 1.32 811424
aoDLAV 4e7 2 192 - 3.60 231.56 5955820
aoULAV 4e7 2 192 - 3.46 248.57 5955820
aoD2AG 4e7 2 192 - 8.08 351.20 8752712
aoD2SG 4e7 2 192 - 8.20 402.01 9072796
dry 5e7 2 161 - 0.58 1.62 1006736
aoDLAV 5e7 2 161 - 4.21 323.39 7440192
aoULAV 5e7 2 161 - 5.41 310.33 7440196
aoD2AG 5e7 2 161 - 9.50 431.38 10939604
aoD2SG 5e7 2 161 - 10.20 511.65 11337640
dry 6e7 2 158 - 0.67 1.90 1202044
aoDLAV 6e7 2 158 - 4.92 356.02 8924560
aoULAV 6e7 2 158 - 6.56 425.73 8924608
aoD2AG 6e7 2 158 - 11.94 530.82 13123816
aoD2SG 6e7 2 158 - 12.59 712.42 13601304
dry 7e7 2 197 - 0.69 2.19 1397356
aoDLAV 7e7 2 197 - 5.72 427.61 10408940
aoULAV 7e7 2 197 - 7.69 463.69 10408936
aoD2AG 7e7 2 197 - 13.86 668.45 15303096
aoD2SG 7e7 2 197 - 14.90 776.62 15863096
dry 6e7 2 33 - 0.70 1.91 1202044
aoDLAV 6e7 2 33 - 4.97 357.21 8924560
aoULAV 6e7 2 33 - 6.49 383.61 8924560
aoD2AG 6e7 2 33 - 11.82 547.43 13120340
aoD2SG 6e7 2 33 - 12.97 640.75 13601464
dry 32e6 2 73 - 0.40 1.10 655176
aoDLAV 32e6 2 73 - 2.86 178.85 4768328
aoULAV 32e6 2 73 - 2.85 188.26 4768324
aoD2AG 32e6 2 73 - 6.32 271.43 7008328
aoD2SG 32e6 2 73 - 6.77 320.49 7262704
dry 3e7 2 98 - 0.35 1.05 616104
aoDLAV 3e7 2 98 - 2.57 162.77 4471428
aoULAV 3e7 2 98 - 3.36 179.11 4471428
aoD2AG 3e7 2 98 - 5.03 247.82 6570968
aoD2SG 3e7 2 98 - 6.03 293.21 6809712
dry 32e6 2 217 - 0.42 1.06 655176
aoDLAV 32e6 2 217 - 2.65 181.69 4768324
aoULAV 32e6 2 217 - 3.49 193.95 4768324
aoD2AG 32e6 2 217 - 5.77 277.06 7009036
aoD2SG 32e6 2 217 - 6.62 313.37 7263488
dry 25e2 2 188 - 0.02 0.13 26080
aoDLAV 25e2 2 188 - 0.03 0.15 30452
aoULAV 25e2 2 188 - 0.02 0.16 30468
aoD2AG 25e2 2 188 - 0.03 0.15 30960
aoD2SG 25e2 2 188 - 0.03 0.15 31004
moore 25e2 2 188 - 0.09 22.68 213604
nbpm 25e2 2 188 - 0.57 13.71 541644
greedy 25e2 2 188 - 0.51 10.29 713664
dry 1e4 2 34 - 0.02 0.12 26436
aoDLAV 1e4 2 34 - 0.03 0.17 31924
aoULAV 1e4 2 34 - 0.03 0.19 31876
aoD2AG 1e4 2 34 - 0.04 0.18 31876
aoD2SG 1e4 2 34 - 0.02 0.20 31988
moore 1e4 2 34 - 1.23 1199.46 2960572
nbpm 1e4 2 34 - 7.73 347.79 7889420
greedy 1e4 2 34 - 6.42 294.53 10968568
dry 7e7 2 235 - 0.76 2.19 1397356
aoDLAV 7e7 2 235 - 6.06 438.96 10408936
aoULAV 7e7 2 235 - 7.78 455.91 10408936
aoD2AG 7e7 2 235 - 13.95 653.77 15305968
aoD2SG 7e7 2 235 - 14.72 756.70 15862244
dry 4e7 2 135 - 0.48 1.31 811428
aoDLAV 4e7 2 135 - 3.72 229.72 5955816
aoULAV 4e7 2 135 - 4.51 244.83 5955816
aoD2AG 4e7 2 135 - 7.12 352.34 8753092
aoD2SG 4e7 2 135 - 8.37 405.79 9073696
dry 7e7 2 180 - 0.78 2.19 1397356
aoDLAV 7e7 2 180 - 5.95 423.97 10408936
aoULAV 7e7 2 180 - 7.93 448.98 10408936
aoD2AG 7e7 2 180 - 13.83 650.91 15305084
aoD2SG 7e7 2 180 - 14.71 761.73 15862268
