dry 2e4 10 130 - 0.02 0.10 30892
aoDLAV 2e4 10 130 - 0.02 1.34 34840
aoULAV 2e4 10 130 - 0.03 1.33 34848
aoD2AG 2e4 10 130 - 0.03 1.35 36076
aoD2SG 2e4 10 130 - 0.03 1.58 36076
moore 2e4 10 130 - 3.38 7312.64 11770836
nbpm 2e4 10 130 - 28.33 5438.15 30880048
greedy 2e4 10 130 - 23.53 1331.48 43775824
dry 18e3 2 14 - 0.03 0.11 26748
aoDLAV 18e3 2 14 - 0.03 0.18 30744
aoULAV 18e3 2 14 - 0.03 0.18 30740
aoD2AG 18e3 2 14 - 0.03 0.20 31808
aoD2SG 18e3 2 14 - 0.03 0.21 31812
moore 18e3 2 14 - 2.80 5111.54 9534984
nbpm 18e3 2 14 - 23.73 1973.77 25451064
greedy 18e3 2 14 - 19.25 1062.66 35458364
dry 2e4 2 219 - 0.02 0.12 30532
aoDLAV 2e4 2 219 - 0.03 0.18 30808
aoULAV 2e4 2 219 - 0.03 0.19 30808
aoD2AG 2e4 2 219 - 0.04 0.20 32288
aoD2SG 2e4 2 219 - 0.03 0.21 32292
moore 2e4 2 219 - 3.50 7403.30 11765552
nbpm 2e4 2 219 - 29.14 2712.19 31402196
greedy 2e4 2 219 - 25.78 1601.20 43771044
dry 125e2 2 121 - 0.02 0.12 26532
aoDLAV 125e2 2 121 - 0.03 0.17 30712
aoULAV 125e2 2 121 - 0.03 0.18 30708
aoD2AG 125e2 2 121 - 0.02 0.19 31376
aoD2SG 125e2 2 121 - 0.02 0.19 31380
moore 125e2 2 121 - 1.56 1603.28 4611548
nbpm 125e2 2 121 - 11.33 839.28 12302328
greedy 125e2 2 121 - 9.52 434.68 17109964
dry 18e3 2 86 - 0.03 0.12 26748
aoDLAV 18e3 2 86 - 0.03 0.19 30740
aoULAV 18e3 2 86 - 0.04 0.18 30740
aoD2AG 18e3 2 86 - 0.04 0.20 31812
aoD2SG 18e3 2 86 - 0.04 0.20 31816
moore 18e3 2 86 - 2.91 4929.18 9534984
nbpm 18e3 2 86 - 23.30 1946.25 25451064
greedy 18e3 2 86 - 21.30 1080.95 35458364
dry 175e2 2 10 - 0.02 0.12 26732
aoDLAV 175e2 2 10 - 0.03 0.19 30716
aoULAV 175e2 2 10 - 0.04 0.18 30716
aoD2AG 175e2 2 10 - 0.03 0.20 31752
aoD2SG 175e2 2 10 - 0.03 0.21 31760
moore 175e2 2 10 - 2.76 4007.87 9014020
nbpm 175e2 2 10 - 21.48 1791.92 22863136
greedy 175e2 2 10 - 19.31 1010.76 33516976
dry 2e4 2 188 - 0.03 0.12 30536
aoDLAV 2e4 2 188 - 0.04 0.18 30808
aoULAV 2e4 2 188 - 0.03 0.19 30808
aoD2AG 2e4 2 188 - 0.03 0.21 32284
aoD2SG 2e4 2 188 - 0.03 0.21 32292
moore 2e4 2 188 - 3.54 6157.09 11765556
nbpm 2e4 2 188 - 29.65 2661.88 31402196
greedy 2e4 2 188 - 25.43 1234.61 43771040
dry 18e3 2 17 - 0.02 0.12 26752
aoDLAV 18e3 2 17 - 0.03 0.19 30740
aoULAV 18e3 2 17 - 0.04 0.19 30740
aoD2AG 18e3 2 17 - 0.02 0.21 31804
aoD2SG 18e3 2 17 - 0.03 0.22 31808
moore 18e3 2 17 - 2.97 6946.56 9534988
nbpm 18e3 2 17 - 23.83 1882.80 25451064
greedy 18e3 2 17 - 19.50 1041.96 35458364
dry 175e2 2 19 - 0.02 0.11 26732
aoDLAV 175e2 2 19 - 0.03 0.18 30716
aoULAV 175e2 2 19 - 0.03 0.18 30720
aoD2AG 175e2 2 19 - 0.03 0.19 31756
aoD2SG 175e2 2 19 - 0.03 0.20 31760
moore 175e2 2 19 - 2.68 4964.04 9014024
nbpm 175e2 2 19 - 21.54 1845.99 22863136
greedy 175e2 2 19 - 18.40 1021.26 33516976
dry 1e8 5 84 - 2.23 6.29 4327052
aoDLAV 1e8 5 84 - 11.25 3501.89 23065204
aoULAV 1e8 5 84 - 16.03 2637.94 23065208
aoD2AG 1e8 5 84 - 26.91 2893.73 30457520
aoD2SG 1e8 5 84 - 27.61 3564.26 31312752
dry 125e2 2 169 - 0.03 0.12 26532
aoDLAV 125e2 2 169 - 0.03 0.17 30708
aoULAV 125e2 2 169 - 0.03 0.17 30708
aoD2AG 125e2 2 169 - 0.03 0.18 31376
aoD2SG 125e2 2 169 - 0.02 0.19 31376
moore 125e2 2 169 - 1.56 1842.86 4611548
nbpm 125e2 2 169 - 11.38 680.80 12302324
greedy 125e2 2 169 - 9.47 459.84 17109968
dry 8e7 2 51 - 0.95 2.45 1592680
aoDLAV 8e7 2 51 - 6.85 478.29 11893324
aoULAV 8e7 2 51 - 8.51 488.20 11893324
aoD2AG 8e7 2 51 - 15.78 687.55 17488328
aoD2SG 8e7 2 51 - 16.37 1075.28 18126412
dry 2e4 2 229 - 0.03 0.14 26828
aoDLAV 2e4 2 229 - 0.03 0.22 30808
aoULAV 2e4 2 229 - 0.04 0.22 30808
aoD2AG 2e4 2 229 - 0.04 0.22 32292
aoD2SG 2e4 2 229 - 0.03 0.23 32296
moore 2e4 2 229 - 3.41 6167.61 11765552
nbpm 2e4 2 229 - 29.78 2719.58 31402196
greedy 2e4 2 229 - 24.35 1342.92 43771040
dry 18e3 2 121 - 0.03 0.12 26748
aoDLAV 18e3 2 121 - 0.05 0.17 30756
aoULAV 18e3 2 121 - 0.02 0.19 30744
aoD2AG 18e3 2 121 - 0.04 0.20 31808
aoD2SG 18e3 2 121 - 0.03 0.20 31812
moore 18e3 2 121 - 2.83 5073.38 9534976
nbpm 18e3 2 121 - 23.96 1932.95 25451060
greedy 18e3 2 121 - 20.04 1024.25 35458368
dry 2e4 5 90 - 0.03 0.12 27780
aoDLAV 2e4 5 90 - 0.03 0.31 32756
aoULAV 2e4 5 90 - 0.03 0.30 32768
aoD2AG 2e4 5 90 - 0.04 0.33 33348
aoD2SG 2e4 5 90 - 0.03 0.38 32860
moore 2e4 5 90 - 3.63 7189.48 11768084
nbpm 2e4 5 90 - 28.75 5928.90 34200492
greedy 2e4 5 90 - 23.72 1365.30 43774004
dry 2e4 2 24 - 0.02 0.12 26832
aoDLAV 2e4 2 24 - 0.03 0.19 30808
aoULAV 2e4 2 24 - 0.03 0.19 30812
aoD2AG 2e4 2 24 - 0.04 0.21 32284
aoD2SG 2e4 2 24 - 0.03 0.21 32288
moore 2e4 2 24 - 3.38 7437.25 11765552
nbpm 2e4 2 24 - 29.63 2632.72 31402196
greedy 2e4 2 24 - 25.16 1290.90 43771040
dry 2e4 5 249 - 0.03 0.12 27776
aoDLAV 2e4 5 249 - 0.03 0.29 32756
aoULAV 2e4 5 249 - 0.04 0.28 32768
aoD2AG 2e4 5 249 - 0.03 0.32 33340
aoD2SG 2e4 5 249 - 0.04 0.33 32860
moore 2e4 5 249 - 3.44 7686.54 11768084
nbpm 2e4 5 249 - 28.66 5138.46 34200496
greedy 2e4 5 249 - 24.09 1267.12 43774004
dry 8e7 2 32 - 0.89 2.47 1592676
aoDLAV 8e7 2 32 - 6.92 464.62 11893324
aoULAV 8e7 2 32 - 8.52 508.84 11893328
aoD2AG 8e7 2 32 - 15.36 728.24 17487872
aoD2SG 8e7 2 32 - 16.04 910.87 18128596
dry 2e4 5 131 - 0.03 0.12 27780
aoDLAV 2e4 5 131 - 0.03 0.29 32760
aoULAV 2e4 5 131 - 0.03 0.29 32768
aoD2AG 2e4 5 131 - 0.03 0.32 33348
aoD2SG 2e4 5 131 - 0.04 0.34 32864
moore 2e4 5 131 - 3.53 7101.60 11768080
nbpm 2e4 5 131 - 35.18 4882.63 34200496
greedy 2e4 5 131 - 23.60 1265.69 43774004
dry 1e8 2 62 - 1.01 3.02 1983300
aoDLAV 1e8 2 62 - 8.31 570.99 14862068
aoULAV 1e8 2 62 - 10.40 604.86 14862072
aoD2AG 1e8 2 62 - 18.53 855.28 21854980
aoD2SG 1e8 2 62 - 20.51 1375.18 22652776
dry 8e7 2 215 - 0.94 2.43 1592676
aoDLAV 8e7 2 215 - 7.26 449.63 11893324
aoULAV 8e7 2 215 - 8.01 481.42 11893324
aoD2AG 8e7 2 215 - 15.39 685.95 17487880
aoD2SG 8e7 2 215 - 16.43 825.67 18125948
dry 18e3 2 168 - 0.03 0.11 26748
aoDLAV 18e3 2 168 - 0.03 0.19 30740
aoULAV 18e3 2 168 - 0.03 0.19 30744
aoD2AG 18e3 2 168 - 0.03 0.21 31808
aoD2SG 18e3 2 168 - 0.04 0.20 31812
moore 18e3 2 168 - 3.28 5347.94 9534984
nbpm 18e3 2 168 - 24.07 1971.52 25451064
greedy 18e3 2 168 - 19.87 1057.99 35458368
dry 2e4 10 15 - 0.04 0.11 31816
aoDLAV 2e4 10 15 - 0.03 1.81 34836
aoULAV 2e4 10 15 - 0.03 1.76 34848
aoD2AG 2e4 10 15 - 0.04 1.63 36076
aoD2SG 2e4 10 15 - 0.04 1.86 36076
moore 2e4 10 15 - 3.42 6795.36 11770836
nbpm 2e4 10 15 - 29.02 5368.33 30880040
greedy 2e4 10 15 - 25.93 1605.81 43775824
dry 175e2 2 213 - 0.03 0.12 28752
aoDLAV 175e2 2 213 - 0.03 0.20 30716
aoULAV 175e2 2 213 - 0.04 0.19 30716
aoD2AG 175e2 2 213 - 0.04 0.21 31752
aoD2SG 175e2 2 213 - 0.04 0.21 31756
moore 175e2 2 213 - 2.95 5040.95 9014032
nbpm 175e2 2 213 - 21.96 1921.84 22863148
greedy 175e2 2 213 - 19.62 1005.17 33516980
dry 8e7 2 147 - 0.91 2.46 1592680
aoDLAV 8e7 2 147 - 6.77 469.49 11893328
aoULAV 8e7 2 147 - 8.80 497.98 11893324
aoD2AG 8e7 2 147 - 15.59 699.10 17488288
aoD2SG 8e7 2 147 - 16.32 899.30 18125308
dry 125e2 2 204 - 0.02 0.12 26536
aoDLAV 125e2 2 204 - 0.03 0.18 30708
aoULAV 125e2 2 204 - 0.04 0.17 30756
aoD2AG 125e2 2 204 - 0.03 0.19 31376
aoD2SG 125e2 2 204 - 0.03 0.19 31376
moore 125e2 2 204 - 1.71 2135.47 4611540
nbpm 125e2 2 204 - 11.49 685.40 12302320
greedy 125e2 2 204 - 8.88 455.91 17109964
dry 9e7 2 33 - 0.95 2.71 1787984
aoDLAV 9e7 2 33 - 7.17 522.32 13377688
aoULAV 9e7 2 33 - 9.56 564.04 13377684
aoD2AG 9e7 2 33 - 17.67 763.24 19671352
aoD2SG 9e7 2 33 - 17.93 906.15 20389848
dry 150e2 2 83 - 0.03 0.11 28664
aoDLAV 150e2 2 83 - 0.04 0.17 30828
aoULAV 150e2 2 83 - 0.03 0.17 30828
aoD2AG 150e2 2 83 - 0.03 0.19 31612
aoD2SG 150e2 2 83 - 0.04 0.19 31608
moore 150e2 2 83 - 2.03 3009.72 6629344
nbpm 150e2 2 83 - 14.82 1309.86 16814168
greedy 150e2 2 83 - 14.72 650.95 24630024
dry 1e8 2 91 - 1.10 3.01 1983300
aoDLAV 1e8 2 91 - 8.24 577.74 14862068
aoULAV 1e8 2 91 - 10.50 663.86 14862068
aoD2AG 1e8 2 91 - 18.99 1151.23 21855704
aoD2SG 1e8 2 91 - 19.76 1029.75 22654840
dry 1e8 2 208 - 1.05 3.01 1983316
aoDLAV 1e8 2 208 - 7.59 601.66 14862068
aoULAV 1e8 2 208 - 9.74 626.82 14862068
aoD2AG 1e8 2 208 - 18.78 889.70 21856752
aoD2SG 1e8 2 208 - 19.81 1055.17 22652920
dry 1e8 2 68 - 1.11 3.04 1983296
aoDLAV 1e8 2 68 - 8.48 593.90 14862068
aoULAV 1e8 2 68 - 10.68 638.71 14862068
aoD2AG 1e8 2 68 - 19.37 882.54 21854884
aoD2SG 1e8 2 68 - 20.56 1081.80 22653696
dry 2e4 10 44 - 0.03 0.13 30640
aoDLAV 2e4 10 44 - 0.04 1.73 34836
aoULAV 2e4 10 44 - 0.04 1.73 34848
aoD2AG 2e4 10 44 - 0.04 1.79 36076
aoD2SG 2e4 10 44 - 0.05 1.97 36076
moore 2e4 10 44 - 3.35 7316.94 11770836
nbpm 2e4 10 44 - 28.62 5914.52 30880036
greedy 2e4 10 44 - 25.10 1644.73 43775820
dry 2e4 5 171 - 0.02 0.12 31012
aoDLAV 2e4 5 171 - 0.03 0.29 32812
aoULAV 2e4 5 171 - 0.03 0.29 32768
aoD2AG 2e4 5 171 - 0.03 0.32 33344
aoD2SG 2e4 5 171 - 0.03 0.34 32860
moore 2e4 5 171 - 3.42 7274.11 11768084
