dry 2e4 10 174 - 0.02 0.11 31364
aoDLAV 2e4 10 174 - 0.03 1.28 34840
aoULAV 2e4 10 174 - 0.02 1.32 34848
aoD2AG 2e4 10 174 - 0.03 1.35 36076
aoD2SG 2e4 10 174 - 0.02 1.56 36076
moore 2e4 10 174 - 3.40 7350.48 11770836
nbpm 2e4 10 174 - 28.88 6041.44 30880040
greedy 2e4 10 174 - 23.61 1256.16 43775820
dry 175e2 2 103 - 0.03 0.11 26732
aoDLAV 175e2 2 103 - 0.02 0.19 30716
aoULAV 175e2 2 103 - 0.03 0.19 30716
aoD2AG 175e2 2 103 - 0.03 0.20 31752
aoD2SG 175e2 2 103 - 0.03 0.20 31756
moore 175e2 2 103 - 2.68 4881.48 9014020
nbpm 175e2 2 103 - 21.54 1772.23 22863136
greedy 175e2 2 103 - 17.58 999.43 33516976
dry 150e2 2 47 - 0.03 0.11 26628
aoDLAV 150e2 2 47 - 0.03 0.18 30828
aoULAV 150e2 2 47 - 0.03 0.18 30824
aoD2AG 150e2 2 47 - 0.03 0.19 31608
aoD2SG 150e2 2 47 - 0.03 0.20 31612
moore 150e2 2 47 - 2.08 2870.65 6629352
nbpm 150e2 2 47 - 14.67 1190.23 16814176
greedy 150e2 2 47 - 13.32 710.85 24630024
dry 8e7 2 87 - 0.88 2.47 1592676
aoDLAV 8e7 2 87 - 6.65 477.55 11893324
aoULAV 8e7 2 87 - 8.38 508.88 11893328
aoD2AG 8e7 2 87 - 14.57 696.77 17488524
aoD2SG 8e7 2 87 - 15.06 810.45 18124976
dry 9e7 2 230 - 0.90 2.71 1787988
aoDLAV 9e7 2 230 - 6.90 526.07 13377684
aoULAV 9e7 2 230 - 9.05 554.13 13377728
aoD2AG 9e7 2 230 - 16.70 879.96 19670980
aoD2SG 9e7 2 230 - 17.75 918.17 20387544
dry 18e3 2 249 - 0.02 0.12 28720
aoDLAV 18e3 2 249 - 0.03 0.18 30740
aoULAV 18e3 2 249 - 0.03 0.18 30744
aoD2AG 18e3 2 249 - 0.02 0.21 31804
aoD2SG 18e3 2 249 - 0.03 0.21 31816
moore 18e3 2 249 - 2.81 5739.78 9534984
nbpm 18e3 2 249 - 23.72 2082.62 25451064
greedy 18e3 2 249 - 21.00 1314.26 35458368
dry 150e2 2 26 - 0.02 0.12 26628
aoDLAV 150e2 2 26 - 0.03 0.18 30824
aoULAV 150e2 2 26 - 0.04 0.17 30824
aoD2AG 150e2 2 26 - 0.03 0.20 31608
aoD2SG 150e2 2 26 - 0.03 0.20 31608
moore 150e2 2 26 - 2.23 3426.73 6629352
nbpm 150e2 2 26 - 15.39 1148.80 16814180
greedy 150e2 2 26 - 14.81 874.20 24630024
dry 2e4 10 165 - 0.03 0.12 30096
aoDLAV 2e4 10 165 - 0.03 2.17 34840
aoULAV 2e4 10 165 - 0.04 1.67 34848
aoD2AG 2e4 10 165 - 0.04 1.72 36080
aoD2SG 2e4 10 165 - 0.04 1.95 36076
moore 2e4 10 165 - 3.44 6776.65 11770840
nbpm 2e4 10 165 - 29.40 5437.34 30880040
greedy 2e4 10 165 - 25.64 1274.19 43775840
dry 8e7 2 118 - 0.84 2.44 1592676
aoDLAV 8e7 2 118 - 6.05 454.26 11893324
aoULAV 8e7 2 118 - 8.11 487.19 11893324
aoD2AG 8e7 2 118 - 14.77 678.69 17488548
aoD2SG 8e7 2 118 - 16.15 838.33 18124788
dry 175e2 2 156 - 0.02 0.12 26732
aoDLAV 175e2 2 156 - 0.04 0.17 30716
aoULAV 175e2 2 156 - 0.02 0.19 30720
aoD2AG 175e2 2 156 - 0.03 0.20 31756
aoD2SG 175e2 2 156 - 0.03 0.20 31760
moore 175e2 2 156 - 2.76 5492.18 9014032
nbpm 175e2 2 156 - 21.15 1916.77 22863144
greedy 175e2 2 156 - 17.69 976.15 33516980
dry 2e4 5 219 - 0.03 0.11 27776
aoDLAV 2e4 5 219 - 0.03 0.28 32756
aoULAV 2e4 5 219 - 0.03 0.28 32768
aoD2AG 2e4 5 219 - 0.03 0.32 33344
aoD2SG 2e4 5 219 - 0.04 0.33 32860
moore 2e4 5 219 - 3.45 6096.02 11768084
nbpm 2e4 5 219 - 29.45 4726.86 34200496
greedy 2e4 5 219 - 24.43 1282.21 43774008
dry 125e2 2 164 - 0.02 0.12 26532
aoDLAV 125e2 2 164 - 0.02 0.18 30708
aoULAV 125e2 2 164 - 0.03 0.18 30708
aoD2AG 125e2 2 164 - 0.03 0.18 31376
aoD2SG 125e2 2 164 - 0.03 0.18 31380
moore 125e2 2 164 - 1.57 2180.63 4611544
nbpm 125e2 2 164 - 11.79 689.07 12302320
greedy 125e2 2 164 - 9.14 457.57 17109964
dry 18e3 2 144 - 0.03 0.11 26748
aoDLAV 18e3 2 144 - 0.03 0.18 30740
aoULAV 18e3 2 144 - 0.03 0.19 30744
aoD2AG 18e3 2 144 - 0.03 0.21 31804
aoD2SG 18e3 2 144 - 0.03 0.21 31816
moore 18e3 2 144 - 2.99 5517.50 9534976
nbpm 18e3 2 144 - 24.00 1888.61 25451056
greedy 18e3 2 144 - 19.67 1067.77 35458364
dry 125e2 2 178 - 0.02 0.12 28448
aoDLAV 125e2 2 178 - 0.03 0.18 30708
aoULAV 125e2 2 178 - 0.03 0.18 30708
aoD2AG 125e2 2 178 - 0.04 0.19 31376
aoD2SG 125e2 2 178 - 0.04 0.19 31376
moore 125e2 2 178 - 1.69 1493.50 4611544
nbpm 125e2 2 178 - 11.58 686.58 12302320
greedy 125e2 2 178 - 9.96 458.08 17109964
dry 2e4 5 182 - 0.03 0.13 27776
aoDLAV 2e4 5 182 - 0.04 0.30 32760
aoULAV 2e4 5 182 - 0.03 0.29 32772
aoD2AG 2e4 5 182 - 0.04 0.31 33344
aoD2SG 2e4 5 182 - 0.04 0.35 32864
moore 2e4 5 182 - 3.44 7084.88 11768080
nbpm 2e4 5 182 - 29.99 6643.23 34200496
greedy 2e4 5 182 - 22.99 1504.30 43774000
dry 125e2 2 82 - 0.03 0.12 26532
aoDLAV 125e2 2 82 - 0.02 0.19 30708
aoULAV 125e2 2 82 - 0.03 0.18 30708
aoD2AG 125e2 2 82 - 0.03 0.19 31376
aoD2SG 125e2 2 82 - 0.03 0.19 31376
moore 125e2 2 82 - 1.77 2206.42 4611548
nbpm 125e2 2 82 - 11.33 691.16 12302332
greedy 125e2 2 82 - 10.53 478.43 17109964
dry 2e4 10 1 - 0.03 0.12 30504
aoDLAV 2e4 10 1 - 0.04 1.81 34836
aoULAV 2e4 10 1 - 0.03 1.82 34852
aoD2AG 2e4 10 1 - 0.04 1.84 36080
aoD2SG 2e4 10 1 - 0.03 2.09 36076
moore 2e4 10 1 - 3.58 7371.66 11770836
nbpm 2e4 10 1 - 28.88 5391.66 30880036
greedy 2e4 10 1 - 22.62 1381.76 43775820
dry 1e8 2 171 - 1.08 3.02 1983296
aoDLAV 1e8 2 171 - 8.36 584.27 14862068
aoULAV 1e8 2 171 - 10.27 626.02 14862072
aoD2AG 1e8 2 171 - 19.00 895.78 21857524
aoD2SG 1e8 2 171 - 19.77 1056.14 22654220
dry 18e3 2 29 - 0.04 0.11 26748
aoDLAV 18e3 2 29 - 0.04 0.20 30740
aoULAV 18e3 2 29 - 0.04 0.18 30740
aoD2AG 18e3 2 29 - 0.03 0.20 31808
aoD2SG 18e3 2 29 - 0.03 0.21 31812
moore 18e3 2 29 - 2.90 5554.86 9534980
nbpm 18e3 2 29 - 23.92 1949.85 25451060
greedy 18e3 2 29 - 21.14 1065.96 35458368
dry 1e8 5 114 - 2.38 6.28 4327052
aoDLAV 1e8 5 114 - 11.73 2756.20 23065204
aoULAV 1e8 5 114 - 16.22 2596.55 23065204
aoD2AG 1e8 5 114 - 25.19 2837.06 30455920
aoD2SG 1e8 5 114 - 27.07 3577.85 31310040
dry 175e2 2 108 - 0.02 0.12 26732
aoDLAV 175e2 2 108 - 0.02 0.19 30716
aoULAV 175e2 2 108 - 0.03 0.19 30716
aoD2AG 175e2 2 108 - 0.03 0.20 31752
aoD2SG 175e2 2 108 - 0.03 0.20 31756
moore 175e2 2 108 - 2.68 4351.07 9014032
nbpm 175e2 2 108 - 26.56 1883.89 22863144
greedy 175e2 2 108 - 18.35 960.97 33516980
dry 18e3 2 22 - 0.02 0.12 26752
aoDLAV 18e3 2 22 - 0.02 0.18 30740
aoULAV 18e3 2 22 - 0.03 0.18 30740
aoD2AG 18e3 2 22 - 0.04 0.19 31812
aoD2SG 18e3 2 22 - 0.03 0.20 31812
moore 18e3 2 22 - 2.89 4721.17 9534984
nbpm 18e3 2 22 - 28.35 2049.91 25451068
greedy 18e3 2 22 - 21.36 1018.11 35458368
dry 9e7 2 189 - 0.99 2.74 1787988
aoDLAV 9e7 2 189 - 7.49 553.33 13377688
aoULAV 9e7 2 189 - 9.14 543.10 13377688
aoD2AG 9e7 2 189 - 16.59 774.21 19669096
aoD2SG 9e7 2 189 - 17.60 916.77 20385904
dry 150e2 2 188 - 0.03 0.12 28560
aoDLAV 150e2 2 188 - 0.03 0.17 30824
aoULAV 150e2 2 188 - 0.04 0.17 30828
aoD2AG 150e2 2 188 - 0.04 0.19 31612
aoD2SG 150e2 2 188 - 0.03 0.20 31608
moore 150e2 2 188 - 2.11 3073.29 6629352
nbpm 150e2 2 188 - 15.16 1141.89 16814176
greedy 150e2 2 188 - 14.10 713.43 24630024
dry 9e7 2 173 - 1.01 2.73 1787984
aoDLAV 9e7 2 173 - 7.17 529.30 13377684
aoULAV 9e7 2 173 - 9.62 558.75 13377684
aoD2AG 9e7 2 173 - 17.24 800.35 19668540
aoD2SG 9e7 2 173 - 18.52 954.07 20388892
dry 1e8 2 115 - 1.13 3.03 1983300
aoDLAV 1e8 2 115 - 8.24 608.50 14862068
aoULAV 1e8 2 115 - 10.71 637.09 14862068
aoD2AG 1e8 2 115 - 19.18 909.73 21856476
aoD2SG 1e8 2 115 - 20.39 1050.81 22655412
dry 175e2 2 33 - 0.03 0.11 26732
aoDLAV 175e2 2 33 - 0.03 0.19 30716
aoULAV 175e2 2 33 - 0.03 0.20 30716
aoD2AG 175e2 2 33 - 0.03 0.19 31752
aoD2SG 175e2 2 33 - 0.03 0.21 31760
moore 175e2 2 33 - 2.70 4630.14 9014028
nbpm 175e2 2 33 - 21.87 1827.91 22863144
greedy 175e2 2 33 - 19.85 952.91 33516976
dry 9e7 2 77 - 1.01 2.71 1787988
aoDLAV 9e7 2 77 - 7.44 508.07 13377688
aoULAV 9e7 2 77 - 9.71 537.37 13377684
aoD2AG 9e7 2 77 - 17.29 755.99 19674548
aoD2SG 9e7 2 77 - 18.32 891.36 20393216
dry 2e4 5 41 - 0.03 0.12 27780
aoDLAV 2e4 5 41 - 0.03 0.27 32756
aoULAV 2e4 5 41 - 0.02 0.29 32772
aoD2AG 2e4 5 41 - 0.03 0.31 33340
aoD2SG 2e4 5 41 - 0.03 0.33 32860
moore 2e4 5 41 - 3.41 7271.64 11768080
nbpm 2e4 5 41 - 29.85 4681.64 34200492
greedy 2e4 5 41 - 24.55 1339.89 43774004
dry 150e2 2 192 - 0.04 0.11 26628
aoDLAV 150e2 2 192 - 0.03 0.18 30824
aoULAV 150e2 2 192 - 0.03 0.18 30824
aoD2AG 150e2 2 192 - 0.03 0.20 31608
aoD2SG 150e2 2 192 - 0.03 0.20 31608
moore 150e2 2 192 - 2.09 2699.13 6629352
nbpm 150e2 2 192 - 14.63 1218.99 16814172
greedy 150e2 2 192 - 13.61 694.66 24630024
dry 175e2 2 191 - 0.02 0.12 26732
aoDLAV 175e2 2 191 - 0.03 0.19 30720
aoULAV 175e2 2 191 - 0.03 0.19 30716
aoD2AG 175e2 2 191 - 0.03 0.20 31752
aoD2SG 175e2 2 191 - 0.03 0.20 31760
moore 175e2 2 191 - 2.73 4933.95 9014028
nbpm 175e2 2 191 - 21.06 1792.57 22863144
greedy 175e2 2 191 - 20.44 999.35 33516976
dry 1e8 2 146 - 1.21 3.07 1983296
aoDLAV 1e8 2 146 - 8.55 618.06 14862072
aoULAV 1e8 2 146 - 10.81 658.74 14862068
aoD2AG 1e8 2 146 - 19.18 961.46 21852868
aoD2SG 1e8 2 146 - 20.34 1104.01 22652316
dry 1e8 5 39 - 2.21 6.25 4327052
aoDLAV 1e8 5 39 - 11.44 2718.04 23065208
aoULAV 1e8 5 39 - 16.23 2604.41 23065204
aoD2AG 1e8 5 39 - 26.41 3297.92 30455880
aoD2SG 1e8 5 39 - 28.17 4611.71 31306988
dry 9e7 2 81 - 0.92 2.72 1787988
aoDLAV 9e7 2 81 - 7.06 520.97 13377688
aoULAV 9e7 2 81 - 9.20 549.73 13377688
aoD2AG 9e7 2 81 - 16.59 785.12 19671348
aoD2SG 9e7 2 81 - 17.79 934.73 20391052
dry 8e7 2 78 - 0.83 2.43 1592680
aoDLAV 8e7 2 78 - 6.40 464.90 11893324
aoULAV 8e7 2 78 - 8.23 503.75 11893328
aoD2AG 8e7 2 78 - 15.32 712.39 17487036
aoD2SG 8e7 2 78 - 16.07 826.69 18126796
dry 9e7 2 71 - 1.05 2.80 1787984
aoDLAV 9e7 2 71 - 7.45 526.11 13377684
aoULAV 9e7 2 71 - 9.69 733.54 13377684
aoD2AG 9e7 2 71 - 16.66 1055.38 19669900
aoD2SG 9e7 2 71 - 17.95 921.77 20390212
dry 175e2 2 17 - 0.03 0.11 26736
aoDLAV 175e2 2 17 - 0.03 0.18 30720
aoULAV 175e2 2 17 - 0.04 0.18 30720
aoD2AG 175e2 2 17 - 0.02 0.21 31752
aoD2SG 175e2 2 17 - 0.04 0.20 31756
moore 175e2 2 17 - 2.76 5230.29 9014032
nbpm 175e2 2 17 - 21.08 2214.61 22863148
greedy 175e2 2 17 - 18.50 973.48 33516976
dry 1e8 5 49 - 2.24 6.20 4327052
aoDLAV 1e8 5 49 - 11.39 2644.77 23065204
