dry 7e7 2 91 - 0.73 2.15 1397356
aoDLAV 7e7 2 91 - 5.55 417.57 10408940
aoULAV 7e7 2 91 - 7.14 429.60 10408936
aoD2AG 7e7 2 91 - 12.87 617.18 15305212
aoD2SG 7e7 2 91 - 14.29 769.57 15864032
dry 2e7 2 108 - 0.25 0.74 420796
aoDLAV 2e7 2 108 - 1.68 106.29 2987068
aoULAV 2e7 2 108 - 1.69 113.92 2987068
aoD2AG 2e7 2 108 - 3.72 155.90 4384900
aoD2SG 2e7 2 108 - 3.74 191.27 4546732
dry 7e7 2 84 - 0.72 2.20 1397356
aoDLAV 7e7 2 84 - 5.91 423.19 10408936
aoULAV 7e7 2 84 - 7.59 458.65 10408936
aoD2AG 7e7 2 84 - 13.76 652.05 15302752
aoD2SG 7e7 2 84 - 14.28 759.57 15864128
dry 56e6 2 245 - 0.64 1.78 1123924
aoDLAV 56e6 2 245 - 5.01 330.93 8330820
aoULAV 56e6 2 245 - 6.16 356.22 8330816
aoD2AG 56e6 2 245 - 10.59 496.26 12250196
aoD2SG 56e6 2 245 - 11.24 597.00 12694900
dry 50e2 2 8 - 0.03 0.12 26204
aoDLAV 50e2 2 8 - 0.03 0.16 30848
aoULAV 50e2 2 8 - 0.03 0.15 30860
aoD2AG 50e2 2 8 - 0.03 0.16 31780
aoD2SG 50e2 2 8 - 0.03 0.17 31848
moore 50e2 2 8 - 0.32 105.15 762984
nbpm 50e2 2 8 - 2.03 56.06 2011928
greedy 50e2 2 8 - 1.74 63.31 2764780
dry 7e7 2 190 - 0.78 2.18 1397356
aoDLAV 7e7 2 190 - 5.69 423.34 10408936
aoULAV 7e7 2 190 - 7.52 484.84 10408936
aoD2AG 7e7 2 190 - 13.84 639.01 15306712
aoD2SG 7e7 2 190 - 14.33 733.92 15862300
dry 25e2 2 143 - 0.02 0.13 26084
aoDLAV 25e2 2 143 - 0.02 0.16 30452
aoULAV 25e2 2 143 - 0.04 0.14 30464
aoD2AG 25e2 2 143 - 0.03 0.15 30992
aoD2SG 25e2 2 143 - 0.04 0.15 31032
moore 25e2 2 143 - 0.10 41.85 213604
nbpm 25e2 2 143 - 0.56 12.93 541644
greedy 25e2 2 143 - 0.49 8.36 713664
dry 18e2 2 139 - 0.02 0.13 26052
aoDLAV 18e2 2 139 - 0.03 0.15 30372
aoULAV 18e2 2 139 - 0.03 0.15 30384
aoD2AG 18e2 2 139 - 0.04 0.15 30792
aoD2SG 18e2 2 139 - 0.03 0.16 30824
moore 18e2 2 139 - 0.07 10.81 125436
nbpm 18e2 2 139 - 0.19 8.19 334528
greedy 18e2 2 139 - 0.23 4.37 384356
dry 32e6 2 138 - 0.37 1.10 655176
aoDLAV 32e6 2 138 - 2.60 184.51 4768328
aoULAV 32e6 2 138 - 2.83 205.96 4768324
aoD2AG 32e6 2 138 - 6.35 276.15 7010288
aoD2SG 32e6 2 138 - 6.88 319.00 7263424
dry 4e7 2 38 - 0.46 1.34 811424
aoDLAV 4e7 2 38 - 3.37 232.28 5955816
aoULAV 4e7 2 38 - 4.18 246.54 5955816
aoD2AG 4e7 2 38 - 7.91 352.61 8755104
aoD2SG 4e7 2 38 - 8.41 410.78 9072324
dry 6e7 2 201 - 0.70 1.90 1202044
aoDLAV 6e7 2 201 - 4.95 350.40 8924560
aoULAV 6e7 2 201 - 6.33 381.47 8924560
aoD2AG 6e7 2 201 - 11.61 543.57 13119480
aoD2SG 6e7 2 201 - 12.08 637.23 13598408
dry 25e2 2 229 - 0.02 0.12 26080
aoDLAV 25e2 2 229 - 0.02 0.15 30452
aoULAV 25e2 2 229 - 0.02 0.15 30464
aoD2AG 25e2 2 229 - 0.03 0.15 30984
aoD2SG 25e2 2 229 - 0.03 0.15 31024
moore 25e2 2 229 - 0.10 44.39 213604
nbpm 25e2 2 229 - 0.60 12.38 541644
greedy 25e2 2 229 - 0.41 9.54 713668
dry 5e7 2 78 - 0.57 1.60 1006740
aoDLAV 5e7 2 78 - 4.36 299.20 7440192
aoULAV 5e7 2 78 - 5.43 310.08 7440192
aoD2AG 5e7 2 78 - 10.06 487.41 10937700
aoD2SG 5e7 2 78 - 10.20 523.51 11335188
dry 56e6 2 110 - 0.70 1.81 1123924
aoDLAV 56e6 2 110 - 4.77 342.67 8330816
aoULAV 56e6 2 110 - 5.99 348.02 8330816
aoD2AG 56e6 2 110 - 11.33 542.64 12249580
aoD2SG 56e6 2 110 - 11.55 583.34 12693840
dry 56e2 2 133 - 0.03 0.12 26236
aoDLAV 56e2 2 133 - 0.04 0.15 30980
aoULAV 56e2 2 133 - 0.03 0.16 30988
aoD2AG 56e2 2 133 - 0.04 0.17 31968
aoD2SG 56e2 2 133 - 0.04 0.17 31124
moore 56e2 2 133 - 0.64 209.86 952724
nbpm 56e2 2 133 - 2.46 77.32 2388088
greedy 56e2 2 133 - 2.23 81.52 3460488
dry 5e7 2 109 - 0.58 1.62 1006736
aoDLAV 5e7 2 109 - 4.36 292.94 7440192
aoULAV 5e7 2 109 - 5.32 315.63 7440192
aoD2AG 5e7 2 109 - 9.89 448.19 10936488
aoD2SG 5e7 2 109 - 10.33 526.76 11337360
dry 1e4 2 6 - 0.02 0.12 26432
aoDLAV 1e4 2 6 - 0.02 0.18 31864
aoULAV 1e4 2 6 - 0.03 0.17 31876
aoD2AG 1e4 2 6 - 0.03 0.18 31876
aoD2SG 1e4 2 6 - 0.03 0.18 31984
moore 1e4 2 6 - 1.22 987.25 2960580
nbpm 1e4 2 6 - 7.73 345.15 7889424
greedy 1e4 2 6 - 6.04 268.93 10968572
dry 56e6 2 96 - 0.68 1.79 1123924
aoDLAV 56e6 2 96 - 4.76 327.43 8330816
aoULAV 56e6 2 96 - 6.33 361.49 8330816
aoD2AG 56e6 2 96 - 10.93 518.21 12246452
aoD2SG 56e6 2 96 - 11.94 579.40 12696400
dry 1e4 5 115 - 0.03 0.12 27952
aoDLAV 1e4 5 115 - 0.03 0.22 31084
aoULAV 1e4 5 115 - 0.02 0.22 31100
aoD2AG 1e4 5 115 - 0.03 0.23 32108
aoD2SG 1e4 5 115 - 0.04 0.23 32108
moore 1e4 5 115 - 1.15 1011.36 2961760
nbpm 1e4 5 115 - 7.46 596.65 7811452
greedy 1e4 5 115 - 6.89 291.22 10959172
dry 1e4 10 187 - 0.03 0.13 27692
aoDLAV 1e4 10 187 - 0.04 0.70 32764
aoULAV 1e4 10 187 - 0.03 0.68 32776
aoD2AG 1e4 10 187 - 0.03 0.72 32744
aoD2SG 1e4 10 187 - 0.03 0.80 34176
moore 1e4 10 187 - 1.41 1097.62 2963852
nbpm 1e4 10 187 - 7.62 742.41 7764392
greedy 1e4 10 187 - 7.10 295.11 10961108
dry 25e2 2 180 - 0.02 0.13 26084
aoDLAV 25e2 2 180 - 0.02 0.16 30452
aoULAV 25e2 2 180 - 0.02 0.16 30468
aoD2AG 25e2 2 180 - 0.02 0.16 30996
aoD2SG 25e2 2 180 - 0.04 0.14 31044
moore 25e2 2 180 - 0.10 56.02 213596
nbpm 25e2 2 180 - 0.53 12.74 541636
greedy 25e2 2 180 - 0.43 10.01 713668
dry 75e2 2 169 - 0.02 0.12 26328
aoDLAV 75e2 2 169 - 0.03 0.15 31380
aoULAV 75e2 2 169 - 0.03 0.15 31388
aoD2AG 75e2 2 169 - 0.03 0.17 31384
aoD2SG 75e2 2 169 - 0.02 0.18 31392
moore 75e2 2 169 - 0.94 435.45 1688784
nbpm 75e2 2 169 - 4.17 181.83 4242124
greedy 75e2 2 169 - 3.66 157.45 6183092
dry 56e2 2 72 - 0.03 0.12 26236
aoDLAV 56e2 2 72 - 0.02 0.16 30976
aoULAV 56e2 2 72 - 0.03 0.15 30988
aoD2AG 56e2 2 72 - 0.03 0.17 31968
aoD2SG 56e2 2 72 - 0.03 0.17 31124
moore 56e2 2 72 - 0.42 172.73 949988
nbpm 56e2 2 72 - 2.34 101.16 2388088
greedy 56e2 2 72 - 2.05 80.23 3460492
dry 56e2 2 81 - 0.02 0.12 26236
aoDLAV 56e2 2 81 - 0.03 0.15 30976
aoULAV 56e2 2 81 - 0.02 0.16 30988
aoD2AG 56e2 2 81 - 0.03 0.17 31984
aoD2SG 56e2 2 81 - 0.04 0.16 31128
moore 56e2 2 81 - 0.50 181.79 952724
nbpm 56e2 2 81 - 2.48 81.15 2388088
greedy 56e2 2 81 - 2.06 76.80 3460492
dry 7e7 2 163 - 0.76 2.19 1397360
aoDLAV 7e7 2 163 - 5.78 423.30 10408936
aoULAV 7e7 2 163 - 7.64 454.58 10408936
aoD2AG 7e7 2 163 - 13.56 640.34 15299176
aoD2SG 7e7 2 163 - 14.51 766.64 15861200
dry 18e2 2 240 - 0.02 0.13 26052
aoDLAV 18e2 2 240 - 0.03 0.15 30372
aoULAV 18e2 2 240 - 0.04 0.14 30384
aoD2AG 18e2 2 240 - 0.03 0.15 30780
aoD2SG 18e2 2 240 - 0.02 0.16 30832
moore 18e2 2 240 - 0.07 17.80 125472
nbpm 18e2 2 240 - 0.19 7.90 334528
greedy 18e2 2 240 - 0.25 5.46 384352
dry 56e6 2 145 - 0.66 1.84 1123924
aoDLAV 56e6 2 145 - 4.73 329.53 8330820
aoULAV 56e6 2 145 - 5.95 355.05 8330816
aoD2AG 56e6 2 145 - 11.15 506.63 12247580
aoD2SG 56e6 2 145 - 11.78 669.34 12695560
dry 3e7 2 174 - 0.35 1.03 616104
aoDLAV 3e7 2 174 - 2.66 172.30 4471428
aoULAV 3e7 2 174 - 3.24 179.07 4471428
aoD2AG 3e7 2 174 - 6.12 256.18 6570408
aoD2SG 3e7 2 174 - 5.71 285.83 6809292
dry 4e7 2 57 - 0.50 1.36 811428
aoDLAV 4e7 2 57 - 3.46 225.52 5955816
aoULAV 4e7 2 57 - 4.43 241.66 5955816
aoD2AG 4e7 2 57 - 7.97 358.48 8754548
aoD2SG 4e7 2 57 - 8.68 423.12 9071848
dry 7e7 2 182 - 0.79 2.22 1397380
aoDLAV 7e7 2 182 - 5.97 416.59 10408936
aoULAV 7e7 2 182 - 7.77 454.25 10408936
aoD2AG 7e7 2 182 - 13.68 661.52 15301632
aoD2SG 7e7 2 182 - 14.39 747.37 15862068
dry 50e2 2 143 - 0.02 0.12 26204
aoDLAV 50e2 2 143 - 0.03 0.15 30848
aoULAV 50e2 2 143 - 0.02 0.16 30860
aoD2AG 50e2 2 143 - 0.03 0.17 31796
aoD2SG 50e2 2 143 - 0.03 0.18 31896
moore 50e2 2 143 - 0.86 234.95 764632
nbpm 50e2 2 143 - 1.92 56.82 2011924
greedy 50e2 2 143 - 1.77 61.39 2764780
dry 32e6 2 137 - 0.42 1.13 655180
aoDLAV 32e6 2 137 - 2.74 188.38 4768324
aoULAV 32e6 2 137 - 3.82 222.80 4768324
aoD2AG 32e6 2 137 - 5.51 272.56 7007188
aoD2SG 32e6 2 137 - 6.88 414.18 7261468
dry 56e2 2 160 - 0.02 0.12 26236
aoDLAV 56e2 2 160 - 0.03 0.15 30980
aoULAV 56e2 2 160 - 0.02 0.17 30988
aoD2AG 56e2 2 160 - 0.02 0.18 31984
aoD2SG 56e2 2 160 - 0.04 0.17 31120
moore 56e2 2 160 - 0.61 212.79 952724
nbpm 56e2 2 160 - 2.43 72.39 2388088
greedy 56e2 2 160 - 2.05 82.58 3460492
dry 18e2 2 5 - 0.03 0.11 26048
aoDLAV 18e2 2 5 - 0.03 0.14 30376
aoULAV 18e2 2 5 - 0.04 0.14 30384
aoD2AG 18e2 2 5 - 0.02 0.16 30788
aoD2SG 18e2 2 5 - 0.03 0.16 30812
moore 18e2 2 5 - 0.06 8.04 125444
nbpm 18e2 2 5 - 0.20 8.46 334536
greedy 18e2 2 5 - 0.25 4.04 384356
dry 1e4 10 27 - 0.03 0.11 29004
aoDLAV 1e4 10 27 - 0.03 0.68 32764
aoULAV 1e4 10 27 - 0.03 0.68 32776
aoD2AG 1e4 10 27 - 0.02 0.73 32748
aoD2SG 1e4 10 27 - 0.03 0.78 34176
moore 1e4 10 27 - 1.25 847.09 2963856
nbpm 1e4 10 27 - 7.83 777.21 7764384
greedy 1e4 10 27 - 6.66 273.45 10961108
dry 4e7 2 166 - 0.47 1.34 811424
aoDLAV 4e7 2 166 - 3.48 235.94 5955816
aoULAV 4e7 2 166 - 4.30 254.44 5955816
aoD2AG 4e7 2 166 - 8.05 364.11 8753356
aoD2SG 4e7 2 166 - 8.34 396.43 9071960
dry 56e6 2 207 - 0.64 1.81 1123924
aoDLAV 56e6 2 207 - 4.59 328.29 8330816
aoULAV 56e6 2 207 - 6.07 462.62 8330816
aoD2AG 56e6 2 207 - 11.17 504.93 12249968
aoD2SG 56e6 2 207 - 11.62 581.94 12697676
dry 7e7 2 12 - 0.88 2.21 1397360
aoDLAV 7e7 2 12 - 5.94 413.47 10408936
aoULAV 7e7 2 12 - 7.56 450.11 10408940
aoD2AG 7e7 2 12 - 13.70 638.51 15306528
aoD2SG 7e7 2 12 - 14.68 759.81 15864184
dry 5e7 2 174 - 0.62 1.61 1006736
aoDLAV 5e7 2 174 - 4.28 292.48 7440192
aoULAV 5e7 2 174 - 5.51 316.84 7440192
aoD2AG 5e7 2 174 - 9.91 450.07 10939536
aoD2SG 5e7 2 174 - 10.44 511.86 11337496
dry 75e2 2 161 - 0.03 0.12 27952
aoDLAV 75e2 2 161 - 0.03 0.16 31376
aoULAV 75e2 2 161 - 0.03 0.16 31388
aoD2AG 75e2 2 161 - 0.02 0.18 31380
aoD2SG 75e2 2 161 - 0.03 0.18 31384
moore 75e2 2 161 - 1.12 447.84 1688904
nbpm 75e2 2 161 - 4.34 165.00 4242132
greedy 75e2 2 161 - 4.04 155.34 6183092
dry 5e7 2 48 - 0.57 1.63 1006740
aoDLAV 5e7 2 48 - 4.27 299.02 7440192
aoULAV 5e7 2 48 - 5.37 315.34 7440192
aoD2AG 5e7 2 48 - 9.96 566.13 10938320
aoD2SG 5e7 2 48 - 10.51 538.40 11336320
dry 7e7 2 74 - 0.87 2.20 1397356
aoDLAV 7e7 2 74 - 6.11 418.21 10408936
aoULAV 7e7 2 74 - 7.81 453.65 10408936
aoD2AG 7e7 2 74 - 14.30 653.49 15303028
aoD2SG 7e7 2 74 - 14.37 987.63 15861992
dry 18e2 2 44 - 0.02 0.13 26048
aoDLAV 18e2 2 44 - 0.03 0.15 30372
aoULAV 18e2 2 44 - 0.03 0.15 30384
aoD2AG 18e2 2 44 - 0.04 0.14 30792
aoD2SG 18e2 2 44 - 0.03 0.15 30824
moore 18e2 2 44 - 0.07 6.65 125440
nbpm 18e2 2 44 - 0.17 7.51 334620
greedy 18e2 2 44 - 0.21 4.11 384352
dry 18e2 2 119 - 0.02 0.12 26048
aoDLAV 18e2 2 119 - 0.03 0.14 30372
aoULAV 18e2 2 119 - 0.03 0.15 30384
aoD2AG 18e2 2 119 - 0.03 0.14 30788
aoD2SG 18e2 2 119 - 0.03 0.15 30828
moore 18e2 2 119 - 0.06 9.77 125436
nbpm 18e2 2 119 - 0.17 7.48 334528
greedy 18e2 2 119 - 0.22 3.80 384352
dry 25e2 2 84 - 0.02 0.13 26084
aoDLAV 25e2 2 84 - 0.02 0.16 30452
aoULAV 25e2 2 84 - 0.03 0.15 30468
aoD2AG 25e2 2 84 - 0.02 0.16 30988
aoD2SG 25e2 2 84 - 0.03 0.16 31028
moore 25e2 2 84 - 0.09 26.12 213596
nbpm 25e2 2 84 - 0.56 13.38 541640
greedy 25e2 2 84 - 0.41 9.84 713668
dry 32e6 2 170 - 0.36 1.08 655176
aoDLAV 32e6 2 170 - 2.57 179.24 4768324
aoULAV 32e6 2 170 - 2.70 195.61 4768324
aoD2AG 32e6 2 170 - 6.27 284.25 7008008
aoD2SG 32e6 2 170 - 6.55 330.04 7262656
dry 18e2 2 2 - 0.02 0.13 26048
aoDLAV 18e2 2 2 - 0.04 0.14 30376
aoULAV 18e2 2 2 - 0.03 0.15 30384
aoD2AG 18e2 2 2 - 0.03 0.16 30772
aoD2SG 18e2 2 2 - 0.03 0.16 30820
moore 18e2 2 2 - 0.06 11.20 125408
nbpm 18e2 2 2 - 0.19 7.42 334532
greedy 18e2 2 2 - 0.24 4.22 384356
dry 32e2 2 18 - 0.03 0.12 26112
aoDLAV 32e2 2 18 - 0.03 0.15 30540
aoULAV 32e2 2 18 - 0.02 0.15 30552
aoD2AG 32e2 2 18 - 0.03 0.15 31200
aoD2SG 32e2 2 18 - 0.02 0.15 31256
moore 32e2 2 18 - 0.25 60.98 330516
nbpm 32e2 2 18 - 0.90 19.14 854752
greedy 32e2 2 18 - 0.69 20.65 1150168
dry 18e6 2 61 - 0.24 0.68 381740
aoDLAV 18e6 2 61 - 1.55 92.10 2690196
aoULAV 18e6 2 61 - 1.85 97.16 2690192
aoD2AG 18e6 2 61 - 3.22 142.06 3949700
aoD2SG 18e6 2 61 - 3.76 174.84 4092268
dry 18e6 2 134 - 0.24 0.73 381736
aoDLAV 18e6 2 134 - 1.42 93.71 2690192
aoULAV 18e6 2 134 - 2.03 97.93 2690196
aoD2AG 18e6 2 134 - 3.21 149.34 3951740
aoD2SG 18e6 2 134 - 3.42 164.61 4093988
dry 18e6 2 71 - 0.22 0.69 381736
aoDLAV 18e6 2 71 - 1.59 95.34 2690200
aoULAV 18e6 2 71 - 1.52 99.40 2690192
aoD2AG 18e6 2 71 - 3.58 173.16 3950876
aoD2SG 18e6 2 71 - 3.51 175.13 4094048
dry 1e4 10 128 - 0.02 0.13 27688
aoDLAV 1e4 10 128 - 0.03 0.70 32764
aoULAV 1e4 10 128 - 0.04 0.68 32776
aoD2AG 1e4 10 128 - 0.03 0.73 32748
aoD2SG 1e4 10 128 - 0.03 0.81 34176
moore 1e4 10 128 - 1.25 1316.60 2963852
nbpm 1e4 10 128 - 7.57 735.40 7764384
greedy 1e4 10 128 - 6.53 271.01 10961108
dry 1e4 5 106 - 0.03 0.13 28676
aoDLAV 1e4 5 106 - 0.04 0.23 31088
aoULAV 1e4 5 106 - 0.03 0.23 31100
aoD2AG 1e4 5 106 - 0.03 0.24 32108
aoD2SG 1e4 5 106 - 0.03 0.23 32108
moore 1e4 5 106 - 1.11 1246.37 2961732
nbpm 1e4 5 106 - 7.67 640.46 7811452
greedy 1e4 5 106 - 6.80 299.75 10959188
dry 1e4 2 2 - 0.02 0.13 26432
aoDLAV 1e4 2 2 - 0.04 0.17 31868
aoULAV 1e4 2 2 - 0.04 0.17 31876
aoD2AG 1e4 2 2 - 0.03 0.18 31876
aoD2SG 1e4 2 2 - 0.03 0.19 31988
moore 1e4 2 2 - 1.10 1252.60 2960572
nbpm 1e4 2 2 - 7.33 339.86 7889416
greedy 1e4 2 2 - 5.96 189.97 10968568
