dry 275e2 2 222 - 0.03 0.11 27120
aoDLAV 275e2 2 222 - 0.03 0.19 31244
aoULAV 275e2 2 222 - 0.02 0.20 31572
aoD2AG 275e2 2 222 - 0.03 0.21 34696
aoD2SG 275e2 2 222 - 0.03 0.22 34816
dry 32e1 2 52 - 0.03 0.10 26000
aoDLAV 32e1 2 52 - 0.02 0.14 30200
aoULAV 32e1 2 52 - 0.02 0.14 30208
aoD2AG 32e1 2 52 - 0.02 0.14 30380
aoD2SG 32e1 2 52 - 0.03 0.13 30384
moore 32e1 2 52 - 0.04 0.57 33676
nbpm 32e1 2 52 - 0.09 2.20 58300
greedy 32e1 2 52 - 0.02 0.21 40972
dry 1e3 5 216 - 0.03 0.11 27952
aoDLAV 1e3 5 216 - 0.02 0.15 30424
aoULAV 1e3 5 216 - 0.02 0.14 30436
aoD2AG 1e3 5 216 - 0.02 0.14 30740
aoD2SG 1e3 5 216 - 0.02 0.14 30756
moore 1e3 5 216 - 0.04 1.78 59828
nbpm 1e3 5 216 - 0.12 4.26 129320
greedy 1e3 5 216 - 0.07 0.98 139392
dry 350e2 2 145 - 0.02 0.11 27416
aoDLAV 350e2 2 145 - 0.02 0.21 31480
aoULAV 350e2 2 145 - 0.03 0.21 32260
aoD2AG 350e2 2 145 - 0.03 0.24 34848
aoD2SG 350e2 2 145 - 0.03 0.25 35128
dry 1e6 5 116 - 0.06 0.25 73152
aoDLAV 1e6 5 116 - 0.16 18.10 252688
aoULAV 1e6 5 116 - 0.15 19.00 252692
aoD2AG 1e6 5 116 - 0.21 21.71 323644
aoD2SG 1e6 5 116 - 0.50 25.58 332588
dry 18e1 2 248 - 0.02 0.12 27956
aoDLAV 18e1 2 248 - 0.03 0.14 30184
aoULAV 18e1 2 248 - 0.03 0.14 30196
aoD2AG 18e1 2 248 - 0.03 0.14 30388
aoD2SG 18e1 2 248 - 0.02 0.15 30364
moore 18e1 2 248 - 0.04 0.35 30496
nbpm 18e1 2 248 - 0.08 2.11 54444
greedy 18e1 2 248 - 0.02 0.16 33348
dry 5e4 2 98 - 0.02 0.12 31120
aoDLAV 5e4 2 98 - 0.03 0.27 33008
aoULAV 5e4 2 98 - 0.03 0.28 33312
aoD2AG 5e4 2 98 - 0.03 0.33 36408
aoD2SG 5e4 2 98 - 0.03 0.35 36444
dry 32e3 2 237 - 0.02 0.12 30764
aoDLAV 32e3 2 237 - 0.02 0.22 31436
aoULAV 32e3 2 237 - 0.03 0.21 32152
aoD2AG 32e3 2 237 - 0.04 0.23 35024
aoD2SG 32e3 2 237 - 0.04 0.24 34788
dry 5e4 10 210 - 0.03 0.12 33888
aoDLAV 5e4 10 210 - 0.04 7.81 40200
aoULAV 5e4 10 210 - 0.04 7.62 40200
aoD2AG 5e4 10 210 - 0.04 7.58 44984
aoD2SG 5e4 10 210 - 0.03 8.30 44996
dry 1e2 5 211 - 0.02 0.12 25996
aoDLAV 1e2 5 211 - 0.03 0.14 30216
aoULAV 1e2 5 211 - 0.02 0.15 30224
aoD2AG 1e2 5 211 - 0.03 0.14 30380
aoD2SG 1e2 5 211 - 0.03 0.14 30388
moore 1e2 5 211 - 0.02 0.20 30492
nbpm 1e2 5 211 - 0.06 2.16 53016
greedy 1e2 5 211 - 0.03 0.14 30920
dry 32e4 2 33 - 0.03 0.16 36424
aoDLAV 32e4 2 33 - 0.05 1.21 70832
aoULAV 32e4 2 33 - 0.05 1.27 70840
aoD2AG 32e4 2 33 - 0.06 1.64 88320
aoD2SG 32e4 2 33 - 0.09 1.78 91008
dry 1e5 10 107 - 0.03 0.17 38400
aoDLAV 1e5 10 107 - 0.05 20.08 53536
aoULAV 1e5 10 107 - 0.05 19.71 55308
aoD2AG 1e5 10 107 - 0.05 20.23 62636
aoD2SG 1e5 10 107 - 0.05 22.91 66832
dry 56e3 2 150 - 0.02 0.12 28240
aoDLAV 56e3 2 150 - 0.03 0.27 33480
aoULAV 56e3 2 150 - 0.04 0.27 34696
aoD2AG 56e3 2 150 - 0.04 0.34 37284
aoD2SG 56e3 2 150 - 0.03 0.42 37304
dry 32e1 2 11 - 0.02 0.12 26004
aoDLAV 32e1 2 11 - 0.03 0.14 30196
aoULAV 32e1 2 11 - 0.03 0.14 30212
aoD2AG 32e1 2 11 - 0.02 0.14 30380
aoD2SG 32e1 2 11 - 0.03 0.14 30384
moore 32e1 2 11 - 0.03 0.57 33748
nbpm 32e1 2 11 - 0.07 2.37 58308
greedy 32e1 2 11 - 0.03 0.21 40972
dry 1e3 2 135 - 0.02 0.12 26024
aoDLAV 1e3 2 135 - 0.03 0.14 30284
aoULAV 1e3 2 135 - 0.03 0.14 30304
aoD2AG 1e3 2 135 - 0.02 0.15 30540
aoD2SG 1e3 2 135 - 0.03 0.15 30560
moore 1e3 2 135 - 0.03 7.13 59776
nbpm 1e3 2 135 - 0.12 4.04 138560
greedy 1e3 2 135 - 0.07 1.03 139248
dry 1e6 5 142 - 0.04 0.28 73152
aoDLAV 1e6 5 142 - 0.15 17.97 252692
aoULAV 1e6 5 142 - 0.13 19.99 252688
aoD2AG 1e6 5 142 - 0.34 21.70 324476
aoD2SG 1e6 5 142 - 0.21 26.06 332552
dry 375e2 2 218 - 0.02 0.12 29552
aoDLAV 375e2 2 218 - 0.02 0.24 31784
aoULAV 375e2 2 218 - 0.03 0.23 32604
aoD2AG 375e2 2 218 - 0.03 0.27 35516
aoD2SG 375e2 2 218 - 0.04 0.28 35528
dry 1e2 2 80 - 0.03 0.11 25992
aoDLAV 1e2 2 80 - 0.02 0.14 30168
aoULAV 1e2 2 80 - 0.03 0.14 30180
aoD2AG 1e2 2 80 - 0.03 0.14 30336
aoD2SG 1e2 2 80 - 0.03 0.14 30340
moore 1e2 2 80 - 0.03 0.22 30484
nbpm 1e2 2 80 - 0.08 2.13 53000
greedy 1e2 2 80 - 0.02 0.15 30880
dry 1e5 10 248 - 0.04 0.17 38396
aoDLAV 1e5 10 248 - 0.05 22.44 53536
aoULAV 1e5 10 248 - 0.04 22.87 55312
aoD2AG 1e5 10 248 - 0.03 22.36 63120
aoD2SG 1e5 10 248 - 0.05 25.79 66836
dry 5e4 5 40 - 0.03 0.14 30836
aoDLAV 5e4 5 40 - 0.04 0.74 34704
aoULAV 5e4 5 40 - 0.03 0.76 34708
aoD2AG 5e4 5 40 - 0.04 0.80 37728
aoD2SG 5e4 5 40 - 0.04 0.89 37936
dry 225e2 2 102 - 0.02 0.12 27952
aoDLAV 225e2 2 102 - 0.04 0.18 30984
aoULAV 225e2 2 102 - 0.02 0.20 30992
aoD2AG 225e2 2 102 - 0.03 0.21 33368
aoD2SG 225e2 2 102 - 0.03 0.22 33464
dry 1e5 5 74 - 0.04 0.13 34476
aoDLAV 1e5 5 74 - 0.04 1.63 41816
aoULAV 1e5 5 74 - 0.04 1.70 43568
aoD2AG 1e5 5 74 - 0.04 1.81 53940
aoD2SG 1e5 5 74 - 0.06 2.02 53200
dry 56e1 2 176 - 0.02 0.12 26008
aoDLAV 56e1 2 176 - 0.03 0.15 30224
aoULAV 56e1 2 176 - 0.03 0.14 30232
aoD2AG 56e1 2 176 - 0.02 0.15 30416
aoD2SG 56e1 2 176 - 0.03 0.15 30468
moore 56e1 2 176 - 0.03 2.26 39660
nbpm 56e1 2 176 - 0.09 3.01 78708
greedy 56e1 2 176 - 0.04 0.40 64104
dry 1e6 2 81 - 0.05 0.19 49708
aoDLAV 1e6 2 81 - 0.10 3.83 178456
aoULAV 1e6 2 81 - 0.12 3.78 178460
aoD2AG 1e6 2 81 - 0.16 5.42 233956
aoD2SG 1e6 2 81 - 0.19 6.55 242624
dry 350e2 2 133 - 0.03 0.11 27416
aoDLAV 350e2 2 133 - 0.03 0.23 31480
aoULAV 350e2 2 133 - 0.03 0.24 32260
aoD2AG 350e2 2 133 - 0.03 0.27 34852
aoD2SG 350e2 2 133 - 0.04 0.28 35132
dry 1e5 10 82 - 0.03 0.19 38396
aoDLAV 1e5 10 82 - 0.04 23.16 53540
aoULAV 1e5 10 82 - 0.05 23.33 55312
aoD2AG 1e5 10 82 - 0.05 22.52 62964
aoD2SG 1e5 10 82 - 0.06 24.91 66836
dry 400e2 2 101 - 0.03 0.12 29516
aoDLAV 400e2 2 101 - 0.03 0.25 32240
aoULAV 400e2 2 101 - 0.03 0.24 33112
aoD2AG 400e2 2 101 - 0.03 0.29 36076
aoD2SG 400e2 2 101 - 0.03 0.29 35928
dry 5e4 5 112 - 0.02 0.14 30084
aoDLAV 5e4 5 112 - 0.03 0.77 34704
aoULAV 5e4 5 112 - 0.03 0.74 34704
aoD2AG 5e4 5 112 - 0.04 0.80 37728
aoD2SG 5e4 5 112 - 0.04 0.84 37936
dry 1e5 2 218 - 0.02 0.13 31308
aoDLAV 1e5 2 218 - 0.03 0.44 34804
aoULAV 1e5 2 218 - 0.03 0.45 35320
aoD2AG 1e5 2 218 - 0.04 0.56 42600
aoD2SG 1e5 2 218 - 0.04 0.62 43796
dry 1e6 5 191 - 0.05 0.27 73152
aoDLAV 1e6 5 191 - 0.16 19.73 252692
aoULAV 1e6 5 191 - 0.17 19.81 252692
aoD2AG 1e6 5 191 - 0.22 20.95 323500
aoD2SG 1e6 5 191 - 0.23 24.57 331416
dry 32e3 2 166 - 0.02 0.13 27952
aoDLAV 32e3 2 166 - 0.03 0.22 31436
aoULAV 32e3 2 166 - 0.03 0.22 32152
aoD2AG 32e3 2 166 - 0.03 0.25 35028
aoD2SG 32e3 2 166 - 0.03 0.26 34792
dry 325e2 2 13 - 0.03 0.12 27316
aoDLAV 325e2 2 13 - 0.02 0.23 31372
aoULAV 325e2 2 13 - 0.02 0.23 32084
aoD2AG 325e2 2 13 - 0.02 0.26 35000
aoD2SG 325e2 2 13 - 0.03 0.27 34760
dry 1e5 2 64 - 0.02 0.14 29984
aoDLAV 1e5 2 64 - 0.03 0.45 34800
aoULAV 1e5 2 64 - 0.02 0.47 35324
aoD2AG 1e5 2 64 - 0.03 0.58 42600
aoD2SG 1e5 2 64 - 0.04 0.66 43812
dry 250e2 2 70 - 0.02 0.12 27020
aoDLAV 250e2 2 70 - 0.02 0.21 31112
aoULAV 250e2 2 70 - 0.02 0.21 31216
aoD2AG 250e2 2 70 - 0.03 0.22 33860
aoD2SG 250e2 2 70 - 0.02 0.24 33968
dry 1e6 5 247 - 0.05 0.27 73152
aoDLAV 1e6 5 247 - 0.14 19.56 252688
aoULAV 1e6 5 247 - 0.15 19.71 252688
aoD2AG 1e6 5 247 - 0.23 21.62 323092
aoD2SG 1e6 5 247 - 0.27 25.04 332548
dry 1e1 2 25 - 0.03 0.11 25992
aoDLAV 1e1 2 25 - 0.03 0.14 30164
aoULAV 1e1 2 25 - 0.04 0.14 30176
aoD2AG 1e1 2 25 - 0.02 0.15 30316
aoD2SG 1e1 2 25 - 0.03 0.14 30320
moore 1e1 2 25 - 0.03 0.18 30480
nbpm 1e1 2 25 - 0.09 2.14 49816
greedy 1e1 2 25 - 0.03 0.14 30128
dry 300e2 2 127 - 0.02 0.12 27216
aoDLAV 300e2 2 127 - 0.04 0.21 31296
aoULAV 300e2 2 127 - 0.03 0.22 31892
aoD2AG 300e2 2 127 - 0.03 0.25 35060
aoD2SG 300e2 2 127 - 0.03 0.25 34716
dry 225e2 2 56 - 0.02 0.12 26920
aoDLAV 225e2 2 56 - 0.03 0.20 30984
aoULAV 225e2 2 56 - 0.03 0.20 30992
aoD2AG 225e2 2 56 - 0.03 0.22 33372
aoD2SG 225e2 2 56 - 0.03 0.23 33464
dry 5e4 10 149 - 0.04 0.13 33892
aoDLAV 5e4 10 149 - 0.04 7.53 40200
aoULAV 5e4 10 149 - 0.04 7.61 40200
aoD2AG 5e4 10 149 - 0.04 7.80 44984
aoD2SG 5e4 10 149 - 0.03 9.01 44996
dry 1e6 2 108 - 0.04 0.20 49704
aoDLAV 1e6 2 108 - 0.10 3.77 178456
aoULAV 1e6 2 108 - 0.11 3.96 178456
aoD2AG 1e6 2 108 - 0.17 5.64 232884
aoD2SG 1e6 2 108 - 0.20 6.27 241624
dry 56e4 2 201 - 0.04 0.18 41104
aoDLAV 56e4 2 201 - 0.08 2.05 107984
aoULAV 56e4 2 201 - 0.10 2.14 107984
aoD2AG 56e4 2 201 - 0.12 3.06 138380
aoD2SG 56e4 2 201 - 0.12 3.39 142776
dry 1e3 10 19 - 0.03 0.11 26136
aoDLAV 1e3 10 19 - 0.02 0.16 30656
aoULAV 1e3 10 19 - 0.03 0.16 30664
aoD2AG 1e3 10 19 - 0.03 0.16 31080
aoD2SG 1e3 10 19 - 0.03 0.16 31096
moore 1e3 10 19 - 0.04 2.62 59868
nbpm 1e3 10 19 - 0.12 4.64 136140
greedy 1e3 10 19 - 0.07 1.07 139616
dry 325e2 2 136 - 0.03 0.12 29168
aoDLAV 325e2 2 136 - 0.03 0.22 31372
aoULAV 325e2 2 136 - 0.03 0.22 32084
aoD2AG 325e2 2 136 - 0.03 0.26 35000
aoD2SG 325e2 2 136 - 0.03 0.27 34760
dry 5e4 2 205 - 0.02 0.12 29420
aoDLAV 5e4 2 205 - 0.03 0.28 33012
aoULAV 5e4 2 205 - 0.04 0.28 33312
aoD2AG 5e4 2 205 - 0.04 0.33 36412
aoD2SG 5e4 2 205 - 0.03 0.36 36424
dry 5e4 2 197 - 0.03 0.12 28004
aoDLAV 5e4 2 197 - 0.03 0.27 33012
aoULAV 5e4 2 197 - 0.03 0.27 33312
aoD2AG 5e4 2 197 - 0.04 0.33 36408
aoD2SG 5e4 2 197 - 0.03 0.36 36424
dry 1e2 10 118 - 0.03 0.11 26004
aoDLAV 1e2 10 118 - 0.02 0.15 30260
aoULAV 1e2 10 118 - 0.03 0.14 30276
aoD2AG 1e2 10 118 - 0.03 0.14 30440
aoD2SG 1e2 10 118 - 0.03 0.15 30452
moore 1e2 10 118 - 0.03 0.25 30496
nbpm 1e2 10 118 - 0.08 2.15 53076
greedy 1e2 10 118 - 0.02 0.15 30972
dry 1e3 2 178 - 0.02 0.12 26020
aoDLAV 1e3 2 178 - 0.03 0.14 30280
aoULAV 1e3 2 178 - 0.03 0.14 30292
aoD2AG 1e3 2 178 - 0.03 0.14 30544
aoD2SG 1e3 2 178 - 0.03 0.14 30560
moore 1e3 2 178 - 0.04 8.25 59768
nbpm 1e3 2 178 - 0.14 4.07 138552
greedy 1e3 2 178 - 0.07 1.05 139244
dry 225e2 2 189 - 0.02 0.12 26920
aoDLAV 225e2 2 189 - 0.02 0.20 30980
aoULAV 225e2 2 189 - 0.03 0.20 30992
aoD2AG 225e2 2 189 - 0.03 0.21 33372
aoD2SG 225e2 2 189 - 0.03 0.22 33460
dry 1e3 10 141 - 0.03 0.11 26136
aoDLAV 1e3 10 141 - 0.03 0.16 30656
aoULAV 1e3 10 141 - 0.03 0.15 30668
aoD2AG 1e3 10 141 - 0.02 0.17 31068
aoD2SG 1e3 10 141 - 0.02 0.17 31096
moore 1e3 10 141 - 0.04 8.56 59840
nbpm 1e3 10 141 - 0.12 4.80 136140
greedy 1e3 10 141 - 0.08 1.04 139620
dry 1e1 2 92 - 0.03 0.12 25992
aoDLAV 1e1 2 92 - 0.03 0.14 30164
aoULAV 1e1 2 92 - 0.03 0.14 30172
aoD2AG 1e1 2 92 - 0.02 0.15 30316
aoD2SG 1e1 2 92 - 0.02 0.16 30328
moore 1e1 2 92 - 0.04 0.19 30476
nbpm 1e1 2 92 - 0.07 2.16 49820
greedy 1e1 2 92 - 0.03 0.14 30128
dry 1e6 5 58 - 0.06 0.27 73152
aoDLAV 1e6 5 58 - 0.14 19.11 252688
aoULAV 1e6 5 58 - 0.14 18.96 252692
aoD2AG 1e6 5 58 - 0.22 21.18 324740
aoD2SG 1e6 5 58 - 0.20 24.72 333260
dry 1e6 2 239 - 0.04 0.20 49708
aoDLAV 1e6 2 239 - 0.11 3.73 178456
aoULAV 1e6 2 239 - 0.11 4.01 178456
aoD2AG 1e6 2 239 - 0.18 5.61 233724
aoD2SG 1e6 2 239 - 0.18 6.35 242584
dry 56e1 2 136 - 0.02 0.12 26008
aoDLAV 56e1 2 136 - 0.03 0.14 30220
aoULAV 56e1 2 136 - 0.03 0.14 30232
aoD2AG 56e1 2 136 - 0.03 0.14 30420
aoD2SG 56e1 2 136 - 0.03 0.14 30424
moore 56e1 2 136 - 0.04 0.83 39692
nbpm 56e1 2 136 - 0.09 2.94 78712
greedy 56e1 2 136 - 0.05 0.38 64104
dry 325e2 2 75 - 0.03 0.11 27316
aoDLAV 325e2 2 75 - 0.03 0.23 31376
aoULAV 325e2 2 75 - 0.03 0.22 32088
aoD2AG 325e2 2 75 - 0.03 0.25 35004
aoD2SG 325e2 2 75 - 0.03 0.27 34760
dry 56e1 2 214 - 0.02 0.11 26012
aoDLAV 56e1 2 214 - 0.03 0.15 30220
aoULAV 56e1 2 214 - 0.02 0.15 30232
aoD2AG 56e1 2 214 - 0.03 0.14 30420
aoD2SG 56e1 2 214 - 0.04 0.14 30424
moore 56e1 2 214 - 0.03 1.64 39652
nbpm 56e1 2 214 - 0.11 2.90 78704
greedy 56e1 2 214 - 0.04 0.39 64104
dry 1e3 5 162 - 0.02 0.12 26056
aoDLAV 1e3 5 162 - 0.03 0.15 30424
aoULAV 1e3 5 162 - 0.03 0.14 30436
aoD2AG 1e3 5 162 - 0.02 0.15 30740
aoD2SG 1e3 5 162 - 0.03 0.15 30764
moore 1e3 5 162 - 0.04 8.45 59800
nbpm 1e3 5 162 - 0.16 4.47 129240
greedy 1e3 5 162 - 0.10 1.05 139392
dry 400e2 2 78 - 0.02 0.12 27616
aoDLAV 400e2 2 78 - 0.02 0.25 32236
aoULAV 400e2 2 78 - 0.03 0.26 33116
aoD2AG 400e2 2 78 - 0.03 0.29 36076
aoD2SG 400e2 2 78 - 0.03 0.30 35932
dry 32e1 2 219 - 0.03 0.11 26000
aoDLAV 32e1 2 219 - 0.02 0.15 30196
aoULAV 32e1 2 219 - 0.02 0.15 30208
aoD2AG 32e1 2 219 - 0.02 0.15 30376
aoD2SG 32e1 2 219 - 0.02 0.15 30384
moore 32e1 2 219 - 0.04 0.37 33684
nbpm 32e1 2 219 - 0.07 2.38 58308
greedy 32e1 2 219 - 0.03 0.21 40972
dry 350e2 2 146 - 0.02 0.12 27416
aoDLAV 350e2 2 146 - 0.02 0.24 31484
aoULAV 350e2 2 146 - 0.03 0.23 32260
aoD2AG 350e2 2 146 - 0.03 0.26 34844
aoD2SG 350e2 2 146 - 0.03 0.28 35128
dry 5e4 10 227 - 0.02 0.14 33888
aoDLAV 5e4 10 227 - 0.03 7.95 40200
aoULAV 5e4 10 227 - 0.04 8.06 40200
aoD2AG 5e4 10 227 - 0.04 7.34 44980
aoD2SG 5e4 10 227 - 0.05 8.29 45000
dry 1e3 5 97 - 0.02 0.12 26060
aoDLAV 1e3 5 97 - 0.02 0.15 30424
aoULAV 1e3 5 97 - 0.03 0.14 30436
aoD2AG 1e3 5 97 - 0.03 0.15 30740
aoD2SG 1e3 5 97 - 0.03 0.14 30772
moore 1e3 5 97 - 0.04 5.69 59800
nbpm 1e3 5 97 - 0.10 4.48 129244
greedy 1e3 5 97 - 0.07 1.06 139388
dry 1e5 2 65 - 0.02 0.13 31156
aoDLAV 1e5 2 65 - 0.03 0.43 34800
aoULAV 1e5 2 65 - 0.03 0.45 35324
aoD2AG 1e5 2 65 - 0.04 0.56 42600
aoD2SG 1e5 2 65 - 0.04 0.62 43796
dry 32e1 2 209 - 0.02 0.12 26004
aoDLAV 32e1 2 209 - 0.02 0.15 30196
aoULAV 32e1 2 209 - 0.03 0.14 30208
aoD2AG 32e1 2 209 - 0.03 0.15 30380
aoD2SG 32e1 2 209 - 0.02 0.14 30384
moore 32e1 2 209 - 0.03 0.71 33680
nbpm 32e1 2 209 - 0.09 2.34 58300
greedy 32e1 2 209 - 0.03 0.22 40976
dry 1e6 2 20 - 0.04 0.19 49704
aoDLAV 1e6 2 20 - 0.12 3.53 178456
aoULAV 1e6 2 20 - 0.12 3.71 178456
aoD2AG 1e6 2 20 - 0.17 5.30 234076
aoD2SG 1e6 2 20 - 0.18 5.98 242164
dry 5e4 2 115 - 0.02 0.12 29892
aoDLAV 5e4 2 115 - 0.04 0.26 33008
aoULAV 5e4 2 115 - 0.03 0.27 33312
aoD2AG 5e4 2 115 - 0.04 0.32 36412
aoD2SG 5e4 2 115 - 0.03 0.35 36428
dry 225e2 2 35 - 0.02 0.12 26920
aoDLAV 225e2 2 35 - 0.03 0.19 30980
aoULAV 225e2 2 35 - 0.02 0.20 30996
aoD2AG 225e2 2 35 - 0.03 0.21 33368
aoD2SG 225e2 2 35 - 0.03 0.22 33464
dry 56e1 2 139 - 0.03 0.12 26008
aoDLAV 56e1 2 139 - 0.03 0.14 30220
aoULAV 56e1 2 139 - 0.04 0.13 30232
aoD2AG 56e1 2 139 - 0.03 0.14 30416
aoD2SG 56e1 2 139 - 0.03 0.15 30428
moore 56e1 2 139 - 0.04 1.55 39660
nbpm 56e1 2 139 - 0.10 2.89 78712
greedy 56e1 2 139 - 0.03 0.40 64108
dry 1e2 2 197 - 0.02 0.11 25996
aoDLAV 1e2 2 197 - 0.03 0.14 30168
aoULAV 1e2 2 197 - 0.03 0.14 30180
aoD2AG 1e2 2 197 - 0.02 0.15 30336
aoD2SG 1e2 2 197 - 0.03 0.15 30344
moore 1e2 2 197 - 0.03 0.19 30488
nbpm 1e2 2 197 - 0.07 2.15 53012
greedy 1e2 2 197 - 0.03 0.14 30884
dry 1e5 2 222 - 0.02 0.13 31132
aoDLAV 1e5 2 222 - 0.03 0.43 34800
aoULAV 1e5 2 222 - 0.04 0.44 35320
aoD2AG 1e5 2 222 - 0.03 0.56 42604
aoD2SG 1e5 2 222 - 0.05 0.61 43804
dry 5e4 10 158 - 0.03 0.14 33892
aoDLAV 5e4 10 158 - 0.04 7.10 40200
aoULAV 5e4 10 158 - 0.04 7.11 40200
aoD2AG 5e4 10 158 - 0.05 7.19 44988
aoD2SG 5e4 10 158 - 0.03 8.11 44996
dry 350e2 2 214 - 0.03 0.11 28936
aoDLAV 350e2 2 214 - 0.03 0.23 31484
aoULAV 350e2 2 214 - 0.03 0.24 32264
aoD2AG 350e2 2 214 - 0.03 0.27 34848
aoD2SG 350e2 2 214 - 0.02 0.29 35132
dry 56e1 2 39 - 0.02 0.12 26008
aoDLAV 56e1 2 39 - 0.03 0.14 30220
aoULAV 56e1 2 39 - 0.02 0.15 30232
aoD2AG 56e1 2 39 - 0.02 0.15 30416
aoD2SG 56e1 2 39 - 0.02 0.15 30424
moore 56e1 2 39 - 0.03 1.38 39664
nbpm 56e1 2 39 - 0.11 3.01 78712
greedy 56e1 2 39 - 0.05 0.39 64108
dry 1e3 2 106 - 0.02 0.12 26020
aoDLAV 1e3 2 106 - 0.02 0.15 30284
aoULAV 1e3 2 106 - 0.01 0.16 30292
aoD2AG 1e3 2 106 - 0.02 0.16 30536
aoD2SG 1e3 2 106 - 0.02 0.15 30556
moore 1e3 2 106 - 0.05 6.63 59768
nbpm 1e3 2 106 - 0.13 4.17 138592
greedy 1e3 2 106 - 0.07 1.07 139244
dry 350e2 2 229 - 0.03 0.11 27416
aoDLAV 350e2 2 229 - 0.03 0.23 31480
aoULAV 350e2 2 229 - 0.04 0.23 32260
aoD2AG 350e2 2 229 - 0.02 0.27 34852
aoD2SG 350e2 2 229 - 0.02 0.29 35132
dry 1e6 10 197 - 0.08 0.41 112232
aoDLAV 1e6 10 197 - 0.41 431.47 369892
aoULAV 1e6 10 197 - 0.28 357.40 369884
aoD2AG 1e6 10 197 - 0.40 332.82 447576
aoD2SG 1e6 10 197 - 0.41 419.12 455736
dry 32e3 2 243 - 0.02 0.13 27300
aoDLAV 32e3 2 243 - 0.04 0.21 31436
aoULAV 32e3 2 243 - 0.04 0.23 32148
aoD2AG 32e3 2 243 - 0.03 0.26 35020
aoD2SG 32e3 2 243 - 0.04 0.26 34788
dry 350e2 2 206 - 0.02 0.13 27416
aoDLAV 350e2 2 206 - 0.03 0.23 31484
aoULAV 350e2 2 206 - 0.04 0.23 32264
aoD2AG 350e2 2 206 - 0.03 0.26 34848
aoD2SG 350e2 2 206 - 0.04 0.27 35136
dry 56e3 2 168 - 0.03 0.11 29872
aoDLAV 56e3 2 168 - 0.04 0.28 33480
aoULAV 56e3 2 168 - 0.03 0.30 34696
aoD2AG 56e3 2 168 - 0.03 0.37 37284
aoD2SG 56e3 2 168 - 0.04 0.38 37304
dry 18e4 2 69 - 0.03 0.13 33104
aoDLAV 18e4 2 69 - 0.04 0.76 47860
aoULAV 18e4 2 69 - 0.05 0.78 47860
aoD2AG 18e4 2 69 - 0.05 1.00 58648
aoD2SG 18e4 2 69 - 0.05 1.11 59964
dry 275e2 2 214 - 0.03 0.12 27124
aoDLAV 275e2 2 214 - 0.03 0.20 31240
aoULAV 275e2 2 214 - 0.02 0.23 31572
aoD2AG 275e2 2 214 - 0.04 0.25 34692
aoD2SG 275e2 2 214 - 0.03 0.25 34808
dry 350e2 2 65 - 0.02 0.12 27416
aoDLAV 350e2 2 65 - 0.04 0.22 31484
aoULAV 350e2 2 65 - 0.03 0.23 32260
aoD2AG 350e2 2 65 - 0.04 0.25 34848
aoD2SG 350e2 2 65 - 0.04 0.27 35128
dry 5e4 5 95 - 0.02 0.14 31672
aoDLAV 5e4 5 95 - 0.02 0.83 34708
aoULAV 5e4 5 95 - 0.03 0.81 34704
aoD2AG 5e4 5 95 - 0.03 0.83 37724
aoD2SG 5e4 5 95 - 0.04 0.91 37940
dry 1e2 5 145 - 0.02 0.12 25996
aoDLAV 1e2 5 145 - 0.02 0.15 30212
aoULAV 1e2 5 145 - 0.03 0.14 30228
aoD2AG 1e2 5 145 - 0.03 0.14 30388
aoD2SG 1e2 5 145 - 0.02 0.16 30388
moore 1e2 5 145 - 0.03 0.20 30492
nbpm 1e2 5 145 - 0.08 2.20 53016
greedy 1e2 5 145 - 0.03 0.14 30920
dry 225e2 2 126 - 0.03 0.11 26920
aoDLAV 225e2 2 126 - 0.03 0.20 30980
aoULAV 225e2 2 126 - 0.03 0.20 30992
aoD2AG 225e2 2 126 - 0.02 0.22 33368
aoD2SG 225e2 2 126 - 0.04 0.22 33464
dry 250e2 2 14 - 0.02 0.12 27020
aoDLAV 250e2 2 14 - 0.03 0.20 31108
aoULAV 250e2 2 14 - 0.04 0.20 31212
aoD2AG 250e2 2 14 - 0.02 0.23 33860
aoD2SG 250e2 2 14 - 0.03 0.24 33964
dry 56e4 2 230 - 0.03 0.19 41112
aoDLAV 56e4 2 230 - 0.07 2.14 107984
aoULAV 56e4 2 230 - 0.07 2.24 107984
aoD2AG 56e4 2 230 - 0.10 3.18 139932
aoD2SG 56e4 2 230 - 0.12 3.52 144032
dry 1e5 5 52 - 0.02 0.14 34476
aoDLAV 1e5 5 52 - 0.04 1.69 41820
aoULAV 1e5 5 52 - 0.04 1.63 43568
aoD2AG 1e5 5 52 - 0.04 1.78 53560
aoD2SG 1e5 5 52 - 0.05 1.97 53196
dry 250e2 2 95 - 0.03 0.12 27020
aoDLAV 250e2 2 95 - 0.02 0.21 31108
aoULAV 250e2 2 95 - 0.03 0.20 31212
aoD2AG 250e2 2 95 - 0.03 0.21 33864
aoD2SG 250e2 2 95 - 0.03 0.23 33964
dry 275e2 2 134 - 0.02 0.12 27120
aoDLAV 275e2 2 134 - 0.03 0.20 31244
aoULAV 275e2 2 134 - 0.03 0.20 31572
aoD2AG 275e2 2 134 - 0.04 0.22 34696
aoD2SG 275e2 2 134 - 0.03 0.24 34812
dry 1e5 2 226 - 0.03 0.13 31252
aoDLAV 1e5 2 226 - 0.04 0.45 34804
aoULAV 1e5 2 226 - 0.04 0.45 35320
aoD2AG 1e5 2 226 - 0.04 0.57 42860
aoD2SG 1e5 2 226 - 0.04 0.64 43796
dry 275e2 2 78 - 0.02 0.11 27120
aoDLAV 275e2 2 78 - 0.02 0.21 31240
aoULAV 275e2 2 78 - 0.03 0.21 31572
aoD2AG 275e2 2 78 - 0.03 0.23 34696
aoD2SG 275e2 2 78 - 0.03 0.25 34812
dry 1e3 10 197 - 0.02 0.12 26140
aoDLAV 1e3 10 197 - 0.04 0.15 30652
aoULAV 1e3 10 197 - 0.03 0.16 30664
aoD2AG 1e3 10 197 - 0.03 0.16 31048
aoD2SG 1e3 10 197 - 0.03 0.16 31068
moore 1e3 10 197 - 0.05 6.05 59844
nbpm 1e3 10 197 - 0.13 4.94 136144
greedy 1e3 10 197 - 0.08 1.04 139620
dry 1e2 10 88 - 0.02 0.12 26004
aoDLAV 1e2 10 88 - 0.02 0.15 30260
aoULAV 1e2 10 88 - 0.02 0.15 30272
aoD2AG 1e2 10 88 - 0.03 0.14 30440
aoD2SG 1e2 10 88 - 0.03 0.14 30452
moore 1e2 10 88 - 0.03 0.21 30500
nbpm 1e2 10 88 - 0.07 2.16 53076
greedy 1e2 10 88 - 0.03 0.15 30972
dry 1e5 2 223 - 0.03 0.13 31940
aoDLAV 1e5 2 223 - 0.03 0.44 34800
aoULAV 1e5 2 223 - 0.03 0.46 35320
aoD2AG 1e5 2 223 - 0.03 0.57 42600
aoD2SG 1e5 2 223 - 0.03 0.64 43808
dry 56e1 2 247 - 0.03 0.11 26008
aoDLAV 56e1 2 247 - 0.03 0.14 30220
aoULAV 56e1 2 247 - 0.02 0.14 30232
aoD2AG 56e1 2 247 - 0.03 0.14 30444
aoD2SG 56e1 2 247 - 0.02 0.15 30424
moore 56e1 2 247 - 0.04 1.25 39680
nbpm 56e1 2 247 - 0.12 2.95 78704
greedy 56e1 2 247 - 0.05 0.39 64104
dry 5e4 10 50 - 0.03 0.13 33888
aoDLAV 5e4 10 50 - 0.04 7.80 40200
aoULAV 5e4 10 50 - 0.04 7.70 40200
aoD2AG 5e4 10 50 - 0.05 7.43 44980
aoD2SG 5e4 10 50 - 0.05 8.46 45000
dry 1e5 2 58 - 0.03 0.13 31636
aoDLAV 1e5 2 58 - 0.04 0.43 34800
aoULAV 1e5 2 58 - 0.04 0.44 35320
aoD2AG 1e5 2 58 - 0.04 0.57 42608
aoD2SG 1e5 2 58 - 0.04 0.63 43800
dry 1e5 5 230 - 0.03 0.14 34476
aoDLAV 1e5 5 230 - 0.05 1.55 41816
aoULAV 1e5 5 230 - 0.04 1.56 43572
aoD2AG 1e5 5 230 - 0.05 1.70 53880
aoD2SG 1e5 5 230 - 0.05 1.90 53268
dry 300e2 2 169 - 0.03 0.12 30728
aoDLAV 300e2 2 169 - 0.03 0.22 31296
aoULAV 300e2 2 169 - 0.03 0.22 31892
aoD2AG 300e2 2 169 - 0.04 0.24 35056
aoD2SG 300e2 2 169 - 0.03 0.25 34720
dry 1e3 2 112 - 0.03 0.11 26020
aoDLAV 1e3 2 112 - 0.02 0.15 30284
aoULAV 1e3 2 112 - 0.03 0.15 30292
aoD2AG 1e3 2 112 - 0.03 0.14 30540
aoD2SG 1e3 2 112 - 0.03 0.14 30560
moore 1e3 2 112 - 0.05 1.68 59804
nbpm 1e3 2 112 - 0.14 4.05 138564
greedy 1e3 2 112 - 0.09 1.02 139248
dry 1e6 10 132 - 0.07 0.40 112232
aoDLAV 1e6 10 132 - 0.20 365.57 369888
aoULAV 1e6 10 132 - 0.32 356.18 369884
aoD2AG 1e6 10 132 - 0.37 352.44 447404
aoD2SG 1e6 10 132 - 0.39 412.99 457616
dry 1e6 2 228 - 0.04 0.20 49704
aoDLAV 1e6 2 228 - 0.11 3.62 178460
aoULAV 1e6 2 228 - 0.12 3.78 178456
aoD2AG 1e6 2 228 - 0.18 5.42 234120
aoD2SG 1e6 2 228 - 0.17 6.11 241576
dry 1e3 5 43 - 0.02 0.12 26056
aoDLAV 1e3 5 43 - 0.03 0.14 30428
aoULAV 1e3 5 43 - 0.04 0.14 30436
aoD2AG 1e3 5 43 - 0.03 0.15 30780
aoD2SG 1e3 5 43 - 0.03 0.15 30784
moore 1e3 5 43 - 0.03 2.21 59828
nbpm 1e3 5 43 - 0.14 5.01 129280
greedy 1e3 5 43 - 0.08 1.07 139388
dry 5e4 2 170 - 0.02 0.12 29484
aoDLAV 5e4 2 170 - 0.02 0.29 33008
aoULAV 5e4 2 170 - 0.03 0.28 33312
aoD2AG 5e4 2 170 - 0.04 0.34 36408
aoD2SG 5e4 2 170 - 0.03 0.37 36420
dry 1e3 2 174 - 0.02 0.12 27952
aoDLAV 1e3 2 174 - 0.02 0.15 30280
aoULAV 1e3 2 174 - 0.02 0.15 30328
aoD2AG 1e3 2 174 - 0.03 0.14 30536
aoD2SG 1e3 2 174 - 0.03 0.15 30560
moore 1e3 2 174 - 0.04 2.81 59896
nbpm 1e3 2 174 - 0.13 4.20 138556
greedy 1e3 2 174 - 0.10 1.05 139244
dry 375e2 2 10 - 0.03 0.12 27516
aoDLAV 375e2 2 10 - 0.03 0.24 31784
aoULAV 375e2 2 10 - 0.03 0.24 32604
aoD2AG 375e2 2 10 - 0.04 0.28 35520
aoD2SG 375e2 2 10 - 0.04 0.29 35528
dry 1e3 2 134 - 0.02 0.12 26020
aoDLAV 1e3 2 134 - 0.02 0.15 30280
aoULAV 1e3 2 134 - 0.03 0.15 30292
aoD2AG 1e3 2 134 - 0.03 0.15 30544
aoD2SG 1e3 2 134 - 0.03 0.15 30564
moore 1e3 2 134 - 0.05 4.55 59768
nbpm 1e3 2 134 - 0.12 4.23 138552
greedy 1e3 2 134 - 0.07 1.06 139244
dry 350e2 2 76 - 0.02 0.12 27420
aoDLAV 350e2 2 76 - 0.03 0.23 31480
aoULAV 350e2 2 76 - 0.03 0.23 32264
aoD2AG 350e2 2 76 - 0.04 0.26 34848
aoD2SG 350e2 2 76 - 0.02 0.29 35132
dry 1e2 2 24 - 0.02 0.13 25992
aoDLAV 1e2 2 24 - 0.03 0.14 30172
aoULAV 1e2 2 24 - 0.02 0.15 30180
aoD2AG 1e2 2 24 - 0.02 0.15 30336
aoD2SG 1e2 2 24 - 0.02 0.15 30344
moore 1e2 2 24 - 0.03 0.22 30480
nbpm 1e2 2 24 - 0.08 2.18 53000
greedy 1e2 2 24 - 0.03 0.15 30880
dry 56e1 2 82 - 0.03 0.11 26008
aoDLAV 56e1 2 82 - 0.03 0.14 30220
aoULAV 56e1 2 82 - 0.03 0.14 30232
aoD2AG 56e1 2 82 - 0.03 0.15 30416
aoD2SG 56e1 2 82 - 0.03 0.14 30424
moore 56e1 2 82 - 0.04 2.15 39652
nbpm 56e1 2 82 - 0.12 3.01 78704
greedy 56e1 2 82 - 0.04 0.41 64108
dry 1e3 2 116 - 0.02 0.13 28036
aoDLAV 1e3 2 116 - 0.03 0.15 30280
aoULAV 1e3 2 116 - 0.03 0.15 30292
aoD2AG 1e3 2 116 - 0.03 0.15 30532
aoD2SG 1e3 2 116 - 0.03 0.15 30548
moore 1e3 2 116 - 0.04 6.27 59768
nbpm 1e3 2 116 - 0.12 4.15 138552
greedy 1e3 2 116 - 0.07 1.02 139244
dry 18e4 2 51 - 0.04 0.12 33104
aoDLAV 18e4 2 51 - 0.05 0.78 47860
aoULAV 18e4 2 51 - 0.05 0.80 47860
aoD2AG 18e4 2 51 - 0.05 1.04 58644
aoD2SG 18e4 2 51 - 0.05 1.17 60288
dry 275e2 2 66 - 0.03 0.12 27124
aoDLAV 275e2 2 66 - 0.03 0.22 31240
aoULAV 275e2 2 66 - 0.04 0.21 31568
aoD2AG 275e2 2 66 - 0.03 0.24 34700
aoD2SG 275e2 2 66 - 0.04 0.25 34812
dry 1e3 10 169 - 0.04 0.11 28100
aoDLAV 1e3 10 169 - 0.03 0.16 30652
aoULAV 1e3 10 169 - 0.02 0.18 30664
aoD2AG 1e3 10 169 - 0.03 0.17 31060
aoD2SG 1e3 10 169 - 0.03 0.17 31076
moore 1e3 10 169 - 0.04 2.94 59868
nbpm 1e3 10 169 - 0.15 4.81 136136
greedy 1e3 10 169 - 0.10 1.05 139616
dry 1e6 2 34 - 0.04 0.20 49704
aoDLAV 1e6 2 34 - 0.11 3.64 178456
aoULAV 1e6 2 34 - 0.11 3.82 178460
aoD2AG 1e6 2 34 - 0.19 5.42 233252
aoD2SG 1e6 2 34 - 0.18 6.16 241580
dry 300e2 2 117 - 0.03 0.12 27216
aoDLAV 300e2 2 117 - 0.03 0.22 31296
aoULAV 300e2 2 117 - 0.02 0.23 31892
aoD2AG 300e2 2 117 - 0.04 0.24 35060
aoD2SG 300e2 2 117 - 0.04 0.25 34716
dry 32e3 2 208 - 0.03 0.12 28972
aoDLAV 32e3 2 208 - 0.03 0.23 31440
aoULAV 32e3 2 208 - 0.03 0.23 32144
aoD2AG 32e3 2 208 - 0.04 0.26 35024
aoD2SG 32e3 2 208 - 0.04 0.26 34788
dry 400e2 2 245 - 0.02 0.13 29088
aoDLAV 400e2 2 245 - 0.03 0.27 32236
aoULAV 400e2 2 245 - 0.03 0.24 33116
aoD2AG 400e2 2 245 - 0.03 0.28 36072
aoD2SG 400e2 2 245 - 0.04 0.29 35924
dry 1e3 10 223 - 0.02 0.12 26136
aoDLAV 1e3 10 223 - 0.03 0.16 30652
aoULAV 1e3 10 223 - 0.03 0.16 30664
aoD2AG 1e3 10 223 - 0.02 0.17 31060
aoD2SG 1e3 10 223 - 0.03 0.16 31084
moore 1e3 10 223 - 0.04 5.50 59840
nbpm 1e3 10 223 - 0.13 4.83 136144
greedy 1e3 10 223 - 0.09 1.06 139616
dry 350e2 2 105 - 0.03 0.12 30828
aoDLAV 350e2 2 105 - 0.02 0.24 31484
aoULAV 350e2 2 105 - 0.02 0.24 32260
aoD2AG 350e2 2 105 - 0.03 0.27 34848
aoD2SG 350e2 2 105 - 0.04 0.27 35136
dry 275e2 2 70 - 0.03 0.12 27120
aoDLAV 275e2 2 70 - 0.03 0.22 31288
aoULAV 275e2 2 70 - 0.03 0.21 31576
aoD2AG 275e2 2 70 - 0.04 0.23 34696
aoD2SG 275e2 2 70 - 0.03 0.25 34812
dry 56e1 2 213 - 0.03 0.12 26008
aoDLAV 56e1 2 213 - 0.03 0.15 30220
aoULAV 56e1 2 213 - 0.03 0.14 30232
aoD2AG 56e1 2 213 - 0.03 0.15 30416
aoD2SG 56e1 2 213 - 0.03 0.14 30424
moore 56e1 2 213 - 0.04 1.39 39656
nbpm 56e1 2 213 - 0.10 3.01 78704
greedy 56e1 2 213 - 0.04 0.40 64104
dry 1e6 2 33 - 0.04 0.20 49704
aoDLAV 1e6 2 33 - 0.12 3.86 178456
aoULAV 1e6 2 33 - 0.11 4.11 178456
aoD2AG 1e6 2 33 - 0.15 5.53 233712
aoD2SG 1e6 2 33 - 0.19 6.59 243376
dry 56e1 2 231 - 0.02 0.12 26008
aoDLAV 56e1 2 231 - 0.03 0.15 30224
aoULAV 56e1 2 231 - 0.04 0.13 30232
aoD2AG 56e1 2 231 - 0.03 0.14 30416
aoD2SG 56e1 2 231 - 0.02 0.15 30424
moore 56e1 2 231 - 0.04 0.84 39688
nbpm 56e1 2 231 - 0.10 2.99 78712
greedy 56e1 2 231 - 0.05 0.39 64104
dry 56e4 2 19 - 0.03 0.19 41104
aoDLAV 56e4 2 19 - 0.08 2.15 107988
aoULAV 56e4 2 19 - 0.08 2.21 107984
aoD2AG 56e4 2 19 - 0.11 3.16 139536
aoD2SG 56e4 2 19 - 0.14 3.55 143212
dry 56e1 2 32 - 0.03 0.12 26008
aoDLAV 56e1 2 32 - 0.03 0.15 30224
aoULAV 56e1 2 32 - 0.02 0.15 30236
aoD2AG 56e1 2 32 - 0.03 0.14 30420
aoD2SG 56e1 2 32 - 0.03 0.15 30424
moore 56e1 2 32 - 0.04 1.69 39660
nbpm 56e1 2 32 - 0.11 3.01 78712
greedy 56e1 2 32 - 0.04 0.39 64104
dry 1e5 2 195 - 0.03 0.13 30932
aoDLAV 1e5 2 195 - 0.03 0.47 34800
aoULAV 1e5 2 195 - 0.03 0.47 35320
aoD2AG 1e5 2 195 - 0.04 0.59 42604
aoD2SG 1e5 2 195 - 0.05 0.65 43804
dry 1e2 5 217 - 0.02 0.12 25996
aoDLAV 1e2 5 217 - 0.02 0.15 30212
aoULAV 1e2 5 217 - 0.03 0.15 30224
aoD2AG 1e2 5 217 - 0.03 0.15 30380
aoD2SG 1e2 5 217 - 0.03 0.15 30388
moore 1e2 5 217 - 0.03 0.21 30492
nbpm 1e2 5 217 - 0.08 2.21 53016
greedy 1e2 5 217 - 0.02 0.16 30924
dry 18e4 2 197 - 0.02 0.14 33108
aoDLAV 18e4 2 197 - 0.04 0.77 47864
aoULAV 18e4 2 197 - 0.04 0.77 47860
aoD2AG 18e4 2 197 - 0.07 1.04 58644
aoD2SG 18e4 2 197 - 0.05 1.14 60348
dry 275e2 2 110 - 0.02 0.12 28968
aoDLAV 275e2 2 110 - 0.03 0.21 31240
aoULAV 275e2 2 110 - 0.03 0.21 31572
aoD2AG 275e2 2 110 - 0.04 0.23 34692
aoD2SG 275e2 2 110 - 0.03 0.28 34816
dry 1e5 2 210 - 0.03 0.13 31268
aoDLAV 1e5 2 210 - 0.04 0.45 34804
aoULAV 1e5 2 210 - 0.03 0.46 35320
aoD2AG 1e5 2 210 - 0.05 0.58 42628
aoD2SG 1e5 2 210 - 0.03 0.64 43800
dry 350e2 2 244 - 0.02 0.12 29356
aoDLAV 350e2 2 244 - 0.03 0.23 31480
aoULAV 350e2 2 244 - 0.03 0.24 32264
aoD2AG 350e2 2 244 - 0.03 0.26 34848
aoD2SG 350e2 2 244 - 0.03 0.28 35128
dry 275e2 2 164 - 0.02 0.12 27120
aoDLAV 275e2 2 164 - 0.03 0.21 31240
aoULAV 275e2 2 164 - 0.04 0.20 31576
aoD2AG 275e2 2 164 - 0.03 0.24 34692
aoD2SG 275e2 2 164 - 0.03 0.25 34808
dry 375e2 2 47 - 0.02 0.12 27516
aoDLAV 375e2 2 47 - 0.03 0.23 31784
aoULAV 375e2 2 47 - 0.02 0.24 32608
aoD2AG 375e2 2 47 - 0.02 0.27 35516
aoD2SG 375e2 2 47 - 0.03 0.30 35528
dry 250e2 2 96 - 0.02 0.13 27020
aoDLAV 250e2 2 96 - 0.03 0.20 31112
aoULAV 250e2 2 96 - 0.02 0.21 31212
aoD2AG 250e2 2 96 - 0.03 0.23 33860
aoD2SG 250e2 2 96 - 0.03 0.24 33964
dry 1e2 10 194 - 0.03 0.12 26004
aoDLAV 1e2 10 194 - 0.03 0.14 30260
aoULAV 1e2 10 194 - 0.03 0.15 30272
aoD2AG 1e2 10 194 - 0.03 0.14 30440
aoD2SG 1e2 10 194 - 0.03 0.15 30448
moore 1e2 10 194 - 0.03 0.23 30496
nbpm 1e2 10 194 - 0.09 2.20 53080
greedy 1e2 10 194 - 0.02 0.15 30976
dry 1e2 5 105 - 0.02 0.12 26000
aoDLAV 1e2 5 105 - 0.02 0.15 30212
aoULAV 1e2 5 105 - 0.02 0.15 30228
aoD2AG 1e2 5 105 - 0.03 0.15 30384
aoD2SG 1e2 5 105 - 0.03 0.15 30388
moore 1e2 5 105 - 0.03 0.21 30492
nbpm 1e2 5 105 - 0.08 2.15 53016
greedy 1e2 5 105 - 0.02 0.15 30924
dry 1e2 2 91 - 0.03 0.12 25992
aoDLAV 1e2 2 91 - 0.02 0.14 30168
aoULAV 1e2 2 91 - 0.02 0.15 30184
aoD2AG 1e2 2 91 - 0.02 0.15 30336
aoD2SG 1e2 2 91 - 0.02 0.15 30340
moore 1e2 2 91 - 0.03 0.23 30480
nbpm 1e2 2 91 - 0.10 2.12 53000
greedy 1e2 2 91 - 0.02 0.16 30880
dry 400e2 2 133 - 0.03 0.12 27620
aoDLAV 400e2 2 133 - 0.04 0.23 32236
aoULAV 400e2 2 133 - 0.02 0.25 33112
aoD2AG 400e2 2 133 - 0.03 0.29 36072
aoD2SG 400e2 2 133 - 0.02 0.30 35932
dry 5e4 5 132 - 0.03 0.13 30740
aoDLAV 5e4 5 132 - 0.03 0.70 34704
aoULAV 5e4 5 132 - 0.03 0.71 34704
aoD2AG 5e4 5 132 - 0.05 0.75 37728
aoD2SG 5e4 5 132 - 0.04 0.83 37940
dry 56e1 2 89 - 0.02 0.12 26008
aoDLAV 56e1 2 89 - 0.02 0.15 30220
aoULAV 56e1 2 89 - 0.02 0.15 30236
aoD2AG 56e1 2 89 - 0.03 0.15 30416
aoD2SG 56e1 2 89 - 0.03 0.14 30424
moore 56e1 2 89 - 0.04 1.68 39652
nbpm 56e1 2 89 - 0.12 2.89 78704
greedy 56e1 2 89 - 0.04 0.39 64104
dry 18e1 2 239 - 0.02 0.12 26004
aoDLAV 18e1 2 239 - 0.03 0.14 30184
aoULAV 18e1 2 239 - 0.03 0.14 30196
aoD2AG 18e1 2 239 - 0.03 0.15 30356
aoD2SG 18e1 2 239 - 0.02 0.15 30364
moore 18e1 2 239 - 0.02 0.43 30496
nbpm 18e1 2 239 - 0.08 2.17 54444
greedy 18e1 2 239 - 0.02 0.17 33348
dry 325e2 2 170 - 0.03 0.12 27320
aoDLAV 325e2 2 170 - 0.03 0.24 31372
aoULAV 325e2 2 170 - 0.03 0.23 32088
aoD2AG 325e2 2 170 - 0.03 0.26 35004
aoD2SG 325e2 2 170 - 0.04 0.27 34760
dry 1e6 5 101 - 0.05 0.28 73152
aoDLAV 1e6 5 101 - 0.14 19.72 252776
aoULAV 1e6 5 101 - 0.15 19.87 252688
aoD2AG 1e6 5 101 - 0.22 21.60 323148
aoD2SG 1e6 5 101 - 0.21 25.48 332232
dry 1e6 5 51 - 0.05 0.29 73156
aoDLAV 1e6 5 51 - 0.16 18.79 252688
aoULAV 1e6 5 51 - 0.19 19.11 252692
aoD2AG 1e6 5 51 - 0.21 21.88 324548
aoD2SG 1e6 5 51 - 0.20 25.69 332728
dry 32e1 2 15 - 0.02 0.12 26000
aoDLAV 32e1 2 15 - 0.03 0.15 30196
aoULAV 32e1 2 15 - 0.03 0.15 30212
aoD2AG 32e1 2 15 - 0.03 0.14 30380
aoD2SG 32e1 2 15 - 0.02 0.15 30384
moore 32e1 2 15 - 0.04 0.97 33684
nbpm 32e1 2 15 - 0.11 2.40 58308
greedy 32e1 2 15 - 0.03 0.22 40972
dry 1e5 5 246 - 0.04 0.14 34476
aoDLAV 1e5 5 246 - 0.04 1.62 41816
aoULAV 1e5 5 246 - 0.04 1.63 43572
aoD2AG 1e5 5 246 - 0.05 1.77 53700
aoD2SG 1e5 5 246 - 0.05 2.03 53352
dry 325e2 2 180 - 0.02 0.13 27316
aoDLAV 325e2 2 180 - 0.03 0.22 31372
aoULAV 325e2 2 180 - 0.05 0.21 32084
aoD2AG 325e2 2 180 - 0.04 0.25 35004
aoD2SG 325e2 2 180 - 0.03 0.27 34764
dry 1e6 10 201 - 0.08 0.40 112236
aoDLAV 1e6 10 201 - 0.23 380.62 369888
aoULAV 1e6 10 201 - 0.31 375.23 369888
aoD2AG 1e6 10 201 - 0.40 376.05 447240
aoD2SG 1e6 10 201 - 1.58 517.28 461472
dry 18e1 2 73 - 0.03 0.12 26008
aoDLAV 18e1 2 73 - 0.02 0.15 30184
aoULAV 18e1 2 73 - 0.02 0.15 30196
aoD2AG 18e1 2 73 - 0.03 0.15 30360
aoD2SG 18e1 2 73 - 0.03 0.14 30364
moore 18e1 2 73 - 0.02 0.23 30488
nbpm 18e1 2 73 - 0.10 2.44 54436
greedy 18e1 2 73 - 0.04 0.16 33348
dry 5e4 2 147 - 0.02 0.12 29632
aoDLAV 5e4 2 147 - 0.03 0.28 33008
aoULAV 5e4 2 147 - 0.04 0.28 33316
aoD2AG 5e4 2 147 - 0.04 0.34 36408
aoD2SG 5e4 2 147 - 0.03 0.36 36424
dry 18e4 2 24 - 0.03 0.14 33104
aoDLAV 18e4 2 24 - 0.04 0.78 47860
aoULAV 18e4 2 24 - 0.05 0.79 47860
aoD2AG 18e4 2 24 - 0.07 1.02 58648
aoD2SG 18e4 2 24 - 0.06 1.13 59876
dry 56e4 2 130 - 0.03 0.19 41108
aoDLAV 56e4 2 130 - 0.08 2.13 107988
aoULAV 56e4 2 130 - 0.08 2.20 107984
aoD2AG 56e4 2 130 - 0.12 3.15 138744
aoD2SG 56e4 2 130 - 0.13 3.50 143120
dry 375e2 2 4 - 0.02 0.12 27516
aoDLAV 375e2 2 4 - 0.03 0.24 31784
aoULAV 375e2 2 4 - 0.03 0.24 32608
aoD2AG 375e2 2 4 - 0.03 0.29 35520
aoD2SG 375e2 2 4 - 0.03 0.30 35528
dry 5e4 10 120 - 0.03 0.14 33888
aoDLAV 5e4 10 120 - 0.04 7.80 40200
aoULAV 5e4 10 120 - 0.05 7.85 40200
aoD2AG 5e4 10 120 - 0.05 7.91 44988
aoD2SG 5e4 10 120 - 0.04 8.73 45000
dry 32e4 2 249 - 0.04 0.16 36424
aoDLAV 32e4 2 249 - 0.05 1.27 70828
aoULAV 32e4 2 249 - 0.06 1.23 70840
aoD2AG 32e4 2 249 - 0.08 1.76 88324
aoD2SG 32e4 2 249 - 0.08 1.87 90880
dry 1e1 2 217 - 0.02 0.12 25992
aoDLAV 1e1 2 217 - 0.02 0.15 30160
aoULAV 1e1 2 217 - 0.03 0.15 30172
aoD2AG 1e1 2 217 - 0.03 0.15 30316
aoD2SG 1e1 2 217 - 0.02 0.15 30320
moore 1e1 2 217 - 0.03 0.18 30476
nbpm 1e1 2 217 - 0.08 2.15 49816
greedy 1e1 2 217 - 0.03 0.14 30124
dry 1e3 10 153 - 0.03 0.12 26140
aoDLAV 1e3 10 153 - 0.03 0.16 30652
aoULAV 1e3 10 153 - 0.03 0.16 30668
aoD2AG 1e3 10 153 - 0.02 0.17 31068
aoD2SG 1e3 10 153 - 0.03 0.17 31092
moore 1e3 10 153 - 0.04 6.80 59840
nbpm 1e3 10 153 - 0.15 4.79 136140
greedy 1e3 10 153 - 0.06 1.04 139616
dry 1e6 5 215 - 0.05 0.28 73152
aoDLAV 1e6 5 215 - 0.16 19.49 252688
aoULAV 1e6 5 215 - 0.14 19.16 252688
aoD2AG 1e6 5 215 - 0.21 21.20 323072
aoD2SG 1e6 5 215 - 0.23 24.61 333060
dry 325e2 2 77 - 0.03 0.11 27320
aoDLAV 325e2 2 77 - 0.03 0.22 31376
aoULAV 325e2 2 77 - 0.03 0.23 32084
aoD2AG 325e2 2 77 - 0.04 0.25 35004
aoD2SG 325e2 2 77 - 0.03 0.27 34756
dry 5e4 10 70 - 0.03 0.14 33888
aoDLAV 5e4 10 70 - 0.04 7.73 40204
aoULAV 5e4 10 70 - 0.04 7.96 40200
aoD2AG 5e4 10 70 - 0.04 8.06 44988
aoD2SG 5e4 10 70 - 0.04 8.73 44996
dry 375e2 2 226 - 0.02 0.12 27520
aoDLAV 375e2 2 226 - 0.03 0.24 31788
aoULAV 375e2 2 226 - 0.03 0.23 32608
aoD2AG 375e2 2 226 - 0.03 0.28 35516
aoD2SG 375e2 2 226 - 0.03 0.29 35528
dry 1e2 5 182 - 0.02 0.12 25996
aoDLAV 1e2 5 182 - 0.03 0.14 30216
aoULAV 1e2 5 182 - 0.03 0.14 30228
aoD2AG 1e2 5 182 - 0.03 0.14 30384
aoD2SG 1e2 5 182 - 0.02 0.15 30392
moore 1e2 5 182 - 0.02 0.22 30492
nbpm 1e2 5 182 - 0.07 2.16 53016
greedy 1e2 5 182 - 0.03 0.15 30920
dry 56e3 2 226 - 0.02 0.13 28236
aoDLAV 56e3 2 226 - 0.03 0.30 33476
aoULAV 56e3 2 226 - 0.03 0.31 34700
aoD2AG 56e3 2 226 - 0.03 0.36 37280
aoD2SG 56e3 2 226 - 0.04 0.39 37300
dry 1e2 5 248 - 0.02 0.12 25996
aoDLAV 1e2 5 248 - 0.03 0.14 30212
aoULAV 1e2 5 248 - 0.03 0.14 30224
aoD2AG 1e2 5 248 - 0.03 0.15 30388
aoD2SG 1e2 5 248 - 0.04 0.14 30392
moore 1e2 5 248 - 0.03 0.21 30492
nbpm 1e2 5 248 - 0.07 2.15 53020
greedy 1e2 5 248 - 0.02 0.15 30920
dry 32e3 2 8 - 0.02 0.12 27296
aoDLAV 32e3 2 8 - 0.03 0.22 31440
aoULAV 32e3 2 8 - 0.03 0.21 32148
aoD2AG 32e3 2 8 - 0.02 0.26 35020
aoD2SG 32e3 2 8 - 0.03 0.26 34788
dry 1e2 10 210 - 0.02 0.12 26004
aoDLAV 1e2 10 210 - 0.03 0.14 30260
aoULAV 1e2 10 210 - 0.02 0.15 30272
aoD2AG 1e2 10 210 - 0.03 0.14 30440
aoD2SG 1e2 10 210 - 0.03 0.14 30448
moore 1e2 10 210 - 0.03 0.24 30496
nbpm 1e2 10 210 - 0.08 2.16 53072
greedy 1e2 10 210 - 0.03 0.15 30972
dry 1e6 10 202 - 0.08 0.40 112232
aoDLAV 1e6 10 202 - 0.25 417.25 369980
aoULAV 1e6 10 202 - 0.31 341.32 369884
aoD2AG 1e6 10 202 - 0.39 313.14 449648
aoD2SG 1e6 10 202 - 0.41 334.63 458120
