dry 32e6 2 244 - 0.30 1.08 655180
aoDLAV 32e6 2 244 - 2.46 181.76 4768436
aoULAV 32e6 2 244 - 2.58 193.86 4768328
aoD2AG 32e6 2 244 - 5.74 286.06 7007516
aoD2SG 32e6 2 244 - 6.14 324.15 7262924
dry 50e2 2 39 - 0.02 0.12 26208
aoDLAV 50e2 2 39 - 0.02 0.15 30848
aoULAV 50e2 2 39 - 0.03 0.15 30860
aoD2AG 50e2 2 39 - 0.02 0.16 31768
aoD2SG 50e2 2 39 - 0.03 0.17 31860
moore 50e2 2 39 - 0.30 129.36 762980
nbpm 50e2 2 39 - 1.97 55.79 2011924
greedy 50e2 2 39 - 1.61 63.58 2764780
dry 5e7 2 192 - 0.55 1.63 1006736
aoDLAV 5e7 2 192 - 3.95 293.89 7440196
aoULAV 5e7 2 192 - 5.18 314.57 7440196
aoD2AG 5e7 2 192 - 9.91 455.26 10937412
aoD2SG 5e7 2 192 - 10.67 596.83 11335976
dry 3e7 2 159 - 0.36 1.06 616104
aoDLAV 3e7 2 159 - 2.57 167.91 4471428
aoULAV 3e7 2 159 - 2.69 177.36 4471428
aoD2AG 3e7 2 159 - 6.00 320.27 6569480
aoD2SG 3e7 2 159 - 6.22 293.24 6808408
dry 4e7 2 55 - 0.43 1.34 811428
aoDLAV 4e7 2 55 - 3.41 225.17 5955816
aoULAV 4e7 2 55 - 4.55 263.74 5955820
aoD2AG 4e7 2 55 - 8.06 346.15 8753756
aoD2SG 4e7 2 55 - 8.14 404.98 9070448
dry 18e6 2 66 - 0.24 0.69 381736
aoDLAV 18e6 2 66 - 1.55 100.09 2690192
aoULAV 18e6 2 66 - 2.01 102.06 2690192
aoD2AG 18e6 2 66 - 3.07 146.14 3950164
aoD2SG 18e6 2 66 - 3.99 172.19 4094140
dry 56e6 2 6 - 0.64 1.77 1123928
aoDLAV 56e6 2 6 - 4.73 340.36 8330816
aoULAV 56e6 2 6 - 6.42 365.96 8330816
aoD2AG 56e6 2 6 - 10.83 504.16 12247132
aoD2SG 56e6 2 6 - 11.76 612.50 12692440
dry 3e7 2 249 - 0.36 1.05 616104
aoDLAV 3e7 2 249 - 2.56 166.79 4471432
aoULAV 3e7 2 249 - 3.19 177.61 4471432
aoD2AG 3e7 2 249 - 5.99 290.07 6571092
aoD2SG 3e7 2 249 - 6.40 308.16 6811484
dry 7e7 2 220 - 0.75 2.19 1397360
aoDLAV 7e7 2 220 - 5.78 538.27 10408936
aoULAV 7e7 2 220 - 7.81 457.69 10408940
aoD2AG 7e7 2 220 - 13.79 644.69 15306936
aoD2SG 7e7 2 220 - 14.35 754.45 15863900
dry 32e2 2 10 - 0.02 0.12 26112
aoDLAV 32e2 2 10 - 0.03 0.15 30544
aoULAV 32e2 2 10 - 0.02 0.16 30552
aoD2AG 32e2 2 10 - 0.03 0.15 31188
aoD2SG 32e2 2 10 - 0.02 0.16 31264
moore 32e2 2 10 - 0.24 58.27 330524
nbpm 32e2 2 10 - 0.88 20.15 854760
greedy 32e2 2 10 - 0.73 22.03 1150164
dry 1e4 5 92 - 0.02 0.13 28596
aoDLAV 1e4 5 92 - 0.03 0.22 31088
aoULAV 1e4 5 92 - 0.03 0.22 31096
aoD2AG 1e4 5 92 - 0.03 0.22 32112
aoD2SG 1e4 5 92 - 0.03 0.24 32112
moore 1e4 5 92 - 1.19 1180.17 2961740
nbpm 1e4 5 92 - 7.47 708.87 7811452
greedy 1e4 5 92 - 6.72 289.90 10959172
dry 18e2 2 104 - 0.03 0.12 26052
aoDLAV 18e2 2 104 - 0.04 0.14 30376
aoULAV 18e2 2 104 - 0.03 0.15 30384
aoD2AG 18e2 2 104 - 0.03 0.15 30796
aoD2SG 18e2 2 104 - 0.04 0.15 30828
moore 18e2 2 104 - 0.07 8.86 125436
nbpm 18e2 2 104 - 0.22 7.55 334528
greedy 18e2 2 104 - 0.24 4.21 384352
dry 50e2 2 23 - 0.02 0.12 26208
aoDLAV 50e2 2 23 - 0.03 0.15 30848
aoULAV 50e2 2 23 - 0.04 0.14 30860
aoD2AG 50e2 2 23 - 0.03 0.15 31776
aoD2SG 50e2 2 23 - 0.03 0.17 31868
moore 50e2 2 23 - 0.57 179.74 764592
nbpm 50e2 2 23 - 2.03 58.51 2011920
greedy 50e2 2 23 - 1.63 60.85 2764780
dry 32e6 2 158 - 0.35 1.11 655176
aoDLAV 32e6 2 158 - 2.73 176.15 4768328
aoULAV 32e6 2 158 - 2.82 191.97 4768324
aoD2AG 32e6 2 158 - 6.31 268.42 7009032
aoD2SG 32e6 2 158 - 6.91 324.69 7264724
dry 4e7 2 174 - 0.50 1.36 811424
aoDLAV 4e7 2 174 - 3.35 231.21 5955816
aoULAV 4e7 2 174 - 4.33 244.49 5955816
aoD2AG 4e7 2 174 - 8.03 411.46 8754064
aoD2SG 4e7 2 174 - 8.35 405.69 9076148
dry 1e4 10 15 - 0.03 0.11 27692
aoDLAV 1e4 10 15 - 0.03 0.70 32764
aoULAV 1e4 10 15 - 0.03 0.67 32780
aoD2AG 1e4 10 15 - 0.03 0.70 32748
aoD2SG 1e4 10 15 - 0.04 0.77 34180
moore 1e4 10 15 - 1.13 969.40 2963852
nbpm 1e4 10 15 - 7.97 1235.68 7764396
greedy 1e4 10 15 - 6.36 271.87 10961112
dry 18e2 2 173 - 0.02 0.12 26052
aoDLAV 18e2 2 173 - 0.02 0.15 30372
aoULAV 18e2 2 173 - 0.03 0.15 30384
aoD2AG 18e2 2 173 - 0.03 0.15 30784
aoD2SG 18e2 2 173 - 0.04 0.14 30824
moore 18e2 2 173 - 0.07 25.22 125408
nbpm 18e2 2 173 - 0.21 7.63 334528
greedy 18e2 2 173 - 0.27 4.39 384352
dry 32e6 2 174 - 0.37 1.08 655176
aoDLAV 32e6 2 174 - 2.74 182.23 4768324
aoULAV 32e6 2 174 - 2.83 187.00 4768324
aoD2AG 32e6 2 174 - 5.98 276.70 7008288
aoD2SG 32e6 2 174 - 6.75 311.96 7261220
dry 32e6 2 18 - 0.40 1.08 655176
aoDLAV 32e6 2 18 - 2.80 178.98 4768324
aoULAV 32e6 2 18 - 3.79 194.05 4768328
aoD2AG 32e6 2 18 - 5.82 284.88 7006308
aoD2SG 32e6 2 18 - 7.18 331.48 7262088
dry 5e7 2 103 - 0.70 1.67 1006748
aoDLAV 5e7 2 103 - 4.51 295.73 7440196
aoULAV 5e7 2 103 - 5.56 310.47 7440196
aoD2AG 5e7 2 103 - 9.70 436.86 10937492
aoD2SG 5e7 2 103 - 10.30 508.55 11335328
dry 4e7 2 107 - 0.54 1.40 811424
aoDLAV 4e7 2 107 - 3.43 237.55 5955816
aoULAV 4e7 2 107 - 4.41 248.07 5955816
aoD2AG 4e7 2 107 - 7.98 357.08 8755460
aoD2SG 4e7 2 107 - 8.42 424.41 9074692
dry 4e7 2 92 - 0.49 1.36 811428
aoDLAV 4e7 2 92 - 3.30 231.17 5955816
aoULAV 4e7 2 92 - 4.19 250.14 5955820
aoD2AG 4e7 2 92 - 7.55 394.36 8755480
aoD2SG 4e7 2 92 - 8.58 414.65 9073816
dry 32e6 2 105 - 0.43 1.11 655176
aoDLAV 32e6 2 105 - 2.69 188.58 4768324
aoULAV 32e6 2 105 - 2.69 189.52 4768328
aoD2AG 32e6 2 105 - 6.27 337.26 7007820
aoD2SG 32e6 2 105 - 6.72 314.23 7262076
dry 18e6 2 215 - 0.25 0.68 381736
aoDLAV 18e6 2 215 - 1.60 94.46 2690192
aoULAV 18e6 2 215 - 1.92 99.55 2690192
aoD2AG 18e6 2 215 - 3.27 151.66 3949252
aoD2SG 18e6 2 215 - 3.31 163.84 4092092
dry 2e7 2 193 - 0.28 0.71 420796
aoDLAV 2e7 2 193 - 1.75 110.61 2987068
aoULAV 2e7 2 193 - 1.71 111.61 2987120
aoD2AG 2e7 2 193 - 3.73 162.03 4388568
aoD2SG 2e7 2 193 - 3.71 234.72 4545420
dry 5e7 2 11 - 0.53 1.62 1006740
aoDLAV 5e7 2 11 - 4.08 313.74 7440192
aoULAV 5e7 2 11 - 5.19 309.79 7440192
aoD2AG 5e7 2 11 - 9.87 465.42 10938028
aoD2SG 5e7 2 11 - 10.54 557.84 11336660
dry 1e4 2 72 - 0.03 0.12 26432
aoDLAV 1e4 2 72 - 0.03 0.18 31864
aoULAV 1e4 2 72 - 0.03 0.18 31876
aoD2AG 1e4 2 72 - 0.03 0.18 31876
aoD2SG 1e4 2 72 - 0.04 0.18 31988
moore 1e4 2 72 - 1.23 1065.67 2960580
nbpm 1e4 2 72 - 7.41 353.54 7889428
greedy 1e4 2 72 - 7.15 364.86 10968568
dry 4e7 2 72 - 0.47 1.34 811428
aoDLAV 4e7 2 72 - 3.21 231.44 5955816
aoULAV 4e7 2 72 - 4.48 277.63 5955816
aoD2AG 4e7 2 72 - 7.92 337.76 8755320
aoD2SG 4e7 2 72 - 8.19 396.39 9072116
dry 75e2 2 226 - 0.02 0.12 26328
aoDLAV 75e2 2 226 - 0.03 0.15 31376
aoULAV 75e2 2 226 - 0.02 0.16 31392
aoD2AG 75e2 2 226 - 0.02 0.18 31380
aoD2SG 75e2 2 226 - 0.03 0.17 31384
moore 75e2 2 226 - 1.02 452.78 1688796
nbpm 75e2 2 226 - 4.14 207.96 4242132
greedy 75e2 2 226 - 3.53 156.08 6183096
dry 18e6 2 116 - 0.21 0.71 381736
aoDLAV 18e6 2 116 - 1.53 120.39 2690192
aoULAV 18e6 2 116 - 1.64 101.65 2690192
aoD2AG 18e6 2 116 - 3.70 140.77 3950212
aoD2SG 18e6 2 116 - 3.51 161.10 4095208
dry 56e2 2 132 - 0.03 0.11 26240
aoDLAV 56e2 2 132 - 0.03 0.15 30976
aoULAV 56e2 2 132 - 0.03 0.15 30988
aoD2AG 56e2 2 132 - 0.03 0.17 31952
aoD2SG 56e2 2 132 - 0.03 0.17 31124
moore 56e2 2 132 - 0.60 217.95 952688
nbpm 56e2 2 132 - 2.40 73.56 2388080
greedy 56e2 2 132 - 2.06 75.68 3460488
dry 1e4 2 99 - 0.03 0.11 28304
aoDLAV 1e4 2 99 - 0.04 0.16 31864
aoULAV 1e4 2 99 - 0.04 0.17 31876
aoD2AG 1e4 2 99 - 0.03 0.19 31876
aoD2SG 1e4 2 99 - 0.03 0.18 31988
moore 1e4 2 99 - 1.18 1054.65 2960580
nbpm 1e4 2 99 - 7.62 351.76 7889428
greedy 1e4 2 99 - 7.04 280.32 10968568
dry 75e2 2 59 - 0.02 0.12 26328
aoDLAV 75e2 2 59 - 0.03 0.16 31376
aoULAV 75e2 2 59 - 0.04 0.15 31388
aoD2AG 75e2 2 59 - 0.03 0.18 31380
aoD2SG 75e2 2 59 - 0.04 0.17 31380
moore 75e2 2 59 - 0.91 421.46 1688756
nbpm 75e2 2 59 - 4.38 154.53 4242124
greedy 75e2 2 59 - 3.77 149.52 6183088
dry 75e2 2 178 - 0.03 0.12 26328
aoDLAV 75e2 2 178 - 0.03 0.16 31376
aoULAV 75e2 2 178 - 0.03 0.15 31392
aoD2AG 75e2 2 178 - 0.03 0.17 31380
aoD2SG 75e2 2 178 - 0.03 0.18 31384
moore 75e2 2 178 - 0.73 337.33 1683876
nbpm 75e2 2 178 - 4.08 158.87 4242124
greedy 75e2 2 178 - 3.75 154.41 6183088
dry 1e4 10 48 - 0.03 0.12 29520
aoDLAV 1e4 10 48 - 0.03 0.71 32764
aoULAV 1e4 10 48 - 0.04 0.70 32776
aoD2AG 1e4 10 48 - 0.03 0.72 32748
aoD2SG 1e4 10 48 - 0.04 0.79 34176
moore 1e4 10 48 - 1.12 1184.14 2963852
nbpm 1e4 10 48 - 7.51 709.06 7764384
greedy 1e4 10 48 - 6.23 270.97 10961108
dry 5e7 2 188 - 0.61 1.61 1006740
aoDLAV 5e7 2 188 - 4.15 292.90 7440192
aoULAV 5e7 2 188 - 5.59 357.52 7440192
aoD2AG 5e7 2 188 - 10.06 443.95 10937452
aoD2SG 5e7 2 188 - 10.86 526.57 11336568
dry 5e7 2 36 - 0.58 1.59 1006736
aoDLAV 5e7 2 36 - 4.16 285.69 7440192
aoULAV 5e7 2 36 - 5.73 313.03 7440196
aoD2AG 5e7 2 36 - 9.97 438.26 10936464
aoD2SG 5e7 2 36 - 10.56 527.26 11336552
dry 56e6 2 148 - 0.63 1.81 1123924
aoDLAV 56e6 2 148 - 4.86 331.48 8330816
aoULAV 56e6 2 148 - 6.07 347.80 8330816
aoD2AG 56e6 2 148 - 11.22 649.63 12247304
aoD2SG 56e6 2 148 - 11.88 740.79 12693160
dry 2e7 2 70 - 0.27 0.75 420800
aoDLAV 2e7 2 70 - 1.76 105.64 2987068
aoULAV 2e7 2 70 - 1.72 113.03 2987072
aoD2AG 2e7 2 70 - 3.40 163.23 4385676
aoD2SG 2e7 2 70 - 4.22 197.25 4547388
dry 1e4 2 145 - 0.03 0.12 26432
aoDLAV 1e4 2 145 - 0.03 0.18 31864
aoULAV 1e4 2 145 - 0.02 0.18 31876
aoD2AG 1e4 2 145 - 0.03 0.18 31876
aoD2SG 1e4 2 145 - 0.03 0.18 31992
moore 1e4 2 145 - 1.15 1093.06 2960580
nbpm 1e4 2 145 - 7.28 355.22 7889432
greedy 1e4 2 145 - 6.88 269.35 10968568
dry 1e4 10 197 - 0.03 0.12 27688
aoDLAV 1e4 10 197 - 0.03 0.67 32764
aoULAV 1e4 10 197 - 0.03 0.68 32776
aoD2AG 1e4 10 197 - 0.04 0.70 32744
aoD2SG 1e4 10 197 - 0.04 0.79 34180
moore 1e4 10 197 - 1.15 1065.10 2963852
nbpm 1e4 10 197 - 7.64 767.42 7764384
greedy 1e4 10 197 - 6.98 294.30 10961108
dry 5e7 2 67 - 0.58 1.60 1006736
aoDLAV 5e7 2 67 - 4.42 299.27 7440196
aoULAV 5e7 2 67 - 5.48 309.19 7440196
aoD2AG 5e7 2 67 - 10.12 438.90 10936756
aoD2SG 5e7 2 67 - 10.66 530.68 11335924
dry 18e2 2 55 - 0.02 0.12 26048
aoDLAV 18e2 2 55 - 0.03 0.15 30376
aoULAV 18e2 2 55 - 0.03 0.15 30384
aoD2AG 18e2 2 55 - 0.03 0.15 30784
aoD2SG 18e2 2 55 - 0.04 0.15 30824
moore 18e2 2 55 - 0.07 14.74 125408
nbpm 18e2 2 55 - 0.22 8.92 334524
greedy 18e2 2 55 - 0.27 3.69 384356
dry 32e2 2 217 - 0.03 0.11 26112
aoDLAV 32e2 2 217 - 0.02 0.16 30540
aoULAV 32e2 2 217 - 0.03 0.15 30552
aoD2AG 32e2 2 217 - 0.03 0.16 31208
aoD2SG 32e2 2 217 - 0.03 0.15 31260
moore 32e2 2 217 - 0.17 34.13 330512
nbpm 32e2 2 217 - 0.99 19.87 854752
greedy 32e2 2 217 - 0.76 21.67 1150164
dry 1e4 5 229 - 0.03 0.12 26904
aoDLAV 1e4 5 229 - 0.03 0.21 31084
aoULAV 1e4 5 229 - 0.03 0.23 31096
aoD2AG 1e4 5 229 - 0.03 0.24 32108
aoD2SG 1e4 5 229 - 0.03 0.24 32108
moore 1e4 5 229 - 1.14 970.27 2961736
nbpm 1e4 5 229 - 7.75 627.51 7811456
greedy 1e4 5 229 - 6.44 294.60 10959172
dry 7e7 2 233 - 0.79 2.20 1397356
aoDLAV 7e7 2 233 - 5.85 434.74 10408940
aoULAV 7e7 2 233 - 7.67 467.67 10408936
aoD2AG 7e7 2 233 - 13.85 653.91 15304008
aoD2SG 7e7 2 233 - 14.75 967.72 15864480
dry 75e2 2 99 - 0.02 0.12 28272
aoDLAV 75e2 2 99 - 0.02 0.16 31376
aoULAV 75e2 2 99 - 0.03 0.15 31388
aoD2AG 75e2 2 99 - 0.03 0.17 31384
aoD2SG 75e2 2 99 - 0.04 0.16 31380
moore 75e2 2 99 - 0.95 432.31 1688788
nbpm 75e2 2 99 - 4.16 170.39 4242124
greedy 75e2 2 99 - 3.88 151.07 6183092
dry 2e7 2 231 - 0.23 0.80 420796
aoDLAV 2e7 2 231 - 1.81 109.32 2987068
aoULAV 2e7 2 231 - 1.71 115.42 2987068
aoD2AG 2e7 2 231 - 4.10 162.52 4387616
aoD2SG 2e7 2 231 - 3.84 191.91 4547416
dry 4e7 2 231 - 0.44 1.33 811428
aoDLAV 4e7 2 231 - 3.33 227.28 5955860
aoULAV 4e7 2 231 - 4.32 244.52 5955816
aoD2AG 4e7 2 231 - 8.06 355.94 8754904
aoD2SG 4e7 2 231 - 8.28 444.08 9073268
dry 25e2 2 168 - 0.03 0.12 26080
aoDLAV 25e2 2 168 - 0.03 0.14 30452
aoULAV 25e2 2 168 - 0.03 0.15 30468
aoD2AG 25e2 2 168 - 0.03 0.15 30988
aoD2SG 25e2 2 168 - 0.02 0.16 31032
moore 25e2 2 168 - 0.08 21.22 213628
nbpm 25e2 2 168 - 0.60 13.83 541636
greedy 25e2 2 168 - 0.48 12.30 713660
dry 1e4 10 124 - 0.02 0.13 29644
aoDLAV 1e4 10 124 - 0.02 0.73 32764
aoULAV 1e4 10 124 - 0.03 0.75 32776
aoD2AG 1e4 10 124 - 0.03 0.74 32748
aoD2SG 1e4 10 124 - 0.03 0.82 34176
moore 1e4 10 124 - 1.28 833.97 2963852
nbpm 1e4 10 124 - 7.31 782.83 7764380
greedy 1e4 10 124 - 6.46 268.73 10961108
dry 25e2 2 169 - 0.03 0.13 26080
aoDLAV 25e2 2 169 - 0.03 0.16 30452
aoULAV 25e2 2 169 - 0.03 0.16 30464
aoD2AG 25e2 2 169 - 0.04 0.15 30984
aoD2SG 25e2 2 169 - 0.04 0.15 31036
moore 25e2 2 169 - 0.11 31.42 213600
nbpm 25e2 2 169 - 0.60 14.41 541636
greedy 25e2 2 169 - 0.42 11.86 713664
dry 56e6 2 193 - 0.70 1.84 1123924
aoDLAV 56e6 2 193 - 4.81 432.23 8330820
aoULAV 56e6 2 193 - 6.19 343.81 8330816
aoD2AG 56e6 2 193 - 11.22 513.97 12247328
aoD2SG 56e6 2 193 - 12.21 604.11 12695512
dry 2e7 2 31 - 0.25 0.75 420796
aoDLAV 2e7 2 31 - 1.79 106.87 2987072
aoULAV 2e7 2 31 - 2.26 113.07 2987068
aoD2AG 2e7 2 31 - 3.66 152.35 4387676
aoD2SG 2e7 2 31 - 4.26 173.30 4548008
