dry 2e7 2 38 - 0.22 0.72 420800
aoDLAV 2e7 2 38 - 1.54 106.31 2987068
aoULAV 2e7 2 38 - 1.54 118.46 2987072
aoD2AG 2e7 2 38 - 3.72 159.66 4388832
aoD2SG 2e7 2 38 - 3.62 199.50 4547848
dry 32e2 2 239 - 0.02 0.12 26116
aoDLAV 32e2 2 239 - 0.03 0.14 30540
aoULAV 32e2 2 239 - 0.02 0.16 30548
aoD2AG 32e2 2 239 - 0.03 0.15 31204
aoD2SG 32e2 2 239 - 0.02 0.16 31272
moore 32e2 2 239 - 0.16 42.86 330512
nbpm 32e2 2 239 - 0.84 20.88 854752
greedy 32e2 2 239 - 0.66 21.77 1150164
dry 56e6 2 149 - 0.60 1.78 1123924
aoDLAV 56e6 2 149 - 4.76 337.17 8330816
aoULAV 56e6 2 149 - 5.95 342.66 8330816
aoD2AG 56e6 2 149 - 10.57 503.81 12246012
aoD2SG 56e6 2 149 - 11.27 589.17 12693704
dry 5e7 2 139 - 0.59 1.63 1006740
aoDLAV 5e7 2 139 - 4.32 300.44 7440192
aoULAV 5e7 2 139 - 5.68 325.38 7440192
aoD2AG 5e7 2 139 - 9.81 464.20 10939420
aoD2SG 5e7 2 139 - 10.26 523.99 11337828
dry 75e2 2 106 - 0.02 0.13 26332
aoDLAV 75e2 2 106 - 0.03 0.15 31376
aoULAV 75e2 2 106 - 0.02 0.16 31388
aoD2AG 75e2 2 106 - 0.02 0.18 31384
aoD2SG 75e2 2 106 - 0.03 0.18 31384
moore 75e2 2 106 - 0.79 362.06 1683880
nbpm 75e2 2 106 - 4.14 156.04 4242132
greedy 75e2 2 106 - 3.60 155.03 6183096
dry 6e7 2 175 - 0.75 1.92 1202048
aoDLAV 6e7 2 175 - 5.02 353.25 8924560
aoULAV 6e7 2 175 - 6.89 382.86 8924564
aoD2AG 6e7 2 175 - 11.30 533.94 13120572
aoD2SG 6e7 2 175 - 12.52 625.95 13601100
dry 32e6 2 237 - 0.41 1.08 655176
aoDLAV 32e6 2 237 - 2.84 183.14 4768324
aoULAV 32e6 2 237 - 2.82 197.79 4768324
aoD2AG 32e6 2 237 - 6.38 285.76 7010136
aoD2SG 32e6 2 237 - 6.57 331.28 7263552
dry 5e7 2 53 - 0.62 1.61 1006736
aoDLAV 5e7 2 53 - 4.23 287.74 7440192
aoULAV 5e7 2 53 - 5.56 369.23 7440192
aoD2AG 5e7 2 53 - 9.95 441.83 10937332
aoD2SG 5e7 2 53 - 10.42 536.77 11335152
dry 3e7 2 238 - 0.35 1.04 616104
aoDLAV 3e7 2 238 - 2.57 175.82 4471428
aoULAV 3e7 2 238 - 3.47 176.28 4471432
aoD2AG 3e7 2 238 - 5.13 259.56 6569652
aoD2SG 3e7 2 238 - 6.13 295.73 6809512
dry 4e7 2 187 - 0.44 1.31 811424
aoDLAV 4e7 2 187 - 3.28 303.34 5955816
aoULAV 4e7 2 187 - 4.46 237.45 5955816
aoD2AG 4e7 2 187 - 7.58 339.33 8752132
aoD2SG 4e7 2 187 - 8.59 394.98 9071140
dry 75e2 2 37 - 0.02 0.12 26328
aoDLAV 75e2 2 37 - 0.02 0.17 31376
aoULAV 75e2 2 37 - 0.03 0.16 31392
aoD2AG 75e2 2 37 - 0.03 0.18 31380
aoD2SG 75e2 2 37 - 0.03 0.19 31380
moore 75e2 2 37 - 1.63 551.54 1688784
nbpm 75e2 2 37 - 4.10 163.85 4242128
greedy 75e2 2 37 - 3.71 153.29 6183096
dry 4e7 2 123 - 0.54 1.30 811424
aoDLAV 4e7 2 123 - 3.75 273.39 5955816
aoULAV 4e7 2 123 - 4.77 247.34 5955820
aoD2AG 4e7 2 123 - 7.89 343.31 8755152
aoD2SG 4e7 2 123 - 8.68 396.62 9074536
dry 3e7 2 215 - 0.39 1.03 616104
aoDLAV 3e7 2 215 - 2.59 167.77 4471428
aoULAV 3e7 2 215 - 2.52 181.44 4471428
aoD2AG 3e7 2 215 - 6.27 254.70 6571060
aoD2SG 3e7 2 215 - 6.39 283.29 6810572
dry 18e2 2 207 - 0.03 0.12 26052
aoDLAV 18e2 2 207 - 0.02 0.16 30372
aoULAV 18e2 2 207 - 0.03 0.15 30384
aoD2AG 18e2 2 207 - 0.03 0.14 30784
aoD2SG 18e2 2 207 - 0.02 0.15 30828
moore 18e2 2 207 - 0.07 18.10 125408
nbpm 18e2 2 207 - 0.19 7.85 334524
greedy 18e2 2 207 - 0.23 3.58 384356
dry 3e7 2 248 - 0.39 1.03 616104
aoDLAV 3e7 2 248 - 2.64 169.73 4471428
aoULAV 3e7 2 248 - 2.80 180.45 4471432
aoD2AG 3e7 2 248 - 5.86 258.02 6570992
aoD2SG 3e7 2 248 - 6.23 333.64 6811920
dry 32e6 2 8 - 0.39 1.08 655180
aoDLAV 32e6 2 8 - 2.84 178.24 4768324
aoULAV 32e6 2 8 - 3.45 189.47 4768324
aoD2AG 32e6 2 8 - 5.68 278.52 7006496
aoD2SG 32e6 2 8 - 7.19 319.32 7262480
dry 7e7 2 56 - 0.88 2.17 1397356
aoDLAV 7e7 2 56 - 5.94 419.74 10408936
aoULAV 7e7 2 56 - 7.50 451.57 10408936
aoD2AG 7e7 2 56 - 14.09 732.62 15305496
aoD2SG 7e7 2 56 - 14.71 753.59 15861224
dry 32e6 2 6 - 0.38 1.08 655176
aoDLAV 32e6 2 6 - 2.75 184.50 4768324
aoULAV 32e6 2 6 - 2.73 186.59 4768324
aoD2AG 32e6 2 6 - 6.53 267.68 7006692
aoD2SG 32e6 2 6 - 6.91 322.51 7261920
dry 18e6 2 27 - 0.25 0.70 381736
aoDLAV 18e6 2 27 - 1.55 96.42 2690196
aoULAV 18e6 2 27 - 1.60 104.98 2690196
aoD2AG 18e6 2 27 - 3.26 148.49 3952004
aoD2SG 18e6 2 27 - 4.03 169.43 4094072
dry 56e6 2 227 - 0.67 1.79 1123924
aoDLAV 56e6 2 227 - 4.74 334.59 8330816
aoULAV 56e6 2 227 - 6.25 340.51 8330816
aoD2AG 56e6 2 227 - 11.10 593.22 12242836
aoD2SG 56e6 2 227 - 11.55 603.72 12689836
dry 1e4 2 235 - 0.03 0.12 26432
aoDLAV 1e4 2 235 - 0.04 0.17 31864
aoULAV 1e4 2 235 - 0.03 0.18 31876
aoD2AG 1e4 2 235 - 0.04 0.18 31876
aoD2SG 1e4 2 235 - 0.03 0.18 31988
moore 1e4 2 235 - 1.27 1238.48 2960572
nbpm 1e4 2 235 - 7.42 359.86 7889416
greedy 1e4 2 235 - 6.65 272.66 10968568
dry 1e4 5 91 - 0.03 0.12 26900
aoDLAV 1e4 5 91 - 0.04 0.23 31088
aoULAV 1e4 5 91 - 0.03 0.25 31100
aoD2AG 1e4 5 91 - 0.04 0.24 32108
aoD2SG 1e4 5 91 - 0.03 0.25 32108
moore 1e4 5 91 - 1.17 923.69 2961736
nbpm 1e4 5 91 - 7.52 624.22 7811456
greedy 1e4 5 91 - 6.40 296.64 10959172
dry 1e4 2 183 - 0.02 0.12 26436
aoDLAV 1e4 2 183 - 0.03 0.18 31864
aoULAV 1e4 2 183 - 0.03 0.17 31876
aoD2AG 1e4 2 183 - 0.03 0.18 31876
aoD2SG 1e4 2 183 - 0.03 0.18 31992
moore 1e4 2 183 - 1.09 1048.37 2960584
nbpm 1e4 2 183 - 7.38 361.33 7889424
greedy 1e4 2 183 - 7.03 276.57 10968568
dry 56e2 2 55 - 0.02 0.12 26236
aoDLAV 56e2 2 55 - 0.04 0.14 30976
aoULAV 56e2 2 55 - 0.02 0.16 31004
aoD2AG 56e2 2 55 - 0.03 0.17 32000
aoD2SG 56e2 2 55 - 0.03 0.17 31120
moore 56e2 2 55 - 0.54 200.36 952728
nbpm 56e2 2 55 - 2.39 88.35 2388088
greedy 56e2 2 55 - 1.98 76.04 3460508
dry 50e2 2 106 - 0.02 0.12 26204
aoDLAV 50e2 2 106 - 0.03 0.15 30848
aoULAV 50e2 2 106 - 0.03 0.15 30860
aoD2AG 50e2 2 106 - 0.03 0.15 31796
aoD2SG 50e2 2 106 - 0.02 0.18 31884
moore 50e2 2 106 - 0.31 120.31 762972
nbpm 50e2 2 106 - 2.02 75.24 2011920
greedy 50e2 2 106 - 1.89 60.58 2764780
dry 50e2 2 4 - 0.02 0.12 26204
aoDLAV 50e2 2 4 - 0.03 0.15 30852
aoULAV 50e2 2 4 - 0.03 0.15 30860
aoD2AG 50e2 2 4 - 0.03 0.16 31780
aoD2SG 50e2 2 4 - 0.03 0.18 31852
moore 50e2 2 4 - 0.70 210.79 764632
nbpm 50e2 2 4 - 2.02 57.99 2011988
greedy 50e2 2 4 - 1.70 62.69 2764780
dry 32e6 2 12 - 0.40 1.10 655180
aoDLAV 32e6 2 12 - 2.84 188.90 4768324
aoULAV 32e6 2 12 - 3.49 192.94 4768324
aoD2AG 32e6 2 12 - 6.40 277.97 7005960
aoD2SG 32e6 2 12 - 6.85 324.33 7261972
dry 18e2 2 67 - 0.02 0.12 26048
aoDLAV 18e2 2 67 - 0.03 0.14 30372
aoULAV 18e2 2 67 - 0.03 0.14 30384
aoD2AG 18e2 2 67 - 0.02 0.15 30796
aoD2SG 18e2 2 67 - 0.02 0.15 30820
moore 18e2 2 67 - 0.07 14.81 125420
nbpm 18e2 2 67 - 0.18 8.04 334536
greedy 18e2 2 67 - 0.22 4.17 384352
dry 18e2 2 50 - 0.02 0.12 26048
aoDLAV 18e2 2 50 - 0.02 0.15 30372
aoULAV 18e2 2 50 - 0.03 0.14 30384
aoD2AG 18e2 2 50 - 0.03 0.14 30804
aoD2SG 18e2 2 50 - 0.02 0.15 30828
moore 18e2 2 50 - 0.07 16.41 125476
nbpm 18e2 2 50 - 0.17 7.53 334540
greedy 18e2 2 50 - 0.21 4.58 384356
dry 5e7 2 5 - 0.62 1.57 1006736
aoDLAV 5e7 2 5 - 4.09 293.38 7440192
aoULAV 5e7 2 5 - 5.33 317.61 7440196
aoD2AG 5e7 2 5 - 9.90 447.74 10938356
aoD2SG 5e7 2 5 - 10.11 523.73 11335408
dry 5e7 2 156 - 0.54 1.63 1006736
aoDLAV 5e7 2 156 - 4.33 284.66 7440192
aoULAV 5e7 2 156 - 5.53 313.06 7440196
aoD2AG 5e7 2 156 - 10.01 464.75 10938436
aoD2SG 5e7 2 156 - 10.58 544.99 11334432
dry 75e2 2 2 - 0.02 0.12 26332
aoDLAV 75e2 2 2 - 0.03 0.16 31380
aoULAV 75e2 2 2 - 0.02 0.16 31392
aoD2AG 75e2 2 2 - 0.03 0.18 31380
aoD2SG 75e2 2 2 - 0.02 0.19 31380
moore 75e2 2 2 - 1.98 652.20 1688756
nbpm 75e2 2 2 - 4.19 224.55 4242124
greedy 75e2 2 2 - 3.53 148.67 6183092
dry 2e7 2 102 - 0.25 0.75 420796
aoDLAV 2e7 2 102 - 1.75 110.14 2987068
aoULAV 2e7 2 102 - 2.25 114.55 2987068
aoD2AG 2e7 2 102 - 3.48 155.61 4388496
aoD2SG 2e7 2 102 - 4.34 188.12 4545432
dry 25e2 2 70 - 0.02 0.12 26084
aoDLAV 25e2 2 70 - 0.03 0.15 30452
aoULAV 25e2 2 70 - 0.03 0.15 30464
aoD2AG 25e2 2 70 - 0.01 0.16 30976
aoD2SG 25e2 2 70 - 0.03 0.16 31020
moore 25e2 2 70 - 0.11 53.09 213604
nbpm 25e2 2 70 - 0.55 12.01 541644
greedy 25e2 2 70 - 0.37 9.82 713664
dry 1e4 5 99 - 0.03 0.12 26900
aoDLAV 1e4 5 99 - 0.02 0.22 31084
aoULAV 1e4 5 99 - 0.03 0.22 31096
aoD2AG 1e4 5 99 - 0.03 0.23 32108
aoD2SG 1e4 5 99 - 0.04 0.23 32108
moore 1e4 5 99 - 1.22 967.23 2961736
nbpm 1e4 5 99 - 7.31 610.53 7811576
greedy 1e4 5 99 - 6.92 291.76 10959172
dry 50e2 2 13 - 0.03 0.12 26204
aoDLAV 50e2 2 13 - 0.03 0.15 30852
aoULAV 50e2 2 13 - 0.04 0.14 30860
aoD2AG 50e2 2 13 - 0.03 0.16 31796
aoD2SG 50e2 2 13 - 0.03 0.17 31904
moore 50e2 2 13 - 0.61 190.35 764628
nbpm 50e2 2 13 - 2.03 56.21 2011924
greedy 50e2 2 13 - 1.65 61.81 2764780
dry 3e7 2 212 - 0.35 1.04 616104
aoDLAV 3e7 2 212 - 2.59 207.27 4471428
aoULAV 3e7 2 212 - 3.13 179.35 4471428
aoD2AG 3e7 2 212 - 5.21 262.46 6571856
aoD2SG 3e7 2 212 - 6.26 293.92 6810068
dry 18e2 2 22 - 0.03 0.11 26048
aoDLAV 18e2 2 22 - 0.03 0.14 30376
aoULAV 18e2 2 22 - 0.02 0.15 30384
aoD2AG 18e2 2 22 - 0.03 0.15 30780
aoD2SG 18e2 2 22 - 0.03 0.16 30820
moore 18e2 2 22 - 0.07 14.39 125408
nbpm 18e2 2 22 - 0.18 7.53 334548
greedy 18e2 2 22 - 0.25 4.41 384348
dry 18e6 2 144 - 0.20 0.72 381740
aoDLAV 18e6 2 144 - 1.59 98.18 2690192
aoULAV 18e6 2 144 - 2.06 103.33 2690192
aoD2AG 18e6 2 144 - 3.49 146.36 3951620
aoD2SG 18e6 2 144 - 3.86 161.46 4094708
dry 75e2 2 63 - 0.03 0.12 26328
aoDLAV 75e2 2 63 - 0.03 0.15 31376
aoULAV 75e2 2 63 - 0.04 0.15 31388
aoD2AG 75e2 2 63 - 0.03 0.17 31380
aoD2SG 75e2 2 63 - 0.03 0.17 31384
moore 75e2 2 63 - 0.93 431.03 1688796
nbpm 75e2 2 63 - 4.16 169.63 4242136
greedy 75e2 2 63 - 3.88 154.41 6183088
dry 32e6 2 62 - 0.38 1.13 655180
aoDLAV 32e6 2 62 - 2.73 177.74 4768324
aoULAV 32e6 2 62 - 2.97 192.95 4768324
aoD2AG 32e6 2 62 - 6.50 268.63 7005668
aoD2SG 32e6 2 62 - 6.52 314.28 7262400
dry 3e7 2 32 - 0.34 1.03 616104
aoDLAV 3e7 2 32 - 2.47 169.85 4471428
aoULAV 3e7 2 32 - 3.15 178.98 4471428
aoD2AG 3e7 2 32 - 5.26 260.49 6570044
aoD2SG 3e7 2 32 - 6.27 364.36 6810008
dry 56e2 2 116 - 0.02 0.12 26236
aoDLAV 56e2 2 116 - 0.03 0.15 30976
aoULAV 56e2 2 116 - 0.03 0.15 30992
aoD2AG 56e2 2 116 - 0.03 0.17 31980
aoD2SG 56e2 2 116 - 0.02 0.18 31120
moore 56e2 2 116 - 0.41 178.99 949952
nbpm 56e2 2 116 - 2.49 73.04 2388080
greedy 56e2 2 116 - 2.21 82.29 3460488
dry 1e4 2 45 - 0.03 0.12 26432
aoDLAV 1e4 2 45 - 0.03 0.18 31864
aoULAV 1e4 2 45 - 0.03 0.18 31876
aoD2AG 1e4 2 45 - 0.04 0.18 31876
aoD2SG 1e4 2 45 - 0.03 0.19 31992
moore 1e4 2 45 - 1.15 1000.40 2960572
nbpm 1e4 2 45 - 7.37 341.29 7889420
greedy 1e4 2 45 - 6.76 271.38 10968568
dry 3e7 2 133 - 0.38 1.06 616104
aoDLAV 3e7 2 133 - 2.65 166.06 4471432
aoULAV 3e7 2 133 - 3.32 175.01 4471428
aoD2AG 3e7 2 133 - 5.19 255.02 6570024
aoD2SG 3e7 2 133 - 6.21 296.80 6810876
dry 7e7 2 3 - 0.82 2.25 1397360
aoDLAV 7e7 2 3 - 6.08 420.92 10408936
aoULAV 7e7 2 3 - 7.93 443.12 10408940
aoD2AG 7e7 2 3 - 13.80 670.04 15301268
aoD2SG 7e7 2 3 - 14.68 770.83 15863080
dry 75e2 2 233 - 0.02 0.12 26328
aoDLAV 75e2 2 233 - 0.03 0.16 31376
aoULAV 75e2 2 233 - 0.03 0.16 31388
aoD2AG 75e2 2 233 - 0.03 0.18 31380
aoD2SG 75e2 2 233 - 0.02 0.19 31384
moore 75e2 2 233 - 1.36 512.00 1688788
nbpm 75e2 2 233 - 4.13 185.95 4242124
greedy 75e2 2 233 - 4.07 149.61 6183092
dry 32e2 2 140 - 0.03 0.12 26112
aoDLAV 32e2 2 140 - 0.04 0.16 30544
aoULAV 32e2 2 140 - 0.04 0.16 30548
aoD2AG 32e2 2 140 - 0.04 0.16 31216
aoD2SG 32e2 2 140 - 0.04 0.16 31264
moore 32e2 2 140 - 0.32 64.52 330512
nbpm 32e2 2 140 - 1.00 20.10 854752
greedy 32e2 2 140 - 0.65 20.93 1150164
dry 3e7 2 184 - 0.35 1.05 616104
aoDLAV 3e7 2 184 - 2.52 170.10 4471432
aoULAV 3e7 2 184 - 3.34 178.03 4471432
aoD2AG 3e7 2 184 - 5.30 260.07 6570044
aoD2SG 3e7 2 184 - 6.45 300.30 6809136
dry 50e2 2 19 - 0.02 0.12 26204
aoDLAV 50e2 2 19 - 0.03 0.15 30900
aoULAV 50e2 2 19 - 0.03 0.16 30860
aoD2AG 50e2 2 19 - 0.02 0.17 31788
aoD2SG 50e2 2 19 - 0.03 0.17 31868
moore 50e2 2 19 - 0.79 205.91 764632
nbpm 50e2 2 19 - 2.02 54.29 2011924
greedy 50e2 2 19 - 1.79 59.35 2764780
dry 75e2 2 18 - 0.03 0.11 26328
aoDLAV 75e2 2 18 - 0.03 0.15 31376
aoULAV 75e2 2 18 - 0.03 0.15 31392
aoD2AG 75e2 2 18 - 0.03 0.17 31384
aoD2SG 75e2 2 18 - 0.03 0.18 31380
moore 75e2 2 18 - 1.18 477.19 1688792
nbpm 75e2 2 18 - 4.04 156.82 4242136
greedy 75e2 2 18 - 3.84 149.55 6183092
dry 32e6 2 243 - 0.42 1.14 655176
aoDLAV 32e6 2 243 - 2.74 180.89 4768328
aoULAV 32e6 2 243 - 3.68 192.91 4768324
aoD2AG 32e6 2 243 - 5.43 272.54 7007264
aoD2SG 32e6 2 243 - 6.73 323.36 7265988
dry 56e6 2 238 - 0.68 1.81 1123924
aoDLAV 56e6 2 238 - 4.95 351.76 8330816
aoULAV 56e6 2 238 - 6.15 364.13 8330820
aoD2AG 56e6 2 238 - 11.00 508.17 12249340
aoD2SG 56e6 2 238 - 11.58 605.39 12695412
dry 32e6 2 75 - 0.38 1.09 655180
aoDLAV 32e6 2 75 - 2.67 180.45 4768324
aoULAV 32e6 2 75 - 2.75 190.43 4768328
aoD2AG 32e6 2 75 - 6.52 282.50 7008616
aoD2SG 32e6 2 75 - 6.86 313.80 7262292
dry 18e2 2 70 - 0.03 0.11 26048
aoDLAV 18e2 2 70 - 0.02 0.17 30376
aoULAV 18e2 2 70 - 0.02 0.16 30388
aoD2AG 18e2 2 70 - 0.03 0.16 30788
aoD2SG 18e2 2 70 - 0.03 0.15 30828
moore 18e2 2 70 - 0.08 13.06 125416
nbpm 18e2 2 70 - 0.19 7.68 334536
greedy 18e2 2 70 - 0.23 4.03 384352
dry 56e6 2 138 - 0.64 1.80 1123924
aoDLAV 56e6 2 138 - 4.58 336.20 8330816
aoULAV 56e6 2 138 - 6.39 368.39 8330816
aoD2AG 56e6 2 138 - 11.02 505.93 12251168
aoD2SG 56e6 2 138 - 12.03 617.88 12695732
dry 50e2 2 209 - 0.02 0.12 28236
aoDLAV 50e2 2 209 - 0.03 0.15 30852
aoULAV 50e2 2 209 - 0.02 0.16 30860
aoD2AG 50e2 2 209 - 0.02 0.16 31768
aoD2SG 50e2 2 209 - 0.02 0.18 31852
moore 50e2 2 209 - 1.13 300.10 764620
nbpm 50e2 2 209 - 1.92 52.10 2011916
greedy 50e2 2 209 - 1.87 63.80 2764780
dry 18e6 2 168 - 0.24 0.69 381792
aoDLAV 18e6 2 168 - 1.59 103.97 2690192
aoULAV 18e6 2 168 - 1.58 101.52 2690192
aoD2AG 18e6 2 168 - 3.27 146.06 3950044
aoD2SG 18e6 2 168 - 3.81 170.04 4094640
dry 4e7 2 225 - 0.46 1.32 811424
aoDLAV 4e7 2 225 - 3.37 226.09 5955820
aoULAV 4e7 2 225 - 3.43 240.88 5955816
aoD2AG 4e7 2 225 - 7.92 346.82 8751320
aoD2SG 4e7 2 225 - 8.49 389.22 9071800
dry 32e6 2 234 - 0.38 1.11 655180
aoDLAV 32e6 2 234 - 2.81 183.33 4768324
aoULAV 32e6 2 234 - 2.80 192.21 4768324
aoD2AG 32e6 2 234 - 6.31 276.76 7008320
aoD2SG 32e6 2 234 - 6.60 316.27 7260888
dry 2e7 2 61 - 0.25 0.77 420800
aoDLAV 2e7 2 61 - 1.59 109.69 2987072
aoULAV 2e7 2 61 - 1.76 112.89 2987068
aoD2AG 2e7 2 61 - 3.86 161.14 4387668
aoD2SG 2e7 2 61 - 3.80 187.99 4545668
dry 18e6 2 125 - 0.26 0.68 381736
aoDLAV 18e6 2 125 - 1.61 95.82 2690192
aoULAV 18e6 2 125 - 1.54 102.61 2690192
aoD2AG 18e6 2 125 - 3.48 140.65 3950676
aoD2SG 18e6 2 125 - 3.72 168.50 4095664
dry 56e2 2 70 - 0.03 0.13 26236
aoDLAV 56e2 2 70 - 0.04 0.16 30976
aoULAV 56e2 2 70 - 0.04 0.16 30988
aoD2AG 56e2 2 70 - 0.03 0.18 31976
aoD2SG 56e2 2 70 - 0.02 0.18 31124
moore 56e2 2 70 - 0.52 200.28 952720
nbpm 56e2 2 70 - 2.43 70.86 2388080
greedy 56e2 2 70 - 2.21 80.49 3460492
dry 1e4 2 230 - 0.03 0.12 26436
aoDLAV 1e4 2 230 - 0.02 0.19 31864
aoULAV 1e4 2 230 - 0.03 0.17 31876
aoD2AG 1e4 2 230 - 0.03 0.18 31876
aoD2SG 1e4 2 230 - 0.03 0.19 31988
moore 1e4 2 230 - 1.14 920.33 2960576
nbpm 1e4 2 230 - 7.56 356.55 7889420
greedy 1e4 2 230 - 6.91 263.75 10968568
