dry 8e7 2 126 - 0.58 2.12 1592676
aoDLAV 8e7 2 126 - 5.54 458.46 11893324
aoULAV 8e7 2 126 - 8.09 597.79 11893324
aoD2AG 8e7 2 126 - 14.95 731.04 17486020
aoD2SG 8e7 2 126 - 15.64 840.58 18125768
dry 125e2 2 8 - 0.02 0.12 26532
aoDLAV 125e2 2 8 - 0.03 0.18 30708
aoULAV 125e2 2 8 - 0.03 0.17 30708
aoD2AG 125e2 2 8 - 0.03 0.19 31380
aoD2SG 125e2 2 8 - 0.03 0.19 31376
moore 125e2 2 8 - 1.55 2435.70 4611544
nbpm 125e2 2 8 - 11.30 1071.26 12302316
greedy 125e2 2 8 - 9.35 456.54 17109968
dry 125e2 2 184 - 0.02 0.12 26532
aoDLAV 125e2 2 184 - 0.03 0.16 30708
aoULAV 125e2 2 184 - 0.03 0.17 30708
aoD2AG 125e2 2 184 - 0.03 0.18 31376
aoD2SG 125e2 2 184 - 0.02 0.20 31380
moore 125e2 2 184 - 1.62 1811.53 4611540
nbpm 125e2 2 184 - 11.26 669.92 12302320
greedy 125e2 2 184 - 9.38 453.19 17109964
dry 125e2 2 126 - 0.02 0.11 28500
aoDLAV 125e2 2 126 - 0.03 0.17 30708
aoULAV 125e2 2 126 - 0.03 0.17 30708
aoD2AG 125e2 2 126 - 0.02 0.19 31376
aoD2SG 125e2 2 126 - 0.02 0.19 31380
moore 125e2 2 126 - 1.61 2234.17 4611540
nbpm 125e2 2 126 - 11.47 685.67 12302320
greedy 125e2 2 126 - 8.93 459.66 17109964
dry 1e8 5 181 - 4.05 6.28 4327056
aoDLAV 1e8 5 181 - 11.60 2661.93 23065204
aoULAV 1e8 5 181 - 16.43 2714.49 23065204
aoD2AG 1e8 5 181 - 25.72 2925.00 30452968
aoD2SG 1e8 5 181 - 27.06 4396.51 31312148
dry 175e2 2 79 - 0.03 0.12 28752
aoDLAV 175e2 2 79 - 0.04 0.18 30732
aoULAV 175e2 2 79 - 0.02 0.19 30716
aoD2AG 175e2 2 79 - 0.03 0.21 31756
aoD2SG 175e2 2 79 - 0.03 0.21 31760
moore 175e2 2 79 - 2.73 5195.99 9014028
nbpm 175e2 2 79 - 21.46 1764.58 22863144
greedy 175e2 2 79 - 17.81 956.16 33516976
dry 18e3 2 201 - 0.03 0.12 26748
aoDLAV 18e3 2 201 - 0.03 0.18 30740
aoULAV 18e3 2 201 - 0.02 0.19 30744
aoD2AG 18e3 2 201 - 0.02 0.20 31808
aoD2SG 18e3 2 201 - 0.03 0.21 31812
moore 18e3 2 201 - 2.93 4534.37 9534976
nbpm 18e3 2 201 - 24.12 1927.46 25451052
greedy 18e3 2 201 - 20.35 1000.24 35458364
dry 18e3 2 4 - 0.03 0.11 26752
aoDLAV 18e3 2 4 - 0.02 0.19 30740
aoULAV 18e3 2 4 - 0.04 0.18 30740
aoD2AG 18e3 2 4 - 0.03 0.19 31808
aoD2SG 18e3 2 4 - 0.03 0.20 31812
moore 18e3 2 4 - 2.76 5089.39 9534980
nbpm 18e3 2 4 - 23.74 1974.07 25451056
greedy 18e3 2 4 - 20.23 998.16 35458364
dry 18e3 2 137 - 0.03 0.12 28664
aoDLAV 18e3 2 137 - 0.03 0.18 30740
aoULAV 18e3 2 137 - 0.03 0.19 30740
aoD2AG 18e3 2 137 - 0.04 0.22 31808
aoD2SG 18e3 2 137 - 0.02 0.22 31812
moore 18e3 2 137 - 2.90 5828.64 9534980
nbpm 18e3 2 137 - 23.30 1933.79 25451056
greedy 18e3 2 137 - 19.43 990.40 35458372
dry 175e2 2 26 - 0.03 0.12 26736
aoDLAV 175e2 2 26 - 0.02 0.18 30716
aoULAV 175e2 2 26 - 0.03 0.18 30716
aoD2AG 175e2 2 26 - 0.02 0.20 31756
aoD2SG 175e2 2 26 - 0.02 0.21 31756
moore 175e2 2 26 - 2.68 4315.87 9014024
nbpm 175e2 2 26 - 21.94 1834.21 22863140
greedy 175e2 2 26 - 19.31 961.76 33516976
dry 2e4 10 200 - 0.02 0.12 30160
aoDLAV 2e4 10 200 - 0.04 1.73 34892
aoULAV 2e4 10 200 - 0.04 1.70 34848
aoD2AG 2e4 10 200 - 0.04 1.74 36080
aoD2SG 2e4 10 200 - 0.04 1.93 36076
moore 2e4 10 200 - 3.63 7069.82 11770832
nbpm 2e4 10 200 - 28.66 6843.14 30880044
greedy 2e4 10 200 - 23.87 1276.59 43775820
dry 2e4 5 194 - 0.03 0.11 29532
aoDLAV 2e4 5 194 - 0.02 0.32 32756
aoULAV 2e4 5 194 - 0.04 0.30 32768
aoD2AG 2e4 5 194 - 0.03 0.34 33340
aoD2SG 2e4 5 194 - 0.03 0.36 32860
moore 2e4 5 194 - 3.58 6277.87 11768080
nbpm 2e4 5 194 - 29.04 6178.03 34200496
greedy 2e4 5 194 - 24.80 1341.26 43774004
dry 175e2 2 114 - 0.03 0.12 26732
aoDLAV 175e2 2 114 - 0.03 0.19 30716
aoULAV 175e2 2 114 - 0.04 0.18 30716
aoD2AG 175e2 2 114 - 0.03 0.20 31756
aoD2SG 175e2 2 114 - 0.04 0.21 31760
moore 175e2 2 114 - 2.82 5273.68 9014020
nbpm 175e2 2 114 - 21.29 1820.14 22863136
greedy 175e2 2 114 - 18.65 932.42 33516976
dry 2e4 5 246 - 0.02 0.12 31012
aoDLAV 2e4 5 246 - 0.03 0.29 32756
aoULAV 2e4 5 246 - 0.03 0.28 32768
aoD2AG 2e4 5 246 - 0.02 0.32 33340
aoD2SG 2e4 5 246 - 0.03 0.34 32860
moore 2e4 5 246 - 3.45 6447.47 11768084
nbpm 2e4 5 246 - 28.79 4757.75 34200500
greedy 2e4 5 246 - 24.23 1258.80 43774004
dry 2e4 2 214 - 0.03 0.12 28680
aoDLAV 2e4 2 214 - 0.03 0.19 30808
aoULAV 2e4 2 214 - 0.04 0.18 30808
aoD2AG 2e4 2 214 - 0.03 0.21 32288
aoD2SG 2e4 2 214 - 0.03 0.22 32292
moore 2e4 2 214 - 3.53 7969.44 11765552
nbpm 2e4 2 214 - 28.97 2611.34 31402196
greedy 2e4 2 214 - 25.21 1252.99 43771040
dry 18e3 2 246 - 0.03 0.11 28596
aoDLAV 18e3 2 246 - 0.03 0.18 30740
aoULAV 18e3 2 246 - 0.02 0.19 30740
aoD2AG 18e3 2 246 - 0.03 0.20 31804
aoD2SG 18e3 2 246 - 0.03 0.20 31808
moore 18e3 2 246 - 2.85 4671.40 9534988
nbpm 18e3 2 246 - 23.53 1888.47 25451064
greedy 18e3 2 246 - 20.68 1070.45 35458364
dry 2e4 5 79 - 0.03 0.11 27776
aoDLAV 2e4 5 79 - 0.02 0.30 32760
aoULAV 2e4 5 79 - 0.03 0.29 32768
aoD2AG 2e4 5 79 - 0.04 0.32 33348
aoD2SG 2e4 5 79 - 0.03 0.34 32864
moore 2e4 5 79 - 3.43 7287.24 11768084
nbpm 2e4 5 79 - 29.33 4936.39 34200500
greedy 2e4 5 79 - 24.83 1282.91 43774004
dry 1e8 2 141 - 1.12 3.03 1983296
aoDLAV 1e8 2 141 - 8.34 597.90 14862068
aoULAV 1e8 2 141 - 10.45 641.92 14862068
aoD2AG 1e8 2 141 - 18.74 908.46 21859064
aoD2SG 1e8 2 141 - 19.97 1352.58 22656048
dry 9e7 2 243 - 0.96 2.72 1787988
aoDLAV 9e7 2 243 - 7.24 521.06 13377684
aoULAV 9e7 2 243 - 9.20 552.85 13377684
aoD2AG 9e7 2 243 - 17.06 791.53 19671700
aoD2SG 9e7 2 243 - 18.62 930.82 20390264
dry 1e8 2 230 - 1.13 3.02 1983300
aoDLAV 1e8 2 230 - 7.88 593.51 14862068
aoULAV 1e8 2 230 - 10.59 633.92 14862068
aoD2AG 1e8 2 230 - 19.79 893.00 21850772
aoD2SG 1e8 2 230 - 20.24 1046.73 22649480
dry 9e7 2 205 - 1.08 2.79 1787984
aoDLAV 9e7 2 205 - 7.50 526.22 13377684
aoULAV 9e7 2 205 - 9.54 578.52 13377688
aoD2AG 9e7 2 205 - 16.73 803.06 19671528
aoD2SG 9e7 2 205 - 18.38 954.15 20385396
dry 150e2 2 93 - 0.02 0.12 26628
aoDLAV 150e2 2 93 - 0.03 0.18 30828
aoULAV 150e2 2 93 - 0.04 0.18 30824
aoD2AG 150e2 2 93 - 0.04 0.19 31608
aoD2SG 150e2 2 93 - 0.03 0.21 31612
moore 150e2 2 93 - 2.15 2760.80 6629352
nbpm 150e2 2 93 - 14.83 1162.36 16814180
greedy 150e2 2 93 - 14.79 682.57 24630024
dry 125e2 2 224 - 0.03 0.12 28476
aoDLAV 125e2 2 224 - 0.03 0.18 30708
aoULAV 125e2 2 224 - 0.03 0.19 30708
aoD2AG 125e2 2 224 - 0.04 0.19 31376
aoD2SG 125e2 2 224 - 0.04 0.19 31380
moore 125e2 2 224 - 1.53 1613.89 4611548
nbpm 125e2 2 224 - 11.33 672.18 12302332
greedy 125e2 2 224 - 9.26 461.53 17109964
dry 1e8 2 13 - 1.03 3.00 1983348
aoDLAV 1e8 2 13 - 7.98 579.78 14862072
aoULAV 1e8 2 13 - 10.42 622.57 14862068
aoD2AG 1e8 2 13 - 19.23 885.79 21855476
aoD2SG 1e8 2 13 - 19.50 1043.00 22650900
dry 8e7 2 50 - 0.88 2.43 1592676
aoDLAV 8e7 2 50 - 6.27 584.73 11893324
aoULAV 8e7 2 50 - 8.09 494.70 11893324
aoD2AG 8e7 2 50 - 15.41 703.44 17488384
aoD2SG 8e7 2 50 - 16.81 838.99 18127784
dry 9e7 2 75 - 1.06 2.72 1787984
aoDLAV 9e7 2 75 - 7.47 519.88 13377684
aoULAV 9e7 2 75 - 9.41 547.94 13377684
aoD2AG 9e7 2 75 - 17.22 781.19 19668480
aoD2SG 9e7 2 75 - 18.33 920.86 20389564
dry 125e2 2 83 - 0.03 0.12 26532
aoDLAV 125e2 2 83 - 0.03 0.19 30708
aoULAV 125e2 2 83 - 0.04 0.18 30708
aoD2AG 125e2 2 83 - 0.03 0.19 31376
aoD2SG 125e2 2 83 - 0.04 0.19 31428
moore 125e2 2 83 - 1.69 2035.34 4611544
nbpm 125e2 2 83 - 11.86 696.06 12302320
greedy 125e2 2 83 - 9.81 440.51 17109964
dry 2e4 10 179 - 0.03 0.12 30872
aoDLAV 2e4 10 179 - 0.04 1.72 34836
aoULAV 2e4 10 179 - 0.04 1.75 34848
aoD2AG 2e4 10 179 - 0.04 1.74 36112
aoD2SG 2e4 10 179 - 0.04 2.05 36096
moore 2e4 10 179 - 3.46 6675.21 11770836
nbpm 2e4 10 179 - 29.36 5575.52 30880036
greedy 2e4 10 179 - 26.04 1329.29 43775824
dry 1e8 2 134 - 1.13 3.04 1983300
aoDLAV 1e8 2 134 - 8.82 587.22 14862072
aoULAV 1e8 2 134 - 10.52 632.14 14862072
aoD2AG 1e8 2 134 - 18.81 902.06 21857496
aoD2SG 1e8 2 134 - 19.83 1038.87 22656156
dry 150e2 2 92 - 0.02 0.12 28484
aoDLAV 150e2 2 92 - 0.03 0.18 30824
aoULAV 150e2 2 92 - 0.03 0.18 30824
aoD2AG 150e2 2 92 - 0.03 0.19 31608
aoD2SG 150e2 2 92 - 0.03 0.20 31608
moore 150e2 2 92 - 2.12 2904.08 6629360
nbpm 150e2 2 92 - 14.62 1197.40 16814176
greedy 150e2 2 92 - 13.42 698.64 24630028
dry 9e7 2 12 - 0.99 2.74 1787984
aoDLAV 9e7 2 12 - 7.40 542.39 13377684
aoULAV 9e7 2 12 - 9.79 597.26 13377688
aoD2AG 9e7 2 12 - 17.20 784.65 19670428
aoD2SG 9e7 2 12 - 18.03 900.68 20391496
dry 8e7 2 145 - 0.87 2.47 1592676
aoDLAV 8e7 2 145 - 6.23 471.28 11893324
aoULAV 8e7 2 145 - 8.33 503.34 11893328
aoD2AG 8e7 2 145 - 14.47 678.95 17488224
aoD2SG 8e7 2 145 - 15.49 797.75 18127216
dry 18e3 2 33 - 0.03 0.11 26748
aoDLAV 18e3 2 33 - 0.04 0.18 30740
aoULAV 18e3 2 33 - 0.04 0.18 30740
aoD2AG 18e3 2 33 - 0.03 0.20 31812
aoD2SG 18e3 2 33 - 0.04 0.20 31812
moore 18e3 2 33 - 2.88 5414.37 9534984
nbpm 18e3 2 33 - 23.83 1978.70 25451064
greedy 18e3 2 33 - 20.91 1064.52 35458368
dry 175e2 2 99 - 0.02 0.12 26732
aoDLAV 175e2 2 99 - 0.03 0.19 30716
aoULAV 175e2 2 99 - 0.04 0.19 30716
aoD2AG 175e2 2 99 - 0.03 0.21 31752
aoD2SG 175e2 2 99 - 0.04 0.20 31756
moore 175e2 2 99 - 2.80 4724.51 9014032
nbpm 175e2 2 99 - 21.13 2093.48 22863144
greedy 175e2 2 99 - 17.17 916.11 33516976
dry 8e7 2 64 - 0.86 2.44 1592676
aoDLAV 8e7 2 64 - 6.38 460.04 11893324
aoULAV 8e7 2 64 - 8.00 490.34 11893324
aoD2AG 8e7 2 64 - 15.25 707.54 17488628
aoD2SG 8e7 2 64 - 15.78 810.32 18127800
dry 9e7 2 224 - 0.92 2.72 1787984
aoDLAV 9e7 2 224 - 6.84 520.35 13377684
aoULAV 9e7 2 224 - 9.43 561.15 13377684
aoD2AG 9e7 2 224 - 16.21 779.03 19673060
aoD2SG 9e7 2 224 - 18.09 926.85 20390780
dry 18e3 2 139 - 0.02 0.12 26748
aoDLAV 18e3 2 139 - 0.03 0.19 30740
aoULAV 18e3 2 139 - 0.03 0.20 30744
aoD2AG 18e3 2 139 - 0.04 0.20 31804
aoD2SG 18e3 2 139 - 0.03 0.21 31812
moore 18e3 2 139 - 2.97 4966.36 9534984
nbpm 18e3 2 139 - 24.08 1954.35 25451068
greedy 18e3 2 139 - 21.00 1035.99 35458368
dry 9e7 2 23 - 1.10 2.73 1787984
aoDLAV 9e7 2 23 - 7.57 525.38 13377684
aoULAV 9e7 2 23 - 9.32 703.76 13377684
aoD2AG 9e7 2 23 - 17.29 807.93 19670820
aoD2SG 9e7 2 23 - 19.12 981.38 20387548
dry 125e2 2 99 - 0.03 0.11 28396
aoDLAV 125e2 2 99 - 0.04 0.16 30712
aoULAV 125e2 2 99 - 0.03 0.18 30732
aoD2AG 125e2 2 99 - 0.03 0.19 31392
aoD2SG 125e2 2 99 - 0.02 0.20 31380
moore 125e2 2 99 - 1.71 1880.84 4611608
nbpm 125e2 2 99 - 11.32 786.08 12302328
greedy 125e2 2 99 - 9.30 452.05 17109964
dry 9e7 2 168 - 0.98 2.73 1787984
aoDLAV 9e7 2 168 - 7.31 515.39 13377684
aoULAV 9e7 2 168 - 10.05 565.96 13377684
aoD2AG 9e7 2 168 - 17.23 826.02 19669576
aoD2SG 9e7 2 168 - 17.73 950.71 20389448
dry 2e4 5 159 - 0.02 0.13 27776
aoDLAV 2e4 5 159 - 0.04 0.29 32756
aoULAV 2e4 5 159 - 0.04 0.29 32768
aoD2AG 2e4 5 159 - 0.04 0.32 33344
aoD2SG 2e4 5 159 - 0.03 0.34 32860
moore 2e4 5 159 - 3.45 7115.42 11768084
nbpm 2e4 5 159 - 28.79 5088.92 34200496
