dry 2e4 2 83 - 0.04 0.13 30536
aoDLAV 2e4 2 83 - 0.04 0.20 30812
aoULAV 2e4 2 83 - 0.03 0.20 30808
aoD2AG 2e4 2 83 - 0.04 0.23 32284
aoD2SG 2e4 2 83 - 0.04 0.23 32296
moore 2e4 2 83 - 3.39 8132.59 11765552
nbpm 2e4 2 83 - 28.83 2697.80 31402188
greedy 2e4 2 83 - 24.98 1204.86 43771040
dry 1e8 2 212 - 1.19 3.02 1983296
aoDLAV 1e8 2 212 - 7.73 607.12 14862068
aoULAV 1e8 2 212 - 10.51 641.39 14862072
aoD2AG 1e8 2 212 - 18.86 909.47 21854180
aoD2SG 1e8 2 212 - 19.60 1042.07 22653404
dry 8e7 2 116 - 1.02 2.49 1592676
aoDLAV 8e7 2 116 - 6.44 458.72 11893328
aoULAV 8e7 2 116 - 8.34 485.69 11893324
aoD2AG 8e7 2 116 - 14.67 682.71 17488548
aoD2SG 8e7 2 116 - 16.58 830.90 18124576
dry 18e3 2 138 - 0.03 0.12 26748
aoDLAV 18e3 2 138 - 0.04 0.19 30744
aoULAV 18e3 2 138 - 0.03 0.19 30744
aoD2AG 18e3 2 138 - 0.03 0.21 31804
aoD2SG 18e3 2 138 - 0.03 0.22 31808
moore 18e3 2 138 - 2.89 4708.22 9534976
nbpm 18e3 2 138 - 22.98 1993.65 25451056
greedy 18e3 2 138 - 19.92 1037.35 35458364
dry 18e3 2 117 - 0.03 0.11 26748
aoDLAV 18e3 2 117 - 0.03 0.18 30740
aoULAV 18e3 2 117 - 0.03 0.19 30740
aoD2AG 18e3 2 117 - 0.03 0.20 31812
aoD2SG 18e3 2 117 - 0.03 0.21 31816
moore 18e3 2 117 - 2.99 5640.66 9534984
nbpm 18e3 2 117 - 23.43 1883.80 25451064
greedy 18e3 2 117 - 20.73 1028.25 35458404
dry 2e4 10 21 - 0.03 0.12 30952
aoDLAV 2e4 10 21 - 0.04 1.63 34840
aoULAV 2e4 10 21 - 0.03 1.58 34848
aoD2AG 2e4 10 21 - 0.02 1.81 36076
aoD2SG 2e4 10 21 - 0.03 2.23 36076
moore 2e4 10 21 - 3.45 6648.97 11770836
nbpm 2e4 10 21 - 29.52 5781.82 30880040
greedy 2e4 10 21 - 23.76 1277.69 43775820
dry 125e2 2 222 - 0.02 0.12 26532
aoDLAV 125e2 2 222 - 0.03 0.18 30712
aoULAV 125e2 2 222 - 0.03 0.17 30712
aoD2AG 125e2 2 222 - 0.02 0.19 31380
aoD2SG 125e2 2 222 - 0.03 0.19 31380
moore 125e2 2 222 - 1.66 1788.76 4611548
nbpm 125e2 2 222 - 11.67 879.16 12302328
greedy 125e2 2 222 - 9.15 466.80 17109964
dry 2e4 2 223 - 0.03 0.12 26832
aoDLAV 2e4 2 223 - 0.03 0.19 30812
aoULAV 2e4 2 223 - 0.03 0.19 30808
aoD2AG 2e4 2 223 - 0.04 0.21 32284
aoD2SG 2e4 2 223 - 0.04 0.21 32292
moore 2e4 2 223 - 4.04 9174.90 11765556
nbpm 2e4 2 223 - 29.22 2831.21 31402196
greedy 2e4 2 223 - 26.49 1246.94 43771040
dry 18e3 2 63 - 0.02 0.12 26752
aoDLAV 18e3 2 63 - 0.03 0.18 30740
aoULAV 18e3 2 63 - 0.03 0.19 30744
aoD2AG 18e3 2 63 - 0.04 0.20 31808
aoD2SG 18e3 2 63 - 0.03 0.21 31812
moore 18e3 2 63 - 2.82 4853.56 9534980
nbpm 18e3 2 63 - 23.47 1934.39 25451056
greedy 18e3 2 63 - 20.41 996.20 35458368
dry 125e2 2 108 - 0.03 0.11 26532
aoDLAV 125e2 2 108 - 0.03 0.18 30740
aoULAV 125e2 2 108 - 0.03 0.17 30708
aoD2AG 125e2 2 108 - 0.04 0.18 31376
aoD2SG 125e2 2 108 - 0.04 0.18 31376
moore 125e2 2 108 - 1.57 1776.07 4611548
nbpm 125e2 2 108 - 11.04 678.71 12302360
greedy 125e2 2 108 - 9.86 435.55 17109964
dry 18e3 2 150 - 0.02 0.13 26748
aoDLAV 18e3 2 150 - 0.03 0.19 30740
aoULAV 18e3 2 150 - 0.03 0.19 30740
aoD2AG 18e3 2 150 - 0.03 0.22 31804
aoD2SG 18e3 2 150 - 0.04 0.20 31812
moore 18e3 2 150 - 2.88 5274.33 9534984
nbpm 18e3 2 150 - 23.43 2004.71 25451064
greedy 18e3 2 150 - 20.10 1001.47 35458364
dry 1e8 2 34 - 1.04 2.97 1983300
aoDLAV 1e8 2 34 - 7.85 580.62 14862072
aoULAV 1e8 2 34 - 9.98 773.62 14862068
aoD2AG 1e8 2 34 - 19.40 904.38 21855296
aoD2SG 1e8 2 34 - 20.15 1053.63 22651592
dry 9e7 2 110 - 1.01 2.75 1787988
aoDLAV 9e7 2 110 - 7.35 519.38 13377688
aoULAV 9e7 2 110 - 9.45 588.67 13377684
aoD2AG 9e7 2 110 - 17.11 806.92 19669948
aoD2SG 9e7 2 110 - 18.41 940.58 20391996
dry 150e2 2 164 - 0.03 0.11 26628
aoDLAV 150e2 2 164 - 0.03 0.17 30828
aoULAV 150e2 2 164 - 0.03 0.18 30824
aoD2AG 150e2 2 164 - 0.03 0.19 31608
aoD2SG 150e2 2 164 - 0.03 0.19 31608
moore 150e2 2 164 - 2.11 3154.33 6629352
nbpm 150e2 2 164 - 14.59 1154.58 16814176
greedy 150e2 2 164 - 13.76 641.02 24630024
dry 2e4 2 149 - 0.02 0.12 26828
aoDLAV 2e4 2 149 - 0.02 0.20 30812
aoULAV 2e4 2 149 - 0.02 0.19 30808
aoD2AG 2e4 2 149 - 0.04 0.20 32288
aoD2SG 2e4 2 149 - 0.03 0.22 32292
moore 2e4 2 149 - 3.51 6036.79 11765544
nbpm 2e4 2 149 - 28.83 2711.40 31402188
greedy 2e4 2 149 - 25.08 1297.03 43771068
dry 18e3 2 145 - 0.02 0.12 26748
aoDLAV 18e3 2 145 - 0.03 0.18 30740
aoULAV 18e3 2 145 - 0.03 0.19 30740
aoD2AG 18e3 2 145 - 0.03 0.20 31804
aoD2SG 18e3 2 145 - 0.03 0.20 31808
moore 18e3 2 145 - 3.90 4720.33 9534988
nbpm 18e3 2 145 - 23.54 2011.38 25451064
greedy 18e3 2 145 - 21.16 1027.06 35458364
dry 150e2 2 163 - 0.03 0.12 26628
aoDLAV 150e2 2 163 - 0.03 0.18 30828
aoULAV 150e2 2 163 - 0.03 0.18 30824
aoD2AG 150e2 2 163 - 0.03 0.19 31612
aoD2SG 150e2 2 163 - 0.02 0.21 31612
moore 150e2 2 163 - 2.13 3065.80 6629352
nbpm 150e2 2 163 - 14.73 1119.65 16814176
greedy 150e2 2 163 - 14.32 677.48 24630044
dry 1e8 2 153 - 1.05 3.00 1983296
aoDLAV 1e8 2 153 - 7.97 594.49 14862072
aoULAV 1e8 2 153 - 10.57 639.21 14862072
aoD2AG 1e8 2 153 - 20.09 934.04 21854872
aoD2SG 1e8 2 153 - 21.49 1086.95 22654468
dry 2e4 5 170 - 0.03 0.12 27780
aoDLAV 2e4 5 170 - 0.03 0.28 32756
aoULAV 2e4 5 170 - 0.03 0.30 32768
aoD2AG 2e4 5 170 - 0.03 0.33 33344
aoD2SG 2e4 5 170 - 0.03 0.36 32864
moore 2e4 5 170 - 3.55 6408.07 11768084
nbpm 2e4 5 170 - 29.12 4903.70 34200496
greedy 2e4 5 170 - 24.31 1260.27 43774004
dry 2e4 10 90 - 0.03 0.12 30976
aoDLAV 2e4 10 90 - 0.04 1.56 34836
aoULAV 2e4 10 90 - 0.04 1.55 34848
aoD2AG 2e4 10 90 - 0.03 1.59 36076
aoD2SG 2e4 10 90 - 0.04 1.84 36076
moore 2e4 10 90 - 3.39 6714.37 11770836
nbpm 2e4 10 90 - 28.94 5488.52 30880044
greedy 2e4 10 90 - 24.71 1378.65 43775820
dry 2e4 10 82 - 0.03 0.13 31312
aoDLAV 2e4 10 82 - 0.03 1.98 34836
aoULAV 2e4 10 82 - 0.05 1.99 34852
aoD2AG 2e4 10 82 - 0.03 1.77 36076
aoD2SG 2e4 10 82 - 0.05 2.24 36076
moore 2e4 10 82 - 3.52 6235.36 11770840
nbpm 2e4 10 82 - 29.13 5730.78 30880084
greedy 2e4 10 82 - 24.15 1344.95 43775824
dry 2e4 10 153 - 0.03 0.11 30264
aoDLAV 2e4 10 153 - 0.03 1.70 34836
aoULAV 2e4 10 153 - 0.04 1.68 34848
aoD2AG 2e4 10 153 - 0.03 1.77 36080
aoD2SG 2e4 10 153 - 0.03 1.97 36076
moore 2e4 10 153 - 3.41 6622.22 11770832
nbpm 2e4 10 153 - 30.43 5914.58 30880036
greedy 2e4 10 153 - 25.52 1293.08 43775820
dry 9e7 2 74 - 0.98 2.75 1787984
aoDLAV 9e7 2 74 - 7.43 509.56 13377688
aoULAV 9e7 2 74 - 9.37 552.88 13377688
aoD2AG 9e7 2 74 - 17.10 790.37 19671076
aoD2SG 9e7 2 74 - 18.32 923.34 20388800
dry 2e4 10 203 - 0.03 0.12 31020
aoDLAV 2e4 10 203 - 0.04 1.72 34836
aoULAV 2e4 10 203 - 0.03 1.75 34848
aoD2AG 2e4 10 203 - 0.03 1.90 36076
aoD2SG 2e4 10 203 - 0.04 2.09 36076
moore 2e4 10 203 - 3.50 6264.16 11770836
nbpm 2e4 10 203 - 28.95 6026.70 30880040
greedy 2e4 10 203 - 23.83 1279.25 43775820
dry 2e4 10 173 - 0.02 0.12 30204
aoDLAV 2e4 10 173 - 0.03 1.72 34836
aoULAV 2e4 10 173 - 0.04 1.51 34848
aoD2AG 2e4 10 173 - 0.03 1.55 36100
aoD2SG 2e4 10 173 - 0.04 1.79 36080
moore 2e4 10 173 - 3.35 6726.54 11770832
nbpm 2e4 10 173 - 28.54 5890.32 30880036
greedy 2e4 10 173 - 24.18 1343.13 43775820
dry 9e7 2 123 - 0.99 2.73 1787988
aoDLAV 9e7 2 123 - 6.89 647.76 13377684
aoULAV 9e7 2 123 - 9.38 574.51 13377684
aoD2AG 9e7 2 123 - 16.26 783.45 19668620
aoD2SG 9e7 2 123 - 17.66 895.36 20389752
dry 9e7 2 5 - 0.91 2.71 1787984
aoDLAV 9e7 2 5 - 7.10 536.06 13377688
aoULAV 9e7 2 5 - 9.27 569.42 13377688
aoD2AG 9e7 2 5 - 17.52 761.65 19671452
aoD2SG 9e7 2 5 - 17.67 912.78 20391720
dry 2e4 2 5 - 0.02 0.12 26828
aoDLAV 2e4 2 5 - 0.03 0.18 30808
aoULAV 2e4 2 5 - 0.03 0.19 30812
aoD2AG 2e4 2 5 - 0.02 0.21 32284
aoD2SG 2e4 2 5 - 0.02 0.22 32292
moore 2e4 2 5 - 3.65 6813.67 11765544
nbpm 2e4 2 5 - 29.01 4367.28 31402188
greedy 2e4 2 5 - 24.64 1207.18 43771044
dry 150e2 2 38 - 0.03 0.12 26628
aoDLAV 150e2 2 38 - 0.03 0.18 30828
aoULAV 150e2 2 38 - 0.03 0.18 30824
aoD2AG 150e2 2 38 - 0.02 0.20 31608
aoD2SG 150e2 2 38 - 0.03 0.19 31608
moore 150e2 2 38 - 2.14 2497.91 6629352
nbpm 150e2 2 38 - 14.85 1162.71 16814176
greedy 150e2 2 38 - 13.37 685.31 24630024
dry 2e4 10 42 - 0.04 0.11 30888
aoDLAV 2e4 10 42 - 0.04 1.62 34836
aoULAV 2e4 10 42 - 0.02 1.62 34848
aoD2AG 2e4 10 42 - 0.04 1.63 36080
aoD2SG 2e4 10 42 - 0.03 1.85 36076
moore 2e4 10 42 - 3.42 6497.21 11770836
nbpm 2e4 10 42 - 29.11 5425.93 30880036
greedy 2e4 10 42 - 24.81 1303.12 43775824
dry 1e8 2 245 - 1.09 3.01 1983296
aoDLAV 1e8 2 245 - 8.45 578.51 14862068
aoULAV 1e8 2 245 - 10.69 604.61 14862072
aoD2AG 1e8 2 245 - 19.27 865.53 21854456
aoD2SG 1e8 2 245 - 20.36 1027.16 22652744
dry 18e3 2 102 - 0.02 0.12 28676
aoDLAV 18e3 2 102 - 0.03 0.18 30740
aoULAV 18e3 2 102 - 0.03 0.18 30740
aoD2AG 18e3 2 102 - 0.02 0.21 31804
aoD2SG 18e3 2 102 - 0.03 0.20 31812
moore 18e3 2 102 - 2.99 6083.44 9534980
nbpm 18e3 2 102 - 23.67 1962.07 25451056
greedy 18e3 2 102 - 19.66 1212.63 35458364
dry 150e2 2 148 - 0.01 0.12 26628
aoDLAV 150e2 2 148 - 0.03 0.18 30824
aoULAV 150e2 2 148 - 0.03 0.18 30824
aoD2AG 150e2 2 148 - 0.03 0.19 31608
aoD2SG 150e2 2 148 - 0.04 0.19 31608
moore 150e2 2 148 - 2.06 2715.37 6629352
nbpm 150e2 2 148 - 14.55 1117.18 16814176
greedy 150e2 2 148 - 13.52 674.49 24630024
dry 150e2 2 214 - 0.03 0.11 26628
aoDLAV 150e2 2 214 - 0.03 0.18 30828
aoULAV 150e2 2 214 - 0.02 0.18 30828
aoD2AG 150e2 2 214 - 0.03 0.19 31608
aoD2SG 150e2 2 214 - 0.02 0.20 31608
