dry 1e3 10 147 - 0.03 0.10 26136
aoDLAV 1e3 10 147 - 0.03 0.14 30652
aoULAV 1e3 10 147 - 0.03 0.14 30664
aoD2AG 1e3 10 147 - 0.02 0.15 31056
aoD2SG 1e3 10 147 - 0.02 0.15 31088
moore 1e3 10 147 - 0.04 4.87 59840
nbpm 1e3 10 147 - 0.10 4.17 136140
greedy 1e3 10 147 - 0.08 0.90 139620
dry 1e3 10 118 - 0.02 0.12 26136
aoDLAV 1e3 10 118 - 0.02 0.15 30652
aoULAV 1e3 10 118 - 0.02 0.16 30664
aoD2AG 1e3 10 118 - 0.03 0.15 31060
aoD2SG 1e3 10 118 - 0.02 0.16 31084
moore 1e3 10 118 - 0.04 8.44 59840
nbpm 1e3 10 118 - 0.14 4.71 136144
greedy 1e3 10 118 - 0.08 0.94 139616
dry 400e2 2 120 - 0.02 0.12 27620
aoDLAV 400e2 2 120 - 0.03 0.22 32236
aoULAV 400e2 2 120 - 0.02 0.21 33112
aoD2AG 400e2 2 120 - 0.02 0.25 36076
aoD2SG 400e2 2 120 - 0.03 0.28 35928
dry 1e1 2 19 - 0.03 0.11 25992
aoDLAV 1e1 2 19 - 0.03 0.14 30160
aoULAV 1e1 2 19 - 0.03 0.13 30172
aoD2AG 1e1 2 19 - 0.03 0.13 30316
aoD2SG 1e1 2 19 - 0.02 0.14 30320
moore 1e1 2 19 - 0.02 0.18 30488
nbpm 1e1 2 19 - 0.07 2.13 49824
greedy 1e1 2 19 - 0.02 0.15 30124
dry 1e3 5 23 - 0.02 0.11 26056
aoDLAV 1e3 5 23 - 0.02 0.15 30428
aoULAV 1e3 5 23 - 0.03 0.14 30436
aoD2AG 1e3 5 23 - 0.03 0.14 30744
aoD2SG 1e3 5 23 - 0.03 0.14 30772
moore 1e3 5 23 - 0.06 5.92 59800
nbpm 1e3 5 23 - 0.10 4.64 129244
greedy 1e3 5 23 - 0.07 0.96 139392
dry 56e3 2 113 - 0.03 0.11 30020
aoDLAV 56e3 2 113 - 0.03 0.26 33480
aoULAV 56e3 2 113 - 0.03 0.26 34696
aoD2AG 56e3 2 113 - 0.04 0.38 37288
aoD2SG 56e3 2 113 - 0.03 0.40 37300
dry 1e3 10 36 - 0.02 0.11 26136
aoDLAV 1e3 10 36 - 0.03 0.15 30652
aoULAV 1e3 10 36 - 0.03 0.15 30664
aoD2AG 1e3 10 36 - 0.02 0.16 31064
aoD2SG 1e3 10 36 - 0.02 0.16 31092
moore 1e3 10 36 - 0.04 3.44 59868
nbpm 1e3 10 36 - 0.13 5.06 136140
greedy 1e3 10 36 - 0.08 1.00 139616
dry 32e1 2 245 - 0.01 0.12 26004
aoDLAV 32e1 2 245 - 0.03 0.13 30200
aoULAV 32e1 2 245 - 0.03 0.14 30208
aoD2AG 32e1 2 245 - 0.02 0.14 30376
aoD2SG 32e1 2 245 - 0.03 0.14 30384
moore 32e1 2 245 - 0.02 0.82 33676
nbpm 32e1 2 245 - 0.07 2.26 58300
greedy 32e1 2 245 - 0.03 0.20 40972
dry 1e3 10 228 - 0.02 0.11 26136
aoDLAV 1e3 10 228 - 0.03 0.16 30652
aoULAV 1e3 10 228 - 0.02 0.16 30668
aoD2AG 1e3 10 228 - 0.02 0.16 31080
aoD2SG 1e3 10 228 - 0.01 0.17 31092
moore 1e3 10 228 - 0.04 2.99 59868
nbpm 1e3 10 228 - 0.12 4.55 136144
greedy 1e3 10 228 - 0.07 0.97 139616
dry 32e3 2 80 - 0.02 0.11 29120
aoDLAV 32e3 2 80 - 0.03 0.21 31436
aoULAV 32e3 2 80 - 0.02 0.22 32148
aoD2AG 32e3 2 80 - 0.02 0.25 35020
aoD2SG 32e3 2 80 - 0.02 0.26 34788
dry 5e4 5 88 - 0.02 0.13 30584
aoDLAV 5e4 5 88 - 0.03 0.69 34704
aoULAV 5e4 5 88 - 0.03 0.70 34704
aoD2AG 5e4 5 88 - 0.03 0.74 37728
aoD2SG 5e4 5 88 - 0.04 0.74 37932
dry 1e6 5 198 - 0.05 0.28 73152
aoDLAV 1e6 5 198 - 0.12 19.26 252692
aoULAV 1e6 5 198 - 0.14 19.80 252688
aoD2AG 1e6 5 198 - 0.21 22.26 322876
aoD2SG 1e6 5 198 - 0.22 25.08 333116
dry 325e2 2 248 - 0.03 0.12 29028
aoDLAV 325e2 2 248 - 0.02 0.23 31372
aoULAV 325e2 2 248 - 0.02 0.22 32084
aoD2AG 325e2 2 248 - 0.03 0.24 35000
aoD2SG 325e2 2 248 - 0.03 0.26 34764
dry 56e4 2 15 - 0.04 0.18 41104
aoDLAV 56e4 2 15 - 0.09 2.06 108044
aoULAV 56e4 2 15 - 0.08 2.19 107984
aoD2AG 56e4 2 15 - 0.13 3.08 138544
aoD2SG 56e4 2 15 - 0.11 3.48 143268
dry 32e4 2 244 - 0.03 0.17 36424
aoDLAV 32e4 2 244 - 0.05 1.27 70832
aoULAV 32e4 2 244 - 0.06 1.31 70840
aoD2AG 32e4 2 244 - 0.08 1.76 88692
aoD2SG 32e4 2 244 - 0.07 1.98 91640
dry 1e1 2 108 - 0.03 0.11 25992
aoDLAV 1e1 2 108 - 0.03 0.14 30160
aoULAV 1e1 2 108 - 0.03 0.14 30172
aoD2AG 1e1 2 108 - 0.03 0.13 30316
aoD2SG 1e1 2 108 - 0.02 0.14 30320
moore 1e1 2 108 - 0.03 0.17 30484
nbpm 1e1 2 108 - 0.09 2.14 49824
greedy 1e1 2 108 - 0.03 0.14 30128
dry 32e4 2 222 - 0.03 0.16 36424
aoDLAV 32e4 2 222 - 0.06 1.30 70832
aoULAV 32e4 2 222 - 0.05 1.30 70840
aoD2AG 32e4 2 222 - 0.07 1.77 88476
aoD2SG 32e4 2 222 - 0.08 1.91 91568
dry 1e6 5 28 - 0.05 0.30 73156
aoDLAV 1e6 5 28 - 0.14 19.60 252688
aoULAV 1e6 5 28 - 0.45 19.58 252688
aoD2AG 1e6 5 28 - 0.21 21.42 323448
aoD2SG 1e6 5 28 - 0.22 25.67 332992
dry 1e3 2 121 - 0.02 0.11 26020
aoDLAV 1e3 2 121 - 0.03 0.14 30280
aoULAV 1e3 2 121 - 0.03 0.15 30292
aoD2AG 1e3 2 121 - 0.03 0.14 30540
aoD2SG 1e3 2 121 - 0.03 0.14 30560
moore 1e3 2 121 - 0.05 4.61 59776
nbpm 1e3 2 121 - 0.11 4.08 138560
greedy 1e3 2 121 - 0.07 1.05 139244
dry 18e4 2 250 - 0.02 0.14 33104
aoDLAV 18e4 2 250 - 0.05 0.77 47860
aoULAV 18e4 2 250 - 0.05 0.79 47860
aoD2AG 18e4 2 250 - 0.06 1.01 58648
aoD2SG 18e4 2 250 - 0.06 1.13 59868
dry 300e2 2 95 - 0.03 0.11 27220
aoDLAV 300e2 2 95 - 0.02 0.22 31300
aoULAV 300e2 2 95 - 0.03 0.22 31892
aoD2AG 300e2 2 95 - 0.03 0.24 35064
aoD2SG 300e2 2 95 - 0.03 0.25 34716
dry 375e2 2 175 - 0.03 0.11 27516
aoDLAV 375e2 2 175 - 0.03 0.24 31784
aoULAV 375e2 2 175 - 0.03 0.23 32608
aoD2AG 375e2 2 175 - 0.04 0.26 35512
aoD2SG 375e2 2 175 - 0.03 0.30 35524
dry 1e2 2 227 - 0.03 0.11 25996
aoDLAV 1e2 2 227 - 0.04 0.13 30168
aoULAV 1e2 2 227 - 0.03 0.14 30180
aoD2AG 1e2 2 227 - 0.02 0.15 30336
aoD2SG 1e2 2 227 - 0.03 0.14 30344
moore 1e2 2 227 - 0.03 0.19 30492
nbpm 1e2 2 227 - 0.06 2.20 53028
greedy 1e2 2 227 - 0.03 0.14 30880
dry 375e2 2 86 - 0.02 0.13 27516
aoDLAV 375e2 2 86 - 0.03 0.22 31788
aoULAV 375e2 2 86 - 0.03 0.23 32604
aoD2AG 375e2 2 86 - 0.03 0.27 35520
aoD2SG 375e2 2 86 - 0.03 0.28 35524
dry 300e2 2 141 - 0.02 0.12 27216
aoDLAV 300e2 2 141 - 0.03 0.21 31296
aoULAV 300e2 2 141 - 0.03 0.20 31892
aoD2AG 300e2 2 141 - 0.04 0.23 35056
aoD2SG 300e2 2 141 - 0.04 0.24 34712
dry 1e2 10 163 - 0.01 0.12 26004
aoDLAV 1e2 10 163 - 0.02 0.14 30260
aoULAV 1e2 10 163 - 0.01 0.16 30272
aoD2AG 1e2 10 163 - 0.02 0.14 30440
aoD2SG 1e2 10 163 - 0.02 0.15 30448
moore 1e2 10 163 - 0.02 0.21 30496
nbpm 1e2 10 163 - 0.07 2.18 53076
greedy 1e2 10 163 - 0.03 0.14 30972
dry 325e2 2 131 - 0.02 0.12 27316
aoDLAV 325e2 2 131 - 0.03 0.22 31376
aoULAV 325e2 2 131 - 0.03 0.22 32084
aoD2AG 325e2 2 131 - 0.03 0.25 35000
aoD2SG 325e2 2 131 - 0.04 0.24 34760
dry 1e3 10 34 - 0.02 0.11 26136
aoDLAV 1e3 10 34 - 0.03 0.15 30652
aoULAV 1e3 10 34 - 0.03 0.15 30664
aoD2AG 1e3 10 34 - 0.04 0.15 31108
aoD2SG 1e3 10 34 - 0.03 0.16 31084
moore 1e3 10 34 - 0.04 3.85 59840
nbpm 1e3 10 34 - 0.11 4.80 136144
greedy 1e3 10 34 - 0.08 1.06 139616
dry 56e3 2 21 - 0.02 0.12 31236
aoDLAV 56e3 2 21 - 0.03 0.30 33476
aoULAV 56e3 2 21 - 0.03 0.30 34696
aoD2AG 56e3 2 21 - 0.03 0.36 37288
aoD2SG 56e3 2 21 - 0.04 0.37 37304
dry 375e2 2 243 - 0.02 0.12 30876
aoDLAV 375e2 2 243 - 0.02 0.24 31784
aoULAV 375e2 2 243 - 0.02 0.24 32608
aoD2AG 375e2 2 243 - 0.03 0.28 35516
aoD2SG 375e2 2 243 - 0.03 0.28 35528
dry 250e2 2 128 - 0.02 0.12 27020
aoDLAV 250e2 2 128 - 0.02 0.20 31108
aoULAV 250e2 2 128 - 0.03 0.20 31212
aoD2AG 250e2 2 128 - 0.03 0.22 33860
aoD2SG 250e2 2 128 - 0.03 0.23 33960
dry 1e3 2 96 - 0.02 0.11 28048
aoDLAV 1e3 2 96 - 0.03 0.14 30280
aoULAV 1e3 2 96 - 0.03 0.14 30296
aoD2AG 1e3 2 96 - 0.02 0.14 30540
aoD2SG 1e3 2 96 - 0.03 0.14 30560
moore 1e3 2 96 - 0.05 4.63 59768
nbpm 1e3 2 96 - 0.11 4.13 138552
greedy 1e3 2 96 - 0.08 1.04 139248
dry 375e2 2 170 - 0.03 0.12 30876
aoDLAV 375e2 2 170 - 0.02 0.24 31784
aoULAV 375e2 2 170 - 0.03 0.24 32604
aoD2AG 375e2 2 170 - 0.04 0.27 35520
aoD2SG 375e2 2 170 - 0.03 0.30 35528
dry 1e3 2 202 - 0.03 0.11 26020
aoDLAV 1e3 2 202 - 0.02 0.15 30284
aoULAV 1e3 2 202 - 0.03 0.14 30292
aoD2AG 1e3 2 202 - 0.02 0.15 30532
aoD2SG 1e3 2 202 - 0.03 0.14 30556
moore 1e3 2 202 - 0.04 3.05 59808
nbpm 1e3 2 202 - 0.13 4.07 138556
greedy 1e3 2 202 - 0.07 1.05 139244
dry 18e1 2 21 - 0.02 0.12 26004
aoDLAV 18e1 2 21 - 0.02 0.15 30184
aoULAV 18e1 2 21 - 0.03 0.14 30196
aoD2AG 18e1 2 21 - 0.03 0.14 30364
aoD2SG 18e1 2 21 - 0.03 0.14 30364
moore 18e1 2 21 - 0.02 0.35 30500
nbpm 18e1 2 21 - 0.06 2.18 54444
greedy 18e1 2 21 - 0.03 0.15 33348
dry 5e4 2 51 - 0.02 0.12 31116
aoDLAV 5e4 2 51 - 0.02 0.26 33012
aoULAV 5e4 2 51 - 0.02 0.28 33316
aoD2AG 5e4 2 51 - 0.03 0.33 36412
aoD2SG 5e4 2 51 - 0.02 0.35 36424
dry 1e2 2 77 - 0.02 0.12 25996
aoDLAV 1e2 2 77 - 0.02 0.14 30168
aoULAV 1e2 2 77 - 0.03 0.13 30180
aoD2AG 1e2 2 77 - 0.03 0.14 30340
aoD2SG 1e2 2 77 - 0.03 0.14 30348
moore 1e2 2 77 - 0.02 0.19 30484
nbpm 1e2 2 77 - 0.07 2.18 53000
greedy 1e2 2 77 - 0.02 0.15 30880
dry 275e2 2 232 - 0.02 0.12 29028
aoDLAV 275e2 2 232 - 0.03 0.21 31240
aoULAV 275e2 2 232 - 0.03 0.22 31568
aoD2AG 275e2 2 232 - 0.03 0.23 34696
aoD2SG 275e2 2 232 - 0.02 0.24 34812
dry 275e2 2 228 - 0.02 0.12 27120
aoDLAV 275e2 2 228 - 0.02 0.21 31240
aoULAV 275e2 2 228 - 0.02 0.21 31572
aoD2AG 275e2 2 228 - 0.03 0.23 34696
aoD2SG 275e2 2 228 - 0.03 0.24 34812
dry 1e2 2 228 - 0.02 0.11 25992
aoDLAV 1e2 2 228 - 0.03 0.14 30168
aoULAV 1e2 2 228 - 0.03 0.14 30180
aoD2AG 1e2 2 228 - 0.02 0.14 30336
aoD2SG 1e2 2 228 - 0.03 0.14 30332
moore 1e2 2 228 - 0.03 0.22 30488
nbpm 1e2 2 228 - 0.07 2.15 53008
greedy 1e2 2 228 - 0.03 0.13 30880
dry 56e4 2 196 - 0.04 0.18 41104
aoDLAV 56e4 2 196 - 0.06 2.00 107988
aoULAV 56e4 2 196 - 0.08 2.08 107984
aoD2AG 56e4 2 196 - 0.11 2.90 140600
aoD2SG 56e4 2 196 - 0.13 3.24 143676
dry 1e1 2 5 - 0.02 0.12 25996
aoDLAV 1e1 2 5 - 0.03 0.14 30160
aoULAV 1e1 2 5 - 0.03 0.14 30176
aoD2AG 1e1 2 5 - 0.02 0.14 30312
aoD2SG 1e1 2 5 - 0.02 0.14 30312
moore 1e1 2 5 - 0.03 0.18 30484
nbpm 1e1 2 5 - 0.07 2.09 49828
greedy 1e1 2 5 - 0.03 0.14 30124
dry 1e6 10 51 - 0.08 0.38 112232
aoDLAV 1e6 10 51 - 0.21 356.23 369884
aoULAV 1e6 10 51 - 0.31 371.88 369884
aoD2AG 1e6 10 51 - 0.41 376.03 447112
aoD2SG 1e6 10 51 - 0.41 454.76 456944
dry 1e3 10 163 - 0.02 0.12 26136
aoDLAV 1e3 10 163 - 0.03 0.15 30652
aoULAV 1e3 10 163 - 0.03 0.16 30664
aoD2AG 1e3 10 163 - 0.03 0.17 31064
aoD2SG 1e3 10 163 - 0.02 0.18 31096
moore 1e3 10 163 - 0.04 5.98 59844
nbpm 1e3 10 163 - 0.12 4.72 136140
greedy 1e3 10 163 - 0.07 1.02 139620
dry 56e3 2 18 - 0.03 0.12 28240
aoDLAV 56e3 2 18 - 0.03 0.29 33508
aoULAV 56e3 2 18 - 0.03 0.29 34696
aoD2AG 56e3 2 18 - 0.03 0.37 37288
aoD2SG 56e3 2 18 - 0.02 0.40 37304
dry 56e1 2 21 - 0.02 0.12 27956
aoDLAV 56e1 2 21 - 0.02 0.15 30220
aoULAV 56e1 2 21 - 0.03 0.14 30232
aoD2AG 56e1 2 21 - 0.03 0.14 30416
aoD2SG 56e1 2 21 - 0.03 0.14 30428
moore 56e1 2 21 - 0.04 0.58 39688
nbpm 56e1 2 21 - 0.09 2.98 78712
greedy 56e1 2 21 - 0.04 0.39 64104
dry 1e6 2 237 - 0.04 0.20 49704
aoDLAV 1e6 2 237 - 0.12 3.69 178460
aoULAV 1e6 2 237 - 0.12 3.90 178460
aoD2AG 1e6 2 237 - 0.17 5.43 234504
aoD2SG 1e6 2 237 - 0.21 6.21 241572
dry 56e1 2 66 - 0.02 0.12 26008
aoDLAV 56e1 2 66 - 0.02 0.15 30220
aoULAV 56e1 2 66 - 0.02 0.14 30236
aoD2AG 56e1 2 66 - 0.02 0.14 30416
aoD2SG 56e1 2 66 - 0.03 0.14 30428
moore 56e1 2 66 - 0.03 1.93 39652
nbpm 56e1 2 66 - 0.09 2.94 78708
greedy 56e1 2 66 - 0.04 0.39 64108
dry 1e5 2 66 - 0.03 0.13 31140
aoDLAV 1e5 2 66 - 0.03 0.43 34800
aoULAV 1e5 2 66 - 0.03 0.44 35320
aoD2AG 1e5 2 66 - 0.04 0.57 42956
aoD2SG 1e5 2 66 - 0.03 0.65 43800
dry 56e1 2 242 - 0.01 0.12 26008
aoDLAV 56e1 2 242 - 0.02 0.15 30224
aoULAV 56e1 2 242 - 0.03 0.14 30232
aoD2AG 56e1 2 242 - 0.03 0.14 30416
aoD2SG 56e1 2 242 - 0.03 0.14 30456
moore 56e1 2 242 - 0.03 2.25 39652
nbpm 56e1 2 242 - 0.09 2.88 78704
greedy 56e1 2 242 - 0.05 0.37 64104
dry 18e4 2 136 - 0.03 0.13 33164
aoDLAV 18e4 2 136 - 0.03 0.82 47860
aoULAV 18e4 2 136 - 0.04 0.79 47860
aoD2AG 18e4 2 136 - 0.05 1.02 58644
aoD2SG 18e4 2 136 - 0.06 1.10 60220
dry 1e3 5 130 - 0.02 0.11 26056
aoDLAV 1e3 5 130 - 0.02 0.14 30472
aoULAV 1e3 5 130 - 0.03 0.13 30472
aoD2AG 1e3 5 130 - 0.03 0.14 30748
aoD2SG 1e3 5 130 - 0.01 0.15 30776
moore 1e3 5 130 - 0.03 1.85 59828
nbpm 1e3 5 130 - 0.09 4.35 129288
greedy 1e3 5 130 - 0.08 1.01 139388
dry 1e1 2 219 - 0.02 0.11 25996
aoDLAV 1e1 2 219 - 0.03 0.14 30164
aoULAV 1e1 2 219 - 0.03 0.14 30176
aoD2AG 1e1 2 219 - 0.02 0.14 30316
aoD2SG 1e1 2 219 - 0.02 0.14 30320
moore 1e1 2 219 - 0.03 0.17 30476
nbpm 1e1 2 219 - 0.06 2.11 49816
greedy 1e1 2 219 - 0.02 0.14 30128
dry 1e2 10 53 - 0.02 0.11 26004
aoDLAV 1e2 10 53 - 0.03 0.13 30260
aoULAV 1e2 10 53 - 0.03 0.14 30272
aoD2AG 1e2 10 53 - 0.03 0.14 30440
aoD2SG 1e2 10 53 - 0.02 0.14 30452
moore 1e2 10 53 - 0.03 0.21 30500
nbpm 1e2 10 53 - 0.07 2.10 53076
greedy 1e2 10 53 - 0.02 0.14 30976
dry 18e4 2 57 - 0.04 0.12 33104
aoDLAV 18e4 2 57 - 0.04 0.72 47860
aoULAV 18e4 2 57 - 0.04 0.73 47864
aoD2AG 18e4 2 57 - 0.04 0.94 58648
aoD2SG 18e4 2 57 - 0.06 1.07 60064
dry 250e2 2 21 - 0.02 0.11 27020
aoDLAV 250e2 2 21 - 0.03 0.19 31108
aoULAV 250e2 2 21 - 0.03 0.19 31212
aoD2AG 250e2 2 21 - 0.03 0.21 33856
aoD2SG 250e2 2 21 - 0.03 0.22 33960
dry 5e4 2 129 - 0.02 0.11 29876
aoDLAV 5e4 2 129 - 0.02 0.26 33008
aoULAV 5e4 2 129 - 0.02 0.26 33312
aoD2AG 5e4 2 129 - 0.03 0.30 36412
aoD2SG 5e4 2 129 - 0.03 0.33 36420
dry 375e2 2 235 - 0.02 0.11 27520
aoDLAV 375e2 2 235 - 0.03 0.21 31784
aoULAV 375e2 2 235 - 0.03 0.22 32604
aoD2AG 375e2 2 235 - 0.02 0.26 35516
aoD2SG 375e2 2 235 - 0.03 0.26 35528
dry 1e2 2 23 - 0.03 0.10 25996
aoDLAV 1e2 2 23 - 0.02 0.14 30172
aoULAV 1e2 2 23 - 0.02 0.14 30180
aoD2AG 1e2 2 23 - 0.03 0.14 30340
aoD2SG 1e2 2 23 - 0.03 0.14 30340
moore 1e2 2 23 - 0.02 0.20 30492
nbpm 1e2 2 23 - 0.07 2.13 53008
greedy 1e2 2 23 - 0.03 0.14 30884
dry 56e3 2 65 - 0.02 0.12 28240
aoDLAV 56e3 2 65 - 0.03 0.28 33476
aoULAV 56e3 2 65 - 0.03 0.30 34696
aoD2AG 56e3 2 65 - 0.04 0.37 37284
aoD2SG 56e3 2 65 - 0.04 0.38 37300
dry 350e2 2 197 - 0.02 0.13 29260
aoDLAV 350e2 2 197 - 0.03 0.22 31480
aoULAV 350e2 2 197 - 0.02 0.23 32260
aoD2AG 350e2 2 197 - 0.03 0.25 34852
aoD2SG 350e2 2 197 - 0.03 0.28 35132
dry 18e1 2 44 - 0.02 0.12 26008
aoDLAV 18e1 2 44 - 0.02 0.14 30184
aoULAV 18e1 2 44 - 0.02 0.14 30196
aoD2AG 18e1 2 44 - 0.03 0.14 30360
aoD2SG 18e1 2 44 - 0.02 0.14 30364
moore 18e1 2 44 - 0.02 0.28 30500
nbpm 18e1 2 44 - 0.07 2.18 54444
greedy 18e1 2 44 - 0.02 0.16 33348
dry 1e1 2 42 - 0.02 0.11 25992
aoDLAV 1e1 2 42 - 0.03 0.14 30164
aoULAV 1e1 2 42 - 0.03 0.14 30176
aoD2AG 1e1 2 42 - 0.03 0.14 30316
aoD2SG 1e1 2 42 - 0.03 0.14 30324
moore 1e1 2 42 - 0.03 0.19 30484
nbpm 1e1 2 42 - 0.08 2.16 49824
greedy 1e1 2 42 - 0.03 0.14 30124
dry 1e3 5 126 - 0.02 0.12 26056
aoDLAV 1e3 5 126 - 0.02 0.15 30424
aoULAV 1e3 5 126 - 0.03 0.14 30436
aoD2AG 1e3 5 126 - 0.02 0.15 30752
aoD2SG 1e3 5 126 - 0.03 0.15 30764
moore 1e3 5 126 - 0.05 4.47 59800
nbpm 1e3 5 126 - 0.09 4.46 129244
greedy 1e3 5 126 - 0.06 1.05 139388
dry 300e2 2 103 - 0.03 0.11 27216
aoDLAV 300e2 2 103 - 0.03 0.21 31296
aoULAV 300e2 2 103 - 0.03 0.21 31892
aoD2AG 300e2 2 103 - 0.02 0.25 35064
aoD2SG 300e2 2 103 - 0.04 0.25 34716
dry 1e6 10 104 - 0.08 0.39 112232
aoDLAV 1e6 10 104 - 0.78 442.87 369976
aoULAV 1e6 10 104 - 0.30 355.16 369888
aoD2AG 1e6 10 104 - 0.41 351.01 447888
aoD2SG 1e6 10 104 - 0.41 438.73 456036
dry 56e3 2 3 - 0.02 0.12 28240
aoDLAV 56e3 2 3 - 0.03 0.28 33476
aoULAV 56e3 2 3 - 0.03 0.29 34700
aoD2AG 56e3 2 3 - 0.03 0.35 37280
aoD2SG 56e3 2 3 - 0.03 0.37 37328
dry 225e2 2 207 - 0.02 0.11 26924
aoDLAV 225e2 2 207 - 0.03 0.19 30980
aoULAV 225e2 2 207 - 0.03 0.19 30992
aoD2AG 225e2 2 207 - 0.04 0.20 33368
aoD2SG 225e2 2 207 - 0.02 0.22 33460
dry 1e3 10 190 - 0.02 0.12 28160
aoDLAV 1e3 10 190 - 0.02 0.17 30652
aoULAV 1e3 10 190 - 0.03 0.16 30664
aoD2AG 1e3 10 190 - 0.03 0.16 31068
aoD2SG 1e3 10 190 - 0.03 0.16 31092
moore 1e3 10 190 - 0.05 2.31 59876
nbpm 1e3 10 190 - 0.13 4.64 136140
greedy 1e3 10 190 - 0.08 1.03 139616
dry 1e3 5 58 - 0.03 0.11 26056
aoDLAV 1e3 5 58 - 0.03 0.13 30424
aoULAV 1e3 5 58 - 0.03 0.14 30440
aoD2AG 1e3 5 58 - 0.03 0.14 30752
aoD2SG 1e3 5 58 - 0.03 0.15 30768
moore 1e3 5 58 - 0.04 2.93 59828
nbpm 1e3 5 58 - 0.11 4.41 129244
greedy 1e3 5 58 - 0.08 1.05 139388
dry 275e2 2 15 - 0.02 0.12 27120
aoDLAV 275e2 2 15 - 0.03 0.20 31240
aoULAV 275e2 2 15 - 0.03 0.20 31572
aoD2AG 275e2 2 15 - 0.03 0.22 34692
aoD2SG 275e2 2 15 - 0.04 0.23 34808
dry 1e3 10 109 - 0.02 0.11 26140
aoDLAV 1e3 10 109 - 0.02 0.17 30652
aoULAV 1e3 10 109 - 0.02 0.17 30664
aoD2AG 1e3 10 109 - 0.03 0.16 31064
aoD2SG 1e3 10 109 - 0.03 0.16 31092
moore 1e3 10 109 - 0.04 5.37 59900
nbpm 1e3 10 109 - 0.11 4.74 136140
greedy 1e3 10 109 - 0.07 1.01 139616
dry 5e4 2 144 - 0.02 0.12 29468
aoDLAV 5e4 2 144 - 0.04 0.26 33008
aoULAV 5e4 2 144 - 0.03 0.26 33316
aoD2AG 5e4 2 144 - 0.03 0.34 36408
aoD2SG 5e4 2 144 - 0.03 0.35 36424
dry 18e1 2 173 - 0.03 0.11 26004
aoDLAV 18e1 2 173 - 0.03 0.14 30184
aoULAV 18e1 2 173 - 0.03 0.14 30196
aoD2AG 18e1 2 173 - 0.02 0.15 30356
aoD2SG 18e1 2 173 - 0.03 0.14 30364
moore 18e1 2 173 - 0.02 0.28 30496
nbpm 18e1 2 173 - 0.09 2.12 54444
greedy 18e1 2 173 - 0.02 0.16 33348
dry 32e3 2 17 - 0.03 0.11 27300
aoDLAV 32e3 2 17 - 0.03 0.21 31436
aoULAV 32e3 2 17 - 0.03 0.21 32148
aoD2AG 32e3 2 17 - 0.03 0.24 35020
aoD2SG 32e3 2 17 - 0.03 0.25 34788
dry 1e5 10 34 - 0.03 0.20 38396
aoDLAV 1e5 10 34 - 0.05 20.50 53536
aoULAV 1e5 10 34 - 0.05 20.74 55312
aoD2AG 1e5 10 34 - 0.06 20.36 62760
aoD2SG 1e5 10 34 - 0.06 22.47 66832
dry 1e3 2 197 - 0.02 0.11 26024
aoDLAV 1e3 2 197 - 0.03 0.14 30284
aoULAV 1e3 2 197 - 0.02 0.14 30292
aoD2AG 1e3 2 197 - 0.03 0.13 30532
aoD2SG 1e3 2 197 - 0.03 0.14 30560
moore 1e3 2 197 - 0.03 3.93 59776
nbpm 1e3 2 197 - 0.12 3.99 138564
greedy 1e3 2 197 - 0.07 1.09 139244
dry 1e1 2 244 - 0.02 0.12 25992
aoDLAV 1e1 2 244 - 0.03 0.14 30160
aoULAV 1e1 2 244 - 0.02 0.15 30172
aoD2AG 1e1 2 244 - 0.03 0.14 30312
aoD2SG 1e1 2 244 - 0.03 0.15 30312
moore 1e1 2 244 - 0.03 0.19 30476
nbpm 1e1 2 244 - 0.09 2.25 49816
greedy 1e1 2 244 - 0.03 0.13 30124
dry 325e2 2 142 - 0.02 0.12 27316
aoDLAV 325e2 2 142 - 0.04 0.22 31376
aoULAV 325e2 2 142 - 0.04 0.22 32084
aoD2AG 325e2 2 142 - 0.03 0.27 35004
aoD2SG 325e2 2 142 - 0.03 0.28 34760
dry 56e3 2 20 - 0.02 0.12 28240
aoDLAV 56e3 2 20 - 0.03 0.27 33480
aoULAV 56e3 2 20 - 0.03 0.28 34696
aoD2AG 56e3 2 20 - 0.05 0.33 37288
aoD2SG 56e3 2 20 - 0.03 0.37 37296
dry 1e3 5 211 - 0.02 0.12 26056
aoDLAV 1e3 5 211 - 0.02 0.15 30424
aoULAV 1e3 5 211 - 0.02 0.15 30440
aoD2AG 1e3 5 211 - 0.02 0.15 30744
aoD2SG 1e3 5 211 - 0.02 0.15 30772
moore 1e3 5 211 - 0.05 6.39 59800
nbpm 1e3 5 211 - 0.11 4.34 129244
greedy 1e3 5 211 - 0.09 0.98 139392
dry 1e1 2 248 - 0.02 0.11 25992
aoDLAV 1e1 2 248 - 0.03 0.14 30160
aoULAV 1e1 2 248 - 0.03 0.14 30172
aoD2AG 1e1 2 248 - 0.03 0.14 30324
aoD2SG 1e1 2 248 - 0.03 0.14 30332
moore 1e1 2 248 - 0.02 0.19 30484
nbpm 1e1 2 248 - 0.08 2.09 49824
greedy 1e1 2 248 - 0.03 0.14 30128
dry 1e6 10 82 - 0.08 0.40 112236
aoDLAV 1e6 10 82 - 0.22 352.23 369884
aoULAV 1e6 10 82 - 0.30 374.22 369888
aoD2AG 1e6 10 82 - 0.40 376.86 447992
aoD2SG 1e6 10 82 - 0.41 460.54 456468
dry 32e3 2 245 - 0.02 0.12 27296
aoDLAV 32e3 2 245 - 0.02 0.23 31440
aoULAV 32e3 2 245 - 0.03 0.22 32152
aoD2AG 32e3 2 245 - 0.03 0.25 35020
aoD2SG 32e3 2 245 - 0.03 0.26 34784
dry 1e5 5 229 - 0.03 0.14 34476
aoDLAV 1e5 5 229 - 0.04 1.69 41816
aoULAV 1e5 5 229 - 0.04 1.63 43572
aoD2AG 1e5 5 229 - 0.05 1.80 53812
aoD2SG 1e5 5 229 - 0.08 2.03 53200
dry 1e6 5 27 - 0.05 0.29 73152
aoDLAV 1e6 5 27 - 0.17 25.94 252688
aoULAV 1e6 5 27 - 0.14 17.44 252688
aoD2AG 1e6 5 27 - 0.23 18.43 324708
aoD2SG 1e6 5 27 - 0.22 27.15 333600
dry 1e6 5 48 - 0.05 0.26 73156
aoDLAV 1e6 5 48 - 0.14 17.05 252688
aoULAV 1e6 5 48 - 0.15 17.12 252688
aoD2AG 1e6 5 48 - 0.23 19.45 323912
aoD2SG 1e6 5 48 - 0.22 22.34 331848
dry 1e5 10 220 - 0.04 0.15 38456
aoDLAV 1e5 10 220 - 0.05 17.76 53540
aoULAV 1e5 10 220 - 0.22 24.09 55316
aoD2AG 1e5 10 220 - 0.08 23.20 62976
aoD2SG 1e5 10 220 - 0.05 25.30 66832
dry 18e1 2 227 - 0.02 0.11 26004
aoDLAV 18e1 2 227 - 0.02 0.15 30184
aoULAV 18e1 2 227 - 0.03 0.14 30196
aoD2AG 18e1 2 227 - 0.02 0.15 30356
aoD2SG 18e1 2 227 - 0.03 0.14 30368
moore 18e1 2 227 - 0.03 0.31 30492
nbpm 18e1 2 227 - 0.07 2.33 54436
greedy 18e1 2 227 - 0.03 0.15 33348
dry 400e2 2 62 - 0.02 0.12 27616
aoDLAV 400e2 2 62 - 0.02 0.23 32236
aoULAV 400e2 2 62 - 0.03 0.27 33112
aoD2AG 400e2 2 62 - 0.03 0.30 36072
aoD2SG 400e2 2 62 - 0.03 0.31 35928
dry 1e1 2 222 - 0.03 0.11 25992
aoDLAV 1e1 2 222 - 0.02 0.15 30160
aoULAV 1e1 2 222 - 0.02 0.15 30176
aoD2AG 1e1 2 222 - 0.03 0.14 30320
aoD2SG 1e1 2 222 - 0.02 0.15 30324
moore 1e1 2 222 - 0.03 0.18 30476
nbpm 1e1 2 222 - 0.08 2.19 49816
greedy 1e1 2 222 - 0.02 0.15 30124
dry 1e2 5 170 - 0.02 0.11 25996
aoDLAV 1e2 5 170 - 0.03 0.14 30212
aoULAV 1e2 5 170 - 0.02 0.14 30224
aoD2AG 1e2 5 170 - 0.02 0.14 30384
aoD2SG 1e2 5 170 - 0.03 0.14 30388
moore 1e2 5 170 - 0.02 0.18 30496
nbpm 1e2 5 170 - 0.08 2.05 53016
greedy 1e2 5 170 - 0.03 0.14 30920
dry 18e1 2 230 - 0.02 0.12 26004
aoDLAV 18e1 2 230 - 0.03 0.14 30188
aoULAV 18e1 2 230 - 0.03 0.14 30196
aoD2AG 18e1 2 230 - 0.02 0.14 30356
aoD2SG 18e1 2 230 - 0.02 0.14 30364
moore 18e1 2 230 - 0.03 0.24 30488
nbpm 18e1 2 230 - 0.07 2.10 54436
greedy 18e1 2 230 - 0.02 0.16 33352
dry 375e2 2 66 - 0.02 0.12 27516
aoDLAV 375e2 2 66 - 0.03 0.22 31784
aoULAV 375e2 2 66 - 0.02 0.25 32604
aoD2AG 375e2 2 66 - 0.04 0.28 35516
aoD2SG 375e2 2 66 - 0.03 0.31 35532
dry 1e2 2 195 - 0.03 0.11 27952
aoDLAV 1e2 2 195 - 0.02 0.15 30172
aoULAV 1e2 2 195 - 0.03 0.15 30184
aoD2AG 1e2 2 195 - 0.02 0.15 30336
aoD2SG 1e2 2 195 - 0.02 0.14 30344
moore 1e2 2 195 - 0.04 0.20 30480
nbpm 1e2 2 195 - 0.09 2.33 53000
greedy 1e2 2 195 - 0.03 0.14 30880
dry 5e4 10 228 - 0.03 0.14 33892
aoDLAV 5e4 10 228 - 0.04 8.23 40200
aoULAV 5e4 10 228 - 0.04 8.25 40200
aoD2AG 5e4 10 228 - 0.05 6.63 44980
aoD2SG 5e4 10 228 - 0.04 7.37 45000
dry 32e3 2 47 - 0.02 0.12 27296
aoDLAV 32e3 2 47 - 0.02 0.21 31436
aoULAV 32e3 2 47 - 0.02 0.22 32148
aoD2AG 32e3 2 47 - 0.04 0.23 35024
aoD2SG 32e3 2 47 - 0.03 0.26 34788
dry 1e3 2 220 - 0.03 0.11 26020
aoDLAV 1e3 2 220 - 0.03 0.15 30284
aoULAV 1e3 2 220 - 0.03 0.13 30292
aoD2AG 1e3 2 220 - 0.02 0.16 30556
aoD2SG 1e3 2 220 - 0.03 0.14 30576
moore 1e3 2 220 - 0.04 3.11 59804
nbpm 1e3 2 220 - 0.14 4.31 138556
greedy 1e3 2 220 - 0.07 1.06 139248
dry 1e2 2 170 - 0.02 0.12 25992
aoDLAV 1e2 2 170 - 0.02 0.14 30168
aoULAV 1e2 2 170 - 0.03 0.14 30184
aoD2AG 1e2 2 170 - 0.03 0.14 30328
aoD2SG 1e2 2 170 - 0.03 0.15 30340
moore 1e2 2 170 - 0.03 0.20 30492
nbpm 1e2 2 170 - 0.08 2.20 53004
greedy 1e2 2 170 - 0.03 0.13 30880
dry 1e2 2 171 - 0.02 0.12 25996
aoDLAV 1e2 2 171 - 0.02 0.14 30168
aoULAV 1e2 2 171 - 0.03 0.14 30180
aoD2AG 1e2 2 171 - 0.03 0.15 30332
aoD2SG 1e2 2 171 - 0.02 0.15 30340
moore 1e2 2 171 - 0.02 0.19 30488
nbpm 1e2 2 171 - 0.08 2.21 53004
greedy 1e2 2 171 - 0.03 0.14 30880
dry 375e2 2 91 - 0.03 0.11 27516
aoDLAV 375e2 2 91 - 0.03 0.25 31784
aoULAV 375e2 2 91 - 0.03 0.24 32604
aoD2AG 375e2 2 91 - 0.03 0.28 35520
aoD2SG 375e2 2 91 - 0.03 0.29 35528
dry 32e4 2 20 - 0.03 0.17 36428
aoDLAV 32e4 2 20 - 0.08 1.28 70828
aoULAV 32e4 2 20 - 0.07 1.50 70840
aoD2AG 32e4 2 20 - 0.08 1.80 88560
aoD2SG 32e4 2 20 - 0.07 2.12 90840
dry 1e3 10 128 - 0.02 0.12 26136
aoDLAV 1e3 10 128 - 0.03 0.16 30656
aoULAV 1e3 10 128 - 0.03 0.16 30664
aoD2AG 1e3 10 128 - 0.02 0.17 31064
aoD2SG 1e3 10 128 - 0.02 0.17 31088
moore 1e3 10 128 - 0.04 6.13 59844
nbpm 1e3 10 128 - 0.12 5.21 136140
greedy 1e3 10 128 - 0.09 1.00 139616
dry 1e2 2 35 - 0.02 0.12 25992
aoDLAV 1e2 2 35 - 0.03 0.14 30172
aoULAV 1e2 2 35 - 0.03 0.14 30180
aoD2AG 1e2 2 35 - 0.02 0.15 30336
aoD2SG 1e2 2 35 - 0.03 0.14 30376
moore 1e2 2 35 - 0.03 0.19 30488
nbpm 1e2 2 35 - 0.08 2.18 53008
greedy 1e2 2 35 - 0.03 0.14 30880
dry 32e1 2 129 - 0.03 0.11 26000
aoDLAV 32e1 2 129 - 0.03 0.14 30196
aoULAV 32e1 2 129 - 0.03 0.14 30208
aoD2AG 32e1 2 129 - 0.03 0.14 30376
aoD2SG 32e1 2 129 - 0.03 0.14 30384
moore 32e1 2 129 - 0.02 0.49 33676
nbpm 32e1 2 129 - 0.08 2.43 58300
greedy 32e1 2 129 - 0.04 0.21 40972
dry 32e1 2 24 - 0.02 0.12 26000
aoDLAV 32e1 2 24 - 0.03 0.15 30196
aoULAV 32e1 2 24 - 0.02 0.15 30208
aoD2AG 32e1 2 24 - 0.03 0.14 30376
aoD2SG 32e1 2 24 - 0.02 0.15 30384
moore 32e1 2 24 - 0.03 0.31 33676
nbpm 32e1 2 24 - 0.09 2.41 58300
greedy 32e1 2 24 - 0.02 0.23 40972
dry 1e5 2 39 - 0.03 0.13 29984
aoDLAV 1e5 2 39 - 0.04 0.45 34800
aoULAV 1e5 2 39 - 0.03 0.45 35320
aoD2AG 1e5 2 39 - 0.04 0.58 42604
aoD2SG 1e5 2 39 - 0.05 0.65 44096
dry 1e3 5 4 - 0.02 0.12 26056
aoDLAV 1e3 5 4 - 0.03 0.14 30424
aoULAV 1e3 5 4 - 0.02 0.15 30436
aoD2AG 1e3 5 4 - 0.03 0.15 30744
aoD2SG 1e3 5 4 - 0.03 0.14 30772
moore 1e3 5 4 - 0.03 4.64 59800
nbpm 1e3 5 4 - 0.09 4.85 129244
greedy 1e3 5 4 - 0.08 0.99 139392
dry 1e2 5 158 - 0.02 0.12 25996
aoDLAV 1e2 5 158 - 0.03 0.14 30212
aoULAV 1e2 5 158 - 0.02 0.15 30224
aoD2AG 1e2 5 158 - 0.03 0.15 30376
aoD2SG 1e2 5 158 - 0.03 0.14 30388
moore 1e2 5 158 - 0.04 0.20 30492
nbpm 1e2 5 158 - 0.08 2.19 53020
greedy 1e2 5 158 - 0.03 0.14 30920
dry 1e2 2 106 - 0.02 0.12 25992
aoDLAV 1e2 2 106 - 0.02 0.15 30168
aoULAV 1e2 2 106 - 0.03 0.13 30184
aoD2AG 1e2 2 106 - 0.04 0.13 30336
aoD2SG 1e2 2 106 - 0.03 0.14 30340
moore 1e2 2 106 - 0.03 0.20 30480
nbpm 1e2 2 106 - 0.07 2.17 53000
greedy 1e2 2 106 - 0.02 0.14 30880
dry 1e3 5 41 - 0.02 0.12 26056
aoDLAV 1e3 5 41 - 0.02 0.14 30424
aoULAV 1e3 5 41 - 0.03 0.14 30436
aoD2AG 1e3 5 41 - 0.03 0.14 30748
aoD2SG 1e3 5 41 - 0.03 0.14 30772
moore 1e3 5 41 - 0.03 5.09 59884
nbpm 1e3 5 41 - 0.12 4.64 129248
greedy 1e3 5 41 - 0.09 1.05 139388
dry 18e4 2 112 - 0.03 0.14 33108
aoDLAV 18e4 2 112 - 0.05 0.79 47860
aoULAV 18e4 2 112 - 0.05 0.81 47860
aoD2AG 18e4 2 112 - 0.06 1.08 58960
aoD2SG 18e4 2 112 - 0.05 1.17 59812
dry 1e6 10 228 - 0.07 0.42 112232
aoDLAV 1e6 10 228 - 1.01 417.48 369892
aoULAV 1e6 10 228 - 0.31 361.95 369940
aoD2AG 1e6 10 228 - 0.42 348.92 447472
aoD2SG 1e6 10 228 - 0.44 406.92 456708
dry 1e3 2 123 - 0.03 0.11 26020
aoDLAV 1e3 2 123 - 0.03 0.14 30280
aoULAV 1e3 2 123 - 0.03 0.14 30296
aoD2AG 1e3 2 123 - 0.02 0.15 30536
aoD2SG 1e3 2 123 - 0.03 0.14 30560
moore 1e3 2 123 - 0.04 2.76 59808
nbpm 1e3 2 123 - 0.12 3.91 138560
greedy 1e3 2 123 - 0.08 0.99 139244
dry 350e2 2 190 - 0.03 0.11 27420
aoDLAV 350e2 2 190 - 0.03 0.22 31484
aoULAV 350e2 2 190 - 0.03 0.22 32260
aoD2AG 350e2 2 190 - 0.03 0.25 34848
aoD2SG 350e2 2 190 - 0.03 0.26 35132
dry 375e2 2 137 - 0.02 0.12 27516
aoDLAV 375e2 2 137 - 0.02 0.23 31784
aoULAV 375e2 2 137 - 0.03 0.23 32604
aoD2AG 375e2 2 137 - 0.03 0.26 35516
aoD2SG 375e2 2 137 - 0.03 0.28 35524
dry 1e3 2 175 - 0.02 0.11 26020
aoDLAV 1e3 2 175 - 0.03 0.14 30280
aoULAV 1e3 2 175 - 0.02 0.15 30292
aoD2AG 1e3 2 175 - 0.03 0.14 30540
aoD2SG 1e3 2 175 - 0.03 0.14 30556
moore 1e3 2 175 - 0.05 2.38 59796
nbpm 1e3 2 175 - 0.12 3.98 138552
greedy 1e3 2 175 - 0.09 0.98 139244
dry 1e1 2 216 - 0.02 0.12 25992
aoDLAV 1e1 2 216 - 0.02 0.14 30160
aoULAV 1e1 2 216 - 0.02 0.15 30172
aoD2AG 1e1 2 216 - 0.03 0.14 30316
aoD2SG 1e1 2 216 - 0.03 0.14 30324
moore 1e1 2 216 - 0.03 0.17 30484
nbpm 1e1 2 216 - 0.08 2.10 49824
greedy 1e1 2 216 - 0.02 0.15 30124
dry 350e2 2 240 - 0.02 0.12 27420
aoDLAV 350e2 2 240 - 0.03 0.23 31480
aoULAV 350e2 2 240 - 0.02 0.24 32260
aoD2AG 350e2 2 240 - 0.03 0.27 34904
aoD2SG 350e2 2 240 - 0.03 0.28 35128
dry 18e1 2 112 - 0.03 0.11 26004
aoDLAV 18e1 2 112 - 0.03 0.14 30188
aoULAV 18e1 2 112 - 0.03 0.14 30196
aoD2AG 18e1 2 112 - 0.03 0.14 30360
aoD2SG 18e1 2 112 - 0.03 0.14 30368
moore 18e1 2 112 - 0.02 0.28 30492
nbpm 18e1 2 112 - 0.08 2.20 54436
greedy 18e1 2 112 - 0.03 0.16 33348
dry 375e2 2 219 - 0.02 0.12 27520
aoDLAV 375e2 2 219 - 0.02 0.24 31784
aoULAV 375e2 2 219 - 0.02 0.25 32600
aoD2AG 375e2 2 219 - 0.04 0.27 35520
aoD2SG 375e2 2 219 - 0.03 0.30 35532
dry 1e2 5 240 - 0.02 0.12 25996
aoDLAV 1e2 5 240 - 0.03 0.14 30212
aoULAV 1e2 5 240 - 0.02 0.14 30224
aoD2AG 1e2 5 240 - 0.03 0.14 30376
aoD2SG 1e2 5 240 - 0.03 0.14 30392
moore 1e2 5 240 - 0.03 0.19 30496
nbpm 1e2 5 240 - 0.08 2.17 53016
greedy 1e2 5 240 - 0.03 0.14 30924
dry 56e3 2 156 - 0.03 0.12 28236
aoDLAV 56e3 2 156 - 0.04 0.29 33480
aoULAV 56e3 2 156 - 0.03 0.30 34696
aoD2AG 56e3 2 156 - 0.04 0.36 37284
aoD2SG 56e3 2 156 - 0.03 0.40 37300
dry 250e2 2 151 - 0.02 0.12 27020
aoDLAV 250e2 2 151 - 0.03 0.20 31112
aoULAV 250e2 2 151 - 0.03 0.22 31212
aoD2AG 250e2 2 151 - 0.03 0.25 33864
aoD2SG 250e2 2 151 - 0.04 0.22 33968
dry 1e5 10 30 - 0.03 0.19 38424
aoDLAV 1e5 10 30 - 0.06 22.93 53536
aoULAV 1e5 10 30 - 0.07 23.11 55308
aoD2AG 1e5 10 30 - 0.07 20.01 62580
aoD2SG 1e5 10 30 - 0.05 23.49 66832
dry 275e2 2 238 - 0.03 0.11 27120
aoDLAV 275e2 2 238 - 0.03 0.20 31240
aoULAV 275e2 2 238 - 0.02 0.21 31572
aoD2AG 275e2 2 238 - 0.03 0.22 34700
aoD2SG 275e2 2 238 - 0.03 0.24 34816
dry 325e2 2 190 - 0.02 0.12 29360
aoDLAV 325e2 2 190 - 0.03 0.22 31376
aoULAV 325e2 2 190 - 0.03 0.23 32088
aoD2AG 325e2 2 190 - 0.02 0.26 35004
aoD2SG 325e2 2 190 - 0.03 0.27 34792
dry 5e4 2 209 - 0.02 0.12 29516
aoDLAV 5e4 2 209 - 0.03 0.28 33008
aoULAV 5e4 2 209 - 0.04 0.27 33312
aoD2AG 5e4 2 209 - 0.03 0.34 36416
aoD2SG 5e4 2 209 - 0.03 0.36 36428
dry 1e5 5 127 - 0.03 0.14 34476
aoDLAV 1e5 5 127 - 0.04 1.65 41816
aoULAV 1e5 5 127 - 0.05 1.64 43572
aoD2AG 1e5 5 127 - 0.06 1.78 53560
aoD2SG 1e5 5 127 - 0.06 2.00 53204
dry 18e1 2 119 - 0.02 0.12 26004
aoDLAV 18e1 2 119 - 0.03 0.14 30184
aoULAV 18e1 2 119 - 0.03 0.14 30196
aoD2AG 18e1 2 119 - 0.03 0.14 30360
aoD2SG 18e1 2 119 - 0.03 0.14 30364
moore 18e1 2 119 - 0.03 0.31 30496
nbpm 18e1 2 119 - 0.08 2.20 54444
greedy 18e1 2 119 - 0.04 0.15 33352
dry 18e4 2 35 - 0.03 0.14 33104
aoDLAV 18e4 2 35 - 0.04 0.73 47860
aoULAV 18e4 2 35 - 0.05 0.74 47860
aoD2AG 18e4 2 35 - 0.04 0.96 58648
aoD2SG 18e4 2 35 - 0.07 1.04 59996
dry 1e6 10 248 - 0.08 0.39 112236
aoDLAV 1e6 10 248 - 0.22 349.41 369884
aoULAV 1e6 10 248 - 0.34 435.29 369884
aoD2AG 1e6 10 248 - 0.41 358.27 448068
aoD2SG 1e6 10 248 - 0.43 407.83 457772
