dry 1e7 5 205 - 0.20 0.66 459868
aoDLAV 1e7 5 205 - 1.01 235.12 2323024
aoULAV 1e7 5 205 - 1.49 221.69 2323052
aoD2AG 1e7 5 205 - 1.99 240.15 3065144
aoD2SG 1e7 5 205 - 2.60 284.90 3150668
dry 1e7 5 136 - 0.23 0.79 459872
aoDLAV 1e7 5 136 - 1.01 215.75 2323020
aoULAV 1e7 5 136 - 1.47 220.08 2323020
aoD2AG 1e7 5 136 - 2.46 240.78 3064872
aoD2SG 1e7 5 136 - 2.15 286.55 3149708
dry 56e5 2 70 - 0.08 0.32 139544
aoDLAV 56e5 2 70 - 0.45 22.36 849556
aoULAV 56e5 2 70 - 0.43 23.84 849620
aoD2AG 56e5 2 70 - 0.82 34.16 1241428
aoD2SG 56e5 2 70 - 0.75 39.03 1286400
dry 56e5 2 156 - 0.08 0.32 139548
aoDLAV 56e5 2 156 - 0.46 22.83 849560
aoULAV 56e5 2 156 - 0.47 24.28 849560
aoD2AG 56e5 2 156 - 0.76 34.57 1242256
aoD2SG 56e5 2 156 - 0.76 39.68 1285728
dry 56e5 2 211 - 0.08 0.32 139544
aoDLAV 56e5 2 211 - 0.45 23.07 849560
aoULAV 56e5 2 211 - 0.48 24.49 849556
aoD2AG 56e5 2 211 - 0.74 34.87 1241712
aoD2SG 56e5 2 211 - 0.79 40.02 1287784
dry 56e5 2 48 - 0.08 0.32 139544
aoDLAV 56e5 2 48 - 0.46 23.08 849556
aoULAV 56e5 2 48 - 0.45 24.33 849560
aoD2AG 56e5 2 48 - 0.74 35.05 1242436
aoD2SG 56e5 2 48 - 0.80 40.02 1286284
dry 32e5 2 143 - 0.05 0.26 92676
aoDLAV 32e5 2 143 - 0.27 12.07 493324
aoULAV 32e5 2 143 - 0.27 12.85 493336
aoD2AG 32e5 2 143 - 0.42 18.48 718792
aoD2SG 32e5 2 143 - 0.41 21.22 743320
dry 32e5 2 64 - 0.06 0.25 92676
aoDLAV 32e5 2 64 - 0.27 12.02 493356
aoULAV 32e5 2 64 - 0.25 12.87 493336
aoD2AG 32e5 2 64 - 0.42 18.55 717344
aoD2SG 32e5 2 64 - 0.42 21.19 743296
dry 1e7 10 4 - 0.43 1.38 850512
aoDLAV 1e7 10 4 - 2.05 5028.04 3533956
aoULAV 1e7 10 4 - 2.63 4833.05 3533960
aoD2AG 1e7 10 4 - 3.52 4799.09 4336068
aoD2SG 1e7 10 4 - 3.59 5809.74 4427308
dry 56e5 2 28 - 0.08 0.31 139544
aoDLAV 56e5 2 28 - 0.43 22.23 849556
aoULAV 56e5 2 28 - 0.40 24.82 849556
aoD2AG 56e5 2 28 - 0.74 34.03 1240908
aoD2SG 56e5 2 28 - 0.72 39.02 1286324
dry 56e5 2 46 - 0.08 0.32 139548
aoDLAV 56e5 2 46 - 0.44 22.33 849556
aoULAV 56e5 2 46 - 0.44 23.91 849556
aoD2AG 56e5 2 46 - 0.74 33.65 1241028
aoD2SG 56e5 2 46 - 0.77 38.79 1285292
dry 1e7 5 85 - 0.22 0.80 459868
aoDLAV 1e7 5 85 - 1.03 208.53 2323016
aoULAV 1e7 5 85 - 1.07 211.16 2323016
aoD2AG 1e7 5 85 - 2.46 232.81 3065352
aoD2SG 1e7 5 85 - 2.63 279.68 3150520
dry 18e5 2 241 - 0.04 0.21 65324
aoDLAV 18e5 2 241 - 0.16 6.13 285512
aoULAV 18e5 2 241 - 0.16 6.56 285520
aoD2AG 18e5 2 241 - 0.27 9.53 412328
aoD2SG 18e5 2 241 - 0.26 10.84 426632
dry 1e7 2 193 - 0.12 0.44 225488
aoDLAV 1e7 2 193 - 0.75 43.45 1502684
aoULAV 1e7 2 193 - 0.77 46.11 1502688
aoD2AG 1e7 2 193 - 1.55 65.10 2203084
aoD2SG 1e7 2 193 - 1.65 75.34 2281844
dry 1e7 10 171 - 0.43 1.36 850512
aoDLAV 1e7 10 171 - 1.51 4791.81 3533956
aoULAV 1e7 10 171 - 2.39 4782.08 3533956
aoD2AG 1e7 10 171 - 3.56 4835.34 4337696
aoD2SG 1e7 10 171 - 3.68 5770.02 4428552
dry 1e7 10 172 - 0.40 1.38 850508
aoDLAV 1e7 10 172 - 1.62 4857.46 3534060
aoULAV 1e7 10 172 - 2.40 4795.03 3533952
aoD2AG 1e7 10 172 - 3.64 4874.20 4335172
aoD2SG 1e7 10 172 - 3.91 5968.45 4426240
dry 1e7 10 100 - 0.42 1.35 850508
aoDLAV 1e7 10 100 - 1.71 6235.52 3533956
aoULAV 1e7 10 100 - 2.39 4816.45 3533952
aoD2AG 1e7 10 100 - 3.55 4897.62 4336900
aoD2SG 1e7 10 100 - 3.59 5708.42 4425048
dry 1e7 10 194 - 0.40 1.38 850508
aoDLAV 1e7 10 194 - 1.54 4672.01 3533952
aoULAV 1e7 10 194 - 2.34 4697.05 3533956
aoD2AG 1e7 10 194 - 3.53 4837.82 4337572
aoD2SG 1e7 10 194 - 4.01 6731.13 4426232
dry 56e5 2 150 - 0.08 0.31 139544
aoDLAV 56e5 2 150 - 0.48 22.61 849556
aoULAV 56e5 2 150 - 0.46 24.05 849556
aoD2AG 56e5 2 150 - 0.72 34.23 1243016
aoD2SG 56e5 2 150 - 0.76 39.23 1288112
dry 1e7 2 213 - 0.12 0.43 225484
aoDLAV 1e7 2 213 - 0.78 43.94 1502688
aoULAV 1e7 2 213 - 0.72 47.08 1502736
aoD2AG 1e7 2 213 - 1.61 67.68 2203200
aoD2SG 1e7 2 213 - 1.81 77.48 2284732
dry 56e5 2 58 - 0.08 0.32 139544
aoDLAV 56e5 2 58 - 0.45 22.76 849556
aoULAV 56e5 2 58 - 0.46 24.24 849556
aoD2AG 56e5 2 58 - 0.76 34.81 1242704
aoD2SG 56e5 2 58 - 0.80 40.03 1286816
dry 18e5 2 176 - 0.04 0.21 65328
aoDLAV 18e5 2 176 - 0.17 6.49 285508
aoULAV 18e5 2 176 - 0.16 6.79 285520
aoD2AG 18e5 2 176 - 0.26 10.19 412328
aoD2SG 18e5 2 176 - 0.27 11.23 427528
dry 1e7 5 115 - 0.24 0.79 459868
aoDLAV 1e7 5 115 - 1.23 266.38 2323016
aoULAV 1e7 5 115 - 1.58 230.24 2323016
aoD2AG 1e7 5 115 - 2.51 238.97 3065044
aoD2SG 1e7 5 115 - 2.60 282.00 3149696
dry 1e7 10 214 - 0.43 1.37 850508
aoDLAV 1e7 10 214 - 1.57 4854.13 3533952
aoULAV 1e7 10 214 - 2.36 5848.22 3533956
aoD2AG 1e7 10 214 - 3.70 6360.91 4337832
aoD2SG 1e7 10 214 - 3.55 5834.52 4427964
