dry 18e3 2 143 - 0.02 0.12 26748
aoDLAV 18e3 2 143 - 0.03 0.18 30740
aoULAV 18e3 2 143 - 0.02 0.18 30740
aoD2AG 18e3 2 143 - 0.03 0.19 31804
aoD2SG 18e3 2 143 - 0.02 0.21 31816
moore 18e3 2 143 - 2.80 5006.51 9534980
nbpm 18e3 2 143 - 24.86 1976.74 25451056
greedy 18e3 2 143 - 19.45 1046.92 35458372
dry 1e8 2 157 - 1.15 3.01 1983300
aoDLAV 1e8 2 157 - 7.91 572.23 14862068
aoULAV 1e8 2 157 - 10.00 596.42 14862068
aoD2AG 1e8 2 157 - 18.76 889.46 21852700
aoD2SG 1e8 2 157 - 20.72 1058.10 22653272
dry 18e3 2 214 - 0.02 0.12 26752
aoDLAV 18e3 2 214 - 0.03 0.18 30740
aoULAV 18e3 2 214 - 0.03 0.18 30740
aoD2AG 18e3 2 214 - 0.03 0.19 31808
aoD2SG 18e3 2 214 - 0.03 0.20 31816
moore 18e3 2 214 - 3.34 5080.46 9534988
nbpm 18e3 2 214 - 25.54 1940.88 25451064
greedy 18e3 2 214 - 21.16 1083.38 35458364
dry 1e8 2 108 - 1.12 3.03 1983300
aoDLAV 1e8 2 108 - 8.20 601.94 14862068
aoULAV 1e8 2 108 - 10.92 628.36 14862068
aoD2AG 1e8 2 108 - 18.86 1080.49 21853224
aoD2SG 1e8 2 108 - 20.28 1047.23 22650608
dry 125e2 2 185 - 0.03 0.12 28352
aoDLAV 125e2 2 185 - 0.03 0.18 30708
aoULAV 125e2 2 185 - 0.03 0.17 30708
aoD2AG 125e2 2 185 - 0.04 0.18 31376
aoD2SG 125e2 2 185 - 0.02 0.19 31376
moore 125e2 2 185 - 1.58 1994.14 4611548
nbpm 125e2 2 185 - 11.84 679.38 12302328
greedy 125e2 2 185 - 9.76 458.67 17109968
dry 175e2 2 139 - 0.03 0.11 28684
aoDLAV 175e2 2 139 - 0.03 0.18 30716
aoULAV 175e2 2 139 - 0.03 0.19 30716
aoD2AG 175e2 2 139 - 0.03 0.20 31752
aoD2SG 175e2 2 139 - 0.03 0.21 31760
moore 175e2 2 139 - 2.71 4220.69 9014028
nbpm 175e2 2 139 - 21.08 1790.65 22863144
greedy 175e2 2 139 - 18.57 1026.50 33516976
dry 175e2 2 229 - 0.02 0.12 26732
aoDLAV 175e2 2 229 - 0.03 0.18 30716
aoULAV 175e2 2 229 - 0.03 0.18 30716
aoD2AG 175e2 2 229 - 0.03 0.20 31756
aoD2SG 175e2 2 229 - 0.03 0.21 31760
moore 175e2 2 229 - 2.85 5800.19 9014080
nbpm 175e2 2 229 - 21.28 1784.09 22863144
greedy 175e2 2 229 - 19.00 1144.80 33516980
dry 1e8 5 85 - 2.37 6.21 4327056
aoDLAV 1e8 5 85 - 10.96 2653.26 23065204
aoULAV 1e8 5 85 - 16.62 2684.88 23065204
aoD2AG 1e8 5 85 - 26.52 3002.26 30454628
aoD2SG 1e8 5 85 - 27.91 3417.87 31307624
dry 9e7 2 170 - 1.06 2.70 1787984
aoDLAV 9e7 2 170 - 7.03 499.46 13377688
aoULAV 9e7 2 170 - 9.52 533.96 13377684
aoD2AG 9e7 2 170 - 17.01 1061.41 19669792
aoD2SG 9e7 2 170 - 18.43 893.91 20386524
dry 8e7 2 166 - 0.80 2.42 1592676
aoDLAV 8e7 2 166 - 6.15 477.39 11893328
aoULAV 8e7 2 166 - 8.45 511.21 11893324
aoD2AG 8e7 2 166 - 14.28 712.08 17490168
aoD2SG 8e7 2 166 - 16.60 838.36 18128212
dry 2e4 5 117 - 0.03 0.12 27776
aoDLAV 2e4 5 117 - 0.03 0.28 32760
aoULAV 2e4 5 117 - 0.04 0.28 32768
aoD2AG 2e4 5 117 - 0.03 0.32 33344
aoD2SG 2e4 5 117 - 0.04 0.33 32864
moore 2e4 5 117 - 3.41 7799.47 11768080
nbpm 2e4 5 117 - 28.89 5470.37 34200496
greedy 2e4 5 117 - 24.36 1270.95 43774008
dry 175e2 2 105 - 0.03 0.11 26732
aoDLAV 175e2 2 105 - 0.04 0.18 30716
aoULAV 175e2 2 105 - 0.04 0.18 30720
aoD2AG 175e2 2 105 - 0.03 0.20 31752
aoD2SG 175e2 2 105 - 0.04 0.20 31808
moore 175e2 2 105 - 2.85 5122.19 9014032
nbpm 175e2 2 105 - 21.16 1786.42 22863144
greedy 175e2 2 105 - 18.49 939.13 33516976
dry 2e4 2 128 - 0.02 0.12 26832
aoDLAV 2e4 2 128 - 0.04 0.19 30808
aoULAV 2e4 2 128 - 0.03 0.19 30856
aoD2AG 2e4 2 128 - 0.03 0.21 32284
aoD2SG 2e4 2 128 - 0.03 0.22 32292
moore 2e4 2 128 - 3.58 6407.55 11765544
nbpm 2e4 2 128 - 28.76 2678.40 31402304
greedy 2e4 2 128 - 25.20 1297.46 43771044
dry 1e8 5 5 - 2.37 6.16 4327056
aoDLAV 1e8 5 5 - 11.49 2732.75 23065204
aoULAV 1e8 5 5 - 16.43 2829.49 23065208
aoD2AG 1e8 5 5 - 27.47 4114.93 30456892
aoD2SG 1e8 5 5 - 27.99 3486.24 31306752
dry 175e2 2 57 - 0.02 0.12 26736
aoDLAV 175e2 2 57 - 0.03 0.19 30720
aoULAV 175e2 2 57 - 0.02 0.20 30716
aoD2AG 175e2 2 57 - 0.04 0.20 31756
aoD2SG 175e2 2 57 - 0.03 0.22 31764
moore 175e2 2 57 - 2.95 6084.67 9014032
nbpm 175e2 2 57 - 21.53 2080.82 22863140
greedy 175e2 2 57 - 18.61 1028.77 33516976
dry 2e4 10 66 - 0.03 0.12 31172
aoDLAV 2e4 10 66 - 0.04 2.07 34836
aoULAV 2e4 10 66 - 0.04 1.95 34848
aoD2AG 2e4 10 66 - 0.03 1.99 36076
aoD2SG 2e4 10 66 - 0.04 2.26 36076
moore 2e4 10 66 - 3.95 7239.45 11770836
nbpm 2e4 10 66 - 34.06 5737.30 30880036
greedy 2e4 10 66 - 24.66 1285.95 43775820
dry 2e4 5 144 - 0.02 0.12 31012
aoDLAV 2e4 5 144 - 0.02 0.28 32756
aoULAV 2e4 5 144 - 0.02 0.29 32772
aoD2AG 2e4 5 144 - 0.03 0.31 33344
aoD2SG 2e4 5 144 - 0.03 0.33 32860
moore 2e4 5 144 - 3.73 8027.31 11768084
nbpm 2e4 5 144 - 29.48 4750.57 34200500
greedy 2e4 5 144 - 24.24 1315.86 43774004
dry 1e8 5 204 - 2.49 6.21 4327052
aoDLAV 1e8 5 204 - 11.65 3358.38 23065204
aoULAV 1e8 5 204 - 17.18 3499.61 23065204
aoD2AG 1e8 5 204 - 26.65 2886.00 30455028
aoD2SG 1e8 5 204 - 27.65 4451.11 31307124
dry 8e7 2 167 - 0.87 2.47 1592680
aoDLAV 8e7 2 167 - 6.18 484.13 11893324
aoULAV 8e7 2 167 - 8.29 514.76 11893324
aoD2AG 8e7 2 167 - 15.09 759.18 17486760
aoD2SG 8e7 2 167 - 15.78 791.13 18125748
dry 9e7 2 225 - 0.91 2.74 1787984
aoDLAV 9e7 2 225 - 7.40 553.73 13377684
aoULAV 9e7 2 225 - 10.02 704.06 13377688
aoD2AG 9e7 2 225 - 17.04 764.06 19673468
aoD2SG 9e7 2 225 - 18.55 891.93 20391680
dry 9e7 2 57 - 1.05 2.74 1787984
aoDLAV 9e7 2 57 - 7.38 511.49 13377684
aoULAV 9e7 2 57 - 9.01 577.94 13377684
aoD2AG 9e7 2 57 - 16.75 769.43 19672780
aoD2SG 9e7 2 57 - 19.47 992.64 20391344
dry 125e2 2 16 - 0.03 0.12 26532
aoDLAV 125e2 2 16 - 0.03 0.18 30708
aoULAV 125e2 2 16 - 0.03 0.18 30708
aoD2AG 125e2 2 16 - 0.03 0.19 31376
aoD2SG 125e2 2 16 - 0.03 0.19 31376
moore 125e2 2 16 - 1.64 1633.96 4611548
nbpm 125e2 2 16 - 12.73 686.27 12302332
greedy 125e2 2 16 - 10.65 469.29 17109964
dry 1e8 5 169 - 2.40 6.30 4327052
aoDLAV 1e8 5 169 - 12.42 2957.48 23065204
aoULAV 1e8 5 169 - 16.42 2641.25 23065204
aoD2AG 1e8 5 169 - 26.01 2856.19 30453416
aoD2SG 1e8 5 169 - 30.71 4108.95 31308816
dry 8e7 2 11 - 1.01 2.45 1592676
aoDLAV 8e7 2 11 - 6.45 463.94 11893324
aoULAV 8e7 2 11 - 8.51 519.67 11893328
aoD2AG 8e7 2 11 - 15.64 737.65 17488212
aoD2SG 8e7 2 11 - 16.45 874.77 18124560
dry 2e4 2 18 - 0.03 0.11 30532
aoDLAV 2e4 2 18 - 0.03 0.19 30808
aoULAV 2e4 2 18 - 0.03 0.20 30808
aoD2AG 2e4 2 18 - 0.02 0.21 32284
aoD2SG 2e4 2 18 - 0.03 0.22 32292
moore 2e4 2 18 - 4.04 8525.53 11765552
nbpm 2e4 2 18 - 29.02 2656.19 31402200
greedy 2e4 2 18 - 24.45 1247.54 43771040
dry 150e2 2 218 - 0.04 0.11 26632
aoDLAV 150e2 2 218 - 0.04 0.17 30824
aoULAV 150e2 2 218 - 0.03 0.19 30824
aoD2AG 150e2 2 218 - 0.04 0.19 31612
aoD2SG 150e2 2 218 - 0.03 0.20 31608
moore 150e2 2 218 - 2.12 2988.40 6629344
nbpm 150e2 2 218 - 14.97 1165.27 16814168
greedy 150e2 2 218 - 14.89 712.22 24630028
dry 150e2 2 64 - 0.03 0.11 28524
aoDLAV 150e2 2 64 - 0.04 0.17 30824
aoULAV 150e2 2 64 - 0.03 0.19 30824
aoD2AG 150e2 2 64 - 0.03 0.19 31608
aoD2SG 150e2 2 64 - 0.03 0.20 31608
moore 150e2 2 64 - 2.11 2892.69 6629344
nbpm 150e2 2 64 - 14.88 1135.85 16814168
greedy 150e2 2 64 - 13.63 676.27 24630028
dry 1e8 5 117 - 2.40 6.21 4327052
aoDLAV 1e8 5 117 - 11.58 3255.05 23065208
aoULAV 1e8 5 117 - 16.55 2590.85 23065204
aoD2AG 1e8 5 117 - 26.40 2878.29 30456044
aoD2SG 1e8 5 117 - 29.63 4377.12 31310120
dry 9e7 2 121 - 1.02 2.75 1787984
aoDLAV 9e7 2 121 - 7.52 522.40 13377688
aoULAV 9e7 2 121 - 9.43 553.06 13377684
aoD2AG 9e7 2 121 - 17.57 785.95 19670416
aoD2SG 9e7 2 121 - 18.17 933.82 20390468
dry 9e7 2 179 - 0.97 2.75 1787984
aoDLAV 9e7 2 179 - 7.29 529.33 13377684
aoULAV 9e7 2 179 - 9.64 575.65 13377688
aoD2AG 9e7 2 179 - 17.08 819.07 19672924
aoD2SG 9e7 2 179 - 17.47 943.16 20393460
dry 8e7 2 208 - 0.86 2.44 1592676
aoDLAV 8e7 2 208 - 6.61 469.58 11893328
aoULAV 8e7 2 208 - 8.64 483.35 11893324
aoD2AG 8e7 2 208 - 15.76 687.92 17486680
aoD2SG 8e7 2 208 - 17.94 817.01 18125924
dry 8e7 2 237 - 0.82 2.48 1592676
aoDLAV 8e7 2 237 - 6.58 482.45 11893328
aoULAV 8e7 2 237 - 8.49 509.14 11893324
aoD2AG 8e7 2 237 - 15.04 820.87 17487252
aoD2SG 8e7 2 237 - 15.80 789.14 18127828
dry 2e4 5 69 - 0.03 0.11 29192
aoDLAV 2e4 5 69 - 0.04 0.27 32756
aoULAV 2e4 5 69 - 0.04 0.27 32768
aoD2AG 2e4 5 69 - 0.04 0.30 33348
aoD2SG 2e4 5 69 - 0.03 0.34 32860
moore 2e4 5 69 - 3.51 7903.24 11768084
nbpm 2e4 5 69 - 29.42 5313.33 34200492
greedy 2e4 5 69 - 23.72 1278.05 43774004
dry 8e7 2 19 - 0.83 2.41 1592676
aoDLAV 8e7 2 19 - 6.14 450.13 11893324
aoULAV 8e7 2 19 - 8.35 471.98 11893324
aoD2AG 8e7 2 19 - 14.84 675.20 17486728
aoD2SG 8e7 2 19 - 16.03 801.06 18123612
dry 1e8 5 137 - 2.19 6.16 4327052
aoDLAV 1e8 5 137 - 11.23 2543.90 23065204
aoULAV 1e8 5 137 - 16.47 2590.83 23065204
aoD2AG 1e8 5 137 - 26.22 2907.30 30457260
