dry 175e2 2 119 - 0.02 0.12 26732
aoDLAV 175e2 2 119 - 0.02 0.18 30716
aoULAV 175e2 2 119 - 0.03 0.18 30716
aoD2AG 175e2 2 119 - 0.02 0.20 31752
aoD2SG 175e2 2 119 - 0.03 0.19 31756
moore 175e2 2 119 - 2.67 4312.95 9014028
nbpm 175e2 2 119 - 20.97 1863.68 22863148
greedy 175e2 2 119 - 16.96 948.86 33516976
dry 125e2 2 32 - 0.03 0.12 26536
aoDLAV 125e2 2 32 - 0.03 0.18 30708
aoULAV 125e2 2 32 - 0.03 0.18 30708
aoD2AG 125e2 2 32 - 0.03 0.19 31380
aoD2SG 125e2 2 32 - 0.03 0.19 31376
moore 125e2 2 32 - 1.53 1750.47 4611548
nbpm 125e2 2 32 - 11.25 690.58 12302328
greedy 125e2 2 32 - 9.18 445.56 17109968
dry 150e2 2 143 - 0.03 0.11 26628
aoDLAV 150e2 2 143 - 0.03 0.18 30824
aoULAV 150e2 2 143 - 0.03 0.18 30832
aoD2AG 150e2 2 143 - 0.03 0.19 31612
aoD2SG 150e2 2 143 - 0.03 0.19 31608
moore 150e2 2 143 - 2.09 3133.71 6629344
nbpm 150e2 2 143 - 15.26 1213.28 16814200
greedy 150e2 2 143 - 12.77 666.48 24630024
dry 2e4 10 58 - 0.03 0.11 30284
aoDLAV 2e4 10 58 - 0.04 1.70 34840
aoULAV 2e4 10 58 - 0.04 1.67 34848
aoD2AG 2e4 10 58 - 0.03 1.72 36076
aoD2SG 2e4 10 58 - 0.03 1.93 36080
moore 2e4 10 58 - 3.43 7559.98 11770836
nbpm 2e4 10 58 - 28.48 8451.99 30880044
greedy 2e4 10 58 - 24.20 1282.53 43775820
dry 18e3 2 184 - 0.02 0.12 26748
aoDLAV 18e3 2 184 - 0.03 0.19 30740
aoULAV 18e3 2 184 - 0.03 0.19 30740
aoD2AG 18e3 2 184 - 0.04 0.20 31804
aoD2SG 18e3 2 184 - 0.03 0.21 31812
moore 18e3 2 184 - 2.85 5276.73 9534976
nbpm 18e3 2 184 - 23.38 2010.87 25451056
greedy 18e3 2 184 - 19.93 978.76 35458412
dry 2e4 5 245 - 0.02 0.12 31012
aoDLAV 2e4 5 245 - 0.03 0.28 32756
aoULAV 2e4 5 245 - 0.03 0.29 32772
aoD2AG 2e4 5 245 - 0.03 0.32 33344
aoD2SG 2e4 5 245 - 0.04 0.35 32860
moore 2e4 5 245 - 3.42 7527.98 11768084
nbpm 2e4 5 245 - 28.85 5498.53 34200496
greedy 2e4 5 245 - 25.19 1295.39 43774004
dry 8e7 2 199 - 0.85 2.48 1592676
aoDLAV 8e7 2 199 - 6.45 462.06 11893324
aoULAV 8e7 2 199 - 7.78 494.97 11893324
aoD2AG 8e7 2 199 - 14.59 706.80 17488668
aoD2SG 8e7 2 199 - 15.61 854.01 18125436
dry 150e2 2 44 - 0.03 0.12 26628
aoDLAV 150e2 2 44 - 0.04 0.17 30828
aoULAV 150e2 2 44 - 0.03 0.18 30828
aoD2AG 150e2 2 44 - 0.03 0.20 31608
aoD2SG 150e2 2 44 - 0.03 0.19 31612
moore 150e2 2 44 - 2.16 3370.00 6629352
nbpm 150e2 2 44 - 14.78 1489.09 16814172
greedy 150e2 2 44 - 13.04 692.63 24630024
dry 18e3 2 219 - 0.03 0.11 26748
aoDLAV 18e3 2 219 - 0.02 0.19 30740
aoULAV 18e3 2 219 - 0.03 0.19 30744
aoD2AG 18e3 2 219 - 0.03 0.20 31804
aoD2SG 18e3 2 219 - 0.04 0.20 31828
moore 18e3 2 219 - 3.03 4349.08 9534976
nbpm 18e3 2 219 - 23.25 2158.65 25451056
greedy 18e3 2 219 - 19.85 1053.39 35458364
dry 2e4 10 202 - 0.03 0.12 30496
aoDLAV 2e4 10 202 - 0.05 1.72 34840
aoULAV 2e4 10 202 - 0.04 1.72 34848
aoD2AG 2e4 10 202 - 0.04 1.75 36120
aoD2SG 2e4 10 202 - 0.04 1.98 36080
moore 2e4 10 202 - 3.42 7397.43 11770836
nbpm 2e4 10 202 - 29.13 5698.54 30880036
greedy 2e4 10 202 - 23.77 1624.19 43775820
dry 150e2 2 25 - 0.03 0.11 26628
aoDLAV 150e2 2 25 - 0.03 0.17 30824
aoULAV 150e2 2 25 - 0.03 0.18 30828
aoD2AG 150e2 2 25 - 0.03 0.18 31608
aoD2SG 150e2 2 25 - 0.03 0.18 31608
moore 150e2 2 25 - 2.11 2944.04 6629348
nbpm 150e2 2 25 - 15.26 1159.07 16814168
greedy 150e2 2 25 - 15.63 708.79 24630084
dry 1e8 2 218 - 1.14 3.04 1983348
aoDLAV 1e8 2 218 - 8.32 598.52 14862072
aoULAV 1e8 2 218 - 10.66 629.66 14862068
aoD2AG 1e8 2 218 - 18.91 909.75 21854024
aoD2SG 1e8 2 218 - 20.08 1062.52 22650068
dry 1e8 2 55 - 1.04 3.03 1983296
aoDLAV 1e8 2 55 - 7.78 579.50 14862068
aoULAV 1e8 2 55 - 10.49 627.45 14862068
aoD2AG 1e8 2 55 - 18.73 915.74 21856152
aoD2SG 1e8 2 55 - 19.55 1069.27 22654888
dry 2e4 10 56 - 0.03 0.12 31276
aoDLAV 2e4 10 56 - 0.03 1.80 34836
aoULAV 2e4 10 56 - 0.04 1.70 34848
aoD2AG 2e4 10 56 - 0.04 1.72 36076
aoD2SG 2e4 10 56 - 0.04 1.94 36076
moore 2e4 10 56 - 3.50 6469.18 11770836
nbpm 2e4 10 56 - 33.70 5925.50 30880040
greedy 2e4 10 56 - 25.20 1268.58 43775820
dry 1e8 5 242 - 2.29 6.22 4327052
aoDLAV 1e8 5 242 - 11.53 3264.63 23065208
aoULAV 1e8 5 242 - 16.05 3236.86 23065204
aoD2AG 1e8 5 242 - 25.85 3465.48 30454092
aoD2SG 1e8 5 242 - 27.10 3551.09 31306996
dry 8e7 2 125 - 0.84 2.43 1592676
aoDLAV 8e7 2 125 - 6.27 451.05 11893324
aoULAV 8e7 2 125 - 8.34 635.93 11893328
aoD2AG 8e7 2 125 - 14.82 687.39 17486500
aoD2SG 8e7 2 125 - 15.67 827.45 18124996
dry 1e8 2 138 - 1.11 3.03 1983296
aoDLAV 1e8 2 138 - 8.43 590.27 14862068
aoULAV 1e8 2 138 - 10.39 632.46 14862072
aoD2AG 1e8 2 138 - 18.94 905.91 21853896
aoD2SG 1e8 2 138 - 19.40 1062.52 22653600
dry 1e8 2 164 - 1.13 2.97 1983296
aoDLAV 1e8 2 164 - 8.03 583.90 14862068
aoULAV 1e8 2 164 - 10.19 623.49 14862072
aoD2AG 1e8 2 164 - 19.07 906.40 21852832
aoD2SG 1e8 2 164 - 20.20 1060.37 22652620
dry 2e4 5 97 - 0.02 0.12 27780
aoDLAV 2e4 5 97 - 0.04 0.29 32756
aoULAV 2e4 5 97 - 0.03 0.30 32768
aoD2AG 2e4 5 97 - 0.04 0.33 33340
aoD2SG 2e4 5 97 - 0.03 0.36 32860
moore 2e4 5 97 - 3.62 6176.03 11768084
nbpm 2e4 5 97 - 28.36 4960.84 34200504
greedy 2e4 5 97 - 25.36 1302.97 43774004
dry 125e2 2 151 - 0.02 0.12 26532
aoDLAV 125e2 2 151 - 0.02 0.18 30708
aoULAV 125e2 2 151 - 0.03 0.17 30712
aoD2AG 125e2 2 151 - 0.02 0.19 31376
aoD2SG 125e2 2 151 - 0.02 0.20 31376
moore 125e2 2 151 - 1.63 1763.85 4611540
nbpm 125e2 2 151 - 11.79 694.33 12302316
greedy 125e2 2 151 - 10.64 571.59 17109964
dry 18e3 2 20 - 0.03 0.11 26748
aoDLAV 18e3 2 20 - 0.03 0.18 30740
aoULAV 18e3 2 20 - 0.02 0.19 30740
aoD2AG 18e3 2 20 - 0.03 0.20 31804
aoD2SG 18e3 2 20 - 0.03 0.20 31808
moore 18e3 2 20 - 2.85 5062.33 9534988
nbpm 18e3 2 20 - 23.68 1923.43 25451064
greedy 18e3 2 20 - 21.02 1024.78 35458368
dry 125e2 2 116 - 0.03 0.12 26532
aoDLAV 125e2 2 116 - 0.02 0.18 30708
aoULAV 125e2 2 116 - 0.03 0.17 30708
aoD2AG 125e2 2 116 - 0.03 0.19 31376
aoD2SG 125e2 2 116 - 0.03 0.19 31380
moore 125e2 2 116 - 1.55 1745.14 4611548
nbpm 125e2 2 116 - 11.28 666.42 12302328
greedy 125e2 2 116 - 9.10 442.41 17109964
dry 8e7 2 111 - 0.93 2.46 1592676
aoDLAV 8e7 2 111 - 6.83 468.49 11893328
aoULAV 8e7 2 111 - 8.60 505.77 11893328
aoD2AG 8e7 2 111 - 15.12 715.46 17489084
aoD2SG 8e7 2 111 - 16.07 838.29 18125460
dry 1e8 2 18 - 1.10 3.06 1983296
aoDLAV 1e8 2 18 - 7.90 618.59 14862068
aoULAV 1e8 2 18 - 10.93 654.27 14862128
aoD2AG 1e8 2 18 - 19.12 918.52 21854600
aoD2SG 1e8 2 18 - 20.10 1092.67 22652632
dry 2e4 10 33 - 0.03 0.12 31072
aoDLAV 2e4 10 33 - 0.04 1.63 34840
aoULAV 2e4 10 33 - 0.04 1.63 34888
aoD2AG 2e4 10 33 - 0.04 1.68 36080
aoD2SG 2e4 10 33 - 0.04 1.87 36076
moore 2e4 10 33 - 3.39 7301.55 11770836
nbpm 2e4 10 33 - 28.88 5844.70 30880036
greedy 2e4 10 33 - 23.99 1208.42 43775820
dry 8e7 2 97 - 0.84 2.40 1592680
aoDLAV 8e7 2 97 - 6.25 451.33 11893324
aoULAV 8e7 2 97 - 8.52 497.34 11893324
aoD2AG 8e7 2 97 - 14.79 695.23 17487092
aoD2SG 8e7 2 97 - 15.75 825.67 18127568
dry 1e8 5 157 - 2.27 6.27 4327052
aoDLAV 1e8 5 157 - 11.34 2632.07 23065204
aoULAV 1e8 5 157 - 16.75 2698.24 23065208
aoD2AG 1e8 5 157 - 26.52 4003.22 30456440
aoD2SG 1e8 5 157 - 27.82 3640.85 31313264
dry 2e4 10 137 - 0.03 0.12 30908
aoDLAV 2e4 10 137 - 0.03 1.60 34836
aoULAV 2e4 10 137 - 0.04 1.60 34848
aoD2AG 2e4 10 137 - 0.05 1.61 36076
aoD2SG 2e4 10 137 - 0.03 1.84 36080
moore 2e4 10 137 - 3.50 8641.97 11770836
nbpm 2e4 10 137 - 28.62 6332.51 30880044
greedy 2e4 10 137 - 24.13 1280.93 43775820
dry 1e8 2 204 - 1.11 3.05 1983296
aoDLAV 1e8 2 204 - 8.18 583.44 14862072
aoULAV 1e8 2 204 - 10.30 626.38 14862068
aoD2AG 1e8 2 204 - 19.59 886.35 21859528
aoD2SG 1e8 2 204 - 20.06 1043.64 22656220
dry 2e4 10 250 - 0.03 0.12 29408
aoDLAV 2e4 10 250 - 0.04 1.82 34836
aoULAV 2e4 10 250 - 0.04 1.85 34848
aoD2AG 2e4 10 250 - 0.04 1.87 36080
aoD2SG 2e4 10 250 - 0.03 2.09 36080
moore 2e4 10 250 - 3.33 7001.36 11770836
nbpm 2e4 10 250 - 29.74 5516.14 30880036
greedy 2e4 10 250 - 24.71 1353.00 43775820
dry 2e4 10 76 - 0.04 0.11 31228
aoDLAV 2e4 10 76 - 0.04 1.67 34836
aoULAV 2e4 10 76 - 0.04 1.68 34848
aoD2AG 2e4 10 76 - 0.04 1.70 36076
aoD2SG 2e4 10 76 - 0.04 1.92 36076
moore 2e4 10 76 - 3.53 6500.72 11770836
nbpm 2e4 10 76 - 29.09 7666.48 30880108
greedy 2e4 10 76 - 24.65 1344.04 43775820
dry 8e7 2 112 - 0.83 2.45 1592692
aoDLAV 8e7 2 112 - 6.25 594.45 11893328
aoULAV 8e7 2 112 - 8.42 497.95 11893324
aoD2AG 8e7 2 112 - 15.26 717.51 17487860
aoD2SG 8e7 2 112 - 15.99 845.01 18127584
dry 150e2 2 54 - 0.02 0.12 26628
aoDLAV 150e2 2 54 - 0.02 0.18 30824
aoULAV 150e2 2 54 - 0.03 0.18 30828
aoD2AG 150e2 2 54 - 0.03 0.19 31612
aoD2SG 150e2 2 54 - 0.03 0.20 31608
moore 150e2 2 54 - 2.14 3414.27 6629344
nbpm 150e2 2 54 - 14.92 1677.36 16814168
greedy 150e2 2 54 - 12.96 683.39 24630024
dry 150e2 2 103 - 0.02 0.12 26632
aoDLAV 150e2 2 103 - 0.03 0.18 30828
aoULAV 150e2 2 103 - 0.02 0.19 30828
aoD2AG 150e2 2 103 - 0.02 0.20 31612
aoD2SG 150e2 2 103 - 0.03 0.20 31608
moore 150e2 2 103 - 2.25 2945.69 6629352
nbpm 150e2 2 103 - 14.80 1163.41 16814172
greedy 150e2 2 103 - 13.51 677.31 24630028
dry 9e7 2 245 - 1.02 2.74 1787984
