dry 350e2 2 87 - 0.03 0.13 29084
aoDLAV 350e2 2 87 - 0.04 0.23 31484
aoULAV 350e2 2 87 - 0.04 0.25 32260
aoD2AG 350e2 2 87 - 0.04 0.26 34852
aoD2SG 350e2 2 87 - 0.04 0.27 35132
dry 300e2 2 229 - 0.03 0.13 27216
aoDLAV 300e2 2 229 - 0.03 0.23 31296
aoULAV 300e2 2 229 - 0.04 0.22 31896
aoD2AG 300e2 2 229 - 0.04 0.26 35060
aoD2SG 300e2 2 229 - 0.03 0.27 34724
dry 56e3 2 84 - 0.03 0.11 31236
aoDLAV 56e3 2 84 - 0.03 0.22 33476
aoULAV 56e3 2 84 - 0.04 0.25 34696
aoD2AG 56e3 2 84 - 0.05 0.33 37284
aoD2SG 56e3 2 84 - 0.04 0.27 37296
dry 275e2 2 115 - 0.03 0.10 27120
aoDLAV 275e2 2 115 - 0.03 0.17 31244
aoULAV 275e2 2 115 - 0.03 0.17 31568
aoD2AG 275e2 2 115 - 0.03 0.21 34696
aoD2SG 275e2 2 115 - 0.04 0.23 34808
dry 32e1 2 80 - 0.03 0.11 26000
aoDLAV 32e1 2 80 - 0.04 0.11 30200
aoULAV 32e1 2 80 - 0.03 0.13 30208
aoD2AG 32e1 2 80 - 0.03 0.14 30376
aoD2SG 32e1 2 80 - 0.03 0.12 30384
moore 32e1 2 80 - 0.03 0.72 33684
nbpm 32e1 2 80 - 0.09 2.15 58308
greedy 32e1 2 80 - 0.02 0.16 40976
dry 1e6 10 211 - 0.08 0.35 112232
aoDLAV 1e6 10 211 - 0.25 365.71 369996
aoULAV 1e6 10 211 - 1.50 412.68 369996
aoD2AG 1e6 10 211 - 0.38 519.98 448368
aoD2SG 1e6 10 211 - 0.36 420.00 456972
dry 350e2 2 102 - 0.02 0.12 27416
aoDLAV 350e2 2 102 - 0.03 0.22 31480
aoULAV 350e2 2 102 - 0.03 0.23 32260
aoD2AG 350e2 2 102 - 0.03 0.26 34848
aoD2SG 350e2 2 102 - 0.03 0.27 35136
dry 56e3 2 240 - 0.02 0.12 28236
aoDLAV 56e3 2 240 - 0.04 0.27 33476
aoULAV 56e3 2 240 - 0.04 0.28 34696
aoD2AG 56e3 2 240 - 0.03 0.36 37280
aoD2SG 56e3 2 240 - 0.04 0.38 37300
dry 1e6 2 11 - 0.04 0.19 49708
aoDLAV 1e6 2 11 - 0.11 3.66 178456
aoULAV 1e6 2 11 - 0.12 3.82 178460
aoD2AG 1e6 2 11 - 0.18 5.44 234592
aoD2SG 1e6 2 11 - 0.21 6.18 242528
dry 56e1 2 78 - 0.03 0.11 26008
aoDLAV 56e1 2 78 - 0.02 0.15 30220
aoULAV 56e1 2 78 - 0.03 0.14 30232
aoD2AG 56e1 2 78 - 0.03 0.14 30416
aoD2SG 56e1 2 78 - 0.02 0.15 30424
moore 56e1 2 78 - 0.04 1.23 39660
nbpm 56e1 2 78 - 0.09 2.89 78712
greedy 56e1 2 78 - 0.04 0.38 64132
dry 375e2 2 177 - 0.02 0.12 29112
aoDLAV 375e2 2 177 - 0.03 0.23 31784
aoULAV 375e2 2 177 - 0.03 0.24 32604
aoD2AG 375e2 2 177 - 0.03 0.27 35512
aoD2SG 375e2 2 177 - 0.03 0.28 35528
dry 375e2 2 158 - 0.03 0.12 29308
aoDLAV 375e2 2 158 - 0.03 0.23 31784
aoULAV 375e2 2 158 - 0.03 0.23 32600
aoD2AG 375e2 2 158 - 0.03 0.27 35516
aoD2SG 375e2 2 158 - 0.03 0.28 35532
dry 1e5 2 12 - 0.03 0.13 31148
aoDLAV 1e5 2 12 - 0.04 0.43 34800
aoULAV 1e5 2 12 - 0.04 0.44 35324
aoD2AG 1e5 2 12 - 0.04 0.56 42608
aoD2SG 1e5 2 12 - 0.03 0.63 43800
dry 1e5 10 36 - 0.03 0.18 38396
aoDLAV 1e5 10 36 - 0.05 20.91 53536
aoULAV 1e5 10 36 - 0.05 20.73 55312
aoD2AG 1e5 10 36 - 0.06 20.08 62588
aoD2SG 1e5 10 36 - 0.06 23.52 66832
dry 18e1 2 36 - 0.03 0.11 26008
aoDLAV 18e1 2 36 - 0.02 0.14 30184
aoULAV 18e1 2 36 - 0.03 0.14 30196
aoD2AG 18e1 2 36 - 0.02 0.15 30356
aoD2SG 18e1 2 36 - 0.04 0.13 30364
moore 18e1 2 36 - 0.03 0.20 30500
nbpm 18e1 2 36 - 0.08 2.13 54444
greedy 18e1 2 36 - 0.02 0.16 33348
dry 275e2 2 8 - 0.02 0.12 27124
aoDLAV 275e2 2 8 - 0.03 0.21 31240
aoULAV 275e2 2 8 - 0.02 0.22 31572
aoD2AG 275e2 2 8 - 0.03 0.24 34696
aoD2SG 275e2 2 8 - 0.02 0.25 34812
dry 1e5 2 228 - 0.02 0.13 31308
aoDLAV 1e5 2 228 - 0.04 0.45 34800
aoULAV 1e5 2 228 - 0.03 0.50 35320
aoD2AG 1e5 2 228 - 0.04 0.55 42596
aoD2SG 1e5 2 228 - 0.04 0.62 43804
dry 375e2 2 41 - 0.02 0.12 27516
aoDLAV 375e2 2 41 - 0.03 0.25 31784
aoULAV 375e2 2 41 - 0.03 0.24 32604
aoD2AG 375e2 2 41 - 0.03 0.28 35524
aoD2SG 375e2 2 41 - 0.03 0.30 35528
dry 1e1 2 4 - 0.01 0.12 25992
aoDLAV 1e1 2 4 - 0.03 0.13 30160
aoULAV 1e1 2 4 - 0.03 0.13 30172
aoD2AG 1e1 2 4 - 0.03 0.13 30316
aoD2SG 1e1 2 4 - 0.02 0.14 30316
moore 1e1 2 4 - 0.03 0.18 30476
nbpm 1e1 2 4 - 0.07 2.16 49820
greedy 1e1 2 4 - 0.03 0.14 30124
dry 1e3 5 181 - 0.02 0.12 26056
aoDLAV 1e3 5 181 - 0.03 0.15 30428
aoULAV 1e3 5 181 - 0.03 0.14 30436
aoD2AG 1e3 5 181 - 0.02 0.15 30752
aoD2SG 1e3 5 181 - 0.02 0.14 30760
moore 1e3 5 181 - 0.04 3.00 59828
nbpm 1e3 5 181 - 0.13 4.52 129244
greedy 1e3 5 181 - 0.07 1.05 139388
dry 350e2 2 122 - 0.03 0.11 27416
aoDLAV 350e2 2 122 - 0.02 0.23 31480
aoULAV 350e2 2 122 - 0.03 0.22 32264
aoD2AG 350e2 2 122 - 0.03 0.25 34852
aoD2SG 350e2 2 122 - 0.04 0.26 35132
dry 225e2 2 80 - 0.02 0.11 26920
aoDLAV 225e2 2 80 - 0.02 0.19 30984
aoULAV 225e2 2 80 - 0.02 0.20 30996
aoD2AG 225e2 2 80 - 0.03 0.21 33368
aoD2SG 225e2 2 80 - 0.03 0.22 33468
dry 1e2 10 6 - 0.02 0.12 26004
aoDLAV 1e2 10 6 - 0.02 0.14 30260
aoULAV 1e2 10 6 - 0.03 0.14 30272
aoD2AG 1e2 10 6 - 0.02 0.15 30440
aoD2SG 1e2 10 6 - 0.03 0.14 30448
moore 1e2 10 6 - 0.03 0.21 30500
nbpm 1e2 10 6 - 0.07 2.18 53076
greedy 1e2 10 6 - 0.03 0.14 30972
dry 325e2 2 123 - 0.02 0.12 27316
aoDLAV 325e2 2 123 - 0.03 0.23 31372
aoULAV 325e2 2 123 - 0.03 0.22 32084
aoD2AG 325e2 2 123 - 0.03 0.26 35000
aoD2SG 325e2 2 123 - 0.03 0.28 34760
dry 56e3 2 195 - 0.03 0.12 29796
aoDLAV 56e3 2 195 - 0.03 0.28 33480
aoULAV 56e3 2 195 - 0.04 0.29 34696
aoD2AG 56e3 2 195 - 0.03 0.35 37284
aoD2SG 56e3 2 195 - 0.03 0.37 37300
dry 56e1 2 155 - 0.02 0.12 26008
aoDLAV 56e1 2 155 - 0.03 0.14 30220
aoULAV 56e1 2 155 - 0.03 0.14 30232
aoD2AG 56e1 2 155 - 0.02 0.15 30416
aoD2SG 56e1 2 155 - 0.03 0.14 30424
moore 56e1 2 155 - 0.03 1.43 39664
nbpm 56e1 2 155 - 0.09 2.91 78716
greedy 56e1 2 155 - 0.04 0.39 64108
dry 1e5 5 57 - 0.03 0.13 34480
aoDLAV 1e5 5 57 - 0.05 1.61 41828
aoULAV 1e5 5 57 - 0.04 1.63 43572
aoD2AG 1e5 5 57 - 0.04 1.80 53556
aoD2SG 1e5 5 57 - 0.04 1.96 53208
dry 1e2 5 27 - 0.02 0.12 26000
aoDLAV 1e2 5 27 - 0.02 0.14 30212
aoULAV 1e2 5 27 - 0.02 0.15 30228
aoD2AG 1e2 5 27 - 0.02 0.14 30384
aoD2SG 1e2 5 27 - 0.03 0.13 30388
moore 1e2 5 27 - 0.02 0.21 30496
nbpm 1e2 5 27 - 0.06 2.16 53016
greedy 1e2 5 27 - 0.02 0.14 30924
dry 1e1 2 61 - 0.02 0.11 25992
aoDLAV 1e1 2 61 - 0.03 0.14 30160
aoULAV 1e1 2 61 - 0.03 0.14 30172
aoD2AG 1e1 2 61 - 0.02 0.14 30324
aoD2SG 1e1 2 61 - 0.02 0.15 30328
moore 1e1 2 61 - 0.03 0.18 30476
nbpm 1e1 2 61 - 0.07 2.16 49812
greedy 1e1 2 61 - 0.02 0.15 30124
dry 18e4 2 59 - 0.03 0.13 33104
aoDLAV 18e4 2 59 - 0.06 0.78 47868
aoULAV 18e4 2 59 - 0.05 0.79 47860
aoD2AG 18e4 2 59 - 0.06 1.03 58640
aoD2SG 18e4 2 59 - 0.06 1.11 59772
dry 56e1 2 141 - 0.02 0.12 26008
aoDLAV 56e1 2 141 - 0.03 0.14 30224
aoULAV 56e1 2 141 - 0.03 0.13 30232
aoD2AG 56e1 2 141 - 0.02 0.15 30420
aoD2SG 56e1 2 141 - 0.03 0.14 30424
moore 56e1 2 141 - 0.03 3.25 39652
nbpm 56e1 2 141 - 0.13 2.93 78704
greedy 56e1 2 141 - 0.05 0.39 64108
dry 56e4 2 197 - 0.04 0.18 41108
aoDLAV 56e4 2 197 - 0.09 2.02 107988
aoULAV 56e4 2 197 - 0.09 2.05 107984
aoD2AG 56e4 2 197 - 0.12 2.83 139520
aoD2SG 56e4 2 197 - 0.13 3.24 144492
dry 225e2 2 57 - 0.03 0.11 26920
aoDLAV 225e2 2 57 - 0.03 0.20 30984
aoULAV 225e2 2 57 - 0.02 0.21 30992
aoD2AG 225e2 2 57 - 0.03 0.22 33368
aoD2SG 225e2 2 57 - 0.04 0.21 33464
dry 350e2 2 44 - 0.03 0.11 30832
aoDLAV 350e2 2 44 - 0.03 0.24 31480
aoULAV 350e2 2 44 - 0.04 0.22 32260
aoD2AG 350e2 2 44 - 0.03 0.26 34848
aoD2SG 350e2 2 44 - 0.03 0.29 35136
dry 32e4 2 105 - 0.04 0.16 36424
aoDLAV 32e4 2 105 - 0.07 1.29 70828
aoULAV 32e4 2 105 - 0.06 1.27 70840
aoD2AG 32e4 2 105 - 0.07 1.78 88244
aoD2SG 32e4 2 105 - 0.06 1.97 90928
dry 1e5 5 72 - 0.03 0.14 34476
aoDLAV 1e5 5 72 - 0.04 1.62 41816
aoULAV 1e5 5 72 - 0.04 1.64 43568
aoD2AG 1e5 5 72 - 0.05 1.71 53564
aoD2SG 1e5 5 72 - 0.05 2.40 53204
dry 400e2 2 8 - 0.02 0.12 27616
aoDLAV 400e2 2 8 - 0.03 0.24 32236
aoULAV 400e2 2 8 - 0.03 0.24 33112
aoD2AG 400e2 2 8 - 0.04 0.26 36072
aoD2SG 400e2 2 8 - 0.04 0.29 35924
dry 1e5 5 67 - 0.03 0.14 34480
aoDLAV 1e5 5 67 - 0.04 1.55 41816
aoULAV 1e5 5 67 - 0.04 1.59 43568
aoD2AG 1e5 5 67 - 0.05 2.03 53560
aoD2SG 1e5 5 67 - 0.05 1.98 53200
dry 56e4 2 59 - 0.03 0.18 41104
aoDLAV 56e4 2 59 - 0.08 1.89 107984
aoULAV 56e4 2 59 - 0.11 2.22 107988
aoD2AG 56e4 2 59 - 0.13 3.51 139920
aoD2SG 56e4 2 59 - 0.11 3.21 144692
dry 300e2 2 102 - 0.02 0.12 27220
aoDLAV 300e2 2 102 - 0.04 0.20 31296
aoULAV 300e2 2 102 - 0.03 0.20 31892
aoD2AG 300e2 2 102 - 0.02 0.24 35060
aoD2SG 300e2 2 102 - 0.02 0.25 34716
dry 5e4 5 136 - 0.02 0.14 31580
aoDLAV 5e4 5 136 - 0.03 0.79 34708
aoULAV 5e4 5 136 - 0.04 0.77 34704
aoD2AG 5e4 5 136 - 0.03 0.74 37724
aoD2SG 5e4 5 136 - 0.04 0.94 37936
dry 1e3 2 214 - 0.02 0.12 26020
aoDLAV 1e3 2 214 - 0.03 0.14 30284
aoULAV 1e3 2 214 - 0.03 0.14 30292
aoD2AG 1e3 2 214 - 0.03 0.14 30548
aoD2SG 1e3 2 214 - 0.03 0.14 30568
moore 1e3 2 214 - 0.04 4.53 59768
nbpm 1e3 2 214 - 0.15 4.15 138552
greedy 1e3 2 214 - 0.09 1.06 139244
dry 1e3 5 128 - 0.03 0.12 27952
aoDLAV 1e3 5 128 - 0.04 0.14 30428
aoULAV 1e3 5 128 - 0.03 0.15 30436
aoD2AG 1e3 5 128 - 0.04 0.15 30772
aoD2SG 1e3 5 128 - 0.03 0.16 30752
moore 1e3 5 128 - 0.06 2.31 59828
nbpm 1e3 5 128 - 0.18 4.67 129244
greedy 1e3 5 128 - 0.09 1.09 139388
dry 375e2 2 212 - 0.03 0.12 27520
aoDLAV 375e2 2 212 - 0.03 0.24 31784
aoULAV 375e2 2 212 - 0.05 0.23 32604
aoD2AG 375e2 2 212 - 0.04 0.28 35516
aoD2SG 375e2 2 212 - 0.05 0.28 35528
dry 1e2 5 77 - 0.03 0.11 25996
aoDLAV 1e2 5 77 - 0.04 0.13 30212
aoULAV 1e2 5 77 - 0.02 0.15 30224
aoD2AG 1e2 5 77 - 0.03 0.14 30384
aoD2SG 1e2 5 77 - 0.03 0.14 30388
moore 1e2 5 77 - 0.04 0.20 30492
nbpm 1e2 5 77 - 0.06 2.21 53048
greedy 1e2 5 77 - 0.03 0.14 30920
dry 32e3 2 180 - 0.03 0.11 27296
aoDLAV 32e3 2 180 - 0.03 0.22 31436
aoULAV 32e3 2 180 - 0.03 0.21 32148
aoD2AG 32e3 2 180 - 0.03 0.24 35024
aoD2SG 32e3 2 180 - 0.03 0.26 34788
dry 325e2 2 230 - 0.02 0.12 27316
aoDLAV 325e2 2 230 - 0.03 0.22 31372
aoULAV 325e2 2 230 - 0.02 0.24 32088
aoD2AG 325e2 2 230 - 0.03 0.24 35004
aoD2SG 325e2 2 230 - 0.03 0.25 34760
dry 1e2 2 123 - 0.02 0.12 25996
aoDLAV 1e2 2 123 - 0.03 0.15 30168
aoULAV 1e2 2 123 - 0.03 0.13 30180
aoD2AG 1e2 2 123 - 0.03 0.13 30340
aoD2SG 1e2 2 123 - 0.03 0.14 30344
moore 1e2 2 123 - 0.03 0.21 30484
nbpm 1e2 2 123 - 0.07 2.09 53000
greedy 1e2 2 123 - 0.01 0.16 30884
dry 400e2 2 203 - 0.03 0.11 29164
aoDLAV 400e2 2 203 - 0.03 0.22 32236
aoULAV 400e2 2 203 - 0.03 0.23 33112
aoD2AG 400e2 2 203 - 0.03 0.26 36076
aoD2SG 400e2 2 203 - 0.03 0.29 35928
dry 400e2 2 227 - 0.02 0.12 29392
aoDLAV 400e2 2 227 - 0.03 0.26 32236
aoULAV 400e2 2 227 - 0.03 0.25 33112
aoD2AG 400e2 2 227 - 0.03 0.28 36068
aoD2SG 400e2 2 227 - 0.04 0.29 35924
dry 56e1 2 183 - 0.02 0.11 26008
aoDLAV 56e1 2 183 - 0.03 0.14 30220
aoULAV 56e1 2 183 - 0.02 0.14 30236
aoD2AG 56e1 2 183 - 0.03 0.14 30420
aoD2SG 56e1 2 183 - 0.03 0.15 30424
moore 56e1 2 183 - 0.04 0.99 39720
nbpm 56e1 2 183 - 0.09 3.05 78712
greedy 56e1 2 183 - 0.03 0.41 64104
dry 5e4 5 141 - 0.02 0.14 30816
aoDLAV 5e4 5 141 - 0.03 0.78 34704
aoULAV 5e4 5 141 - 0.03 0.79 34708
aoD2AG 5e4 5 141 - 0.04 0.84 37728
aoD2SG 5e4 5 141 - 0.04 0.91 37936
dry 18e4 2 23 - 0.03 0.14 33104
aoDLAV 18e4 2 23 - 0.04 0.73 47860
aoULAV 18e4 2 23 - 0.05 0.80 47864
aoD2AG 18e4 2 23 - 0.05 1.05 58640
aoD2SG 18e4 2 23 - 0.06 1.18 60428
dry 225e2 2 101 - 0.02 0.12 26920
aoDLAV 225e2 2 101 - 0.03 0.20 30984
aoULAV 225e2 2 101 - 0.03 0.21 30996
aoD2AG 225e2 2 101 - 0.03 0.22 33368
aoD2SG 225e2 2 101 - 0.03 0.23 33492
dry 1e6 5 163 - 0.06 0.28 73152
aoDLAV 1e6 5 163 - 0.26 20.00 252688
aoULAV 1e6 5 163 - 0.34 20.19 252692
aoD2AG 1e6 5 163 - 0.20 21.95 323828
aoD2SG 1e6 5 163 - 0.21 25.11 331604
dry 1e6 2 18 - 0.04 0.20 49708
aoDLAV 1e6 2 18 - 0.12 3.71 178456
aoULAV 1e6 2 18 - 0.12 3.86 178456
aoD2AG 1e6 2 18 - 0.16 5.65 234304
aoD2SG 1e6 2 18 - 0.20 6.59 242592
dry 56e1 2 47 - 0.03 0.11 26012
aoDLAV 56e1 2 47 - 0.03 0.14 30220
aoULAV 56e1 2 47 - 0.03 0.14 30232
aoD2AG 56e1 2 47 - 0.03 0.15 30420
aoD2SG 56e1 2 47 - 0.02 0.15 30424
moore 56e1 2 47 - 0.03 1.13 39680
nbpm 56e1 2 47 - 0.09 3.00 78700
greedy 56e1 2 47 - 0.05 0.40 64104
dry 32e3 2 173 - 0.02 0.12 27296
aoDLAV 32e3 2 173 - 0.03 0.22 31436
aoULAV 32e3 2 173 - 0.02 0.23 32148
aoD2AG 32e3 2 173 - 0.03 0.26 35020
aoD2SG 32e3 2 173 - 0.04 0.26 34784
dry 1e2 2 1 - 0.02 0.12 25996
aoDLAV 1e2 2 1 - 0.03 0.14 30172
aoULAV 1e2 2 1 - 0.03 0.15 30184
aoD2AG 1e2 2 1 - 0.03 0.14 30328
aoD2SG 1e2 2 1 - 0.02 0.15 30332
moore 1e2 2 1 - 0.02 0.21 30480
nbpm 1e2 2 1 - 0.06 2.20 53000
greedy 1e2 2 1 - 0.03 0.14 30884
dry 32e4 2 68 - 0.03 0.17 36428
aoDLAV 32e4 2 68 - 0.07 1.29 70828
aoULAV 32e4 2 68 - 0.05 1.22 70840
aoD2AG 32e4 2 68 - 0.07 1.67 88244
aoD2SG 32e4 2 68 - 0.08 1.87 90736
dry 1e3 5 51 - 0.03 0.11 26056
aoDLAV 1e3 5 51 - 0.03 0.14 30424
aoULAV 1e3 5 51 - 0.03 0.15 30436
aoD2AG 1e3 5 51 - 0.03 0.14 30768
aoD2SG 1e3 5 51 - 0.02 0.16 30780
moore 1e3 5 51 - 0.05 6.80 59800
nbpm 1e3 5 51 - 0.13 4.46 129244
greedy 1e3 5 51 - 0.09 0.99 139388
dry 1e2 2 240 - 0.02 0.12 25992
aoDLAV 1e2 2 240 - 0.03 0.13 30168
aoULAV 1e2 2 240 - 0.02 0.15 30180
aoD2AG 1e2 2 240 - 0.03 0.14 30328
aoD2SG 1e2 2 240 - 0.03 0.14 30332
moore 1e2 2 240 - 0.03 0.23 30480
nbpm 1e2 2 240 - 0.08 2.08 53000
greedy 1e2 2 240 - 0.03 0.14 30884
dry 1e3 10 41 - 0.03 0.11 26136
aoDLAV 1e3 10 41 - 0.03 0.15 30656
aoULAV 1e3 10 41 - 0.02 0.16 30664
aoD2AG 1e3 10 41 - 0.03 0.16 31056
aoD2SG 1e3 10 41 - 0.03 0.17 31072
moore 1e3 10 41 - 0.04 5.34 59840
nbpm 1e3 10 41 - 0.12 4.82 136140
greedy 1e3 10 41 - 0.07 1.00 139616
dry 1e5 2 61 - 0.02 0.14 31752
aoDLAV 1e5 2 61 - 0.03 0.45 34800
aoULAV 1e5 2 61 - 0.03 0.43 35320
aoD2AG 1e5 2 61 - 0.04 0.54 42600
aoD2SG 1e5 2 61 - 0.03 0.62 43804
dry 350e2 2 39 - 0.02 0.12 29288
aoDLAV 350e2 2 39 - 0.03 0.22 31480
aoULAV 350e2 2 39 - 0.03 0.22 32260
aoD2AG 350e2 2 39 - 0.03 0.25 34848
aoD2SG 350e2 2 39 - 0.03 0.27 35132
dry 32e4 2 15 - 0.03 0.16 36428
aoDLAV 32e4 2 15 - 0.05 1.29 70828
aoULAV 32e4 2 15 - 0.06 1.33 70844
aoD2AG 32e4 2 15 - 0.08 1.82 89040
aoD2SG 32e4 2 15 - 0.06 2.04 90788
dry 1e5 10 229 - 0.04 0.18 38400
aoDLAV 1e5 10 229 - 0.05 22.79 53540
aoULAV 1e5 10 229 - 0.04 22.35 55308
aoD2AG 1e5 10 229 - 0.06 22.70 62664
aoD2SG 1e5 10 229 - 0.05 25.76 66832
dry 250e2 2 161 - 0.03 0.11 28788
aoDLAV 250e2 2 161 - 0.02 0.20 31108
aoULAV 250e2 2 161 - 0.02 0.20 31212
aoD2AG 250e2 2 161 - 0.04 0.21 33864
aoD2SG 250e2 2 161 - 0.03 0.23 33964
dry 56e3 2 68 - 0.03 0.11 28236
aoDLAV 56e3 2 68 - 0.03 0.29 33476
aoULAV 56e3 2 68 - 0.03 0.30 34696
aoD2AG 56e3 2 68 - 0.03 0.37 37280
aoD2SG 56e3 2 68 - 0.03 0.42 37300
dry 1e1 2 229 - 0.02 0.11 25992
aoDLAV 1e1 2 229 - 0.02 0.14 30160
aoULAV 1e1 2 229 - 0.03 0.13 30172
aoD2AG 1e1 2 229 - 0.03 0.14 30316
aoD2SG 1e1 2 229 - 0.03 0.13 30320
moore 1e1 2 229 - 0.03 0.18 30480
nbpm 1e1 2 229 - 0.08 2.08 49816
greedy 1e1 2 229 - 0.03 0.13 30124
dry 1e2 2 125 - 0.02 0.11 25996
aoDLAV 1e2 2 125 - 0.03 0.14 30168
aoULAV 1e2 2 125 - 0.03 0.14 30180
aoD2AG 1e2 2 125 - 0.02 0.15 30328
aoD2SG 1e2 2 125 - 0.03 0.14 30340
moore 1e2 2 125 - 0.03 0.27 30480
nbpm 1e2 2 125 - 0.08 2.08 53000
greedy 1e2 2 125 - 0.03 0.14 30880
dry 1e3 2 2 - 0.03 0.11 26020
aoDLAV 1e3 2 2 - 0.03 0.14 30284
aoULAV 1e3 2 2 - 0.02 0.14 30296
aoD2AG 1e3 2 2 - 0.02 0.15 30536
aoD2SG 1e3 2 2 - 0.02 0.15 30552
moore 1e3 2 2 - 0.04 7.84 59768
nbpm 1e3 2 2 - 0.10 4.11 138552
greedy 1e3 2 2 - 0.08 1.05 139248
dry 32e4 2 231 - 0.03 0.16 36424
aoDLAV 32e4 2 231 - 0.06 1.19 70828
aoULAV 32e4 2 231 - 0.06 1.30 70844
aoD2AG 32e4 2 231 - 0.08 1.60 88580
aoD2SG 32e4 2 231 - 0.06 1.82 90872
dry 250e2 2 81 - 0.02 0.11 27024
aoDLAV 250e2 2 81 - 0.03 0.19 31108
aoULAV 250e2 2 81 - 0.03 0.19 31216
aoD2AG 250e2 2 81 - 0.03 0.21 33860
aoD2SG 250e2 2 81 - 0.02 0.23 33964
dry 1e3 10 167 - 0.02 0.11 26136
aoDLAV 1e3 10 167 - 0.03 0.16 30652
aoULAV 1e3 10 167 - 0.03 0.16 30664
aoD2AG 1e3 10 167 - 0.02 0.17 31048
aoD2SG 1e3 10 167 - 0.03 0.16 31068
moore 1e3 10 167 - 0.05 4.05 59840
nbpm 1e3 10 167 - 0.12 4.68 136140
greedy 1e3 10 167 - 0.08 1.01 139616
dry 5e4 10 66 - 0.04 0.13 33888
aoDLAV 5e4 10 66 - 0.04 7.23 40200
aoULAV 5e4 10 66 - 0.05 7.04 40200
aoD2AG 5e4 10 66 - 0.05 7.16 44984
aoD2SG 5e4 10 66 - 0.04 8.07 45004
dry 5e4 10 234 - 0.03 0.13 33888
aoDLAV 5e4 10 234 - 0.04 6.89 40200
aoULAV 5e4 10 234 - 0.04 7.01 40204
aoD2AG 5e4 10 234 - 0.04 6.96 44984
aoD2SG 5e4 10 234 - 0.05 7.89 44996
dry 325e2 2 216 - 0.03 0.11 29124
aoDLAV 325e2 2 216 - 0.02 0.22 31372
aoULAV 325e2 2 216 - 0.02 0.22 32108
aoD2AG 325e2 2 216 - 0.03 0.25 35008
aoD2SG 325e2 2 216 - 0.04 0.25 34764
dry 32e3 2 196 - 0.03 0.12 28992
aoDLAV 32e3 2 196 - 0.03 0.21 31436
aoULAV 32e3 2 196 - 0.03 0.22 32148
aoD2AG 32e3 2 196 - 0.03 0.27 35028
aoD2SG 32e3 2 196 - 0.03 0.28 34788
dry 56e3 2 244 - 0.02 0.12 28236
aoDLAV 56e3 2 244 - 0.03 0.27 33476
aoULAV 56e3 2 244 - 0.04 0.28 34696
aoD2AG 56e3 2 244 - 0.04 0.42 37284
aoD2SG 56e3 2 244 - 0.03 0.37 37344
dry 32e4 2 67 - 0.04 0.17 36424
aoDLAV 32e4 2 67 - 0.06 1.27 70828
aoULAV 32e4 2 67 - 0.06 1.33 70844
aoD2AG 32e4 2 67 - 0.08 1.76 88520
aoD2SG 32e4 2 67 - 0.07 2.00 90788
dry 18e4 2 55 - 0.03 0.14 33412
aoDLAV 18e4 2 55 - 0.04 0.79 47860
aoULAV 18e4 2 55 - 0.04 0.82 47864
aoD2AG 18e4 2 55 - 0.06 1.06 58648
aoD2SG 18e4 2 55 - 0.04 1.18 59972
dry 56e4 2 30 - 0.03 0.19 41108
aoDLAV 56e4 2 30 - 0.08 2.13 107988
aoULAV 56e4 2 30 - 0.09 2.26 107984
aoD2AG 56e4 2 30 - 0.14 3.16 139252
aoD2SG 56e4 2 30 - 0.15 3.57 143600
dry 1e2 5 15 - 0.02 0.12 25996
aoDLAV 1e2 5 15 - 0.02 0.14 30212
aoULAV 1e2 5 15 - 0.03 0.14 30236
aoD2AG 1e2 5 15 - 0.02 0.15 30384
aoD2SG 1e2 5 15 - 0.03 0.14 30392
moore 1e2 5 15 - 0.04 0.20 30492
nbpm 1e2 5 15 - 0.10 2.24 53016
greedy 1e2 5 15 - 0.03 0.14 30920
dry 5e4 5 103 - 0.03 0.13 30152
aoDLAV 5e4 5 103 - 0.03 0.79 34708
aoULAV 5e4 5 103 - 0.03 0.81 34704
aoD2AG 5e4 5 103 - 0.04 0.89 37728
aoD2SG 5e4 5 103 - 0.04 0.94 37936
dry 250e2 2 209 - 0.01 0.13 27024
aoDLAV 250e2 2 209 - 0.03 0.20 31108
aoULAV 250e2 2 209 - 0.03 0.20 31212
aoD2AG 250e2 2 209 - 0.03 0.22 33860
aoD2SG 250e2 2 209 - 0.03 0.24 33964
dry 1e5 5 202 - 0.03 0.13 34476
aoDLAV 1e5 5 202 - 0.04 1.42 41820
aoULAV 1e5 5 202 - 0.04 1.44 43572
aoD2AG 1e5 5 202 - 0.04 1.57 53560
aoD2SG 1e5 5 202 - 0.05 1.75 53204
dry 400e2 2 54 - 0.02 0.12 30928
aoDLAV 400e2 2 54 - 0.03 0.25 32236
aoULAV 400e2 2 54 - 0.02 0.26 33112
aoD2AG 400e2 2 54 - 0.03 0.30 36072
aoD2SG 400e2 2 54 - 0.03 0.31 35928
dry 56e4 2 180 - 0.03 0.19 41104
aoDLAV 56e4 2 180 - 0.08 2.20 107984
aoULAV 56e4 2 180 - 0.10 2.58 107984
aoD2AG 56e4 2 180 - 0.11 2.81 138576
aoD2SG 56e4 2 180 - 0.14 3.66 143236
dry 1e3 10 86 - 0.01 0.13 26140
aoDLAV 1e3 10 86 - 0.03 0.16 30652
aoULAV 1e3 10 86 - 0.02 0.17 30664
aoD2AG 1e3 10 86 - 0.02 0.17 31072
aoD2SG 1e3 10 86 - 0.02 0.17 31096
moore 1e3 10 86 - 0.05 3.53 59868
nbpm 1e3 10 86 - 0.12 5.20 136140
greedy 1e3 10 86 - 0.08 1.13 139616
dry 1e3 2 40 - 0.03 0.11 26024
aoDLAV 1e3 2 40 - 0.03 0.14 30280
aoULAV 1e3 2 40 - 0.02 0.14 30296
aoD2AG 1e3 2 40 - 0.03 0.14 30540
aoD2SG 1e3 2 40 - 0.02 0.15 30556
moore 1e3 2 40 - 0.04 3.54 59808
nbpm 1e3 2 40 - 0.14 3.91 138560
greedy 1e3 2 40 - 0.08 0.97 139244
dry 1e2 5 183 - 0.02 0.12 25996
aoDLAV 1e2 5 183 - 0.03 0.14 30212
aoULAV 1e2 5 183 - 0.02 0.15 30224
aoD2AG 1e2 5 183 - 0.03 0.14 30384
aoD2SG 1e2 5 183 - 0.03 0.14 30388
moore 1e2 5 183 - 0.02 0.20 30492
nbpm 1e2 5 183 - 0.08 2.08 53016
greedy 1e2 5 183 - 0.03 0.14 30920
dry 325e2 2 195 - 0.03 0.11 27316
aoDLAV 325e2 2 195 - 0.03 0.21 31376
aoULAV 325e2 2 195 - 0.02 0.22 32084
aoD2AG 325e2 2 195 - 0.04 0.25 35000
aoD2SG 325e2 2 195 - 0.04 0.25 34756
dry 56e4 2 221 - 0.04 0.17 41104
aoDLAV 56e4 2 221 - 0.06 2.17 107984
aoULAV 56e4 2 221 - 0.09 2.28 107984
aoD2AG 56e4 2 221 - 0.11 3.62 138812
aoD2SG 56e4 2 221 - 0.12 3.25 143680
dry 32e3 2 219 - 0.03 0.11 27300
aoDLAV 32e3 2 219 - 0.03 0.20 31436
aoULAV 32e3 2 219 - 0.03 0.21 32148
aoD2AG 32e3 2 219 - 0.03 0.23 35024
aoD2SG 32e3 2 219 - 0.03 0.25 34788
dry 1e5 2 99 - 0.03 0.13 31856
aoDLAV 1e5 2 99 - 0.04 0.41 34800
aoULAV 1e5 2 99 - 0.03 0.42 35320
aoD2AG 1e5 2 99 - 0.04 0.52 42600
aoD2SG 1e5 2 99 - 0.03 0.60 43996
dry 1e3 5 111 - 0.02 0.12 26060
aoDLAV 1e3 5 111 - 0.02 0.15 30424
aoULAV 1e3 5 111 - 0.03 0.14 30436
aoD2AG 1e3 5 111 - 0.03 0.15 30752
aoD2SG 1e3 5 111 - 0.02 0.16 30760
moore 1e3 5 111 - 0.04 4.89 59800
nbpm 1e3 5 111 - 0.12 4.68 129244
greedy 1e3 5 111 - 0.09 1.06 139388
dry 5e4 2 86 - 0.03 0.11 28004
aoDLAV 5e4 2 86 - 0.04 0.27 33008
aoULAV 5e4 2 86 - 0.03 0.28 33316
aoD2AG 5e4 2 86 - 0.03 0.32 36408
aoD2SG 5e4 2 86 - 0.03 0.34 36428
dry 350e2 2 50 - 0.03 0.11 27416
aoDLAV 350e2 2 50 - 0.02 0.23 31480
aoULAV 350e2 2 50 - 0.02 0.23 32256
aoD2AG 350e2 2 50 - 0.03 0.25 34848
aoD2SG 350e2 2 50 - 0.03 0.26 35132
dry 1e6 10 206 - 0.07 0.41 112236
aoDLAV 1e6 10 206 - 0.20 370.27 369884
aoULAV 1e6 10 206 - 0.30 352.54 369884
aoD2AG 1e6 10 206 - 0.39 351.37 446724
aoD2SG 1e6 10 206 - 0.47 420.05 457136
dry 1e6 10 92 - 0.07 0.39 112232
aoDLAV 1e6 10 92 - 0.19 356.26 369896
aoULAV 1e6 10 92 - 0.30 362.53 369888
aoD2AG 1e6 10 92 - 0.39 358.87 447768
aoD2SG 1e6 10 92 - 0.42 421.73 456336
dry 32e3 2 29 - 0.02 0.12 30764
aoDLAV 32e3 2 29 - 0.03 0.22 31436
aoULAV 32e3 2 29 - 0.03 0.22 32148
aoD2AG 32e3 2 29 - 0.04 0.24 35020
aoD2SG 32e3 2 29 - 0.03 0.26 34788
dry 1e5 5 117 - 0.03 0.14 34476
aoDLAV 1e5 5 117 - 0.04 1.56 41816
aoULAV 1e5 5 117 - 0.04 1.55 43572
aoD2AG 1e5 5 117 - 0.05 1.70 53564
aoD2SG 1e5 5 117 - 0.05 1.90 53564
dry 1e5 10 247 - 0.04 0.18 38396
aoDLAV 1e5 10 247 - 0.05 20.75 53540
aoULAV 1e5 10 247 - 0.05 21.07 55312
aoD2AG 1e5 10 247 - 0.05 21.49 62840
aoD2SG 1e5 10 247 - 0.05 24.43 66832
dry 56e4 2 37 - 0.04 0.19 41104
aoDLAV 56e4 2 37 - 0.07 2.05 107984
aoULAV 56e4 2 37 - 0.09 2.12 107984
aoD2AG 56e4 2 37 - 0.12 2.93 140140
aoD2SG 56e4 2 37 - 0.11 3.32 144880
dry 1e6 5 192 - 0.06 0.26 73152
aoDLAV 1e6 5 192 - 0.14 18.76 252692
aoULAV 1e6 5 192 - 0.16 18.80 252688
aoD2AG 1e6 5 192 - 0.22 20.96 325264
aoD2SG 1e6 5 192 - 0.22 24.44 331444
dry 5e4 2 41 - 0.03 0.11 29364
aoDLAV 5e4 2 41 - 0.03 0.27 33008
aoULAV 5e4 2 41 - 0.04 0.26 33316
aoD2AG 5e4 2 41 - 0.03 0.33 36408
aoD2SG 5e4 2 41 - 0.03 0.35 36424
dry 350e2 2 169 - 0.02 0.12 27420
aoDLAV 350e2 2 169 - 0.03 0.22 31484
aoULAV 350e2 2 169 - 0.03 0.23 32260
aoD2AG 350e2 2 169 - 0.03 0.25 34848
aoD2SG 350e2 2 169 - 0.04 0.27 35132
dry 250e2 2 225 - 0.03 0.11 30624
aoDLAV 250e2 2 225 - 0.03 0.20 31108
aoULAV 250e2 2 225 - 0.02 0.21 31212
aoD2AG 250e2 2 225 - 0.03 0.22 33864
aoD2SG 250e2 2 225 - 0.03 0.23 33960
dry 225e2 2 151 - 0.02 0.12 26924
aoDLAV 225e2 2 151 - 0.03 0.19 30980
aoULAV 225e2 2 151 - 0.04 0.19 30992
aoD2AG 225e2 2 151 - 0.02 0.22 33368
aoD2SG 225e2 2 151 - 0.03 0.22 33460
dry 225e2 2 27 - 0.03 0.11 26924
aoDLAV 225e2 2 27 - 0.03 0.19 31012
aoULAV 225e2 2 27 - 0.03 0.19 30996
aoD2AG 225e2 2 27 - 0.03 0.22 33372
aoD2SG 225e2 2 27 - 0.03 0.23 33464
dry 56e3 2 227 - 0.02 0.12 28248
aoDLAV 56e3 2 227 - 0.03 0.29 33476
aoULAV 56e3 2 227 - 0.04 0.29 34696
aoD2AG 56e3 2 227 - 0.03 0.37 37280
aoD2SG 56e3 2 227 - 0.04 0.39 37300
dry 56e3 2 119 - 0.03 0.11 29488
aoDLAV 56e3 2 119 - 0.03 0.29 33476
aoULAV 56e3 2 119 - 0.03 0.30 34696
aoD2AG 56e3 2 119 - 0.04 0.36 37280
aoD2SG 56e3 2 119 - 0.03 0.39 37296
dry 275e2 2 76 - 0.02 0.12 27120
aoDLAV 275e2 2 76 - 0.03 0.20 31240
aoULAV 275e2 2 76 - 0.03 0.21 31572
aoD2AG 275e2 2 76 - 0.04 0.23 34692
aoD2SG 275e2 2 76 - 0.03 0.25 34816
dry 325e2 2 145 - 0.02 0.12 27316
aoDLAV 325e2 2 145 - 0.02 0.23 31372
aoULAV 325e2 2 145 - 0.04 0.21 32084
aoD2AG 325e2 2 145 - 0.02 0.26 35004
aoD2SG 325e2 2 145 - 0.04 0.26 34760
dry 1e5 2 240 - 0.03 0.13 31196
aoDLAV 1e5 2 240 - 0.03 0.44 34808
aoULAV 1e5 2 240 - 0.04 0.45 35320
aoD2AG 1e5 2 240 - 0.04 0.58 42600
aoD2SG 1e5 2 240 - 0.05 0.64 43800
dry 1e6 5 143 - 0.06 0.27 73152
aoDLAV 1e6 5 143 - 0.16 19.31 252692
aoULAV 1e6 5 143 - 0.16 19.56 252692
aoD2AG 1e6 5 143 - 0.23 21.31 323572
aoD2SG 1e6 5 143 - 0.23 25.39 332656
dry 5e4 5 111 - 0.03 0.13 31532
aoDLAV 5e4 5 111 - 0.03 0.76 34708
aoULAV 5e4 5 111 - 0.03 0.72 34708
aoD2AG 5e4 5 111 - 0.04 0.76 37728
aoD2SG 5e4 5 111 - 0.03 0.93 37940
dry 18e4 2 146 - 0.02 0.14 33104
aoDLAV 18e4 2 146 - 0.05 0.76 47860
aoULAV 18e4 2 146 - 0.04 0.77 47864
aoD2AG 18e4 2 146 - 0.05 0.99 58640
aoD2SG 18e4 2 146 - 0.06 1.09 60380
dry 275e2 2 126 - 0.02 0.12 28940
aoDLAV 275e2 2 126 - 0.04 0.20 31244
aoULAV 275e2 2 126 - 0.03 0.20 31572
aoD2AG 275e2 2 126 - 0.02 0.23 34700
aoD2SG 275e2 2 126 - 0.03 0.24 34812
dry 375e2 2 213 - 0.02 0.12 29364
aoDLAV 375e2 2 213 - 0.03 0.23 31788
aoULAV 375e2 2 213 - 0.03 0.23 32600
aoD2AG 375e2 2 213 - 0.04 0.27 35520
aoD2SG 375e2 2 213 - 0.04 0.28 35528
dry 300e2 2 63 - 0.02 0.12 27216
aoDLAV 300e2 2 63 - 0.02 0.22 31300
aoULAV 300e2 2 63 - 0.03 0.21 31896
aoD2AG 300e2 2 63 - 0.03 0.24 35056
aoD2SG 300e2 2 63 - 0.02 0.26 34720
dry 1e5 5 49 - 0.03 0.13 34476
aoDLAV 1e5 5 49 - 0.04 1.55 41816
aoULAV 1e5 5 49 - 0.05 1.54 43572
aoD2AG 1e5 5 49 - 0.04 1.69 53564
aoD2SG 1e5 5 49 - 0.05 1.89 53204
dry 32e3 2 132 - 0.02 0.12 27296
aoDLAV 32e3 2 132 - 0.03 0.22 31436
aoULAV 32e3 2 132 - 0.04 0.21 32148
aoD2AG 32e3 2 132 - 0.03 0.24 35024
aoD2SG 32e3 2 132 - 0.03 0.26 34788
dry 1e5 5 193 - 0.03 0.13 34476
aoDLAV 1e5 5 193 - 0.03 1.54 41820
aoULAV 1e5 5 193 - 0.05 1.61 43572
aoD2AG 1e5 5 193 - 0.05 1.85 53568
aoD2SG 1e5 5 193 - 0.05 1.98 53204
dry 1e6 5 54 - 0.05 0.28 73156
aoDLAV 1e6 5 54 - 0.28 20.00 252688
aoULAV 1e6 5 54 - 0.12 18.69 252688
aoD2AG 1e6 5 54 - 0.19 20.46 323696
aoD2SG 1e6 5 54 - 0.21 24.04 333676
dry 225e2 2 16 - 0.02 0.12 28716
aoDLAV 225e2 2 16 - 0.03 0.19 30984
aoULAV 225e2 2 16 - 0.03 0.20 30992
aoD2AG 225e2 2 16 - 0.04 0.21 33368
aoD2SG 225e2 2 16 - 0.02 0.23 33464
dry 1e3 10 88 - 0.02 0.12 26140
aoDLAV 1e3 10 88 - 0.02 0.16 30652
aoULAV 1e3 10 88 - 0.03 0.16 30668
aoD2AG 1e3 10 88 - 0.02 0.17 31068
aoD2SG 1e3 10 88 - 0.03 0.16 31088
moore 1e3 10 88 - 0.04 5.45 59840
nbpm 1e3 10 88 - 0.13 5.37 136140
greedy 1e3 10 88 - 0.10 1.04 139616
dry 5e4 10 185 - 0.03 0.13 33892
aoDLAV 5e4 10 185 - 0.04 8.37 40204
aoULAV 5e4 10 185 - 0.04 8.03 40204
aoD2AG 5e4 10 185 - 0.05 7.85 44980
aoD2SG 5e4 10 185 - 0.04 9.09 44996
dry 56e4 2 3 - 0.04 0.18 41108
aoDLAV 56e4 2 3 - 0.08 2.15 107984
aoULAV 56e4 2 3 - 0.08 2.23 107988
aoD2AG 56e4 2 3 - 0.10 3.22 139844
aoD2SG 56e4 2 3 - 0.12 3.59 143252
dry 375e2 2 140 - 0.02 0.12 29328
aoDLAV 375e2 2 140 - 0.04 0.23 31788
aoULAV 375e2 2 140 - 0.03 0.24 32608
aoD2AG 375e2 2 140 - 0.03 0.28 35516
aoD2SG 375e2 2 140 - 0.04 0.29 35528
dry 1e2 2 34 - 0.02 0.12 25992
aoDLAV 1e2 2 34 - 0.03 0.14 30168
aoULAV 1e2 2 34 - 0.03 0.14 30180
aoD2AG 1e2 2 34 - 0.03 0.14 30336
aoD2SG 1e2 2 34 - 0.03 0.14 30340
moore 1e2 2 34 - 0.02 0.19 30488
nbpm 1e2 2 34 - 0.08 2.20 53012
greedy 1e2 2 34 - 0.03 0.14 30880
dry 1e5 2 47 - 0.03 0.13 32124
aoDLAV 1e5 2 47 - 0.03 0.47 34800
aoULAV 1e5 2 47 - 0.03 0.48 35324
aoD2AG 1e5 2 47 - 0.05 0.55 42596
aoD2SG 1e5 2 47 - 0.04 0.63 43800
dry 1e2 5 228 - 0.02 0.11 25996
aoDLAV 1e2 5 228 - 0.03 0.14 30216
aoULAV 1e2 5 228 - 0.03 0.14 30224
aoD2AG 1e2 5 228 - 0.02 0.15 30388
aoD2SG 1e2 5 228 - 0.02 0.15 30392
moore 1e2 5 228 - 0.03 0.21 30496
nbpm 1e2 5 228 - 0.06 2.18 53016
greedy 1e2 5 228 - 0.03 0.14 30920
dry 400e2 2 105 - 0.02 0.12 27616
aoDLAV 400e2 2 105 - 0.03 0.24 32240
aoULAV 400e2 2 105 - 0.03 0.24 33112
aoD2AG 400e2 2 105 - 0.04 0.28 36076
aoD2SG 400e2 2 105 - 0.02 0.31 35928
dry 32e3 2 169 - 0.02 0.12 27296
aoDLAV 32e3 2 169 - 0.03 0.22 31436
aoULAV 32e3 2 169 - 0.03 0.22 32148
aoD2AG 32e3 2 169 - 0.04 0.25 35020
aoD2SG 32e3 2 169 - 0.02 0.27 34788
dry 1e1 2 100 - 0.02 0.11 25996
aoDLAV 1e1 2 100 - 0.03 0.14 30172
aoULAV 1e1 2 100 - 0.02 0.15 30172
aoD2AG 1e1 2 100 - 0.03 0.14 30312
aoD2SG 1e1 2 100 - 0.03 0.14 30316
moore 1e1 2 100 - 0.03 0.18 30484
nbpm 1e1 2 100 - 0.08 2.15 49820
greedy 1e1 2 100 - 0.03 0.14 30124
dry 56e3 2 82 - 0.02 0.12 28236
aoDLAV 56e3 2 82 - 0.04 0.29 33476
aoULAV 56e3 2 82 - 0.03 0.30 34700
aoD2AG 56e3 2 82 - 0.04 0.36 37288
aoD2SG 56e3 2 82 - 0.03 0.40 37304
dry 56e4 2 236 - 0.04 0.18 41104
aoDLAV 56e4 2 236 - 0.06 2.16 107996
aoULAV 56e4 2 236 - 0.10 2.18 107984
aoD2AG 56e4 2 236 - 0.10 3.20 138564
aoD2SG 56e4 2 236 - 0.12 3.56 143580
dry 18e1 2 4 - 0.02 0.12 26004
aoDLAV 18e1 2 4 - 0.03 0.14 30184
aoULAV 18e1 2 4 - 0.02 0.14 30196
aoD2AG 18e1 2 4 - 0.03 0.14 30360
aoD2SG 18e1 2 4 - 0.03 0.14 30408
moore 18e1 2 4 - 0.03 0.20 30500
nbpm 18e1 2 4 - 0.09 2.18 54444
greedy 18e1 2 4 - 0.03 0.16 33348
dry 32e1 2 34 - 0.03 0.11 27952
aoDLAV 32e1 2 34 - 0.03 0.14 30200
aoULAV 32e1 2 34 - 0.03 0.13 30208
aoD2AG 32e1 2 34 - 0.03 0.14 30376
aoD2SG 32e1 2 34 - 0.03 0.14 30388
moore 32e1 2 34 - 0.03 0.90 33676
nbpm 32e1 2 34 - 0.08 2.38 58300
greedy 32e1 2 34 - 0.03 0.22 40972
dry 325e2 2 47 - 0.02 0.12 30780
aoDLAV 325e2 2 47 - 0.02 0.23 31372
aoULAV 325e2 2 47 - 0.02 0.23 32088
aoD2AG 325e2 2 47 - 0.03 0.25 35000
aoD2SG 325e2 2 47 - 0.03 0.28 34756
dry 1e5 10 5 - 0.03 0.18 38396
aoDLAV 1e5 10 5 - 0.12 22.70 53536
aoULAV 1e5 10 5 - 0.08 23.34 55308
aoD2AG 1e5 10 5 - 0.12 23.20 63176
aoD2SG 1e5 10 5 - 0.05 26.55 66832
dry 18e1 2 31 - 0.02 0.12 26004
aoDLAV 18e1 2 31 - 0.02 0.15 30188
aoULAV 18e1 2 31 - 0.03 0.14 30196
aoD2AG 18e1 2 31 - 0.03 0.15 30392
aoD2SG 18e1 2 31 - 0.03 0.14 30364
moore 18e1 2 31 - 0.03 0.30 30500
nbpm 18e1 2 31 - 0.07 2.22 54444
greedy 18e1 2 31 - 0.03 0.16 33348
dry 32e4 2 84 - 0.04 0.16 36428
aoDLAV 32e4 2 84 - 0.06 1.27 70828
aoULAV 32e4 2 84 - 0.06 1.34 70844
aoD2AG 32e4 2 84 - 0.07 1.88 89404
aoD2SG 32e4 2 84 - 0.08 2.03 92028
dry 225e2 2 195 - 0.02 0.12 26920
aoDLAV 225e2 2 195 - 0.03 0.19 30984
aoULAV 225e2 2 195 - 0.03 0.20 30992
aoD2AG 225e2 2 195 - 0.03 0.22 33372
aoD2SG 225e2 2 195 - 0.04 0.21 33460
dry 56e1 2 53 - 0.02 0.12 26008
aoDLAV 56e1 2 53 - 0.02 0.15 30220
aoULAV 56e1 2 53 - 0.03 0.14 30232
aoD2AG 56e1 2 53 - 0.03 0.14 30416
aoD2SG 56e1 2 53 - 0.03 0.14 30428
moore 56e1 2 53 - 0.03 0.95 39680
nbpm 56e1 2 53 - 0.10 2.99 78704
greedy 56e1 2 53 - 0.05 0.39 64104
dry 225e2 2 40 - 0.02 0.12 26920
aoDLAV 225e2 2 40 - 0.04 0.18 30984
aoULAV 225e2 2 40 - 0.02 0.20 30992
aoD2AG 225e2 2 40 - 0.03 0.22 33372
aoD2SG 225e2 2 40 - 0.02 0.23 33464
dry 1e3 2 163 - 0.02 0.12 26024
aoDLAV 1e3 2 163 - 0.02 0.15 30280
aoULAV 1e3 2 163 - 0.03 0.14 30292
aoD2AG 1e3 2 163 - 0.02 0.15 30540
aoD2SG 1e3 2 163 - 0.03 0.14 30560
moore 1e3 2 163 - 0.05 3.96 59788
nbpm 1e3 2 163 - 0.13 4.27 138552
greedy 1e3 2 163 - 0.07 1.11 139248
dry 1e2 10 69 - 0.02 0.12 26004
aoDLAV 1e2 10 69 - 0.03 0.14 30260
aoULAV 1e2 10 69 - 0.03 0.14 30272
aoD2AG 1e2 10 69 - 0.02 0.15 30444
aoD2SG 1e2 10 69 - 0.02 0.15 30448
moore 1e2 10 69 - 0.03 0.25 30496
nbpm 1e2 10 69 - 0.09 2.19 53076
greedy 1e2 10 69 - 0.03 0.15 30972
dry 5e4 2 203 - 0.03 0.12 28000
aoDLAV 5e4 2 203 - 0.03 0.26 33008
aoULAV 5e4 2 203 - 0.03 0.27 33312
aoD2AG 5e4 2 203 - 0.03 0.32 36404
aoD2SG 5e4 2 203 - 0.03 0.35 36424
dry 375e2 2 28 - 0.02 0.12 29080
aoDLAV 375e2 2 28 - 0.03 0.22 31784
aoULAV 375e2 2 28 - 0.03 0.22 32608
aoD2AG 375e2 2 28 - 0.03 0.26 35516
aoD2SG 375e2 2 28 - 0.03 0.27 35528
dry 1e5 10 238 - 0.02 0.18 38396
aoDLAV 1e5 10 238 - 0.04 19.83 53536
aoULAV 1e5 10 238 - 0.04 19.73 55308
aoD2AG 1e5 10 238 - 0.05 20.75 62648
aoD2SG 1e5 10 238 - 0.07 24.35 66832
dry 1e1 2 16 - 0.02 0.12 25996
aoDLAV 1e1 2 16 - 0.03 0.14 30164
aoULAV 1e1 2 16 - 0.02 0.15 30172
aoD2AG 1e1 2 16 - 0.03 0.14 30312
aoD2SG 1e1 2 16 - 0.02 0.14 30312
moore 1e1 2 16 - 0.02 0.19 30476
nbpm 1e1 2 16 - 0.06 2.18 49816
greedy 1e1 2 16 - 0.03 0.14 30124
dry 400e2 2 65 - 0.02 0.12 27616
aoDLAV 400e2 2 65 - 0.02 0.24 32240
aoULAV 400e2 2 65 - 0.03 0.24 33112
aoD2AG 400e2 2 65 - 0.03 0.28 36072
aoD2SG 400e2 2 65 - 0.03 0.30 35928
dry 1e1 2 243 - 0.02 0.12 25996
aoDLAV 1e1 2 243 - 0.03 0.14 30160
aoULAV 1e1 2 243 - 0.03 0.14 30172
aoD2AG 1e1 2 243 - 0.02 0.14 30320
aoD2SG 1e1 2 243 - 0.03 0.14 30320
moore 1e1 2 243 - 0.02 0.18 30480
nbpm 1e1 2 243 - 0.07 2.17 49820
greedy 1e1 2 243 - 0.03 0.14 30128
dry 1e1 2 153 - 0.03 0.11 25992
aoDLAV 1e1 2 153 - 0.03 0.14 30160
aoULAV 1e1 2 153 - 0.03 0.14 30172
aoD2AG 1e1 2 153 - 0.02 0.15 30320
aoD2SG 1e1 2 153 - 0.02 0.15 30328
moore 1e1 2 153 - 0.02 0.18 30476
nbpm 1e1 2 153 - 0.06 2.17 49812
greedy 1e1 2 153 - 0.02 0.14 30124
dry 1e2 2 27 - 0.01 0.12 25996
aoDLAV 1e2 2 27 - 0.03 0.14 30172
aoULAV 1e2 2 27 - 0.02 0.15 30180
aoD2AG 1e2 2 27 - 0.03 0.14 30328
aoD2SG 1e2 2 27 - 0.03 0.14 30332
moore 1e2 2 27 - 0.02 0.20 30492
nbpm 1e2 2 27 - 0.08 2.17 53012
greedy 1e2 2 27 - 0.02 0.15 30880
dry 1e3 10 155 - 0.02 0.12 26136
aoDLAV 1e3 10 155 - 0.03 0.16 30656
aoULAV 1e3 10 155 - 0.03 0.16 30664
aoD2AG 1e3 10 155 - 0.02 0.16 31068
aoD2SG 1e3 10 155 - 0.02 0.17 31144
moore 1e3 10 155 - 0.05 6.60 59840
nbpm 1e3 10 155 - 0.11 4.86 136140
greedy 1e3 10 155 - 0.08 1.07 139616
dry 1e3 5 71 - 0.02 0.12 26056
aoDLAV 1e3 5 71 - 0.03 0.14 30424
aoULAV 1e3 5 71 - 0.02 0.15 30436
aoD2AG 1e3 5 71 - 0.03 0.15 30736
aoD2SG 1e3 5 71 - 0.02 0.15 30760
moore 1e3 5 71 - 0.04 5.66 59800
nbpm 1e3 5 71 - 0.11 4.59 129244
greedy 1e3 5 71 - 0.08 1.01 139388
dry 1e3 5 100 - 0.02 0.12 26056
aoDLAV 1e3 5 100 - 0.03 0.14 30424
aoULAV 1e3 5 100 - 0.03 0.15 30436
aoD2AG 1e3 5 100 - 0.03 0.15 30736
aoD2SG 1e3 5 100 - 0.02 0.15 30764
moore 1e3 5 100 - 0.03 2.23 59828
nbpm 1e3 5 100 - 0.11 4.53 129248
greedy 1e3 5 100 - 0.08 1.04 139388
dry 1e2 10 93 - 0.02 0.12 26008
aoDLAV 1e2 10 93 - 0.03 0.14 30260
aoULAV 1e2 10 93 - 0.03 0.14 30284
aoD2AG 1e2 10 93 - 0.02 0.15 30444
aoD2SG 1e2 10 93 - 0.03 0.14 30452
moore 1e2 10 93 - 0.03 0.24 30496
nbpm 1e2 10 93 - 0.07 2.11 53076
greedy 1e2 10 93 - 0.03 0.14 30972
dry 5e4 10 38 - 0.02 0.14 33888
aoDLAV 5e4 10 38 - 0.04 6.90 40200
aoULAV 5e4 10 38 - 0.04 6.80 40200
aoD2AG 5e4 10 38 - 0.05 7.03 44984
aoD2SG 5e4 10 38 - 0.04 7.91 44996
dry 56e1 2 5 - 0.02 0.12 26008
aoDLAV 56e1 2 5 - 0.02 0.14 30220
aoULAV 56e1 2 5 - 0.03 0.14 30236
aoD2AG 56e1 2 5 - 0.03 0.14 30416
aoD2SG 56e1 2 5 - 0.03 0.14 30428
moore 56e1 2 5 - 0.03 1.51 39660
nbpm 56e1 2 5 - 0.09 2.87 78708
greedy 56e1 2 5 - 0.04 0.38 64148
dry 1e5 10 7 - 0.04 0.17 38396
aoDLAV 1e5 10 7 - 0.05 20.20 53536
aoULAV 1e5 10 7 - 0.05 25.32 55328
aoD2AG 1e5 10 7 - 0.06 22.78 62892
aoD2SG 1e5 10 7 - 0.05 25.70 66836
dry 1e3 2 240 - 0.02 0.12 26020
aoDLAV 1e3 2 240 - 0.02 0.15 30304
aoULAV 1e3 2 240 - 0.02 0.15 30292
aoD2AG 1e3 2 240 - 0.02 0.15 30540
aoD2SG 1e3 2 240 - 0.03 0.14 30564
moore 1e3 2 240 - 0.05 4.66 59892
nbpm 1e3 2 240 - 0.12 4.14 138556
greedy 1e3 2 240 - 0.08 1.06 139244
dry 1e5 10 140 - 0.03 0.18 38400
aoDLAV 1e5 10 140 - 0.05 23.57 53536
aoULAV 1e5 10 140 - 0.06 20.28 55308
aoD2AG 1e5 10 140 - 0.07 20.67 62620
aoD2SG 1e5 10 140 - 0.06 26.58 66832
dry 56e4 2 195 - 0.04 0.18 41108
aoDLAV 56e4 2 195 - 0.08 2.01 107984
aoULAV 56e4 2 195 - 0.08 2.09 107984
aoD2AG 56e4 2 195 - 0.12 3.21 139744
aoD2SG 56e4 2 195 - 0.12 3.65 144688
dry 18e4 2 4 - 0.02 0.14 33104
aoDLAV 18e4 2 4 - 0.04 0.79 47860
aoULAV 18e4 2 4 - 0.05 0.79 47864
aoD2AG 18e4 2 4 - 0.05 1.04 58644
aoD2SG 18e4 2 4 - 0.06 1.13 59880
dry 56e1 2 162 - 0.03 0.11 26012
aoDLAV 56e1 2 162 - 0.03 0.14 30220
aoULAV 56e1 2 162 - 0.03 0.14 30232
aoD2AG 56e1 2 162 - 0.02 0.15 30416
aoD2SG 56e1 2 162 - 0.02 0.15 30424
moore 56e1 2 162 - 0.03 1.97 39652
nbpm 56e1 2 162 - 0.10 2.99 78704
greedy 56e1 2 162 - 0.05 0.39 64108
dry 350e2 2 158 - 0.03 0.11 27416
aoDLAV 350e2 2 158 - 0.02 0.23 31480
aoULAV 350e2 2 158 - 0.03 0.23 32260
aoD2AG 350e2 2 158 - 0.03 0.27 34848
aoD2SG 350e2 2 158 - 0.03 0.29 35132
dry 1e5 10 75 - 0.04 0.17 38396
aoDLAV 1e5 10 75 - 0.05 20.54 53536
aoULAV 1e5 10 75 - 0.06 20.84 55340
aoD2AG 1e5 10 75 - 0.06 20.71 62764
aoD2SG 1e5 10 75 - 0.06 26.40 66832
dry 5e4 5 238 - 0.03 0.13 30760
aoDLAV 5e4 5 238 - 0.04 0.71 34708
aoULAV 5e4 5 238 - 0.04 0.77 34708
aoD2AG 5e4 5 238 - 0.04 0.83 37724
aoD2SG 5e4 5 238 - 0.04 0.91 37936
dry 1e6 10 24 - 0.09 0.39 112236
aoDLAV 1e6 10 24 - 0.20 428.64 369984
aoULAV 1e6 10 24 - 0.46 544.21 369888
aoD2AG 1e6 10 24 - 0.40 360.30 447636
aoD2SG 1e6 10 24 - 0.60 556.91 456312
dry 325e2 2 94 - 0.01 0.12 27316
aoDLAV 325e2 2 94 - 0.02 0.22 31372
aoULAV 325e2 2 94 - 0.02 0.22 32088
aoD2AG 325e2 2 94 - 0.03 0.24 35000
aoD2SG 325e2 2 94 - 0.03 0.26 34756
dry 1e6 10 112 - 0.07 0.40 112232
aoDLAV 1e6 10 112 - 0.20 378.68 369992
aoULAV 1e6 10 112 - 0.29 480.40 369892
aoD2AG 1e6 10 112 - 0.41 354.65 447924
aoD2SG 1e6 10 112 - 0.40 422.90 457396
