dry 75e2 2 157 - 0.02 0.11 26328
aoDLAV 75e2 2 157 - 0.02 0.15 31376
aoULAV 75e2 2 157 - 0.02 0.15 31392
aoD2AG 75e2 2 157 - 0.03 0.17 31380
aoD2SG 75e2 2 157 - 0.03 0.17 31380
moore 75e2 2 157 - 0.99 445.80 1688788
nbpm 75e2 2 157 - 4.31 159.88 4242128
greedy 75e2 2 157 - 3.55 156.20 6183092
dry 5e7 2 13 - 0.61 1.59 1006740
aoDLAV 5e7 2 13 - 4.06 300.02 7440196
aoULAV 5e7 2 13 - 5.06 301.56 7440192
aoD2AG 5e7 2 13 - 9.33 445.94 10939884
aoD2SG 5e7 2 13 - 9.97 525.74 11339396
dry 3e7 2 89 - 0.36 1.04 616104
aoDLAV 3e7 2 89 - 2.48 165.98 4471428
aoULAV 3e7 2 89 - 3.35 183.84 4471428
aoD2AG 3e7 2 89 - 5.20 259.51 6570548
aoD2SG 3e7 2 89 - 6.55 291.51 6811552
dry 32e6 2 29 - 0.37 1.09 655180
aoDLAV 32e6 2 29 - 2.86 175.21 4768328
aoULAV 32e6 2 29 - 3.64 187.88 4768328
aoD2AG 32e6 2 29 - 5.71 270.11 7007200
aoD2SG 32e6 2 29 - 6.81 309.89 7261272
dry 4e7 2 219 - 0.48 1.34 811424
aoDLAV 4e7 2 219 - 3.42 223.33 5955820
aoULAV 4e7 2 219 - 4.28 241.14 5955820
aoD2AG 4e7 2 219 - 7.96 367.84 8756236
aoD2SG 4e7 2 219 - 8.50 410.19 9073060
dry 5e7 2 14 - 0.59 1.62 1006736
aoDLAV 5e7 2 14 - 4.12 292.83 7440192
aoULAV 5e7 2 14 - 5.33 305.58 7440192
aoD2AG 5e7 2 14 - 9.59 433.14 10937328
aoD2SG 5e7 2 14 - 10.12 533.32 11335032
dry 1e4 5 203 - 0.03 0.12 26900
aoDLAV 1e4 5 203 - 0.03 0.22 31084
aoULAV 1e4 5 203 - 0.03 0.22 31096
aoD2AG 1e4 5 203 - 0.03 0.23 32108
aoD2SG 1e4 5 203 - 0.04 0.25 32108
moore 1e4 5 203 - 1.28 1110.27 2961736
nbpm 1e4 5 203 - 7.51 617.44 7811452
greedy 1e4 5 203 - 6.39 287.58 10959172
dry 50e2 2 21 - 0.02 0.12 26204
aoDLAV 50e2 2 21 - 0.04 0.15 30848
aoULAV 50e2 2 21 - 0.03 0.16 30864
aoD2AG 50e2 2 21 - 0.03 0.16 31776
aoD2SG 50e2 2 21 - 0.03 0.17 31856
moore 50e2 2 21 - 0.38 139.58 764620
nbpm 50e2 2 21 - 1.99 55.40 2011916
greedy 50e2 2 21 - 1.74 62.69 2764792
dry 75e2 2 122 - 0.03 0.12 26332
aoDLAV 75e2 2 122 - 0.03 0.16 31376
aoULAV 75e2 2 122 - 0.04 0.16 31392
aoD2AG 75e2 2 122 - 0.04 0.18 31380
aoD2SG 75e2 2 122 - 0.03 0.20 31380
moore 75e2 2 122 - 1.44 528.91 1688788
nbpm 75e2 2 122 - 4.26 157.48 4242120
greedy 75e2 2 122 - 3.97 152.20 6183092
dry 1e4 2 74 - 0.03 0.12 26432
aoDLAV 1e4 2 74 - 0.04 0.18 31868
aoULAV 1e4 2 74 - 0.04 0.18 31876
aoD2AG 1e4 2 74 - 0.03 0.19 31876
aoD2SG 1e4 2 74 - 0.04 0.19 31984
moore 1e4 2 74 - 1.24 985.62 2960576
nbpm 1e4 2 74 - 7.40 715.77 7889420
greedy 1e4 2 74 - 6.36 266.07 10968572
dry 3e7 2 186 - 0.37 1.05 616104
aoDLAV 3e7 2 186 - 2.68 173.14 4471428
aoULAV 3e7 2 186 - 3.21 177.78 4471428
aoD2AG 3e7 2 186 - 5.61 254.81 6571736
aoD2SG 3e7 2 186 - 6.50 371.38 6810148
dry 1e4 10 56 - 0.02 0.12 27692
aoDLAV 1e4 10 56 - 0.03 0.78 32768
aoULAV 1e4 10 56 - 0.03 0.75 32776
aoD2AG 1e4 10 56 - 0.03 0.73 32744
aoD2SG 1e4 10 56 - 0.02 0.79 34176
moore 1e4 10 56 - 1.22 860.63 2963852
nbpm 1e4 10 56 - 7.89 845.18 7764384
greedy 1e4 10 56 - 6.66 275.40 10961108
dry 2e7 2 237 - 0.27 0.77 420796
aoDLAV 2e7 2 237 - 1.72 104.04 2987068
aoULAV 2e7 2 237 - 2.32 112.53 2987068
aoD2AG 2e7 2 237 - 3.68 163.51 4387384
aoD2SG 2e7 2 237 - 4.35 208.30 4547368
dry 6e7 2 171 - 0.76 1.94 1202044
aoDLAV 6e7 2 171 - 4.93 443.35 8924564
aoULAV 6e7 2 171 - 6.98 388.09 8924560
aoD2AG 6e7 2 171 - 12.19 567.31 13119604
aoD2SG 6e7 2 171 - 12.80 638.36 13598284
dry 25e2 2 120 - 0.02 0.13 26080
aoDLAV 25e2 2 120 - 0.03 0.15 30452
aoULAV 25e2 2 120 - 0.03 0.15 30468
aoD2AG 25e2 2 120 - 0.03 0.15 30972
aoD2SG 25e2 2 120 - 0.03 0.15 31016
moore 25e2 2 120 - 0.13 18.46 213624
nbpm 25e2 2 120 - 0.53 12.42 541636
greedy 25e2 2 120 - 0.39 10.74 713664
dry 25e2 2 164 - 0.03 0.12 26080
aoDLAV 25e2 2 164 - 0.03 0.15 30452
aoULAV 25e2 2 164 - 0.03 0.15 30464
aoD2AG 25e2 2 164 - 0.03 0.15 30992
aoD2SG 25e2 2 164 - 0.03 0.15 31044
moore 25e2 2 164 - 0.09 23.17 213628
nbpm 25e2 2 164 - 0.50 12.45 541632
greedy 25e2 2 164 - 0.47 10.13 713664
dry 1e4 5 133 - 0.03 0.11 26904
aoDLAV 1e4 5 133 - 0.03 0.21 31084
aoULAV 1e4 5 133 - 0.03 0.21 31096
aoD2AG 1e4 5 133 - 0.03 0.22 32108
aoD2SG 1e4 5 133 - 0.03 0.23 32108
moore 1e4 5 133 - 1.16 960.18 2961740
nbpm 1e4 5 133 - 7.54 619.31 7811452
greedy 1e4 5 133 - 6.46 299.70 10959172
dry 7e7 2 228 - 0.79 2.21 1397356
aoDLAV 7e7 2 228 - 6.00 428.53 10408936
aoULAV 7e7 2 228 - 7.78 462.26 10408936
aoD2AG 7e7 2 228 - 13.62 645.41 15302876
aoD2SG 7e7 2 228 - 14.69 754.44 15863792
dry 7e7 2 27 - 0.77 2.22 1397356
aoDLAV 7e7 2 27 - 6.03 433.46 10408936
aoULAV 7e7 2 27 - 7.63 465.55 10408936
aoD2AG 7e7 2 27 - 13.46 653.35 15307996
aoD2SG 7e7 2 27 - 14.58 770.05 15865008
dry 4e7 2 189 - 0.56 1.36 811424
aoDLAV 4e7 2 189 - 3.62 233.47 5955820
aoULAV 4e7 2 189 - 4.71 243.21 5955820
aoD2AG 4e7 2 189 - 6.94 338.37 8755608
aoD2SG 4e7 2 189 - 8.39 401.56 9073604
dry 25e2 2 191 - 0.02 0.12 26084
aoDLAV 25e2 2 191 - 0.03 0.15 30452
aoULAV 25e2 2 191 - 0.03 0.15 30464
aoD2AG 25e2 2 191 - 0.04 0.14 30968
aoD2SG 25e2 2 191 - 0.03 0.16 31008
moore 25e2 2 191 - 0.10 41.97 213608
nbpm 25e2 2 191 - 0.55 13.18 541644
greedy 25e2 2 191 - 0.45 11.03 713664
dry 7e7 2 204 - 0.75 2.17 1397356
aoDLAV 7e7 2 204 - 5.81 420.38 10408936
aoULAV 7e7 2 204 - 7.98 463.41 10408940
aoD2AG 7e7 2 204 - 13.98 815.77 15303468
aoD2SG 7e7 2 204 - 14.68 838.78 15861008
dry 1e4 2 16 - 0.02 0.12 28352
aoDLAV 1e4 2 16 - 0.03 0.18 31864
aoULAV 1e4 2 16 - 0.03 0.17 31876
aoD2AG 1e4 2 16 - 0.03 0.17 31880
aoD2SG 1e4 2 16 - 0.03 0.18 31988
moore 1e4 2 16 - 1.13 1057.06 2960572
nbpm 1e4 2 16 - 7.73 401.76 7889420
greedy 1e4 2 16 - 6.95 357.15 10968568
dry 1e4 10 242 - 0.03 0.11 29720
aoDLAV 1e4 10 242 - 0.03 0.68 32764
aoULAV 1e4 10 242 - 0.03 0.67 32776
aoD2AG 1e4 10 242 - 0.03 0.70 32744
aoD2SG 1e4 10 242 - 0.03 0.77 34180
moore 1e4 10 242 - 1.15 1114.88 2963912
nbpm 1e4 10 242 - 7.60 721.21 7764384
greedy 1e4 10 242 - 6.21 285.43 10961112
dry 18e2 2 187 - 0.03 0.12 26052
aoDLAV 18e2 2 187 - 0.03 0.15 30372
aoULAV 18e2 2 187 - 0.02 0.15 30384
aoD2AG 18e2 2 187 - 0.03 0.15 30780
aoD2SG 18e2 2 187 - 0.03 0.15 30824
moore 18e2 2 187 - 0.07 16.88 125408
nbpm 18e2 2 187 - 0.21 8.43 334524
greedy 18e2 2 187 - 0.27 4.68 384352
dry 32e6 2 117 - 0.37 1.11 655180
aoDLAV 32e6 2 117 - 2.74 234.38 4768328
aoULAV 32e6 2 117 - 3.71 192.10 4768324
aoD2AG 32e6 2 117 - 6.43 273.06 7006428
aoD2SG 32e6 2 117 - 6.80 313.53 7262528
dry 32e2 2 225 - 0.02 0.13 26112
aoDLAV 32e2 2 225 - 0.03 0.16 30544
aoULAV 32e2 2 225 - 0.03 0.16 30552
aoD2AG 32e2 2 225 - 0.03 0.15 31196
aoD2SG 32e2 2 225 - 0.03 0.15 31252
moore 32e2 2 225 - 0.45 107.38 330516
nbpm 32e2 2 225 - 0.86 23.24 854752
greedy 32e2 2 225 - 0.59 19.60 1150164
dry 56e6 2 117 - 0.62 1.76 1123924
aoDLAV 56e6 2 117 - 4.73 322.12 8330816
aoULAV 56e6 2 117 - 6.48 347.68 8330816
aoD2AG 56e6 2 117 - 11.42 492.56 12245820
aoD2SG 56e6 2 117 - 12.11 598.67 12694904
dry 56e2 2 234 - 0.02 0.13 26236
aoDLAV 56e2 2 234 - 0.03 0.16 30976
aoULAV 56e2 2 234 - 0.03 0.16 30988
aoD2AG 56e2 2 234 - 0.03 0.18 31960
aoD2SG 56e2 2 234 - 0.03 0.17 31120
moore 56e2 2 234 - 0.51 180.39 952716
nbpm 56e2 2 234 - 2.48 73.12 2388080
greedy 56e2 2 234 - 1.95 78.61 3460492
dry 56e6 2 131 - 0.65 1.77 1123928
aoDLAV 56e6 2 131 - 4.62 337.15 8330816
aoULAV 56e6 2 131 - 6.30 369.39 8330816
aoD2AG 56e6 2 131 - 10.95 519.28 12245608
aoD2SG 56e6 2 131 - 11.58 748.63 12692128
dry 25e2 2 101 - 0.03 0.12 26080
aoDLAV 25e2 2 101 - 0.03 0.16 30456
aoULAV 25e2 2 101 - 0.03 0.15 30468
aoD2AG 25e2 2 101 - 0.03 0.16 30984
aoD2SG 25e2 2 101 - 0.04 0.15 31044
moore 25e2 2 101 - 0.10 27.97 213600
nbpm 25e2 2 101 - 0.63 12.11 541636
greedy 25e2 2 101 - 0.43 10.91 713660
dry 56e2 2 120 - 0.02 0.12 26236
aoDLAV 56e2 2 120 - 0.03 0.16 30976
aoULAV 56e2 2 120 - 0.02 0.16 30988
aoD2AG 56e2 2 120 - 0.03 0.17 31968
aoD2SG 56e2 2 120 - 0.04 0.17 31120
moore 56e2 2 120 - 0.68 218.76 952728
nbpm 56e2 2 120 - 2.38 73.34 2388088
greedy 56e2 2 120 - 2.20 80.96 3460488
dry 75e2 2 81 - 0.03 0.12 26328
aoDLAV 75e2 2 81 - 0.04 0.15 31376
aoULAV 75e2 2 81 - 0.03 0.16 31388
aoD2AG 75e2 2 81 - 0.03 0.18 31380
aoD2SG 75e2 2 81 - 0.03 0.19 31380
moore 75e2 2 81 - 1.05 446.38 1688784
nbpm 75e2 2 81 - 4.24 163.25 4242120
greedy 75e2 2 81 - 3.86 153.79 6183092
dry 1e4 10 177 - 0.03 0.13 29396
aoDLAV 1e4 10 177 - 0.05 0.68 32768
aoULAV 1e4 10 177 - 0.03 0.69 32776
aoD2AG 1e4 10 177 - 0.04 0.71 32744
aoD2SG 1e4 10 177 - 0.03 0.78 34180
moore 1e4 10 177 - 1.17 1000.90 2963856
nbpm 1e4 10 177 - 7.60 733.75 7764392
greedy 1e4 10 177 - 6.70 278.32 10961112
dry 32e6 2 88 - 0.45 1.11 655176
aoDLAV 32e6 2 88 - 2.98 180.93 4768328
aoULAV 32e6 2 88 - 3.64 189.41 4768328
aoD2AG 32e6 2 88 - 5.78 273.39 7006804
aoD2SG 32e6 2 88 - 6.93 322.51 7262828
dry 56e2 2 58 - 0.03 0.13 26236
aoDLAV 56e2 2 58 - 0.04 0.16 30976
aoULAV 56e2 2 58 - 0.03 0.17 30988
aoD2AG 56e2 2 58 - 0.04 0.18 31980
aoD2SG 56e2 2 58 - 0.04 0.18 31120
moore 56e2 2 58 - 1.18 304.43 952716
nbpm 56e2 2 58 - 2.40 76.81 2388080
greedy 56e2 2 58 - 2.07 79.23 3460540
dry 56e6 2 157 - 0.70 1.77 1123972
aoDLAV 56e6 2 157 - 4.65 335.16 8330816
aoULAV 56e6 2 157 - 6.10 360.35 8330816
aoD2AG 56e6 2 157 - 11.14 558.62 12247940
aoD2SG 56e6 2 157 - 11.88 607.77 12692824
dry 56e2 2 26 - 0.03 0.12 26236
aoDLAV 56e2 2 26 - 0.03 0.16 30980
aoULAV 56e2 2 26 - 0.03 0.15 30988
aoD2AG 56e2 2 26 - 0.04 0.16 31976
aoD2SG 56e2 2 26 - 0.03 0.17 31124
moore 56e2 2 26 - 0.77 242.25 952716
nbpm 56e2 2 26 - 2.46 71.13 2388080
greedy 56e2 2 26 - 2.02 81.49 3460492
dry 1e4 5 16 - 0.03 0.12 26904
aoDLAV 1e4 5 16 - 0.03 0.21 31084
aoULAV 1e4 5 16 - 0.03 0.22 31096
aoD2AG 1e4 5 16 - 0.03 0.22 32108
aoD2SG 1e4 5 16 - 0.03 0.23 32112
moore 1e4 5 16 - 1.11 1046.56 2961732
nbpm 1e4 5 16 - 7.75 618.68 7811452
greedy 1e4 5 16 - 6.46 302.35 10959172
dry 75e2 2 96 - 0.02 0.12 26332
aoDLAV 75e2 2 96 - 0.04 0.15 31376
aoULAV 75e2 2 96 - 0.03 0.16 31388
aoD2AG 75e2 2 96 - 0.03 0.18 31380
aoD2SG 75e2 2 96 - 0.03 0.17 31380
moore 75e2 2 96 - 1.16 446.53 1688760
nbpm 75e2 2 96 - 4.24 161.38 4242124
greedy 75e2 2 96 - 3.86 149.40 6183092
dry 4e7 2 67 - 0.48 1.32 811428
aoDLAV 4e7 2 67 - 3.33 228.20 5955820
aoULAV 4e7 2 67 - 4.40 250.73 5955820
aoD2AG 4e7 2 67 - 8.37 345.41 8753600
aoD2SG 4e7 2 67 - 8.32 404.43 9072908
dry 7e7 2 153 - 0.84 2.19 1397356
aoDLAV 7e7 2 153 - 5.84 424.04 10408936
aoULAV 7e7 2 153 - 7.38 462.43 10408940
aoD2AG 7e7 2 153 - 13.62 648.00 15307064
aoD2SG 7e7 2 153 - 14.94 959.93 15866388
dry 56e2 2 181 - 0.03 0.12 26236
aoDLAV 56e2 2 181 - 0.04 0.16 30980
aoULAV 56e2 2 181 - 0.03 0.17 30988
aoD2AG 56e2 2 181 - 0.03 0.20 31984
aoD2SG 56e2 2 181 - 0.04 0.18 31124
moore 56e2 2 181 - 0.43 177.25 949992
nbpm 56e2 2 181 - 2.35 87.89 2388088
greedy 56e2 2 181 - 2.18 81.12 3460488
dry 5e7 2 169 - 0.55 1.61 1006740
aoDLAV 5e7 2 169 - 4.29 303.39 7440192
aoULAV 5e7 2 169 - 5.43 323.17 7440192
aoD2AG 5e7 2 169 - 9.99 441.13 10938448
aoD2SG 5e7 2 169 - 10.01 518.79 11339188
dry 3e7 2 161 - 0.36 1.05 616104
aoDLAV 3e7 2 161 - 2.59 173.18 4471428
aoULAV 3e7 2 161 - 3.26 185.02 4471448
aoD2AG 3e7 2 161 - 6.25 258.64 6569996
aoD2SG 3e7 2 161 - 5.81 306.57 6811008
dry 2e7 2 239 - 0.32 0.75 420796
aoDLAV 2e7 2 239 - 2.28 113.78 2987068
aoULAV 2e7 2 239 - 1.72 116.15 2987068
aoD2AG 2e7 2 239 - 3.23 160.60 4386696
aoD2SG 2e7 2 239 - 4.18 192.80 4547644
dry 56e6 2 61 - 0.64 1.80 1123924
aoDLAV 56e6 2 61 - 4.85 324.61 8330816
aoULAV 56e6 2 61 - 6.04 342.03 8330816
aoD2AG 56e6 2 61 - 11.13 490.76 12245868
aoD2SG 56e6 2 61 - 12.09 591.96 12692600
dry 1e4 10 198 - 0.03 0.12 27952
aoDLAV 1e4 10 198 - 0.04 0.70 32764
aoULAV 1e4 10 198 - 0.03 0.68 32780
aoD2AG 1e4 10 198 - 0.03 0.71 32744
aoD2SG 1e4 10 198 - 0.03 0.80 34180
moore 1e4 10 198 - 1.14 804.87 2963864
nbpm 1e4 10 198 - 7.77 767.80 7764384
greedy 1e4 10 198 - 6.58 279.98 10961108
dry 32e2 2 159 - 0.02 0.13 26116
aoDLAV 32e2 2 159 - 0.04 0.15 30544
aoULAV 32e2 2 159 - 0.03 0.15 30548
aoD2AG 32e2 2 159 - 0.04 0.15 31212
aoD2SG 32e2 2 159 - 0.04 0.15 31260
moore 32e2 2 159 - 0.27 62.14 330524
nbpm 32e2 2 159 - 0.90 19.90 854756
greedy 32e2 2 159 - 0.71 23.26 1150164
dry 56e2 2 227 - 0.02 0.13 26236
aoDLAV 56e2 2 227 - 0.04 0.15 30976
aoULAV 56e2 2 227 - 0.03 0.16 30988
aoD2AG 56e2 2 227 - 0.03 0.18 31992
aoD2SG 56e2 2 227 - 0.03 0.18 31120
moore 56e2 2 227 - 0.57 202.39 952716
nbpm 56e2 2 227 - 2.38 72.98 2388080
greedy 56e2 2 227 - 2.14 78.73 3460488
dry 7e7 2 54 - 0.86 2.18 1397356
aoDLAV 7e7 2 54 - 6.31 537.13 10408940
aoULAV 7e7 2 54 - 7.52 451.97 10408936
aoD2AG 7e7 2 54 - 13.70 643.53 15306384
aoD2SG 7e7 2 54 - 14.22 733.74 15861920
