dry 56e5 2 20 - 0.07 0.27 139544
aoDLAV 56e5 2 20 - 0.42 19.37 849560
aoULAV 56e5 2 20 - 0.42 22.22 849556
aoD2AG 56e5 2 20 - 0.73 34.04 1241860
aoD2SG 56e5 2 20 - 0.74 39.73 1286664
dry 56e5 2 67 - 0.08 0.32 139548
aoDLAV 56e5 2 67 - 0.47 22.91 849556
aoULAV 56e5 2 67 - 0.41 25.33 849556
aoD2AG 56e5 2 67 - 0.73 34.65 1242700
aoD2SG 56e5 2 67 - 0.88 39.51 1285992
dry 1e7 10 114 - 0.45 1.39 850508
aoDLAV 1e7 10 114 - 1.62 6356.52 3533960
aoULAV 1e7 10 114 - 2.38 4773.04 3533956
aoD2AG 1e7 10 114 - 3.57 4836.85 4337188
aoD2SG 1e7 10 114 - 3.68 5786.66 4428048
dry 1e7 5 79 - 0.23 0.78 459868
aoDLAV 1e7 5 79 - 1.04 214.18 2323016
aoULAV 1e7 5 79 - 1.47 214.95 2323020
aoD2AG 1e7 5 79 - 2.53 229.41 3063688
aoD2SG 1e7 5 79 - 2.52 280.50 3149128
dry 32e5 2 122 - 0.06 0.25 92676
aoDLAV 32e5 2 122 - 0.25 11.84 493324
aoULAV 32e5 2 122 - 0.32 12.45 493340
aoD2AG 32e5 2 122 - 0.44 17.90 719288
aoD2SG 32e5 2 122 - 0.42 20.46 743592
dry 1e7 10 131 - 0.41 1.37 850508
aoDLAV 1e7 10 131 - 1.48 4802.87 3533956
aoULAV 1e7 10 131 - 2.90 4854.67 3533956
aoD2AG 1e7 10 131 - 3.68 6431.19 4337344
aoD2SG 1e7 10 131 - 3.75 5743.81 4425648
dry 32e5 2 82 - 0.06 0.24 92676
aoDLAV 32e5 2 82 - 0.27 11.88 493328
aoULAV 32e5 2 82 - 0.28 12.70 493336
aoD2AG 32e5 2 82 - 0.40 18.31 718664
aoD2SG 32e5 2 82 - 0.46 20.92 743092
dry 18e5 2 210 - 0.05 0.20 65328
aoDLAV 18e5 2 210 - 0.17 6.28 285508
aoULAV 18e5 2 210 - 0.19 6.68 285520
aoD2AG 18e5 2 210 - 0.25 9.79 412124
aoD2SG 18e5 2 210 - 0.27 11.03 426464
dry 56e5 2 7 - 0.09 0.31 139544
aoDLAV 56e5 2 7 - 0.46 22.82 849556
aoULAV 56e5 2 7 - 0.47 24.21 849556
aoD2AG 56e5 2 7 - 0.72 34.54 1243184
aoD2SG 56e5 2 7 - 0.81 39.58 1287816
dry 1e7 2 220 - 0.12 0.44 225484
aoDLAV 1e7 2 220 - 0.79 44.27 1502684
aoULAV 1e7 2 220 - 0.79 47.07 1502684
aoD2AG 1e7 2 220 - 1.81 66.49 2205828
aoD2SG 1e7 2 220 - 1.67 76.94 2285320
dry 32e5 2 79 - 0.06 0.25 92676
aoDLAV 32e5 2 79 - 0.27 11.90 493328
aoULAV 32e5 2 79 - 0.27 12.72 493340
aoD2AG 32e5 2 79 - 0.42 18.29 718584
aoD2SG 32e5 2 79 - 0.44 20.94 743316
dry 32e5 2 147 - 0.07 0.24 92680
aoDLAV 32e5 2 147 - 0.27 11.87 493324
aoULAV 32e5 2 147 - 0.26 12.76 493336
aoD2AG 32e5 2 147 - 0.41 18.35 717380
aoD2SG 32e5 2 147 - 0.47 20.93 743656
dry 1e7 5 50 - 0.23 0.79 459868
aoDLAV 1e7 5 50 - 1.05 218.89 2323016
aoULAV 1e7 5 50 - 1.06 220.92 2323020
aoD2AG 1e7 5 50 - 2.39 243.15 3065204
aoD2SG 1e7 5 50 - 2.57 288.90 3149920
dry 18e5 2 195 - 0.04 0.22 65324
aoDLAV 18e5 2 195 - 0.16 6.45 285512
aoULAV 18e5 2 195 - 0.16 6.87 285524
aoD2AG 18e5 2 195 - 0.24 9.96 412260
aoD2SG 18e5 2 195 - 0.24 11.30 427212
dry 1e7 10 89 - 0.42 1.39 850508
aoDLAV 1e7 10 89 - 2.04 5712.57 3533956
aoULAV 1e7 10 89 - 2.59 4801.22 3533956
aoD2AG 1e7 10 89 - 3.78 4873.24 4336792
aoD2SG 1e7 10 89 - 3.64 8097.06 4424984
dry 1e7 2 228 - 0.12 0.43 225488
aoDLAV 1e7 2 228 - 0.73 43.23 1502684
aoULAV 1e7 2 228 - 0.92 45.98 1502684
aoD2AG 1e7 2 228 - 1.53 64.87 2203060
aoD2SG 1e7 2 228 - 1.65 75.20 2284600
dry 56e5 2 196 - 0.08 0.32 139548
aoDLAV 56e5 2 196 - 0.43 23.56 849556
aoULAV 56e5 2 196 - 0.43 24.14 849556
aoD2AG 56e5 2 196 - 0.71 34.24 1242076
aoD2SG 56e5 2 196 - 0.75 39.31 1285972
dry 32e5 2 159 - 0.06 0.25 92676
aoDLAV 32e5 2 159 - 0.26 11.61 493324
aoULAV 32e5 2 159 - 0.25 12.43 493360
aoD2AG 32e5 2 159 - 0.43 17.94 717404
aoD2SG 32e5 2 159 - 0.40 20.50 742676
dry 18e5 2 131 - 0.03 0.22 65324
aoDLAV 18e5 2 131 - 0.15 6.32 285512
aoULAV 18e5 2 131 - 0.17 6.72 285520
aoD2AG 18e5 2 131 - 0.25 9.75 411480
aoD2SG 18e5 2 131 - 0.24 11.10 427304
dry 56e5 2 135 - 0.08 0.31 139544
aoDLAV 56e5 2 135 - 0.41 22.74 849560
aoULAV 56e5 2 135 - 0.44 24.93 849560
aoD2AG 56e5 2 135 - 0.76 34.31 1242640
aoD2SG 56e5 2 135 - 0.76 39.36 1288056
dry 32e5 2 1 - 0.05 0.26 92676
aoDLAV 32e5 2 1 - 0.27 11.85 493324
aoULAV 32e5 2 1 - 0.25 12.67 493336
aoD2AG 32e5 2 1 - 0.40 18.17 717708
aoD2SG 32e5 2 1 - 0.44 20.79 744784
dry 1e7 10 140 - 0.41 1.38 850508
aoDLAV 1e7 10 140 - 1.55 4735.24 3533956
aoULAV 1e7 10 140 - 2.41 4754.51 3533956
aoD2AG 1e7 10 140 - 3.74 4817.94 4336436
aoD2SG 1e7 10 140 - 3.65 5597.46 4426024
dry 1e7 2 167 - 0.12 0.43 225484
aoDLAV 1e7 2 167 - 0.76 43.32 1502688
aoULAV 1e7 2 167 - 0.80 45.97 1502684
aoD2AG 1e7 2 167 - 1.54 64.80 2203104
aoD2SG 1e7 2 167 - 1.63 75.03 2284868
dry 56e5 2 159 - 0.08 0.32 139548
aoDLAV 56e5 2 159 - 0.47 22.26 849556
aoULAV 56e5 2 159 - 0.44 23.75 849556
aoD2AG 56e5 2 159 - 0.74 33.58 1241632
aoD2SG 56e5 2 159 - 0.77 38.58 1287436
dry 1e7 2 181 - 0.12 0.44 225484
aoDLAV 1e7 2 181 - 0.74 43.30 1502688
aoULAV 1e7 2 181 - 0.80 45.89 1502684
aoD2AG 1e7 2 181 - 1.52 64.89 2204716
aoD2SG 1e7 2 181 - 1.90 74.97 2281500
dry 18e5 2 156 - 0.04 0.21 65324
aoDLAV 18e5 2 156 - 0.16 6.24 285508
aoULAV 18e5 2 156 - 0.19 6.59 285520
aoD2AG 18e5 2 156 - 0.26 9.54 413096
aoD2SG 18e5 2 156 - 0.25 10.93 427448
dry 18e5 2 242 - 0.04 0.21 65324
aoDLAV 18e5 2 242 - 0.15 6.26 285608
aoULAV 18e5 2 242 - 0.17 6.61 285520
aoD2AG 18e5 2 242 - 0.23 9.58 412636
aoD2SG 18e5 2 242 - 0.25 10.87 425952
dry 18e5 2 41 - 0.05 0.21 65324
aoDLAV 18e5 2 41 - 0.16 6.23 285508
aoULAV 18e5 2 41 - 0.17 6.64 285520
aoD2AG 18e5 2 41 - 0.25 9.56 411368
aoD2SG 18e5 2 41 - 0.29 10.87 426516
dry 32e5 2 108 - 0.05 0.26 92680
aoDLAV 32e5 2 108 - 0.28 11.61 493324
aoULAV 32e5 2 108 - 0.29 12.39 493360
aoD2AG 32e5 2 108 - 0.40 17.81 718592
aoD2SG 32e5 2 108 - 0.43 20.42 743288
dry 18e5 2 249 - 0.05 0.21 65324
aoDLAV 18e5 2 249 - 0.16 6.16 285508
aoULAV 18e5 2 249 - 0.16 6.54 285520
aoD2AG 18e5 2 249 - 0.27 9.47 412220
aoD2SG 18e5 2 249 - 0.26 10.75 427184
dry 18e5 2 21 - 0.05 0.21 65328
aoDLAV 18e5 2 21 - 0.16 6.51 285556
aoULAV 18e5 2 21 - 0.15 6.93 285520
aoD2AG 18e5 2 21 - 0.26 10.01 412136
aoD2SG 18e5 2 21 - 0.26 11.38 426556
dry 18e5 2 90 - 0.05 0.21 65324
aoDLAV 18e5 2 90 - 0.15 6.47 285512
aoULAV 18e5 2 90 - 0.16 6.84 285520
aoD2AG 18e5 2 90 - 0.26 9.94 413120
aoD2SG 18e5 2 90 - 0.27 11.25 427560
dry 1e7 5 127 - 0.24 0.79 459868
aoDLAV 1e7 5 127 - 1.12 221.37 2323020
aoULAV 1e7 5 127 - 1.61 223.21 2323016
aoD2AG 1e7 5 127 - 2.01 245.48 3065044
aoD2SG 1e7 5 127 - 2.52 290.52 3150684
dry 1e7 2 28 - 0.12 0.44 225484
aoDLAV 1e7 2 28 - 0.72 45.41 1502688
aoULAV 1e7 2 28 - 0.74 47.90 1502684
aoD2AG 1e7 2 28 - 1.78 68.17 2204060
aoD2SG 1e7 2 28 - 1.56 78.07 2285180
dry 56e5 2 114 - 0.08 0.32 139544
aoDLAV 56e5 2 114 - 0.47 23.11 849556
aoULAV 56e5 2 114 - 0.45 24.87 849556
aoD2AG 56e5 2 114 - 0.74 35.23 1241104
aoD2SG 56e5 2 114 - 0.79 41.50 1287080
dry 18e5 2 93 - 0.05 0.20 65324
aoDLAV 18e5 2 93 - 0.16 6.45 285508
aoULAV 18e5 2 93 - 0.15 6.92 285520
aoD2AG 18e5 2 93 - 0.27 9.98 412800
aoD2SG 18e5 2 93 - 0.30 11.34 426540
dry 18e5 2 197 - 0.05 0.20 65324
aoDLAV 18e5 2 197 - 0.17 6.45 285508
aoULAV 18e5 2 197 - 0.15 6.92 285520
aoD2AG 18e5 2 197 - 0.26 10.00 412872
aoD2SG 18e5 2 197 - 0.24 11.37 426124
dry 1e7 5 232 - 0.24 0.79 459868
aoDLAV 1e7 5 232 - 1.11 220.00 2323016
aoULAV 1e7 5 232 - 1.15 223.59 2323016
aoD2AG 1e7 5 232 - 2.56 246.52 3064340
aoD2SG 1e7 5 232 - 2.61 292.42 3150980
dry 1e7 10 126 - 0.41 1.38 850508
aoDLAV 1e7 10 126 - 1.66 4801.05 3533956
aoULAV 1e7 10 126 - 2.46 4803.57 3533956
aoD2AG 1e7 10 126 - 3.50 5168.36 4337048
aoD2SG 1e7 10 126 - 3.61 5636.39 4427156
dry 32e5 2 78 - 0.05 0.25 92676
aoDLAV 32e5 2 78 - 0.28 11.90 493328
aoULAV 32e5 2 78 - 0.27 12.66 493336
aoD2AG 32e5 2 78 - 0.40 18.19 718940
aoD2SG 32e5 2 78 - 0.39 20.68 742736
dry 1e7 5 149 - 0.23 0.78 459872
aoDLAV 1e7 5 149 - 1.01 212.49 2323016
aoULAV 1e7 5 149 - 1.45 215.28 2323016
aoD2AG 1e7 5 149 - 2.46 237.05 3064724
aoD2SG 1e7 5 149 - 2.59 280.18 3149936
dry 56e5 2 134 - 0.08 0.32 139544
aoDLAV 56e5 2 134 - 0.46 22.46 849556
aoULAV 56e5 2 134 - 0.45 23.87 849556
aoD2AG 56e5 2 134 - 0.73 39.46 1241744
aoD2SG 56e5 2 134 - 0.73 39.01 1285152
dry 1e7 5 105 - 0.23 0.80 459868
aoDLAV 1e7 5 105 - 1.04 210.94 2323016
aoULAV 1e7 5 105 - 1.50 215.63 2323020
aoD2AG 1e7 5 105 - 1.97 238.17 3064584
aoD2SG 1e7 5 105 - 2.54 277.51 3149892
dry 1e7 5 106 - 0.23 0.79 459868
aoDLAV 1e7 5 106 - 1.09 209.46 2323016
aoULAV 1e7 5 106 - 1.54 212.59 2323020
aoD2AG 1e7 5 106 - 2.38 234.48 3064916
aoD2SG 1e7 5 106 - 2.12 278.73 3152036
dry 1e7 5 235 - 0.23 0.79 459868
aoDLAV 1e7 5 235 - 1.04 209.07 2323020
aoULAV 1e7 5 235 - 1.51 213.14 2323016
aoD2AG 1e7 5 235 - 2.52 245.14 3064368
aoD2SG 1e7 5 235 - 2.56 288.98 3149932
dry 32e5 2 190 - 0.05 0.25 92676
aoDLAV 32e5 2 190 - 0.25 12.11 493324
aoULAV 32e5 2 190 - 0.24 12.95 493340
aoD2AG 32e5 2 190 - 0.41 18.48 718452
aoD2SG 32e5 2 190 - 0.41 21.24 743632
dry 1e7 10 183 - 0.44 1.39 850508
aoDLAV 1e7 10 183 - 1.64 5806.36 3534060
aoULAV 1e7 10 183 - 2.39 4677.59 3533956
aoD2AG 1e7 10 183 - 3.58 4748.25 4339184
aoD2SG 1e7 10 183 - 3.32 5936.77 4427584
