dry 18e3 2 234 - 0.02 0.11 26748
aoDLAV 18e3 2 234 - 0.02 0.18 30744
aoULAV 18e3 2 234 - 0.02 0.18 30740
aoD2AG 18e3 2 234 - 0.02 0.19 31808
aoD2SG 18e3 2 234 - 0.02 0.20 31812
moore 18e3 2 234 - 2.98 4556.93 9534976
nbpm 18e3 2 234 - 23.52 1967.90 25451056
greedy 18e3 2 234 - 18.62 949.53 35458364
dry 125e2 2 17 - 0.02 0.11 26536
aoDLAV 125e2 2 17 - 0.03 0.17 30708
aoULAV 125e2 2 17 - 0.03 0.16 30712
aoD2AG 125e2 2 17 - 0.03 0.18 31376
aoD2SG 125e2 2 17 - 0.03 0.18 31376
moore 125e2 2 17 - 1.57 2135.70 4611548
nbpm 125e2 2 17 - 11.17 933.32 12302332
greedy 125e2 2 17 - 8.69 416.78 17109968
dry 150e2 2 146 - 0.02 0.11 26628
aoDLAV 150e2 2 146 - 0.03 0.17 30824
aoULAV 150e2 2 146 - 0.03 0.17 30828
aoD2AG 150e2 2 146 - 0.03 0.19 31608
aoD2SG 150e2 2 146 - 0.03 0.19 31608
moore 150e2 2 146 - 2.12 3122.73 6629348
nbpm 150e2 2 146 - 14.67 1141.58 16814168
greedy 150e2 2 146 - 13.42 676.32 24630028
dry 8e7 2 250 - 0.88 2.47 1592676
aoDLAV 8e7 2 250 - 6.92 464.51 11893328
aoULAV 8e7 2 250 - 8.96 530.01 11893324
aoD2AG 8e7 2 250 - 15.26 750.13 17487912
aoD2SG 8e7 2 250 - 16.40 870.30 18124464
dry 8e7 2 46 - 0.89 2.49 1592680
aoDLAV 8e7 2 46 - 6.78 477.31 11893324
aoULAV 8e7 2 46 - 8.36 481.39 11893328
aoD2AG 8e7 2 46 - 14.92 666.17 17486640
aoD2SG 8e7 2 46 - 15.74 796.92 18125492
dry 2e4 2 85 - 0.02 0.11 30532
aoDLAV 2e4 2 85 - 0.03 0.19 30808
aoULAV 2e4 2 85 - 0.03 0.20 30808
aoD2AG 2e4 2 85 - 0.03 0.21 32284
aoD2SG 2e4 2 85 - 0.02 0.22 32292
moore 2e4 2 85 - 3.48 7483.43 11765544
nbpm 2e4 2 85 - 29.01 2841.66 31402188
greedy 2e4 2 85 - 23.96 1299.90 43771044
dry 1e8 5 92 - 2.38 6.29 4327052
aoDLAV 1e8 5 92 - 11.25 2632.80 23065204
aoULAV 1e8 5 92 - 16.63 2712.39 23065208
aoD2AG 1e8 5 92 - 26.15 3013.19 30458500
aoD2SG 1e8 5 92 - 27.59 3644.64 31314392
dry 9e7 2 7 - 0.97 2.73 1787988
aoDLAV 9e7 2 7 - 7.36 520.16 13377684
aoULAV 9e7 2 7 - 9.08 545.21 13377684
aoD2AG 9e7 2 7 - 17.52 820.80 19672092
aoD2SG 9e7 2 7 - 17.70 927.94 20389164
dry 18e3 2 16 - 0.03 0.12 26748
aoDLAV 18e3 2 16 - 0.03 0.18 30744
aoULAV 18e3 2 16 - 0.03 0.19 30740
aoD2AG 18e3 2 16 - 0.03 0.20 31804
aoD2SG 18e3 2 16 - 0.03 0.21 31812
moore 18e3 2 16 - 2.91 6058.60 9534976
nbpm 18e3 2 16 - 23.78 2250.33 25451060
greedy 18e3 2 16 - 20.66 1149.28 35458368
dry 175e2 2 194 - 0.03 0.12 28664
aoDLAV 175e2 2 194 - 0.03 0.19 30716
aoULAV 175e2 2 194 - 0.05 0.19 30716
aoD2AG 175e2 2 194 - 0.03 0.21 31752
aoD2SG 175e2 2 194 - 0.04 0.20 31756
moore 175e2 2 194 - 2.73 4646.01 9014020
nbpm 175e2 2 194 - 21.53 1867.62 22863136
greedy 175e2 2 194 - 18.65 916.51 33516980
dry 2e4 5 62 - 0.03 0.12 27776
aoDLAV 2e4 5 62 - 0.04 0.29 32756
aoULAV 2e4 5 62 - 0.03 0.30 32772
aoD2AG 2e4 5 62 - 0.04 0.30 33340
aoD2SG 2e4 5 62 - 0.04 0.33 32860
moore 2e4 5 62 - 3.34 6087.08 11768084
nbpm 2e4 5 62 - 28.00 5013.23 34200508
greedy 2e4 5 62 - 25.43 1277.74 43774004
dry 2e4 10 209 - 0.03 0.13 29364
aoDLAV 2e4 10 209 - 0.04 1.90 34840
aoULAV 2e4 10 209 - 0.04 1.68 34848
aoD2AG 2e4 10 209 - 0.03 1.74 36076
aoD2SG 2e4 10 209 - 0.04 1.99 36076
moore 2e4 10 209 - 3.50 6527.31 11770832
nbpm 2e4 10 209 - 28.89 5728.47 30880036
greedy 2e4 10 209 - 25.20 1367.09 43775824
dry 2e4 5 146 - 0.03 0.12 27780
aoDLAV 2e4 5 146 - 0.03 0.28 32756
aoULAV 2e4 5 146 - 0.03 0.29 32768
aoD2AG 2e4 5 146 - 0.04 0.31 33344
aoD2SG 2e4 5 146 - 0.04 0.34 32864
moore 2e4 5 146 - 3.56 7727.95 11768080
nbpm 2e4 5 146 - 28.71 4812.59 34200496
greedy 2e4 5 146 - 24.53 1406.40 43774004
dry 2e4 2 12 - 0.02 0.12 26832
aoDLAV 2e4 2 12 - 0.03 0.19 30808
aoULAV 2e4 2 12 - 0.03 0.19 30808
aoD2AG 2e4 2 12 - 0.02 0.21 32284
aoD2SG 2e4 2 12 - 0.03 0.22 32292
moore 2e4 2 12 - 3.55 7470.92 11765548
nbpm 2e4 2 12 - 28.87 2738.64 31402192
greedy 2e4 2 12 - 25.04 1252.33 43771044
dry 1e8 2 185 - 1.19 2.97 1983300
aoDLAV 1e8 2 185 - 8.58 589.00 14862068
aoULAV 1e8 2 185 - 10.90 636.75 14862068
aoD2AG 1e8 2 185 - 18.65 878.96 21853264
aoD2SG 1e8 2 185 - 20.87 1029.78 22651584
dry 8e7 2 235 - 0.89 2.47 1592680
aoDLAV 8e7 2 235 - 6.67 452.35 11893324
aoULAV 8e7 2 235 - 8.25 573.22 11893324
aoD2AG 8e7 2 235 - 14.50 719.35 17488516
aoD2SG 8e7 2 235 - 16.31 993.26 18127472
dry 1e8 5 151 - 2.32 6.24 4327052
aoDLAV 1e8 5 151 - 11.22 2510.23 23065204
aoULAV 1e8 5 151 - 16.35 2578.97 23065204
aoD2AG 1e8 5 151 - 25.68 3058.66 30456112
aoD2SG 1e8 5 151 - 27.13 3827.79 31310708
dry 1e8 2 120 - 1.00 3.01 1983296
aoDLAV 1e8 2 120 - 7.94 570.69 14862072
aoULAV 1e8 2 120 - 10.77 663.11 14862072
aoD2AG 1e8 2 120 - 19.00 932.71 21854312
aoD2SG 1e8 2 120 - 19.93 1114.47 22653352
dry 9e7 2 183 - 0.97 2.76 1787984
aoDLAV 9e7 2 183 - 7.28 555.24 13377684
aoULAV 9e7 2 183 - 9.41 583.21 13377716
aoD2AG 9e7 2 183 - 16.49 817.42 19670216
aoD2SG 9e7 2 183 - 17.81 940.87 20390712
dry 1e8 2 118 - 0.97 2.99 1983296
aoDLAV 1e8 2 118 - 7.66 600.48 14862068
aoULAV 1e8 2 118 - 10.31 640.96 14862068
aoD2AG 1e8 2 118 - 18.86 906.49 21852172
aoD2SG 1e8 2 118 - 19.80 1220.72 22650348
dry 2e4 10 121 - 0.03 0.12 31244
aoDLAV 2e4 10 121 - 0.04 1.69 34840
aoULAV 2e4 10 121 - 0.04 1.80 34848
aoD2AG 2e4 10 121 - 0.04 1.73 36080
aoD2SG 2e4 10 121 - 0.04 1.98 36076
moore 2e4 10 121 - 3.66 7170.94 11770836
nbpm 2e4 10 121 - 28.64 6445.25 30880040
greedy 2e4 10 121 - 23.79 1266.11 43775820
dry 1e8 5 182 - 2.32 6.24 4327052
aoDLAV 1e8 5 182 - 12.55 3070.64 23065208
aoULAV 1e8 5 182 - 16.43 2750.59 23065204
aoD2AG 1e8 5 182 - 26.88 3979.48 30457840
aoD2SG 1e8 5 182 - 27.31 3522.94 31311436
dry 8e7 2 135 - 0.84 2.41 1592676
aoDLAV 8e7 2 135 - 6.12 465.27 11893348
aoULAV 8e7 2 135 - 8.21 479.48 11893328
aoD2AG 8e7 2 135 - 15.40 720.13 17488576
aoD2SG 8e7 2 135 - 16.31 853.57 18127740
dry 150e2 2 60 - 0.03 0.12 26628
aoDLAV 150e2 2 60 - 0.04 0.18 30824
aoULAV 150e2 2 60 - 0.04 0.18 30828
aoD2AG 150e2 2 60 - 0.04 0.20 31612
aoD2SG 150e2 2 60 - 0.04 0.19 31608
moore 150e2 2 60 - 2.16 3168.67 6629348
nbpm 150e2 2 60 - 15.10 1113.96 16814168
greedy 150e2 2 60 - 14.02 688.15 24630028
dry 1e8 2 116 - 1.16 3.07 1983296
aoDLAV 1e8 2 116 - 8.32 588.11 14862068
aoULAV 1e8 2 116 - 10.71 632.69 14862068
aoD2AG 1e8 2 116 - 19.29 874.93 21856292
aoD2SG 1e8 2 116 - 20.34 1038.21 22652164
dry 2e4 2 30 - 0.02 0.12 26828
aoDLAV 2e4 2 30 - 0.03 0.19 30808
aoULAV 2e4 2 30 - 0.03 0.19 30808
aoD2AG 2e4 2 30 - 0.04 0.20 32284
aoD2SG 2e4 2 30 - 0.03 0.21 32292
moore 2e4 2 30 - 3.42 7042.61 11765552
nbpm 2e4 2 30 - 29.26 2697.79 31402196
greedy 2e4 2 30 - 23.69 1258.41 43771040
dry 125e2 2 46 - 0.03 0.12 26536
aoDLAV 125e2 2 46 - 0.02 0.18 30708
aoULAV 125e2 2 46 - 0.03 0.18 30716
aoD2AG 125e2 2 46 - 0.04 0.19 31380
aoD2SG 125e2 2 46 - 0.03 0.19 31376
moore 125e2 2 46 - 1.62 1859.39 4611548
nbpm 125e2 2 46 - 13.43 660.99 12302332
greedy 125e2 2 46 - 9.54 453.70 17109964
dry 175e2 2 24 - 0.03 0.11 26732
aoDLAV 175e2 2 24 - 0.03 0.18 30720
aoULAV 175e2 2 24 - 0.03 0.19 30716
aoD2AG 175e2 2 24 - 0.03 0.20 31752
aoD2SG 175e2 2 24 - 0.03 0.21 31764
moore 175e2 2 24 - 2.83 5175.11 9014024
nbpm 175e2 2 24 - 21.77 1834.56 22863136
greedy 175e2 2 24 - 18.83 924.16 33516976
dry 150e2 2 69 - 0.03 0.11 26628
aoDLAV 150e2 2 69 - 0.03 0.18 30848
aoULAV 150e2 2 69 - 0.03 0.18 30828
aoD2AG 150e2 2 69 - 0.03 0.19 31612
aoD2SG 150e2 2 69 - 0.02 0.20 31608
moore 150e2 2 69 - 2.15 3203.77 6629356
nbpm 150e2 2 69 - 14.95 1617.39 16814176
greedy 150e2 2 69 - 14.18 841.30 24630024
dry 175e2 2 133 - 0.03 0.12 26732
aoDLAV 175e2 2 133 - 0.03 0.18 30716
aoULAV 175e2 2 133 - 0.04 0.18 30720
aoD2AG 175e2 2 133 - 0.03 0.20 31756
aoD2SG 175e2 2 133 - 0.03 0.21 31756
moore 175e2 2 133 - 2.83 4161.03 9014024
nbpm 175e2 2 133 - 21.27 1827.87 22863132
greedy 175e2 2 133 - 18.33 932.65 33516980
dry 2e4 5 25 - 0.03 0.12 27776
aoDLAV 2e4 5 25 - 0.03 0.32 32760
aoULAV 2e4 5 25 - 0.04 0.31 32768
aoD2AG 2e4 5 25 - 0.04 0.33 33340
aoD2SG 2e4 5 25 - 0.04 0.34 32860
moore 2e4 5 25 - 3.35 7466.79 11768084
nbpm 2e4 5 25 - 28.64 9274.56 34200612
greedy 2e4 5 25 - 24.49 1325.01 43774008
dry 1e8 2 36 - 1.08 3.00 1983300
aoDLAV 1e8 2 36 - 7.99 587.67 14862068
aoULAV 1e8 2 36 - 11.07 621.95 14862068
aoD2AG 1e8 2 36 - 18.94 879.25 21853624
aoD2SG 1e8 2 36 - 20.00 1037.93 22652432
dry 125e2 2 244 - 0.03 0.11 26536
aoDLAV 125e2 2 244 - 0.03 0.17 30708
aoULAV 125e2 2 244 - 0.03 0.17 30712
aoD2AG 125e2 2 244 - 0.04 0.18 31380
aoD2SG 125e2 2 244 - 0.03 0.19 31376
moore 125e2 2 244 - 1.74 1592.02 4611544
nbpm 125e2 2 244 - 11.87 684.84 12302320
greedy 125e2 2 244 - 9.59 447.65 17109964
dry 175e2 2 175 - 0.03 0.12 26732
aoDLAV 175e2 2 175 - 0.04 0.20 30716
aoULAV 175e2 2 175 - 0.04 0.19 30716
aoD2AG 175e2 2 175 - 0.04 0.20 31752
aoD2SG 175e2 2 175 - 0.04 0.20 31760
moore 175e2 2 175 - 2.77 5049.43 9014028
nbpm 175e2 2 175 - 21.49 1772.16 22863144
greedy 175e2 2 175 - 18.43 1013.77 33516976
dry 175e2 2 142 - 0.03 0.13 26732
aoDLAV 175e2 2 142 - 0.03 0.22 30716
aoULAV 175e2 2 142 - 0.03 0.21 30716
aoD2AG 175e2 2 142 - 0.04 0.22 31752
aoD2SG 175e2 2 142 - 0.04 0.24 31760
moore 175e2 2 142 - 2.79 4745.53 9014032
nbpm 175e2 2 142 - 21.01 1832.73 22863144
greedy 175e2 2 142 - 19.59 1023.27 33517036
dry 1e8 5 138 - 2.49 6.29 4327056
