dry 32e5 2 95 - 0.05 0.25 92676
aoDLAV 32e5 2 95 - 0.26 12.17 493328
aoULAV 32e5 2 95 - 0.26 12.12 493340
aoD2AG 32e5 2 95 - 0.44 17.97 717956
aoD2SG 32e5 2 95 - 0.44 20.13 744752
dry 1e7 10 211 - 0.42 1.40 850512
aoDLAV 1e7 10 211 - 1.48 4629.24 3533960
aoULAV 1e7 10 211 - 2.60 4807.03 3533956
aoD2AG 1e7 10 211 - 3.49 4770.70 4338864
aoD2SG 1e7 10 211 - 3.60 5717.42 4426808
dry 18e5 2 32 - 0.04 0.21 65328
aoDLAV 18e5 2 32 - 0.16 6.46 285508
aoULAV 18e5 2 32 - 0.15 6.88 285520
aoD2AG 18e5 2 32 - 0.26 9.92 411972
aoD2SG 18e5 2 32 - 0.27 11.26 426620
dry 18e5 2 211 - 0.04 0.21 65336
aoDLAV 18e5 2 211 - 0.16 6.48 285508
aoULAV 18e5 2 211 - 0.15 6.86 285520
aoD2AG 18e5 2 211 - 0.26 9.95 412384
aoD2SG 18e5 2 211 - 0.26 11.27 426768
dry 1e7 10 236 - 0.42 1.38 850508
aoDLAV 1e7 10 236 - 1.60 5609.39 3533984
aoULAV 1e7 10 236 - 2.85 5463.80 3534060
aoD2AG 1e7 10 236 - 3.49 4744.50 4339244
aoD2SG 1e7 10 236 - 3.57 5711.25 4427220
dry 1e7 10 124 - 0.42 1.37 850508
aoDLAV 1e7 10 124 - 1.49 4761.42 3533956
aoULAV 1e7 10 124 - 2.33 4738.11 3533960
aoD2AG 1e7 10 124 - 3.46 4766.42 4337252
aoD2SG 1e7 10 124 - 3.61 5718.57 4428764
dry 1e7 10 184 - 0.42 1.37 850508
aoDLAV 1e7 10 184 - 1.56 4661.79 3533952
aoULAV 1e7 10 184 - 2.32 4671.05 3534064
aoD2AG 1e7 10 184 - 3.54 4709.43 4338492
aoD2SG 1e7 10 184 - 3.78 7706.85 4429648
dry 18e5 2 207 - 0.05 0.20 65324
aoDLAV 18e5 2 207 - 0.17 6.24 285508
aoULAV 18e5 2 207 - 0.17 6.67 285520
aoD2AG 18e5 2 207 - 0.26 9.68 411696
aoD2SG 18e5 2 207 - 0.25 10.98 427320
dry 32e5 2 2 - 0.06 0.25 92676
aoDLAV 32e5 2 2 - 0.26 11.85 493328
aoULAV 32e5 2 2 - 0.24 12.69 493336
aoD2AG 32e5 2 2 - 0.38 18.23 717372
aoD2SG 32e5 2 2 - 0.38 20.84 743208
dry 56e5 2 56 - 0.08 0.31 139548
aoDLAV 56e5 2 56 - 0.46 22.92 849576
aoULAV 56e5 2 56 - 0.59 24.31 849556
aoD2AG 56e5 2 56 - 0.72 34.63 1242364
aoD2SG 56e5 2 56 - 0.74 39.73 1286392
dry 1e7 10 125 - 0.44 1.37 850508
aoDLAV 1e7 10 125 - 1.55 4858.94 3533956
aoULAV 1e7 10 125 - 2.36 4844.03 3533952
aoD2AG 1e7 10 125 - 3.60 4841.61 4339308
aoD2SG 1e7 10 125 - 3.64 6290.40 4427496
dry 1e7 10 74 - 0.41 1.37 850508
aoDLAV 1e7 10 74 - 1.57 4769.52 3533952
aoULAV 1e7 10 74 - 2.37 4726.48 3533964
aoD2AG 1e7 10 74 - 3.64 7153.87 4336140
aoD2SG 1e7 10 74 - 3.66 5810.73 4426428
dry 1e7 5 209 - 0.23 0.81 459868
aoDLAV 1e7 5 209 - 1.05 216.58 2323016
aoULAV 1e7 5 209 - 1.57 221.69 2323016
aoD2AG 1e7 5 209 - 2.53 241.72 3064872
aoD2SG 1e7 5 209 - 2.58 283.97 3151340
dry 32e5 2 53 - 0.06 0.25 92676
aoDLAV 32e5 2 53 - 0.26 12.08 493328
aoULAV 32e5 2 53 - 0.24 12.64 493336
aoD2AG 32e5 2 53 - 0.42 18.13 718812
aoD2SG 32e5 2 53 - 0.43 20.75 742900
dry 18e5 2 27 - 0.05 0.20 65324
aoDLAV 18e5 2 27 - 0.16 6.32 285508
aoULAV 18e5 2 27 - 0.15 6.73 285524
aoD2AG 18e5 2 27 - 0.24 9.72 412716
aoD2SG 18e5 2 27 - 0.23 11.07 426060
dry 1e7 10 61 - 0.40 1.38 850512
aoDLAV 1e7 10 61 - 1.62 6765.17 3533956
aoULAV 1e7 10 61 - 2.53 5438.51 3533956
aoD2AG 1e7 10 61 - 3.83 5330.61 4338176
aoD2SG 1e7 10 61 - 3.58 6456.57 4427832
