dry 1e7 2 99 - 0.11 0.42 225488
aoDLAV 1e7 2 99 - 0.71 52.08 1502684
aoULAV 1e7 2 99 - 0.74 45.79 1502688
aoD2AG 1e7 2 99 - 1.50 65.48 2201972
aoD2SG 1e7 2 99 - 1.78 75.88 2283468
dry 56e5 2 249 - 0.08 0.31 139548
aoDLAV 56e5 2 249 - 0.43 22.48 849556
aoULAV 56e5 2 249 - 0.45 24.37 849560
aoD2AG 56e5 2 249 - 0.77 34.09 1242588
aoD2SG 56e5 2 249 - 0.72 39.24 1286144
dry 1e7 2 221 - 0.12 0.44 225484
aoDLAV 1e7 2 221 - 0.74 44.05 1502684
aoULAV 1e7 2 221 - 0.78 47.26 1502684
aoD2AG 1e7 2 221 - 1.80 66.49 2205800
aoD2SG 1e7 2 221 - 1.65 76.21 2282256
dry 1e7 10 133 - 0.44 1.35 850508
aoDLAV 1e7 10 133 - 1.59 4785.79 3533960
aoULAV 1e7 10 133 - 2.26 4771.12 3533960
aoD2AG 1e7 10 133 - 3.54 4796.26 4336728
aoD2SG 1e7 10 133 - 3.57 5757.87 4427276
dry 18e5 2 109 - 0.04 0.21 65324
aoDLAV 18e5 2 109 - 0.16 6.23 285508
aoULAV 18e5 2 109 - 0.16 6.61 285520
aoD2AG 18e5 2 109 - 0.24 9.57 413196
aoD2SG 18e5 2 109 - 0.25 10.89 426000
dry 56e5 2 250 - 0.08 0.31 139544
aoDLAV 56e5 2 250 - 0.45 22.27 849556
aoULAV 56e5 2 250 - 0.45 23.72 849556
aoD2AG 56e5 2 250 - 0.73 34.68 1241628
aoD2SG 56e5 2 250 - 0.90 39.81 1286840
dry 1e7 5 111 - 0.24 0.78 459868
aoDLAV 1e7 5 111 - 1.08 216.05 2323016
aoULAV 1e7 5 111 - 1.12 218.69 2323016
aoD2AG 1e7 5 111 - 2.52 237.48 3064564
aoD2SG 1e7 5 111 - 2.55 282.24 3149580
dry 32e5 2 44 - 0.06 0.25 92676
aoDLAV 32e5 2 44 - 0.26 11.82 493324
aoULAV 32e5 2 44 - 0.26 12.59 493336
aoD2AG 32e5 2 44 - 0.44 18.07 718472
aoD2SG 32e5 2 44 - 0.41 20.69 742916
dry 1e7 2 161 - 0.12 0.44 225484
aoDLAV 1e7 2 161 - 0.74 43.87 1502684
aoULAV 1e7 2 161 - 0.75 46.47 1502688
aoD2AG 1e7 2 161 - 1.52 66.74 2203204
aoD2SG 1e7 2 161 - 1.82 76.29 2284080
dry 1e7 5 56 - 0.24 0.79 459868
aoDLAV 1e7 5 56 - 1.02 212.40 2323016
aoULAV 1e7 5 56 - 1.48 215.32 2323020
aoD2AG 1e7 5 56 - 2.02 237.63 3064264
aoD2SG 1e7 5 56 - 2.50 282.77 3149992
dry 1e7 2 201 - 0.11 0.45 225484
aoDLAV 1e7 2 201 - 0.76 43.70 1502688
aoULAV 1e7 2 201 - 0.73 46.42 1502684
aoD2AG 1e7 2 201 - 1.52 65.69 2204880
aoD2SG 1e7 2 201 - 1.83 75.73 2282188
dry 56e5 2 149 - 0.08 0.31 139548
aoDLAV 56e5 2 149 - 0.48 22.44 849616
aoULAV 56e5 2 149 - 0.44 23.95 849556
aoD2AG 56e5 2 149 - 0.72 33.93 1242176
aoD2SG 56e5 2 149 - 0.73 39.04 1287772
dry 1e7 2 157 - 0.12 0.43 225488
aoDLAV 1e7 2 157 - 0.73 43.76 1502684
aoULAV 1e7 2 157 - 0.97 46.57 1502688
aoD2AG 1e7 2 157 - 1.48 65.54 2203776
aoD2SG 1e7 2 157 - 1.60 75.68 2281980
dry 1e7 2 244 - 0.13 0.43 225484
aoDLAV 1e7 2 244 - 0.77 43.74 1502688
aoULAV 1e7 2 244 - 0.71 47.07 1502684
aoD2AG 1e7 2 244 - 1.56 65.49 2202092
aoD2SG 1e7 2 244 - 1.86 75.85 2283796
dry 1e7 5 153 - 0.23 0.79 459868
aoDLAV 1e7 5 153 - 1.09 211.77 2323016
aoULAV 1e7 5 153 - 1.47 216.56 2323016
aoD2AG 1e7 5 153 - 2.04 236.45 3062400
aoD2SG 1e7 5 153 - 2.51 281.76 3151164
dry 1e7 5 142 - 0.23 0.80 459872
aoDLAV 1e7 5 142 - 1.05 210.50 2323016
aoULAV 1e7 5 142 - 1.43 213.53 2323016
aoD2AG 1e7 5 142 - 2.42 236.47 3064100
aoD2SG 1e7 5 142 - 2.03 283.25 3149308
dry 1e7 10 204 - 0.40 1.39 850508
aoDLAV 1e7 10 204 - 1.55 4736.31 3533952
aoULAV 1e7 10 204 - 2.41 4722.81 3534064
aoD2AG 1e7 10 204 - 3.77 4803.77 4335980
aoD2SG 1e7 10 204 - 3.53 5811.39 4424576
dry 56e5 2 43 - 0.08 0.31 139544
aoDLAV 56e5 2 43 - 0.41 22.60 849556
aoULAV 56e5 2 43 - 0.43 24.27 849556
aoD2AG 56e5 2 43 - 0.85 34.39 1242756
aoD2SG 56e5 2 43 - 0.75 39.55 1286996
dry 1e7 5 13 - 0.23 0.78 459868
aoDLAV 1e7 5 13 - 1.05 216.45 2323020
aoULAV 1e7 5 13 - 1.49 220.08 2323016
aoD2AG 1e7 5 13 - 1.99 238.87 3063460
aoD2SG 1e7 5 13 - 2.58 286.65 3148104
dry 1e7 2 72 - 0.13 0.43 225484
aoDLAV 1e7 2 72 - 0.75 44.24 1502684
aoULAV 1e7 2 72 - 0.77 47.06 1502688
aoD2AG 1e7 2 72 - 1.60 66.63 2204772
aoD2SG 1e7 2 72 - 1.87 76.94 2283624
dry 32e5 2 45 - 0.07 0.24 92676
aoDLAV 32e5 2 45 - 0.28 11.98 493324
aoULAV 32e5 2 45 - 0.25 12.76 493336
aoD2AG 32e5 2 45 - 0.42 18.36 716972
aoD2SG 32e5 2 45 - 0.43 20.98 743556
dry 32e5 2 111 - 0.07 0.25 92676
aoDLAV 32e5 2 111 - 0.26 11.76 493324
aoULAV 32e5 2 111 - 0.29 12.55 493336
aoD2AG 32e5 2 111 - 0.44 18.16 718864
aoD2SG 32e5 2 111 - 0.43 20.69 744576
dry 1e7 10 144 - 0.43 1.39 850508
aoDLAV 1e7 10 144 - 2.01 5706.19 3533956
aoULAV 1e7 10 144 - 2.31 4765.30 3533956
aoD2AG 1e7 10 144 - 3.67 4757.20 4336944
aoD2SG 1e7 10 144 - 3.61 5624.14 4427228
dry 32e5 2 89 - 0.06 0.24 92680
aoDLAV 32e5 2 89 - 0.24 11.69 493324
aoULAV 32e5 2 89 - 0.25 12.42 493336
aoD2AG 32e5 2 89 - 0.44 17.78 717716
aoD2SG 32e5 2 89 - 0.41 20.42 743928
dry 1e7 5 98 - 0.23 0.79 459868
aoDLAV 1e7 5 98 - 1.04 209.46 2323016
aoULAV 1e7 5 98 - 1.46 212.00 2323016
aoD2AG 1e7 5 98 - 2.38 233.53 3064232
aoD2SG 1e7 5 98 - 2.05 277.03 3151668
dry 1e7 5 29 - 0.23 0.79 459868
aoDLAV 1e7 5 29 - 1.01 210.58 2323016
aoULAV 1e7 5 29 - 1.44 213.06 2323020
aoD2AG 1e7 5 29 - 2.41 234.45 3064532
aoD2SG 1e7 5 29 - 2.10 278.18 3152508
dry 56e5 2 233 - 0.08 0.31 139544
aoDLAV 56e5 2 233 - 0.42 22.29 849556
aoULAV 56e5 2 233 - 0.44 23.68 849556
aoD2AG 56e5 2 233 - 0.86 33.64 1243008
aoD2SG 56e5 2 233 - 0.77 38.60 1288384
dry 56e5 2 165 - 0.08 0.31 139544
aoDLAV 56e5 2 165 - 0.45 22.33 849556
aoULAV 56e5 2 165 - 0.41 23.77 849556
aoD2AG 56e5 2 165 - 0.71 33.74 1242428
aoD2SG 56e5 2 165 - 0.76 38.67 1288260
dry 32e5 2 100 - 0.05 0.25 92676
aoDLAV 32e5 2 100 - 0.26 11.67 493328
aoULAV 32e5 2 100 - 0.26 12.44 493336
aoD2AG 32e5 2 100 - 0.42 17.83 717260
aoD2SG 32e5 2 100 - 0.39 20.50 743064
dry 18e5 2 169 - 0.04 0.21 65328
aoDLAV 18e5 2 169 - 0.17 6.25 285512
aoULAV 18e5 2 169 - 0.15 6.64 285520
aoD2AG 18e5 2 169 - 0.24 9.63 413532
aoD2SG 18e5 2 169 - 0.29 10.93 427472
dry 32e5 2 156 - 0.05 0.25 92676
aoDLAV 32e5 2 156 - 0.26 11.70 493476
aoULAV 32e5 2 156 - 0.27 12.42 493340
aoD2AG 32e5 2 156 - 0.42 17.93 718324
aoD2SG 32e5 2 156 - 0.41 20.55 743376
dry 1e7 2 137 - 0.12 0.44 225484
aoDLAV 1e7 2 137 - 0.74 45.24 1502684
aoULAV 1e7 2 137 - 0.84 48.03 1502684
aoD2AG 1e7 2 137 - 1.57 68.07 2204684
aoD2SG 1e7 2 137 - 1.68 78.50 2284092
dry 56e5 2 121 - 0.08 0.32 139544
aoDLAV 56e5 2 121 - 0.44 23.34 849556
aoULAV 56e5 2 121 - 0.45 24.81 849556
aoD2AG 56e5 2 121 - 0.74 35.25 1242512
aoD2SG 56e5 2 121 - 0.79 40.52 1287096
dry 18e5 2 187 - 0.04 0.21 65324
aoDLAV 18e5 2 187 - 0.17 6.50 285508
aoULAV 18e5 2 187 - 0.16 6.96 285520
aoD2AG 18e5 2 187 - 0.25 10.07 412128
aoD2SG 18e5 2 187 - 0.26 11.44 426628
dry 1e7 5 191 - 0.24 0.80 459872
aoDLAV 1e7 5 191 - 1.08 218.55 2323016
aoULAV 1e7 5 191 - 1.50 219.81 2323016
aoD2AG 1e7 5 191 - 2.53 241.95 3064192
aoD2SG 1e7 5 191 - 2.18 288.14 3149144
dry 1e7 2 49 - 0.12 0.45 225484
aoDLAV 1e7 2 49 - 0.77 44.64 1502684
aoULAV 1e7 2 49 - 0.97 47.33 1502684
aoD2AG 1e7 2 49 - 1.56 67.22 2205220
aoD2SG 1e7 2 49 - 1.59 78.29 2284300
dry 56e5 2 55 - 0.09 0.33 139544
aoDLAV 56e5 2 55 - 0.46 23.56 849556
aoULAV 56e5 2 55 - 0.45 24.39 849556
aoD2AG 56e5 2 55 - 0.71 34.87 1241928
aoD2SG 56e5 2 55 - 0.93 39.94 1285420
dry 18e5 2 85 - 0.05 0.20 65328
aoDLAV 18e5 2 85 - 0.16 6.37 285508
aoULAV 18e5 2 85 - 0.14 6.80 285520
aoD2AG 18e5 2 85 - 0.27 9.83 411960
aoD2SG 18e5 2 85 - 0.26 11.17 426460
dry 1e7 5 41 - 0.23 0.79 459868
aoDLAV 1e7 5 41 - 1.08 216.90 2323016
aoULAV 1e7 5 41 - 1.56 218.92 2323016
aoD2AG 1e7 5 41 - 2.03 243.12 3063360
aoD2SG 1e7 5 41 - 2.59 289.66 3150808
dry 18e5 2 15 - 0.04 0.24 65324
aoDLAV 18e5 2 15 - 0.16 6.95 285508
aoULAV 18e5 2 15 - 0.16 7.10 285524
aoD2AG 18e5 2 15 - 0.24 11.31 412000
aoD2SG 18e5 2 15 - 0.27 13.43 426352
dry 32e5 2 28 - 0.07 0.24 92676
aoDLAV 32e5 2 28 - 0.24 13.09 493328
aoULAV 32e5 2 28 - 0.26 16.48 493336
aoD2AG 32e5 2 28 - 0.42 18.72 717796
aoD2SG 32e5 2 28 - 0.43 26.08 745316
dry 1e7 10 98 - 0.48 1.45 850512
aoDLAV 1e7 10 98 - 1.67 4720.00 3533960
aoULAV 1e7 10 98 - 2.37 4658.35 3533956
aoD2AG 1e7 10 98 - 3.55 4712.66 4336660
aoD2SG 1e7 10 98 - 3.68 5760.77 4426068
dry 1e7 2 52 - 0.12 0.44 225484
aoDLAV 1e7 2 52 - 0.78 43.97 1502704
aoULAV 1e7 2 52 - 0.74 46.61 1502684
aoD2AG 1e7 2 52 - 1.53 65.96 2203172
aoD2SG 1e7 2 52 - 1.66 76.36 2283676
dry 1e7 5 99 - 0.23 0.79 459872
aoDLAV 1e7 5 99 - 1.49 213.67 2323016
aoULAV 1e7 5 99 - 1.08 215.20 2323020
aoD2AG 1e7 5 99 - 2.42 237.90 3064568
aoD2SG 1e7 5 99 - 2.55 281.97 3150180
dry 1e7 2 219 - 0.13 0.44 225484
aoDLAV 1e7 2 219 - 0.75 44.14 1502684
aoULAV 1e7 2 219 - 0.77 46.60 1502684
aoD2AG 1e7 2 219 - 1.51 66.12 2202600
aoD2SG 1e7 2 219 - 1.58 76.21 2283708
dry 32e5 2 86 - 0.05 0.25 92676
aoDLAV 32e5 2 86 - 0.26 11.85 493328
aoULAV 32e5 2 86 - 0.31 12.66 493336
aoD2AG 32e5 2 86 - 0.40 18.15 719408
aoD2SG 32e5 2 86 - 0.45 20.68 742740
dry 18e5 2 110 - 0.04 0.21 65328
aoDLAV 18e5 2 110 - 0.16 6.34 285508
aoULAV 18e5 2 110 - 0.15 6.75 285520
aoD2AG 18e5 2 110 - 0.25 9.75 412444
aoD2SG 18e5 2 110 - 0.26 11.10 426804
dry 1e7 10 39 - 0.42 1.38 850508
aoDLAV 1e7 10 39 - 1.49 4779.56 3534060
aoULAV 1e7 10 39 - 2.36 4758.87 3533952
aoD2AG 1e7 10 39 - 3.77 4824.94 4336520
aoD2SG 1e7 10 39 - 3.64 5754.05 4425692
dry 56e5 2 243 - 0.08 0.30 139548
aoDLAV 56e5 2 243 - 0.44 22.75 849556
aoULAV 56e5 2 243 - 0.44 23.70 849556
aoD2AG 56e5 2 243 - 0.71 33.59 1241008
aoD2SG 56e5 2 243 - 0.70 38.64 1287752
dry 18e5 2 46 - 0.05 0.20 65328
aoDLAV 18e5 2 46 - 0.15 6.22 285512
aoULAV 18e5 2 46 - 0.17 6.57 285520
aoD2AG 18e5 2 46 - 0.25 9.54 412680
aoD2SG 18e5 2 46 - 0.24 10.86 426376
dry 1e7 5 103 - 0.23 0.78 459868
aoDLAV 1e7 5 103 - 1.07 210.64 2323016
aoULAV 1e7 5 103 - 1.50 213.16 2323020
aoD2AG 1e7 5 103 - 2.62 238.94 3062888
aoD2SG 1e7 5 103 - 2.77 312.48 3149200
dry 1e7 10 68 - 0.42 1.37 850512
aoDLAV 1e7 10 68 - 1.93 6353.10 3533956
aoULAV 1e7 10 68 - 2.48 4844.16 3533952
aoD2AG 1e7 10 68 - 3.42 4719.13 4335928
aoD2SG 1e7 10 68 - 3.62 5328.90 4424300
