dry 8e7 2 225 - 0.84 2.47 1592676
aoDLAV 8e7 2 225 - 6.14 477.30 11893324
aoULAV 8e7 2 225 - 8.04 506.59 11893328
aoD2AG 8e7 2 225 - 15.05 727.71 17486480
aoD2SG 8e7 2 225 - 15.66 867.30 18123760
dry 18e3 2 206 - 0.03 0.11 26752
aoDLAV 18e3 2 206 - 0.03 0.19 30744
aoULAV 18e3 2 206 - 0.03 0.20 30740
aoD2AG 18e3 2 206 - 0.03 0.23 31804
aoD2SG 18e3 2 206 - 0.03 0.22 31808
moore 18e3 2 206 - 3.04 4693.57 9534976
nbpm 18e3 2 206 - 23.26 2151.47 25451060
greedy 18e3 2 206 - 19.59 990.13 35458368
dry 2e4 2 101 - 0.04 0.11 26832
aoDLAV 2e4 2 101 - 0.04 0.18 30808
aoULAV 2e4 2 101 - 0.04 0.19 30812
aoD2AG 2e4 2 101 - 0.03 0.21 32284
aoD2SG 2e4 2 101 - 0.03 0.21 32292
moore 2e4 2 101 - 3.48 5968.38 11765552
nbpm 2e4 2 101 - 29.12 2788.32 31402196
greedy 2e4 2 101 - 24.43 1177.91 43771040
dry 8e7 2 96 - 0.91 2.43 1592676
aoDLAV 8e7 2 96 - 6.60 463.13 11893328
aoULAV 8e7 2 96 - 8.44 580.45 11893324
aoD2AG 8e7 2 96 - 15.05 676.35 17489300
aoD2SG 8e7 2 96 - 15.67 807.23 18127572
dry 8e7 2 181 - 0.81 2.46 1592680
aoDLAV 8e7 2 181 - 6.23 455.40 11893324
aoULAV 8e7 2 181 - 8.02 484.20 11893328
aoD2AG 8e7 2 181 - 15.91 690.38 17486636
aoD2SG 8e7 2 181 - 16.02 823.57 18122372
dry 150e2 2 238 - 0.03 0.11 28556
aoDLAV 150e2 2 238 - 0.02 0.18 30824
aoULAV 150e2 2 238 - 0.02 0.18 30824
aoD2AG 150e2 2 238 - 0.02 0.19 31612
aoD2SG 150e2 2 238 - 0.02 0.20 31608
moore 150e2 2 238 - 2.13 4048.81 6629368
nbpm 150e2 2 238 - 14.61 1174.46 16814180
greedy 150e2 2 238 - 13.25 663.49 24630028
dry 175e2 2 165 - 0.03 0.11 26736
aoDLAV 175e2 2 165 - 0.03 0.19 30720
aoULAV 175e2 2 165 - 0.02 0.20 30716
aoD2AG 175e2 2 165 - 0.04 0.20 31788
aoD2SG 175e2 2 165 - 0.03 0.21 31764
moore 175e2 2 165 - 2.70 4769.53 9014020
nbpm 175e2 2 165 - 21.97 1801.56 22863136
greedy 175e2 2 165 - 18.09 969.43 33516980
dry 2e4 5 161 - 0.02 0.13 27776
aoDLAV 2e4 5 161 - 0.04 0.30 32756
aoULAV 2e4 5 161 - 0.05 0.29 32768
aoD2AG 2e4 5 161 - 0.04 0.33 33340
aoD2SG 2e4 5 161 - 0.04 0.34 32860
moore 2e4 5 161 - 3.40 6854.63 11768084
nbpm 2e4 5 161 - 28.93 4976.21 34200504
greedy 2e4 5 161 - 24.68 1273.67 43774000
dry 125e2 2 2 - 0.03 0.11 26532
aoDLAV 125e2 2 2 - 0.02 0.18 30708
aoULAV 125e2 2 2 - 0.03 0.18 30708
aoD2AG 125e2 2 2 - 0.03 0.19 31376
aoD2SG 125e2 2 2 - 0.03 0.19 31376
moore 125e2 2 2 - 1.61 1891.34 4611552
nbpm 125e2 2 2 - 12.42 782.46 12302328
greedy 125e2 2 2 - 10.39 470.05 17109976
dry 8e7 2 132 - 0.94 2.47 1592676
aoDLAV 8e7 2 132 - 6.76 476.36 11893328
aoULAV 8e7 2 132 - 8.29 495.95 11893324
aoD2AG 8e7 2 132 - 15.39 865.75 17488100
aoD2SG 8e7 2 132 - 16.24 797.19 18126140
dry 2e4 5 114 - 0.04 0.11 27776
aoDLAV 2e4 5 114 - 0.03 0.29 32760
aoULAV 2e4 5 114 - 0.04 0.28 32768
aoD2AG 2e4 5 114 - 0.03 0.32 33348
aoD2SG 2e4 5 114 - 0.02 0.35 32860
moore 2e4 5 114 - 3.41 7225.09 11768080
nbpm 2e4 5 114 - 29.42 5116.64 34200496
greedy 2e4 5 114 - 24.67 1271.91 43774004
dry 1e8 5 126 - 2.32 6.24 4327052
aoDLAV 1e8 5 126 - 11.19 2543.86 23065208
aoULAV 1e8 5 126 - 15.95 2921.16 23065208
aoD2AG 1e8 5 126 - 26.55 4000.61 30456280
aoD2SG 1e8 5 126 - 27.80 3396.57 31312264
dry 8e7 2 207 - 0.86 2.46 1592676
aoDLAV 8e7 2 207 - 6.80 441.51 11893324
aoULAV 8e7 2 207 - 8.52 476.70 11893324
aoD2AG 8e7 2 207 - 15.73 747.94 17491288
aoD2SG 8e7 2 207 - 15.82 1063.60 18126976
dry 9e7 2 130 - 0.91 2.73 1788024
aoDLAV 9e7 2 130 - 7.17 518.24 13377684
aoULAV 9e7 2 130 - 9.25 547.03 13377684
aoD2AG 9e7 2 130 - 16.87 1014.25 19671104
aoD2SG 9e7 2 130 - 18.15 892.86 20389204
dry 8e7 2 236 - 0.90 2.45 1592680
aoDLAV 8e7 2 236 - 6.40 446.74 11893328
aoULAV 8e7 2 236 - 8.33 505.63 11893324
aoD2AG 8e7 2 236 - 15.50 731.14 17487836
aoD2SG 8e7 2 236 - 16.34 829.42 18125716
dry 2e4 2 37 - 0.02 0.12 30536
aoDLAV 2e4 2 37 - 0.04 0.19 30808
aoULAV 2e4 2 37 - 0.03 0.19 30808
aoD2AG 2e4 2 37 - 0.03 0.22 32292
aoD2SG 2e4 2 37 - 0.03 0.22 32292
moore 2e4 2 37 - 3.54 6471.91 11765556
nbpm 2e4 2 37 - 29.06 2711.70 31402240
greedy 2e4 2 37 - 24.29 1191.25 43771044
dry 175e2 2 222 - 0.03 0.11 26732
aoDLAV 175e2 2 222 - 0.03 0.19 30716
aoULAV 175e2 2 222 - 0.04 0.18 30716
aoD2AG 175e2 2 222 - 0.04 0.20 31752
aoD2SG 175e2 2 222 - 0.04 0.21 31756
moore 175e2 2 222 - 2.89 4630.66 9014040
nbpm 175e2 2 222 - 20.82 1832.11 22863148
greedy 175e2 2 222 - 19.22 1020.69 33516976
dry 2e4 10 36 - 0.02 0.13 30564
aoDLAV 2e4 10 36 - 0.03 1.81 34836
aoULAV 2e4 10 36 - 0.04 1.80 34852
aoD2AG 2e4 10 36 - 0.05 1.85 36076
aoD2SG 2e4 10 36 - 0.04 2.09 36076
moore 2e4 10 36 - 3.54 8024.62 11770836
nbpm 2e4 10 36 - 29.02 6458.75 30880040
greedy 2e4 10 36 - 24.19 1310.11 43775824
dry 18e3 2 84 - 0.03 0.12 28640
aoDLAV 18e3 2 84 - 0.03 0.19 30740
aoULAV 18e3 2 84 - 0.03 0.20 30740
aoD2AG 18e3 2 84 - 0.02 0.21 31804
aoD2SG 18e3 2 84 - 0.03 0.21 31812
moore 18e3 2 84 - 2.89 5554.91 9534988
nbpm 18e3 2 84 - 24.66 2001.73 25451068
greedy 18e3 2 84 - 20.56 981.48 35458364
dry 125e2 2 39 - 0.03 0.11 26532
aoDLAV 125e2 2 39 - 0.03 0.17 30708
aoULAV 125e2 2 39 - 0.03 0.17 30712
aoD2AG 125e2 2 39 - 0.03 0.18 31376
aoD2SG 125e2 2 39 - 0.02 0.20 31376
moore 125e2 2 39 - 1.66 1818.95 4611540
nbpm 125e2 2 39 - 11.70 685.76 12302320
greedy 125e2 2 39 - 9.42 432.02 17109964
dry 175e2 2 44 - 0.02 0.12 28708
aoDLAV 175e2 2 44 - 0.03 0.18 30720
aoULAV 175e2 2 44 - 0.03 0.18 30720
aoD2AG 175e2 2 44 - 0.03 0.20 31756
aoD2SG 175e2 2 44 - 0.03 0.20 31756
moore 175e2 2 44 - 2.69 5153.63 9014032
nbpm 175e2 2 44 - 21.11 1817.87 22863144
greedy 175e2 2 44 - 18.58 1015.78 33516976
dry 175e2 2 224 - 0.03 0.11 30484
aoDLAV 175e2 2 224 - 0.04 0.18 30716
aoULAV 175e2 2 224 - 0.04 0.17 30716
aoD2AG 175e2 2 224 - 0.03 0.20 31752
aoD2SG 175e2 2 224 - 0.03 0.21 31764
moore 175e2 2 224 - 2.81 4863.30 9014024
nbpm 175e2 2 224 - 21.52 1761.68 22863136
greedy 175e2 2 224 - 18.49 1030.92 33516976
dry 150e2 2 96 - 0.02 0.12 26632
aoDLAV 150e2 2 96 - 0.03 0.18 30824
aoULAV 150e2 2 96 - 0.03 0.19 30824
aoD2AG 150e2 2 96 - 0.02 0.21 31608
aoD2SG 150e2 2 96 - 0.02 0.20 31608
moore 150e2 2 96 - 2.10 2647.42 6629344
nbpm 150e2 2 96 - 15.01 1155.30 16814168
greedy 150e2 2 96 - 14.37 639.44 24630024
dry 150e2 2 245 - 0.02 0.13 26628
aoDLAV 150e2 2 245 - 0.04 0.19 30828
aoULAV 150e2 2 245 - 0.03 0.19 30824
aoD2AG 150e2 2 245 - 0.03 0.20 31612
aoD2SG 150e2 2 245 - 0.03 0.20 31608
moore 150e2 2 245 - 2.19 3190.48 6629352
nbpm 150e2 2 245 - 14.48 1121.60 16814176
greedy 150e2 2 245 - 14.29 788.06 24630024
dry 2e4 5 106 - 0.03 0.11 27776
aoDLAV 2e4 5 106 - 0.04 0.31 32756
aoULAV 2e4 5 106 - 0.04 0.30 32768
aoD2AG 2e4 5 106 - 0.04 0.32 33344
aoD2SG 2e4 5 106 - 0.03 0.35 32860
moore 2e4 5 106 - 3.53 7599.82 11768080
nbpm 2e4 5 106 - 28.49 5186.03 34200504
greedy 2e4 5 106 - 25.01 1294.97 43774000
dry 2e4 10 164 - 0.03 0.12 30636
aoDLAV 2e4 10 164 - 0.05 1.62 34836
aoULAV 2e4 10 164 - 0.03 1.76 34848
aoD2AG 2e4 10 164 - 0.04 1.86 36076
aoD2SG 2e4 10 164 - 0.04 2.10 36076
moore 2e4 10 164 - 3.58 8408.25 11770836
nbpm 2e4 10 164 - 29.23 6497.03 30880036
greedy 2e4 10 164 - 24.32 1432.19 43775820
dry 1e8 5 101 - 2.55 6.18 4327052
aoDLAV 1e8 5 101 - 11.44 2704.22 23065204
aoULAV 1e8 5 101 - 16.49 3739.27 23065204
aoD2AG 1e8 5 101 - 26.35 4171.47 30454516
aoD2SG 1e8 5 101 - 28.55 3491.49 31309592
dry 1e8 2 8 - 1.12 3.02 1983296
aoDLAV 1e8 2 8 - 8.30 581.79 14862068
aoULAV 1e8 2 8 - 11.01 849.69 14862068
aoD2AG 1e8 2 8 - 18.85 868.86 21854800
aoD2SG 1e8 2 8 - 19.85 1401.72 22653008
dry 150e2 2 215 - 0.04 0.11 27952
aoDLAV 150e2 2 215 - 0.03 0.18 30824
aoULAV 150e2 2 215 - 0.02 0.19 30824
aoD2AG 150e2 2 215 - 0.04 0.19 31612
aoD2SG 150e2 2 215 - 0.03 0.20 31608
moore 150e2 2 215 - 2.25 2789.80 6629344
nbpm 150e2 2 215 - 14.55 1124.66 16814164
greedy 150e2 2 215 - 14.63 663.44 24630024
dry 8e7 2 34 - 0.90 2.45 1592676
aoDLAV 8e7 2 34 - 6.87 458.21 11893324
aoULAV 8e7 2 34 - 8.09 475.04 11893324
aoD2AG 8e7 2 34 - 15.10 859.23 17486656
aoD2SG 8e7 2 34 - 15.84 793.09 18125024
dry 2e4 5 176 - 0.03 0.12 27780
aoDLAV 2e4 5 176 - 0.03 0.30 32756
aoULAV 2e4 5 176 - 0.03 0.31 32768
aoD2AG 2e4 5 176 - 0.04 0.34 33348
aoD2SG 2e4 5 176 - 0.04 0.36 32860
moore 2e4 5 176 - 5.33 7523.68 11768080
nbpm 2e4 5 176 - 31.07 4910.55 34200496
greedy 2e4 5 176 - 24.83 1286.09 43774004
dry 150e2 2 18 - 0.03 0.11 26632
aoDLAV 150e2 2 18 - 0.03 0.17 30824
aoULAV 150e2 2 18 - 0.03 0.18 30876
aoD2AG 150e2 2 18 - 0.03 0.19 31608
aoD2SG 150e2 2 18 - 0.03 0.20 31608
moore 150e2 2 18 - 2.13 2880.68 6629348
nbpm 150e2 2 18 - 14.68 1180.25 16814168
greedy 150e2 2 18 - 13.82 636.56 24630024
dry 9e7 2 76 - 1.86 2.65 1787984
aoDLAV 9e7 2 76 - 7.15 501.72 13377688
aoULAV 9e7 2 76 - 9.17 535.39 13377684
aoD2AG 9e7 2 76 - 16.96 763.47 19669416
aoD2SG 9e7 2 76 - 17.92 893.42 20389916
dry 1e8 5 112 - 2.34 6.25 4327052
aoDLAV 1e8 5 112 - 11.85 3418.11 23065204
aoULAV 1e8 5 112 - 16.04 2572.01 23065208
aoD2AG 1e8 5 112 - 25.44 2828.79 30458632
aoD2SG 1e8 5 112 - 28.43 3649.10 31309256
dry 2e4 10 55 - 0.03 0.12 30480
aoDLAV 2e4 10 55 - 0.03 1.77 34836
aoULAV 2e4 10 55 - 0.03 1.74 34852
aoD2AG 2e4 10 55 - 0.04 1.80 36080
aoD2SG 2e4 10 55 - 0.04 2.04 36080
