dry 5e7 2 213 - 0.51 1.59 1006736
aoDLAV 5e7 2 213 - 3.94 301.56 7440192
aoULAV 5e7 2 213 - 5.54 368.46 7440192
aoD2AG 5e7 2 213 - 9.32 418.27 10934816
aoD2SG 5e7 2 213 - 9.89 517.51 11332716
dry 32e2 2 223 - 0.03 0.12 26112
aoDLAV 32e2 2 223 - 0.03 0.14 30540
aoULAV 32e2 2 223 - 0.02 0.15 30552
aoD2AG 32e2 2 223 - 0.02 0.15 31204
aoD2SG 32e2 2 223 - 0.03 0.15 31264
moore 32e2 2 223 - 0.18 44.81 330512
nbpm 32e2 2 223 - 0.84 20.94 854752
greedy 32e2 2 223 - 0.64 22.23 1150164
dry 3e7 2 82 - 0.33 1.04 616104
aoDLAV 3e7 2 82 - 2.57 170.32 4471432
aoULAV 3e7 2 82 - 3.36 180.45 4471428
aoD2AG 3e7 2 82 - 5.03 252.78 6571076
aoD2SG 3e7 2 82 - 6.14 288.44 6809040
dry 5e7 2 239 - 0.63 1.68 1006736
aoDLAV 5e7 2 239 - 4.27 297.22 7440192
aoULAV 5e7 2 239 - 5.42 410.30 7440196
aoD2AG 5e7 2 239 - 10.21 447.23 10937204
aoD2SG 5e7 2 239 - 10.79 524.99 11336828
dry 1e4 5 102 - 0.02 0.13 28548
aoDLAV 1e4 5 102 - 0.03 0.22 31084
aoULAV 1e4 5 102 - 0.04 0.23 31100
aoD2AG 1e4 5 102 - 0.04 0.26 32108
aoD2SG 1e4 5 102 - 0.04 0.26 32108
moore 1e4 5 102 - 1.22 1469.04 2961736
nbpm 1e4 5 102 - 7.41 609.65 7811452
greedy 1e4 5 102 - 6.38 288.79 10959176
dry 4e7 2 44 - 0.48 1.38 811428
aoDLAV 4e7 2 44 - 3.42 225.39 5955816
aoULAV 4e7 2 44 - 4.45 244.63 5955816
aoD2AG 4e7 2 44 - 7.30 342.86 8751628
aoD2SG 4e7 2 44 - 8.42 409.58 9072876
dry 5e7 2 198 - 0.59 1.62 1006736
aoDLAV 5e7 2 198 - 4.28 302.76 7440192
aoULAV 5e7 2 198 - 5.42 314.44 7440192
aoD2AG 5e7 2 198 - 9.75 439.53 10938828
aoD2SG 5e7 2 198 - 10.18 528.43 11335720
dry 32e6 2 87 - 0.40 1.06 655176
aoDLAV 32e6 2 87 - 2.74 184.69 4768324
aoULAV 32e6 2 87 - 3.33 201.20 4768324
aoD2AG 32e6 2 87 - 6.60 273.04 7006748
aoD2SG 32e6 2 87 - 7.13 353.23 7262232
dry 56e6 2 182 - 0.71 1.80 1123928
aoDLAV 56e6 2 182 - 4.81 334.11 8330820
aoULAV 56e6 2 182 - 5.91 364.70 8330820
aoD2AG 56e6 2 182 - 11.30 509.71 12248100
aoD2SG 56e6 2 182 - 11.49 576.45 12696748
dry 32e2 2 42 - 0.02 0.12 26116
aoDLAV 32e2 2 42 - 0.03 0.14 30540
aoULAV 32e2 2 42 - 0.02 0.15 30552
aoD2AG 32e2 2 42 - 0.03 0.15 31200
aoD2SG 32e2 2 42 - 0.03 0.15 31260
moore 32e2 2 42 - 0.42 91.08 330520
nbpm 32e2 2 42 - 0.95 20.30 854760
greedy 32e2 2 42 - 0.75 22.45 1150164
dry 50e2 2 47 - 0.02 0.13 26208
aoDLAV 50e2 2 47 - 0.03 0.16 30852
aoULAV 50e2 2 47 - 0.03 0.15 30860
aoD2AG 50e2 2 47 - 0.03 0.16 31784
aoD2SG 50e2 2 47 - 0.04 0.16 31876
moore 50e2 2 47 - 0.32 110.19 762980
nbpm 50e2 2 47 - 1.91 58.17 2011928
greedy 50e2 2 47 - 1.58 60.13 2764780
dry 6e7 2 200 - 0.70 1.89 1202044
aoDLAV 6e7 2 200 - 4.99 362.00 8924560
aoULAV 6e7 2 200 - 6.46 378.84 8924560
aoD2AG 6e7 2 200 - 11.89 645.04 13123076
aoD2SG 6e7 2 200 - 12.74 630.83 13599264
dry 7e7 2 200 - 0.84 2.20 1397356
aoDLAV 7e7 2 200 - 6.21 426.74 10408936
aoULAV 7e7 2 200 - 7.64 449.48 10408936
aoD2AG 7e7 2 200 - 13.96 658.00 15305860
aoD2SG 7e7 2 200 - 14.60 930.55 15864232
dry 32e2 2 243 - 0.03 0.12 26116
aoDLAV 32e2 2 243 - 0.04 0.15 30540
aoULAV 32e2 2 243 - 0.03 0.16 30548
aoD2AG 32e2 2 243 - 0.03 0.16 31200
aoD2SG 32e2 2 243 - 0.03 0.15 31256
moore 32e2 2 243 - 0.20 51.36 330520
nbpm 32e2 2 243 - 0.89 21.40 854760
greedy 32e2 2 243 - 0.72 21.30 1150164
dry 6e7 2 156 - 0.66 1.91 1202048
aoDLAV 6e7 2 156 - 5.05 364.18 8924564
aoULAV 6e7 2 156 - 6.82 454.14 8924572
aoD2AG 6e7 2 156 - 11.91 552.40 13121060
aoD2SG 6e7 2 156 - 12.82 648.21 13598452
dry 18e6 2 92 - 0.27 0.72 381736
aoDLAV 18e6 2 92 - 1.58 97.41 2690196
aoULAV 18e6 2 92 - 1.64 103.17 2690192
aoD2AG 18e6 2 92 - 3.73 148.43 3952248
aoD2SG 18e6 2 92 - 3.27 168.39 4094352
dry 2e7 2 121 - 0.28 0.77 420800
aoDLAV 2e7 2 121 - 1.81 111.28 2987072
aoULAV 2e7 2 121 - 1.85 117.46 2987068
aoD2AG 2e7 2 121 - 3.91 155.53 4386656
aoD2SG 2e7 2 121 - 3.64 188.75 4545308
dry 4e7 2 4 - 0.51 1.33 811424
aoDLAV 4e7 2 4 - 3.39 221.82 5955820
aoULAV 4e7 2 4 - 3.42 247.15 5955816
aoD2AG 4e7 2 4 - 7.89 346.78 8755904
aoD2SG 4e7 2 4 - 8.41 422.15 9076072
dry 56e6 2 56 - 0.68 1.76 1123924
aoDLAV 56e6 2 56 - 4.83 343.19 8330820
aoULAV 56e6 2 56 - 6.23 348.69 8330816
aoD2AG 56e6 2 56 - 10.98 499.70 12245548
aoD2SG 56e6 2 56 - 11.91 591.07 12695464
dry 50e2 2 53 - 0.02 0.12 26204
aoDLAV 50e2 2 53 - 0.03 0.15 30848
aoULAV 50e2 2 53 - 0.03 0.15 30860
aoD2AG 50e2 2 53 - 0.03 0.16 31796
aoD2SG 50e2 2 53 - 0.03 0.17 31872
moore 50e2 2 53 - 0.31 130.80 762980
nbpm 50e2 2 53 - 2.07 63.97 2011924
greedy 50e2 2 53 - 1.75 61.53 2764784
dry 50e2 2 240 - 0.02 0.13 26204
aoDLAV 50e2 2 240 - 0.03 0.15 30848
aoULAV 50e2 2 240 - 0.02 0.17 30864
aoD2AG 50e2 2 240 - 0.03 0.16 31804
aoD2SG 50e2 2 240 - 0.04 0.18 31872
moore 50e2 2 240 - 0.69 201.60 764624
nbpm 50e2 2 240 - 2.02 53.77 2011916
greedy 50e2 2 240 - 1.63 62.52 2764784
dry 2e7 2 7 - 0.24 0.74 420796
aoDLAV 2e7 2 7 - 1.74 108.23 2987072
aoULAV 2e7 2 7 - 1.69 115.48 2987068
aoD2AG 2e7 2 7 - 3.97 166.16 4387200
aoD2SG 2e7 2 7 - 3.70 188.31 4547876
dry 4e7 2 104 - 0.47 1.31 811424
aoDLAV 4e7 2 104 - 3.37 284.06 5955816
aoULAV 4e7 2 104 - 4.37 262.79 5955844
aoD2AG 4e7 2 104 - 8.17 356.70 8754268
aoD2SG 4e7 2 104 - 8.71 403.99 9071592
dry 50e2 2 111 - 0.03 0.12 26204
aoDLAV 50e2 2 111 - 0.02 0.16 30848
aoULAV 50e2 2 111 - 0.04 0.15 30860
aoD2AG 50e2 2 111 - 0.04 0.16 31776
aoD2SG 50e2 2 111 - 0.03 0.18 31892
moore 50e2 2 111 - 0.45 156.17 764620
nbpm 50e2 2 111 - 2.09 57.74 2011916
greedy 50e2 2 111 - 1.73 61.17 2764780
dry 75e2 2 188 - 0.03 0.12 26332
aoDLAV 75e2 2 188 - 0.02 0.16 31376
aoULAV 75e2 2 188 - 0.03 0.15 31388
aoD2AG 75e2 2 188 - 0.02 0.18 31380
aoD2SG 75e2 2 188 - 0.03 0.18 31380
moore 75e2 2 188 - 1.45 547.78 1688784
nbpm 75e2 2 188 - 4.10 162.79 4242120
greedy 75e2 2 188 - 3.93 157.55 6183096
dry 7e7 2 160 - 0.84 2.18 1397356
aoDLAV 7e7 2 160 - 6.17 521.67 10408940
aoULAV 7e7 2 160 - 7.65 455.81 10408936
aoD2AG 7e7 2 160 - 14.08 649.07 15300388
aoD2SG 7e7 2 160 - 14.18 760.29 15860840
dry 7e7 2 212 - 0.82 2.18 1397356
aoDLAV 7e7 2 212 - 5.86 422.10 10408936
aoULAV 7e7 2 212 - 7.31 463.39 10408936
aoD2AG 7e7 2 212 - 13.86 659.85 15300236
aoD2SG 7e7 2 212 - 14.13 746.79 15859284
dry 32e2 2 77 - 0.03 0.11 26116
aoDLAV 32e2 2 77 - 0.03 0.15 30560
aoULAV 32e2 2 77 - 0.03 0.14 30552
aoD2AG 32e2 2 77 - 0.03 0.15 31200
aoD2SG 32e2 2 77 - 0.03 0.15 31256
moore 32e2 2 77 - 0.20 56.11 330512
nbpm 32e2 2 77 - 0.86 19.43 854752
greedy 32e2 2 77 - 0.73 20.32 1150168
dry 3e7 2 124 - 0.33 1.04 616104
aoDLAV 3e7 2 124 - 2.61 213.38 4471428
aoULAV 3e7 2 124 - 3.11 174.26 4471432
aoD2AG 3e7 2 124 - 5.46 251.38 6572520
aoD2SG 3e7 2 124 - 6.21 301.54 6812732
dry 18e2 2 17 - 0.02 0.12 26052
aoDLAV 18e2 2 17 - 0.03 0.15 30372
aoULAV 18e2 2 17 - 0.03 0.15 30384
aoD2AG 18e2 2 17 - 0.02 0.16 30796
aoD2SG 18e2 2 17 - 0.04 0.15 30840
moore 18e2 2 17 - 0.08 26.25 125408
nbpm 18e2 2 17 - 0.19 8.04 334528
greedy 18e2 2 17 - 0.28 4.07 384352
dry 1e4 5 197 - 0.02 0.13 26900
aoDLAV 1e4 5 197 - 0.03 0.21 31084
aoULAV 1e4 5 197 - 0.03 0.22 31096
aoD2AG 1e4 5 197 - 0.03 0.22 32108
aoD2SG 1e4 5 197 - 0.04 0.22 32108
moore 1e4 5 197 - 1.22 1044.42 2961736
nbpm 1e4 5 197 - 7.62 618.37 7811468
greedy 1e4 5 197 - 6.32 303.83 10959172
dry 50e2 2 149 - 0.02 0.13 26204
aoDLAV 50e2 2 149 - 0.03 0.15 30848
aoULAV 50e2 2 149 - 0.02 0.15 30864
aoD2AG 50e2 2 149 - 0.03 0.16 31796
aoD2SG 50e2 2 149 - 0.02 0.18 31848
moore 50e2 2 149 - 0.98 255.99 764620
nbpm 50e2 2 149 - 1.88 50.49 2011916
greedy 50e2 2 149 - 1.65 61.01 2764780
dry 25e2 2 195 - 0.03 0.12 26080
aoDLAV 25e2 2 195 - 0.04 0.15 30452
aoULAV 25e2 2 195 - 0.04 0.15 30464
aoD2AG 25e2 2 195 - 0.04 0.15 30980
aoD2SG 25e2 2 195 - 0.03 0.16 31024
moore 25e2 2 195 - 0.10 32.86 213604
nbpm 25e2 2 195 - 0.52 12.70 541644
greedy 25e2 2 195 - 0.41 10.25 713664
dry 1e4 2 71 - 0.02 0.13 26432
aoDLAV 1e4 2 71 - 0.03 0.17 31864
aoULAV 1e4 2 71 - 0.02 0.18 31876
aoD2AG 1e4 2 71 - 0.03 0.18 31876
aoD2SG 1e4 2 71 - 0.03 0.18 31988
moore 1e4 2 71 - 1.19 1143.93 2960572
nbpm 1e4 2 71 - 7.34 349.18 7889416
greedy 1e4 2 71 - 6.49 266.06 10968576
dry 32e2 2 28 - 0.02 0.13 26112
aoDLAV 32e2 2 28 - 0.03 0.17 30544
aoULAV 32e2 2 28 - 0.03 0.16 30552
aoD2AG 32e2 2 28 - 0.04 0.16 31200
aoD2SG 32e2 2 28 - 0.03 0.16 31252
moore 32e2 2 28 - 0.24 55.09 330524
nbpm 32e2 2 28 - 0.91 19.31 854764
greedy 32e2 2 28 - 0.72 21.48 1150168
dry 18e6 2 107 - 0.24 0.70 381736
aoDLAV 18e6 2 107 - 1.65 94.34 2690196
aoULAV 18e6 2 107 - 1.95 102.35 2690196
aoD2AG 18e6 2 107 - 3.23 140.91 3949512
aoD2SG 18e6 2 107 - 3.61 168.20 4094400
dry 3e7 2 80 - 0.39 1.04 616104
aoDLAV 3e7 2 80 - 2.52 166.80 4471428
aoULAV 3e7 2 80 - 3.35 179.38 4471428
aoD2AG 3e7 2 80 - 5.73 255.74 6569432
aoD2SG 3e7 2 80 - 6.42 314.75 6810464
dry 1e4 2 192 - 0.03 0.12 26432
aoDLAV 1e4 2 192 - 0.04 0.17 31864
aoULAV 1e4 2 192 - 0.04 0.18 31876
aoD2AG 1e4 2 192 - 0.04 0.19 31876
aoD2SG 1e4 2 192 - 0.03 0.19 31988
moore 1e4 2 192 - 1.20 1225.20 2960580
nbpm 1e4 2 192 - 7.79 393.80 7889424
greedy 1e4 2 192 - 6.49 274.50 10968568
dry 1e4 5 189 - 0.03 0.12 28856
aoDLAV 1e4 5 189 - 0.03 0.22 31084
aoULAV 1e4 5 189 - 0.03 0.22 31096
aoD2AG 1e4 5 189 - 0.04 0.23 32108
aoD2SG 1e4 5 189 - 0.03 0.23 32112
moore 1e4 5 189 - 1.22 997.04 2961740
nbpm 1e4 5 189 - 7.63 977.25 7811452
greedy 1e4 5 189 - 6.87 289.76 10959172
dry 18e6 2 230 - 0.28 0.71 381736
aoDLAV 18e6 2 230 - 1.57 99.19 2690192
aoULAV 18e6 2 230 - 2.08 104.50 2690192
aoD2AG 18e6 2 230 - 3.30 146.72 3950176
aoD2SG 18e6 2 230 - 3.75 205.06 4094428
dry 32e2 2 166 - 0.03 0.11 26112
aoDLAV 32e2 2 166 - 0.02 0.15 30540
aoULAV 32e2 2 166 - 0.03 0.15 30552
aoD2AG 32e2 2 166 - 0.03 0.15 31220
aoD2SG 32e2 2 166 - 0.03 0.15 31288
moore 32e2 2 166 - 0.33 64.41 330516
nbpm 32e2 2 166 - 0.92 20.33 854752
greedy 32e2 2 166 - 0.72 22.42 1150164
dry 25e2 2 233 - 0.02 0.12 26084
aoDLAV 25e2 2 233 - 0.03 0.14 30456
aoULAV 25e2 2 233 - 0.03 0.15 30468
aoD2AG 25e2 2 233 - 0.02 0.16 30992
aoD2SG 25e2 2 233 - 0.03 0.15 31032
moore 25e2 2 233 - 0.09 39.60 213608
nbpm 25e2 2 233 - 0.60 12.30 541644
greedy 25e2 2 233 - 0.48 11.41 713668
dry 56e2 2 101 - 0.03 0.11 26236
aoDLAV 56e2 2 101 - 0.03 0.15 30980
aoULAV 56e2 2 101 - 0.02 0.16 30988
aoD2AG 56e2 2 101 - 0.02 0.18 31956
aoD2SG 56e2 2 101 - 0.03 0.17 31124
moore 56e2 2 101 - 0.39 178.86 949992
nbpm 56e2 2 101 - 2.43 74.86 2388088
greedy 56e2 2 101 - 2.16 75.61 3460508
dry 32e6 2 67 - 0.41 1.10 655176
aoDLAV 32e6 2 67 - 2.84 179.59 4768324
aoULAV 32e6 2 67 - 3.50 190.89 4768328
aoD2AG 32e6 2 67 - 5.45 277.26 7008944
aoD2SG 32e6 2 67 - 6.52 317.12 7262724
dry 3e7 2 25 - 0.34 1.05 616104
aoDLAV 3e7 2 25 - 2.81 216.76 4471428
aoULAV 3e7 2 25 - 3.21 172.29 4471428
aoD2AG 3e7 2 25 - 5.93 257.62 6570680
aoD2SG 3e7 2 25 - 6.39 296.88 6809404
dry 25e2 2 173 - 0.03 0.13 26080
aoDLAV 25e2 2 173 - 0.03 0.15 30452
aoULAV 25e2 2 173 - 0.04 0.14 30464
aoD2AG 25e2 2 173 - 0.03 0.16 30976
aoD2SG 25e2 2 173 - 0.03 0.15 31016
moore 25e2 2 173 - 0.10 42.65 213596
nbpm 25e2 2 173 - 0.56 12.02 541640
greedy 25e2 2 173 - 0.43 9.90 713664
dry 56e6 2 239 - 0.70 1.76 1123924
aoDLAV 56e6 2 239 - 4.87 332.78 8330816
aoULAV 56e6 2 239 - 6.16 353.99 8330816
aoD2AG 56e6 2 239 - 11.32 505.35 12247872
aoD2SG 56e6 2 239 - 11.84 589.38 12692148
dry 2e7 2 18 - 0.24 0.77 420800
aoDLAV 2e7 2 18 - 1.72 113.98 2987068
aoULAV 2e7 2 18 - 1.60 116.35 2987068
aoD2AG 2e7 2 18 - 4.21 166.72 4387828
aoD2SG 2e7 2 18 - 3.71 189.58 4547856
dry 1e4 10 222 - 0.04 0.11 27688
aoDLAV 1e4 10 222 - 0.03 0.73 32764
aoULAV 1e4 10 222 - 0.03 0.69 32776
aoD2AG 1e4 10 222 - 0.03 0.78 32744
aoD2SG 1e4 10 222 - 0.03 0.78 34176
moore 1e4 10 222 - 1.31 1074.62 2963852
nbpm 1e4 10 222 - 7.54 1001.27 7764392
greedy 1e4 10 222 - 6.28 269.39 10961112
dry 6e7 2 68 - 0.69 1.91 1202048
aoDLAV 6e7 2 68 - 5.16 358.05 8924564
aoULAV 6e7 2 68 - 6.27 393.79 8924564
aoD2AG 6e7 2 68 - 12.22 547.31 13122676
aoD2SG 6e7 2 68 - 12.96 640.83 13597024
dry 3e7 2 106 - 0.36 1.03 616104
aoDLAV 3e7 2 106 - 2.42 170.26 4471428
aoULAV 3e7 2 106 - 2.47 179.82 4471428
aoD2AG 3e7 2 106 - 5.93 254.84 6570404
aoD2SG 3e7 2 106 - 6.58 326.21 6810640
dry 1e4 2 175 - 0.02 0.12 26432
aoDLAV 1e4 2 175 - 0.02 0.18 31864
aoULAV 1e4 2 175 - 0.03 0.17 31880
aoD2AG 1e4 2 175 - 0.03 0.18 31876
aoD2SG 1e4 2 175 - 0.03 0.18 31988
moore 1e4 2 175 - 1.13 1348.96 2960580
nbpm 1e4 2 175 - 7.69 360.62 7889424
greedy 1e4 2 175 - 7.00 293.41 10968568
dry 25e2 2 113 - 0.03 0.11 26084
aoDLAV 25e2 2 113 - 0.03 0.15 30452
aoULAV 25e2 2 113 - 0.02 0.15 30468
aoD2AG 25e2 2 113 - 0.03 0.16 30988
aoD2SG 25e2 2 113 - 0.04 0.14 31036
moore 25e2 2 113 - 0.10 18.98 213624
nbpm 25e2 2 113 - 0.61 12.72 541636
greedy 25e2 2 113 - 0.45 11.38 713672
dry 56e2 2 121 - 0.02 0.12 26240
aoDLAV 56e2 2 121 - 0.03 0.15 31024
aoULAV 56e2 2 121 - 0.03 0.15 30988
aoD2AG 56e2 2 121 - 0.02 0.18 31976
aoD2SG 56e2 2 121 - 0.02 0.18 31124
moore 56e2 2 121 - 0.46 173.34 949988
nbpm 56e2 2 121 - 2.37 74.77 2388092
greedy 56e2 2 121 - 2.24 80.61 3460488
dry 1e4 10 45 - 0.03 0.12 27688
aoDLAV 1e4 10 45 - 0.04 0.71 32768
aoULAV 1e4 10 45 - 0.03 0.73 32776
aoD2AG 1e4 10 45 - 0.03 0.77 32744
aoD2SG 1e4 10 45 - 0.04 0.83 34176
moore 1e4 10 45 - 1.25 982.18 2963856
nbpm 1e4 10 45 - 7.62 782.26 7764388
greedy 1e4 10 45 - 6.48 270.75 10961108
dry 25e2 2 55 - 0.03 0.12 26080
aoDLAV 25e2 2 55 - 0.03 0.16 30500
aoULAV 25e2 2 55 - 0.04 0.15 30464
aoD2AG 25e2 2 55 - 0.04 0.15 30980
aoD2SG 25e2 2 55 - 0.04 0.16 31024
moore 25e2 2 55 - 0.08 17.98 213628
nbpm 25e2 2 55 - 0.59 13.06 541636
greedy 25e2 2 55 - 0.40 10.93 713668
dry 1e4 10 54 - 0.03 0.11 27688
aoDLAV 1e4 10 54 - 0.02 0.78 32764
aoULAV 1e4 10 54 - 0.03 0.70 32784
aoD2AG 1e4 10 54 - 0.02 0.73 32744
aoD2SG 1e4 10 54 - 0.04 0.79 34176
moore 1e4 10 54 - 1.27 965.01 2963856
nbpm 1e4 10 54 - 7.64 688.10 7764384
greedy 1e4 10 54 - 6.76 269.61 10961108
dry 25e2 2 209 - 0.02 0.12 26084
aoDLAV 25e2 2 209 - 0.03 0.15 30452
aoULAV 25e2 2 209 - 0.03 0.16 30468
aoD2AG 25e2 2 209 - 0.04 0.15 30976
aoD2SG 25e2 2 209 - 0.03 0.15 31020
moore 25e2 2 209 - 0.10 34.01 213600
nbpm 25e2 2 209 - 0.56 12.58 541636
greedy 25e2 2 209 - 0.41 10.04 713668
dry 56e2 2 105 - 0.02 0.12 26236
aoDLAV 56e2 2 105 - 0.04 0.14 30976
aoULAV 56e2 2 105 - 0.03 0.15 30988
aoD2AG 56e2 2 105 - 0.04 0.17 31972
aoD2SG 56e2 2 105 - 0.03 0.18 31128
moore 56e2 2 105 - 0.70 239.84 952724
nbpm 56e2 2 105 - 2.40 81.16 2388088
greedy 56e2 2 105 - 2.11 79.04 3460488
dry 32e6 2 83 - 0.35 1.10 655176
aoDLAV 32e6 2 83 - 2.68 187.57 4768324
aoULAV 32e6 2 83 - 3.44 192.34 4768324
aoD2AG 32e6 2 83 - 5.45 262.76 7008280
aoD2SG 32e6 2 83 - 6.59 293.33 7262120
