dry 125e2 2 136 - 0.02 0.10 26536
aoDLAV 125e2 2 136 - 0.03 0.14 30708
aoULAV 125e2 2 136 - 0.03 0.15 30708
aoD2AG 125e2 2 136 - 0.02 0.16 31420
aoD2SG 125e2 2 136 - 0.03 0.16 31376
moore 125e2 2 136 - 1.55 1698.52 4611548
nbpm 125e2 2 136 - 11.26 666.48 12302332
greedy 125e2 2 136 - 9.31 457.16 17109964
dry 2e4 2 153 - 0.03 0.12 26828
aoDLAV 2e4 2 153 - 0.05 0.18 30812
aoULAV 2e4 2 153 - 0.04 0.18 30808
aoD2AG 2e4 2 153 - 0.03 0.21 32288
aoD2SG 2e4 2 153 - 0.03 0.21 32292
moore 2e4 2 153 - 3.48 6729.61 11765660
nbpm 2e4 2 153 - 28.99 2587.24 31402192
greedy 2e4 2 153 - 24.24 1311.31 43771040
dry 1e8 2 144 - 1.14 3.05 1983296
aoDLAV 1e8 2 144 - 8.51 617.46 14862068
aoULAV 1e8 2 144 - 10.76 641.96 14862068
aoD2AG 1e8 2 144 - 18.75 912.58 21855488
aoD2SG 1e8 2 144 - 19.78 1062.43 22652520
dry 18e3 2 47 - 0.03 0.12 26748
aoDLAV 18e3 2 47 - 0.03 0.18 30744
aoULAV 18e3 2 47 - 0.03 0.18 30740
aoD2AG 18e3 2 47 - 0.02 0.20 31804
aoD2SG 18e3 2 47 - 0.02 0.21 31812
moore 18e3 2 47 - 2.84 4487.29 9534988
nbpm 18e3 2 47 - 24.06 1869.21 25451064
greedy 18e3 2 47 - 18.86 1007.65 35458368
dry 125e2 2 157 - 0.02 0.12 26536
aoDLAV 125e2 2 157 - 0.03 0.18 30708
aoULAV 125e2 2 157 - 0.03 0.17 30708
aoD2AG 125e2 2 157 - 0.03 0.18 31380
aoD2SG 125e2 2 157 - 0.03 0.19 31376
moore 125e2 2 157 - 1.66 1989.00 4611540
nbpm 125e2 2 157 - 11.65 677.66 12302320
greedy 125e2 2 157 - 10.22 446.82 17109964
dry 18e3 2 188 - 0.03 0.12 28780
aoDLAV 18e3 2 188 - 0.04 0.18 30740
aoULAV 18e3 2 188 - 0.03 0.19 30740
aoD2AG 18e3 2 188 - 0.03 0.20 31804
aoD2SG 18e3 2 188 - 0.03 0.21 31808
moore 18e3 2 188 - 2.87 5273.85 9534976
nbpm 18e3 2 188 - 23.81 1913.04 25451056
greedy 18e3 2 188 - 20.71 1072.37 35458364
dry 9e7 2 102 - 1.03 2.75 1787984
aoDLAV 9e7 2 102 - 7.96 547.83 13377688
aoULAV 9e7 2 102 - 9.78 562.05 13377684
aoD2AG 9e7 2 102 - 17.32 805.97 19670392
aoD2SG 9e7 2 102 - 18.27 969.00 20389896
dry 18e3 2 108 - 0.03 0.11 26748
aoDLAV 18e3 2 108 - 0.03 0.19 30740
aoULAV 18e3 2 108 - 0.04 0.18 30740
aoD2AG 18e3 2 108 - 0.03 0.20 31804
aoD2SG 18e3 2 108 - 0.03 0.21 31812
moore 18e3 2 108 - 3.02 4778.98 9534976
nbpm 18e3 2 108 - 23.37 1936.42 25451056
greedy 18e3 2 108 - 19.00 1003.69 35458364
dry 1e8 2 9 - 1.11 3.04 1983300
aoDLAV 1e8 2 9 - 8.26 603.65 14862068
aoULAV 1e8 2 9 - 10.37 641.93 14862072
aoD2AG 1e8 2 9 - 18.95 917.11 21852140
aoD2SG 1e8 2 9 - 20.68 1093.58 22650452
dry 9e7 2 248 - 0.98 2.75 1787984
aoDLAV 9e7 2 248 - 8.26 530.12 13377684
aoULAV 9e7 2 248 - 9.47 551.69 13377684
aoD2AG 9e7 2 248 - 16.55 789.84 19668840
aoD2SG 9e7 2 248 - 18.26 936.93 20388268
dry 150e2 2 128 - 0.02 0.13 26628
aoDLAV 150e2 2 128 - 0.04 0.18 30824
aoULAV 150e2 2 128 - 0.04 0.18 30828
aoD2AG 150e2 2 128 - 0.04 0.19 31612
aoD2SG 150e2 2 128 - 0.03 0.20 31608
moore 150e2 2 128 - 2.12 3213.97 6629348
nbpm 150e2 2 128 - 15.01 1457.81 16814172
greedy 150e2 2 128 - 13.31 666.16 24630024
dry 2e4 2 212 - 0.03 0.11 28804
aoDLAV 2e4 2 212 - 0.03 0.18 30808
aoULAV 2e4 2 212 - 0.03 0.19 30808
aoD2AG 2e4 2 212 - 0.04 0.19 32288
aoD2SG 2e4 2 212 - 0.02 0.21 32292
moore 2e4 2 212 - 3.79 7073.34 11765552
nbpm 2e4 2 212 - 28.93 2684.72 31402196
greedy 2e4 2 212 - 24.45 1224.44 43771044
dry 8e7 2 133 - 0.92 2.45 1592676
aoDLAV 8e7 2 133 - 6.76 475.12 11893328
aoULAV 8e7 2 133 - 8.15 488.75 11893324
aoD2AG 8e7 2 133 - 15.24 692.22 17489696
aoD2SG 8e7 2 133 - 16.26 811.22 18128708
dry 18e3 2 192 - 0.02 0.11 26748
aoDLAV 18e3 2 192 - 0.03 0.19 30740
aoULAV 18e3 2 192 - 0.03 0.19 30740
aoD2AG 18e3 2 192 - 0.04 0.19 31808
aoD2SG 18e3 2 192 - 0.03 0.21 31812
moore 18e3 2 192 - 2.92 5676.43 9534976
nbpm 18e3 2 192 - 23.88 1931.76 25451056
greedy 18e3 2 192 - 20.21 993.03 35458368
dry 2e4 2 221 - 0.03 0.12 28700
aoDLAV 2e4 2 221 - 0.03 0.20 30808
aoULAV 2e4 2 221 - 0.04 0.19 30808
aoD2AG 2e4 2 221 - 0.05 0.19 32284
aoD2SG 2e4 2 221 - 0.03 0.22 32300
moore 2e4 2 221 - 3.53 5963.77 11765548
nbpm 2e4 2 221 - 29.62 2626.80 31402184
greedy 2e4 2 221 - 22.98 1228.12 43771044
dry 2e4 5 23 - 0.04 0.10 29660
aoDLAV 2e4 5 23 - 0.03 0.28 32756
aoULAV 2e4 5 23 - 0.04 0.28 32768
aoD2AG 2e4 5 23 - 0.02 0.32 33340
aoD2SG 2e4 5 23 - 0.03 0.33 32860
moore 2e4 5 23 - 3.40 6610.53 11768080
nbpm 2e4 5 23 - 29.11 6415.81 34200516
greedy 2e4 5 23 - 24.88 1372.99 43774008
dry 2e4 2 197 - 0.02 0.12 28732
aoDLAV 2e4 2 197 - 0.03 0.19 30808
aoULAV 2e4 2 197 - 0.03 0.19 30808
aoD2AG 2e4 2 197 - 0.04 0.21 32284
aoD2SG 2e4 2 197 - 0.03 0.21 32292
moore 2e4 2 197 - 3.48 6714.64 11765544
nbpm 2e4 2 197 - 28.75 2649.75 31402188
greedy 2e4 2 197 - 24.58 1282.52 43771044
dry 2e4 5 189 - 0.03 0.12 27776
aoDLAV 2e4 5 189 - 0.03 0.31 32776
aoULAV 2e4 5 189 - 0.04 0.31 32768
aoD2AG 2e4 5 189 - 0.04 0.34 33348
aoD2SG 2e4 5 189 - 0.04 0.33 32864
moore 2e4 5 189 - 3.48 6275.55 11768080
nbpm 2e4 5 189 - 28.65 5021.35 34200504
greedy 2e4 5 189 - 25.39 1317.58 43774004
dry 8e7 2 80 - 0.85 2.46 1592676
aoDLAV 8e7 2 80 - 6.80 472.89 11893324
aoULAV 8e7 2 80 - 8.67 490.66 11893324
aoD2AG 8e7 2 80 - 15.58 695.51 17491744
aoD2SG 8e7 2 80 - 16.76 821.19 18129976
dry 175e2 2 215 - 0.02 0.12 28596
aoDLAV 175e2 2 215 - 0.04 0.18 30716
aoULAV 175e2 2 215 - 0.02 0.20 30720
aoD2AG 175e2 2 215 - 0.03 0.20 31756
aoD2SG 175e2 2 215 - 0.03 0.20 31764
moore 175e2 2 215 - 2.78 4806.85 9014024
nbpm 175e2 2 215 - 21.42 1813.52 22863136
greedy 175e2 2 215 - 19.64 983.12 33516976
dry 8e7 2 246 - 0.90 2.48 1592676
aoDLAV 8e7 2 246 - 6.71 470.79 11893328
aoULAV 8e7 2 246 - 8.28 507.44 11893324
aoD2AG 8e7 2 246 - 15.11 692.34 17490004
aoD2SG 8e7 2 246 - 16.09 824.22 18129232
dry 2e4 10 214 - 0.03 0.12 30828
aoDLAV 2e4 10 214 - 0.03 1.59 34840
aoULAV 2e4 10 214 - 0.04 1.58 34848
aoD2AG 2e4 10 214 - 0.04 1.61 36076
aoD2SG 2e4 10 214 - 0.04 1.84 36080
moore 2e4 10 214 - 3.37 6733.79 11770840
nbpm 2e4 10 214 - 28.88 5575.04 30880036
greedy 2e4 10 214 - 23.69 1295.81 43775824
dry 8e7 2 66 - 0.87 2.44 1592680
aoDLAV 8e7 2 66 - 6.40 463.82 11893324
aoULAV 8e7 2 66 - 8.44 496.75 11893328
aoD2AG 8e7 2 66 - 15.48 708.15 17488180
aoD2SG 8e7 2 66 - 16.43 822.70 18123604
dry 9e7 2 30 - 0.99 2.76 1787988
aoDLAV 9e7 2 30 - 7.45 529.32 13377684
aoULAV 9e7 2 30 - 9.76 566.77 13377684
aoD2AG 9e7 2 30 - 16.49 814.30 19672088
aoD2SG 9e7 2 30 - 18.02 998.34 20389128
dry 1e8 2 221 - 1.04 3.01 1983296
aoDLAV 1e8 2 221 - 8.17 586.80 14862068
aoULAV 1e8 2 221 - 10.73 629.74 14862072
aoD2AG 1e8 2 221 - 19.98 943.45 21853104
aoD2SG 1e8 2 221 - 20.01 1026.78 22653804
dry 2e4 2 211 - 0.03 0.11 26828
aoDLAV 2e4 2 211 - 0.03 0.19 30812
aoULAV 2e4 2 211 - 0.03 0.19 30808
aoD2AG 2e4 2 211 - 0.04 0.20 32284
aoD2SG 2e4 2 211 - 0.03 0.21 32292
moore 2e4 2 211 - 3.38 5841.43 11765552
nbpm 2e4 2 211 - 29.08 2714.64 31402192
greedy 2e4 2 211 - 24.96 1232.80 43771040
dry 2e4 5 40 - 0.03 0.12 29384
aoDLAV 2e4 5 40 - 0.04 0.30 32760
aoULAV 2e4 5 40 - 0.04 0.32 32768
aoD2AG 2e4 5 40 - 0.04 0.33 33344
aoD2SG 2e4 5 40 - 0.03 0.36 32876
moore 2e4 5 40 - 3.55 7076.48 11768084
nbpm 2e4 5 40 - 29.14 4508.04 34200496
greedy 2e4 5 40 - 23.79 1313.37 43774004
dry 125e2 2 135 - 0.03 0.11 26532
aoDLAV 125e2 2 135 - 0.03 0.17 30708
aoULAV 125e2 2 135 - 0.03 0.17 30708
aoD2AG 125e2 2 135 - 0.04 0.18 31376
aoD2SG 125e2 2 135 - 0.03 0.19 31376
moore 125e2 2 135 - 1.66 1997.47 4611540
nbpm 125e2 2 135 - 11.27 666.21 12302320
greedy 125e2 2 135 - 9.74 443.47 17109968
dry 150e2 2 131 - 0.03 0.11 26628
aoDLAV 150e2 2 131 - 0.03 0.18 30824
aoULAV 150e2 2 131 - 0.03 0.18 30824
aoD2AG 150e2 2 131 - 0.04 0.19 31608
aoD2SG 150e2 2 131 - 0.03 0.20 31612
moore 150e2 2 131 - 2.06 2942.78 6629348
nbpm 150e2 2 131 - 14.85 1171.82 16814172
greedy 150e2 2 131 - 13.34 687.66 24630024
dry 150e2 2 23 - 0.03 0.11 26628
aoDLAV 150e2 2 23 - 0.02 0.19 30824
aoULAV 150e2 2 23 - 0.03 0.18 30824
aoD2AG 150e2 2 23 - 0.04 0.19 31608
aoD2SG 150e2 2 23 - 0.03 0.20 31608
moore 150e2 2 23 - 2.08 3261.03 6629356
nbpm 150e2 2 23 - 14.83 1283.36 16814176
greedy 150e2 2 23 - 13.48 696.49 24630024
dry 2e4 10 111 - 0.03 0.12 29364
aoDLAV 2e4 10 111 - 0.04 1.93 34840
aoULAV 2e4 10 111 - 0.04 1.85 34848
aoD2AG 2e4 10 111 - 0.04 1.86 36076
aoD2SG 2e4 10 111 - 0.04 2.10 36076
moore 2e4 10 111 - 3.67 7364.25 11770836
nbpm 2e4 10 111 - 28.32 10025.17 30880040
greedy 2e4 10 111 - 26.77 1335.53 43775820
dry 150e2 2 250 - 0.03 0.12 26628
aoDLAV 150e2 2 250 - 0.05 0.17 30824
aoULAV 150e2 2 250 - 0.03 0.19 30824
aoD2AG 150e2 2 250 - 0.03 0.20 31608
aoD2SG 150e2 2 250 - 0.03 0.20 31608
moore 150e2 2 250 - 2.09 2932.19 6629344
nbpm 150e2 2 250 - 14.58 1192.92 16814224
greedy 150e2 2 250 - 13.37 652.62 24630024
dry 175e2 2 206 - 0.02 0.12 26732
aoDLAV 175e2 2 206 - 0.03 0.18 30716
aoULAV 175e2 2 206 - 0.02 0.19 30716
aoD2AG 175e2 2 206 - 0.03 0.19 31752
aoD2SG 175e2 2 206 - 0.04 0.21 31756
moore 175e2 2 206 - 2.73 5095.93 9014024
nbpm 175e2 2 206 - 21.23 2055.24 22863136
greedy 175e2 2 206 - 20.00 1016.59 33516980
dry 150e2 2 129 - 0.03 0.12 26628
aoDLAV 150e2 2 129 - 0.04 0.18 30852
aoULAV 150e2 2 129 - 0.05 0.18 30824
aoD2AG 150e2 2 129 - 0.04 0.19 31612
aoD2SG 150e2 2 129 - 0.04 0.20 31608
moore 150e2 2 129 - 2.12 3107.89 6629348
nbpm 150e2 2 129 - 14.66 1131.97 16814168
greedy 150e2 2 129 - 13.17 696.39 24630028
dry 2e4 5 157 - 0.03 0.12 29588
aoDLAV 2e4 5 157 - 0.03 0.30 32756
aoULAV 2e4 5 157 - 0.04 0.28 32768
aoD2AG 2e4 5 157 - 0.03 0.34 33340
aoD2SG 2e4 5 157 - 0.03 0.35 32864
moore 2e4 5 157 - 3.45 6121.79 11768084
nbpm 2e4 5 157 - 28.18 5706.77 34200608
greedy 2e4 5 157 - 24.32 1286.94 43774004
dry 2e4 5 220 - 0.03 0.12 27776
aoDLAV 2e4 5 220 - 0.04 0.28 32756
aoULAV 2e4 5 220 - 0.04 0.29 32768
aoD2AG 2e4 5 220 - 0.03 0.33 33344
aoD2SG 2e4 5 220 - 0.03 0.35 32860
moore 2e4 5 220 - 3.51 6942.56 11768084
