dry 8e7 2 88 - 0.75 2.42 1592676
aoDLAV 8e7 2 88 - 5.96 461.23 11893328
aoULAV 8e7 2 88 - 7.97 497.09 11893328
aoD2AG 8e7 2 88 - 14.81 696.54 17488084
aoD2SG 8e7 2 88 - 15.49 818.59 18126716
dry 1e8 2 99 - 0.98 2.98 1983296
aoDLAV 1e8 2 99 - 7.58 607.61 14862072
aoULAV 1e8 2 99 - 9.65 628.62 14862068
aoD2AG 1e8 2 99 - 17.82 882.63 21854428
aoD2SG 1e8 2 99 - 19.40 1383.61 22651068
dry 1e8 2 76 - 0.98 3.01 1983296
aoDLAV 1e8 2 76 - 7.65 597.05 14862068
aoULAV 1e8 2 76 - 10.00 621.91 14862068
aoD2AG 1e8 2 76 - 18.09 888.84 21854700
aoD2SG 1e8 2 76 - 19.68 1045.88 22651100
dry 125e2 2 40 - 0.01 0.12 26532
aoDLAV 125e2 2 40 - 0.02 0.18 30712
aoULAV 125e2 2 40 - 0.03 0.17 30708
aoD2AG 125e2 2 40 - 0.02 0.18 31376
aoD2SG 125e2 2 40 - 0.03 0.19 31376
moore 125e2 2 40 - 1.59 1597.39 4611548
nbpm 125e2 2 40 - 11.41 722.49 12302332
greedy 125e2 2 40 - 9.12 443.62 17109964
dry 150e2 2 173 - 0.03 0.11 26628
aoDLAV 150e2 2 173 - 0.02 0.18 30824
aoULAV 150e2 2 173 - 0.02 0.19 30824
aoD2AG 150e2 2 173 - 0.02 0.19 31608
aoD2SG 150e2 2 173 - 0.02 0.20 31612
moore 150e2 2 173 - 2.13 3501.66 6629400
nbpm 150e2 2 173 - 15.41 1149.92 16814176
greedy 150e2 2 173 - 13.83 683.26 24630024
dry 175e2 2 192 - 0.02 0.12 30484
aoDLAV 175e2 2 192 - 0.02 0.18 30716
aoULAV 175e2 2 192 - 0.03 0.18 30716
aoD2AG 175e2 2 192 - 0.03 0.19 31760
aoD2SG 175e2 2 192 - 0.03 0.20 31760
moore 175e2 2 192 - 2.67 4338.20 9014020
nbpm 175e2 2 192 - 21.24 1832.73 22863140
greedy 175e2 2 192 - 18.38 966.72 33516976
dry 18e3 2 118 - 0.03 0.12 26752
aoDLAV 18e3 2 118 - 0.03 0.19 30784
aoULAV 18e3 2 118 - 0.03 0.19 30744
aoD2AG 18e3 2 118 - 0.04 0.20 31808
aoD2SG 18e3 2 118 - 0.02 0.22 31816
moore 18e3 2 118 - 2.92 5976.07 9534984
nbpm 18e3 2 118 - 23.36 2441.93 25451064
greedy 18e3 2 118 - 20.90 1031.04 35458368
dry 8e7 2 197 - 0.91 2.46 1592680
aoDLAV 8e7 2 197 - 6.96 585.11 11893324
aoULAV 8e7 2 197 - 8.31 501.47 11893324
aoD2AG 8e7 2 197 - 15.49 722.67 17487212
aoD2SG 8e7 2 197 - 16.57 830.04 18127204
dry 1e8 5 122 - 2.31 6.27 4327052
aoDLAV 1e8 5 122 - 11.46 2545.10 23065204
aoULAV 1e8 5 122 - 16.92 2629.34 23065208
aoD2AG 1e8 5 122 - 26.02 2877.46 30455576
aoD2SG 1e8 5 122 - 27.29 3616.40 31308064
dry 175e2 2 46 - 0.02 0.12 26732
aoDLAV 175e2 2 46 - 0.03 0.19 30716
aoULAV 175e2 2 46 - 0.04 0.19 30716
aoD2AG 175e2 2 46 - 0.03 0.22 31756
aoD2SG 175e2 2 46 - 0.04 0.20 31760
moore 175e2 2 46 - 2.89 5573.06 9014024
nbpm 175e2 2 46 - 21.23 1758.36 22863136
greedy 175e2 2 46 - 18.44 914.79 33516980
dry 1e8 2 149 - 1.14 3.03 1983296
aoDLAV 1e8 2 149 - 8.25 576.83 14862072
aoULAV 1e8 2 149 - 10.43 609.94 14862108
aoD2AG 1e8 2 149 - 20.19 996.92 21855836
aoD2SG 1e8 2 149 - 19.92 1045.46 22650324
dry 1e8 2 10 - 1.11 3.01 1983296
aoDLAV 1e8 2 10 - 8.23 710.93 14862100
aoULAV 1e8 2 10 - 10.12 632.06 14862072
aoD2AG 1e8 2 10 - 19.01 907.23 21856300
aoD2SG 1e8 2 10 - 19.75 1038.45 22652716
dry 9e7 2 43 - 0.95 2.73 1787988
aoDLAV 9e7 2 43 - 7.40 526.16 13377684
aoULAV 9e7 2 43 - 9.37 545.65 13377684
aoD2AG 9e7 2 43 - 17.47 785.21 19670676
aoD2SG 9e7 2 43 - 18.10 933.02 20388040
dry 175e2 2 136 - 0.03 0.12 26736
aoDLAV 175e2 2 136 - 0.04 0.18 30720
aoULAV 175e2 2 136 - 0.03 0.19 30716
aoD2AG 175e2 2 136 - 0.02 0.21 31760
aoD2SG 175e2 2 136 - 0.03 0.21 31760
moore 175e2 2 136 - 2.80 5486.30 9014092
nbpm 175e2 2 136 - 20.98 1805.95 22863144
greedy 175e2 2 136 - 17.87 982.28 33516976
dry 1e8 2 152 - 1.11 3.03 1983296
aoDLAV 1e8 2 152 - 8.38 612.71 14862068
aoULAV 1e8 2 152 - 10.92 638.39 14862068
aoD2AG 1e8 2 152 - 18.74 925.92 21853260
aoD2SG 1e8 2 152 - 21.00 1301.83 22649956
dry 2e4 10 236 - 0.03 0.12 31820
aoDLAV 2e4 10 236 - 0.04 1.76 34836
aoULAV 2e4 10 236 - 0.03 1.82 34848
aoD2AG 2e4 10 236 - 0.05 1.93 36080
aoD2SG 2e4 10 236 - 0.04 2.04 36080
moore 2e4 10 236 - 3.50 6765.48 11770860
nbpm 2e4 10 236 - 29.67 6092.33 30880040
greedy 2e4 10 236 - 24.53 1508.00 43775820
dry 150e2 2 208 - 0.02 0.12 26628
aoDLAV 150e2 2 208 - 0.03 0.18 30824
aoULAV 150e2 2 208 - 0.03 0.20 30824
aoD2AG 150e2 2 208 - 0.02 0.21 31608
aoD2SG 150e2 2 208 - 0.03 0.20 31608
moore 150e2 2 208 - 3.14 2601.03 6629352
nbpm 150e2 2 208 - 14.66 1126.37 16814180
greedy 150e2 2 208 - 14.14 666.24 24630028
dry 18e3 2 98 - 0.02 0.12 26752
aoDLAV 18e3 2 98 - 0.03 0.18 30740
aoULAV 18e3 2 98 - 0.02 0.19 30740
aoD2AG 18e3 2 98 - 0.02 0.20 31808
aoD2SG 18e3 2 98 - 0.02 0.21 31812
moore 18e3 2 98 - 3.07 4593.60 9534980
nbpm 18e3 2 98 - 23.47 1956.62 25451056
greedy 18e3 2 98 - 21.25 1030.18 35458372
dry 1e8 5 131 - 2.33 6.23 4327052
aoDLAV 1e8 5 131 - 11.26 2566.21 23065204
aoULAV 1e8 5 131 - 16.58 2653.47 23065204
aoD2AG 1e8 5 131 - 25.69 4071.75 30458352
aoD2SG 1e8 5 131 - 27.29 3587.46 31312408
dry 2e4 5 239 - 0.03 0.12 29712
aoDLAV 2e4 5 239 - 0.04 0.30 32756
aoULAV 2e4 5 239 - 0.04 0.33 32768
aoD2AG 2e4 5 239 - 0.04 0.31 33340
aoD2SG 2e4 5 239 - 0.03 0.36 32860
moore 2e4 5 239 - 3.40 7004.22 11768092
nbpm 2e4 5 239 - 29.02 4856.89 34200496
greedy 2e4 5 239 - 24.24 1355.92 43774004
dry 8e7 2 148 - 0.85 2.42 1592676
aoDLAV 8e7 2 148 - 6.22 459.03 11893324
aoULAV 8e7 2 148 - 8.34 498.35 11893324
aoD2AG 8e7 2 148 - 15.12 684.53 17487184
aoD2SG 8e7 2 148 - 15.75 818.69 18124176
dry 1e8 5 16 - 2.23 6.29 4327052
aoDLAV 1e8 5 16 - 11.06 2605.96 23065204
aoULAV 1e8 5 16 - 16.53 3083.65 23065204
aoD2AG 1e8 5 16 - 26.37 3110.06 30453720
aoD2SG 1e8 5 16 - 27.01 3538.89 31307340
dry 1e8 5 9 - 2.33 6.29 4327052
aoDLAV 1e8 5 9 - 11.38 2622.65 23065204
aoULAV 1e8 5 9 - 16.33 2703.16 23065208
aoD2AG 1e8 5 9 - 26.71 3640.66 30456164
aoD2SG 1e8 5 9 - 28.12 3573.00 31312564
dry 9e7 2 143 - 0.92 2.70 1787988
aoDLAV 9e7 2 143 - 7.04 515.13 13377688
aoULAV 9e7 2 143 - 9.50 556.34 13377684
aoD2AG 9e7 2 143 - 16.71 788.17 19672064
aoD2SG 9e7 2 143 - 18.03 933.75 20390080
dry 175e2 2 55 - 0.03 0.12 26732
aoDLAV 175e2 2 55 - 0.04 0.18 30716
aoULAV 175e2 2 55 - 0.04 0.19 30716
aoD2AG 175e2 2 55 - 0.02 0.21 31752
aoD2SG 175e2 2 55 - 0.03 0.22 31760
moore 175e2 2 55 - 2.94 4831.50 9014032
nbpm 175e2 2 55 - 21.19 1797.11 22863148
greedy 175e2 2 55 - 17.63 971.08 33516980
dry 9e7 2 126 - 0.94 2.73 1787984
aoDLAV 9e7 2 126 - 7.20 527.00 13377684
aoULAV 9e7 2 126 - 9.48 732.12 13377688
aoD2AG 9e7 2 126 - 17.03 785.35 19670508
aoD2SG 9e7 2 126 - 17.27 920.39 20390308
dry 2e4 10 176 - 0.02 0.12 30304
aoDLAV 2e4 10 176 - 0.03 1.62 34836
aoULAV 2e4 10 176 - 0.04 1.62 34852
aoD2AG 2e4 10 176 - 0.04 1.65 36076
aoD2SG 2e4 10 176 - 0.03 1.86 36080
moore 2e4 10 176 - 3.42 7787.43 11770836
nbpm 2e4 10 176 - 29.66 7037.30 30880044
greedy 2e4 10 176 - 23.80 1283.17 43775820
dry 9e7 2 229 - 0.94 2.72 1787988
aoDLAV 9e7 2 229 - 7.17 525.31 13377688
aoULAV 9e7 2 229 - 9.69 553.31 13377684
aoD2AG 9e7 2 229 - 16.91 785.99 19669380
aoD2SG 9e7 2 229 - 18.30 929.71 20389980
dry 2e4 2 95 - 0.02 0.12 26828
aoDLAV 2e4 2 95 - 0.03 0.19 30808
aoULAV 2e4 2 95 - 0.03 0.19 30808
aoD2AG 2e4 2 95 - 0.04 0.19 32284
aoD2SG 2e4 2 95 - 0.03 0.22 32292
moore 2e4 2 95 - 3.43 6198.43 11765560
nbpm 2e4 2 95 - 29.06 2867.08 31402256
greedy 2e4 2 95 - 25.01 1256.16 43771040
dry 175e2 2 54 - 0.03 0.12 26736
aoDLAV 175e2 2 54 - 0.02 0.20 30716
aoULAV 175e2 2 54 - 0.02 0.19 30720
aoD2AG 175e2 2 54 - 0.03 0.20 31752
aoD2SG 175e2 2 54 - 0.03 0.21 31760
moore 175e2 2 54 - 2.80 4959.64 9014032
nbpm 175e2 2 54 - 21.07 1839.75 22863144
greedy 175e2 2 54 - 18.39 977.89 33516980
dry 150e2 2 183 - 0.02 0.12 26628
aoDLAV 150e2 2 183 - 0.03 0.19 30824
aoULAV 150e2 2 183 - 0.03 0.17 30824
aoD2AG 150e2 2 183 - 0.02 0.19 31608
aoD2SG 150e2 2 183 - 0.04 0.19 31612
moore 150e2 2 183 - 2.13 2776.21 6629352
nbpm 150e2 2 183 - 14.73 1102.09 16814176
greedy 150e2 2 183 - 13.91 649.80 24630028
dry 8e7 2 180 - 0.82 2.47 1592676
aoDLAV 8e7 2 180 - 6.60 489.93 11893328
aoULAV 8e7 2 180 - 8.49 506.03 11893324
aoD2AG 8e7 2 180 - 15.36 702.34 17488024
aoD2SG 8e7 2 180 - 16.61 847.36 18125428
dry 1e8 5 196 - 2.34 6.19 4327056
aoDLAV 1e8 5 196 - 11.19 2654.03 23065208
aoULAV 1e8 5 196 - 16.30 2648.50 23065204
aoD2AG 1e8 5 196 - 26.04 3985.88 30457156
aoD2SG 1e8 5 196 - 27.97 3577.98 31312072
dry 9e7 2 182 - 1.10 2.85 1787988
aoDLAV 9e7 2 182 - 7.58 522.39 13377728
aoULAV 9e7 2 182 - 9.78 557.77 13377684
aoD2AG 9e7 2 182 - 18.07 797.70 19673348
aoD2SG 9e7 2 182 - 18.66 928.94 20390176
dry 9e7 2 146 - 0.98 2.73 1787984
aoDLAV 9e7 2 146 - 7.55 517.77 13377688
aoULAV 9e7 2 146 - 9.64 548.51 13377684
aoD2AG 9e7 2 146 - 17.12 1043.07 19671916
aoD2SG 9e7 2 146 - 18.29 1041.99 20392004
dry 9e7 2 122 - 0.96 2.77 1787984
aoDLAV 9e7 2 122 - 7.18 523.80 13377684
aoULAV 9e7 2 122 - 9.57 549.84 13377684
aoD2AG 9e7 2 122 - 17.33 795.14 19671072
aoD2SG 9e7 2 122 - 18.64 946.71 20389388
dry 125e2 2 91 - 0.03 0.12 28376
aoDLAV 125e2 2 91 - 0.03 0.17 30708
aoULAV 125e2 2 91 - 0.03 0.17 30736
aoD2AG 125e2 2 91 - 0.03 0.18 31376
aoD2SG 125e2 2 91 - 0.02 0.20 31376
moore 125e2 2 91 - 1.56 1847.64 4611540
nbpm 125e2 2 91 - 11.65 802.60 12302320
greedy 125e2 2 91 - 9.10 465.93 17109964
dry 8e7 2 7 - 0.88 2.45 1592676
aoDLAV 8e7 2 7 - 6.17 449.62 11893324
aoULAV 8e7 2 7 - 7.92 476.77 11893324
aoD2AG 8e7 2 7 - 14.91 675.88 17485368
aoD2SG 8e7 2 7 - 16.22 801.43 18123360
dry 125e2 2 206 - 0.03 0.12 26536
aoDLAV 125e2 2 206 - 0.03 0.18 30712
aoULAV 125e2 2 206 - 0.04 0.17 30712
aoD2AG 125e2 2 206 - 0.04 0.18 31376
aoD2SG 125e2 2 206 - 0.04 0.19 31380
moore 125e2 2 206 - 1.58 1931.98 4611552
nbpm 125e2 2 206 - 11.49 676.94 12302328
greedy 125e2 2 206 - 9.95 435.18 17109964
dry 150e2 2 20 - 0.03 0.12 26628
aoDLAV 150e2 2 20 - 0.03 0.17 30828
aoULAV 150e2 2 20 - 0.03 0.18 30824
aoD2AG 150e2 2 20 - 0.03 0.19 31608
aoD2SG 150e2 2 20 - 0.03 0.19 31608
moore 150e2 2 20 - 2.12 2704.72 6629344
nbpm 150e2 2 20 - 14.76 1157.01 16814168
greedy 150e2 2 20 - 13.95 690.93 24630024
dry 175e2 2 126 - 0.02 0.12 26736
aoDLAV 175e2 2 126 - 0.02 0.19 30720
aoULAV 175e2 2 126 - 0.03 0.19 30716
aoD2AG 175e2 2 126 - 0.03 0.20 31752
aoD2SG 175e2 2 126 - 0.03 0.21 31760
moore 175e2 2 126 - 2.71 4300.98 9014028
nbpm 175e2 2 126 - 21.09 1854.09 22863144
