dry 32e6 2 143 - 0.34 0.97 655176
aoDLAV 32e6 2 143 - 2.50 209.98 4768324
aoULAV 32e6 2 143 - 3.30 186.15 4768324
aoD2AG 32e6 2 143 - 5.22 274.52 7007544
aoD2SG 32e6 2 143 - 6.41 308.04 7261872
dry 75e2 2 248 - 0.03 0.12 26328
aoDLAV 75e2 2 248 - 0.02 0.16 31380
aoULAV 75e2 2 248 - 0.03 0.15 31392
aoD2AG 75e2 2 248 - 0.02 0.17 31384
aoD2SG 75e2 2 248 - 0.03 0.17 31380
moore 75e2 2 248 - 1.02 465.63 1688788
nbpm 75e2 2 248 - 4.38 161.14 4242132
greedy 75e2 2 248 - 3.56 150.95 6183088
dry 7e7 2 17 - 0.79 2.21 1397356
aoDLAV 7e7 2 17 - 5.76 517.47 10408940
aoULAV 7e7 2 17 - 7.86 462.14 10408936
aoD2AG 7e7 2 17 - 14.04 659.29 15308096
aoD2SG 7e7 2 17 - 14.62 759.78 15863744
dry 3e7 2 146 - 0.36 1.07 616108
aoDLAV 3e7 2 146 - 2.63 170.39 4471428
aoULAV 3e7 2 146 - 3.33 179.32 4471432
aoD2AG 3e7 2 146 - 5.66 247.11 6570776
aoD2SG 3e7 2 146 - 6.02 292.29 6809252
dry 25e2 2 121 - 0.03 0.11 27952
aoDLAV 25e2 2 121 - 0.03 0.14 30452
aoULAV 25e2 2 121 - 0.03 0.15 30464
aoD2AG 25e2 2 121 - 0.03 0.14 30984
aoD2SG 25e2 2 121 - 0.03 0.15 31012
moore 25e2 2 121 - 0.10 31.69 213608
nbpm 25e2 2 121 - 0.52 12.48 541644
greedy 25e2 2 121 - 0.37 9.12 713668
dry 50e2 2 46 - 0.02 0.12 26204
aoDLAV 50e2 2 46 - 0.02 0.15 30852
aoULAV 50e2 2 46 - 0.03 0.15 30864
aoD2AG 50e2 2 46 - 0.03 0.15 31792
aoD2SG 50e2 2 46 - 0.03 0.17 31872
moore 50e2 2 46 - 1.15 288.61 764620
nbpm 50e2 2 46 - 2.01 54.52 2011916
greedy 50e2 2 46 - 1.64 62.45 2764780
dry 32e2 2 150 - 0.02 0.12 26112
aoDLAV 32e2 2 150 - 0.03 0.15 30544
aoULAV 32e2 2 150 - 0.03 0.15 30552
aoD2AG 32e2 2 150 - 0.03 0.15 31212
aoD2SG 32e2 2 150 - 0.03 0.15 31264
moore 32e2 2 150 - 0.31 65.57 330520
nbpm 32e2 2 150 - 0.92 19.83 854760
greedy 32e2 2 150 - 0.84 21.71 1150168
dry 18e6 2 142 - 0.26 0.67 381736
aoDLAV 18e6 2 142 - 1.60 93.70 2690192
aoULAV 18e6 2 142 - 2.27 107.61 2690252
aoD2AG 18e6 2 142 - 3.15 147.81 3949188
aoD2SG 18e6 2 142 - 3.37 171.37 4095080
dry 18e2 2 32 - 0.04 0.11 26048
aoDLAV 18e2 2 32 - 0.03 0.15 30372
aoULAV 18e2 2 32 - 0.03 0.15 30388
aoD2AG 18e2 2 32 - 0.04 0.15 30792
aoD2SG 18e2 2 32 - 0.02 0.16 30832
moore 18e2 2 32 - 0.07 10.50 125444
nbpm 18e2 2 32 - 0.19 9.65 334540
greedy 18e2 2 32 - 0.22 4.31 384352
dry 7e7 2 19 - 0.75 2.21 1397360
aoDLAV 7e7 2 19 - 5.83 423.79 10408936
aoULAV 7e7 2 19 - 7.89 451.43 10408940
aoD2AG 7e7 2 19 - 13.19 641.48 15302940
aoD2SG 7e7 2 19 - 14.42 795.74 15859292
dry 1e4 10 70 - 0.02 0.13 27692
aoDLAV 1e4 10 70 - 0.04 0.68 32764
aoULAV 1e4 10 70 - 0.04 0.73 32780
aoD2AG 1e4 10 70 - 0.04 0.77 32744
aoD2SG 1e4 10 70 - 0.04 0.82 34176
moore 1e4 10 70 - 1.25 1096.61 2963856
nbpm 1e4 10 70 - 7.51 769.24 7764388
greedy 1e4 10 70 - 6.93 278.60 10961112
dry 4e7 2 83 - 0.51 1.32 811424
aoDLAV 4e7 2 83 - 3.46 225.73 5955816
aoULAV 4e7 2 83 - 4.21 258.07 5955816
aoD2AG 4e7 2 83 - 7.75 342.16 8754464
aoD2SG 4e7 2 83 - 8.42 408.81 9074776
dry 7e7 2 119 - 0.77 2.20 1397356
aoDLAV 7e7 2 119 - 5.87 456.36 10408936
aoULAV 7e7 2 119 - 8.16 466.32 10408936
aoD2AG 7e7 2 119 - 14.11 637.56 15305348
aoD2SG 7e7 2 119 - 14.45 742.26 15864092
dry 5e7 2 15 - 0.56 1.62 1006740
aoDLAV 5e7 2 15 - 4.45 289.98 7440192
aoULAV 5e7 2 15 - 5.93 327.62 7440192
aoD2AG 5e7 2 15 - 9.80 438.67 10938104
aoD2SG 5e7 2 15 - 10.45 517.90 11338480
dry 6e7 2 99 - 0.65 1.89 1202048
aoDLAV 6e7 2 99 - 5.07 358.59 8924564
aoULAV 6e7 2 99 - 6.64 377.20 8924560
aoD2AG 6e7 2 99 - 11.81 547.87 13119764
aoD2SG 6e7 2 99 - 12.49 643.66 13600316
dry 18e6 2 155 - 0.24 0.69 381736
aoDLAV 18e6 2 155 - 1.64 94.41 2690196
aoULAV 18e6 2 155 - 1.95 99.77 2690192
aoD2AG 18e6 2 155 - 3.11 143.17 3952520
aoD2SG 18e6 2 155 - 3.86 166.53 4092120
dry 32e2 2 22 - 0.02 0.12 26112
aoDLAV 32e2 2 22 - 0.03 0.15 30540
aoULAV 32e2 2 22 - 0.03 0.15 30552
aoD2AG 32e2 2 22 - 0.03 0.15 31224
aoD2SG 32e2 2 22 - 0.03 0.15 31268
moore 32e2 2 22 - 0.34 78.68 330512
nbpm 32e2 2 22 - 0.87 21.97 854752
greedy 32e2 2 22 - 0.67 22.04 1150164
dry 6e7 2 163 - 0.69 1.92 1202044
aoDLAV 6e7 2 163 - 5.22 447.63 8924560
aoULAV 6e7 2 163 - 6.50 373.73 8924560
aoD2AG 6e7 2 163 - 11.96 529.83 13118908
aoD2SG 6e7 2 163 - 12.85 639.17 13600712
dry 1e4 2 212 - 0.02 0.12 26436
aoDLAV 1e4 2 212 - 0.04 0.20 31864
aoULAV 1e4 2 212 - 0.04 0.21 31876
aoD2AG 1e4 2 212 - 0.03 0.20 31876
aoD2SG 1e4 2 212 - 0.04 0.20 31988
moore 1e4 2 212 - 1.20 1066.91 2960576
nbpm 1e4 2 212 - 7.60 344.62 7889416
greedy 1e4 2 212 - 6.79 270.17 10968572
dry 18e6 2 127 - 0.25 0.70 381740
aoDLAV 18e6 2 127 - 1.47 98.03 2690192
aoULAV 18e6 2 127 - 1.68 106.89 2690192
aoD2AG 18e6 2 127 - 3.31 146.85 3951468
aoD2SG 18e6 2 127 - 3.30 207.67 4095356
dry 1e4 5 196 - 0.02 0.13 26900
aoDLAV 1e4 5 196 - 0.03 0.21 31132
aoULAV 1e4 5 196 - 0.04 0.21 31096
aoD2AG 1e4 5 196 - 0.03 0.22 32108
aoD2SG 1e4 5 196 - 0.02 0.24 32108
moore 1e4 5 196 - 1.17 917.15 2961732
nbpm 1e4 5 196 - 7.34 637.19 7811456
greedy 1e4 5 196 - 6.74 281.53 10959172
dry 1e4 2 162 - 0.03 0.12 26432
aoDLAV 1e4 2 162 - 0.04 0.17 31864
aoULAV 1e4 2 162 - 0.04 0.19 31876
aoD2AG 1e4 2 162 - 0.03 0.20 31876
aoD2SG 1e4 2 162 - 0.03 0.19 31992
moore 1e4 2 162 - 1.17 994.56 2960584
nbpm 1e4 2 162 - 7.54 353.02 7889424
greedy 1e4 2 162 - 6.63 274.08 10968568
dry 6e7 2 223 - 0.76 1.86 1202044
aoDLAV 6e7 2 223 - 5.19 360.42 8924564
aoULAV 6e7 2 223 - 6.67 485.96 8924560
aoD2AG 6e7 2 223 - 11.96 552.66 13121340
aoD2SG 6e7 2 223 - 12.70 635.77 13597500
dry 75e2 2 232 - 0.02 0.12 26328
aoDLAV 75e2 2 232 - 0.03 0.15 31376
aoULAV 75e2 2 232 - 0.03 0.15 31392
aoD2AG 75e2 2 232 - 0.03 0.18 31380
aoD2SG 75e2 2 232 - 0.03 0.17 31380
moore 75e2 2 232 - 1.29 507.66 1688796
nbpm 75e2 2 232 - 4.08 181.76 4242132
greedy 75e2 2 232 - 3.74 150.99 6183088
dry 6e7 2 219 - 0.66 1.90 1202044
aoDLAV 6e7 2 219 - 4.97 363.82 8924564
aoULAV 6e7 2 219 - 6.75 425.58 8924564
aoD2AG 6e7 2 219 - 12.03 529.35 13121032
aoD2SG 6e7 2 219 - 12.23 628.38 13598524
dry 32e2 2 240 - 0.04 0.11 28136
aoDLAV 32e2 2 240 - 0.03 0.15 30540
aoULAV 32e2 2 240 - 0.03 0.15 30548
aoD2AG 32e2 2 240 - 0.03 0.15 31212
aoD2SG 32e2 2 240 - 0.04 0.15 31264
moore 32e2 2 240 - 0.20 52.62 330520
nbpm 32e2 2 240 - 0.94 20.66 854760
greedy 32e2 2 240 - 0.78 22.69 1150168
dry 32e6 2 200 - 0.45 1.13 655176
aoDLAV 32e6 2 200 - 2.80 183.09 4768324
aoULAV 32e6 2 200 - 2.76 195.95 4768328
aoD2AG 32e6 2 200 - 6.33 265.57 7008496
aoD2SG 32e6 2 200 - 7.12 325.64 7264192
dry 6e7 2 218 - 0.70 1.90 1202048
aoDLAV 6e7 2 218 - 4.79 347.67 8924564
aoULAV 6e7 2 218 - 6.61 399.25 8924564
aoD2AG 6e7 2 218 - 12.18 632.92 13120876
aoD2SG 6e7 2 218 - 12.25 627.95 13598148
dry 25e2 2 240 - 0.02 0.12 26080
aoDLAV 25e2 2 240 - 0.03 0.15 30452
aoULAV 25e2 2 240 - 0.03 0.16 30468
aoD2AG 25e2 2 240 - 0.04 0.15 30988
aoD2SG 25e2 2 240 - 0.04 0.15 31080
moore 25e2 2 240 - 0.10 17.93 213632
nbpm 25e2 2 240 - 0.61 15.31 541644
greedy 25e2 2 240 - 0.43 10.79 713664
dry 18e6 2 228 - 0.19 0.71 381736
aoDLAV 18e6 2 228 - 1.52 94.04 2690192
aoULAV 18e6 2 228 - 1.54 98.71 2690192
aoD2AG 18e6 2 228 - 3.55 163.09 3950196
aoD2SG 18e6 2 228 - 3.46 166.79 4095308
dry 1e4 10 141 - 0.04 0.11 29664
aoDLAV 1e4 10 141 - 0.04 0.68 32764
aoULAV 1e4 10 141 - 0.03 0.70 32780
aoD2AG 1e4 10 141 - 0.03 0.72 32748
aoD2SG 1e4 10 141 - 0.04 0.78 34176
moore 1e4 10 141 - 1.23 857.71 2963852
nbpm 1e4 10 141 - 7.44 819.94 7764392
greedy 1e4 10 141 - 6.29 266.64 10961108
dry 56e6 2 31 - 0.74 1.80 1123924
aoDLAV 56e6 2 31 - 4.69 336.52 8330816
aoULAV 56e6 2 31 - 6.39 368.78 8330816
aoD2AG 56e6 2 31 - 10.73 512.13 12246796
aoD2SG 56e6 2 31 - 11.69 594.17 12695504
dry 5e7 2 166 - 0.69 1.62 1006736
aoDLAV 5e7 2 166 - 4.18 346.96 7440192
aoULAV 5e7 2 166 - 5.48 308.38 7440192
aoD2AG 5e7 2 166 - 9.76 436.51 10935720
aoD2SG 5e7 2 166 - 11.13 689.66 11335740
dry 4e7 2 243 - 0.46 1.32 811424
aoDLAV 4e7 2 243 - 3.47 225.47 5955844
aoULAV 4e7 2 243 - 3.74 236.73 5955816
aoD2AG 4e7 2 243 - 7.65 349.41 8755548
aoD2SG 4e7 2 243 - 8.36 408.04 9073120
dry 1e4 5 222 - 0.03 0.12 28856
aoDLAV 1e4 5 222 - 0.03 0.24 31088
aoULAV 1e4 5 222 - 0.04 0.22 31096
aoD2AG 1e4 5 222 - 0.04 0.23 32108
aoD2SG 1e4 5 222 - 0.04 0.24 32108
moore 1e4 5 222 - 1.19 800.70 2961736
nbpm 1e4 5 222 - 7.74 675.16 7811460
greedy 1e4 5 222 - 6.89 318.75 10959172
dry 3e7 2 228 - 0.39 1.04 616108
aoDLAV 3e7 2 228 - 2.42 166.83 4471480
aoULAV 3e7 2 228 - 2.58 176.42 4471428
aoD2AG 3e7 2 228 - 5.90 244.23 6571040
aoD2SG 3e7 2 228 - 6.56 329.95 6809664
dry 1e4 2 177 - 0.02 0.13 26432
aoDLAV 1e4 2 177 - 0.03 0.18 31868
aoULAV 1e4 2 177 - 0.03 0.18 31876
aoD2AG 1e4 2 177 - 0.03 0.19 31876
aoD2SG 1e4 2 177 - 0.03 0.19 31988
moore 1e4 2 177 - 1.22 864.46 2960580
nbpm 1e4 2 177 - 7.66 360.67 7889424
greedy 1e4 2 177 - 6.42 280.41 10968572
dry 2e7 2 243 - 0.27 0.75 420796
aoDLAV 2e7 2 243 - 1.85 107.48 2987072
aoULAV 2e7 2 243 - 2.52 118.19 2987068
aoD2AG 2e7 2 243 - 3.56 164.26 4387340
aoD2SG 2e7 2 243 - 4.08 190.28 4546960
dry 32e6 2 46 - 0.35 1.10 655176
aoDLAV 32e6 2 46 - 2.48 174.53 4768324
aoULAV 32e6 2 46 - 3.50 193.35 4768328
aoD2AG 32e6 2 46 - 5.52 269.81 7007248
aoD2SG 32e6 2 46 - 6.43 318.97 7263708
dry 6e7 2 136 - 0.66 1.92 1202048
aoDLAV 6e7 2 136 - 5.00 367.83 8924560
aoULAV 6e7 2 136 - 6.75 483.25 8924560
aoD2AG 6e7 2 136 - 12.00 549.08 13119808
aoD2SG 6e7 2 136 - 12.44 676.23 13601796
dry 50e2 2 249 - 0.02 0.12 26204
aoDLAV 50e2 2 249 - 0.03 0.15 30848
aoULAV 50e2 2 249 - 0.03 0.15 30860
aoD2AG 50e2 2 249 - 0.03 0.15 31792
aoD2SG 50e2 2 249 - 0.02 0.18 31880
moore 50e2 2 249 - 0.57 179.64 764620
nbpm 50e2 2 249 - 1.93 55.72 2011916
greedy 50e2 2 249 - 1.59 61.31 2764780
dry 5e7 2 235 - 0.59 1.61 1006736
aoDLAV 5e7 2 235 - 4.29 288.96 7440192
aoULAV 5e7 2 235 - 5.53 309.67 7440192
aoD2AG 5e7 2 235 - 9.84 439.20 10939040
aoD2SG 5e7 2 235 - 10.28 519.18 11336320
dry 25e2 2 56 - 0.03 0.12 26084
aoDLAV 25e2 2 56 - 0.04 0.15 30452
aoULAV 25e2 2 56 - 0.03 0.15 30464
aoD2AG 25e2 2 56 - 0.03 0.15 30976
aoD2SG 25e2 2 56 - 0.03 0.16 31016
moore 25e2 2 56 - 0.11 42.66 213604
nbpm 25e2 2 56 - 0.56 12.38 541648
greedy 25e2 2 56 - 0.47 10.64 713664
dry 25e2 2 40 - 0.03 0.12 26080
aoDLAV 25e2 2 40 - 0.03 0.15 30456
aoULAV 25e2 2 40 - 0.02 0.15 30464
aoD2AG 25e2 2 40 - 0.03 0.15 31004
aoD2SG 25e2 2 40 - 0.03 0.15 31040
moore 25e2 2 40 - 0.09 46.47 213608
nbpm 25e2 2 40 - 0.59 14.60 541648
greedy 25e2 2 40 - 0.41 10.06 713668
dry 4e7 2 82 - 0.46 1.34 811424
aoDLAV 4e7 2 82 - 3.38 226.09 5955816
aoULAV 4e7 2 82 - 4.54 244.71 5955816
aoD2AG 4e7 2 82 - 8.00 345.98 8755872
aoD2SG 4e7 2 82 - 8.48 405.37 9075772
dry 18e6 2 172 - 0.28 0.71 381736
aoDLAV 18e6 2 172 - 1.60 99.06 2690192
aoULAV 18e6 2 172 - 1.57 100.39 2690196
aoD2AG 18e6 2 172 - 3.36 141.98 3952692
aoD2SG 18e6 2 172 - 4.04 205.66 4094944
dry 3e7 2 118 - 0.39 1.04 616104
aoDLAV 3e7 2 118 - 2.55 211.34 4471428
aoULAV 3e7 2 118 - 3.52 175.59 4471432
aoD2AG 3e7 2 118 - 6.00 240.27 6570988
aoD2SG 3e7 2 118 - 6.37 288.47 6810008
dry 32e2 2 208 - 0.03 0.12 26112
aoDLAV 32e2 2 208 - 0.03 0.15 30540
aoULAV 32e2 2 208 - 0.03 0.15 30548
aoD2AG 32e2 2 208 - 0.04 0.15 31212
aoD2SG 32e2 2 208 - 0.03 0.15 31268
moore 32e2 2 208 - 0.32 73.83 330512
nbpm 32e2 2 208 - 0.89 19.62 854748
greedy 32e2 2 208 - 0.78 21.47 1150196
dry 32e2 2 24 - 0.03 0.12 26112
aoDLAV 32e2 2 24 - 0.04 0.14 30544
aoULAV 32e2 2 24 - 0.03 0.16 30552
aoD2AG 32e2 2 24 - 0.02 0.16 31216
aoD2SG 32e2 2 24 - 0.03 0.15 31268
moore 32e2 2 24 - 0.32 74.95 330524
nbpm 32e2 2 24 - 0.94 19.88 854760
greedy 32e2 2 24 - 0.82 22.40 1150168
dry 5e7 2 128 - 0.60 1.62 1006736
aoDLAV 5e7 2 128 - 4.27 287.41 7440192
aoULAV 5e7 2 128 - 5.55 372.81 7440192
aoD2AG 5e7 2 128 - 9.92 554.84 10937652
aoD2SG 5e7 2 128 - 10.77 529.13 11335440
dry 4e7 2 183 - 0.47 1.35 811428
aoDLAV 4e7 2 183 - 3.73 225.23 5955816
aoULAV 4e7 2 183 - 4.72 293.35 5955848
aoD2AG 4e7 2 183 - 8.36 439.88 8753616
aoD2SG 4e7 2 183 - 8.42 425.82 9072940
dry 56e2 2 20 - 0.02 0.12 26240
aoDLAV 56e2 2 20 - 0.02 0.16 31000
aoULAV 56e2 2 20 - 0.02 0.16 30992
aoD2AG 56e2 2 20 - 0.04 0.16 31988
aoD2SG 56e2 2 20 - 0.02 0.18 31124
moore 56e2 2 20 - 0.64 198.28 952724
nbpm 56e2 2 20 - 2.43 76.33 2388088
greedy 56e2 2 20 - 2.01 79.34 3460492
dry 56e2 2 193 - 0.03 0.12 26240
aoDLAV 56e2 2 193 - 0.03 0.16 30980
aoULAV 56e2 2 193 - 0.03 0.15 30988
aoD2AG 56e2 2 193 - 0.03 0.17 31992
aoD2SG 56e2 2 193 - 0.03 0.18 31120
moore 56e2 2 193 - 0.53 180.32 952716
nbpm 56e2 2 193 - 2.50 124.97 2388080
greedy 56e2 2 193 - 2.20 97.88 3460488
dry 1e4 10 39 - 0.02 0.12 27688
aoDLAV 1e4 10 39 - 0.03 0.69 32768
aoULAV 1e4 10 39 - 0.02 0.70 32780
aoD2AG 1e4 10 39 - 0.04 0.72 32748
aoD2SG 1e4 10 39 - 0.03 0.77 34180
moore 1e4 10 39 - 1.15 897.91 2963856
nbpm 1e4 10 39 - 7.45 676.05 7764388
greedy 1e4 10 39 - 6.31 276.09 10961108
dry 18e6 2 39 - 0.23 0.70 381736
aoDLAV 18e6 2 39 - 1.55 96.09 2690196
aoULAV 18e6 2 39 - 1.51 101.85 2690192
aoD2AG 18e6 2 39 - 3.58 142.67 3950396
aoD2SG 18e6 2 39 - 3.49 166.61 4093712
dry 1e4 2 121 - 0.03 0.11 28364
aoDLAV 1e4 2 121 - 0.03 0.17 31864
aoULAV 1e4 2 121 - 0.02 0.18 31876
aoD2AG 1e4 2 121 - 0.03 0.18 31876
aoD2SG 1e4 2 121 - 0.03 0.18 31996
moore 1e4 2 121 - 1.21 1001.11 2960580
nbpm 1e4 2 121 - 7.54 390.29 7889428
greedy 1e4 2 121 - 6.01 186.38 10968572
