dry 18e3 2 36 - 0.03 0.13 26748
aoDLAV 18e3 2 36 - 0.04 0.20 30740
aoULAV 18e3 2 36 - 0.05 0.21 30744
aoD2AG 18e3 2 36 - 0.03 0.23 31804
aoD2SG 18e3 2 36 - 0.03 0.24 31812
moore 18e3 2 36 - 2.72 6030.62 9534976
nbpm 18e3 2 36 - 23.43 1941.21 25451056
greedy 18e3 2 36 - 20.85 1037.52 35458368
dry 1e8 5 135 - 2.35 6.23 4327052
aoDLAV 1e8 5 135 - 11.43 2530.91 23065204
aoULAV 1e8 5 135 - 16.20 2601.67 23065204
aoD2AG 1e8 5 135 - 26.72 2974.30 30449368
aoD2SG 1e8 5 135 - 27.79 3561.25 31303880
dry 1e8 2 7 - 1.10 3.01 1983296
aoDLAV 1e8 2 7 - 7.78 587.13 14862092
aoULAV 1e8 2 7 - 10.22 635.19 14862068
aoD2AG 1e8 2 7 - 18.42 900.80 21854316
aoD2SG 1e8 2 7 - 19.89 1037.62 22651628
dry 175e2 2 148 - 0.02 0.13 26732
aoDLAV 175e2 2 148 - 0.04 0.18 30716
aoULAV 175e2 2 148 - 0.03 0.19 30716
aoD2AG 175e2 2 148 - 0.04 0.19 31752
aoD2SG 175e2 2 148 - 0.03 0.21 31760
moore 175e2 2 148 - 2.74 4289.98 9014024
nbpm 175e2 2 148 - 21.34 1807.26 22863136
greedy 175e2 2 148 - 17.86 955.03 33516976
dry 125e2 2 237 - 0.03 0.11 26532
aoDLAV 125e2 2 237 - 0.03 0.18 30708
aoULAV 125e2 2 237 - 0.03 0.18 30708
aoD2AG 125e2 2 237 - 0.03 0.19 31380
aoD2SG 125e2 2 237 - 0.02 0.20 31376
moore 125e2 2 237 - 1.59 1621.89 4611560
nbpm 125e2 2 237 - 11.69 642.22 12302328
greedy 125e2 2 237 - 9.22 442.24 17109964
dry 2e4 2 205 - 0.02 0.12 26832
aoDLAV 2e4 2 205 - 0.03 0.18 30808
aoULAV 2e4 2 205 - 0.03 0.18 30808
aoD2AG 2e4 2 205 - 0.03 0.20 32284
aoD2SG 2e4 2 205 - 0.02 0.21 32292
moore 2e4 2 205 - 3.50 7800.48 11765552
nbpm 2e4 2 205 - 29.09 2751.24 31402192
greedy 2e4 2 205 - 25.25 1283.53 43771044
dry 8e7 2 20 - 0.92 2.46 1592692
aoDLAV 8e7 2 20 - 6.41 456.49 11893328
aoULAV 8e7 2 20 - 8.76 504.24 11893324
aoD2AG 8e7 2 20 - 15.61 709.17 17487932
aoD2SG 8e7 2 20 - 16.33 855.07 18127104
dry 2e4 10 38 - 0.02 0.13 30296
aoDLAV 2e4 10 38 - 0.03 1.75 34836
aoULAV 2e4 10 38 - 0.04 1.73 34848
aoD2AG 2e4 10 38 - 0.05 1.66 36080
aoD2SG 2e4 10 38 - 0.04 1.88 36076
moore 2e4 10 38 - 3.45 6431.95 11770836
nbpm 2e4 10 38 - 29.05 5433.07 30880036
greedy 2e4 10 38 - 24.64 1338.61 43775820
dry 2e4 2 213 - 0.03 0.11 26832
aoDLAV 2e4 2 213 - 0.03 0.19 30808
aoULAV 2e4 2 213 - 0.02 0.20 30808
aoD2AG 2e4 2 213 - 0.02 0.21 32284
aoD2SG 2e4 2 213 - 0.02 0.22 32288
moore 2e4 2 213 - 3.64 8259.63 11765544
nbpm 2e4 2 213 - 29.20 2767.35 31402188
greedy 2e4 2 213 - 25.68 1239.15 43771040
dry 8e7 2 39 - 0.83 2.44 1592676
aoDLAV 8e7 2 39 - 6.40 456.33 11893324
aoULAV 8e7 2 39 - 8.31 483.10 11893324
aoD2AG 8e7 2 39 - 15.47 694.21 17488376
aoD2SG 8e7 2 39 - 16.27 812.87 18125520
dry 1e8 5 37 - 2.16 6.15 4327056
aoDLAV 1e8 5 37 - 11.22 2570.54 23065204
aoULAV 1e8 5 37 - 16.15 2586.34 23065204
aoD2AG 1e8 5 37 - 26.39 2895.10 30457364
aoD2SG 1e8 5 37 - 27.33 3707.75 31309432
dry 18e3 2 105 - 0.02 0.12 26748
aoDLAV 18e3 2 105 - 0.02 0.19 30740
aoULAV 18e3 2 105 - 0.02 0.19 30744
aoD2AG 18e3 2 105 - 0.03 0.19 31808
aoD2SG 18e3 2 105 - 0.03 0.21 31808
moore 18e3 2 105 - 2.97 4484.91 9534984
nbpm 18e3 2 105 - 24.21 1956.42 25451064
greedy 18e3 2 105 - 20.28 1032.24 35458364
dry 1e8 5 153 - 2.35 6.21 4327052
aoDLAV 1e8 5 153 - 11.59 2669.67 23065204
aoULAV 1e8 5 153 - 16.58 2575.40 23065204
aoD2AG 1e8 5 153 - 26.12 2926.63 30457068
aoD2SG 1e8 5 153 - 27.07 3528.85 31310676
dry 9e7 2 89 - 0.91 2.73 1787984
aoDLAV 9e7 2 89 - 7.46 522.16 13377684
aoULAV 9e7 2 89 - 9.33 555.39 13377716
aoD2AG 9e7 2 89 - 17.56 797.02 19670256
aoD2SG 9e7 2 89 - 17.80 958.32 20387112
dry 1e8 5 46 - 2.16 6.18 4327056
aoDLAV 1e8 5 46 - 10.81 2652.51 23065204
aoULAV 1e8 5 46 - 16.72 3151.00 23065208
aoD2AG 1e8 5 46 - 26.74 2967.49 30454112
aoD2SG 1e8 5 46 - 28.43 4495.37 31311152
dry 125e2 2 231 - 0.02 0.12 28368
aoDLAV 125e2 2 231 - 0.04 0.17 30708
aoULAV 125e2 2 231 - 0.04 0.18 30708
aoD2AG 125e2 2 231 - 0.04 0.18 31380
aoD2SG 125e2 2 231 - 0.03 0.19 31376
moore 125e2 2 231 - 1.52 1623.55 4611552
nbpm 125e2 2 231 - 11.43 663.56 12302328
greedy 125e2 2 231 - 9.62 448.00 17109964
dry 8e7 2 161 - 0.85 2.44 1592676
aoDLAV 8e7 2 161 - 6.42 456.94 11893324
aoULAV 8e7 2 161 - 8.46 486.22 11893324
aoD2AG 8e7 2 161 - 15.76 711.46 17486600
aoD2SG 8e7 2 161 - 16.53 808.97 18124444
dry 150e2 2 68 - 0.03 0.12 26628
aoDLAV 150e2 2 68 - 0.04 0.17 30828
aoULAV 150e2 2 68 - 0.03 0.19 30824
aoD2AG 150e2 2 68 - 0.03 0.19 31608
aoD2SG 150e2 2 68 - 0.04 0.20 31608
moore 150e2 2 68 - 2.07 2534.43 6629352
nbpm 150e2 2 68 - 14.56 1136.97 16814176
greedy 150e2 2 68 - 13.81 677.92 24630024
dry 9e7 2 44 - 0.99 2.82 1787984
aoDLAV 9e7 2 44 - 7.22 540.40 13377684
aoULAV 9e7 2 44 - 9.35 555.19 13377684
aoD2AG 9e7 2 44 - 16.58 798.09 19673016
aoD2SG 9e7 2 44 - 17.74 941.21 20391340
dry 2e4 5 140 - 0.03 0.12 27776
aoDLAV 2e4 5 140 - 0.03 0.29 32756
aoULAV 2e4 5 140 - 0.03 0.31 32772
aoD2AG 2e4 5 140 - 0.04 0.32 33340
aoD2SG 2e4 5 140 - 0.03 0.37 32864
moore 2e4 5 140 - 3.46 7059.80 11768084
nbpm 2e4 5 140 - 29.05 4929.52 34200496
greedy 2e4 5 140 - 23.89 1369.54 43774004
dry 1e8 2 49 - 1.08 3.00 1983300
aoDLAV 1e8 2 49 - 8.32 589.40 14862068
aoULAV 1e8 2 49 - 10.69 649.90 14862068
aoD2AG 1e8 2 49 - 19.12 915.70 21853352
aoD2SG 1e8 2 49 - 19.57 1070.50 22652620
dry 8e7 2 156 - 0.83 2.44 1592680
aoDLAV 8e7 2 156 - 6.21 461.80 11893324
aoULAV 8e7 2 156 - 8.21 490.63 11893324
aoD2AG 8e7 2 156 - 14.91 696.96 17488808
aoD2SG 8e7 2 156 - 16.85 840.07 18124224
dry 2e4 5 28 - 0.03 0.12 27776
aoDLAV 2e4 5 28 - 0.04 0.29 32756
aoULAV 2e4 5 28 - 0.04 0.30 32768
aoD2AG 2e4 5 28 - 0.04 0.34 33344
aoD2SG 2e4 5 28 - 0.03 0.35 32864
moore 2e4 5 28 - 3.77 7871.39 11768084
nbpm 2e4 5 28 - 29.45 4991.70 34200500
greedy 2e4 5 28 - 24.54 1305.11 43774008
dry 18e3 2 231 - 0.02 0.12 26748
aoDLAV 18e3 2 231 - 0.03 0.18 30740
aoULAV 18e3 2 231 - 0.03 0.18 30740
aoD2AG 18e3 2 231 - 0.03 0.19 31808
aoD2SG 18e3 2 231 - 0.03 0.20 31812
moore 18e3 2 231 - 2.92 5210.59 9534980
nbpm 18e3 2 231 - 24.09 1920.43 25451056
greedy 18e3 2 231 - 21.05 1090.68 35458364
dry 125e2 2 122 - 0.03 0.11 28484
aoDLAV 125e2 2 122 - 0.03 0.17 30708
aoULAV 125e2 2 122 - 0.03 0.18 30712
aoD2AG 125e2 2 122 - 0.02 0.19 31376
aoD2SG 125e2 2 122 - 0.03 0.19 31376
moore 125e2 2 122 - 1.70 1683.27 4611552
nbpm 125e2 2 122 - 11.62 721.77 12302328
greedy 125e2 2 122 - 8.99 437.00 17109964
dry 2e4 2 232 - 0.02 0.12 26828
aoDLAV 2e4 2 232 - 0.05 0.18 30808
aoULAV 2e4 2 232 - 0.03 0.19 30808
aoD2AG 2e4 2 232 - 0.02 0.22 32284
aoD2SG 2e4 2 232 - 0.03 0.22 32288
moore 2e4 2 232 - 3.48 6525.79 11765552
nbpm 2e4 2 232 - 28.78 2838.27 31402196
greedy 2e4 2 232 - 23.61 1263.18 43771040
dry 2e4 5 42 - 0.02 0.12 27780
aoDLAV 2e4 5 42 - 0.03 0.29 32768
aoULAV 2e4 5 42 - 0.03 0.29 32772
aoD2AG 2e4 5 42 - 0.03 0.34 33344
aoD2SG 2e4 5 42 - 0.03 0.36 32860
moore 2e4 5 42 - 3.46 7014.42 11768124
nbpm 2e4 5 42 - 29.29 4848.54 34200496
greedy 2e4 5 42 - 24.34 1350.90 43774004
dry 125e2 2 174 - 0.02 0.12 26532
aoDLAV 125e2 2 174 - 0.03 0.17 30708
aoULAV 125e2 2 174 - 0.02 0.18 30712
aoD2AG 125e2 2 174 - 0.02 0.19 31376
aoD2SG 125e2 2 174 - 0.02 0.19 31376
moore 125e2 2 174 - 1.50 1751.21 4611540
nbpm 125e2 2 174 - 11.25 670.54 12302320
greedy 125e2 2 174 - 9.56 456.00 17109968
dry 1e8 2 217 - 1.13 3.05 1983300
aoDLAV 1e8 2 217 - 8.22 572.88 14862072
aoULAV 1e8 2 217 - 10.22 631.69 14862068
aoD2AG 1e8 2 217 - 19.36 892.56 21856072
aoD2SG 1e8 2 217 - 20.12 1104.23 22649704
dry 18e3 2 250 - 0.04 0.10 28712
aoDLAV 18e3 2 250 - 0.04 0.18 30740
aoULAV 18e3 2 250 - 0.03 0.19 30740
aoD2AG 18e3 2 250 - 0.03 0.20 31804
aoD2SG 18e3 2 250 - 0.03 0.21 31812
moore 18e3 2 250 - 2.90 5839.33 9534976
nbpm 18e3 2 250 - 24.04 2254.10 25451056
greedy 18e3 2 250 - 20.94 1047.75 35458364
dry 150e2 2 202 - 0.03 0.11 26628
aoDLAV 150e2 2 202 - 0.03 0.17 30824
aoULAV 150e2 2 202 - 0.03 0.17 30824
aoD2AG 150e2 2 202 - 0.04 0.18 31612
aoD2SG 150e2 2 202 - 0.04 0.19 31656
moore 150e2 2 202 - 2.09 3062.61 6629348
nbpm 150e2 2 202 - 14.44 1182.72 16814172
greedy 150e2 2 202 - 13.67 652.20 24630024
dry 18e3 2 30 - 0.02 0.12 26748
aoDLAV 18e3 2 30 - 0.04 0.18 30740
aoULAV 18e3 2 30 - 0.04 0.18 30744
aoD2AG 18e3 2 30 - 0.04 0.19 31808
aoD2SG 18e3 2 30 - 0.03 0.21 31812
moore 18e3 2 30 - 2.94 4845.50 9534988
nbpm 18e3 2 30 - 24.02 1906.41 25451068
greedy 18e3 2 30 - 20.07 1101.45 35458364
dry 1e8 5 23 - 3.20 6.23 4327052
aoDLAV 1e8 5 23 - 15.53 2527.09 23065204
aoULAV 1e8 5 23 - 16.03 2639.16 23065204
aoD2AG 1e8 5 23 - 26.73 2879.95 30457760
aoD2SG 1e8 5 23 - 26.61 3463.83 31311940
dry 125e2 2 93 - 0.02 0.13 26536
aoDLAV 125e2 2 93 - 0.03 0.19 30712
aoULAV 125e2 2 93 - 0.03 0.19 30708
aoD2AG 125e2 2 93 - 0.04 0.18 31376
aoD2SG 125e2 2 93 - 0.03 0.20 31376
moore 125e2 2 93 - 1.53 1695.70 4611548
nbpm 125e2 2 93 - 11.60 890.08 12302328
greedy 125e2 2 93 - 8.86 468.81 17109968
dry 175e2 2 244 - 0.03 0.11 26732
aoDLAV 175e2 2 244 - 0.03 0.18 30716
aoULAV 175e2 2 244 - 0.03 0.19 30716
aoD2AG 175e2 2 244 - 0.03 0.21 31752
aoD2SG 175e2 2 244 - 0.03 0.21 31808
moore 175e2 2 244 - 2.77 5954.57 9014020
nbpm 175e2 2 244 - 22.10 1987.86 22863136
greedy 175e2 2 244 - 18.24 944.94 33516980
dry 2e4 10 147 - 0.03 0.12 31084
aoDLAV 2e4 10 147 - 0.04 1.56 34836
aoULAV 2e4 10 147 - 0.04 1.57 34848
aoD2AG 2e4 10 147 - 0.04 1.59 36076
aoD2SG 2e4 10 147 - 0.04 1.81 36076
