dry 56e3 2 88 - 0.03 0.11 28236
aoDLAV 56e3 2 88 - 0.03 0.27 33476
aoULAV 56e3 2 88 - 0.03 0.27 34696
aoD2AG 56e3 2 88 - 0.03 0.33 37288
aoD2SG 56e3 2 88 - 0.03 0.34 37308
dry 1e2 5 178 - 0.02 0.11 26000
aoDLAV 1e2 5 178 - 0.03 0.14 30216
aoULAV 1e2 5 178 - 0.03 0.14 30224
aoD2AG 1e2 5 178 - 0.02 0.14 30384
aoD2SG 1e2 5 178 - 0.02 0.14 30388
moore 1e2 5 178 - 0.02 0.19 30496
nbpm 1e2 5 178 - 0.09 2.28 53016
greedy 1e2 5 178 - 0.02 0.14 30920
dry 1e5 10 128 - 0.03 0.18 38396
aoDLAV 1e5 10 128 - 0.05 20.37 53536
aoULAV 1e5 10 128 - 0.04 20.95 55312
aoD2AG 1e5 10 128 - 0.05 22.59 62588
aoD2SG 1e5 10 128 - 0.06 24.26 66832
dry 56e3 2 80 - 0.02 0.12 28236
aoDLAV 56e3 2 80 - 0.02 0.27 33480
aoULAV 56e3 2 80 - 0.03 0.28 34696
aoD2AG 56e3 2 80 - 0.03 0.33 37284
aoD2SG 56e3 2 80 - 0.03 0.36 37300
dry 325e2 2 29 - 0.02 0.12 27316
aoDLAV 325e2 2 29 - 0.03 0.21 31372
aoULAV 325e2 2 29 - 0.02 0.22 32092
aoD2AG 325e2 2 29 - 0.04 0.23 35004
aoD2SG 325e2 2 29 - 0.02 0.26 34760
dry 1e5 5 238 - 0.03 0.13 34476
aoDLAV 1e5 5 238 - 0.04 1.51 41816
aoULAV 1e5 5 238 - 0.05 1.48 43572
aoD2AG 1e5 5 238 - 0.05 1.61 53560
aoD2SG 1e5 5 238 - 0.04 1.86 53200
dry 1e2 2 218 - 0.02 0.11 25992
aoDLAV 1e2 2 218 - 0.02 0.14 30168
aoULAV 1e2 2 218 - 0.02 0.14 30180
aoD2AG 1e2 2 218 - 0.03 0.14 30340
aoD2SG 1e2 2 218 - 0.03 0.14 30340
moore 1e2 2 218 - 0.04 0.21 30484
nbpm 1e2 2 218 - 0.09 2.14 53000
greedy 1e2 2 218 - 0.02 0.15 30880
dry 250e2 2 2 - 0.02 0.11 27020
aoDLAV 250e2 2 2 - 0.03 0.19 31108
aoULAV 250e2 2 2 - 0.03 0.20 31212
aoD2AG 250e2 2 2 - 0.03 0.22 33864
aoD2SG 250e2 2 2 - 0.03 0.23 33968
dry 1e2 10 234 - 0.02 0.11 26008
aoDLAV 1e2 10 234 - 0.03 0.14 30260
aoULAV 1e2 10 234 - 0.02 0.15 30272
aoD2AG 1e2 10 234 - 0.03 0.14 30440
aoD2SG 1e2 10 234 - 0.03 0.14 30448
moore 1e2 10 234 - 0.02 0.22 30496
nbpm 1e2 10 234 - 0.06 2.16 53072
greedy 1e2 10 234 - 0.02 0.15 30972
dry 5e4 5 10 - 0.02 0.14 31300
aoDLAV 5e4 5 10 - 0.04 0.72 34704
aoULAV 5e4 5 10 - 0.03 0.71 34704
aoD2AG 5e4 5 10 - 0.03 0.77 37728
aoD2SG 5e4 5 10 - 0.04 0.82 37936
dry 375e2 2 17 - 0.02 0.12 27516
aoDLAV 375e2 2 17 - 0.03 0.23 31784
aoULAV 375e2 2 17 - 0.03 0.22 32600
aoD2AG 375e2 2 17 - 0.04 0.27 35516
aoD2SG 375e2 2 17 - 0.03 0.29 35524
dry 325e2 2 62 - 0.02 0.12 27316
aoDLAV 325e2 2 62 - 0.03 0.21 31372
aoULAV 325e2 2 62 - 0.03 0.22 32144
aoD2AG 325e2 2 62 - 0.04 0.24 35000
aoD2SG 325e2 2 62 - 0.03 0.26 34756
dry 1e2 5 194 - 0.02 0.12 25996
aoDLAV 1e2 5 194 - 0.03 0.14 30216
aoULAV 1e2 5 194 - 0.03 0.14 30224
aoD2AG 1e2 5 194 - 0.02 0.15 30384
aoD2SG 1e2 5 194 - 0.03 0.14 30388
moore 1e2 5 194 - 0.02 0.19 30492
nbpm 1e2 5 194 - 0.08 2.13 53016
greedy 1e2 5 194 - 0.02 0.15 30920
dry 375e2 2 246 - 0.02 0.12 30880
aoDLAV 375e2 2 246 - 0.03 0.23 31788
aoULAV 375e2 2 246 - 0.03 0.24 32604
aoD2AG 375e2 2 246 - 0.03 0.27 35516
aoD2SG 375e2 2 246 - 0.02 0.29 35528
dry 32e4 2 8 - 0.04 0.15 36424
aoDLAV 32e4 2 8 - 0.06 1.21 70828
aoULAV 32e4 2 8 - 0.07 1.19 70840
aoD2AG 32e4 2 8 - 0.08 1.69 88176
aoD2SG 32e4 2 8 - 0.06 1.84 90776
dry 5e4 5 218 - 0.02 0.14 31196
aoDLAV 5e4 5 218 - 0.04 0.67 34704
aoULAV 5e4 5 218 - 0.03 0.68 34704
aoD2AG 5e4 5 218 - 0.04 0.71 37732
aoD2SG 5e4 5 218 - 0.04 0.80 37936
dry 400e2 2 98 - 0.02 0.12 29384
aoDLAV 400e2 2 98 - 0.02 0.24 32236
aoULAV 400e2 2 98 - 0.03 0.24 33112
aoD2AG 400e2 2 98 - 0.03 0.28 36076
aoD2SG 400e2 2 98 - 0.02 0.29 35928
dry 225e2 2 164 - 0.03 0.11 26924
aoDLAV 225e2 2 164 - 0.03 0.18 30980
aoULAV 225e2 2 164 - 0.03 0.19 30996
aoD2AG 225e2 2 164 - 0.04 0.21 33372
aoD2SG 225e2 2 164 - 0.03 0.22 33460
dry 1e2 5 11 - 0.03 0.11 28012
aoDLAV 1e2 5 11 - 0.02 0.14 30212
aoULAV 1e2 5 11 - 0.03 0.13 30224
aoD2AG 1e2 5 11 - 0.02 0.15 30384
aoD2SG 1e2 5 11 - 0.03 0.14 30388
moore 1e2 5 11 - 0.02 0.23 30496
nbpm 1e2 5 11 - 0.08 2.12 53016
greedy 1e2 5 11 - 0.03 0.14 30924
dry 1e2 10 172 - 0.03 0.11 26008
aoDLAV 1e2 10 172 - 0.03 0.14 30264
aoULAV 1e2 10 172 - 0.03 0.14 30272
aoD2AG 1e2 10 172 - 0.02 0.15 30444
aoD2SG 1e2 10 172 - 0.02 0.15 30448
moore 1e2 10 172 - 0.02 0.27 30496
nbpm 1e2 10 172 - 0.09 2.13 53076
greedy 1e2 10 172 - 0.03 0.14 30972
dry 56e1 2 106 - 0.02 0.12 26008
aoDLAV 56e1 2 106 - 0.02 0.15 30220
aoULAV 56e1 2 106 - 0.03 0.14 30232
aoD2AG 56e1 2 106 - 0.02 0.14 30420
aoD2SG 56e1 2 106 - 0.02 0.15 30428
moore 56e1 2 106 - 0.04 1.99 39652
nbpm 56e1 2 106 - 0.10 2.96 78704
greedy 56e1 2 106 - 0.04 0.39 64104
dry 400e2 2 161 - 0.02 0.12 27620
aoDLAV 400e2 2 161 - 0.03 0.23 32236
aoULAV 400e2 2 161 - 0.03 0.24 33116
aoD2AG 400e2 2 161 - 0.03 0.27 36076
aoD2SG 400e2 2 161 - 0.03 0.29 35976
dry 1e6 5 240 - 0.05 0.27 73152
aoDLAV 1e6 5 240 - 0.16 19.62 252696
aoULAV 1e6 5 240 - 0.17 19.44 252688
aoD2AG 1e6 5 240 - 0.21 21.60 324592
aoD2SG 1e6 5 240 - 0.23 25.13 333896
dry 1e5 2 117 - 0.02 0.13 29992
aoDLAV 1e5 2 117 - 0.04 0.43 34800
aoULAV 1e5 2 117 - 0.03 0.45 35320
aoD2AG 1e5 2 117 - 0.03 0.57 42892
aoD2SG 1e5 2 117 - 0.05 0.63 43808
dry 56e1 2 156 - 0.02 0.12 26008
aoDLAV 56e1 2 156 - 0.03 0.14 30220
aoULAV 56e1 2 156 - 0.02 0.15 30236
aoD2AG 56e1 2 156 - 0.02 0.15 30416
aoD2SG 56e1 2 156 - 0.03 0.14 30424
moore 56e1 2 156 - 0.04 0.86 39680
nbpm 56e1 2 156 - 0.11 2.96 78704
greedy 56e1 2 156 - 0.04 0.40 64104
dry 1e3 5 229 - 0.02 0.11 26056
aoDLAV 1e3 5 229 - 0.02 0.15 30424
aoULAV 1e3 5 229 - 0.03 0.13 30436
aoD2AG 1e3 5 229 - 0.02 0.15 30736
aoD2SG 1e3 5 229 - 0.03 0.14 30764
moore 1e3 5 229 - 0.03 2.93 59828
nbpm 1e3 5 229 - 0.12 4.45 129244
greedy 1e3 5 229 - 0.08 1.04 139392
dry 1e3 10 136 - 0.02 0.12 26136
aoDLAV 1e3 10 136 - 0.03 0.16 30652
aoULAV 1e3 10 136 - 0.03 0.16 30664
aoD2AG 1e3 10 136 - 0.02 0.17 31068
aoD2SG 1e3 10 136 - 0.03 0.17 31092
moore 1e3 10 136 - 0.05 3.15 59868
nbpm 1e3 10 136 - 0.13 4.76 136140
greedy 1e3 10 136 - 0.09 1.00 139616
dry 225e2 2 100 - 0.01 0.13 26920
aoDLAV 225e2 2 100 - 0.03 0.19 30984
aoULAV 225e2 2 100 - 0.03 0.20 30992
aoD2AG 225e2 2 100 - 0.03 0.23 33368
aoD2SG 225e2 2 100 - 0.03 0.24 33464
dry 1e1 2 129 - 0.02 0.11 25992
aoDLAV 1e1 2 129 - 0.02 0.15 30160
aoULAV 1e1 2 129 - 0.03 0.14 30172
aoD2AG 1e1 2 129 - 0.02 0.15 30320
aoD2SG 1e1 2 129 - 0.03 0.14 30320
moore 1e1 2 129 - 0.03 0.18 30484
nbpm 1e1 2 129 - 0.08 2.11 49824
greedy 1e1 2 129 - 0.03 0.14 30124
dry 1e6 2 124 - 0.03 0.20 49708
aoDLAV 1e6 2 124 - 0.11 3.81 178456
aoULAV 1e6 2 124 - 0.13 4.02 178456
aoD2AG 1e6 2 124 - 0.18 5.66 234680
aoD2SG 1e6 2 124 - 0.18 6.44 242484
dry 1e6 10 174 - 0.08 0.40 112232
aoDLAV 1e6 10 174 - 0.21 365.11 369892
aoULAV 1e6 10 174 - 0.30 375.05 369892
aoD2AG 1e6 10 174 - 0.39 384.23 447648
aoD2SG 1e6 10 174 - 0.41 528.00 456416
dry 225e2 2 149 - 0.02 0.12 28944
aoDLAV 225e2 2 149 - 0.03 0.19 30980
aoULAV 225e2 2 149 - 0.04 0.19 30992
aoD2AG 225e2 2 149 - 0.03 0.21 33368
aoD2SG 225e2 2 149 - 0.03 0.22 33464
dry 300e2 2 100 - 0.02 0.12 27216
aoDLAV 300e2 2 100 - 0.02 0.22 31296
aoULAV 300e2 2 100 - 0.03 0.21 31892
aoD2AG 300e2 2 100 - 0.04 0.24 35060
aoD2SG 300e2 2 100 - 0.03 0.26 34716
dry 18e4 2 120 - 0.03 0.13 33104
aoDLAV 18e4 2 120 - 0.05 0.76 47860
aoULAV 18e4 2 120 - 0.05 0.77 47860
aoD2AG 18e4 2 120 - 0.05 1.00 59004
aoD2SG 18e4 2 120 - 0.05 1.04 59920
dry 56e1 2 130 - 0.03 0.11 26008
aoDLAV 56e1 2 130 - 0.02 0.15 30220
aoULAV 56e1 2 130 - 0.03 0.14 30232
aoD2AG 56e1 2 130 - 0.03 0.14 30416
aoD2SG 56e1 2 130 - 0.03 0.14 30424
moore 56e1 2 130 - 0.04 1.14 39684
nbpm 56e1 2 130 - 0.10 2.91 78704
greedy 56e1 2 130 - 0.05 0.39 64104
dry 56e4 2 147 - 0.03 0.19 41104
aoDLAV 56e4 2 147 - 0.07 2.00 107988
aoULAV 56e4 2 147 - 0.08 2.70 107988
aoD2AG 56e4 2 147 - 0.12 2.94 139416
aoD2SG 56e4 2 147 - 0.12 3.34 143912
dry 250e2 2 66 - 0.02 0.11 27020
aoDLAV 250e2 2 66 - 0.03 0.19 31108
aoULAV 250e2 2 66 - 0.02 0.20 31212
aoD2AG 250e2 2 66 - 0.03 0.21 33860
aoD2SG 250e2 2 66 - 0.02 0.23 33964
dry 56e1 2 235 - 0.02 0.12 26008
aoDLAV 56e1 2 235 - 0.03 0.14 30220
aoULAV 56e1 2 235 - 0.02 0.14 30232
aoD2AG 56e1 2 235 - 0.03 0.14 30416
aoD2SG 56e1 2 235 - 0.02 0.14 30424
moore 56e1 2 235 - 0.03 1.38 39652
nbpm 56e1 2 235 - 0.10 2.87 78704
greedy 56e1 2 235 - 0.03 0.39 64104
dry 5e4 5 86 - 0.02 0.13 31104
aoDLAV 5e4 5 86 - 0.03 0.67 34704
aoULAV 5e4 5 86 - 0.03 0.68 34704
aoD2AG 5e4 5 86 - 0.03 0.70 37728
aoD2SG 5e4 5 86 - 0.02 0.90 37936
dry 18e4 2 3 - 0.03 0.13 33412
aoDLAV 18e4 2 3 - 0.04 0.75 47860
aoULAV 18e4 2 3 - 0.05 0.74 47860
aoD2AG 18e4 2 3 - 0.06 1.00 58652
aoD2SG 18e4 2 3 - 0.06 1.10 59756
dry 1e6 2 149 - 0.04 0.20 49708
aoDLAV 1e6 2 149 - 0.12 3.80 178456
aoULAV 1e6 2 149 - 0.14 3.87 178456
aoD2AG 1e6 2 149 - 0.18 5.27 233320
aoD2SG 1e6 2 149 - 0.19 5.73 241388
dry 1e2 5 223 - 0.02 0.11 26000
aoDLAV 1e2 5 223 - 0.02 0.14 30216
aoULAV 1e2 5 223 - 0.02 0.15 30224
aoD2AG 1e2 5 223 - 0.02 0.15 30384
aoD2SG 1e2 5 223 - 0.03 0.14 30388
moore 1e2 5 223 - 0.04 0.26 30492
nbpm 1e2 5 223 - 0.07 2.19 53012
greedy 1e2 5 223 - 0.03 0.15 30920
dry 325e2 2 92 - 0.03 0.11 29020
aoDLAV 325e2 2 92 - 0.03 0.22 31404
aoULAV 325e2 2 92 - 0.03 0.21 32084
aoD2AG 325e2 2 92 - 0.03 0.24 35004
aoD2SG 325e2 2 92 - 0.03 0.25 34764
dry 375e2 2 75 - 0.03 0.11 29060
aoDLAV 375e2 2 75 - 0.03 0.24 31784
aoULAV 375e2 2 75 - 0.03 0.22 32608
aoD2AG 375e2 2 75 - 0.04 0.27 35516
aoD2SG 375e2 2 75 - 0.04 0.29 35532
dry 350e2 2 52 - 0.02 0.12 27416
aoDLAV 350e2 2 52 - 0.03 0.22 31480
aoULAV 350e2 2 52 - 0.03 0.22 32260
aoD2AG 350e2 2 52 - 0.02 0.26 34856
aoD2SG 350e2 2 52 - 0.02 0.27 35132
dry 1e3 5 161 - 0.02 0.12 26056
aoDLAV 1e3 5 161 - 0.02 0.15 30424
aoULAV 1e3 5 161 - 0.03 0.14 30436
aoD2AG 1e3 5 161 - 0.03 0.14 30780
aoD2SG 1e3 5 161 - 0.02 0.15 30756
moore 1e3 5 161 - 0.04 5.15 59800
nbpm 1e3 5 161 - 0.13 4.34 129244
greedy 1e3 5 161 - 0.08 1.00 139388
dry 18e4 2 37 - 0.03 0.14 33104
aoDLAV 18e4 2 37 - 0.04 0.72 47864
aoULAV 18e4 2 37 - 0.04 0.74 47860
aoD2AG 18e4 2 37 - 0.06 0.97 58644
aoD2SG 18e4 2 37 - 0.05 1.06 60308
dry 18e4 2 232 - 0.03 0.13 33284
aoDLAV 18e4 2 232 - 0.04 0.75 47860
aoULAV 18e4 2 232 - 0.05 0.78 47860
aoD2AG 18e4 2 232 - 0.05 1.01 58636
aoD2SG 18e4 2 232 - 0.06 1.14 59876
dry 1e5 2 71 - 0.03 0.13 31344
aoDLAV 1e5 2 71 - 0.02 0.41 34800
aoULAV 1e5 2 71 - 0.03 0.47 35324
aoD2AG 1e5 2 71 - 0.04 0.57 42600
aoD2SG 1e5 2 71 - 0.04 0.66 43800
dry 56e1 2 228 - 0.03 0.11 26012
aoDLAV 56e1 2 228 - 0.03 0.15 30224
aoULAV 56e1 2 228 - 0.02 0.14 30236
aoD2AG 56e1 2 228 - 0.02 0.15 30416
aoD2SG 56e1 2 228 - 0.02 0.14 30424
moore 56e1 2 228 - 0.02 2.72 39652
nbpm 56e1 2 228 - 0.10 3.14 78708
greedy 56e1 2 228 - 0.04 0.39 64104
dry 1e3 5 75 - 0.02 0.11 27952
aoDLAV 1e3 5 75 - 0.03 0.14 30428
aoULAV 1e3 5 75 - 0.02 0.15 30436
aoD2AG 1e3 5 75 - 0.04 0.14 30752
aoD2SG 1e3 5 75 - 0.03 0.15 30768
moore 1e3 5 75 - 0.07 4.76 59892
nbpm 1e3 5 75 - 0.13 4.41 129244
greedy 1e3 5 75 - 0.07 1.03 139392
dry 32e1 2 156 - 0.02 0.12 26000
aoDLAV 32e1 2 156 - 0.02 0.14 30196
aoULAV 32e1 2 156 - 0.03 0.13 30208
aoD2AG 32e1 2 156 - 0.04 0.13 30376
aoD2SG 32e1 2 156 - 0.03 0.14 30388
moore 32e1 2 156 - 0.03 0.42 33684
nbpm 32e1 2 156 - 0.08 2.33 58308
greedy 32e1 2 156 - 0.02 0.21 40972
dry 1e3 5 88 - 0.01 0.12 26060
aoDLAV 1e3 5 88 - 0.02 0.15 30424
aoULAV 1e3 5 88 - 0.03 0.13 30436
aoD2AG 1e3 5 88 - 0.03 0.15 30732
aoD2SG 1e3 5 88 - 0.02 0.15 30764
moore 1e3 5 88 - 0.05 7.22 59804
nbpm 1e3 5 88 - 0.12 4.42 129248
greedy 1e3 5 88 - 0.10 0.99 139388
dry 18e1 2 33 - 0.03 0.11 26004
aoDLAV 18e1 2 33 - 0.02 0.14 30184
aoULAV 18e1 2 33 - 0.03 0.13 30196
aoD2AG 18e1 2 33 - 0.02 0.14 30352
aoD2SG 18e1 2 33 - 0.02 0.14 30368
moore 18e1 2 33 - 0.04 0.23 30488
nbpm 18e1 2 33 - 0.07 2.17 54436
greedy 18e1 2 33 - 0.03 0.16 33348
dry 400e2 2 89 - 0.02 0.12 27616
aoDLAV 400e2 2 89 - 0.03 0.24 32236
aoULAV 400e2 2 89 - 0.03 0.24 33116
aoD2AG 400e2 2 89 - 0.03 0.26 36072
aoD2SG 400e2 2 89 - 0.04 0.28 35924
dry 250e2 2 107 - 0.03 0.11 27020
aoDLAV 250e2 2 107 - 0.02 0.20 31112
aoULAV 250e2 2 107 - 0.02 0.20 31216
aoD2AG 250e2 2 107 - 0.03 0.21 33860
aoD2SG 250e2 2 107 - 0.02 0.23 33960
dry 18e1 2 181 - 0.03 0.11 27952
aoDLAV 18e1 2 181 - 0.02 0.15 30188
aoULAV 18e1 2 181 - 0.03 0.13 30196
aoD2AG 18e1 2 181 - 0.03 0.14 30356
aoD2SG 18e1 2 181 - 0.03 0.14 30368
moore 18e1 2 181 - 0.03 0.29 30496
nbpm 18e1 2 181 - 0.08 2.29 54444
greedy 18e1 2 181 - 0.03 0.15 33348
dry 275e2 2 27 - 0.02 0.12 27120
aoDLAV 275e2 2 27 - 0.03 0.22 31244
aoULAV 275e2 2 27 - 0.03 0.21 31568
aoD2AG 275e2 2 27 - 0.03 0.25 34692
aoD2SG 275e2 2 27 - 0.02 0.24 34808
dry 1e6 10 38 - 0.08 0.39 112232
aoDLAV 1e6 10 38 - 0.21 393.36 369916
aoULAV 1e6 10 38 - 0.33 390.82 369888
aoD2AG 1e6 10 38 - 0.51 519.47 447060
aoD2SG 1e6 10 38 - 0.71 592.31 456524
dry 400e2 2 55 - 0.03 0.12 29556
aoDLAV 400e2 2 55 - 0.03 0.26 32240
aoULAV 400e2 2 55 - 0.03 0.25 33112
aoD2AG 400e2 2 55 - 0.03 0.29 36072
aoD2SG 400e2 2 55 - 0.03 0.30 35932
dry 375e2 2 179 - 0.03 0.11 27516
aoDLAV 375e2 2 179 - 0.02 0.26 31788
aoULAV 375e2 2 179 - 0.03 0.26 32604
aoD2AG 375e2 2 179 - 0.03 0.28 35520
aoD2SG 375e2 2 179 - 0.03 0.30 35524
dry 1e3 2 230 - 0.02 0.12 26024
aoDLAV 1e3 2 230 - 0.02 0.14 30284
aoULAV 1e3 2 230 - 0.02 0.14 30292
aoD2AG 1e3 2 230 - 0.03 0.14 30548
aoD2SG 1e3 2 230 - 0.02 0.15 30568
moore 1e3 2 230 - 0.05 6.11 59768
nbpm 1e3 2 230 - 0.13 4.18 138556
greedy 1e3 2 230 - 0.09 1.04 139244
dry 56e1 2 99 - 0.02 0.12 26012
aoDLAV 56e1 2 99 - 0.02 0.15 30224
aoULAV 56e1 2 99 - 0.03 0.14 30232
aoD2AG 56e1 2 99 - 0.02 0.15 30420
aoD2SG 56e1 2 99 - 0.02 0.14 30424
moore 56e1 2 99 - 0.04 2.27 39660
nbpm 56e1 2 99 - 0.11 2.94 78712
greedy 56e1 2 99 - 0.05 0.39 64104
dry 32e3 2 139 - 0.02 0.12 29324
aoDLAV 32e3 2 139 - 0.02 0.22 31436
aoULAV 32e3 2 139 - 0.02 0.23 32148
aoD2AG 32e3 2 139 - 0.03 0.25 35024
aoD2SG 32e3 2 139 - 0.03 0.26 34788
dry 1e2 10 152 - 0.02 0.12 26008
aoDLAV 1e2 10 152 - 0.03 0.14 30260
aoULAV 1e2 10 152 - 0.03 0.14 30272
aoD2AG 1e2 10 152 - 0.03 0.14 30440
aoD2SG 1e2 10 152 - 0.03 0.14 30448
moore 1e2 10 152 - 0.04 0.21 30496
nbpm 1e2 10 152 - 0.09 2.16 53072
greedy 1e2 10 152 - 0.02 0.15 30976
dry 18e4 2 216 - 0.04 0.12 33188
aoDLAV 18e4 2 216 - 0.04 0.74 47860
aoULAV 18e4 2 216 - 0.05 0.74 47860
aoD2AG 18e4 2 216 - 0.06 0.98 58640
aoD2SG 18e4 2 216 - 0.07 1.10 59708
dry 1e6 5 184 - 0.05 0.27 73152
aoDLAV 1e6 5 184 - 0.16 19.10 252688
aoULAV 1e6 5 184 - 0.13 18.22 252688
aoD2AG 1e6 5 184 - 0.21 19.82 323192
aoD2SG 1e6 5 184 - 0.21 23.42 331784
dry 5e4 5 182 - 0.02 0.13 29984
aoDLAV 5e4 5 182 - 0.03 0.71 34708
aoULAV 5e4 5 182 - 0.03 0.63 34708
aoD2AG 5e4 5 182 - 0.03 0.67 37728
aoD2SG 5e4 5 182 - 0.03 0.75 37940
dry 1e2 2 11 - 0.02 0.11 25992
aoDLAV 1e2 2 11 - 0.03 0.14 30168
aoULAV 1e2 2 11 - 0.02 0.14 30180
aoD2AG 1e2 2 11 - 0.03 0.13 30336
aoD2SG 1e2 2 11 - 0.02 0.15 30344
moore 1e2 2 11 - 0.03 0.19 30488
nbpm 1e2 2 11 - 0.08 2.08 53004
greedy 1e2 2 11 - 0.02 0.15 30880
dry 1e6 2 63 - 0.04 0.20 49704
aoDLAV 1e6 2 63 - 0.11 3.69 178456
aoULAV 1e6 2 63 - 0.12 3.72 178456
aoD2AG 1e6 2 63 - 0.15 5.42 233340
aoD2SG 1e6 2 63 - 0.19 6.08 240736
dry 32e4 2 51 - 0.03 0.16 36424
aoDLAV 32e4 2 51 - 0.05 1.21 70832
aoULAV 32e4 2 51 - 0.05 1.23 70840
aoD2AG 32e4 2 51 - 0.07 1.72 88584
aoD2SG 32e4 2 51 - 0.09 1.85 91076
dry 275e2 2 75 - 0.02 0.12 27124
aoDLAV 275e2 2 75 - 0.03 0.20 31240
aoULAV 275e2 2 75 - 0.03 0.21 31572
aoD2AG 275e2 2 75 - 0.03 0.23 34696
aoD2SG 275e2 2 75 - 0.02 0.25 34812
dry 400e2 2 174 - 0.02 0.12 27620
aoDLAV 400e2 2 174 - 0.04 0.23 32240
aoULAV 400e2 2 174 - 0.04 0.23 33112
aoD2AG 400e2 2 174 - 0.03 0.29 36072
aoD2SG 400e2 2 174 - 0.03 0.30 35928
dry 56e4 2 241 - 0.03 0.18 41104
aoDLAV 56e4 2 241 - 0.09 2.05 107988
aoULAV 56e4 2 241 - 0.09 2.19 107984
aoD2AG 56e4 2 241 - 0.11 2.97 138768
aoD2SG 56e4 2 241 - 0.14 3.27 144180
dry 1e2 2 78 - 0.02 0.12 25992
aoDLAV 1e2 2 78 - 0.03 0.14 30168
aoULAV 1e2 2 78 - 0.03 0.14 30180
aoD2AG 1e2 2 78 - 0.02 0.14 30360
aoD2SG 1e2 2 78 - 0.02 0.15 30332
moore 1e2 2 78 - 0.03 0.21 30488
nbpm 1e2 2 78 - 0.07 2.09 53008
greedy 1e2 2 78 - 0.03 0.14 30880
dry 32e1 2 243 - 0.03 0.11 26000
aoDLAV 32e1 2 243 - 0.03 0.14 30200
aoULAV 32e1 2 243 - 0.02 0.14 30212
aoD2AG 32e1 2 243 - 0.02 0.14 30376
aoD2SG 32e1 2 243 - 0.03 0.14 30384
moore 32e1 2 243 - 0.03 0.54 33680
nbpm 32e1 2 243 - 0.09 2.30 58300
greedy 32e1 2 243 - 0.03 0.21 40976
dry 32e4 2 83 - 0.03 0.16 36424
aoDLAV 32e4 2 83 - 0.06 1.15 70828
aoULAV 32e4 2 83 - 0.06 1.23 70840
aoD2AG 32e4 2 83 - 0.08 1.75 89264
aoD2SG 32e4 2 83 - 0.08 1.90 91644
dry 250e2 2 16 - 0.02 0.12 27020
aoDLAV 250e2 2 16 - 0.02 0.20 31108
aoULAV 250e2 2 16 - 0.03 0.20 31212
aoD2AG 250e2 2 16 - 0.03 0.23 33860
aoD2SG 250e2 2 16 - 0.04 0.23 33964
dry 1e5 10 215 - 0.04 0.17 38396
aoDLAV 1e5 10 215 - 0.04 20.95 53536
aoULAV 1e5 10 215 - 0.05 20.47 55308
aoD2AG 1e5 10 215 - 0.05 20.34 62780
aoD2SG 1e5 10 215 - 0.07 25.03 66832
dry 56e4 2 112 - 0.03 0.19 41108
aoDLAV 56e4 2 112 - 0.08 1.96 107984
aoULAV 56e4 2 112 - 0.08 2.11 107984
aoD2AG 56e4 2 112 - 0.11 3.18 139000
aoD2SG 56e4 2 112 - 0.13 3.30 143316
dry 400e2 2 91 - 0.02 0.12 27616
aoDLAV 400e2 2 91 - 0.02 0.23 32248
aoULAV 400e2 2 91 - 0.04 0.23 33112
aoD2AG 400e2 2 91 - 0.04 0.26 36072
aoD2SG 400e2 2 91 - 0.03 0.29 35932
dry 1e6 2 26 - 0.04 0.19 49708
aoDLAV 1e6 2 26 - 0.11 3.63 178456
aoULAV 1e6 2 26 - 0.12 3.92 178460
aoD2AG 1e6 2 26 - 0.18 5.42 235592
aoD2SG 1e6 2 26 - 0.20 6.15 242468
dry 32e4 2 221 - 0.04 0.15 36424
aoDLAV 32e4 2 221 - 0.05 1.23 70832
aoULAV 32e4 2 221 - 0.05 1.24 70840
aoD2AG 32e4 2 221 - 0.07 1.68 88664
aoD2SG 32e4 2 221 - 0.07 1.92 91464
dry 250e2 2 235 - 0.02 0.12 27020
aoDLAV 250e2 2 235 - 0.03 0.19 31108
aoULAV 250e2 2 235 - 0.04 0.19 31212
aoD2AG 250e2 2 235 - 0.03 0.22 33860
aoD2SG 250e2 2 235 - 0.03 0.23 34024
dry 1e5 10 149 - 0.03 0.18 38396
aoDLAV 1e5 10 149 - 0.05 33.21 53536
aoULAV 1e5 10 149 - 0.04 20.68 55308
aoD2AG 1e5 10 149 - 0.06 20.53 62588
aoD2SG 1e5 10 149 - 0.06 22.68 66832
dry 32e1 2 64 - 0.02 0.11 26000
aoDLAV 32e1 2 64 - 0.02 0.15 30196
aoULAV 32e1 2 64 - 0.03 0.14 30208
aoD2AG 32e1 2 64 - 0.02 0.15 30376
aoD2SG 32e1 2 64 - 0.03 0.14 30384
moore 32e1 2 64 - 0.04 0.91 33676
nbpm 32e1 2 64 - 0.07 2.37 58300
greedy 32e1 2 64 - 0.02 0.22 40972
dry 1e3 10 129 - 0.02 0.12 26140
aoDLAV 1e3 10 129 - 0.02 0.17 30652
aoULAV 1e3 10 129 - 0.02 0.16 30668
aoD2AG 1e3 10 129 - 0.02 0.17 31068
aoD2SG 1e3 10 129 - 0.03 0.16 31088
moore 1e3 10 129 - 0.04 2.12 59872
nbpm 1e3 10 129 - 0.12 4.77 136140
greedy 1e3 10 129 - 0.08 1.05 139616
dry 250e2 2 121 - 0.03 0.11 28908
aoDLAV 250e2 2 121 - 0.02 0.20 31108
aoULAV 250e2 2 121 - 0.02 0.21 31216
aoD2AG 250e2 2 121 - 0.04 0.21 33860
aoD2SG 250e2 2 121 - 0.03 0.24 33968
dry 375e2 2 180 - 0.02 0.12 27520
aoDLAV 375e2 2 180 - 0.03 0.25 31788
aoULAV 375e2 2 180 - 0.03 0.26 32604
aoD2AG 375e2 2 180 - 0.03 0.27 35516
aoD2SG 375e2 2 180 - 0.04 0.30 35524
dry 275e2 2 73 - 0.02 0.12 27124
aoDLAV 275e2 2 73 - 0.03 0.21 31240
aoULAV 275e2 2 73 - 0.03 0.21 31568
aoD2AG 275e2 2 73 - 0.03 0.23 34696
aoD2SG 275e2 2 73 - 0.03 0.25 34816
dry 56e4 2 93 - 0.03 0.18 41104
aoDLAV 56e4 2 93 - 0.08 2.69 107984
aoULAV 56e4 2 93 - 0.08 2.08 107984
aoD2AG 56e4 2 93 - 0.12 2.99 140056
aoD2SG 56e4 2 93 - 0.11 3.35 144344
dry 5e4 2 172 - 0.02 0.12 29444
aoDLAV 5e4 2 172 - 0.03 0.26 33012
aoULAV 5e4 2 172 - 0.03 0.27 33316
aoD2AG 5e4 2 172 - 0.04 0.32 36408
aoD2SG 5e4 2 172 - 0.04 0.34 36424
dry 1e2 10 186 - 0.02 0.12 26004
aoDLAV 1e2 10 186 - 0.03 0.14 30260
aoULAV 1e2 10 186 - 0.02 0.15 30276
aoD2AG 1e2 10 186 - 0.03 0.14 30444
aoD2SG 1e2 10 186 - 0.03 0.14 30448
moore 1e2 10 186 - 0.03 0.21 30496
nbpm 1e2 10 186 - 0.07 2.17 53076
greedy 1e2 10 186 - 0.04 0.13 30972
dry 250e2 2 182 - 0.01 0.13 27020
aoDLAV 250e2 2 182 - 0.03 0.21 31112
aoULAV 250e2 2 182 - 0.03 0.21 31212
aoD2AG 250e2 2 182 - 0.02 0.25 33864
aoD2SG 250e2 2 182 - 0.03 0.24 33964
dry 1e2 2 42 - 0.02 0.12 25996
aoDLAV 1e2 2 42 - 0.03 0.14 30168
aoULAV 1e2 2 42 - 0.02 0.14 30180
aoD2AG 1e2 2 42 - 0.03 0.14 30336
aoD2SG 1e2 2 42 - 0.02 0.14 30344
moore 1e2 2 42 - 0.03 0.21 30488
nbpm 1e2 2 42 - 0.06 2.17 53012
greedy 1e2 2 42 - 0.02 0.15 30880
dry 1e2 5 216 - 0.03 0.11 25996
aoDLAV 1e2 5 216 - 0.02 0.15 30212
aoULAV 1e2 5 216 - 0.03 0.14 30228
aoD2AG 1e2 5 216 - 0.02 0.15 30384
aoD2SG 1e2 5 216 - 0.03 0.14 30392
moore 1e2 5 216 - 0.03 0.20 30496
nbpm 1e2 5 216 - 0.07 2.15 53016
greedy 1e2 5 216 - 0.03 0.14 30920
dry 1e2 10 117 - 0.03 0.12 26004
aoDLAV 1e2 10 117 - 0.02 0.14 30264
aoULAV 1e2 10 117 - 0.03 0.14 30272
aoD2AG 1e2 10 117 - 0.03 0.14 30440
aoD2SG 1e2 10 117 - 0.03 0.14 30448
moore 1e2 10 117 - 0.02 0.23 30496
nbpm 1e2 10 117 - 0.07 2.27 53072
greedy 1e2 10 117 - 0.03 0.15 30976
dry 1e3 5 166 - 0.02 0.11 26056
aoDLAV 1e3 5 166 - 0.03 0.15 30424
aoULAV 1e3 5 166 - 0.02 0.15 30436
aoD2AG 1e3 5 166 - 0.03 0.14 30740
aoD2SG 1e3 5 166 - 0.03 0.15 30764
moore 1e3 5 166 - 0.04 2.94 59832
nbpm 1e3 5 166 - 0.14 4.98 129244
greedy 1e3 5 166 - 0.08 1.05 139392
dry 1e2 10 121 - 0.02 0.12 26004
aoDLAV 1e2 10 121 - 0.04 0.13 30260
aoULAV 1e2 10 121 - 0.03 0.14 30272
aoD2AG 1e2 10 121 - 0.03 0.15 30440
aoD2SG 1e2 10 121 - 0.04 0.14 30452
moore 1e2 10 121 - 0.03 0.21 30496
nbpm 1e2 10 121 - 0.08 2.26 53076
greedy 1e2 10 121 - 0.03 0.14 30972
dry 375e2 2 43 - 0.02 0.12 27516
aoDLAV 375e2 2 43 - 0.04 0.23 31784
aoULAV 375e2 2 43 - 0.02 0.24 32608
aoD2AG 375e2 2 43 - 0.03 0.28 35516
aoD2SG 375e2 2 43 - 0.03 0.30 35524
dry 18e1 2 39 - 0.02 0.12 26004
aoDLAV 18e1 2 39 - 0.03 0.15 30188
aoULAV 18e1 2 39 - 0.03 0.15 30200
aoD2AG 18e1 2 39 - 0.02 0.15 30348
aoD2SG 18e1 2 39 - 0.03 0.14 30364
moore 18e1 2 39 - 0.03 0.27 30496
nbpm 18e1 2 39 - 0.07 2.16 54444
greedy 18e1 2 39 - 0.03 0.16 33348
dry 5e4 5 126 - 0.03 0.14 31584
aoDLAV 5e4 5 126 - 0.04 0.68 34704
aoULAV 5e4 5 126 - 0.04 0.71 34704
aoD2AG 5e4 5 126 - 0.03 0.71 37728
aoD2SG 5e4 5 126 - 0.04 0.75 37940
dry 1e1 2 87 - 0.02 0.12 25992
aoDLAV 1e1 2 87 - 0.03 0.14 30160
aoULAV 1e1 2 87 - 0.02 0.15 30172
aoD2AG 1e1 2 87 - 0.02 0.15 30316
aoD2SG 1e1 2 87 - 0.02 0.14 30312
moore 1e1 2 87 - 0.02 0.19 30476
nbpm 1e1 2 87 - 0.08 2.28 49816
greedy 1e1 2 87 - 0.02 0.15 30128
dry 56e1 2 148 - 0.03 0.12 26008
aoDLAV 56e1 2 148 - 0.03 0.15 30220
aoULAV 56e1 2 148 - 0.04 0.14 30232
aoD2AG 56e1 2 148 - 0.03 0.15 30420
aoD2SG 56e1 2 148 - 0.02 0.15 30424
moore 56e1 2 148 - 0.04 1.76 39660
nbpm 56e1 2 148 - 0.12 3.35 78712
greedy 56e1 2 148 - 0.04 0.37 64104
dry 1e3 10 100 - 0.03 0.11 26136
aoDLAV 1e3 10 100 - 0.03 0.16 30656
aoULAV 1e3 10 100 - 0.03 0.16 30668
aoD2AG 1e3 10 100 - 0.03 0.16 31052
aoD2SG 1e3 10 100 - 0.03 0.16 31088
moore 1e3 10 100 - 0.05 2.66 59872
nbpm 1e3 10 100 - 0.14 5.18 136220
greedy 1e3 10 100 - 0.10 1.08 139620
dry 400e2 2 44 - 0.03 0.12 27620
aoDLAV 400e2 2 44 - 0.02 0.25 32236
aoULAV 400e2 2 44 - 0.04 0.25 33112
aoD2AG 400e2 2 44 - 0.03 0.30 36088
aoD2SG 400e2 2 44 - 0.03 0.31 35928
dry 400e2 2 99 - 0.03 0.12 27616
aoDLAV 400e2 2 99 - 0.03 0.25 32236
aoULAV 400e2 2 99 - 0.04 0.25 33116
aoD2AG 400e2 2 99 - 0.03 0.26 36072
aoD2SG 400e2 2 99 - 0.04 0.27 35928
dry 1e1 2 18 - 0.03 0.11 25992
aoDLAV 1e1 2 18 - 0.02 0.14 30160
aoULAV 1e1 2 18 - 0.02 0.14 30176
aoD2AG 1e1 2 18 - 0.03 0.14 30316
aoD2SG 1e1 2 18 - 0.03 0.14 30320
moore 1e1 2 18 - 0.02 0.19 30476
nbpm 1e1 2 18 - 0.09 2.23 49812
greedy 1e1 2 18 - 0.03 0.14 30128
dry 1e2 2 241 - 0.02 0.12 25992
aoDLAV 1e2 2 241 - 0.03 0.14 30172
aoULAV 1e2 2 241 - 0.02 0.14 30184
aoD2AG 1e2 2 241 - 0.04 0.13 30336
aoD2SG 1e2 2 241 - 0.03 0.15 30340
moore 1e2 2 241 - 0.03 0.26 30480
nbpm 1e2 2 241 - 0.07 2.10 53000
greedy 1e2 2 241 - 0.02 0.15 30884
dry 1e1 2 43 - 0.02 0.13 25992
aoDLAV 1e1 2 43 - 0.02 0.15 30160
aoULAV 1e1 2 43 - 0.03 0.15 30172
aoD2AG 1e1 2 43 - 0.03 0.14 30324
aoD2SG 1e1 2 43 - 0.03 0.14 30328
moore 1e1 2 43 - 0.03 0.19 30484
nbpm 1e1 2 43 - 0.09 2.21 49824
greedy 1e1 2 43 - 0.02 0.15 30128
dry 1e3 10 78 - 0.02 0.11 26136
aoDLAV 1e3 10 78 - 0.02 0.17 30652
aoULAV 1e3 10 78 - 0.04 0.15 30664
aoD2AG 1e3 10 78 - 0.03 0.16 31060
aoD2SG 1e3 10 78 - 0.02 0.17 31092
moore 1e3 10 78 - 0.04 5.37 59840
nbpm 1e3 10 78 - 0.14 5.24 136140
greedy 1e3 10 78 - 0.09 1.06 139616
dry 250e2 2 130 - 0.02 0.12 27024
aoDLAV 250e2 2 130 - 0.03 0.20 31112
aoULAV 250e2 2 130 - 0.02 0.21 31216
aoD2AG 250e2 2 130 - 0.03 0.22 33860
aoD2SG 250e2 2 130 - 0.03 0.23 33964
dry 1e5 2 10 - 0.03 0.13 32128
aoDLAV 1e5 2 10 - 0.04 0.49 34800
aoULAV 1e5 2 10 - 0.04 0.39 35320
aoD2AG 1e5 2 10 - 0.04 0.60 42596
aoD2SG 1e5 2 10 - 0.03 0.72 43796
dry 32e1 2 238 - 0.02 0.12 26000
aoDLAV 32e1 2 238 - 0.04 0.13 30200
aoULAV 32e1 2 238 - 0.02 0.15 30212
aoD2AG 32e1 2 238 - 0.02 0.15 30376
aoD2SG 32e1 2 238 - 0.03 0.15 30388
moore 32e1 2 238 - 0.03 0.89 33680
nbpm 32e1 2 238 - 0.07 2.49 58304
greedy 32e1 2 238 - 0.04 0.21 40972
dry 1e1 2 149 - 0.03 0.12 25992
aoDLAV 1e1 2 149 - 0.02 0.14 30164
aoULAV 1e1 2 149 - 0.02 0.15 30172
aoD2AG 1e1 2 149 - 0.03 0.14 30316
aoD2SG 1e1 2 149 - 0.03 0.14 30324
moore 1e1 2 149 - 0.03 0.18 30476
nbpm 1e1 2 149 - 0.09 2.23 49816
greedy 1e1 2 149 - 0.03 0.14 30128
dry 1e2 2 135 - 0.02 0.13 25992
aoDLAV 1e2 2 135 - 0.03 0.15 30168
aoULAV 1e2 2 135 - 0.03 0.14 30180
aoD2AG 1e2 2 135 - 0.03 0.15 30340
aoD2SG 1e2 2 135 - 0.03 0.14 30344
moore 1e2 2 135 - 0.03 0.24 30480
nbpm 1e2 2 135 - 0.08 2.32 53004
greedy 1e2 2 135 - 0.02 0.15 30880
dry 1e6 5 46 - 0.06 0.30 73152
aoDLAV 1e6 5 46 - 0.15 28.52 252692
aoULAV 1e6 5 46 - 0.21 24.42 252688
aoD2AG 1e6 5 46 - 0.23 25.89 323552
aoD2SG 1e6 5 46 - 0.20 22.39 333640
dry 1e6 10 97 - 0.07 0.42 112232
aoDLAV 1e6 10 97 - 0.23 562.32 369896
aoULAV 1e6 10 97 - 0.30 364.34 369884
aoD2AG 1e6 10 97 - 0.40 352.94 447412
aoD2SG 1e6 10 97 - 0.42 408.41 459876
