dry 150e2 2 177 - 0.02 0.12 26632
aoDLAV 150e2 2 177 - 0.02 0.19 30824
aoULAV 150e2 2 177 - 0.03 0.18 30824
aoD2AG 150e2 2 177 - 0.02 0.20 31608
aoD2SG 150e2 2 177 - 0.03 0.20 31608
moore 150e2 2 177 - 2.10 2853.31 6629356
nbpm 150e2 2 177 - 14.89 1265.95 16814176
greedy 150e2 2 177 - 13.60 718.24 24630028
dry 18e3 2 141 - 0.02 0.12 26752
aoDLAV 18e3 2 141 - 0.04 0.18 30740
aoULAV 18e3 2 141 - 0.03 0.19 30744
aoD2AG 18e3 2 141 - 0.03 0.21 31804
aoD2SG 18e3 2 141 - 0.03 0.21 31816
moore 18e3 2 141 - 3.01 5682.57 9534984
nbpm 18e3 2 141 - 24.14 1944.74 25451068
greedy 18e3 2 141 - 19.63 1033.60 35458364
dry 9e7 2 213 - 1.02 2.75 1787984
aoDLAV 9e7 2 213 - 7.41 522.70 13377684
aoULAV 9e7 2 213 - 9.71 562.19 13377684
aoD2AG 9e7 2 213 - 17.32 789.42 19672024
aoD2SG 9e7 2 213 - 18.33 967.18 20390396
dry 18e3 2 80 - 0.02 0.12 28652
aoDLAV 18e3 2 80 - 0.02 0.19 30740
aoULAV 18e3 2 80 - 0.04 0.18 30740
aoD2AG 18e3 2 80 - 0.04 0.20 31804
aoD2SG 18e3 2 80 - 0.03 0.21 31812
moore 18e3 2 80 - 2.93 4662.50 9534988
nbpm 18e3 2 80 - 24.10 1988.80 25451064
greedy 18e3 2 80 - 18.97 1058.11 35458368
dry 125e2 2 143 - 0.03 0.11 26532
aoDLAV 125e2 2 143 - 0.03 0.18 30712
aoULAV 125e2 2 143 - 0.02 0.19 30708
aoD2AG 125e2 2 143 - 0.03 0.19 31376
aoD2SG 125e2 2 143 - 0.03 0.19 31380
moore 125e2 2 143 - 1.64 1849.23 4611548
nbpm 125e2 2 143 - 11.25 802.19 12302328
greedy 125e2 2 143 - 9.34 439.25 17109964
dry 1e8 2 136 - 1.09 3.03 1983296
aoDLAV 1e8 2 136 - 8.32 575.24 14862068
aoULAV 1e8 2 136 - 10.21 664.06 14862068
aoD2AG 1e8 2 136 - 18.16 988.49 21854956
aoD2SG 1e8 2 136 - 19.57 1085.99 22652900
dry 2e4 5 47 - 0.03 0.11 27780
aoDLAV 2e4 5 47 - 0.04 0.29 32760
aoULAV 2e4 5 47 - 0.04 0.28 32768
aoD2AG 2e4 5 47 - 0.04 0.32 33340
aoD2SG 2e4 5 47 - 0.04 0.34 32860
moore 2e4 5 47 - 3.67 6225.84 11768076
nbpm 2e4 5 47 - 28.79 6341.11 34200492
greedy 2e4 5 47 - 24.36 1332.81 43774000
dry 18e3 2 60 - 0.03 0.12 26748
aoDLAV 18e3 2 60 - 0.03 0.19 30740
aoULAV 18e3 2 60 - 0.03 0.19 30744
aoD2AG 18e3 2 60 - 0.04 0.20 31804
aoD2SG 18e3 2 60 - 0.03 0.22 31812
moore 18e3 2 60 - 2.89 4594.54 9534988
nbpm 18e3 2 60 - 23.28 1961.65 25451068
greedy 18e3 2 60 - 19.60 988.76 35458364
dry 150e2 2 133 - 0.02 0.12 28644
aoDLAV 150e2 2 133 - 0.03 0.17 30824
aoULAV 150e2 2 133 - 0.02 0.19 30828
aoD2AG 150e2 2 133 - 0.04 0.19 31612
aoD2SG 150e2 2 133 - 0.04 0.19 31608
moore 150e2 2 133 - 2.19 4037.37 6629344
nbpm 150e2 2 133 - 14.53 1152.29 16814176
greedy 150e2 2 133 - 13.46 690.57 24630024
dry 1e8 2 224 - 1.06 2.99 1983300
aoDLAV 1e8 2 224 - 8.06 603.28 14862068
aoULAV 1e8 2 224 - 11.27 632.84 14862072
aoD2AG 1e8 2 224 - 19.26 902.51 21857192
aoD2SG 1e8 2 224 - 20.34 1076.23 22656188
dry 2e4 10 229 - 0.02 0.12 29364
aoDLAV 2e4 10 229 - 0.04 1.68 34836
aoULAV 2e4 10 229 - 0.04 1.68 34848
aoD2AG 2e4 10 229 - 0.04 1.75 36076
aoD2SG 2e4 10 229 - 0.04 2.17 36076
moore 2e4 10 229 - 3.48 7387.16 11770836
nbpm 2e4 10 229 - 30.00 5427.23 30880036
greedy 2e4 10 229 - 25.47 1246.58 43775824
dry 2e4 2 39 - 0.02 0.13 26828
aoDLAV 2e4 2 39 - 0.02 0.20 30812
aoULAV 2e4 2 39 - 0.03 0.19 30812
aoD2AG 2e4 2 39 - 0.02 0.22 32284
aoD2SG 2e4 2 39 - 0.03 0.22 32288
moore 2e4 2 39 - 3.56 8602.05 11765552
nbpm 2e4 2 39 - 31.04 4033.57 31402196
greedy 2e4 2 39 - 24.93 1261.02 43771040
dry 1e8 5 236 - 2.37 6.22 4327052
aoDLAV 1e8 5 236 - 11.52 2711.94 23065204
aoULAV 1e8 5 236 - 16.74 2779.27 23065204
aoD2AG 1e8 5 236 - 27.18 3134.04 30454680
aoD2SG 1e8 5 236 - 28.35 4092.82 31310792
dry 2e4 2 4 - 0.02 0.12 26828
aoDLAV 2e4 2 4 - 0.03 0.19 30808
aoULAV 2e4 2 4 - 0.03 0.20 30808
aoD2AG 2e4 2 4 - 0.04 0.20 32284
aoD2SG 2e4 2 4 - 0.03 0.21 32292
moore 2e4 2 4 - 3.52 7468.84 11765556
nbpm 2e4 2 4 - 29.82 2759.30 31402240
greedy 2e4 2 4 - 24.23 1284.47 43771044
dry 1e8 2 226 - 1.08 3.02 1983296
aoDLAV 1e8 2 226 - 8.41 623.42 14862068
aoULAV 1e8 2 226 - 11.48 643.46 14862068
aoD2AG 1e8 2 226 - 18.57 871.62 21853524
aoD2SG 1e8 2 226 - 20.35 1064.79 22650588
dry 2e4 10 72 - 0.03 0.11 29956
aoDLAV 2e4 10 72 - 0.04 1.68 34836
aoULAV 2e4 10 72 - 0.04 1.67 34848
aoD2AG 2e4 10 72 - 0.05 1.72 36076
aoD2SG 2e4 10 72 - 0.04 1.92 36076
moore 2e4 10 72 - 3.49 6418.38 11770836
nbpm 2e4 10 72 - 36.30 5838.60 30880040
greedy 2e4 10 72 - 24.18 1223.14 43775824
dry 9e7 2 52 - 0.94 2.72 1787988
aoDLAV 9e7 2 52 - 7.43 510.51 13377688
aoULAV 9e7 2 52 - 9.24 584.46 13377684
aoD2AG 9e7 2 52 - 17.37 1007.28 19670344
aoD2SG 9e7 2 52 - 18.05 923.06 20389236
dry 125e2 2 152 - 0.02 0.13 26532
aoDLAV 125e2 2 152 - 0.04 0.17 30708
aoULAV 125e2 2 152 - 0.03 0.18 30708
aoD2AG 125e2 2 152 - 0.03 0.19 31376
aoD2SG 125e2 2 152 - 0.03 0.20 31376
moore 125e2 2 152 - 1.61 1570.08 4611548
nbpm 125e2 2 152 - 11.56 659.00 12302328
greedy 125e2 2 152 - 10.53 561.12 17109964
dry 9e7 2 204 - 1.02 2.74 1787988
aoDLAV 9e7 2 204 - 7.80 604.07 13377684
aoULAV 9e7 2 204 - 10.06 745.38 13377684
aoD2AG 9e7 2 204 - 17.06 776.26 19670268
aoD2SG 9e7 2 204 - 18.21 910.07 20389484
dry 2e4 5 184 - 0.02 0.12 27776
aoDLAV 2e4 5 184 - 0.03 0.28 32760
aoULAV 2e4 5 184 - 0.03 0.28 32772
aoD2AG 2e4 5 184 - 0.04 0.30 33344
aoD2SG 2e4 5 184 - 0.03 0.33 32860
moore 2e4 5 184 - 3.42 7289.69 11768084
nbpm 2e4 5 184 - 28.96 4919.57 34200496
greedy 2e4 5 184 - 25.13 1276.84 43774008
dry 8e7 2 12 - 0.83 2.46 1592676
aoDLAV 8e7 2 12 - 6.54 459.35 11893324
aoULAV 8e7 2 12 - 8.10 475.56 11893324
aoD2AG 8e7 2 12 - 15.29 687.32 17484888
aoD2SG 8e7 2 12 - 16.38 800.66 18123792
dry 175e2 2 80 - 0.02 0.12 26732
aoDLAV 175e2 2 80 - 0.03 0.18 30720
aoULAV 175e2 2 80 - 0.03 0.20 30716
aoD2AG 175e2 2 80 - 0.03 0.20 31752
aoD2SG 175e2 2 80 - 0.03 0.20 31756
moore 175e2 2 80 - 2.84 5897.43 9014032
nbpm 175e2 2 80 - 21.76 1812.83 22863144
greedy 175e2 2 80 - 18.70 1004.99 33516976
dry 2e4 10 240 - 0.03 0.11 29364
aoDLAV 2e4 10 240 - 0.03 1.62 34836
aoULAV 2e4 10 240 - 0.04 1.78 34848
aoD2AG 2e4 10 240 - 0.04 1.81 36076
aoD2SG 2e4 10 240 - 0.04 2.03 36076
moore 2e4 10 240 - 3.43 8507.92 11770836
nbpm 2e4 10 240 - 29.07 5810.41 30880044
greedy 2e4 10 240 - 25.07 1465.59 43775820
dry 9e7 2 101 - 1.01 2.74 1787984
aoDLAV 9e7 2 101 - 7.49 526.41 13377684
aoULAV 9e7 2 101 - 9.30 551.01 13377688
aoD2AG 9e7 2 101 - 17.23 1023.06 19673368
aoD2SG 9e7 2 101 - 18.61 988.39 20388160
dry 2e4 10 37 - 0.03 0.12 31816
aoDLAV 2e4 10 37 - 0.04 1.76 34836
aoULAV 2e4 10 37 - 0.03 1.87 34852
aoD2AG 2e4 10 37 - 0.04 1.78 36076
aoD2SG 2e4 10 37 - 0.04 2.19 36076
moore 2e4 10 37 - 3.58 6703.81 11770832
nbpm 2e4 10 37 - 29.06 5551.36 30880036
greedy 2e4 10 37 - 24.64 1362.43 43775820
dry 1e8 5 120 - 2.74 6.33 4327052
aoDLAV 1e8 5 120 - 11.61 2584.44 23065204
aoULAV 1e8 5 120 - 16.13 2555.30 23065204
aoD2AG 1e8 5 120 - 27.51 3502.59 30458168
aoD2SG 1e8 5 120 - 27.34 3491.06 31312104
dry 2e4 2 127 - 0.02 0.12 26828
aoDLAV 2e4 2 127 - 0.04 0.18 30808
aoULAV 2e4 2 127 - 0.03 0.19 30812
aoD2AG 2e4 2 127 - 0.03 0.20 32284
aoD2SG 2e4 2 127 - 0.03 0.22 32292
moore 2e4 2 127 - 3.48 7031.12 11765552
nbpm 2e4 2 127 - 29.34 2670.27 31402196
greedy 2e4 2 127 - 24.98 1197.29 43771040
dry 1e8 5 20 - 4.58 6.17 4327052
aoDLAV 1e8 5 20 - 13.97 2615.21 23065204
aoULAV 1e8 5 20 - 16.96 2663.28 23065204
aoD2AG 1e8 5 20 - 26.20 3016.44 30453744
aoD2SG 1e8 5 20 - 29.19 3424.56 31308748
dry 8e7 2 214 - 0.92 2.45 1592676
aoDLAV 8e7 2 214 - 6.03 453.77 11893324
aoULAV 8e7 2 214 - 8.27 489.45 11893324
aoD2AG 8e7 2 214 - 15.74 902.50 17487980
aoD2SG 8e7 2 214 - 16.72 812.11 18127000
dry 8e7 2 200 - 0.88 2.46 1592676
aoDLAV 8e7 2 200 - 6.62 588.23 11893324
aoULAV 8e7 2 200 - 8.18 489.00 11893324
aoD2AG 8e7 2 200 - 14.87 667.96 17490352
aoD2SG 8e7 2 200 - 16.12 929.61 18124984
dry 1e8 2 3 - 1.08 3.03 1983300
aoDLAV 1e8 2 3 - 8.01 720.60 14862124
aoULAV 1e8 2 3 - 10.27 645.69 14862068
aoD2AG 1e8 2 3 - 18.87 862.61 21856336
aoD2SG 1e8 2 3 - 20.29 1115.93 22653820
dry 18e3 2 240 - 0.03 0.12 26748
aoDLAV 18e3 2 240 - 0.03 0.19 30740
aoULAV 18e3 2 240 - 0.03 0.19 30740
aoD2AG 18e3 2 240 - 0.03 0.21 31804
aoD2SG 18e3 2 240 - 0.03 0.21 31812
moore 18e3 2 240 - 2.90 4878.28 9534976
nbpm 18e3 2 240 - 23.84 2104.57 25451056
greedy 18e3 2 240 - 20.21 964.23 35458364
dry 2e4 2 81 - 0.02 0.12 26828
aoDLAV 2e4 2 81 - 0.03 0.19 30808
aoULAV 2e4 2 81 - 0.03 0.20 30808
aoD2AG 2e4 2 81 - 0.03 0.21 32284
aoD2SG 2e4 2 81 - 0.02 0.23 32288
moore 2e4 2 81 - 3.50 6170.61 11765552
nbpm 2e4 2 81 - 29.20 2757.18 31402192
