dry 5e4 10 98 - 0.03 0.13 33888
aoDLAV 5e4 10 98 - 0.03 7.43 40200
aoULAV 5e4 10 98 - 0.04 7.50 40204
aoD2AG 5e4 10 98 - 0.04 7.58 44984
aoD2SG 5e4 10 98 - 0.04 8.98 44996
dry 56e1 2 52 - 0.02 0.11 26008
aoDLAV 56e1 2 52 - 0.02 0.14 30220
aoULAV 56e1 2 52 - 0.02 0.14 30232
aoD2AG 56e1 2 52 - 0.02 0.14 30420
aoD2SG 56e1 2 52 - 0.02 0.15 30424
moore 56e1 2 52 - 0.04 1.42 39652
nbpm 56e1 2 52 - 0.09 2.89 78704
greedy 56e1 2 52 - 0.04 0.38 64108
dry 5e4 10 19 - 0.03 0.13 33892
aoDLAV 5e4 10 19 - 0.04 7.80 40200
aoULAV 5e4 10 19 - 0.04 8.23 40200
aoD2AG 5e4 10 19 - 0.04 7.80 44984
aoD2SG 5e4 10 19 - 0.05 8.56 45000
dry 325e2 2 139 - 0.03 0.11 30776
aoDLAV 325e2 2 139 - 0.03 0.22 31372
aoULAV 325e2 2 139 - 0.03 0.22 32084
aoD2AG 325e2 2 139 - 0.04 0.24 35008
aoD2SG 325e2 2 139 - 0.02 0.27 34760
dry 1e2 10 164 - 0.01 0.12 27952
aoDLAV 1e2 10 164 - 0.03 0.14 30260
aoULAV 1e2 10 164 - 0.02 0.15 30276
aoD2AG 1e2 10 164 - 0.03 0.14 30440
aoD2SG 1e2 10 164 - 0.03 0.14 30444
moore 1e2 10 164 - 0.02 0.20 30496
nbpm 1e2 10 164 - 0.08 2.15 53076
greedy 1e2 10 164 - 0.03 0.14 30972
dry 275e2 2 206 - 0.02 0.12 27120
aoDLAV 275e2 2 206 - 0.03 0.20 31244
aoULAV 275e2 2 206 - 0.02 0.21 31572
aoD2AG 275e2 2 206 - 0.04 0.22 34692
aoD2SG 275e2 2 206 - 0.04 0.23 34812
dry 5e4 2 244 - 0.03 0.11 28004
aoDLAV 5e4 2 244 - 0.03 0.27 33012
aoULAV 5e4 2 244 - 0.02 0.28 33312
aoD2AG 5e4 2 244 - 0.04 0.33 36408
aoD2SG 5e4 2 244 - 0.04 0.34 36424
dry 1e2 5 34 - 0.02 0.12 25996
aoDLAV 1e2 5 34 - 0.02 0.14 30212
aoULAV 1e2 5 34 - 0.03 0.14 30224
aoD2AG 1e2 5 34 - 0.02 0.15 30384
aoD2SG 1e2 5 34 - 0.03 0.14 30388
moore 1e2 5 34 - 0.02 0.20 30492
nbpm 1e2 5 34 - 0.07 2.13 53016
greedy 1e2 5 34 - 0.02 0.15 30924
dry 1e2 2 236 - 0.02 0.12 25992
aoDLAV 1e2 2 236 - 0.02 0.15 30172
aoULAV 1e2 2 236 - 0.02 0.15 30180
aoD2AG 1e2 2 236 - 0.03 0.14 30328
aoD2SG 1e2 2 236 - 0.03 0.14 30340
moore 1e2 2 236 - 0.03 0.22 30484
nbpm 1e2 2 236 - 0.08 2.19 53004
greedy 1e2 2 236 - 0.03 0.14 30880
dry 32e4 2 205 - 0.04 0.16 36424
aoDLAV 32e4 2 205 - 0.07 1.22 70832
aoULAV 32e4 2 205 - 0.08 1.23 70840
aoD2AG 32e4 2 205 - 0.07 1.70 88288
aoD2SG 32e4 2 205 - 0.09 1.90 90824
dry 1e6 10 152 - 0.08 0.39 112232
aoDLAV 1e6 10 152 - 0.22 377.46 369888
aoULAV 1e6 10 152 - 0.28 421.44 369888
aoD2AG 1e6 10 152 - 0.40 515.85 446876
aoD2SG 1e6 10 152 - 0.40 423.16 457520
dry 1e5 5 81 - 0.04 0.13 34476
aoDLAV 1e5 5 81 - 0.05 1.62 41816
aoULAV 1e5 5 81 - 0.04 1.66 43568
aoD2AG 1e5 5 81 - 0.04 1.79 53568
aoD2SG 1e5 5 81 - 0.04 2.06 53200
dry 1e6 10 123 - 0.08 0.39 112232
aoDLAV 1e6 10 123 - 0.20 542.16 369888
aoULAV 1e6 10 123 - 0.30 358.97 369884
aoD2AG 1e6 10 123 - 0.39 356.73 447552
aoD2SG 1e6 10 123 - 0.42 414.88 460024
dry 32e3 2 42 - 0.02 0.12 27296
aoDLAV 32e3 2 42 - 0.03 0.22 31436
aoULAV 32e3 2 42 - 0.02 0.23 32148
aoD2AG 32e3 2 42 - 0.03 0.25 35020
aoD2SG 32e3 2 42 - 0.02 0.27 34788
dry 375e2 2 57 - 0.02 0.12 27520
aoDLAV 375e2 2 57 - 0.02 0.24 31788
aoULAV 375e2 2 57 - 0.02 0.24 32604
aoD2AG 375e2 2 57 - 0.03 0.28 35520
aoD2SG 375e2 2 57 - 0.04 0.29 35528
dry 1e1 2 168 - 0.03 0.11 25992
aoDLAV 1e1 2 168 - 0.03 0.14 30160
aoULAV 1e1 2 168 - 0.02 0.15 30200
aoD2AG 1e1 2 168 - 0.03 0.14 30328
aoD2SG 1e1 2 168 - 0.03 0.14 30332
moore 1e1 2 168 - 0.03 0.17 30476
nbpm 1e1 2 168 - 0.09 2.08 49816
greedy 1e1 2 168 - 0.03 0.14 30128
dry 1e1 2 82 - 0.02 0.11 25996
aoDLAV 1e1 2 82 - 0.02 0.14 30160
aoULAV 1e1 2 82 - 0.02 0.14 30172
aoD2AG 1e1 2 82 - 0.02 0.15 30316
aoD2SG 1e1 2 82 - 0.01 0.15 30332
moore 1e1 2 82 - 0.03 0.17 30480
nbpm 1e1 2 82 - 0.06 2.09 49816
greedy 1e1 2 82 - 0.02 0.14 30124
dry 56e3 2 87 - 0.02 0.13 29524
aoDLAV 56e3 2 87 - 0.03 0.31 33476
aoULAV 56e3 2 87 - 0.03 0.32 34696
aoD2AG 56e3 2 87 - 0.04 0.38 37284
aoD2SG 56e3 2 87 - 0.04 0.39 37300
dry 5e4 2 34 - 0.02 0.12 29444
aoDLAV 5e4 2 34 - 0.03 0.28 33012
aoULAV 5e4 2 34 - 0.04 0.28 33312
aoD2AG 5e4 2 34 - 0.02 0.36 36408
aoD2SG 5e4 2 34 - 0.03 0.37 36456
dry 5e4 5 169 - 0.03 0.13 30268
aoDLAV 5e4 5 169 - 0.04 0.77 34708
aoULAV 5e4 5 169 - 0.03 0.83 34704
aoD2AG 5e4 5 169 - 0.05 0.81 37724
aoD2SG 5e4 5 169 - 0.03 0.91 37936
dry 225e2 2 159 - 0.02 0.12 26920
aoDLAV 225e2 2 159 - 0.02 0.20 30980
aoULAV 225e2 2 159 - 0.03 0.20 31004
aoD2AG 225e2 2 159 - 0.03 0.21 33368
aoD2SG 225e2 2 159 - 0.03 0.22 33464
dry 1e6 2 21 - 0.05 0.19 49704
aoDLAV 1e6 2 21 - 0.11 3.91 178456
aoULAV 1e6 2 21 - 0.11 4.08 178456
aoD2AG 1e6 2 21 - 0.17 5.78 233984
aoD2SG 1e6 2 21 - 0.19 6.47 242360
dry 32e3 2 235 - 0.03 0.11 27296
aoDLAV 32e3 2 235 - 0.03 0.21 31440
aoULAV 32e3 2 235 - 0.03 0.22 32148
aoD2AG 32e3 2 235 - 0.02 0.25 35020
aoD2SG 32e3 2 235 - 0.03 0.26 34788
dry 1e6 2 9 - 0.03 0.20 49704
aoDLAV 1e6 2 9 - 0.13 3.92 178456
aoULAV 1e6 2 9 - 0.14 4.11 178456
aoD2AG 1e6 2 9 - 0.19 5.89 233580
aoD2SG 1e6 2 9 - 0.20 6.53 240996
dry 325e2 2 243 - 0.02 0.12 27316
aoDLAV 325e2 2 243 - 0.03 0.21 31372
aoULAV 325e2 2 243 - 0.04 0.22 32084
aoD2AG 325e2 2 243 - 0.04 0.27 35004
aoD2SG 325e2 2 243 - 0.03 0.27 34760
dry 18e4 2 105 - 0.03 0.14 33104
aoDLAV 18e4 2 105 - 0.04 0.82 47860
aoULAV 18e4 2 105 - 0.05 0.78 47860
aoD2AG 18e4 2 105 - 0.05 1.04 58648
aoD2SG 18e4 2 105 - 0.05 1.17 59764
dry 5e4 10 60 - 0.03 0.13 33888
aoDLAV 5e4 10 60 - 0.04 8.50 40200
aoULAV 5e4 10 60 - 0.05 8.36 40200
aoD2AG 5e4 10 60 - 0.04 6.95 44984
aoD2SG 5e4 10 60 - 0.04 9.22 44996
dry 1e6 2 39 - 0.03 0.21 49708
aoDLAV 1e6 2 39 - 0.12 5.14 178456
aoULAV 1e6 2 39 - 0.15 4.14 178456
aoD2AG 1e6 2 39 - 0.17 5.85 234164
aoD2SG 1e6 2 39 - 0.19 6.73 241256
dry 1e2 10 178 - 0.02 0.12 26004
aoDLAV 1e2 10 178 - 0.03 0.14 30260
aoULAV 1e2 10 178 - 0.03 0.14 30272
aoD2AG 1e2 10 178 - 0.02 0.15 30440
aoD2SG 1e2 10 178 - 0.03 0.14 30448
moore 1e2 10 178 - 0.03 0.24 30496
nbpm 1e2 10 178 - 0.06 2.21 53076
greedy 1e2 10 178 - 0.02 0.15 30972
dry 1e6 10 196 - 0.08 0.41 112236
aoDLAV 1e6 10 196 - 1.71 386.93 369884
aoULAV 1e6 10 196 - 1.34 380.09 370000
aoD2AG 1e6 10 196 - 1.24 379.13 448604
aoD2SG 1e6 10 196 - 0.42 590.82 456744
dry 32e3 2 63 - 0.02 0.12 27300
aoDLAV 32e3 2 63 - 0.02 0.22 31440
aoULAV 32e3 2 63 - 0.02 0.23 32148
aoD2AG 32e3 2 63 - 0.04 0.25 35024
aoD2SG 32e3 2 63 - 0.04 0.26 34788
dry 56e4 2 105 - 0.03 0.18 41108
aoDLAV 56e4 2 105 - 0.08 2.07 107984
aoULAV 56e4 2 105 - 0.07 2.19 107984
aoD2AG 56e4 2 105 - 0.11 3.11 138668
aoD2SG 56e4 2 105 - 0.12 3.44 145420
dry 56e4 2 151 - 0.04 0.18 41108
aoDLAV 56e4 2 151 - 0.09 2.11 107988
aoULAV 56e4 2 151 - 0.08 2.20 107984
aoD2AG 56e4 2 151 - 0.12 3.09 139868
aoD2SG 56e4 2 151 - 0.11 3.34 143504
dry 1e3 10 135 - 0.02 0.12 26136
aoDLAV 1e3 10 135 - 0.03 0.16 30652
aoULAV 1e3 10 135 - 0.02 0.17 30668
aoD2AG 1e3 10 135 - 0.04 0.15 31072
aoD2SG 1e3 10 135 - 0.02 0.17 31080
moore 1e3 10 135 - 0.04 2.99 59872
nbpm 1e3 10 135 - 0.12 5.10 136144
greedy 1e3 10 135 - 0.08 1.03 139616
dry 275e2 2 166 - 0.03 0.11 27120
aoDLAV 275e2 2 166 - 0.03 0.20 31244
aoULAV 275e2 2 166 - 0.03 0.21 31572
aoD2AG 275e2 2 166 - 0.03 0.23 34696
aoD2SG 275e2 2 166 - 0.03 0.24 34812
dry 32e1 2 147 - 0.03 0.11 26000
aoDLAV 32e1 2 147 - 0.03 0.14 30196
aoULAV 32e1 2 147 - 0.02 0.15 30208
aoD2AG 32e1 2 147 - 0.04 0.14 30376
aoD2SG 32e1 2 147 - 0.02 0.15 30384
moore 32e1 2 147 - 0.03 0.32 33688
nbpm 32e1 2 147 - 0.08 2.36 58308
greedy 32e1 2 147 - 0.04 0.21 40972
dry 32e4 2 238 - 0.03 0.17 36424
aoDLAV 32e4 2 238 - 0.06 1.19 70828
aoULAV 32e4 2 238 - 0.06 1.23 70840
aoD2AG 32e4 2 238 - 0.07 1.72 88248
aoD2SG 32e4 2 238 - 0.06 1.87 90776
dry 1e1 2 20 - 0.02 0.12 25992
aoDLAV 1e1 2 20 - 0.02 0.15 30160
aoULAV 1e1 2 20 - 0.03 0.14 30176
aoD2AG 1e1 2 20 - 0.03 0.14 30316
aoD2SG 1e1 2 20 - 0.02 0.15 30320
moore 1e1 2 20 - 0.03 0.17 30480
nbpm 1e1 2 20 - 0.09 2.11 49816
greedy 1e1 2 20 - 0.03 0.14 30124
dry 325e2 2 61 - 0.02 0.12 27316
aoDLAV 325e2 2 61 - 0.03 0.23 31372
aoULAV 325e2 2 61 - 0.03 0.22 32088
aoD2AG 325e2 2 61 - 0.03 0.25 35008
aoD2SG 325e2 2 61 - 0.04 0.26 34760
dry 300e2 2 218 - 0.02 0.12 27216
aoDLAV 300e2 2 218 - 0.02 0.22 31296
aoULAV 300e2 2 218 - 0.03 0.21 31896
aoD2AG 300e2 2 218 - 0.03 0.24 35060
aoD2SG 300e2 2 218 - 0.01 0.27 34716
dry 5e4 2 189 - 0.03 0.12 28000
aoDLAV 5e4 2 189 - 0.03 0.27 33008
aoULAV 5e4 2 189 - 0.03 0.27 33316
aoD2AG 5e4 2 189 - 0.04 0.33 36412
aoD2SG 5e4 2 189 - 0.04 0.34 36424
dry 56e4 2 141 - 0.03 0.18 41152
aoDLAV 56e4 2 141 - 0.07 2.06 107984
aoULAV 56e4 2 141 - 0.07 2.16 107984
aoD2AG 56e4 2 141 - 0.11 3.03 138868
aoD2SG 56e4 2 141 - 0.11 3.41 143328
dry 5e4 2 130 - 0.03 0.11 29580
aoDLAV 5e4 2 130 - 0.03 0.27 33008
aoULAV 5e4 2 130 - 0.03 0.27 33312
aoD2AG 5e4 2 130 - 0.03 0.33 36408
aoD2SG 5e4 2 130 - 0.04 0.35 36424
dry 1e3 5 156 - 0.01 0.13 26060
aoDLAV 1e3 5 156 - 0.03 0.14 30428
aoULAV 1e3 5 156 - 0.03 0.14 30436
aoD2AG 1e3 5 156 - 0.02 0.15 30752
aoD2SG 1e3 5 156 - 0.02 0.15 30776
moore 1e3 5 156 - 0.05 5.14 59800
nbpm 1e3 5 156 - 0.11 4.44 129248
greedy 1e3 5 156 - 0.07 1.04 139388
dry 5e4 10 190 - 0.03 0.14 33888
aoDLAV 5e4 10 190 - 0.04 7.98 40200
aoULAV 5e4 10 190 - 0.04 7.99 40200
aoD2AG 5e4 10 190 - 0.03 7.75 44984
aoD2SG 5e4 10 190 - 0.03 8.53 45000
dry 5e4 10 186 - 0.03 0.14 33892
aoDLAV 5e4 10 186 - 0.04 8.09 40204
aoULAV 5e4 10 186 - 0.04 8.05 40200
aoD2AG 5e4 10 186 - 0.03 8.28 44984
aoD2SG 5e4 10 186 - 0.05 9.06 44996
dry 1e6 5 24 - 0.05 0.27 73152
aoDLAV 1e6 5 24 - 0.16 19.45 252692
aoULAV 1e6 5 24 - 0.15 19.68 252688
aoD2AG 1e6 5 24 - 0.20 21.85 323872
aoD2SG 1e6 5 24 - 0.22 24.50 331944
dry 5e4 10 110 - 0.04 0.13 33892
aoDLAV 5e4 10 110 - 0.04 7.49 40204
aoULAV 5e4 10 110 - 0.04 7.55 40200
aoD2AG 5e4 10 110 - 0.04 7.58 44988
aoD2SG 5e4 10 110 - 0.04 8.77 45000
dry 375e2 2 90 - 0.02 0.12 27516
aoDLAV 375e2 2 90 - 0.02 0.24 31784
aoULAV 375e2 2 90 - 0.03 0.23 32600
aoD2AG 375e2 2 90 - 0.03 0.27 35516
aoD2SG 375e2 2 90 - 0.03 0.29 35528
dry 350e2 2 124 - 0.02 0.12 27416
aoDLAV 350e2 2 124 - 0.03 0.23 31480
aoULAV 350e2 2 124 - 0.04 0.22 32260
aoD2AG 350e2 2 124 - 0.03 0.26 34852
aoD2SG 350e2 2 124 - 0.03 0.28 35132
dry 56e4 2 67 - 0.03 0.19 41104
aoDLAV 56e4 2 67 - 0.05 2.11 107984
aoULAV 56e4 2 67 - 0.09 2.19 107988
aoD2AG 56e4 2 67 - 0.12 3.10 139248
aoD2SG 56e4 2 67 - 0.11 3.48 143692
dry 1e2 10 157 - 0.02 0.12 26004
aoDLAV 1e2 10 157 - 0.03 0.14 30264
aoULAV 1e2 10 157 - 0.03 0.15 30272
aoD2AG 1e2 10 157 - 0.03 0.14 30444
aoD2SG 1e2 10 157 - 0.03 0.15 30448
moore 1e2 10 157 - 0.03 0.21 30496
nbpm 1e2 10 157 - 0.08 2.15 53076
greedy 1e2 10 157 - 0.04 0.14 30972
dry 1e1 2 171 - 0.03 0.11 25996
aoDLAV 1e1 2 171 - 0.03 0.14 30160
aoULAV 1e1 2 171 - 0.03 0.14 30172
aoD2AG 1e1 2 171 - 0.03 0.13 30312
aoD2SG 1e1 2 171 - 0.03 0.14 30312
moore 1e1 2 171 - 0.03 0.17 30484
nbpm 1e1 2 171 - 0.08 2.12 49824
greedy 1e1 2 171 - 0.02 0.14 30124
dry 1e6 2 192 - 0.03 0.20 49704
aoDLAV 1e6 2 192 - 0.10 3.69 178460
aoULAV 1e6 2 192 - 0.11 3.85 178456
aoD2AG 1e6 2 192 - 0.17 5.48 233380
aoD2SG 1e6 2 192 - 0.18 6.22 241892
dry 32e3 2 207 - 0.02 0.12 27296
aoDLAV 32e3 2 207 - 0.03 0.22 31436
aoULAV 32e3 2 207 - 0.03 0.23 32144
aoD2AG 32e3 2 207 - 0.04 0.25 35028
aoD2SG 32e3 2 207 - 0.04 0.26 34792
dry 300e2 2 247 - 0.03 0.11 27216
aoDLAV 300e2 2 247 - 0.04 0.22 31296
aoULAV 300e2 2 247 - 0.04 0.21 31892
aoD2AG 300e2 2 247 - 0.03 0.24 35056
aoD2SG 300e2 2 247 - 0.03 0.25 34716
dry 56e1 2 211 - 0.02 0.12 26008
aoDLAV 56e1 2 211 - 0.03 0.13 30220
aoULAV 56e1 2 211 - 0.02 0.15 30236
aoD2AG 56e1 2 211 - 0.03 0.13 30416
aoD2SG 56e1 2 211 - 0.03 0.14 30424
moore 56e1 2 211 - 0.04 0.43 39680
nbpm 56e1 2 211 - 0.09 2.95 78704
greedy 56e1 2 211 - 0.03 0.40 64104
dry 325e2 2 196 - 0.02 0.12 27316
aoDLAV 325e2 2 196 - 0.03 0.22 31372
aoULAV 325e2 2 196 - 0.03 0.22 32084
aoD2AG 325e2 2 196 - 0.03 0.25 35000
aoD2SG 325e2 2 196 - 0.03 0.26 34760
dry 375e2 2 174 - 0.02 0.12 27520
aoDLAV 375e2 2 174 - 0.03 0.23 31784
aoULAV 375e2 2 174 - 0.02 0.24 32604
aoD2AG 375e2 2 174 - 0.03 0.27 35516
aoD2SG 375e2 2 174 - 0.03 0.28 35532
dry 56e3 2 178 - 0.03 0.12 29876
aoDLAV 56e3 2 178 - 0.03 0.29 33476
aoULAV 56e3 2 178 - 0.03 0.29 34696
aoD2AG 56e3 2 178 - 0.04 0.35 37280
aoD2SG 56e3 2 178 - 0.03 0.39 37300
dry 18e4 2 103 - 0.03 0.13 33104
aoDLAV 18e4 2 103 - 0.05 0.77 47864
aoULAV 18e4 2 103 - 0.05 0.77 47864
aoD2AG 18e4 2 103 - 0.06 1.02 58644
aoD2SG 18e4 2 103 - 0.06 1.11 60000
dry 56e4 2 210 - 0.03 0.19 41104
aoDLAV 56e4 2 210 - 0.07 2.07 107988
aoULAV 56e4 2 210 - 0.07 2.23 107984
aoD2AG 56e4 2 210 - 0.11 3.02 138764
aoD2SG 56e4 2 210 - 0.13 3.36 143096
dry 1e2 2 161 - 0.02 0.12 25996
aoDLAV 1e2 2 161 - 0.02 0.15 30168
aoULAV 1e2 2 161 - 0.03 0.14 30184
aoD2AG 1e2 2 161 - 0.03 0.14 30336
aoD2SG 1e2 2 161 - 0.03 0.14 30340
moore 1e2 2 161 - 0.03 0.20 30492
nbpm 1e2 2 161 - 0.09 2.12 53008
greedy 1e2 2 161 - 0.02 0.15 30880
dry 5e4 2 89 - 0.03 0.12 28000
aoDLAV 5e4 2 89 - 0.03 0.27 33008
aoULAV 5e4 2 89 - 0.03 0.27 33312
aoD2AG 5e4 2 89 - 0.04 0.32 36408
aoD2SG 5e4 2 89 - 0.03 0.35 36424
dry 325e2 2 159 - 0.02 0.12 27316
aoDLAV 325e2 2 159 - 0.04 0.20 31372
aoULAV 325e2 2 159 - 0.03 0.22 32084
aoD2AG 325e2 2 159 - 0.04 0.24 35004
aoD2SG 325e2 2 159 - 0.04 0.25 34756
dry 250e2 2 210 - 0.02 0.12 27024
aoDLAV 250e2 2 210 - 0.02 0.21 31108
aoULAV 250e2 2 210 - 0.03 0.20 31212
aoD2AG 250e2 2 210 - 0.03 0.22 33860
aoD2SG 250e2 2 210 - 0.03 0.23 33968
dry 5e4 2 93 - 0.03 0.11 29992
aoDLAV 5e4 2 93 - 0.03 0.26 33008
aoULAV 5e4 2 93 - 0.03 0.27 33312
aoD2AG 5e4 2 93 - 0.03 0.33 36416
aoD2SG 5e4 2 93 - 0.04 0.34 36424
dry 5e4 5 178 - 0.03 0.13 31928
aoDLAV 5e4 5 178 - 0.03 0.70 34704
aoULAV 5e4 5 178 - 0.03 0.70 34704
aoD2AG 5e4 5 178 - 0.04 0.75 37724
aoD2SG 5e4 5 178 - 0.04 0.82 37936
dry 1e3 2 236 - 0.02 0.12 26024
aoDLAV 1e3 2 236 - 0.03 0.14 30280
aoULAV 1e3 2 236 - 0.03 0.14 30296
aoD2AG 1e3 2 236 - 0.02 0.15 30548
aoD2SG 1e3 2 236 - 0.02 0.15 30560
moore 1e3 2 236 - 0.05 2.65 59804
nbpm 1e3 2 236 - 0.13 4.09 138560
greedy 1e3 2 236 - 0.09 1.04 139244
dry 5e4 10 89 - 0.03 0.14 33892
aoDLAV 5e4 10 89 - 0.06 8.01 40204
aoULAV 5e4 10 89 - 0.05 8.07 40200
aoD2AG 5e4 10 89 - 0.06 8.26 44984
aoD2SG 5e4 10 89 - 0.06 9.33 44996
dry 5e4 5 210 - 0.02 0.13 30128
aoDLAV 5e4 5 210 - 0.03 0.76 34708
aoULAV 5e4 5 210 - 0.04 0.78 34704
aoD2AG 5e4 5 210 - 0.03 0.82 37732
aoD2SG 5e4 5 210 - 0.05 0.89 37936
dry 1e1 2 235 - 0.02 0.12 25992
aoDLAV 1e1 2 235 - 0.02 0.15 30160
aoULAV 1e1 2 235 - 0.03 0.14 30172
aoD2AG 1e1 2 235 - 0.04 0.13 30320
aoD2SG 1e1 2 235 - 0.03 0.14 30320
moore 1e1 2 235 - 0.03 0.18 30476
nbpm 1e1 2 235 - 0.09 2.14 49820
greedy 1e1 2 235 - 0.02 0.15 30128
dry 250e2 2 194 - 0.03 0.11 27024
aoDLAV 250e2 2 194 - 0.03 0.20 31108
aoULAV 250e2 2 194 - 0.03 0.20 31216
aoD2AG 250e2 2 194 - 0.02 0.23 33864
aoD2SG 250e2 2 194 - 0.02 0.24 33964
dry 1e6 2 77 - 0.04 0.20 49704
aoDLAV 1e6 2 77 - 0.12 3.72 178460
aoULAV 1e6 2 77 - 0.13 3.95 178456
aoD2AG 1e6 2 77 - 0.21 5.70 233268
aoD2SG 1e6 2 77 - 0.24 6.45 241976
dry 1e6 5 17 - 0.05 0.27 73152
aoDLAV 1e6 5 17 - 0.14 20.00 252692
aoULAV 1e6 5 17 - 0.16 18.80 252688
aoD2AG 1e6 5 17 - 0.20 22.16 324204
aoD2SG 1e6 5 17 - 0.29 26.12 333324
dry 1e5 2 201 - 0.03 0.13 31088
aoDLAV 1e5 2 201 - 0.04 0.45 34800
aoULAV 1e5 2 201 - 0.03 0.46 35320
aoD2AG 1e5 2 201 - 0.05 0.58 42848
aoD2SG 1e5 2 201 - 0.04 0.66 43800
dry 1e2 2 89 - 0.02 0.12 25992
aoDLAV 1e2 2 89 - 0.02 0.15 30168
aoULAV 1e2 2 89 - 0.02 0.14 30180
aoD2AG 1e2 2 89 - 0.02 0.15 30336
aoD2SG 1e2 2 89 - 0.03 0.14 30344
moore 1e2 2 89 - 0.03 0.20 30488
nbpm 1e2 2 89 - 0.08 2.16 53008
greedy 1e2 2 89 - 0.03 0.14 30880
dry 32e3 2 234 - 0.02 0.12 27296
aoDLAV 32e3 2 234 - 0.03 0.22 31436
aoULAV 32e3 2 234 - 0.02 0.23 32148
aoD2AG 32e3 2 234 - 0.04 0.24 35020
aoD2SG 32e3 2 234 - 0.03 0.27 34784
dry 1e6 10 166 - 0.09 0.44 112232
aoDLAV 1e6 10 166 - 0.19 385.69 369888
aoULAV 1e6 10 166 - 0.31 391.90 369884
aoD2AG 1e6 10 166 - 0.40 352.11 447252
aoD2SG 1e6 10 166 - 0.43 427.25 456456
dry 5e4 5 27 - 0.03 0.13 30476
aoDLAV 5e4 5 27 - 0.04 0.67 34708
aoULAV 5e4 5 27 - 0.03 0.68 34704
aoD2AG 5e4 5 27 - 0.03 0.74 37724
aoD2SG 5e4 5 27 - 0.04 0.80 37936
dry 225e2 2 215 - 0.02 0.12 26924
aoDLAV 225e2 2 215 - 0.03 0.19 30980
aoULAV 225e2 2 215 - 0.02 0.20 30992
aoD2AG 225e2 2 215 - 0.04 0.20 33372
aoD2SG 225e2 2 215 - 0.03 0.21 33464
dry 1e1 2 63 - 0.02 0.12 27952
aoDLAV 1e1 2 63 - 0.03 0.14 30164
aoULAV 1e1 2 63 - 0.03 0.14 30176
aoD2AG 1e1 2 63 - 0.03 0.14 30320
aoD2SG 1e1 2 63 - 0.02 0.15 30320
moore 1e1 2 63 - 0.03 0.18 30484
nbpm 1e1 2 63 - 0.08 2.09 49824
greedy 1e1 2 63 - 0.03 0.14 30124
dry 56e4 2 9 - 0.04 0.17 41104
aoDLAV 56e4 2 9 - 0.09 2.00 107984
aoULAV 56e4 2 9 - 0.08 2.06 107984
aoD2AG 56e4 2 9 - 0.11 3.13 139420
aoD2SG 56e4 2 9 - 0.11 3.22 144176
dry 1e2 5 192 - 0.03 0.11 25996
aoDLAV 1e2 5 192 - 0.03 0.14 30216
aoULAV 1e2 5 192 - 0.03 0.14 30224
aoD2AG 1e2 5 192 - 0.03 0.14 30384
aoD2SG 1e2 5 192 - 0.03 0.14 30388
moore 1e2 5 192 - 0.02 0.24 30492
nbpm 1e2 5 192 - 0.08 2.10 53016
greedy 1e2 5 192 - 0.02 0.15 30920
dry 1e3 10 10 - 0.02 0.11 26136
aoDLAV 1e3 10 10 - 0.03 0.16 30652
aoULAV 1e3 10 10 - 0.03 0.15 30664
aoD2AG 1e3 10 10 - 0.03 0.16 31044
aoD2SG 1e3 10 10 - 0.03 0.16 31080
moore 1e3 10 10 - 0.05 4.82 59844
nbpm 1e3 10 10 - 0.11 4.78 136140
greedy 1e3 10 10 - 0.09 1.05 139620
dry 56e1 2 172 - 0.02 0.11 26008
aoDLAV 56e1 2 172 - 0.02 0.15 30224
aoULAV 56e1 2 172 - 0.02 0.15 30232
aoD2AG 56e1 2 172 - 0.02 0.14 30416
aoD2SG 56e1 2 172 - 0.03 0.14 30424
moore 56e1 2 172 - 0.03 1.95 39652
nbpm 56e1 2 172 - 0.08 2.89 78704
greedy 56e1 2 172 - 0.04 0.39 64104
dry 275e2 2 11 - 0.02 0.11 27120
aoDLAV 275e2 2 11 - 0.02 0.21 31240
aoULAV 275e2 2 11 - 0.03 0.20 31572
aoD2AG 275e2 2 11 - 0.04 0.22 34696
aoD2SG 275e2 2 11 - 0.02 0.25 34816
dry 32e3 2 182 - 0.03 0.11 27296
aoDLAV 32e3 2 182 - 0.02 0.23 31440
aoULAV 32e3 2 182 - 0.02 0.23 32148
aoD2AG 32e3 2 182 - 0.03 0.24 35028
aoD2SG 32e3 2 182 - 0.03 0.26 34792
dry 1e5 5 239 - 0.04 0.13 34480
aoDLAV 1e5 5 239 - 0.04 1.64 41820
aoULAV 1e5 5 239 - 0.04 1.70 43568
aoD2AG 1e5 5 239 - 0.05 1.68 53568
aoD2SG 1e5 5 239 - 0.05 1.86 53496
dry 300e2 2 6 - 0.02 0.12 29128
aoDLAV 300e2 2 6 - 0.03 0.20 31296
aoULAV 300e2 2 6 - 0.03 0.20 31892
aoD2AG 300e2 2 6 - 0.03 0.23 35060
aoD2SG 300e2 2 6 - 0.03 0.25 34720
dry 1e5 5 189 - 0.03 0.13 34476
aoDLAV 1e5 5 189 - 0.05 1.50 41820
aoULAV 1e5 5 189 - 0.04 1.50 43572
aoD2AG 1e5 5 189 - 0.05 1.64 53560
aoD2SG 1e5 5 189 - 0.04 1.83 53200
dry 32e4 2 11 - 0.03 0.16 36424
aoDLAV 32e4 2 11 - 0.05 1.21 70828
aoULAV 32e4 2 11 - 0.05 1.22 70840
aoD2AG 32e4 2 11 - 0.06 1.69 88316
aoD2SG 32e4 2 11 - 0.07 1.86 90864
dry 32e4 2 61 - 0.02 0.17 36424
aoDLAV 32e4 2 61 - 0.05 1.30 70832
aoULAV 32e4 2 61 - 0.06 1.28 70840
aoD2AG 32e4 2 61 - 0.07 1.79 88848
aoD2SG 32e4 2 61 - 0.08 1.98 91232
dry 5e4 5 105 - 0.02 0.13 31196
aoDLAV 5e4 5 105 - 0.04 0.76 34708
aoULAV 5e4 5 105 - 0.03 0.78 34708
aoD2AG 5e4 5 105 - 0.03 0.83 37724
aoD2SG 5e4 5 105 - 0.03 0.91 37936
dry 275e2 2 104 - 0.02 0.12 27120
aoDLAV 275e2 2 104 - 0.03 0.21 31240
aoULAV 275e2 2 104 - 0.03 0.21 31572
aoD2AG 275e2 2 104 - 0.03 0.23 34696
aoD2SG 275e2 2 104 - 0.03 0.25 34812
dry 1e6 5 219 - 0.06 0.27 73164
aoDLAV 1e6 5 219 - 0.16 19.64 252692
aoULAV 1e6 5 219 - 0.13 19.86 252688
aoD2AG 1e6 5 219 - 0.21 21.44 323384
aoD2SG 1e6 5 219 - 0.27 24.96 333428
dry 250e2 2 32 - 0.02 0.12 29036
aoDLAV 250e2 2 32 - 0.03 0.20 31108
aoULAV 250e2 2 32 - 0.03 0.20 31212
aoD2AG 250e2 2 32 - 0.03 0.22 33860
aoD2SG 250e2 2 32 - 0.02 0.23 33964
dry 1e5 10 89 - 0.03 0.18 38396
aoDLAV 1e5 10 89 - 0.04 21.87 53540
aoULAV 1e5 10 89 - 0.05 21.45 55308
aoD2AG 1e5 10 89 - 0.06 21.75 62924
aoD2SG 1e5 10 89 - 0.05 24.95 66832
dry 1e3 5 224 - 0.02 0.12 26056
aoDLAV 1e3 5 224 - 0.03 0.14 30428
aoULAV 1e3 5 224 - 0.03 0.14 30436
aoD2AG 1e3 5 224 - 0.03 0.14 30748
aoD2SG 1e3 5 224 - 0.03 0.14 30780
moore 1e3 5 224 - 0.04 4.99 59800
nbpm 1e3 5 224 - 0.11 4.48 129244
greedy 1e3 5 224 - 0.07 1.04 139392
dry 1e5 5 181 - 0.03 0.13 34476
aoDLAV 1e5 5 181 - 0.04 1.60 41816
aoULAV 1e5 5 181 - 0.03 1.61 43572
aoD2AG 1e5 5 181 - 0.04 1.71 53836
aoD2SG 1e5 5 181 - 0.05 1.89 53200
dry 56e3 2 134 - 0.03 0.11 30264
aoDLAV 56e3 2 134 - 0.03 0.29 33476
aoULAV 56e3 2 134 - 0.03 0.28 34696
aoD2AG 56e3 2 134 - 0.03 0.35 37284
aoD2SG 56e3 2 134 - 0.03 0.38 37300
dry 56e3 2 211 - 0.03 0.11 28236
aoDLAV 56e3 2 211 - 0.02 0.29 33476
aoULAV 56e3 2 211 - 0.03 0.30 34696
aoD2AG 56e3 2 211 - 0.03 0.36 37284
aoD2SG 56e3 2 211 - 0.03 0.38 37304
dry 1e6 2 31 - 0.04 0.19 49704
aoDLAV 1e6 2 31 - 0.10 3.79 178456
aoULAV 1e6 2 31 - 0.12 3.97 178460
aoD2AG 1e6 2 31 - 0.17 5.60 234508
aoD2SG 1e6 2 31 - 0.19 6.25 244672
dry 56e4 2 18 - 0.03 0.18 41120
aoDLAV 56e4 2 18 - 0.08 2.11 107984
aoULAV 56e4 2 18 - 0.08 2.20 107988
aoD2AG 56e4 2 18 - 0.10 3.08 139572
aoD2SG 56e4 2 18 - 0.12 3.33 143820
dry 5e4 2 53 - 0.02 0.12 29328
aoDLAV 5e4 2 53 - 0.03 0.26 33008
aoULAV 5e4 2 53 - 0.04 0.26 33312
aoD2AG 5e4 2 53 - 0.03 0.33 36408
aoD2SG 5e4 2 53 - 0.03 0.35 36424
dry 300e2 2 233 - 0.02 0.11 27216
aoDLAV 300e2 2 233 - 0.03 0.21 31296
aoULAV 300e2 2 233 - 0.03 0.21 31892
aoD2AG 300e2 2 233 - 0.02 0.24 35064
aoD2SG 300e2 2 233 - 0.03 0.25 34720
dry 250e2 2 204 - 0.02 0.12 27024
aoDLAV 250e2 2 204 - 0.02 0.20 31112
aoULAV 250e2 2 204 - 0.03 0.20 31212
aoD2AG 250e2 2 204 - 0.03 0.21 33860
aoD2SG 250e2 2 204 - 0.03 0.23 33964
dry 1e2 10 101 - 0.02 0.11 26008
aoDLAV 1e2 10 101 - 0.02 0.14 30260
aoULAV 1e2 10 101 - 0.02 0.15 30272
aoD2AG 1e2 10 101 - 0.02 0.15 30444
aoD2SG 1e2 10 101 - 0.03 0.14 30448
moore 1e2 10 101 - 0.02 0.25 30496
nbpm 1e2 10 101 - 0.07 2.13 53076
greedy 1e2 10 101 - 0.03 0.15 30976
dry 1e6 2 36 - 0.04 0.19 49708
aoDLAV 1e6 2 36 - 0.11 3.62 178460
aoULAV 1e6 2 36 - 0.14 3.84 178456
aoD2AG 1e6 2 36 - 0.21 5.47 233520
aoD2SG 1e6 2 36 - 0.19 6.26 242392
dry 1e6 5 225 - 0.06 0.27 73152
aoDLAV 1e6 5 225 - 0.15 19.09 252804
aoULAV 1e6 5 225 - 0.18 19.28 252688
aoD2AG 1e6 5 225 - 0.26 21.83 324480
aoD2SG 1e6 5 225 - 0.22 24.20 332896
dry 5e4 2 60 - 0.02 0.12 29404
aoDLAV 5e4 2 60 - 0.03 0.27 33008
aoULAV 5e4 2 60 - 0.03 0.27 33316
aoD2AG 5e4 2 60 - 0.03 0.39 36412
aoD2SG 5e4 2 60 - 0.04 0.36 36424
dry 56e1 2 12 - 0.02 0.12 26008
aoDLAV 56e1 2 12 - 0.02 0.15 30220
aoULAV 56e1 2 12 - 0.02 0.15 30232
aoD2AG 56e1 2 12 - 0.03 0.14 30416
aoD2SG 56e1 2 12 - 0.03 0.14 30424
moore 56e1 2 12 - 0.03 1.22 39660
nbpm 56e1 2 12 - 0.10 2.86 78712
greedy 56e1 2 12 - 0.04 0.39 64104
dry 56e4 2 73 - 0.03 0.19 41108
aoDLAV 56e4 2 73 - 0.06 2.01 107984
aoULAV 56e4 2 73 - 0.10 2.20 107984
aoD2AG 56e4 2 73 - 0.12 3.12 139728
aoD2SG 56e4 2 73 - 0.13 3.58 143128
dry 1e3 5 201 - 0.02 0.12 26056
aoDLAV 1e3 5 201 - 0.03 0.15 30424
aoULAV 1e3 5 201 - 0.03 0.15 30436
aoD2AG 1e3 5 201 - 0.03 0.15 30744
aoD2SG 1e3 5 201 - 0.03 0.15 30760
moore 1e3 5 201 - 0.04 2.23 59828
nbpm 1e3 5 201 - 0.12 4.55 129256
greedy 1e3 5 201 - 0.09 1.05 139388
dry 32e3 2 123 - 0.02 0.12 27296
aoDLAV 32e3 2 123 - 0.02 0.21 31436
aoULAV 32e3 2 123 - 0.03 0.21 32144
aoD2AG 32e3 2 123 - 0.03 0.24 35024
aoD2SG 32e3 2 123 - 0.03 0.26 34784
dry 1e5 5 48 - 0.03 0.13 34480
aoDLAV 1e5 5 48 - 0.04 1.53 41820
aoULAV 1e5 5 48 - 0.03 1.48 43572
aoD2AG 1e5 5 48 - 0.05 1.66 53560
aoD2SG 1e5 5 48 - 0.05 2.09 53200
dry 1e3 10 71 - 0.02 0.12 26136
aoDLAV 1e3 10 71 - 0.03 0.16 30652
aoULAV 1e3 10 71 - 0.02 0.16 30664
aoD2AG 1e3 10 71 - 0.03 0.16 31076
aoD2SG 1e3 10 71 - 0.03 0.16 31100
moore 1e3 10 71 - 0.04 5.71 59840
nbpm 1e3 10 71 - 0.12 4.62 136140
greedy 1e3 10 71 - 0.06 1.01 139616
dry 1e1 2 85 - 0.02 0.12 25996
aoDLAV 1e1 2 85 - 0.03 0.14 30160
aoULAV 1e1 2 85 - 0.02 0.14 30172
aoD2AG 1e1 2 85 - 0.03 0.13 30312
aoD2SG 1e1 2 85 - 0.03 0.14 30312
moore 1e1 2 85 - 0.03 0.17 30476
nbpm 1e1 2 85 - 0.09 2.08 49816
greedy 1e1 2 85 - 0.02 0.14 30124
dry 5e4 10 82 - 0.02 0.14 33892
aoDLAV 5e4 10 82 - 0.04 7.04 40200
aoULAV 5e4 10 82 - 0.05 7.02 40200
aoD2AG 5e4 10 82 - 0.04 7.08 44984
aoD2SG 5e4 10 82 - 0.04 7.82 45000
dry 5e4 5 41 - 0.03 0.13 30556
aoDLAV 5e4 5 41 - 0.03 0.68 34704
aoULAV 5e4 5 41 - 0.03 0.68 34708
aoD2AG 5e4 5 41 - 0.04 0.73 37728
aoD2SG 5e4 5 41 - 0.03 0.81 37940
dry 32e1 2 63 - 0.02 0.11 26000
aoDLAV 32e1 2 63 - 0.02 0.15 30196
aoULAV 32e1 2 63 - 0.02 0.15 30208
aoD2AG 32e1 2 63 - 0.02 0.15 30380
aoD2SG 32e1 2 63 - 0.02 0.15 30384
moore 32e1 2 63 - 0.04 0.36 33684
nbpm 32e1 2 63 - 0.09 2.31 58308
greedy 32e1 2 63 - 0.03 0.21 40972
dry 1e3 5 150 - 0.02 0.12 26056
aoDLAV 1e3 5 150 - 0.03 0.14 30424
aoULAV 1e3 5 150 - 0.02 0.15 30440
aoD2AG 1e3 5 150 - 0.03 0.14 30752
aoD2SG 1e3 5 150 - 0.03 0.14 30780
moore 1e3 5 150 - 0.03 4.43 59800
nbpm 1e3 5 150 - 0.12 4.27 129244
greedy 1e3 5 150 - 0.09 0.99 139388
dry 1e3 5 168 - 0.02 0.12 26056
aoDLAV 1e3 5 168 - 0.02 0.15 30424
aoULAV 1e3 5 168 - 0.03 0.14 30440
aoD2AG 1e3 5 168 - 0.03 0.15 30740
aoD2SG 1e3 5 168 - 0.03 0.14 30768
moore 1e3 5 168 - 0.05 4.11 59816
nbpm 1e3 5 168 - 0.11 4.30 129244
greedy 1e3 5 168 - 0.08 0.99 139392
dry 1e6 5 81 - 0.05 0.27 73152
aoDLAV 1e6 5 81 - 0.16 20.10 252688
aoULAV 1e6 5 81 - 0.15 18.50 252688
aoD2AG 1e6 5 81 - 0.22 22.05 323684
aoD2SG 1e6 5 81 - 0.22 25.77 332740
dry 1e3 10 108 - 0.02 0.11 26136
aoDLAV 1e3 10 108 - 0.02 0.17 30656
aoULAV 1e3 10 108 - 0.02 0.17 30664
aoD2AG 1e3 10 108 - 0.03 0.16 31056
aoD2SG 1e3 10 108 - 0.03 0.16 31084
moore 1e3 10 108 - 0.04 4.03 59844
nbpm 1e3 10 108 - 0.13 4.87 136140
greedy 1e3 10 108 - 0.09 1.04 139616
dry 1e2 10 11 - 0.02 0.12 26008
aoDLAV 1e2 10 11 - 0.02 0.14 30260
aoULAV 1e2 10 11 - 0.03 0.14 30272
aoD2AG 1e2 10 11 - 0.02 0.15 30440
aoD2SG 1e2 10 11 - 0.02 0.14 30448
moore 1e2 10 11 - 0.02 0.23 30496
nbpm 1e2 10 11 - 0.10 2.13 53076
greedy 1e2 10 11 - 0.03 0.14 30972
dry 325e2 2 202 - 0.02 0.12 27320
aoDLAV 325e2 2 202 - 0.04 0.21 31376
aoULAV 325e2 2 202 - 0.02 0.23 32088
aoD2AG 325e2 2 202 - 0.03 0.25 35004
aoD2SG 325e2 2 202 - 0.03 0.27 34760
dry 18e4 2 96 - 0.03 0.13 33104
aoDLAV 18e4 2 96 - 0.05 0.77 47860
aoULAV 18e4 2 96 - 0.04 0.78 47860
aoD2AG 18e4 2 96 - 0.05 1.02 58868
aoD2SG 18e4 2 96 - 0.06 1.12 59980
dry 1e1 2 97 - 0.03 0.11 25996
aoDLAV 1e1 2 97 - 0.02 0.15 30164
aoULAV 1e1 2 97 - 0.04 0.13 30176
aoD2AG 1e1 2 97 - 0.03 0.14 30316
aoD2SG 1e1 2 97 - 0.03 0.14 30320
moore 1e1 2 97 - 0.03 0.18 30476
nbpm 1e1 2 97 - 0.08 2.15 49816
greedy 1e1 2 97 - 0.02 0.15 30124
dry 32e3 2 87 - 0.02 0.11 27296
aoDLAV 32e3 2 87 - 0.03 0.22 31440
aoULAV 32e3 2 87 - 0.03 0.22 32148
aoD2AG 32e3 2 87 - 0.04 0.25 35024
aoD2SG 32e3 2 87 - 0.03 0.26 34792
dry 32e3 2 147 - 0.03 0.11 30764
aoDLAV 32e3 2 147 - 0.02 0.23 31436
aoULAV 32e3 2 147 - 0.03 0.22 32144
aoD2AG 32e3 2 147 - 0.03 0.25 35028
aoD2SG 32e3 2 147 - 0.03 0.27 34788
dry 32e4 2 101 - 0.03 0.16 36424
aoDLAV 32e4 2 101 - 0.06 1.28 70832
aoULAV 32e4 2 101 - 0.06 1.32 70840
aoD2AG 32e4 2 101 - 0.07 1.81 88280
aoD2SG 32e4 2 101 - 0.08 1.95 90856
dry 5e4 10 226 - 0.03 0.14 33888
aoDLAV 5e4 10 226 - 0.03 8.23 40200
aoULAV 5e4 10 226 - 0.05 7.94 40200
aoD2AG 5e4 10 226 - 0.04 7.43 44980
aoD2SG 5e4 10 226 - 0.04 8.00 44992
dry 32e3 2 225 - 0.02 0.12 27296
aoDLAV 32e3 2 225 - 0.03 0.23 31436
aoULAV 32e3 2 225 - 0.03 0.23 32148
aoD2AG 32e3 2 225 - 0.04 0.24 35020
aoD2SG 32e3 2 225 - 0.03 0.26 34792
dry 1e2 2 172 - 0.02 0.12 25996
aoDLAV 1e2 2 172 - 0.03 0.13 30168
aoULAV 1e2 2 172 - 0.02 0.14 30184
aoD2AG 1e2 2 172 - 0.03 0.13 30328
aoD2SG 1e2 2 172 - 0.03 0.14 30340
moore 1e2 2 172 - 0.03 0.18 30480
nbpm 1e2 2 172 - 0.06 2.16 53000
greedy 1e2 2 172 - 0.03 0.14 30880
dry 300e2 2 1 - 0.02 0.12 27216
aoDLAV 300e2 2 1 - 0.03 0.22 31300
aoULAV 300e2 2 1 - 0.02 0.22 31892
aoD2AG 300e2 2 1 - 0.02 0.25 35060
aoD2SG 300e2 2 1 - 0.03 0.25 34716
dry 400e2 2 67 - 0.02 0.11 27616
aoDLAV 400e2 2 67 - 0.02 0.24 32236
aoULAV 400e2 2 67 - 0.02 0.24 33112
aoD2AG 400e2 2 67 - 0.03 0.27 36072
aoD2SG 400e2 2 67 - 0.02 0.30 35928
dry 32e1 2 9 - 0.02 0.12 26000
aoDLAV 32e1 2 9 - 0.02 0.14 30196
aoULAV 32e1 2 9 - 0.02 0.14 30212
aoD2AG 32e1 2 9 - 0.03 0.14 30376
aoD2SG 32e1 2 9 - 0.02 0.15 30384
moore 32e1 2 9 - 0.03 0.53 33676
nbpm 32e1 2 9 - 0.07 2.37 58300
greedy 32e1 2 9 - 0.03 0.21 40972
dry 1e5 10 95 - 0.04 0.18 38400
aoDLAV 1e5 10 95 - 0.05 22.77 53536
aoULAV 1e5 10 95 - 0.05 22.63 55312
aoD2AG 1e5 10 95 - 0.05 22.69 62676
aoD2SG 1e5 10 95 - 0.05 25.48 66832
dry 1e2 10 58 - 0.02 0.12 26004
aoDLAV 1e2 10 58 - 0.03 0.14 30260
aoULAV 1e2 10 58 - 0.03 0.14 30276
aoD2AG 1e2 10 58 - 0.02 0.15 30444
aoD2SG 1e2 10 58 - 0.03 0.14 30448
moore 1e2 10 58 - 0.04 0.22 30500
nbpm 1e2 10 58 - 0.08 2.16 53076
greedy 1e2 10 58 - 0.02 0.15 30972
dry 5e4 10 165 - 0.03 0.13 33888
aoDLAV 5e4 10 165 - 0.04 7.97 40204
aoULAV 5e4 10 165 - 0.03 7.99 40200
aoD2AG 5e4 10 165 - 0.04 8.02 44980
aoD2SG 5e4 10 165 - 0.04 8.95 44996
dry 1e2 10 59 - 0.02 0.12 26008
aoDLAV 1e2 10 59 - 0.02 0.14 30260
aoULAV 1e2 10 59 - 0.02 0.14 30272
aoD2AG 1e2 10 59 - 0.03 0.14 30440
aoD2SG 1e2 10 59 - 0.03 0.14 30452
moore 1e2 10 59 - 0.03 0.20 30496
nbpm 1e2 10 59 - 0.08 2.30 53076
greedy 1e2 10 59 - 0.03 0.14 30972
dry 1e3 10 87 - 0.02 0.12 26136
aoDLAV 1e3 10 87 - 0.03 0.16 30652
aoULAV 1e3 10 87 - 0.02 0.16 30668
aoD2AG 1e3 10 87 - 0.04 0.15 31076
aoD2SG 1e3 10 87 - 0.04 0.16 31092
moore 1e3 10 87 - 0.04 5.61 59844
nbpm 1e3 10 87 - 0.12 4.97 136140
greedy 1e3 10 87 - 0.08 1.03 139616
dry 325e2 2 86 - 0.02 0.12 27316
aoDLAV 325e2 2 86 - 0.03 0.22 31372
aoULAV 325e2 2 86 - 0.03 0.22 32088
aoD2AG 325e2 2 86 - 0.04 0.25 35000
aoD2SG 325e2 2 86 - 0.03 0.26 34764
dry 300e2 2 27 - 0.03 0.11 27216
aoDLAV 300e2 2 27 - 0.03 0.21 31296
aoULAV 300e2 2 27 - 0.03 0.22 31892
aoD2AG 300e2 2 27 - 0.02 0.25 35056
aoD2SG 300e2 2 27 - 0.04 0.24 34716
dry 1e2 10 41 - 0.02 0.12 26004
aoDLAV 1e2 10 41 - 0.03 0.14 30260
aoULAV 1e2 10 41 - 0.02 0.15 30272
aoD2AG 1e2 10 41 - 0.02 0.15 30444
aoD2SG 1e2 10 41 - 0.03 0.14 30500
moore 1e2 10 41 - 0.03 0.21 30496
nbpm 1e2 10 41 - 0.08 2.31 53080
greedy 1e2 10 41 - 0.02 0.15 30976
dry 225e2 2 172 - 0.02 0.12 26920
aoDLAV 225e2 2 172 - 0.03 0.20 30980
aoULAV 225e2 2 172 - 0.03 0.19 30992
aoD2AG 225e2 2 172 - 0.03 0.21 33368
aoD2SG 225e2 2 172 - 0.02 0.23 33464
dry 32e4 2 201 - 0.03 0.16 36424
aoDLAV 32e4 2 201 - 0.06 1.28 70828
aoULAV 32e4 2 201 - 0.06 1.31 70844
aoD2AG 32e4 2 201 - 0.08 1.75 89220
aoD2SG 32e4 2 201 - 0.09 1.96 91420
dry 5e4 10 111 - 0.03 0.14 33888
aoDLAV 5e4 10 111 - 0.04 7.88 40200
aoULAV 5e4 10 111 - 0.04 7.51 40200
aoD2AG 5e4 10 111 - 0.05 7.70 44980
aoD2SG 5e4 10 111 - 0.05 9.23 44996
dry 1e2 2 127 - 0.02 0.11 25992
aoDLAV 1e2 2 127 - 0.03 0.14 30168
aoULAV 1e2 2 127 - 0.03 0.13 30180
aoD2AG 1e2 2 127 - 0.03 0.14 30332
aoD2SG 1e2 2 127 - 0.03 0.14 30332
moore 1e2 2 127 - 0.03 0.18 30488
nbpm 1e2 2 127 - 0.08 2.16 53008
greedy 1e2 2 127 - 0.02 0.15 30880
dry 18e4 2 223 - 0.03 0.13 33576
aoDLAV 18e4 2 223 - 0.04 0.79 47860
aoULAV 18e4 2 223 - 0.04 0.78 47860
aoD2AG 18e4 2 223 - 0.06 1.01 58644
aoD2SG 18e4 2 223 - 0.05 1.12 60028
dry 1e2 5 221 - 0.02 0.11 25996
aoDLAV 1e2 5 221 - 0.02 0.14 30212
aoULAV 1e2 5 221 - 0.02 0.14 30224
aoD2AG 1e2 5 221 - 0.03 0.14 30388
aoD2SG 1e2 5 221 - 0.02 0.14 30388
moore 1e2 5 221 - 0.03 0.24 30492
nbpm 1e2 5 221 - 0.07 2.14 53016
greedy 1e2 5 221 - 0.03 0.13 30920
dry 1e2 10 23 - 0.02 0.12 26004
aoDLAV 1e2 10 23 - 0.03 0.14 30260
aoULAV 1e2 10 23 - 0.03 0.14 30272
aoD2AG 1e2 10 23 - 0.02 0.15 30440
aoD2SG 1e2 10 23 - 0.03 0.15 30448
moore 1e2 10 23 - 0.04 0.24 30496
nbpm 1e2 10 23 - 0.08 2.19 53080
greedy 1e2 10 23 - 0.03 0.14 30972
dry 18e1 2 113 - 0.02 0.12 26004
aoDLAV 18e1 2 113 - 0.03 0.14 30188
aoULAV 18e1 2 113 - 0.02 0.14 30196
aoD2AG 18e1 2 113 - 0.04 0.13 30356
aoD2SG 18e1 2 113 - 0.03 0.13 30368
moore 18e1 2 113 - 0.03 0.26 30500
nbpm 18e1 2 113 - 0.08 2.14 54444
greedy 18e1 2 113 - 0.02 0.16 33348
dry 250e2 2 75 - 0.03 0.11 27020
aoDLAV 250e2 2 75 - 0.02 0.20 31108
aoULAV 250e2 2 75 - 0.03 0.20 31228
aoD2AG 250e2 2 75 - 0.02 0.23 33856
aoD2SG 250e2 2 75 - 0.03 0.23 33960
dry 32e4 2 199 - 0.03 0.16 36428
aoDLAV 32e4 2 199 - 0.05 1.17 70832
aoULAV 32e4 2 199 - 0.06 1.21 70888
aoD2AG 32e4 2 199 - 0.08 1.64 89232
aoD2SG 32e4 2 199 - 0.08 1.82 91756
dry 5e4 2 232 - 0.02 0.12 31116
aoDLAV 5e4 2 232 - 0.03 0.26 33008
aoULAV 5e4 2 232 - 0.02 0.27 33312
aoD2AG 5e4 2 232 - 0.03 0.33 36412
aoD2SG 5e4 2 232 - 0.04 0.34 36424
dry 1e6 10 226 - 0.07 0.39 112232
aoDLAV 1e6 10 226 - 0.22 355.61 369888
aoULAV 1e6 10 226 - 0.30 359.11 369956
aoD2AG 1e6 10 226 - 0.37 342.02 447292
aoD2SG 1e6 10 226 - 0.37 402.19 457628
