dry 9e7 2 200 - 0.93 2.66 1787984
aoDLAV 9e7 2 200 - 7.04 525.62 13377684
aoULAV 9e7 2 200 - 9.14 558.67 13377684
aoD2AG 9e7 2 200 - 17.34 803.30 19669356
aoD2SG 9e7 2 200 - 18.49 926.06 20388120
dry 18e3 2 66 - 0.02 0.13 30492
aoDLAV 18e3 2 66 - 0.05 0.19 30744
aoULAV 18e3 2 66 - 0.04 0.20 30740
aoD2AG 18e3 2 66 - 0.04 0.21 31804
aoD2SG 18e3 2 66 - 0.03 0.23 31808
moore 18e3 2 66 - 2.90 5476.97 9534988
nbpm 18e3 2 66 - 23.20 1934.09 25451064
greedy 18e3 2 66 - 19.49 969.10 35458368
dry 1e8 2 232 - 1.09 3.00 1983296
aoDLAV 1e8 2 232 - 7.99 572.65 14862068
aoULAV 1e8 2 232 - 10.39 617.09 14862072
aoD2AG 1e8 2 232 - 18.77 878.81 21853408
aoD2SG 1e8 2 232 - 18.95 1019.81 22650932
dry 18e3 2 96 - 0.03 0.11 26748
aoDLAV 18e3 2 96 - 0.03 0.18 30740
aoULAV 18e3 2 96 - 0.03 0.17 30740
aoD2AG 18e3 2 96 - 0.02 0.21 31804
aoD2SG 18e3 2 96 - 0.03 0.20 31808
moore 18e3 2 96 - 2.88 4626.72 9534984
nbpm 18e3 2 96 - 23.73 1903.68 25451064
greedy 18e3 2 96 - 19.56 988.18 35458364
dry 125e2 2 71 - 0.04 0.11 26532
aoDLAV 125e2 2 71 - 0.04 0.17 30708
aoULAV 125e2 2 71 - 0.03 0.17 30708
aoD2AG 125e2 2 71 - 0.04 0.18 31376
aoD2SG 125e2 2 71 - 0.03 0.19 31376
moore 125e2 2 71 - 1.57 2105.36 4611552
nbpm 125e2 2 71 - 11.49 686.73 12302328
greedy 125e2 2 71 - 8.84 443.32 17109964
dry 9e7 2 203 - 1.02 2.73 1787984
aoDLAV 9e7 2 203 - 7.54 519.69 13377688
aoULAV 9e7 2 203 - 9.22 539.96 13377688
aoD2AG 9e7 2 203 - 16.91 766.70 19667936
aoD2SG 9e7 2 203 - 17.71 909.73 20388824
dry 9e7 2 125 - 1.00 2.77 1787988
aoDLAV 9e7 2 125 - 7.24 529.12 13377684
aoULAV 9e7 2 125 - 9.08 556.37 13377688
aoD2AG 9e7 2 125 - 16.54 785.17 19673444
aoD2SG 9e7 2 125 - 17.54 926.87 20389124
dry 2e4 2 217 - 0.03 0.11 26832
aoDLAV 2e4 2 217 - 0.03 0.19 30808
aoULAV 2e4 2 217 - 0.02 0.19 30808
aoD2AG 2e4 2 217 - 0.03 0.20 32308
aoD2SG 2e4 2 217 - 0.02 0.22 32296
moore 2e4 2 217 - 3.37 6707.38 11765556
nbpm 2e4 2 217 - 28.95 2642.78 31402196
greedy 2e4 2 217 - 23.64 1155.50 43771040
dry 1e8 2 128 - 0.99 2.96 1983296
aoDLAV 1e8 2 128 - 7.81 573.19 14862068
aoULAV 1e8 2 128 - 10.33 614.72 14862068
aoD2AG 1e8 2 128 - 18.74 884.95 21855040
aoD2SG 1e8 2 128 - 19.83 1003.06 22653480
dry 1e8 5 35 - 2.10 6.10 4327052
aoDLAV 1e8 5 35 - 10.93 2551.87 23065236
aoULAV 1e8 5 35 - 16.15 2574.76 23065204
aoD2AG 1e8 5 35 - 25.85 3018.10 30455008
aoD2SG 1e8 5 35 - 27.62 3636.88 31312904
dry 18e3 2 89 - 0.02 0.12 26748
aoDLAV 18e3 2 89 - 0.03 0.19 30740
aoULAV 18e3 2 89 - 0.03 0.18 30740
aoD2AG 18e3 2 89 - 0.03 0.20 31808
aoD2SG 18e3 2 89 - 0.04 0.21 31812
moore 18e3 2 89 - 2.94 5091.97 9534984
nbpm 18e3 2 89 - 23.02 2141.05 25451064
greedy 18e3 2 89 - 21.15 1074.70 35458368
dry 2e4 2 46 - 0.03 0.11 30532
aoDLAV 2e4 2 46 - 0.03 0.19 30812
aoULAV 2e4 2 46 - 0.03 0.19 30856
aoD2AG 2e4 2 46 - 0.03 0.20 32288
aoD2SG 2e4 2 46 - 0.03 0.21 32292
moore 2e4 2 46 - 3.38 6130.01 11765556
nbpm 2e4 2 46 - 28.83 2640.12 31402196
greedy 2e4 2 46 - 24.96 1227.14 43771040
dry 8e7 2 110 - 0.93 2.45 1592680
aoDLAV 8e7 2 110 - 6.76 460.00 11893324
aoULAV 8e7 2 110 - 8.67 486.24 11893328
aoD2AG 8e7 2 110 - 15.00 675.73 17489740
aoD2SG 8e7 2 110 - 16.12 804.65 18124340
dry 2e4 2 25 - 0.02 0.12 26828
aoDLAV 2e4 2 25 - 0.03 0.19 30808
aoULAV 2e4 2 25 - 0.03 0.19 30808
aoD2AG 2e4 2 25 - 0.04 0.20 32284
aoD2SG 2e4 2 25 - 0.04 0.21 32320
moore 2e4 2 25 - 3.44 7837.30 11765544
nbpm 2e4 2 25 - 29.20 2742.10 31402192
greedy 2e4 2 25 - 23.39 1246.96 43771040
dry 125e2 2 64 - 0.02 0.12 26536
aoDLAV 125e2 2 64 - 0.03 0.18 30708
aoULAV 125e2 2 64 - 0.03 0.17 30708
aoD2AG 125e2 2 64 - 0.03 0.19 31376
aoD2SG 125e2 2 64 - 0.03 0.20 31376
moore 125e2 2 64 - 1.63 1631.14 4611540
nbpm 125e2 2 64 - 11.66 688.82 12302320
greedy 125e2 2 64 - 9.65 452.52 17109968
dry 1e8 2 79 - 1.07 3.02 1983296
aoDLAV 1e8 2 79 - 8.27 748.54 14862068
aoULAV 1e8 2 79 - 10.23 604.32 14862068
aoD2AG 1e8 2 79 - 18.63 858.67 21855400
aoD2SG 1e8 2 79 - 20.28 1032.99 22652804
dry 18e3 2 189 - 0.02 0.12 28708
aoDLAV 18e3 2 189 - 0.03 0.18 30744
aoULAV 18e3 2 189 - 0.03 0.19 30744
aoD2AG 18e3 2 189 - 0.03 0.20 31804
aoD2SG 18e3 2 189 - 0.04 0.20 31812
moore 18e3 2 189 - 2.87 5368.05 9534980
nbpm 18e3 2 189 - 23.65 1947.01 25451056
greedy 18e3 2 189 - 20.42 1099.82 35458364
dry 8e7 2 23 - 0.87 2.49 1592680
aoDLAV 8e7 2 23 - 6.56 521.96 11893328
aoULAV 8e7 2 23 - 7.93 481.87 11893324
aoD2AG 8e7 2 23 - 14.85 686.28 17487496
aoD2SG 8e7 2 23 - 16.57 800.60 18123704
dry 125e2 2 181 - 0.03 0.12 26532
aoDLAV 125e2 2 181 - 0.03 0.18 30712
aoULAV 125e2 2 181 - 0.03 0.18 30712
aoD2AG 125e2 2 181 - 0.03 0.19 31376
aoD2SG 125e2 2 181 - 0.03 0.19 31376
moore 125e2 2 181 - 1.59 2091.84 4611548
nbpm 125e2 2 181 - 11.94 689.62 12302332
greedy 125e2 2 181 - 9.68 470.33 17109964
dry 125e2 2 9 - 0.03 0.12 26532
aoDLAV 125e2 2 9 - 0.04 0.17 30708
aoULAV 125e2 2 9 - 0.04 0.17 30712
aoD2AG 125e2 2 9 - 0.03 0.18 31376
aoD2SG 125e2 2 9 - 0.03 0.19 31376
moore 125e2 2 9 - 1.63 2107.23 4611548
nbpm 125e2 2 9 - 10.82 881.83 12302328
greedy 125e2 2 9 - 9.24 429.57 17109968
dry 2e4 5 32 - 0.03 0.12 29184
aoDLAV 2e4 5 32 - 0.03 0.30 32760
aoULAV 2e4 5 32 - 0.02 0.30 32768
aoD2AG 2e4 5 32 - 0.04 0.30 33344
aoD2SG 2e4 5 32 - 0.04 0.32 32860
moore 2e4 5 32 - 3.66 8616.37 11768080
nbpm 2e4 5 32 - 29.09 4777.51 34200500
greedy 2e4 5 32 - 26.19 1295.54 43774008
dry 125e2 2 240 - 0.03 0.12 26532
aoDLAV 125e2 2 240 - 0.04 0.17 30708
aoULAV 125e2 2 240 - 0.03 0.18 30708
aoD2AG 125e2 2 240 - 0.03 0.18 31380
aoD2SG 125e2 2 240 - 0.03 0.19 31380
moore 125e2 2 240 - 1.54 2235.73 4611548
nbpm 125e2 2 240 - 11.32 856.02 12302328
greedy 125e2 2 240 - 9.81 453.83 17109964
dry 150e2 2 135 - 0.03 0.12 28464
aoDLAV 150e2 2 135 - 0.03 0.19 30824
aoULAV 150e2 2 135 - 0.03 0.18 30828
aoD2AG 150e2 2 135 - 0.03 0.19 31608
aoD2SG 150e2 2 135 - 0.03 0.20 31612
moore 150e2 2 135 - 2.07 3330.69 6629348
nbpm 150e2 2 135 - 14.94 1169.76 16814168
greedy 150e2 2 135 - 13.65 722.67 24630028
dry 2e4 2 93 - 0.02 0.12 26832
aoDLAV 2e4 2 93 - 0.03 0.20 30812
aoULAV 2e4 2 93 - 0.02 0.21 30812
aoD2AG 2e4 2 93 - 0.03 0.22 32284
aoD2SG 2e4 2 93 - 0.03 0.22 32292
moore 2e4 2 93 - 3.47 7525.35 11765556
nbpm 2e4 2 93 - 29.73 2685.91 31402196
greedy 2e4 2 93 - 25.16 1535.52 43771040
dry 2e4 5 199 - 0.03 0.12 29240
aoDLAV 2e4 5 199 - 0.03 0.29 32756
aoULAV 2e4 5 199 - 0.03 0.31 32768
aoD2AG 2e4 5 199 - 0.04 0.33 33344
aoD2SG 2e4 5 199 - 0.03 0.36 32860
moore 2e4 5 199 - 3.50 7548.90 11768084
nbpm 2e4 5 199 - 28.54 5150.20 34200512
greedy 2e4 5 199 - 24.32 1326.10 43774004
dry 2e4 2 182 - 0.03 0.12 26828
aoDLAV 2e4 2 182 - 0.05 0.19 30808
aoULAV 2e4 2 182 - 0.03 0.20 30812
aoD2AG 2e4 2 182 - 0.03 0.22 32288
aoD2SG 2e4 2 182 - 0.03 0.22 32288
moore 2e4 2 182 - 3.49 6497.40 11765548
nbpm 2e4 2 182 - 29.74 2658.13 31402188
greedy 2e4 2 182 - 23.40 1198.21 43771040
dry 175e2 2 66 - 0.02 0.12 28708
aoDLAV 175e2 2 66 - 0.02 0.19 30716
aoULAV 175e2 2 66 - 0.03 0.18 30716
aoD2AG 175e2 2 66 - 0.02 0.20 31760
aoD2SG 175e2 2 66 - 0.03 0.20 31764
moore 175e2 2 66 - 2.77 4580.54 9014024
nbpm 175e2 2 66 - 21.00 1881.32 22863140
greedy 175e2 2 66 - 18.56 986.65 33516976
dry 2e4 5 44 - 0.02 0.12 27776
aoDLAV 2e4 5 44 - 0.04 0.28 32756
aoULAV 2e4 5 44 - 0.04 0.29 32768
aoD2AG 2e4 5 44 - 0.03 0.33 33344
aoD2SG 2e4 5 44 - 0.04 0.35 32864
moore 2e4 5 44 - 3.57 8331.24 11768084
nbpm 2e4 5 44 - 29.16 5529.36 34200504
greedy 2e4 5 44 - 24.25 1332.95 43774004
dry 1e8 2 52 - 1.13 3.05 1983296
aoDLAV 1e8 2 52 - 8.22 603.30 14862068
aoULAV 1e8 2 52 - 10.69 637.88 14862068
aoD2AG 1e8 2 52 - 18.98 903.37 21855276
aoD2SG 1e8 2 52 - 19.61 1077.15 22653336
dry 9e7 2 40 - 1.01 2.76 1787984
aoDLAV 9e7 2 40 - 7.17 529.99 13377684
aoULAV 9e7 2 40 - 9.53 561.29 13377684
aoD2AG 9e7 2 40 - 16.85 764.27 19671956
aoD2SG 9e7 2 40 - 18.43 923.96 20388252
dry 125e2 2 183 - 0.02 0.13 26536
aoDLAV 125e2 2 183 - 0.04 0.18 30712
aoULAV 125e2 2 183 - 0.03 0.18 30708
aoD2AG 125e2 2 183 - 0.02 0.19 31376
aoD2SG 125e2 2 183 - 0.03 0.19 31376
moore 125e2 2 183 - 1.65 1966.59 4611544
nbpm 125e2 2 183 - 11.71 734.62 12302340
greedy 125e2 2 183 - 9.46 433.46 17109964
dry 2e4 5 45 - 0.02 0.12 27776
aoDLAV 2e4 5 45 - 0.03 0.29 32760
aoULAV 2e4 5 45 - 0.03 0.29 32768
aoD2AG 2e4 5 45 - 0.04 0.31 33344
aoD2SG 2e4 5 45 - 0.04 0.34 32864
moore 2e4 5 45 - 3.50 7880.13 11768084
nbpm 2e4 5 45 - 28.74 5111.55 34200500
greedy 2e4 5 45 - 26.31 1343.88 43774004
dry 18e3 2 245 - 0.02 0.12 26752
aoDLAV 18e3 2 245 - 0.04 0.19 30740
aoULAV 18e3 2 245 - 0.03 0.19 30740
aoD2AG 18e3 2 245 - 0.03 0.20 31808
aoD2SG 18e3 2 245 - 0.03 0.21 31808
moore 18e3 2 245 - 2.87 4969.73 9534976
nbpm 18e3 2 245 - 23.58 1976.06 25451052
greedy 18e3 2 245 - 20.47 1033.32 35458368
dry 8e7 2 26 - 0.83 2.45 1592724
aoDLAV 8e7 2 26 - 6.40 454.58 11893328
aoULAV 8e7 2 26 - 8.08 489.12 11893324
aoD2AG 8e7 2 26 - 14.67 692.25 17487756
aoD2SG 8e7 2 26 - 15.86 822.67 18124180
dry 2e4 2 235 - 0.02 0.13 26828
aoDLAV 2e4 2 235 - 0.03 0.19 30808
aoULAV 2e4 2 235 - 0.03 0.19 30808
aoD2AG 2e4 2 235 - 0.03 0.21 32284
aoD2SG 2e4 2 235 - 0.03 0.22 32288
moore 2e4 2 235 - 3.46 7363.66 11765556
nbpm 2e4 2 235 - 29.12 2708.98 31402196
greedy 2e4 2 235 - 24.72 1280.12 43771040
dry 2e4 10 92 - 0.04 0.12 30588
aoDLAV 2e4 10 92 - 0.04 1.63 34836
aoULAV 2e4 10 92 - 0.03 1.64 34852
aoD2AG 2e4 10 92 - 0.04 1.65 36076
aoD2SG 2e4 10 92 - 0.05 1.83 36076
moore 2e4 10 92 - 3.28 6797.48 11770836
nbpm 2e4 10 92 - 29.32 6180.24 30880064
greedy 2e4 10 92 - 24.55 1278.43 43775824
dry 2e4 2 220 - 0.03 0.11 26828
aoDLAV 2e4 2 220 - 0.03 0.18 30812
aoULAV 2e4 2 220 - 0.03 0.19 30808
aoD2AG 2e4 2 220 - 0.03 0.20 32284
aoD2SG 2e4 2 220 - 0.03 0.21 32300
