dry 56e3 2 9 - 0.03 0.11 29828
aoDLAV 56e3 2 9 - 0.04 0.26 33480
aoULAV 56e3 2 9 - 0.03 0.23 34696
aoD2AG 56e3 2 9 - 0.04 0.30 37284
aoD2SG 56e3 2 9 - 0.04 0.30 37300
dry 5e4 5 14 - 0.03 0.13 31116
aoDLAV 5e4 5 14 - 0.04 0.44 34704
aoULAV 5e4 5 14 - 0.04 0.53 34704
aoD2AG 5e4 5 14 - 0.05 0.62 37724
aoD2SG 5e4 5 14 - 0.05 0.56 37932
dry 1e6 10 8 - 0.07 0.29 112236
aoDLAV 1e6 10 8 - 0.18 318.76 369892
aoULAV 1e6 10 8 - 0.31 349.22 369884
aoD2AG 1e6 10 8 - 0.41 363.26 447324
aoD2SG 1e6 10 8 - 0.41 436.26 457184
dry 1e1 2 41 - 0.02 0.11 25992
aoDLAV 1e1 2 41 - 0.03 0.14 30160
aoULAV 1e1 2 41 - 0.02 0.14 30172
aoD2AG 1e1 2 41 - 0.02 0.14 30316
aoD2SG 1e1 2 41 - 0.03 0.14 30328
moore 1e1 2 41 - 0.03 0.17 30484
nbpm 1e1 2 41 - 0.08 2.14 49824
greedy 1e1 2 41 - 0.03 0.14 30128
dry 5e4 2 218 - 0.03 0.12 29432
aoDLAV 5e4 2 218 - 0.02 0.27 33008
aoULAV 5e4 2 218 - 0.03 0.26 33312
aoD2AG 5e4 2 218 - 0.03 0.33 36412
aoD2SG 5e4 2 218 - 0.03 0.35 36420
dry 1e1 2 204 - 0.02 0.12 25996
aoDLAV 1e1 2 204 - 0.03 0.15 30160
aoULAV 1e1 2 204 - 0.03 0.14 30172
aoD2AG 1e1 2 204 - 0.02 0.15 30316
aoD2SG 1e1 2 204 - 0.03 0.14 30312
moore 1e1 2 204 - 0.02 0.18 30476
nbpm 1e1 2 204 - 0.07 2.11 49816
greedy 1e1 2 204 - 0.02 0.14 30128
dry 5e4 10 106 - 0.03 0.13 33888
aoDLAV 5e4 10 106 - 0.04 7.51 40204
aoULAV 5e4 10 106 - 0.04 7.46 40200
aoD2AG 5e4 10 106 - 0.05 7.50 44980
aoD2SG 5e4 10 106 - 0.04 8.40 45000
dry 400e2 2 48 - 0.03 0.12 27616
aoDLAV 400e2 2 48 - 0.03 0.25 32240
aoULAV 400e2 2 48 - 0.03 0.25 33112
aoD2AG 400e2 2 48 - 0.04 0.28 36072
aoD2SG 400e2 2 48 - 0.03 0.30 35928
dry 1e3 10 149 - 0.02 0.12 27952
aoDLAV 1e3 10 149 - 0.03 0.16 30656
aoULAV 1e3 10 149 - 0.03 0.16 30668
aoD2AG 1e3 10 149 - 0.03 0.17 31072
aoD2SG 1e3 10 149 - 0.03 0.17 31092
moore 1e3 10 149 - 0.05 4.07 59840
nbpm 1e3 10 149 - 0.12 4.86 136140
greedy 1e3 10 149 - 0.08 1.07 139616
dry 1e5 10 183 - 0.03 0.18 38396
aoDLAV 1e5 10 183 - 0.05 20.65 53536
aoULAV 1e5 10 183 - 0.06 20.82 55308
aoD2AG 1e5 10 183 - 0.05 20.65 63016
aoD2SG 1e5 10 183 - 0.06 23.44 66832
dry 375e2 2 214 - 0.02 0.12 27520
aoDLAV 375e2 2 214 - 0.02 0.23 31788
aoULAV 375e2 2 214 - 0.03 0.23 32608
aoD2AG 375e2 2 214 - 0.02 0.27 35520
aoD2SG 375e2 2 214 - 0.03 0.28 35528
dry 1e3 5 34 - 0.02 0.12 26056
aoDLAV 1e3 5 34 - 0.02 0.15 30424
aoULAV 1e3 5 34 - 0.02 0.15 30436
aoD2AG 1e3 5 34 - 0.02 0.15 30752
aoD2SG 1e3 5 34 - 0.03 0.14 30768
moore 1e3 5 34 - 0.05 6.54 59804
nbpm 1e3 5 34 - 0.14 4.34 129244
greedy 1e3 5 34 - 0.07 1.01 139388
dry 300e2 2 186 - 0.02 0.12 27216
aoDLAV 300e2 2 186 - 0.03 0.20 31296
aoULAV 300e2 2 186 - 0.02 0.21 31892
aoD2AG 300e2 2 186 - 0.03 0.23 35060
aoD2SG 300e2 2 186 - 0.03 0.25 34716
dry 5e4 10 3 - 0.04 0.12 33888
aoDLAV 5e4 10 3 - 0.04 7.18 40200
aoULAV 5e4 10 3 - 0.03 7.22 40204
aoD2AG 5e4 10 3 - 0.04 7.28 44980
aoD2SG 5e4 10 3 - 0.05 8.10 44996
dry 1e3 2 91 - 0.03 0.11 26020
aoDLAV 1e3 2 91 - 0.03 0.14 30280
aoULAV 1e3 2 91 - 0.03 0.14 30292
aoD2AG 1e3 2 91 - 0.03 0.14 30532
aoD2SG 1e3 2 91 - 0.03 0.14 30552
moore 1e3 2 91 - 0.04 2.69 59804
nbpm 1e3 2 91 - 0.11 4.01 138564
greedy 1e3 2 91 - 0.09 0.99 139244
dry 56e3 2 101 - 0.02 0.13 28240
aoDLAV 56e3 2 101 - 0.03 0.28 33476
aoULAV 56e3 2 101 - 0.03 0.29 34696
aoD2AG 56e3 2 101 - 0.03 0.35 37280
aoD2SG 56e3 2 101 - 0.04 0.36 37336
dry 56e4 2 136 - 0.04 0.18 41104
aoDLAV 56e4 2 136 - 0.07 2.14 107984
aoULAV 56e4 2 136 - 0.07 2.23 107984
aoD2AG 56e4 2 136 - 0.11 3.18 138936
aoD2SG 56e4 2 136 - 0.13 3.49 144604
dry 18e4 2 181 - 0.03 0.14 33104
aoDLAV 18e4 2 181 - 0.05 0.79 47860
aoULAV 18e4 2 181 - 0.05 0.79 47860
aoD2AG 18e4 2 181 - 0.06 1.03 58648
aoD2SG 18e4 2 181 - 0.05 1.16 59820
dry 1e6 10 103 - 0.08 0.43 112232
aoDLAV 1e6 10 103 - 0.19 400.60 369992
aoULAV 1e6 10 103 - 0.32 363.21 369888
aoD2AG 1e6 10 103 - 0.42 360.13 448268
aoD2SG 1e6 10 103 - 0.40 419.59 456996
dry 375e2 2 152 - 0.02 0.12 27520
aoDLAV 375e2 2 152 - 0.03 0.23 31784
aoULAV 375e2 2 152 - 0.04 0.22 32608
aoD2AG 375e2 2 152 - 0.03 0.27 35516
aoD2SG 375e2 2 152 - 0.04 0.27 35528
dry 1e6 5 187 - 0.06 0.26 73156
aoDLAV 1e6 5 187 - 0.15 18.88 252688
aoULAV 1e6 5 187 - 0.15 19.12 252692
aoD2AG 1e6 5 187 - 0.21 21.25 323780
aoD2SG 1e6 5 187 - 0.21 24.52 333384
dry 400e2 2 160 - 0.03 0.12 29060
aoDLAV 400e2 2 160 - 0.03 0.23 32236
aoULAV 400e2 2 160 - 0.03 0.24 33112
aoD2AG 400e2 2 160 - 0.04 0.28 36072
aoD2SG 400e2 2 160 - 0.03 0.30 35928
dry 5e4 2 28 - 0.01 0.13 31116
aoDLAV 5e4 2 28 - 0.02 0.28 33012
aoULAV 5e4 2 28 - 0.03 0.28 33312
aoD2AG 5e4 2 28 - 0.04 0.33 36408
aoD2SG 5e4 2 28 - 0.04 0.35 36424
dry 5e4 10 71 - 0.03 0.14 33892
aoDLAV 5e4 10 71 - 0.04 7.96 40204
aoULAV 5e4 10 71 - 0.04 7.63 40200
aoD2AG 5e4 10 71 - 0.05 7.89 45008
aoD2SG 5e4 10 71 - 0.04 9.10 44996
dry 225e2 2 29 - 0.03 0.11 30576
aoDLAV 225e2 2 29 - 0.02 0.20 30984
aoULAV 225e2 2 29 - 0.03 0.19 30992
aoD2AG 225e2 2 29 - 0.03 0.22 33372
aoD2SG 225e2 2 29 - 0.03 0.23 33464
dry 5e4 10 107 - 0.03 0.14 33892
aoDLAV 5e4 10 107 - 0.04 8.08 40200
aoULAV 5e4 10 107 - 0.04 7.82 40200
aoD2AG 5e4 10 107 - 0.03 7.96 44984
aoD2SG 5e4 10 107 - 0.05 9.04 44996
dry 1e3 2 206 - 0.02 0.12 26020
aoDLAV 1e3 2 206 - 0.03 0.14 30280
aoULAV 1e3 2 206 - 0.02 0.15 30296
aoD2AG 1e3 2 206 - 0.03 0.14 30540
aoD2SG 1e3 2 206 - 0.03 0.14 30548
moore 1e3 2 206 - 0.05 4.96 59768
nbpm 1e3 2 206 - 0.13 4.24 138556
greedy 1e3 2 206 - 0.08 1.04 139244
dry 325e2 2 115 - 0.02 0.12 27320
aoDLAV 325e2 2 115 - 0.03 0.22 31372
aoULAV 325e2 2 115 - 0.03 0.22 32084
aoD2AG 325e2 2 115 - 0.03 0.26 35004
aoD2SG 325e2 2 115 - 0.04 0.26 34760
dry 1e3 10 81 - 0.03 0.11 26136
aoDLAV 1e3 10 81 - 0.03 0.16 30656
aoULAV 1e3 10 81 - 0.03 0.16 30668
aoD2AG 1e3 10 81 - 0.02 0.17 31052
aoD2SG 1e3 10 81 - 0.03 0.17 31076
moore 1e3 10 81 - 0.05 1.92 59868
nbpm 1e3 10 81 - 0.12 4.88 136144
greedy 1e3 10 81 - 0.10 1.04 139616
dry 400e2 2 144 - 0.02 0.13 27616
aoDLAV 400e2 2 144 - 0.03 0.25 32240
aoULAV 400e2 2 144 - 0.03 0.25 33112
aoD2AG 400e2 2 144 - 0.03 0.29 36068
aoD2SG 400e2 2 144 - 0.03 0.31 35928
dry 32e3 2 71 - 0.03 0.12 30764
aoDLAV 32e3 2 71 - 0.02 0.23 31440
aoULAV 32e3 2 71 - 0.02 0.23 32148
aoD2AG 32e3 2 71 - 0.02 0.26 35020
aoD2SG 32e3 2 71 - 0.03 0.26 34788
dry 18e4 2 139 - 0.03 0.13 33312
aoDLAV 18e4 2 139 - 0.04 0.76 47860
aoULAV 18e4 2 139 - 0.05 0.79 47860
aoD2AG 18e4 2 139 - 0.05 1.03 59148
aoD2SG 18e4 2 139 - 0.05 1.12 59820
dry 5e4 2 140 - 0.02 0.12 28000
aoDLAV 5e4 2 140 - 0.03 0.27 33008
aoULAV 5e4 2 140 - 0.03 0.28 33316
aoD2AG 5e4 2 140 - 0.04 0.33 36408
aoD2SG 5e4 2 140 - 0.03 0.36 36428
dry 1e6 2 148 - 0.04 0.19 49704
aoDLAV 1e6 2 148 - 0.11 3.76 178456
aoULAV 1e6 2 148 - 0.12 3.93 178456
aoD2AG 1e6 2 148 - 0.17 5.67 235996
aoD2SG 1e6 2 148 - 0.21 6.38 240884
dry 275e2 2 191 - 0.02 0.12 27120
aoDLAV 275e2 2 191 - 0.03 0.21 31240
aoULAV 275e2 2 191 - 0.03 0.21 31572
aoD2AG 275e2 2 191 - 0.03 0.23 34696
aoD2SG 275e2 2 191 - 0.03 0.25 34812
dry 375e2 2 202 - 0.02 0.12 27516
aoDLAV 375e2 2 202 - 0.02 0.24 31784
aoULAV 375e2 2 202 - 0.02 0.24 32612
aoD2AG 375e2 2 202 - 0.04 0.26 35512
aoD2SG 375e2 2 202 - 0.03 0.29 35528
dry 325e2 2 101 - 0.02 0.12 27316
aoDLAV 325e2 2 101 - 0.02 0.22 31372
aoULAV 325e2 2 101 - 0.03 0.22 32084
aoD2AG 325e2 2 101 - 0.03 0.25 35000
aoD2SG 325e2 2 101 - 0.03 0.26 34764
dry 1e6 10 22 - 0.08 0.40 112236
aoDLAV 1e6 10 22 - 0.19 365.18 369888
aoULAV 1e6 10 22 - 0.28 381.29 369888
aoD2AG 1e6 10 22 - 0.41 374.99 447268
aoD2SG 1e6 10 22 - 0.41 450.70 457536
dry 1e2 10 168 - 0.03 0.11 27952
aoDLAV 1e2 10 168 - 0.02 0.15 30260
aoULAV 1e2 10 168 - 0.02 0.14 30272
aoD2AG 1e2 10 168 - 0.03 0.14 30432
aoD2SG 1e2 10 168 - 0.02 0.15 30444
moore 1e2 10 168 - 0.02 0.23 30496
nbpm 1e2 10 168 - 0.06 2.18 53076
greedy 1e2 10 168 - 0.03 0.14 30972
dry 1e6 5 144 - 0.05 0.27 73152
aoDLAV 1e6 5 144 - 0.13 19.68 252688
aoULAV 1e6 5 144 - 0.16 18.74 252688
aoD2AG 1e6 5 144 - 0.22 21.08 324156
aoD2SG 1e6 5 144 - 0.21 24.77 332056
dry 1e3 2 192 - 0.02 0.12 26024
aoDLAV 1e3 2 192 - 0.02 0.15 30280
aoULAV 1e3 2 192 - 0.02 0.15 30296
aoD2AG 1e3 2 192 - 0.03 0.15 30536
aoD2SG 1e3 2 192 - 0.03 0.15 30552
moore 1e3 2 192 - 0.04 1.83 59800
nbpm 1e3 2 192 - 0.13 4.06 138556
greedy 1e3 2 192 - 0.08 1.06 139244
dry 1e1 2 120 - 0.02 0.12 25992
aoDLAV 1e1 2 120 - 0.03 0.14 30160
aoULAV 1e1 2 120 - 0.03 0.14 30176
aoD2AG 1e1 2 120 - 0.03 0.14 30316
aoD2SG 1e1 2 120 - 0.03 0.14 30316
moore 1e1 2 120 - 0.03 0.18 30476
nbpm 1e1 2 120 - 0.08 2.17 49812
greedy 1e1 2 120 - 0.02 0.15 30124
dry 32e3 2 76 - 0.02 0.12 27296
aoDLAV 32e3 2 76 - 0.02 0.23 31436
aoULAV 32e3 2 76 - 0.03 0.22 32148
aoD2AG 32e3 2 76 - 0.02 0.26 35028
aoD2SG 32e3 2 76 - 0.03 0.26 34788
dry 18e1 2 172 - 0.03 0.11 26008
aoDLAV 18e1 2 172 - 0.03 0.14 30188
aoULAV 18e1 2 172 - 0.03 0.14 30200
aoD2AG 18e1 2 172 - 0.02 0.15 30356
aoD2SG 18e1 2 172 - 0.02 0.15 30364
moore 18e1 2 172 - 0.02 0.28 30496
nbpm 18e1 2 172 - 0.08 2.17 54448
greedy 18e1 2 172 - 0.02 0.16 33348
dry 1e1 2 194 - 0.02 0.12 25992
aoDLAV 1e1 2 194 - 0.03 0.14 30160
aoULAV 1e1 2 194 - 0.02 0.15 30176
aoD2AG 1e1 2 194 - 0.03 0.14 30324
aoD2SG 1e1 2 194 - 0.03 0.14 30328
moore 1e1 2 194 - 0.03 0.17 30480
nbpm 1e1 2 194 - 0.09 2.18 49816
greedy 1e1 2 194 - 0.03 0.14 30124
dry 32e3 2 160 - 0.03 0.12 27296
aoDLAV 32e3 2 160 - 0.02 0.23 31436
aoULAV 32e3 2 160 - 0.03 0.22 32148
aoD2AG 32e3 2 160 - 0.02 0.26 35020
aoD2SG 32e3 2 160 - 0.03 0.26 34788
dry 1e3 2 222 - 0.02 0.12 26020
aoDLAV 1e3 2 222 - 0.03 0.14 30280
aoULAV 1e3 2 222 - 0.03 0.14 30292
aoD2AG 1e3 2 222 - 0.02 0.15 30540
aoD2SG 1e3 2 222 - 0.02 0.15 30560
moore 1e3 2 222 - 0.04 6.84 59776
nbpm 1e3 2 222 - 0.12 4.12 138560
greedy 1e3 2 222 - 0.08 1.06 139248
dry 1e1 2 144 - 0.03 0.11 25996
aoDLAV 1e1 2 144 - 0.02 0.15 30160
aoULAV 1e1 2 144 - 0.02 0.15 30176
aoD2AG 1e1 2 144 - 0.02 0.15 30316
aoD2SG 1e1 2 144 - 0.02 0.15 30328
moore 1e1 2 144 - 0.02 0.19 30488
nbpm 1e1 2 144 - 0.08 2.16 49824
greedy 1e1 2 144 - 0.02 0.15 30124
dry 1e5 5 96 - 0.03 0.14 34480
aoDLAV 1e5 5 96 - 0.04 1.66 41816
aoULAV 1e5 5 96 - 0.04 1.66 43568
aoD2AG 1e5 5 96 - 0.04 1.81 53564
aoD2SG 1e5 5 96 - 0.04 2.03 53200
dry 56e3 2 86 - 0.03 0.11 31236
aoDLAV 56e3 2 86 - 0.03 0.29 33476
aoULAV 56e3 2 86 - 0.03 0.30 34696
aoD2AG 56e3 2 86 - 0.04 0.36 37284
aoD2SG 56e3 2 86 - 0.04 0.38 37300
dry 325e2 2 81 - 0.02 0.12 29184
aoDLAV 325e2 2 81 - 0.02 0.23 31376
aoULAV 325e2 2 81 - 0.03 0.22 32088
aoD2AG 325e2 2 81 - 0.03 0.25 35000
aoD2SG 325e2 2 81 - 0.04 0.27 34760
dry 225e2 2 28 - 0.02 0.12 26920
aoDLAV 225e2 2 28 - 0.03 0.20 30980
aoULAV 225e2 2 28 - 0.02 0.21 30996
aoD2AG 225e2 2 28 - 0.03 0.21 33368
aoD2SG 225e2 2 28 - 0.04 0.21 33468
dry 350e2 2 138 - 0.02 0.12 27420
aoDLAV 350e2 2 138 - 0.02 0.23 31480
aoULAV 350e2 2 138 - 0.02 0.23 32260
aoD2AG 350e2 2 138 - 0.03 0.26 34848
aoD2SG 350e2 2 138 - 0.03 0.27 35132
dry 18e4 2 249 - 0.03 0.13 33104
aoDLAV 18e4 2 249 - 0.04 0.76 47864
aoULAV 18e4 2 249 - 0.04 0.82 47860
aoD2AG 18e4 2 249 - 0.05 1.00 58688
aoD2SG 18e4 2 249 - 0.05 1.11 59808
dry 56e3 2 30 - 0.03 0.11 28240
aoDLAV 56e3 2 30 - 0.03 0.29 33476
aoULAV 56e3 2 30 - 0.04 0.29 34700
aoD2AG 56e3 2 30 - 0.03 0.37 37284
aoD2SG 56e3 2 30 - 0.03 0.38 37300
dry 56e1 2 77 - 0.03 0.11 26008
aoDLAV 56e1 2 77 - 0.03 0.13 30220
aoULAV 56e1 2 77 - 0.03 0.14 30232
aoD2AG 56e1 2 77 - 0.02 0.14 30420
aoD2SG 56e1 2 77 - 0.02 0.15 30424
moore 56e1 2 77 - 0.03 2.03 39652
nbpm 56e1 2 77 - 0.10 2.98 78708
greedy 56e1 2 77 - 0.05 0.38 64104
dry 1e2 2 45 - 0.02 0.12 25996
aoDLAV 1e2 2 45 - 0.03 0.14 30168
aoULAV 1e2 2 45 - 0.03 0.13 30180
aoD2AG 1e2 2 45 - 0.03 0.14 30340
aoD2SG 1e2 2 45 - 0.03 0.14 30344
moore 1e2 2 45 - 0.03 0.26 30480
nbpm 1e2 2 45 - 0.08 2.17 53000
greedy 1e2 2 45 - 0.03 0.14 30880
dry 1e2 2 153 - 0.02 0.12 25992
aoDLAV 1e2 2 153 - 0.02 0.14 30168
aoULAV 1e2 2 153 - 0.03 0.13 30188
aoD2AG 1e2 2 153 - 0.03 0.14 30328
aoD2SG 1e2 2 153 - 0.03 0.14 30340
moore 1e2 2 153 - 0.03 0.25 30480
nbpm 1e2 2 153 - 0.06 2.16 53000
greedy 1e2 2 153 - 0.02 0.15 30880
dry 1e3 2 5 - 0.02 0.12 26020
aoDLAV 1e3 2 5 - 0.02 0.14 30280
aoULAV 1e3 2 5 - 0.03 0.14 30292
aoD2AG 1e3 2 5 - 0.02 0.15 30536
aoD2SG 1e3 2 5 - 0.02 0.14 30560
moore 1e3 2 5 - 0.04 2.62 59808
nbpm 1e3 2 5 - 0.13 4.12 138560
greedy 1e3 2 5 - 0.07 1.06 139244
dry 1e1 2 195 - 0.02 0.12 25996
aoDLAV 1e1 2 195 - 0.02 0.14 30160
aoULAV 1e1 2 195 - 0.03 0.14 30176
aoD2AG 1e1 2 195 - 0.03 0.14 30320
aoD2SG 1e1 2 195 - 0.03 0.14 30328
moore 1e1 2 195 - 0.03 0.18 30484
nbpm 1e1 2 195 - 0.07 2.16 49824
greedy 1e1 2 195 - 0.02 0.14 30124
dry 1e2 10 51 - 0.02 0.12 26008
aoDLAV 1e2 10 51 - 0.03 0.14 30264
aoULAV 1e2 10 51 - 0.03 0.14 30324
aoD2AG 1e2 10 51 - 0.03 0.14 30440
aoD2SG 1e2 10 51 - 0.03 0.14 30448
moore 1e2 10 51 - 0.03 0.22 30496
nbpm 1e2 10 51 - 0.07 2.17 53076
greedy 1e2 10 51 - 0.02 0.15 30972
dry 1e2 2 237 - 0.02 0.12 25992
aoDLAV 1e2 2 237 - 0.03 0.14 30168
aoULAV 1e2 2 237 - 0.03 0.14 30180
aoD2AG 1e2 2 237 - 0.02 0.14 30328
aoD2SG 1e2 2 237 - 0.02 0.15 30344
moore 1e2 2 237 - 0.03 0.21 30488
nbpm 1e2 2 237 - 0.07 2.16 53008
greedy 1e2 2 237 - 0.03 0.14 30884
dry 1e3 10 247 - 0.03 0.11 26136
aoDLAV 1e3 10 247 - 0.03 0.15 30652
aoULAV 1e3 10 247 - 0.02 0.17 30664
aoD2AG 1e3 10 247 - 0.02 0.17 31056
aoD2SG 1e3 10 247 - 0.03 0.16 31084
moore 1e3 10 247 - 0.05 5.04 59864
nbpm 1e3 10 247 - 0.18 4.76 136140
greedy 1e3 10 247 - 0.09 1.06 139620
dry 375e2 2 106 - 0.02 0.12 27516
aoDLAV 375e2 2 106 - 0.03 0.23 31784
aoULAV 375e2 2 106 - 0.03 0.25 32604
aoD2AG 375e2 2 106 - 0.03 0.28 35516
aoD2SG 375e2 2 106 - 0.03 0.31 35532
dry 5e4 10 193 - 0.03 0.14 33888
aoDLAV 5e4 10 193 - 0.04 8.18 40200
aoULAV 5e4 10 193 - 0.04 8.37 40200
aoD2AG 5e4 10 193 - 0.04 8.07 44980
aoD2SG 5e4 10 193 - 0.10 9.18 44996
dry 5e4 5 209 - 0.02 0.14 31856
aoDLAV 5e4 5 209 - 0.03 0.75 34704
aoULAV 5e4 5 209 - 0.03 0.75 34704
aoD2AG 5e4 5 209 - 0.04 0.82 37724
aoD2SG 5e4 5 209 - 0.03 0.85 37932
dry 56e4 2 10 - 0.03 0.19 41104
aoDLAV 56e4 2 10 - 0.07 2.16 107984
aoULAV 56e4 2 10 - 0.09 2.19 107984
aoD2AG 56e4 2 10 - 0.13 2.92 139024
aoD2SG 56e4 2 10 - 0.14 3.47 144536
dry 5e4 10 112 - 0.03 0.13 33888
aoDLAV 5e4 10 112 - 0.04 7.85 40200
aoULAV 5e4 10 112 - 0.08 7.66 40200
aoD2AG 5e4 10 112 - 0.05 8.07 44980
aoD2SG 5e4 10 112 - 0.05 8.84 45000
dry 56e4 2 61 - 0.04 0.18 41104
aoDLAV 56e4 2 61 - 0.07 1.93 107988
aoULAV 56e4 2 61 - 0.08 2.01 107984
aoD2AG 56e4 2 61 - 0.11 2.82 140436
aoD2SG 56e4 2 61 - 0.15 3.69 143956
dry 1e2 5 131 - 0.02 0.12 25996
aoDLAV 1e2 5 131 - 0.02 0.15 30212
aoULAV 1e2 5 131 - 0.03 0.14 30224
aoD2AG 1e2 5 131 - 0.03 0.14 30384
aoD2SG 1e2 5 131 - 0.04 0.14 30388
moore 1e2 5 131 - 0.03 0.22 30496
nbpm 1e2 5 131 - 0.07 2.18 53016
greedy 1e2 5 131 - 0.02 0.15 30920
dry 1e2 10 37 - 0.02 0.12 26008
aoDLAV 1e2 10 37 - 0.03 0.14 30260
aoULAV 1e2 10 37 - 0.04 0.13 30276
aoD2AG 1e2 10 37 - 0.03 0.14 30444
aoD2SG 1e2 10 37 - 0.02 0.15 30448
moore 1e2 10 37 - 0.03 0.21 30496
nbpm 1e2 10 37 - 0.09 2.18 53076
greedy 1e2 10 37 - 0.03 0.14 30972
dry 350e2 2 151 - 0.02 0.13 30828
aoDLAV 350e2 2 151 - 0.03 0.23 31480
aoULAV 350e2 2 151 - 0.02 0.25 32260
aoD2AG 350e2 2 151 - 0.03 0.27 34856
aoD2SG 350e2 2 151 - 0.03 0.26 35136
dry 1e3 2 57 - 0.02 0.12 26020
aoDLAV 1e3 2 57 - 0.03 0.14 30284
aoULAV 1e3 2 57 - 0.03 0.13 30292
aoD2AG 1e3 2 57 - 0.03 0.15 30544
aoD2SG 1e3 2 57 - 0.03 0.13 30560
moore 1e3 2 57 - 0.05 5.61 59776
nbpm 1e3 2 57 - 0.14 4.48 138560
greedy 1e3 2 57 - 0.08 1.09 139248
dry 1e5 5 109 - 0.03 0.14 34480
aoDLAV 1e5 5 109 - 0.04 1.90 41816
aoULAV 1e5 5 109 - 0.05 1.41 43568
aoD2AG 1e5 5 109 - 0.05 1.55 53564
aoD2SG 1e5 5 109 - 0.05 1.73 53200
dry 1e3 5 207 - 0.02 0.12 26056
aoDLAV 1e3 5 207 - 0.02 0.15 30424
aoULAV 1e3 5 207 - 0.04 0.13 30436
aoD2AG 1e3 5 207 - 0.03 0.14 30744
aoD2SG 1e3 5 207 - 0.03 0.14 30776
moore 1e3 5 207 - 0.04 2.70 59896
nbpm 1e3 5 207 - 0.10 4.53 129244
greedy 1e3 5 207 - 0.08 1.07 139392
dry 1e2 10 138 - 0.03 0.11 26008
aoDLAV 1e2 10 138 - 0.03 0.14 30260
aoULAV 1e2 10 138 - 0.02 0.15 30272
aoD2AG 1e2 10 138 - 0.03 0.14 30440
aoD2SG 1e2 10 138 - 0.02 0.15 30444
moore 1e2 10 138 - 0.03 0.20 30500
nbpm 1e2 10 138 - 0.08 2.19 53080
greedy 1e2 10 138 - 0.03 0.14 30972
dry 1e2 10 221 - 0.02 0.12 26004
aoDLAV 1e2 10 221 - 0.03 0.14 30264
aoULAV 1e2 10 221 - 0.03 0.14 30272
aoD2AG 1e2 10 221 - 0.02 0.15 30440
aoD2SG 1e2 10 221 - 0.03 0.14 30448
moore 1e2 10 221 - 0.02 0.21 30496
nbpm 1e2 10 221 - 0.09 2.18 53076
greedy 1e2 10 221 - 0.03 0.14 30972
dry 1e6 10 86 - 0.08 0.40 112232
aoDLAV 1e6 10 86 - 0.19 545.83 369888
aoULAV 1e6 10 86 - 0.30 355.43 369884
aoD2AG 1e6 10 86 - 0.40 368.20 447808
aoD2SG 1e6 10 86 - 0.41 583.80 456676
dry 56e1 2 188 - 0.03 0.11 26008
aoDLAV 56e1 2 188 - 0.03 0.15 30220
aoULAV 56e1 2 188 - 0.03 0.14 30236
aoD2AG 56e1 2 188 - 0.02 0.15 30416
aoD2SG 56e1 2 188 - 0.03 0.14 30424
moore 56e1 2 188 - 0.03 1.50 39652
nbpm 56e1 2 188 - 0.11 3.01 78708
greedy 56e1 2 188 - 0.04 0.40 64104
dry 325e2 2 205 - 0.03 0.12 30776
aoDLAV 325e2 2 205 - 0.03 0.23 31372
aoULAV 325e2 2 205 - 0.03 0.23 32084
aoD2AG 325e2 2 205 - 0.03 0.25 35000
aoD2SG 325e2 2 205 - 0.03 0.27 34764
dry 1e5 10 88 - 0.04 0.18 38396
aoDLAV 1e5 10 88 - 0.05 23.23 53536
aoULAV 1e5 10 88 - 0.06 23.19 55308
aoD2AG 1e5 10 88 - 0.05 23.40 62776
aoD2SG 1e5 10 88 - 0.07 26.62 66936
dry 1e3 5 93 - 0.02 0.12 26056
aoDLAV 1e3 5 93 - 0.03 0.15 30424
aoULAV 1e3 5 93 - 0.02 0.15 30436
aoD2AG 1e3 5 93 - 0.02 0.15 30752
aoD2SG 1e3 5 93 - 0.03 0.14 30776
moore 1e3 5 93 - 0.04 4.53 59836
nbpm 1e3 5 93 - 0.13 4.48 129244
greedy 1e3 5 93 - 0.08 1.05 139388
dry 275e2 2 158 - 0.03 0.11 27124
aoDLAV 275e2 2 158 - 0.03 0.21 31240
aoULAV 275e2 2 158 - 0.03 0.21 31572
aoD2AG 275e2 2 158 - 0.03 0.23 34696
aoD2SG 275e2 2 158 - 0.02 0.25 34816
dry 1e2 10 173 - 0.03 0.11 26004
aoDLAV 1e2 10 173 - 0.03 0.14 30260
aoULAV 1e2 10 173 - 0.02 0.15 30276
aoD2AG 1e2 10 173 - 0.03 0.14 30444
aoD2SG 1e2 10 173 - 0.02 0.15 30448
moore 1e2 10 173 - 0.03 0.21 30556
nbpm 1e2 10 173 - 0.06 2.20 53076
greedy 1e2 10 173 - 0.03 0.14 30976
dry 1e2 5 7 - 0.03 0.11 25996
aoDLAV 1e2 5 7 - 0.03 0.14 30212
aoULAV 1e2 5 7 - 0.03 0.14 30224
aoD2AG 1e2 5 7 - 0.04 0.14 30384
aoD2SG 1e2 5 7 - 0.03 0.14 30388
moore 1e2 5 7 - 0.04 0.19 30496
nbpm 1e2 5 7 - 0.08 2.18 53016
greedy 1e2 5 7 - 0.02 0.15 30920
dry 5e4 10 88 - 0.03 0.14 33888
aoDLAV 5e4 10 88 - 0.04 8.05 40200
aoULAV 5e4 10 88 - 0.03 8.17 40204
aoD2AG 5e4 10 88 - 0.05 8.44 44980
aoD2SG 5e4 10 88 - 0.04 9.36 44996
dry 1e6 5 111 - 0.05 0.28 73152
aoDLAV 1e6 5 111 - 0.16 20.19 252688
aoULAV 1e6 5 111 - 0.15 18.21 252688
aoD2AG 1e6 5 111 - 0.28 19.88 324360
aoD2SG 1e6 5 111 - 0.21 23.30 331812
dry 300e2 2 94 - 0.03 0.11 30724
aoDLAV 300e2 2 94 - 0.03 0.21 31300
aoULAV 300e2 2 94 - 0.03 0.21 31892
aoD2AG 300e2 2 94 - 0.03 0.24 35092
aoD2SG 300e2 2 94 - 0.03 0.25 34720
dry 1e3 2 24 - 0.02 0.11 26020
aoDLAV 1e3 2 24 - 0.02 0.15 30280
aoULAV 1e3 2 24 - 0.02 0.15 30292
aoD2AG 1e3 2 24 - 0.03 0.15 30544
aoD2SG 1e3 2 24 - 0.04 0.14 30560
moore 1e3 2 24 - 0.05 6.98 59780
nbpm 1e3 2 24 - 0.13 4.13 138560
greedy 1e3 2 24 - 0.08 1.06 139244
dry 1e5 2 90 - 0.02 0.14 30952
aoDLAV 1e5 2 90 - 0.03 0.45 34804
aoULAV 1e5 2 90 - 0.02 0.47 35320
aoD2AG 1e5 2 90 - 0.05 0.58 42600
aoD2SG 1e5 2 90 - 0.04 0.66 43804
dry 18e4 2 8 - 0.03 0.14 33104
aoDLAV 18e4 2 8 - 0.04 0.79 47860
aoULAV 18e4 2 8 - 0.04 0.81 47860
aoD2AG 18e4 2 8 - 0.06 1.02 58640
aoD2SG 18e4 2 8 - 0.05 1.11 59984
dry 1e5 2 214 - 0.04 0.12 31176
aoDLAV 1e5 2 214 - 0.04 0.45 34800
aoULAV 1e5 2 214 - 0.03 0.46 35320
aoD2AG 1e5 2 214 - 0.04 0.58 42604
aoD2SG 1e5 2 214 - 0.03 0.66 43992
dry 1e5 2 250 - 0.03 0.13 32124
aoDLAV 1e5 2 250 - 0.04 0.45 34800
aoULAV 1e5 2 250 - 0.03 0.46 35320
aoD2AG 1e5 2 250 - 0.03 0.59 42600
aoD2SG 1e5 2 250 - 0.04 0.65 43800
dry 1e2 2 85 - 0.02 0.12 25992
aoDLAV 1e2 2 85 - 0.03 0.14 30168
aoULAV 1e2 2 85 - 0.02 0.15 30180
aoD2AG 1e2 2 85 - 0.02 0.15 30340
aoD2SG 1e2 2 85 - 0.03 0.14 30344
moore 1e2 2 85 - 0.03 0.20 30484
nbpm 1e2 2 85 - 0.08 2.18 52996
greedy 1e2 2 85 - 0.02 0.15 30880
dry 300e2 2 190 - 0.02 0.12 27216
aoDLAV 300e2 2 190 - 0.03 0.22 31300
aoULAV 300e2 2 190 - 0.02 0.23 31892
aoD2AG 300e2 2 190 - 0.03 0.24 35060
aoD2SG 300e2 2 190 - 0.03 0.26 34716
dry 350e2 2 55 - 0.02 0.12 27420
aoDLAV 350e2 2 55 - 0.03 0.23 31484
aoULAV 350e2 2 55 - 0.03 0.23 32260
aoD2AG 350e2 2 55 - 0.04 0.26 34848
aoD2SG 350e2 2 55 - 0.04 0.27 35132
dry 250e2 2 198 - 0.03 0.12 30624
aoDLAV 250e2 2 198 - 0.04 0.20 31108
aoULAV 250e2 2 198 - 0.03 0.20 31216
aoD2AG 250e2 2 198 - 0.03 0.23 33860
aoD2SG 250e2 2 198 - 0.03 0.23 33964
dry 1e6 2 112 - 0.03 0.21 49704
aoDLAV 1e6 2 112 - 0.10 3.86 178456
aoULAV 1e6 2 112 - 0.12 4.06 178456
aoD2AG 1e6 2 112 - 0.16 5.58 233456
aoD2SG 1e6 2 112 - 0.20 6.01 241152
dry 5e4 5 226 - 0.02 0.13 31144
aoDLAV 5e4 5 226 - 0.02 0.70 34708
aoULAV 5e4 5 226 - 0.03 0.69 34704
aoD2AG 5e4 5 226 - 0.04 0.75 37732
aoD2SG 5e4 5 226 - 0.05 0.81 37936
dry 1e2 2 208 - 0.03 0.11 25992
aoDLAV 1e2 2 208 - 0.03 0.14 30168
aoULAV 1e2 2 208 - 0.02 0.15 30180
aoD2AG 1e2 2 208 - 0.03 0.14 30328
aoD2SG 1e2 2 208 - 0.02 0.15 30344
moore 1e2 2 208 - 0.03 0.21 30480
nbpm 1e2 2 208 - 0.09 2.16 53000
greedy 1e2 2 208 - 0.03 0.14 30884
dry 1e3 2 104 - 0.03 0.11 26020
aoDLAV 1e3 2 104 - 0.03 0.15 30280
aoULAV 1e3 2 104 - 0.03 0.14 30292
aoD2AG 1e3 2 104 - 0.02 0.15 30544
aoD2SG 1e3 2 104 - 0.03 0.14 30560
moore 1e3 2 104 - 0.05 11.06 59776
nbpm 1e3 2 104 - 0.13 4.27 138576
greedy 1e3 2 104 - 0.08 1.05 139244
dry 1e2 5 180 - 0.02 0.12 26000
aoDLAV 1e2 5 180 - 0.02 0.15 30212
aoULAV 1e2 5 180 - 0.02 0.15 30224
aoD2AG 1e2 5 180 - 0.03 0.14 30384
aoD2SG 1e2 5 180 - 0.03 0.14 30388
moore 1e2 5 180 - 0.02 0.21 30496
nbpm 1e2 5 180 - 0.08 2.17 53012
greedy 1e2 5 180 - 0.03 0.14 30924
dry 32e4 2 12 - 0.03 0.16 36424
aoDLAV 32e4 2 12 - 0.08 1.18 70828
aoULAV 32e4 2 12 - 0.06 1.25 70840
aoD2AG 32e4 2 12 - 0.08 1.66 88376
aoD2SG 32e4 2 12 - 0.07 1.83 90852
dry 56e3 2 105 - 0.02 0.12 31236
aoDLAV 56e3 2 105 - 0.03 0.28 33476
aoULAV 56e3 2 105 - 0.04 0.28 34696
aoD2AG 56e3 2 105 - 0.04 0.35 37280
aoD2SG 56e3 2 105 - 0.04 0.37 37300
dry 1e3 2 72 - 0.02 0.12 26020
aoDLAV 1e3 2 72 - 0.03 0.14 30284
aoULAV 1e3 2 72 - 0.02 0.15 30296
aoD2AG 1e3 2 72 - 0.02 0.15 30540
aoD2SG 1e3 2 72 - 0.02 0.15 30556
moore 1e3 2 72 - 0.04 4.90 59776
nbpm 1e3 2 72 - 0.12 3.95 138556
greedy 1e3 2 72 - 0.09 0.98 139244
dry 400e2 2 33 - 0.02 0.12 29392
aoDLAV 400e2 2 33 - 0.02 0.24 32236
aoULAV 400e2 2 33 - 0.04 0.23 33112
aoD2AG 400e2 2 33 - 0.04 0.27 36072
aoD2SG 400e2 2 33 - 0.03 0.30 35928
dry 56e3 2 222 - 0.03 0.11 29760
aoDLAV 56e3 2 222 - 0.03 0.28 33480
aoULAV 56e3 2 222 - 0.03 0.28 34696
aoD2AG 56e3 2 222 - 0.04 0.34 37288
aoD2SG 56e3 2 222 - 0.03 0.38 37300
dry 400e2 2 75 - 0.03 0.11 27616
aoDLAV 400e2 2 75 - 0.03 0.24 32236
aoULAV 400e2 2 75 - 0.03 0.24 33112
aoD2AG 400e2 2 75 - 0.03 0.28 36120
aoD2SG 400e2 2 75 - 0.03 0.30 35928
dry 1e6 5 178 - 0.05 0.27 73152
aoDLAV 1e6 5 178 - 0.14 19.82 252688
aoULAV 1e6 5 178 - 0.16 20.01 252688
aoD2AG 1e6 5 178 - 0.22 21.66 324288
aoD2SG 1e6 5 178 - 0.24 25.54 332888
dry 18e1 2 123 - 0.02 0.12 26004
aoDLAV 18e1 2 123 - 0.03 0.14 30188
aoULAV 18e1 2 123 - 0.03 0.14 30196
aoD2AG 18e1 2 123 - 0.03 0.14 30408
aoD2SG 18e1 2 123 - 0.03 0.14 30368
moore 18e1 2 123 - 0.03 0.28 30488
nbpm 18e1 2 123 - 0.08 2.17 54436
greedy 18e1 2 123 - 0.03 0.16 33348
dry 32e1 2 210 - 0.02 0.11 26004
aoDLAV 32e1 2 210 - 0.02 0.14 30196
aoULAV 32e1 2 210 - 0.03 0.14 30208
aoD2AG 32e1 2 210 - 0.03 0.14 30380
aoD2SG 32e1 2 210 - 0.03 0.14 30384
moore 32e1 2 210 - 0.03 0.60 33676
nbpm 32e1 2 210 - 0.08 2.34 58300
greedy 32e1 2 210 - 0.03 0.20 40972
dry 275e2 2 192 - 0.03 0.11 27120
aoDLAV 275e2 2 192 - 0.03 0.20 31240
aoULAV 275e2 2 192 - 0.02 0.22 31568
aoD2AG 275e2 2 192 - 0.03 0.23 34692
aoD2SG 275e2 2 192 - 0.03 0.24 34808
dry 350e2 2 194 - 0.02 0.12 29048
aoDLAV 350e2 2 194 - 0.03 0.22 31484
aoULAV 350e2 2 194 - 0.03 0.23 32260
aoD2AG 350e2 2 194 - 0.03 0.26 34852
aoD2SG 350e2 2 194 - 0.03 0.28 35132
dry 5e4 2 241 - 0.03 0.11 28000
aoDLAV 5e4 2 241 - 0.02 0.28 33012
aoULAV 5e4 2 241 - 0.03 0.27 33312
aoD2AG 5e4 2 241 - 0.03 0.33 36408
aoD2SG 5e4 2 241 - 0.04 0.35 36420
dry 32e3 2 9 - 0.02 0.12 27952
aoDLAV 32e3 2 9 - 0.03 0.22 31436
aoULAV 32e3 2 9 - 0.03 0.22 32152
aoD2AG 32e3 2 9 - 0.02 0.25 35016
aoD2SG 32e3 2 9 - 0.03 0.26 34784
dry 375e2 2 111 - 0.03 0.11 29276
aoDLAV 375e2 2 111 - 0.03 0.23 31784
aoULAV 375e2 2 111 - 0.03 0.23 32656
aoD2AG 375e2 2 111 - 0.03 0.26 35516
aoD2SG 375e2 2 111 - 0.03 0.28 35528
dry 56e3 2 133 - 0.02 0.12 29504
aoDLAV 56e3 2 133 - 0.03 0.29 33480
aoULAV 56e3 2 133 - 0.03 0.28 34696
aoD2AG 56e3 2 133 - 0.04 0.35 37288
aoD2SG 56e3 2 133 - 0.04 0.39 37304
dry 1e6 10 75 - 0.08 0.40 112232
aoDLAV 1e6 10 75 - 0.19 550.28 369888
aoULAV 1e6 10 75 - 0.30 358.36 369888
aoD2AG 1e6 10 75 - 0.41 372.64 448272
aoD2SG 1e6 10 75 - 0.39 535.84 456788
