dry 2e4 10 29 - 0.03 0.12 30824
aoDLAV 2e4 10 29 - 0.03 1.69 34836
aoULAV 2e4 10 29 - 0.03 1.78 34852
aoD2AG 2e4 10 29 - 0.03 1.94 36076
aoD2SG 2e4 10 29 - 0.03 2.55 36076
moore 2e4 10 29 - 3.57 5942.58 11770840
nbpm 2e4 10 29 - 28.79 5649.88 30880040
greedy 2e4 10 29 - 24.28 1340.30 43775820
dry 175e2 2 85 - 0.03 0.11 26736
aoDLAV 175e2 2 85 - 0.02 0.20 30716
aoULAV 175e2 2 85 - 0.03 0.18 30720
aoD2AG 175e2 2 85 - 0.03 0.20 31756
aoD2SG 175e2 2 85 - 0.03 0.21 31760
moore 175e2 2 85 - 2.88 4849.02 9014020
nbpm 175e2 2 85 - 21.50 1708.22 22863136
greedy 175e2 2 85 - 18.13 996.20 33516976
dry 9e7 2 83 - 0.99 2.75 1787984
aoDLAV 9e7 2 83 - 7.37 530.25 13377688
aoULAV 9e7 2 83 - 9.28 557.75 13377688
aoD2AG 9e7 2 83 - 16.61 794.60 19673152
aoD2SG 9e7 2 83 - 18.04 1028.01 20389264
dry 18e3 2 58 - 0.02 0.12 27952
aoDLAV 18e3 2 58 - 0.03 0.18 30740
aoULAV 18e3 2 58 - 0.03 0.18 30744
aoD2AG 18e3 2 58 - 0.04 0.19 31804
aoD2SG 18e3 2 58 - 0.03 0.20 31812
moore 18e3 2 58 - 2.91 6014.86 9534980
nbpm 18e3 2 58 - 23.70 1959.04 25451056
greedy 18e3 2 58 - 21.29 1017.93 35458364
dry 1e8 2 61 - 1.05 2.99 1983296
aoDLAV 1e8 2 61 - 7.75 580.77 14862068
aoULAV 1e8 2 61 - 10.26 624.13 14862092
aoD2AG 1e8 2 61 - 18.40 906.79 21854540
aoD2SG 1e8 2 61 - 20.30 1260.97 22654112
dry 2e4 5 129 - 0.03 0.12 31012
aoDLAV 2e4 5 129 - 0.03 0.32 32760
aoULAV 2e4 5 129 - 0.02 0.31 32768
aoD2AG 2e4 5 129 - 0.03 0.32 33344
aoD2SG 2e4 5 129 - 0.02 0.35 32860
moore 2e4 5 129 - 3.45 6795.04 11768084
nbpm 2e4 5 129 - 29.49 4913.08 34200496
greedy 2e4 5 129 - 25.34 1506.38 43774004
dry 8e7 2 193 - 0.91 2.43 1592676
aoDLAV 8e7 2 193 - 6.82 480.58 11893324
aoULAV 8e7 2 193 - 8.87 507.70 11893324
aoD2AG 8e7 2 193 - 16.09 738.84 17489500
aoD2SG 8e7 2 193 - 16.47 879.82 18127656
dry 18e3 2 174 - 0.03 0.12 28656
aoDLAV 18e3 2 174 - 0.03 0.19 30744
aoULAV 18e3 2 174 - 0.03 0.20 30740
aoD2AG 18e3 2 174 - 0.02 0.22 31808
aoD2SG 18e3 2 174 - 0.03 0.21 31808
moore 18e3 2 174 - 3.00 5105.61 9534988
nbpm 18e3 2 174 - 23.59 1915.06 25451068
greedy 18e3 2 174 - 20.85 1030.00 35458364
dry 1e8 2 119 - 1.16 3.02 1983300
aoDLAV 1e8 2 119 - 8.08 748.60 14862076
aoULAV 1e8 2 119 - 10.55 636.17 14862068
aoD2AG 1e8 2 119 - 19.66 918.00 21856700
aoD2SG 1e8 2 119 - 20.66 1059.13 22653780
dry 1e8 5 48 - 2.31 6.21 4327052
aoDLAV 1e8 5 48 - 11.41 2627.96 23065204
aoULAV 1e8 5 48 - 16.98 2646.83 23065208
aoD2AG 1e8 5 48 - 25.86 2936.31 30456828
aoD2SG 1e8 5 48 - 28.09 3600.26 31314324
dry 150e2 2 134 - 0.03 0.12 26632
aoDLAV 150e2 2 134 - 0.03 0.18 30828
aoULAV 150e2 2 134 - 0.04 0.17 30828
aoD2AG 150e2 2 134 - 0.03 0.20 31608
aoD2SG 150e2 2 134 - 0.03 0.20 31608
moore 150e2 2 134 - 2.15 2741.93 6629344
nbpm 150e2 2 134 - 14.86 1211.13 16814168
greedy 150e2 2 134 - 13.37 698.80 24630028
dry 150e2 2 13 - 0.03 0.11 26628
aoDLAV 150e2 2 13 - 0.03 0.18 30828
aoULAV 150e2 2 13 - 0.03 0.18 30880
aoD2AG 150e2 2 13 - 0.03 0.19 31612
aoD2SG 150e2 2 13 - 0.03 0.20 31608
moore 150e2 2 13 - 2.16 3430.20 6629356
nbpm 150e2 2 13 - 14.75 1130.91 16814180
greedy 150e2 2 13 - 13.33 692.06 24630028
dry 150e2 2 221 - 0.02 0.13 26632
aoDLAV 150e2 2 221 - 0.03 0.18 30824
aoULAV 150e2 2 221 - 0.03 0.18 30828
aoD2AG 150e2 2 221 - 0.03 0.19 31608
aoD2SG 150e2 2 221 - 0.03 0.20 31628
moore 150e2 2 221 - 2.09 3101.29 6629344
nbpm 150e2 2 221 - 14.68 1147.83 16814168
greedy 150e2 2 221 - 13.51 673.40 24630028
dry 175e2 2 122 - 0.02 0.13 26732
aoDLAV 175e2 2 122 - 0.04 0.19 30716
aoULAV 175e2 2 122 - 0.03 0.19 30716
aoD2AG 175e2 2 122 - 0.04 0.20 31752
aoD2SG 175e2 2 122 - 0.03 0.20 31756
moore 175e2 2 122 - 2.78 4624.93 9014032
nbpm 175e2 2 122 - 21.70 1737.92 22863144
greedy 175e2 2 122 - 19.16 972.03 33516980
dry 150e2 2 58 - 0.02 0.12 26628
aoDLAV 150e2 2 58 - 0.03 0.19 30824
aoULAV 150e2 2 58 - 0.04 0.18 30828
aoD2AG 150e2 2 58 - 0.03 0.19 31608
aoD2SG 150e2 2 58 - 0.02 0.21 31608
moore 150e2 2 58 - 2.10 2892.16 6629348
nbpm 150e2 2 58 - 19.86 1146.68 16814172
greedy 150e2 2 58 - 12.83 663.54 24630024
dry 9e7 2 190 - 0.98 2.76 1787984
aoDLAV 9e7 2 190 - 7.44 534.79 13377684
aoULAV 9e7 2 190 - 9.59 573.20 13377684
aoD2AG 9e7 2 190 - 16.83 951.60 19670148
aoD2SG 9e7 2 190 - 18.85 953.53 20388216
dry 175e2 2 82 - 0.02 0.13 26732
aoDLAV 175e2 2 82 - 0.03 0.21 30716
aoULAV 175e2 2 82 - 0.03 0.19 30720
aoD2AG 175e2 2 82 - 0.03 0.21 31752
aoD2SG 175e2 2 82 - 0.03 0.23 31756
moore 175e2 2 82 - 2.80 4673.06 9014028
nbpm 175e2 2 82 - 21.29 1863.00 22863144
greedy 175e2 2 82 - 18.16 1009.02 33516976
dry 1e8 2 205 - 1.05 2.97 1983296
aoDLAV 1e8 2 205 - 8.01 572.62 14862068
aoULAV 1e8 2 205 - 10.13 611.22 14862072
aoD2AG 1e8 2 205 - 18.74 862.08 21854992
aoD2SG 1e8 2 205 - 19.87 1039.59 22653072
dry 1e8 2 200 - 1.07 3.00 1983296
aoDLAV 1e8 2 200 - 7.90 689.03 14862068
aoULAV 1e8 2 200 - 10.19 626.17 14862068
aoD2AG 1e8 2 200 - 19.07 885.14 21851436
aoD2SG 1e8 2 200 - 19.49 1239.87 22648800
dry 9e7 2 73 - 1.06 2.78 1787984
aoDLAV 9e7 2 73 - 7.37 528.66 13377684
aoULAV 9e7 2 73 - 9.49 555.78 13377684
aoD2AG 9e7 2 73 - 16.91 915.50 19669940
aoD2SG 9e7 2 73 - 17.49 904.62 20387660
dry 1e8 2 206 - 1.00 2.98 1983296
aoDLAV 1e8 2 206 - 7.90 571.70 14862068
aoULAV 1e8 2 206 - 10.14 608.83 14862068
aoD2AG 1e8 2 206 - 18.47 871.32 21854832
aoD2SG 1e8 2 206 - 20.10 1044.17 22650960
dry 9e7 2 158 - 0.97 2.71 1787984
aoDLAV 9e7 2 158 - 7.40 516.48 13377684
aoULAV 9e7 2 158 - 9.46 554.11 13377684
aoD2AG 9e7 2 158 - 17.62 796.74 19669276
aoD2SG 9e7 2 158 - 18.84 941.11 20387600
dry 18e3 2 3 - 0.03 0.12 26752
aoDLAV 18e3 2 3 - 0.03 0.18 30744
aoULAV 18e3 2 3 - 0.03 0.19 30740
aoD2AG 18e3 2 3 - 0.04 0.20 31808
aoD2SG 18e3 2 3 - 0.04 0.21 31812
moore 18e3 2 3 - 2.79 5832.02 9534980
nbpm 18e3 2 3 - 23.51 1907.66 25451056
greedy 18e3 2 3 - 20.97 1073.71 35458364
dry 125e2 2 130 - 0.03 0.12 26536
aoDLAV 125e2 2 130 - 0.03 0.18 30708
aoULAV 125e2 2 130 - 0.03 0.18 30712
aoD2AG 125e2 2 130 - 0.02 0.19 31376
aoD2SG 125e2 2 130 - 0.03 0.19 31376
moore 125e2 2 130 - 1.54 2282.06 4611548
nbpm 125e2 2 130 - 11.60 646.75 12302328
greedy 125e2 2 130 - 9.68 457.87 17109964
dry 150e2 2 102 - 0.03 0.12 26628
aoDLAV 150e2 2 102 - 0.03 0.20 30824
aoULAV 150e2 2 102 - 0.02 0.20 30824
aoD2AG 150e2 2 102 - 0.03 0.20 31612
aoD2SG 150e2 2 102 - 0.03 0.20 31608
moore 150e2 2 102 - 2.14 3295.82 6629356
nbpm 150e2 2 102 - 14.51 1106.61 16814176
greedy 150e2 2 102 - 14.01 778.02 24630024
dry 1e8 2 207 - 1.08 3.02 1983296
aoDLAV 1e8 2 207 - 8.25 587.44 14862068
aoULAV 1e8 2 207 - 10.37 627.72 14862068
aoD2AG 1e8 2 207 - 19.24 878.01 21855436
aoD2SG 1e8 2 207 - 20.17 1041.57 22651760
dry 1e8 5 224 - 2.22 6.22 4327052
aoDLAV 1e8 5 224 - 11.23 2667.73 23065204
aoULAV 1e8 5 224 - 16.57 2702.48 23065208
aoD2AG 1e8 5 224 - 26.55 3680.15 30453720
aoD2SG 1e8 5 224 - 27.37 3728.96 31308848
dry 2e4 2 16 - 0.02 0.13 26828
aoDLAV 2e4 2 16 - 0.03 0.20 30808
aoULAV 2e4 2 16 - 0.04 0.20 30808
aoD2AG 2e4 2 16 - 0.03 0.22 32288
aoD2SG 2e4 2 16 - 0.03 0.23 32292
moore 2e4 2 16 - 3.54 6463.76 11765544
nbpm 2e4 2 16 - 28.99 2933.74 31402188
greedy 2e4 2 16 - 25.70 1228.41 43771040
dry 9e7 2 176 - 1.02 2.78 1787984
aoDLAV 9e7 2 176 - 7.47 536.43 13377684
aoULAV 9e7 2 176 - 9.05 749.20 13377684
aoD2AG 9e7 2 176 - 17.12 782.64 19669672
aoD2SG 9e7 2 176 - 17.72 964.84 20387988
dry 8e7 2 60 - 0.83 2.44 1592676
aoDLAV 8e7 2 60 - 6.22 467.36 11893324
aoULAV 8e7 2 60 - 8.54 512.98 11893328
aoD2AG 8e7 2 60 - 14.74 730.11 17487044
aoD2SG 8e7 2 60 - 15.77 818.99 18126624
dry 125e2 2 211 - 0.02 0.12 26532
aoDLAV 125e2 2 211 - 0.03 0.17 30708
aoULAV 125e2 2 211 - 0.03 0.17 30708
aoD2AG 125e2 2 211 - 0.03 0.19 31380
aoD2SG 125e2 2 211 - 0.03 0.18 31376
moore 125e2 2 211 - 1.55 2462.64 4611552
nbpm 125e2 2 211 - 11.33 827.68 12302328
greedy 125e2 2 211 - 9.35 434.57 17109964
dry 175e2 2 51 - 0.02 0.12 26732
aoDLAV 175e2 2 51 - 0.03 0.18 30716
aoULAV 175e2 2 51 - 0.03 0.18 30720
aoD2AG 175e2 2 51 - 0.03 0.21 31756
aoD2SG 175e2 2 51 - 0.03 0.21 31760
moore 175e2 2 51 - 2.71 5206.44 9014020
nbpm 175e2 2 51 - 20.94 1841.39 22863136
greedy 175e2 2 51 - 18.38 972.92 33516976
dry 8e7 2 157 - 0.85 2.42 1592676
aoDLAV 8e7 2 157 - 6.53 467.70 11893324
aoULAV 8e7 2 157 - 8.02 494.37 11893324
aoD2AG 8e7 2 157 - 14.85 703.64 17484904
aoD2SG 8e7 2 157 - 15.56 820.45 18121760
dry 150e2 2 76 - 0.02 0.12 26628
aoDLAV 150e2 2 76 - 0.03 0.18 30824
aoULAV 150e2 2 76 - 0.02 0.19 30824
aoD2AG 150e2 2 76 - 0.02 0.20 31608
aoD2SG 150e2 2 76 - 0.03 0.20 31608
moore 150e2 2 76 - 2.12 3268.10 6629352
nbpm 150e2 2 76 - 14.66 1132.38 16814176
greedy 150e2 2 76 - 14.94 667.94 24630028
dry 125e2 2 75 - 0.02 0.12 26532
aoDLAV 125e2 2 75 - 0.03 0.17 30712
aoULAV 125e2 2 75 - 0.03 0.17 30712
aoD2AG 125e2 2 75 - 0.03 0.19 31376
aoD2SG 125e2 2 75 - 0.03 0.19 31380
moore 125e2 2 75 - 1.54 1806.53 4611548
nbpm 125e2 2 75 - 11.38 689.00 12302328
greedy 125e2 2 75 - 9.58 446.94 17109964
dry 2e4 10 198 - 0.02 0.12 30872
aoDLAV 2e4 10 198 - 0.04 1.73 34836
aoULAV 2e4 10 198 - 0.03 2.09 34848
aoD2AG 2e4 10 198 - 0.04 1.79 36076
aoD2SG 2e4 10 198 - 0.05 2.05 36080
moore 2e4 10 198 - 3.43 7502.00 11770836
nbpm 2e4 10 198 - 29.19 5825.99 30880040
greedy 2e4 10 198 - 23.32 1441.65 43775824
dry 8e7 2 186 - 0.86 2.48 1592680
aoDLAV 8e7 2 186 - 6.49 476.56 11893324
aoULAV 8e7 2 186 - 8.74 512.66 11893324
aoD2AG 8e7 2 186 - 14.98 710.46 17488712
aoD2SG 8e7 2 186 - 16.34 956.36 18127660
dry 125e2 2 203 - 0.02 0.12 26532
aoDLAV 125e2 2 203 - 0.03 0.18 30708
aoULAV 125e2 2 203 - 0.03 0.17 30708
aoD2AG 125e2 2 203 - 0.03 0.19 31376
aoD2SG 125e2 2 203 - 0.03 0.19 31380
moore 125e2 2 203 - 1.58 2095.82 4611540
nbpm 125e2 2 203 - 11.51 689.58 12302320
greedy 125e2 2 203 - 8.85 450.78 17109964
dry 9e7 2 161 - 1.04 2.68 1787988
aoDLAV 9e7 2 161 - 7.12 512.32 13377684
aoULAV 9e7 2 161 - 9.17 543.56 13377688
aoD2AG 9e7 2 161 - 16.69 764.60 19672796
aoD2SG 9e7 2 161 - 17.54 897.51 20388408
dry 150e2 2 107 - 0.02 0.12 26628
aoDLAV 150e2 2 107 - 0.03 0.19 30828
aoULAV 150e2 2 107 - 0.03 0.18 30824
aoD2AG 150e2 2 107 - 0.03 0.20 31608
aoD2SG 150e2 2 107 - 0.03 0.19 31608
moore 150e2 2 107 - 2.23 3238.89 6629356
nbpm 150e2 2 107 - 14.45 1139.36 16814176
greedy 150e2 2 107 - 15.36 679.05 24630028
dry 150e2 2 181 - 0.02 0.12 26632
aoDLAV 150e2 2 181 - 0.03 0.18 30824
aoULAV 150e2 2 181 - 0.03 0.18 30824
aoD2AG 150e2 2 181 - 0.03 0.19 31608
aoD2SG 150e2 2 181 - 0.03 0.19 31608
moore 150e2 2 181 - 2.20 3035.37 6629356
nbpm 150e2 2 181 - 15.07 1166.66 16814176
greedy 150e2 2 181 - 14.03 726.27 24630028
dry 1e8 2 126 - 1.12 3.05 1983296
aoDLAV 1e8 2 126 - 8.13 594.52 14862068
aoULAV 1e8 2 126 - 10.48 625.10 14862068
aoD2AG 1e8 2 126 - 18.76 888.83 21855712
aoD2SG 1e8 2 126 - 19.59 1061.91 22654816
dry 2e4 2 202 - 0.02 0.12 26828
aoDLAV 2e4 2 202 - 0.03 0.18 30808
aoULAV 2e4 2 202 - 0.03 0.19 30812
aoD2AG 2e4 2 202 - 0.03 0.20 32288
aoD2SG 2e4 2 202 - 0.03 0.22 32292
moore 2e4 2 202 - 3.52 6566.61 11765544
nbpm 2e4 2 202 - 29.65 3000.51 31402188
greedy 2e4 2 202 - 23.85 1289.45 43771040
dry 1e8 2 233 - 1.20 3.04 1983300
aoDLAV 1e8 2 233 - 8.50 601.01 14862068
aoULAV 1e8 2 233 - 10.67 770.73 14862068
aoD2AG 1e8 2 233 - 18.87 889.77 21854276
aoD2SG 1e8 2 233 - 20.20 1373.77 22650868
dry 2e4 2 53 - 0.03 0.12 30532
aoDLAV 2e4 2 53 - 0.03 0.19 30808
aoULAV 2e4 2 53 - 0.02 0.19 30808
aoD2AG 2e4 2 53 - 0.03 0.20 32292
aoD2SG 2e4 2 53 - 0.03 0.21 32300
