dry 56e2 2 122 - 0.02 0.11 26240
aoDLAV 56e2 2 122 - 0.02 0.15 30976
aoULAV 56e2 2 122 - 0.02 0.14 30988
aoD2AG 56e2 2 122 - 0.03 0.16 31980
aoD2SG 56e2 2 122 - 0.02 0.17 31124
moore 56e2 2 122 - 0.74 249.70 952716
nbpm 56e2 2 122 - 2.32 74.05 2388080
greedy 56e2 2 122 - 1.97 84.65 3460492
dry 5e7 2 61 - 0.63 1.66 1006736
aoDLAV 5e7 2 61 - 4.14 318.99 7440196
aoULAV 5e7 2 61 - 5.23 336.77 7440192
aoD2AG 5e7 2 61 - 9.35 442.81 10939332
aoD2SG 5e7 2 61 - 10.32 522.77 11336280
dry 4e7 2 41 - 0.42 1.33 811424
aoDLAV 4e7 2 41 - 3.27 232.20 5955816
aoULAV 4e7 2 41 - 4.66 326.73 5955816
aoD2AG 4e7 2 41 - 7.77 350.31 8754528
aoD2SG 4e7 2 41 - 8.01 403.24 9073064
dry 1e4 5 41 - 0.02 0.12 26900
aoDLAV 1e4 5 41 - 0.03 0.21 31088
aoULAV 1e4 5 41 - 0.03 0.21 31096
aoD2AG 1e4 5 41 - 0.03 0.22 32108
aoD2SG 1e4 5 41 - 0.03 0.23 32108
moore 1e4 5 41 - 1.32 999.72 2961736
nbpm 1e4 5 41 - 7.69 616.50 7811456
greedy 1e4 5 41 - 7.09 298.20 10959172
dry 2e7 2 158 - 0.27 0.74 420800
aoDLAV 2e7 2 158 - 1.70 108.17 2987068
aoULAV 2e7 2 158 - 1.85 116.16 2987072
aoD2AG 2e7 2 158 - 3.86 164.00 4388020
aoD2SG 2e7 2 158 - 3.68 190.14 4547148
dry 25e2 2 6 - 0.02 0.12 26084
aoDLAV 25e2 2 6 - 0.03 0.15 30456
aoULAV 25e2 2 6 - 0.02 0.15 30464
aoD2AG 25e2 2 6 - 0.02 0.16 30968
aoD2SG 25e2 2 6 - 0.03 0.15 31012
moore 25e2 2 6 - 0.09 27.80 213604
nbpm 25e2 2 6 - 0.57 12.41 541644
greedy 25e2 2 6 - 0.39 10.83 713664
dry 1e4 10 148 - 0.02 0.13 27688
aoDLAV 1e4 10 148 - 0.03 0.70 32764
aoULAV 1e4 10 148 - 0.03 0.70 32776
aoD2AG 1e4 10 148 - 0.03 0.72 32744
aoD2SG 1e4 10 148 - 0.04 0.79 34176
moore 1e4 10 148 - 1.13 1129.43 2963856
nbpm 1e4 10 148 - 7.86 710.86 7764392
greedy 1e4 10 148 - 6.50 280.70 10961108
dry 1e4 10 11 - 0.03 0.12 27692
aoDLAV 1e4 10 11 - 0.03 0.74 32764
aoULAV 1e4 10 11 - 0.03 0.75 32780
aoD2AG 1e4 10 11 - 0.03 0.74 32744
aoD2SG 1e4 10 11 - 0.04 0.81 34180
moore 1e4 10 11 - 1.15 1143.33 2963852
nbpm 1e4 10 11 - 7.22 767.36 7764392
greedy 1e4 10 11 - 6.49 270.40 10961108
dry 1e4 10 111 - 0.02 0.13 27692
aoDLAV 1e4 10 111 - 0.03 0.70 32764
aoULAV 1e4 10 111 - 0.03 0.76 32776
aoD2AG 1e4 10 111 - 0.04 0.76 32744
aoD2SG 1e4 10 111 - 0.04 0.78 34176
moore 1e4 10 111 - 1.12 979.36 2963856
nbpm 1e4 10 111 - 7.44 996.85 7764384
greedy 1e4 10 111 - 6.82 269.29 10961112
dry 75e2 2 137 - 0.03 0.12 26328
aoDLAV 75e2 2 137 - 0.03 0.16 31380
aoULAV 75e2 2 137 - 0.03 0.16 31388
aoD2AG 75e2 2 137 - 0.03 0.18 31380
aoD2SG 75e2 2 137 - 0.04 0.17 31380
moore 75e2 2 137 - 1.27 478.85 1688792
nbpm 75e2 2 137 - 4.17 187.95 4242180
greedy 75e2 2 137 - 3.71 158.41 6183092
dry 5e7 2 146 - 0.57 1.63 1006736
aoDLAV 5e7 2 146 - 4.16 289.32 7440196
aoULAV 5e7 2 146 - 5.24 308.21 7440196
aoD2AG 5e7 2 146 - 9.84 452.50 10937944
aoD2SG 5e7 2 146 - 10.36 562.63 11336924
dry 18e6 2 199 - 0.23 0.69 381736
aoDLAV 18e6 2 199 - 1.52 95.00 2690196
aoULAV 18e6 2 199 - 1.54 102.74 2690248
aoD2AG 18e6 2 199 - 3.18 142.55 3949700
aoD2SG 18e6 2 199 - 3.80 169.83 4094328
dry 75e2 2 134 - 0.03 0.12 26332
aoDLAV 75e2 2 134 - 0.03 0.16 31376
aoULAV 75e2 2 134 - 0.04 0.15 31392
aoD2AG 75e2 2 134 - 0.03 0.19 31380
aoD2SG 75e2 2 134 - 0.04 0.18 31380
moore 75e2 2 134 - 1.84 606.22 1688792
nbpm 75e2 2 134 - 4.15 152.89 4242132
greedy 75e2 2 134 - 4.16 153.10 6183092
dry 18e6 2 163 - 0.26 0.77 381736
aoDLAV 18e6 2 163 - 1.68 103.05 2690192
aoULAV 18e6 2 163 - 1.85 106.97 2690204
aoD2AG 18e6 2 163 - 3.40 148.39 3949884
aoD2SG 18e6 2 163 - 3.93 169.20 4092212
dry 6e7 2 147 - 0.68 1.89 1202044
aoDLAV 6e7 2 147 - 5.18 353.49 8924560
aoULAV 6e7 2 147 - 6.92 380.86 8924564
aoD2AG 6e7 2 147 - 11.55 543.08 13118916
aoD2SG 6e7 2 147 - 12.58 642.73 13596748
dry 1e4 2 152 - 0.03 0.13 26436
aoDLAV 1e4 2 152 - 0.03 0.20 31864
aoULAV 1e4 2 152 - 0.04 0.20 31876
aoD2AG 1e4 2 152 - 0.04 0.19 31880
aoD2SG 1e4 2 152 - 0.05 0.19 32040
moore 1e4 2 152 - 1.17 1718.61 2960572
nbpm 1e4 2 152 - 7.54 347.46 7889416
greedy 1e4 2 152 - 6.89 273.87 10968568
dry 1e4 2 140 - 0.02 0.12 26432
aoDLAV 1e4 2 140 - 0.03 0.17 31864
aoULAV 1e4 2 140 - 0.04 0.17 31876
aoD2AG 1e4 2 140 - 0.03 0.18 31880
aoD2SG 1e4 2 140 - 0.03 0.19 31988
moore 1e4 2 140 - 1.19 848.20 2960580
nbpm 1e4 2 140 - 7.85 346.55 7889424
greedy 1e4 2 140 - 7.07 267.55 10968568
dry 32e6 2 152 - 0.41 1.10 655176
aoDLAV 32e6 2 152 - 2.90 179.45 4768324
aoULAV 32e6 2 152 - 2.85 192.13 4768324
aoD2AG 32e6 2 152 - 6.45 277.66 7005680
aoD2SG 32e6 2 152 - 6.81 314.17 7263428
dry 18e2 2 216 - 0.02 0.13 26052
aoDLAV 18e2 2 216 - 0.03 0.14 30372
aoULAV 18e2 2 216 - 0.03 0.15 30384
aoD2AG 18e2 2 216 - 0.02 0.16 30772
aoD2SG 18e2 2 216 - 0.03 0.15 30812
moore 18e2 2 216 - 0.07 9.96 125440
nbpm 18e2 2 216 - 0.21 7.56 334528
greedy 18e2 2 216 - 0.26 3.93 384356
dry 1e4 10 237 - 0.02 0.12 27692
aoDLAV 1e4 10 237 - 0.03 0.67 32764
aoULAV 1e4 10 237 - 0.04 0.67 32780
aoD2AG 1e4 10 237 - 0.03 0.70 32744
aoD2SG 1e4 10 237 - 0.04 0.78 34176
moore 1e4 10 237 - 1.21 1061.41 2963856
nbpm 1e4 10 237 - 7.52 737.78 7764384
greedy 1e4 10 237 - 7.12 284.36 10961108
dry 7e7 2 168 - 0.76 2.18 1397356
aoDLAV 7e7 2 168 - 5.76 421.62 10408940
aoULAV 7e7 2 168 - 7.78 458.84 10408940
aoD2AG 7e7 2 168 - 14.31 787.50 15306372
aoD2SG 7e7 2 168 - 14.32 748.64 15863928
dry 56e6 2 134 - 0.74 1.86 1123924
aoDLAV 56e6 2 134 - 5.08 337.52 8330816
aoULAV 56e6 2 134 - 6.16 359.23 8330820
aoD2AG 56e6 2 134 - 10.80 493.45 12247796
aoD2SG 56e6 2 134 - 12.00 595.08 12695460
dry 3e7 2 195 - 0.36 1.03 616104
aoDLAV 3e7 2 195 - 2.72 170.72 4471428
aoULAV 3e7 2 195 - 2.71 178.95 4471428
aoD2AG 3e7 2 195 - 6.12 242.16 6573120
aoD2SG 3e7 2 195 - 6.43 299.81 6810752
dry 25e2 2 198 - 0.03 0.12 26080
aoDLAV 25e2 2 198 - 0.03 0.15 30452
aoULAV 25e2 2 198 - 0.03 0.16 30464
aoD2AG 25e2 2 198 - 0.03 0.16 30980
aoD2SG 25e2 2 198 - 0.03 0.15 31016
moore 25e2 2 198 - 0.10 19.37 213628
nbpm 25e2 2 198 - 0.58 12.01 541640
greedy 25e2 2 198 - 0.46 10.05 713668
dry 18e6 2 72 - 0.27 0.71 381736
aoDLAV 18e6 2 72 - 1.66 99.61 2690196
aoULAV 18e6 2 72 - 1.58 104.16 2690196
aoD2AG 18e6 2 72 - 3.21 150.51 3950224
aoD2SG 18e6 2 72 - 3.76 204.88 4093616
dry 7e7 2 124 - 0.75 2.17 1397360
aoDLAV 7e7 2 124 - 5.74 448.71 10408936
aoULAV 7e7 2 124 - 7.44 455.22 10408936
aoD2AG 7e7 2 124 - 13.78 658.51 15307684
aoD2SG 7e7 2 124 - 14.82 750.08 15865972
dry 56e2 2 242 - 0.03 0.13 26236
aoDLAV 56e2 2 242 - 0.03 0.16 30976
aoULAV 56e2 2 242 - 0.03 0.16 30988
aoD2AG 56e2 2 242 - 0.04 0.17 31960
aoD2SG 56e2 2 242 - 0.03 0.18 31124
moore 56e2 2 242 - 1.01 281.08 952720
nbpm 56e2 2 242 - 2.43 78.07 2388084
greedy 56e2 2 242 - 2.24 84.45 3460492
dry 18e6 2 79 - 0.25 0.71 381736
aoDLAV 18e6 2 79 - 1.55 105.81 2690196
aoULAV 18e6 2 79 - 1.73 107.44 2690192
aoD2AG 18e6 2 79 - 3.77 146.77 3951256
aoD2SG 18e6 2 79 - 3.60 174.25 4093336
dry 3e7 2 104 - 0.36 1.03 616108
aoDLAV 3e7 2 104 - 2.59 168.14 4471432
aoULAV 3e7 2 104 - 3.35 173.84 4471428
aoD2AG 3e7 2 104 - 5.51 258.77 6570584
aoD2SG 3e7 2 104 - 6.16 297.01 6810292
dry 6e7 2 130 - 0.74 1.95 1202048
aoDLAV 6e7 2 130 - 5.17 367.97 8924564
aoULAV 6e7 2 130 - 6.69 380.11 8924560
aoD2AG 6e7 2 130 - 11.76 540.21 13120792
aoD2SG 6e7 2 130 - 12.31 622.53 13599996
dry 18e2 2 233 - 0.02 0.12 26052
aoDLAV 18e2 2 233 - 0.03 0.15 30372
aoULAV 18e2 2 233 - 0.03 0.15 30384
aoD2AG 18e2 2 233 - 0.03 0.15 30796
aoD2SG 18e2 2 233 - 0.03 0.15 30832
moore 18e2 2 233 - 0.08 14.51 125412
nbpm 18e2 2 233 - 0.19 7.56 334528
greedy 18e2 2 233 - 0.25 4.29 384352
dry 18e6 2 161 - 0.22 0.70 381736
aoDLAV 18e6 2 161 - 1.64 124.71 2690196
aoULAV 18e6 2 161 - 1.49 101.27 2690196
aoD2AG 18e6 2 161 - 3.35 145.92 3949880
aoD2SG 18e6 2 161 - 4.01 174.72 4093792
dry 2e7 2 165 - 0.28 0.74 420800
aoDLAV 2e7 2 165 - 1.77 107.93 2987068
aoULAV 2e7 2 165 - 1.76 115.41 2987068
aoD2AG 2e7 2 165 - 3.60 161.57 4386184
aoD2SG 2e7 2 165 - 4.08 184.84 4548204
dry 32e2 2 194 - 0.03 0.11 26112
aoDLAV 32e2 2 194 - 0.04 0.15 30540
aoULAV 32e2 2 194 - 0.04 0.15 30552
aoD2AG 32e2 2 194 - 0.04 0.16 31208
aoD2SG 32e2 2 194 - 0.02 0.17 31260
moore 32e2 2 194 - 0.14 30.08 330524
nbpm 32e2 2 194 - 0.94 22.23 854760
greedy 32e2 2 194 - 0.76 22.80 1150164
dry 7e7 2 37 - 0.77 2.17 1397356
aoDLAV 7e7 2 37 - 6.16 422.80 10408936
aoULAV 7e7 2 37 - 7.72 442.28 10408936
aoD2AG 7e7 2 37 - 13.52 642.11 15304196
aoD2SG 7e7 2 37 - 14.52 838.46 15864124
dry 56e6 2 33 - 0.72 1.79 1123928
aoDLAV 56e6 2 33 - 4.72 320.62 8330816
aoULAV 56e6 2 33 - 6.17 364.96 8330816
aoD2AG 56e6 2 33 - 11.33 513.28 12245720
aoD2SG 56e6 2 33 - 11.91 611.74 12694352
dry 3e7 2 59 - 0.39 1.02 616104
aoDLAV 3e7 2 59 - 2.65 172.32 4471428
aoULAV 3e7 2 59 - 3.40 180.65 4471428
aoD2AG 3e7 2 59 - 5.21 257.82 6569624
aoD2SG 3e7 2 59 - 6.29 296.48 6812516
dry 50e2 2 69 - 0.02 0.12 26204
aoDLAV 50e2 2 69 - 0.03 0.16 30848
aoULAV 50e2 2 69 - 0.03 0.15 30860
aoD2AG 50e2 2 69 - 0.02 0.17 31788
aoD2SG 50e2 2 69 - 0.03 0.17 31860
moore 50e2 2 69 - 0.93 253.20 764620
nbpm 50e2 2 69 - 1.88 53.94 2011916
greedy 50e2 2 69 - 1.69 63.78 2764780
dry 25e2 2 201 - 0.02 0.12 26080
aoDLAV 25e2 2 201 - 0.03 0.14 30452
aoULAV 25e2 2 201 - 0.03 0.14 30468
aoD2AG 25e2 2 201 - 0.02 0.16 30972
aoD2SG 25e2 2 201 - 0.03 0.15 31012
moore 25e2 2 201 - 0.09 44.47 213604
nbpm 25e2 2 201 - 0.52 12.44 541644
greedy 25e2 2 201 - 0.41 9.82 713664
dry 56e6 2 102 - 0.70 1.76 1123928
aoDLAV 56e6 2 102 - 4.89 338.05 8330816
aoULAV 56e6 2 102 - 6.24 360.09 8330816
aoD2AG 56e6 2 102 - 11.30 492.68 12244952
aoD2SG 56e6 2 102 - 11.33 591.73 12691836
dry 1e4 2 73 - 0.02 0.12 26432
aoDLAV 1e4 2 73 - 0.02 0.17 31864
aoULAV 1e4 2 73 - 0.03 0.17 31876
aoD2AG 1e4 2 73 - 0.03 0.18 31876
aoD2SG 1e4 2 73 - 0.03 0.18 31992
moore 1e4 2 73 - 1.24 893.82 2960572
nbpm 1e4 2 73 - 7.58 358.00 7889416
greedy 1e4 2 73 - 6.40 283.01 10968568
dry 56e6 2 235 - 0.64 1.79 1123924
aoDLAV 56e6 2 235 - 4.78 321.81 8330816
aoULAV 56e6 2 235 - 6.08 353.55 8330816
aoD2AG 56e6 2 235 - 11.10 513.58 12245572
aoD2SG 56e6 2 235 - 11.69 599.26 12691624
dry 50e2 2 152 - 0.02 0.12 26204
aoDLAV 50e2 2 152 - 0.03 0.15 30848
aoULAV 50e2 2 152 - 0.03 0.15 30860
aoD2AG 50e2 2 152 - 0.03 0.15 31796
aoD2SG 50e2 2 152 - 0.03 0.17 31884
moore 50e2 2 152 - 1.22 308.44 764628
nbpm 50e2 2 152 - 1.94 52.19 2011924
greedy 50e2 2 152 - 1.59 58.11 2764780
dry 6e7 2 14 - 0.66 1.95 1202044
aoDLAV 6e7 2 14 - 5.32 350.59 8924560
aoULAV 6e7 2 14 - 6.42 378.29 8924560
aoD2AG 6e7 2 14 - 12.14 546.40 13121236
aoD2SG 6e7 2 14 - 12.90 644.81 13599780
dry 1e4 2 221 - 0.02 0.13 26432
aoDLAV 1e4 2 221 - 0.03 0.18 31864
aoULAV 1e4 2 221 - 0.04 0.18 31876
aoD2AG 1e4 2 221 - 0.03 0.18 31880
aoD2SG 1e4 2 221 - 0.04 0.18 31992
moore 1e4 2 221 - 1.19 918.93 2960572
nbpm 1e4 2 221 - 7.49 354.03 7889416
greedy 1e4 2 221 - 6.86 263.10 10968568
dry 75e2 2 112 - 0.01 0.13 26332
aoDLAV 75e2 2 112 - 0.03 0.15 31376
aoULAV 75e2 2 112 - 0.04 0.15 31392
aoD2AG 75e2 2 112 - 0.03 0.18 31380
aoD2SG 75e2 2 112 - 0.04 0.17 31380
moore 75e2 2 112 - 0.89 430.61 1688824
nbpm 75e2 2 112 - 4.20 156.14 4242132
greedy 75e2 2 112 - 3.83 160.32 6183092
dry 3e7 2 125 - 0.36 1.04 616104
aoDLAV 3e7 2 125 - 2.73 166.33 4471432
aoULAV 3e7 2 125 - 2.81 172.25 4471428
aoD2AG 3e7 2 125 - 6.14 253.97 6568812
aoD2SG 3e7 2 125 - 6.20 368.44 6808244
dry 18e2 2 162 - 0.03 0.11 26052
aoDLAV 18e2 2 162 - 0.03 0.14 30372
aoULAV 18e2 2 162 - 0.03 0.14 30384
aoD2AG 18e2 2 162 - 0.02 0.16 30796
aoD2SG 18e2 2 162 - 0.03 0.15 30828
moore 18e2 2 162 - 0.07 18.04 125416
nbpm 18e2 2 162 - 0.17 8.21 334548
greedy 18e2 2 162 - 0.20 4.35 384352
dry 18e6 2 185 - 0.23 0.73 381736
aoDLAV 18e6 2 185 - 1.48 100.09 2690192
aoULAV 18e6 2 185 - 2.02 107.97 2690192
aoD2AG 18e6 2 185 - 3.43 151.70 3950108
aoD2SG 18e6 2 185 - 3.84 169.84 4093552
dry 56e2 2 218 - 0.03 0.12 26236
aoDLAV 56e2 2 218 - 0.04 0.15 30976
aoULAV 56e2 2 218 - 0.02 0.17 30988
aoD2AG 56e2 2 218 - 0.03 0.17 31984
aoD2SG 56e2 2 218 - 0.03 0.18 31124
moore 56e2 2 218 - 1.24 328.88 952720
nbpm 56e2 2 218 - 2.35 90.38 2388084
greedy 56e2 2 218 - 2.25 80.74 3460492
dry 32e2 2 16 - 0.02 0.12 26116
aoDLAV 32e2 2 16 - 0.03 0.15 30540
aoULAV 32e2 2 16 - 0.03 0.16 30548
aoD2AG 32e2 2 16 - 0.03 0.16 31208
aoD2SG 32e2 2 16 - 0.03 0.16 31268
moore 32e2 2 16 - 0.20 43.66 330512
nbpm 32e2 2 16 - 1.02 21.26 854752
greedy 32e2 2 16 - 0.82 23.28 1150164
dry 32e6 2 20 - 0.39 1.09 655176
aoDLAV 32e6 2 20 - 2.76 181.51 4768324
aoULAV 32e6 2 20 - 3.40 189.16 4768328
aoD2AG 32e6 2 20 - 5.71 262.32 7007628
aoD2SG 32e6 2 20 - 6.70 310.56 7262112
dry 1e4 5 20 - 0.03 0.11 26904
aoDLAV 1e4 5 20 - 0.03 0.21 31084
aoULAV 1e4 5 20 - 0.04 0.21 31100
aoD2AG 1e4 5 20 - 0.03 0.22 32112
aoD2SG 1e4 5 20 - 0.03 0.23 32108
moore 1e4 5 20 - 1.15 997.46 2961736
nbpm 1e4 5 20 - 7.65 594.97 7811452
greedy 1e4 5 20 - 6.44 295.41 10959172
dry 18e2 2 20 - 0.02 0.12 26048
aoDLAV 18e2 2 20 - 0.03 0.14 30372
aoULAV 18e2 2 20 - 0.02 0.15 30384
aoD2AG 18e2 2 20 - 0.03 0.14 30788
aoD2SG 18e2 2 20 - 0.03 0.15 30820
moore 18e2 2 20 - 0.07 19.91 125408
nbpm 18e2 2 20 - 0.20 7.52 334532
greedy 18e2 2 20 - 0.29 4.23 384352
dry 56e6 2 205 - 0.78 1.81 1123924
aoDLAV 56e6 2 205 - 5.02 355.57 8330816
aoULAV 56e6 2 205 - 6.08 344.97 8330820
aoD2AG 56e6 2 205 - 11.00 498.59 12248180
aoD2SG 56e6 2 205 - 11.61 592.16 12695376
