dry 1e8 5 187 - 2.12 6.24 4327056
aoDLAV 1e8 5 187 - 10.86 2590.21 23065204
aoULAV 1e8 5 187 - 15.97 2684.60 23065204
aoD2AG 1e8 5 187 - 25.48 2932.67 30455792
aoD2SG 1e8 5 187 - 26.20 3587.18 31310548
dry 175e2 2 153 - 0.02 0.12 28628
aoDLAV 175e2 2 153 - 0.03 0.18 30716
aoULAV 175e2 2 153 - 0.03 0.18 30716
aoD2AG 175e2 2 153 - 0.03 0.19 31760
aoD2SG 175e2 2 153 - 0.04 0.19 31760
moore 175e2 2 153 - 2.72 4314.70 9014024
nbpm 175e2 2 153 - 21.04 2167.39 22863132
greedy 175e2 2 153 - 18.88 985.98 33516976
dry 175e2 2 155 - 0.03 0.12 26732
aoDLAV 175e2 2 155 - 0.03 0.19 30720
aoULAV 175e2 2 155 - 0.03 0.19 30716
aoD2AG 175e2 2 155 - 0.03 0.20 31752
aoD2SG 175e2 2 155 - 0.04 0.21 31756
moore 175e2 2 155 - 2.77 4405.10 9014024
nbpm 175e2 2 155 - 21.87 1829.61 22863136
greedy 175e2 2 155 - 18.55 1026.09 33516976
dry 18e3 2 123 - 0.03 0.12 26748
aoDLAV 18e3 2 123 - 0.02 0.20 30740
aoULAV 18e3 2 123 - 0.03 0.19 30740
aoD2AG 18e3 2 123 - 0.03 0.21 31804
aoD2SG 18e3 2 123 - 0.03 0.21 31812
moore 18e3 2 123 - 3.08 4741.30 9534976
nbpm 18e3 2 123 - 23.74 1895.24 25451056
greedy 18e3 2 123 - 19.77 1046.15 35458368
dry 18e3 2 5 - 0.03 0.11 26752
aoDLAV 18e3 2 5 - 0.03 0.18 30740
aoULAV 18e3 2 5 - 0.04 0.18 30744
aoD2AG 18e3 2 5 - 0.04 0.20 31804
aoD2SG 18e3 2 5 - 0.03 0.21 31816
moore 18e3 2 5 - 2.93 4530.96 9534984
nbpm 18e3 2 5 - 23.91 1961.69 25451060
greedy 18e3 2 5 - 21.05 1057.24 35458364
dry 125e2 2 158 - 0.02 0.12 26532
aoDLAV 125e2 2 158 - 0.04 0.17 30712
aoULAV 125e2 2 158 - 0.03 0.17 30712
aoD2AG 125e2 2 158 - 0.03 0.19 31376
aoD2SG 125e2 2 158 - 0.03 0.19 31376
moore 125e2 2 158 - 1.53 1876.79 4611548
nbpm 125e2 2 158 - 11.64 690.92 12302328
greedy 125e2 2 158 - 9.89 422.31 17109964
dry 18e3 2 15 - 0.03 0.11 28632
aoDLAV 18e3 2 15 - 0.03 0.19 30740
aoULAV 18e3 2 15 - 0.04 0.18 30744
aoD2AG 18e3 2 15 - 0.03 0.20 31804
aoD2SG 18e3 2 15 - 0.04 0.19 31824
moore 18e3 2 15 - 2.75 5450.05 9534976
nbpm 18e3 2 15 - 23.91 1936.03 25451108
greedy 18e3 2 15 - 20.49 1021.88 35458368
dry 2e4 5 162 - 0.04 0.11 27776
aoDLAV 2e4 5 162 - 0.04 0.30 32756
aoULAV 2e4 5 162 - 0.03 0.31 32772
aoD2AG 2e4 5 162 - 0.03 0.34 33344
aoD2SG 2e4 5 162 - 0.03 0.36 32860
moore 2e4 5 162 - 3.47 6875.47 11768084
nbpm 2e4 5 162 - 28.71 4885.67 34200492
greedy 2e4 5 162 - 24.49 1359.94 43774044
dry 8e7 2 40 - 0.85 2.46 1592676
aoDLAV 8e7 2 40 - 6.16 464.91 11893324
aoULAV 8e7 2 40 - 8.46 493.19 11893328
aoD2AG 8e7 2 40 - 15.03 685.08 17486944
aoD2SG 8e7 2 40 - 16.19 797.45 18124384
dry 9e7 2 32 - 1.00 2.70 1787988
aoDLAV 9e7 2 32 - 7.45 520.99 13377684
aoULAV 9e7 2 32 - 9.59 558.74 13377684
aoD2AG 9e7 2 32 - 16.60 787.10 19671004
aoD2SG 9e7 2 32 - 17.58 931.27 20385724
dry 175e2 2 101 - 0.03 0.11 26736
aoDLAV 175e2 2 101 - 0.03 0.18 30720
aoULAV 175e2 2 101 - 0.03 0.18 30720
aoD2AG 175e2 2 101 - 0.03 0.20 31752
aoD2SG 175e2 2 101 - 0.04 0.20 31760
moore 175e2 2 101 - 2.75 5064.15 9014024
nbpm 175e2 2 101 - 21.58 1783.36 22863136
greedy 175e2 2 101 - 18.50 1083.93 33516976
dry 2e4 5 126 - 0.02 0.12 27776
aoDLAV 2e4 5 126 - 0.03 0.29 32756
aoULAV 2e4 5 126 - 0.03 0.29 32768
aoD2AG 2e4 5 126 - 0.04 0.32 33344
aoD2SG 2e4 5 126 - 0.03 0.35 32860
moore 2e4 5 126 - 3.58 7184.76 11768080
nbpm 2e4 5 126 - 29.56 5070.93 34200496
greedy 2e4 5 126 - 24.99 1270.59 43774004
dry 18e3 2 53 - 0.02 0.12 26748
aoDLAV 18e3 2 53 - 0.03 0.18 30744
aoULAV 18e3 2 53 - 0.03 0.19 30740
aoD2AG 18e3 2 53 - 0.03 0.20 31812
aoD2SG 18e3 2 53 - 0.03 0.21 31812
moore 18e3 2 53 - 2.88 5431.80 9534976
nbpm 18e3 2 53 - 23.90 1977.00 25451056
greedy 18e3 2 53 - 22.00 1024.50 35458368
dry 8e7 2 48 - 0.93 2.45 1592676
aoDLAV 8e7 2 48 - 6.82 466.14 11893328
aoULAV 8e7 2 48 - 8.49 504.33 11893324
aoD2AG 8e7 2 48 - 14.82 710.11 17489884
aoD2SG 8e7 2 48 - 16.40 842.20 18128076
dry 18e3 2 6 - 0.02 0.12 26752
aoDLAV 18e3 2 6 - 0.02 0.19 30740
aoULAV 18e3 2 6 - 0.02 0.19 30740
aoD2AG 18e3 2 6 - 0.03 0.20 31808
aoD2SG 18e3 2 6 - 0.03 0.21 31812
moore 18e3 2 6 - 2.86 4387.71 9534980
nbpm 18e3 2 6 - 23.19 1866.35 25451060
greedy 18e3 2 6 - 18.69 1034.39 35458364
dry 2e4 5 191 - 0.03 0.12 27780
aoDLAV 2e4 5 191 - 0.03 0.29 32756
aoULAV 2e4 5 191 - 0.03 0.29 32768
aoD2AG 2e4 5 191 - 0.04 0.32 33392
aoD2SG 2e4 5 191 - 0.03 0.35 32864
moore 2e4 5 191 - 3.46 7038.04 11768084
nbpm 2e4 5 191 - 29.26 4724.78 34200496
greedy 2e4 5 191 - 24.94 1282.47 43774008
dry 125e2 2 53 - 0.02 0.12 26532
aoDLAV 125e2 2 53 - 0.03 0.17 30712
aoULAV 125e2 2 53 - 0.03 0.18 30708
aoD2AG 125e2 2 53 - 0.03 0.19 31376
aoD2SG 125e2 2 53 - 0.03 0.19 31376
moore 125e2 2 53 - 2.31 2203.36 4611540
nbpm 125e2 2 53 - 11.55 744.80 12302320
greedy 125e2 2 53 - 9.34 453.02 17109964
dry 1e8 5 248 - 2.29 6.32 4327052
aoDLAV 1e8 5 248 - 11.42 3087.94 23065208
aoULAV 1e8 5 248 - 16.64 2662.17 23065204
aoD2AG 1e8 5 248 - 25.47 2975.03 30455344
aoD2SG 1e8 5 248 - 27.01 3620.62 31312268
dry 2e4 2 237 - 0.03 0.11 26828
aoDLAV 2e4 2 237 - 0.03 0.19 30808
aoULAV 2e4 2 237 - 0.03 0.20 30812
aoD2AG 2e4 2 237 - 0.04 0.21 32284
aoD2SG 2e4 2 237 - 0.03 0.22 32292
moore 2e4 2 237 - 3.47 7545.34 11765556
nbpm 2e4 2 237 - 29.57 2674.89 31402196
greedy 2e4 2 237 - 25.22 1270.44 43771040
dry 9e7 2 178 - 0.99 2.72 1787984
aoDLAV 9e7 2 178 - 6.97 535.63 13377684
aoULAV 9e7 2 178 - 9.08 554.28 13377684
aoD2AG 9e7 2 178 - 16.64 789.52 19668336
aoD2SG 9e7 2 178 - 19.08 955.83 20386084
dry 2e4 2 90 - 0.03 0.12 30532
aoDLAV 2e4 2 90 - 0.03 0.18 30808
aoULAV 2e4 2 90 - 0.03 0.19 30812
aoD2AG 2e4 2 90 - 0.03 0.20 32288
aoD2SG 2e4 2 90 - 0.03 0.21 32292
moore 2e4 2 90 - 3.41 6854.96 11765548
nbpm 2e4 2 90 - 29.23 2640.09 31402188
greedy 2e4 2 90 - 26.25 1263.69 43771044
dry 175e2 2 216 - 0.03 0.11 26732
aoDLAV 175e2 2 216 - 0.02 0.19 30716
aoULAV 175e2 2 216 - 0.03 0.19 30716
aoD2AG 175e2 2 216 - 0.03 0.21 31752
aoD2SG 175e2 2 216 - 0.03 0.20 31760
moore 175e2 2 216 - 2.81 4891.97 9014024
nbpm 175e2 2 216 - 21.39 2127.88 22863140
greedy 175e2 2 216 - 17.91 1003.58 33516976
dry 1e8 2 32 - 1.25 3.09 1983300
aoDLAV 1e8 2 32 - 8.63 770.15 14862072
aoULAV 1e8 2 32 - 10.34 618.75 14862068
aoD2AG 1e8 2 32 - 19.00 878.09 21857972
aoD2SG 1e8 2 32 - 20.79 1037.51 22656356
dry 1e8 5 235 - 2.21 6.21 4327052
aoDLAV 1e8 5 235 - 11.29 2591.31 23065204
aoULAV 1e8 5 235 - 16.00 2598.31 23065204
aoD2AG 1e8 5 235 - 26.46 2944.12 30454756
aoD2SG 1e8 5 235 - 26.99 3492.94 31312136
dry 18e3 2 111 - 0.04 0.11 26748
aoDLAV 18e3 2 111 - 0.03 0.19 30740
aoULAV 18e3 2 111 - 0.03 0.20 30740
aoD2AG 18e3 2 111 - 0.03 0.21 31812
aoD2SG 18e3 2 111 - 0.03 0.22 31812
moore 18e3 2 111 - 3.10 4927.24 9534984
nbpm 18e3 2 111 - 23.89 1996.08 25451064
greedy 18e3 2 111 - 19.22 1335.87 35458388
dry 2e4 2 70 - 0.03 0.11 26828
aoDLAV 2e4 2 70 - 0.04 0.19 30808
aoULAV 2e4 2 70 - 0.04 0.19 30808
aoD2AG 2e4 2 70 - 0.02 0.22 32284
aoD2SG 2e4 2 70 - 0.04 0.21 32292
moore 2e4 2 70 - 3.46 7046.88 11765544
nbpm 2e4 2 70 - 29.04 2626.71 31402184
greedy 2e4 2 70 - 25.42 1225.29 43771044
dry 175e2 2 113 - 0.03 0.11 26732
aoDLAV 175e2 2 113 - 0.03 0.18 30716
aoULAV 175e2 2 113 - 0.03 0.18 30720
aoD2AG 175e2 2 113 - 0.01 0.21 31756
aoD2SG 175e2 2 113 - 0.03 0.20 31780
moore 175e2 2 113 - 2.79 4365.77 9014032
nbpm 175e2 2 113 - 25.53 1906.89 22863144
greedy 175e2 2 113 - 18.67 994.71 33516976
dry 2e4 5 143 - 0.02 0.12 29360
aoDLAV 2e4 5 143 - 0.03 0.28 32756
aoULAV 2e4 5 143 - 0.03 0.29 32768
aoD2AG 2e4 5 143 - 0.03 0.32 33344
aoD2SG 2e4 5 143 - 0.04 0.34 32860
moore 2e4 5 143 - 3.51 6581.69 11768084
nbpm 2e4 5 143 - 29.03 4777.89 34200496
greedy 2e4 5 143 - 24.66 1305.54 43774008
dry 18e3 2 49 - 0.03 0.11 26748
aoDLAV 18e3 2 49 - 0.03 0.19 30740
aoULAV 18e3 2 49 - 0.03 0.19 30744
aoD2AG 18e3 2 49 - 0.03 0.20 31804
aoD2SG 18e3 2 49 - 0.03 0.21 31816
moore 18e3 2 49 - 2.87 5075.64 9534988
nbpm 18e3 2 49 - 24.13 1912.14 25451064
greedy 18e3 2 49 - 20.32 1031.78 35458368
dry 2e4 2 120 - 0.03 0.12 26828
aoDLAV 2e4 2 120 - 0.03 0.19 30808
aoULAV 2e4 2 120 - 0.03 0.20 30808
aoD2AG 2e4 2 120 - 0.04 0.20 32284
aoD2SG 2e4 2 120 - 0.02 0.22 32288
moore 2e4 2 120 - 3.63 7979.51 11765552
nbpm 2e4 2 120 - 29.82 5485.36 31402196
greedy 2e4 2 120 - 25.03 1288.47 43771040
dry 175e2 2 43 - 0.03 0.11 26732
aoDLAV 175e2 2 43 - 0.02 0.19 30716
aoULAV 175e2 2 43 - 0.02 0.19 30716
aoD2AG 175e2 2 43 - 0.02 0.21 31752
aoD2SG 175e2 2 43 - 0.02 0.21 31764
moore 175e2 2 43 - 2.94 4382.74 9014024
nbpm 175e2 2 43 - 21.13 1853.04 22863136
greedy 175e2 2 43 - 17.98 923.34 33516976
dry 175e2 2 91 - 0.02 0.12 26732
aoDLAV 175e2 2 91 - 0.03 0.18 30716
aoULAV 175e2 2 91 - 0.02 0.19 30716
aoD2AG 175e2 2 91 - 0.03 0.20 31752
aoD2SG 175e2 2 91 - 0.03 0.20 31764
