dry 56e2 2 226 - 0.02 0.12 26236
aoDLAV 56e2 2 226 - 0.03 0.15 30976
aoULAV 56e2 2 226 - 0.03 0.15 30988
aoD2AG 56e2 2 226 - 0.03 0.17 31960
aoD2SG 56e2 2 226 - 0.03 0.18 31124
moore 56e2 2 226 - 0.39 146.57 949980
nbpm 56e2 2 226 - 2.33 72.75 2388080
greedy 56e2 2 226 - 1.90 80.29 3460488
dry 1e4 10 13 - 0.02 0.13 28928
aoDLAV 1e4 10 13 - 0.03 0.75 32764
aoULAV 1e4 10 13 - 0.04 0.70 32776
aoD2AG 1e4 10 13 - 0.03 0.75 32744
aoD2SG 1e4 10 13 - 0.03 0.81 34224
moore 1e4 10 13 - 1.22 824.64 2963852
nbpm 1e4 10 13 - 7.52 691.56 7764388
greedy 1e4 10 13 - 6.40 281.55 10961108
dry 5e7 2 145 - 0.61 1.61 1006736
aoDLAV 5e7 2 145 - 4.19 296.25 7440192
aoULAV 5e7 2 145 - 5.46 318.20 7440192
aoD2AG 5e7 2 145 - 9.88 570.65 10937312
aoD2SG 5e7 2 145 - 10.35 521.03 11335100
dry 1e4 10 58 - 0.03 0.13 27688
aoDLAV 1e4 10 58 - 0.03 0.74 32764
aoULAV 1e4 10 58 - 0.03 0.74 32776
aoD2AG 1e4 10 58 - 0.03 0.74 32744
aoD2SG 1e4 10 58 - 0.04 0.90 34176
moore 1e4 10 58 - 1.08 1119.75 2963852
nbpm 1e4 10 58 - 7.56 788.18 7764384
greedy 1e4 10 58 - 6.58 282.78 10961112
dry 32e6 2 225 - 0.37 1.11 655176
aoDLAV 32e6 2 225 - 2.64 177.89 4768324
aoULAV 32e6 2 225 - 2.52 193.66 4768324
aoD2AG 32e6 2 225 - 6.10 277.01 7006416
aoD2SG 32e6 2 225 - 6.32 320.00 7261616
dry 32e2 2 109 - 0.02 0.12 26116
aoDLAV 32e2 2 109 - 0.03 0.14 30544
aoULAV 32e2 2 109 - 0.03 0.15 30552
aoD2AG 32e2 2 109 - 0.03 0.15 31216
aoD2SG 32e2 2 109 - 0.03 0.14 31256
moore 32e2 2 109 - 0.19 48.11 330516
nbpm 32e2 2 109 - 0.87 20.44 854752
greedy 32e2 2 109 - 0.70 22.50 1150184
dry 25e2 2 124 - 0.02 0.12 26080
aoDLAV 25e2 2 124 - 0.02 0.15 30452
aoULAV 25e2 2 124 - 0.04 0.13 30468
aoD2AG 25e2 2 124 - 0.03 0.15 30984
aoD2SG 25e2 2 124 - 0.03 0.15 31012
moore 25e2 2 124 - 0.10 44.13 213604
nbpm 25e2 2 124 - 0.56 12.33 541644
greedy 25e2 2 124 - 0.46 10.67 713664
dry 56e2 2 246 - 0.03 0.12 26236
aoDLAV 56e2 2 246 - 0.04 0.14 30976
aoULAV 56e2 2 246 - 0.03 0.14 30988
aoD2AG 56e2 2 246 - 0.03 0.17 32032
aoD2SG 56e2 2 246 - 0.03 0.17 31128
moore 56e2 2 246 - 0.73 239.21 952716
nbpm 56e2 2 246 - 2.30 95.35 2388080
greedy 56e2 2 246 - 1.93 78.18 3460492
dry 5e7 2 206 - 0.57 1.61 1006736
aoDLAV 5e7 2 206 - 4.22 293.16 7440192
aoULAV 5e7 2 206 - 5.53 319.07 7440192
aoD2AG 5e7 2 206 - 9.86 439.68 10937984
aoD2SG 5e7 2 206 - 10.81 655.08 11336124
dry 25e2 2 25 - 0.03 0.11 26084
aoDLAV 25e2 2 25 - 0.03 0.15 30456
aoULAV 25e2 2 25 - 0.02 0.16 30464
aoD2AG 25e2 2 25 - 0.03 0.16 31000
aoD2SG 25e2 2 25 - 0.03 0.16 31036
moore 25e2 2 25 - 0.11 37.60 213604
nbpm 25e2 2 25 - 0.55 12.96 541672
greedy 25e2 2 25 - 0.40 11.53 713664
dry 3e7 2 99 - 0.33 1.05 616104
aoDLAV 3e7 2 99 - 2.50 166.52 4471428
aoULAV 3e7 2 99 - 3.48 173.08 4471428
aoD2AG 3e7 2 99 - 5.38 247.33 6570316
aoD2SG 3e7 2 99 - 6.14 285.37 6810432
dry 32e2 2 185 - 0.02 0.13 26112
aoDLAV 32e2 2 185 - 0.04 0.16 30544
aoULAV 32e2 2 185 - 0.05 0.15 30552
aoD2AG 32e2 2 185 - 0.04 0.16 31208
aoD2SG 32e2 2 185 - 0.04 0.16 31244
moore 32e2 2 185 - 0.33 81.46 330520
nbpm 32e2 2 185 - 0.91 19.99 854760
greedy 32e2 2 185 - 0.69 24.72 1150164
dry 56e2 2 46 - 0.02 0.12 28260
aoDLAV 56e2 2 46 - 0.03 0.15 30980
aoULAV 56e2 2 46 - 0.03 0.16 30988
aoD2AG 56e2 2 46 - 0.03 0.16 31960
aoD2SG 56e2 2 46 - 0.03 0.17 31120
moore 56e2 2 46 - 0.68 231.24 952724
nbpm 56e2 2 46 - 2.40 75.10 2388092
greedy 56e2 2 46 - 2.18 80.42 3460492
dry 1e4 10 122 - 0.03 0.12 27688
aoDLAV 1e4 10 122 - 0.04 0.70 32768
aoULAV 1e4 10 122 - 0.04 0.68 32776
aoD2AG 1e4 10 122 - 0.03 0.73 32748
aoD2SG 1e4 10 122 - 0.04 0.78 34180
moore 1e4 10 122 - 1.06 1596.34 2963852
nbpm 1e4 10 122 - 7.50 703.33 7764388
greedy 1e4 10 122 - 6.29 267.07 10961112
dry 2e7 2 76 - 0.28 0.76 420800
aoDLAV 2e7 2 76 - 1.76 109.24 2987072
aoULAV 2e7 2 76 - 2.28 111.09 2987068
aoD2AG 2e7 2 76 - 3.57 160.88 4387016
aoD2SG 2e7 2 76 - 4.21 234.30 4545000
dry 2e7 2 50 - 0.28 0.76 420796
aoDLAV 2e7 2 50 - 1.73 107.17 2987068
aoULAV 2e7 2 50 - 1.64 114.76 2987068
aoD2AG 2e7 2 50 - 3.36 160.67 4389184
aoD2SG 2e7 2 50 - 4.19 185.36 4546404
dry 1e4 10 207 - 0.02 0.12 28956
aoDLAV 1e4 10 207 - 0.03 0.76 32764
aoULAV 1e4 10 207 - 0.02 0.78 32776
aoD2AG 1e4 10 207 - 0.05 0.95 32744
aoD2SG 1e4 10 207 - 0.04 1.23 34176
moore 1e4 10 207 - 1.20 1007.40 2963856
nbpm 1e4 10 207 - 7.35 693.69 7764388
greedy 1e4 10 207 - 6.80 300.09 10961112
dry 25e2 2 111 - 0.03 0.12 26084
aoDLAV 25e2 2 111 - 0.03 0.15 30456
aoULAV 25e2 2 111 - 0.03 0.15 30464
aoD2AG 25e2 2 111 - 0.03 0.15 30980
aoD2SG 25e2 2 111 - 0.03 0.16 31028
moore 25e2 2 111 - 0.10 32.49 213596
nbpm 25e2 2 111 - 0.60 13.51 541636
greedy 25e2 2 111 - 0.47 11.28 713664
dry 2e7 2 33 - 0.25 0.74 420796
aoDLAV 2e7 2 33 - 1.71 108.50 2987068
aoULAV 2e7 2 33 - 2.21 114.33 2987068
aoD2AG 2e7 2 33 - 3.42 160.84 4386192
aoD2SG 2e7 2 33 - 4.14 188.67 4544052
dry 50e2 2 242 - 0.02 0.12 26208
aoDLAV 50e2 2 242 - 0.03 0.15 30848
aoULAV 50e2 2 242 - 0.03 0.15 30860
aoD2AG 50e2 2 242 - 0.03 0.16 31776
aoD2SG 50e2 2 242 - 0.03 0.17 31848
moore 50e2 2 242 - 0.32 111.30 762976
nbpm 50e2 2 242 - 1.89 53.82 2011916
greedy 50e2 2 242 - 1.63 64.68 2764780
dry 75e2 2 168 - 0.02 0.12 26328
aoDLAV 75e2 2 168 - 0.03 0.17 31376
aoULAV 75e2 2 168 - 0.04 0.16 31388
aoD2AG 75e2 2 168 - 0.03 0.19 31384
aoD2SG 75e2 2 168 - 0.04 0.18 31380
moore 75e2 2 168 - 0.73 367.52 1683872
nbpm 75e2 2 168 - 4.33 166.68 4242128
greedy 75e2 2 168 - 3.68 150.81 6183096
dry 3e7 2 5 - 0.37 1.02 616104
aoDLAV 3e7 2 5 - 2.57 171.47 4471428
aoULAV 3e7 2 5 - 2.58 180.49 4471432
aoD2AG 3e7 2 5 - 5.94 257.60 6571284
aoD2SG 3e7 2 5 - 6.19 297.16 6812220
dry 50e2 2 200 - 0.03 0.11 26204
aoDLAV 50e2 2 200 - 0.02 0.15 30848
aoULAV 50e2 2 200 - 0.02 0.16 30860
aoD2AG 50e2 2 200 - 0.03 0.15 31796
aoD2SG 50e2 2 200 - 0.03 0.17 31896
moore 50e2 2 200 - 0.60 170.20 764632
nbpm 50e2 2 200 - 2.06 60.54 2011924
greedy 50e2 2 200 - 1.67 62.79 2764780
dry 1e4 5 228 - 0.03 0.11 26904
aoDLAV 1e4 5 228 - 0.03 0.21 31088
aoULAV 1e4 5 228 - 0.03 0.22 31100
aoD2AG 1e4 5 228 - 0.04 0.22 32108
aoD2SG 1e4 5 228 - 0.03 0.24 32108
moore 1e4 5 228 - 1.20 1249.34 2961736
nbpm 1e4 5 228 - 7.37 604.87 7811456
greedy 1e4 5 228 - 6.84 301.57 10959172
dry 18e6 2 21 - 0.27 0.69 381736
aoDLAV 18e6 2 21 - 1.48 94.15 2690192
aoULAV 18e6 2 21 - 1.55 103.56 2690192
aoD2AG 18e6 2 21 - 3.61 146.69 3952088
aoD2SG 18e6 2 21 - 3.31 164.66 4097320
dry 3e7 2 94 - 0.38 1.07 616108
aoDLAV 3e7 2 94 - 2.58 197.50 4471428
aoULAV 3e7 2 94 - 2.72 182.97 4471428
aoD2AG 3e7 2 94 - 5.80 258.73 6569176
aoD2SG 3e7 2 94 - 6.32 294.52 6811180
dry 25e2 2 12 - 0.03 0.11 26084
aoDLAV 25e2 2 12 - 0.03 0.14 30452
aoULAV 25e2 2 12 - 0.03 0.14 30464
aoD2AG 25e2 2 12 - 0.04 0.14 31012
aoD2SG 25e2 2 12 - 0.03 0.15 31044
moore 25e2 2 12 - 0.10 23.70 213600
nbpm 25e2 2 12 - 0.57 12.28 541740
greedy 25e2 2 12 - 0.46 10.13 713664
dry 56e2 2 63 - 0.03 0.11 26236
aoDLAV 56e2 2 63 - 0.03 0.16 30976
aoULAV 56e2 2 63 - 0.04 0.15 30988
aoD2AG 56e2 2 63 - 0.03 0.17 31984
aoD2SG 56e2 2 63 - 0.03 0.18 31124
moore 56e2 2 63 - 1.18 322.56 952716
nbpm 56e2 2 63 - 2.43 71.58 2388100
greedy 56e2 2 63 - 2.31 80.38 3460488
dry 56e2 2 148 - 0.02 0.12 26240
aoDLAV 56e2 2 148 - 0.03 0.16 30980
aoULAV 56e2 2 148 - 0.03 0.16 30988
aoD2AG 56e2 2 148 - 0.03 0.17 31984
aoD2SG 56e2 2 148 - 0.04 0.17 31124
moore 56e2 2 148 - 0.87 244.92 952716
nbpm 56e2 2 148 - 2.45 91.30 2388080
greedy 56e2 2 148 - 1.88 77.63 3460492
dry 32e6 2 32 - 0.36 1.07 655180
aoDLAV 32e6 2 32 - 2.52 176.00 4768324
aoULAV 32e6 2 32 - 3.46 190.41 4768328
aoD2AG 32e6 2 32 - 5.56 276.72 7008460
aoD2SG 32e6 2 32 - 6.69 318.05 7263728
dry 6e7 2 211 - 0.69 1.91 1202044
aoDLAV 6e7 2 211 - 5.07 351.48 8924564
aoULAV 6e7 2 211 - 6.81 370.91 8924564
aoD2AG 6e7 2 211 - 11.96 539.77 13120308
aoD2SG 6e7 2 211 - 12.63 655.07 13600960
dry 1e4 5 167 - 0.02 0.12 26904
aoDLAV 1e4 5 167 - 0.04 0.21 31084
aoULAV 1e4 5 167 - 0.03 0.21 31096
aoD2AG 1e4 5 167 - 0.03 0.22 32108
aoD2SG 1e4 5 167 - 0.04 0.23 32112
moore 1e4 5 167 - 1.15 792.82 2961740
nbpm 1e4 5 167 - 7.56 681.17 7811452
greedy 1e4 5 167 - 7.01 330.23 10959176
dry 56e6 2 60 - 0.64 1.78 1123924
aoDLAV 56e6 2 60 - 4.68 333.66 8330820
aoULAV 56e6 2 60 - 5.93 355.91 8330820
aoD2AG 56e6 2 60 - 10.84 499.35 12248424
aoD2SG 56e6 2 60 - 11.77 591.31 12697392
dry 18e6 2 234 - 0.23 0.70 381736
aoDLAV 18e6 2 234 - 1.62 102.64 2690192
aoULAV 18e6 2 234 - 2.01 105.18 2690192
aoD2AG 18e6 2 234 - 3.14 143.25 3950404
aoD2SG 18e6 2 234 - 3.28 167.22 4094556
dry 56e6 2 174 - 0.62 1.83 1123924
aoDLAV 56e6 2 174 - 4.87 341.78 8330816
aoULAV 56e6 2 174 - 6.41 354.52 8330816
aoD2AG 56e6 2 174 - 11.39 508.50 12249276
aoD2SG 56e6 2 174 - 11.79 602.30 12696552
dry 1e4 10 83 - 0.03 0.12 29000
aoDLAV 1e4 10 83 - 0.03 0.69 32764
aoULAV 1e4 10 83 - 0.03 0.68 32776
aoD2AG 1e4 10 83 - 0.03 0.69 32744
aoD2SG 1e4 10 83 - 0.03 0.78 34180
moore 1e4 10 83 - 1.20 833.44 2963852
nbpm 1e4 10 83 - 7.65 722.99 7764484
greedy 1e4 10 83 - 7.13 294.36 10961108
dry 32e6 2 84 - 0.40 1.09 655176
aoDLAV 32e6 2 84 - 2.60 179.63 4768324
aoULAV 32e6 2 84 - 3.66 189.43 4768324
aoD2AG 32e6 2 84 - 6.21 267.35 7009160
aoD2SG 32e6 2 84 - 6.76 315.68 7262876
dry 1e4 10 75 - 0.03 0.12 27692
aoDLAV 1e4 10 75 - 0.03 0.69 32764
aoULAV 1e4 10 75 - 0.03 0.69 32776
aoD2AG 1e4 10 75 - 0.03 0.71 32744
aoD2SG 1e4 10 75 - 0.04 0.76 34176
moore 1e4 10 75 - 1.12 1225.98 2963852
nbpm 1e4 10 75 - 7.77 872.66 7764392
greedy 1e4 10 75 - 6.85 275.44 10961108
dry 4e7 2 24 - 0.49 1.33 811428
aoDLAV 4e7 2 24 - 3.52 231.30 5955820
aoULAV 4e7 2 24 - 3.44 248.37 5955816
aoD2AG 4e7 2 24 - 8.22 389.11 8754688
aoD2SG 4e7 2 24 - 8.26 418.15 9072116
dry 32e6 2 59 - 0.39 1.10 655176
aoDLAV 32e6 2 59 - 2.78 187.18 4768324
aoULAV 32e6 2 59 - 3.58 185.74 4768328
aoD2AG 32e6 2 59 - 5.50 263.86 7007088
aoD2SG 32e6 2 59 - 6.75 319.45 7262260
dry 3e7 2 21 - 0.35 1.03 616108
aoDLAV 3e7 2 21 - 2.63 198.48 4471432
aoULAV 3e7 2 21 - 3.36 178.14 4471428
aoD2AG 3e7 2 21 - 5.95 256.62 6573648
aoD2SG 3e7 2 21 - 6.38 287.89 6810004
dry 25e2 2 206 - 0.02 0.12 26084
aoDLAV 25e2 2 206 - 0.03 0.15 30452
aoULAV 25e2 2 206 - 0.04 0.14 30464
aoD2AG 25e2 2 206 - 0.02 0.16 30976
aoD2SG 25e2 2 206 - 0.03 0.16 31020
moore 25e2 2 206 - 0.10 14.39 213632
nbpm 25e2 2 206 - 0.60 14.13 541640
greedy 25e2 2 206 - 0.46 9.58 713664
dry 7e7 2 155 - 0.86 2.21 1397356
aoDLAV 7e7 2 155 - 5.94 407.95 10408936
aoULAV 7e7 2 155 - 7.68 441.87 10408940
aoD2AG 7e7 2 155 - 13.47 631.89 15302072
aoD2SG 7e7 2 155 - 14.58 750.13 15863536
dry 7e7 2 202 - 0.76 2.25 1397356
aoDLAV 7e7 2 202 - 6.10 429.55 10408936
aoULAV 7e7 2 202 - 7.50 458.60 10408936
aoD2AG 7e7 2 202 - 13.71 652.60 15301872
aoD2SG 7e7 2 202 - 14.38 749.55 15860344
dry 18e2 2 33 - 0.01 0.12 26052
aoDLAV 18e2 2 33 - 0.03 0.14 30372
aoULAV 18e2 2 33 - 0.04 0.14 30384
aoD2AG 18e2 2 33 - 0.04 0.13 30788
aoD2SG 18e2 2 33 - 0.03 0.15 30836
moore 18e2 2 33 - 0.08 23.37 125416
nbpm 18e2 2 33 - 0.18 7.97 334540
greedy 18e2 2 33 - 0.21 4.08 384352
dry 75e2 2 246 - 0.02 0.13 26328
aoDLAV 75e2 2 246 - 0.03 0.15 31376
aoULAV 75e2 2 246 - 0.03 0.15 31392
aoD2AG 75e2 2 246 - 0.03 0.17 31380
aoD2SG 75e2 2 246 - 0.02 0.18 31384
moore 75e2 2 246 - 1.60 547.63 1688784
nbpm 75e2 2 246 - 4.25 156.46 4242124
greedy 75e2 2 246 - 3.88 158.48 6183092
dry 75e2 2 50 - 0.02 0.12 26328
aoDLAV 75e2 2 50 - 0.03 0.16 31376
aoULAV 75e2 2 50 - 0.03 0.16 31392
aoD2AG 75e2 2 50 - 0.03 0.19 31380
aoD2SG 75e2 2 50 - 0.03 0.18 31380
moore 75e2 2 50 - 1.21 472.17 1688792
nbpm 75e2 2 50 - 4.08 157.50 4242132
greedy 75e2 2 50 - 3.96 158.24 6183096
dry 32e6 2 124 - 0.39 1.10 655176
aoDLAV 32e6 2 124 - 2.65 182.45 4768324
aoULAV 32e6 2 124 - 3.39 199.32 4768324
aoD2AG 32e6 2 124 - 5.54 276.54 7008440
aoD2SG 32e6 2 124 - 6.58 318.26 7262484
dry 6e7 2 181 - 0.66 1.93 1202048
aoDLAV 6e7 2 181 - 5.19 364.70 8924560
aoULAV 6e7 2 181 - 6.38 385.39 8924564
aoD2AG 6e7 2 181 - 11.89 551.86 13123612
aoD2SG 6e7 2 181 - 12.26 637.25 13601240
dry 56e2 2 13 - 0.03 0.11 26236
aoDLAV 56e2 2 13 - 0.03 0.15 30980
aoULAV 56e2 2 13 - 0.03 0.15 30988
aoD2AG 56e2 2 13 - 0.03 0.17 31984
aoD2SG 56e2 2 13 - 0.04 0.17 31124
moore 56e2 2 13 - 0.64 208.22 952720
nbpm 56e2 2 13 - 2.43 75.50 2388084
greedy 56e2 2 13 - 2.27 84.07 3460488
dry 6e7 2 224 - 0.70 1.94 1202044
aoDLAV 6e7 2 224 - 5.04 359.69 8924560
aoULAV 6e7 2 224 - 6.89 395.59 8924564
aoD2AG 6e7 2 224 - 12.01 548.48 13118420
aoD2SG 6e7 2 224 - 12.75 640.44 13599756
dry 2e7 2 100 - 0.24 0.76 420800
aoDLAV 2e7 2 100 - 1.89 106.02 2987068
aoULAV 2e7 2 100 - 1.61 115.00 2987068
aoD2AG 2e7 2 100 - 3.94 159.27 4385988
aoD2SG 2e7 2 100 - 3.64 192.78 4545988
dry 1e4 5 100 - 0.03 0.12 26900
aoDLAV 1e4 5 100 - 0.04 0.24 31084
aoULAV 1e4 5 100 - 0.05 0.23 31096
aoD2AG 1e4 5 100 - 0.05 0.24 32108
aoD2SG 1e4 5 100 - 0.03 0.25 32108
moore 1e4 5 100 - 1.25 1232.54 2961736
nbpm 1e4 5 100 - 7.30 658.01 7811452
greedy 1e4 5 100 - 6.85 295.29 10959172
dry 56e2 2 77 - 0.03 0.11 26236
aoDLAV 56e2 2 77 - 0.03 0.15 30976
aoULAV 56e2 2 77 - 0.04 0.14 30988
aoD2AG 56e2 2 77 - 0.03 0.17 31972
aoD2SG 56e2 2 77 - 0.02 0.18 31124
moore 56e2 2 77 - 0.66 219.57 952720
nbpm 56e2 2 77 - 2.39 73.17 2388080
greedy 56e2 2 77 - 2.00 76.57 3460496
dry 75e2 2 82 - 0.02 0.13 26328
aoDLAV 75e2 2 82 - 0.03 0.15 31376
aoULAV 75e2 2 82 - 0.03 0.16 31392
aoD2AG 75e2 2 82 - 0.02 0.18 31384
aoD2SG 75e2 2 82 - 0.03 0.18 31380
moore 75e2 2 82 - 1.05 449.13 1688792
nbpm 75e2 2 82 - 3.90 197.26 4242132
greedy 75e2 2 82 - 3.66 153.03 6183092
dry 75e2 2 129 - 0.03 0.12 26332
aoDLAV 75e2 2 129 - 0.03 0.16 31380
aoULAV 75e2 2 129 - 0.04 0.15 31388
aoD2AG 75e2 2 129 - 0.03 0.18 31380
aoD2SG 75e2 2 129 - 0.04 0.18 31380
moore 75e2 2 129 - 0.72 351.31 1683880
nbpm 75e2 2 129 - 4.11 161.55 4242132
greedy 75e2 2 129 - 3.67 160.01 6183096
dry 5e7 2 175 - 0.59 1.61 1006740
aoDLAV 5e7 2 175 - 4.17 295.63 7440192
aoULAV 5e7 2 175 - 5.41 307.61 7440192
aoD2AG 5e7 2 175 - 9.72 447.58 10934752
aoD2SG 5e7 2 175 - 10.33 513.54 11336496
dry 1e4 2 4 - 0.02 0.12 26432
aoDLAV 1e4 2 4 - 0.02 0.17 31864
aoULAV 1e4 2 4 - 0.02 0.18 31876
aoD2AG 1e4 2 4 - 0.03 0.18 31876
aoD2SG 1e4 2 4 - 0.03 0.18 31992
moore 1e4 2 4 - 1.14 1261.77 2960580
nbpm 1e4 2 4 - 7.46 355.43 7889424
greedy 1e4 2 4 - 6.33 281.40 10968568
