dry 275e2 2 137 - 0.02 0.10 28864
aoDLAV 275e2 2 137 - 0.03 0.16 31244
aoULAV 275e2 2 137 - 0.02 0.17 31572
aoD2AG 275e2 2 137 - 0.02 0.19 34692
aoD2SG 275e2 2 137 - 0.03 0.19 34812
dry 225e2 2 39 - 0.02 0.10 26920
aoDLAV 225e2 2 39 - 0.02 0.16 30984
aoULAV 225e2 2 39 - 0.02 0.16 30996
aoD2AG 225e2 2 39 - 0.02 0.18 33368
aoD2SG 225e2 2 39 - 0.02 0.19 33464
dry 350e2 2 19 - 0.02 0.11 27416
aoDLAV 350e2 2 19 - 0.03 0.18 31480
aoULAV 350e2 2 19 - 0.02 0.19 32256
aoD2AG 350e2 2 19 - 0.03 0.21 34848
aoD2SG 350e2 2 19 - 0.03 0.22 35132
dry 18e1 2 193 - 0.02 0.09 26004
aoDLAV 18e1 2 193 - 0.01 0.13 30188
aoULAV 18e1 2 193 - 0.03 0.11 30200
aoD2AG 18e1 2 193 - 0.02 0.12 30356
aoD2SG 18e1 2 193 - 0.02 0.13 30364
moore 18e1 2 193 - 0.03 0.19 30488
nbpm 18e1 2 193 - 0.06 1.83 54436
greedy 18e1 2 193 - 0.02 0.13 33348
dry 32e1 2 116 - 0.02 0.10 26000
aoDLAV 32e1 2 116 - 0.02 0.12 30196
aoULAV 32e1 2 116 - 0.02 0.12 30208
aoD2AG 32e1 2 116 - 0.02 0.12 30376
aoD2SG 32e1 2 116 - 0.02 0.12 30384
moore 32e1 2 116 - 0.02 0.45 33688
nbpm 32e1 2 116 - 0.06 2.02 58304
greedy 32e1 2 116 - 0.03 0.19 40972
dry 1e3 2 229 - 0.01 0.11 26020
aoDLAV 1e3 2 229 - 0.02 0.13 30284
aoULAV 1e3 2 229 - 0.03 0.13 30292
aoD2AG 1e3 2 229 - 0.02 0.13 30548
aoD2SG 1e3 2 229 - 0.02 0.13 30560
moore 1e3 2 229 - 0.04 4.61 59772
nbpm 1e3 2 229 - 0.11 3.62 138552
greedy 1e3 2 229 - 0.08 0.89 139244
dry 225e2 2 10 - 0.01 0.11 26920
aoDLAV 225e2 2 10 - 0.02 0.17 30980
aoULAV 225e2 2 10 - 0.02 0.18 30996
aoD2AG 225e2 2 10 - 0.02 0.19 33368
aoD2SG 225e2 2 10 - 0.02 0.20 33464
dry 250e2 2 165 - 0.03 0.11 27020
aoDLAV 250e2 2 165 - 0.02 0.19 31112
aoULAV 250e2 2 165 - 0.03 0.18 31216
aoD2AG 250e2 2 165 - 0.03 0.19 33860
aoD2SG 250e2 2 165 - 0.03 0.20 33960
dry 32e4 2 232 - 0.02 0.14 36424
aoDLAV 32e4 2 232 - 0.04 1.03 70828
aoULAV 32e4 2 232 - 0.04 1.05 70840
aoD2AG 32e4 2 232 - 0.06 1.37 88908
aoD2SG 32e4 2 232 - 0.07 1.60 91392
dry 400e2 2 47 - 0.01 0.12 29236
aoDLAV 400e2 2 47 - 0.02 0.21 32240
aoULAV 400e2 2 47 - 0.03 0.21 33116
aoD2AG 400e2 2 47 - 0.03 0.24 36072
aoD2SG 400e2 2 47 - 0.02 0.26 35928
dry 350e2 2 73 - 0.02 0.11 27416
aoDLAV 350e2 2 73 - 0.03 0.20 31480
aoULAV 350e2 2 73 - 0.02 0.20 32260
aoD2AG 350e2 2 73 - 0.03 0.22 34848
aoD2SG 350e2 2 73 - 0.03 0.23 35136
dry 375e2 2 132 - 0.02 0.10 29456
aoDLAV 375e2 2 132 - 0.02 0.20 31788
aoULAV 375e2 2 132 - 0.02 0.20 32608
aoD2AG 375e2 2 132 - 0.03 0.22 35516
aoD2SG 375e2 2 132 - 0.03 0.24 35528
dry 225e2 2 148 - 0.02 0.11 26920
aoDLAV 225e2 2 148 - 0.02 0.17 30980
aoULAV 225e2 2 148 - 0.03 0.16 31032
aoD2AG 225e2 2 148 - 0.03 0.18 33368
aoD2SG 225e2 2 148 - 0.03 0.20 33460
dry 32e1 2 42 - 0.02 0.11 26004
aoDLAV 32e1 2 42 - 0.02 0.14 30196
aoULAV 32e1 2 42 - 0.02 0.13 30212
aoD2AG 32e1 2 42 - 0.02 0.14 30380
aoD2SG 32e1 2 42 - 0.03 0.13 30384
moore 32e1 2 42 - 0.03 0.74 33684
nbpm 32e1 2 42 - 0.09 2.45 58308
greedy 32e1 2 42 - 0.03 0.19 40976
dry 375e2 2 107 - 0.02 0.12 27516
aoDLAV 375e2 2 107 - 0.02 0.21 31784
aoULAV 375e2 2 107 - 0.02 0.21 32604
aoD2AG 375e2 2 107 - 0.03 0.23 35520
aoD2SG 375e2 2 107 - 0.03 0.28 35528
dry 56e3 2 129 - 0.03 0.11 29948
aoDLAV 56e3 2 129 - 0.03 0.25 33476
aoULAV 56e3 2 129 - 0.03 0.24 34700
aoD2AG 56e3 2 129 - 0.03 0.32 37284
aoD2SG 56e3 2 129 - 0.03 0.31 37300
dry 1e6 2 135 - 0.04 0.16 49704
aoDLAV 1e6 2 135 - 0.09 3.19 178456
aoULAV 1e6 2 135 - 0.10 3.36 178456
aoD2AG 1e6 2 135 - 0.19 4.68 235996
aoD2SG 1e6 2 135 - 0.19 5.36 241412
dry 1e2 2 229 - 0.02 0.11 25992
aoDLAV 1e2 2 229 - 0.03 0.13 30172
aoULAV 1e2 2 229 - 0.02 0.13 30180
aoD2AG 1e2 2 229 - 0.02 0.14 30332
aoD2SG 1e2 2 229 - 0.02 0.14 30332
moore 1e2 2 229 - 0.02 0.22 30484
nbpm 1e2 2 229 - 0.05 2.24 53000
greedy 1e2 2 229 - 0.02 0.14 30880
dry 300e2 2 38 - 0.03 0.11 29056
aoDLAV 300e2 2 38 - 0.03 0.19 31296
aoULAV 300e2 2 38 - 0.02 0.20 31892
aoD2AG 300e2 2 38 - 0.03 0.22 35056
aoD2SG 300e2 2 38 - 0.02 0.24 34716
dry 375e2 2 50 - 0.02 0.12 27520
aoDLAV 375e2 2 50 - 0.03 0.21 31788
aoULAV 375e2 2 50 - 0.03 0.21 32600
aoD2AG 375e2 2 50 - 0.03 0.24 35516
aoD2SG 375e2 2 50 - 0.02 0.26 35528
dry 225e2 2 113 - 0.02 0.11 26920
aoDLAV 225e2 2 113 - 0.02 0.18 30984
aoULAV 225e2 2 113 - 0.03 0.18 30992
aoD2AG 225e2 2 113 - 0.02 0.21 33372
aoD2SG 225e2 2 113 - 0.03 0.21 33460
dry 32e1 2 242 - 0.02 0.11 26000
aoDLAV 32e1 2 242 - 0.03 0.13 30196
aoULAV 32e1 2 242 - 0.03 0.13 30208
aoD2AG 32e1 2 242 - 0.02 0.14 30380
aoD2SG 32e1 2 242 - 0.02 0.14 30384
moore 32e1 2 242 - 0.03 0.63 33688
nbpm 32e1 2 242 - 0.09 2.33 58312
greedy 32e1 2 242 - 0.03 0.20 40976
dry 1e6 5 136 - 0.04 0.26 73152
aoDLAV 1e6 5 136 - 0.15 18.20 252688
aoULAV 1e6 5 136 - 0.12 18.57 252688
aoD2AG 1e6 5 136 - 0.22 20.99 324712
aoD2SG 1e6 5 136 - 0.21 24.67 332672
dry 1e2 10 12 - 0.02 0.11 26004
aoDLAV 1e2 10 12 - 0.03 0.14 30260
aoULAV 1e2 10 12 - 0.02 0.14 30272
aoD2AG 1e2 10 12 - 0.03 0.14 30440
aoD2SG 1e2 10 12 - 0.02 0.14 30448
moore 1e2 10 12 - 0.03 0.20 30496
nbpm 1e2 10 12 - 0.08 2.11 53076
greedy 1e2 10 12 - 0.03 0.14 30972
dry 250e2 2 8 - 0.02 0.12 27020
aoDLAV 250e2 2 8 - 0.02 0.20 31144
aoULAV 250e2 2 8 - 0.03 0.19 31212
aoD2AG 250e2 2 8 - 0.03 0.22 33856
aoD2SG 250e2 2 8 - 0.02 0.23 33968
dry 1e6 2 37 - 0.04 0.19 49704
aoDLAV 1e6 2 37 - 0.10 3.73 178456
aoULAV 1e6 2 37 - 0.11 4.01 178456
aoD2AG 1e6 2 37 - 0.18 5.61 234372
aoD2SG 1e6 2 37 - 0.18 6.34 242568
dry 225e2 2 146 - 0.02 0.12 28932
aoDLAV 225e2 2 146 - 0.02 0.19 30980
aoULAV 225e2 2 146 - 0.02 0.19 30992
aoD2AG 225e2 2 146 - 0.03 0.21 33372
aoD2SG 225e2 2 146 - 0.03 0.23 33468
dry 1e5 5 141 - 0.03 0.13 34476
aoDLAV 1e5 5 141 - 0.04 1.53 41816
aoULAV 1e5 5 141 - 0.07 1.83 43572
aoD2AG 1e5 5 141 - 0.06 1.70 53564
aoD2SG 1e5 5 141 - 0.05 1.99 53196
dry 5e4 10 58 - 0.03 0.13 33888
aoDLAV 5e4 10 58 - 0.05 11.47 40200
aoULAV 5e4 10 58 - 0.04 7.54 40204
aoD2AG 5e4 10 58 - 0.05 7.70 44984
aoD2SG 5e4 10 58 - 0.11 8.53 44996
dry 350e2 2 161 - 0.02 0.12 27416
aoDLAV 350e2 2 161 - 0.03 0.22 31536
aoULAV 350e2 2 161 - 0.02 0.23 32260
aoD2AG 350e2 2 161 - 0.04 0.25 34848
aoD2SG 350e2 2 161 - 0.03 0.28 35132
dry 5e4 10 174 - 0.03 0.13 33888
aoDLAV 5e4 10 174 - 0.04 7.88 40200
aoULAV 5e4 10 174 - 0.04 7.59 40200
aoD2AG 5e4 10 174 - 0.03 12.28 44984
aoD2SG 5e4 10 174 - 0.05 8.54 44996
dry 1e1 2 223 - 0.02 0.11 25992
aoDLAV 1e1 2 223 - 0.03 0.14 30160
aoULAV 1e1 2 223 - 0.03 0.14 30176
aoD2AG 1e1 2 223 - 0.02 0.15 30324
aoD2SG 1e1 2 223 - 0.03 0.14 30332
moore 1e1 2 223 - 0.03 0.18 30484
nbpm 1e1 2 223 - 0.08 2.15 49824
greedy 1e1 2 223 - 0.02 0.15 30124
dry 1e5 10 135 - 0.04 0.17 38396
aoDLAV 1e5 10 135 - 0.05 21.83 53536
aoULAV 1e5 10 135 - 0.05 21.71 55308
aoD2AG 1e5 10 135 - 0.05 21.89 62932
aoD2SG 1e5 10 135 - 0.05 24.14 66836
dry 1e2 5 210 - 0.02 0.12 25996
aoDLAV 1e2 5 210 - 0.04 0.13 30212
aoULAV 1e2 5 210 - 0.03 0.14 30228
aoD2AG 1e2 5 210 - 0.03 0.13 30384
aoD2SG 1e2 5 210 - 0.03 0.14 30388
moore 1e2 5 210 - 0.02 0.20 30492
nbpm 1e2 5 210 - 0.07 2.12 53016
greedy 1e2 5 210 - 0.02 0.14 30920
dry 32e1 2 176 - 0.01 0.12 26004
aoDLAV 32e1 2 176 - 0.03 0.14 30196
aoULAV 32e1 2 176 - 0.02 0.14 30212
aoD2AG 32e1 2 176 - 0.02 0.15 30380
aoD2SG 32e1 2 176 - 0.02 0.14 30384
moore 32e1 2 176 - 0.03 0.50 33676
nbpm 32e1 2 176 - 0.06 2.35 58300
greedy 32e1 2 176 - 0.03 0.21 40976
dry 1e3 2 30 - 0.02 0.12 26020
aoDLAV 1e3 2 30 - 0.02 0.14 30280
aoULAV 1e3 2 30 - 0.02 0.15 30292
aoD2AG 1e3 2 30 - 0.02 0.15 30536
aoD2SG 1e3 2 30 - 0.02 0.15 30552
moore 1e3 2 30 - 0.04 2.45 59796
nbpm 1e3 2 30 - 0.12 4.02 138552
greedy 1e3 2 30 - 0.09 1.02 139244
dry 1e6 2 203 - 0.04 0.20 49704
aoDLAV 1e6 2 203 - 0.12 3.71 178456
aoULAV 1e6 2 203 - 0.13 3.90 178456
aoD2AG 1e6 2 203 - 0.17 5.60 233172
aoD2SG 1e6 2 203 - 0.19 6.38 242556
dry 1e6 2 97 - 0.05 0.19 49704
aoDLAV 1e6 2 97 - 0.11 3.68 178456
aoULAV 1e6 2 97 - 0.12 3.85 178456
aoD2AG 1e6 2 97 - 0.17 5.44 233324
aoD2SG 1e6 2 97 - 0.20 6.27 240496
dry 1e3 2 142 - 0.02 0.12 26020
aoDLAV 1e3 2 142 - 0.03 0.14 30284
aoULAV 1e3 2 142 - 0.03 0.14 30292
aoD2AG 1e3 2 142 - 0.03 0.14 30544
aoD2SG 1e3 2 142 - 0.03 0.14 30560
moore 1e3 2 142 - 0.04 5.12 59776
nbpm 1e3 2 142 - 0.13 4.08 138560
greedy 1e3 2 142 - 0.09 1.03 139248
dry 1e1 2 111 - 0.02 0.11 25996
aoDLAV 1e1 2 111 - 0.02 0.14 30160
aoULAV 1e1 2 111 - 0.03 0.14 30176
aoD2AG 1e1 2 111 - 0.03 0.13 30316
aoD2SG 1e1 2 111 - 0.02 0.15 30328
moore 1e1 2 111 - 0.03 0.17 30476
nbpm 1e1 2 111 - 0.06 2.15 49816
greedy 1e1 2 111 - 0.03 0.14 30124
dry 1e5 5 152 - 0.03 0.14 34476
aoDLAV 1e5 5 152 - 0.04 1.70 41816
aoULAV 1e5 5 152 - 0.06 1.63 43576
aoD2AG 1e5 5 152 - 0.04 1.78 53756
aoD2SG 1e5 5 152 - 0.04 2.00 53200
dry 275e2 2 20 - 0.03 0.11 27120
aoDLAV 275e2 2 20 - 0.03 0.21 31240
aoULAV 275e2 2 20 - 0.02 0.21 31572
aoD2AG 275e2 2 20 - 0.04 0.22 34696
aoD2SG 275e2 2 20 - 0.03 0.24 34808
dry 1e5 2 135 - 0.02 0.14 31672
aoDLAV 1e5 2 135 - 0.03 0.44 34800
aoULAV 1e5 2 135 - 0.04 0.45 35324
aoD2AG 1e5 2 135 - 0.03 0.58 42748
aoD2SG 1e5 2 135 - 0.04 0.64 43804
dry 1e2 5 49 - 0.03 0.11 27952
aoDLAV 1e2 5 49 - 0.02 0.15 30216
aoULAV 1e2 5 49 - 0.03 0.14 30224
aoD2AG 1e2 5 49 - 0.02 0.15 30384
aoD2SG 1e2 5 49 - 0.03 0.14 30392
moore 1e2 5 49 - 0.03 0.19 30496
nbpm 1e2 5 49 - 0.07 2.15 53016
greedy 1e2 5 49 - 0.02 0.15 30920
dry 1e3 5 53 - 0.02 0.11 26060
aoDLAV 1e3 5 53 - 0.02 0.15 30424
aoULAV 1e3 5 53 - 0.02 0.14 30436
aoD2AG 1e3 5 53 - 0.03 0.14 30752
aoD2SG 1e3 5 53 - 0.03 0.14 30784
moore 1e3 5 53 - 0.04 5.18 59812
nbpm 1e3 5 53 - 0.10 4.44 129244
greedy 1e3 5 53 - 0.07 1.05 139388
dry 56e4 2 58 - 0.04 0.18 41104
aoDLAV 56e4 2 58 - 0.07 2.09 107984
aoULAV 56e4 2 58 - 0.07 2.14 107984
aoD2AG 56e4 2 58 - 0.11 3.05 139488
aoD2SG 56e4 2 58 - 0.11 3.39 143396
dry 5e4 2 224 - 0.02 0.12 29628
aoDLAV 5e4 2 224 - 0.03 0.27 33012
aoULAV 5e4 2 224 - 0.04 0.26 33312
aoD2AG 5e4 2 224 - 0.03 0.37 36408
aoD2SG 5e4 2 224 - 0.04 0.37 36424
dry 1e2 2 95 - 0.02 0.11 25992
aoDLAV 1e2 2 95 - 0.01 0.15 30172
aoULAV 1e2 2 95 - 0.03 0.14 30180
aoD2AG 1e2 2 95 - 0.02 0.15 30336
aoD2SG 1e2 2 95 - 0.03 0.14 30344
moore 1e2 2 95 - 0.02 0.25 30488
nbpm 1e2 2 95 - 0.07 2.16 53004
greedy 1e2 2 95 - 0.03 0.14 30880
dry 1e2 10 136 - 0.02 0.12 26004
aoDLAV 1e2 10 136 - 0.03 0.14 30260
aoULAV 1e2 10 136 - 0.03 0.14 30276
aoD2AG 1e2 10 136 - 0.03 0.15 30440
aoD2SG 1e2 10 136 - 0.02 0.14 30448
moore 1e2 10 136 - 0.02 0.21 30500
nbpm 1e2 10 136 - 0.07 2.16 53076
greedy 1e2 10 136 - 0.03 0.14 30972
dry 1e2 5 2 - 0.03 0.11 25996
aoDLAV 1e2 5 2 - 0.03 0.14 30212
aoULAV 1e2 5 2 - 0.02 0.15 30224
aoD2AG 1e2 5 2 - 0.03 0.14 30384
aoD2SG 1e2 5 2 - 0.02 0.15 30388
moore 1e2 5 2 - 0.03 0.18 30492
nbpm 1e2 5 2 - 0.08 2.14 53016
greedy 1e2 5 2 - 0.03 0.14 30924
dry 1e1 2 110 - 0.02 0.12 25992
aoDLAV 1e1 2 110 - 0.02 0.15 30160
aoULAV 1e1 2 110 - 0.03 0.14 30172
aoD2AG 1e1 2 110 - 0.04 0.13 30324
aoD2SG 1e1 2 110 - 0.03 0.14 30328
moore 1e1 2 110 - 0.02 0.19 30484
nbpm 1e1 2 110 - 0.09 2.12 49824
greedy 1e1 2 110 - 0.04 0.13 30124
dry 1e6 2 17 - 0.04 0.19 49704
aoDLAV 1e6 2 17 - 0.11 3.70 178456
aoULAV 1e6 2 17 - 0.12 3.90 178456
aoD2AG 1e6 2 17 - 0.15 5.53 234108
aoD2SG 1e6 2 17 - 0.17 6.30 242136
dry 1e3 10 57 - 0.02 0.12 26136
aoDLAV 1e3 10 57 - 0.02 0.17 30656
aoULAV 1e3 10 57 - 0.03 0.16 30664
aoD2AG 1e3 10 57 - 0.03 0.16 31064
aoD2SG 1e3 10 57 - 0.03 0.16 31100
moore 1e3 10 57 - 0.04 3.03 59868
nbpm 1e3 10 57 - 0.11 4.75 136140
greedy 1e3 10 57 - 0.06 1.05 139616
dry 18e4 2 84 - 0.03 0.13 33104
aoDLAV 18e4 2 84 - 0.05 0.91 47860
aoULAV 18e4 2 84 - 0.04 0.77 47860
aoD2AG 18e4 2 84 - 0.05 0.99 58656
aoD2SG 18e4 2 84 - 0.05 1.12 59808
dry 1e2 2 93 - 0.02 0.12 25996
aoDLAV 1e2 2 93 - 0.02 0.15 30168
aoULAV 1e2 2 93 - 0.03 0.14 30180
aoD2AG 1e2 2 93 - 0.03 0.14 30376
aoD2SG 1e2 2 93 - 0.03 0.14 30348
moore 1e2 2 93 - 0.02 0.24 30488
nbpm 1e2 2 93 - 0.08 2.15 53008
greedy 1e2 2 93 - 0.03 0.14 30880
dry 375e2 2 18 - 0.02 0.12 27516
aoDLAV 375e2 2 18 - 0.03 0.23 31784
aoULAV 375e2 2 18 - 0.03 0.23 32608
aoD2AG 375e2 2 18 - 0.03 0.27 35516
aoD2SG 375e2 2 18 - 0.04 0.28 35528
dry 56e1 2 240 - 0.02 0.12 26012
aoDLAV 56e1 2 240 - 0.03 0.14 30220
aoULAV 56e1 2 240 - 0.03 0.14 30236
aoD2AG 56e1 2 240 - 0.04 0.13 30416
aoD2SG 56e1 2 240 - 0.02 0.15 30428
moore 56e1 2 240 - 0.03 0.79 39688
nbpm 56e1 2 240 - 0.09 2.93 78712
greedy 56e1 2 240 - 0.04 0.39 64104
dry 1e5 10 218 - 0.03 0.18 38396
aoDLAV 1e5 10 218 - 0.05 21.39 53536
aoULAV 1e5 10 218 - 0.05 21.48 55308
aoD2AG 1e5 10 218 - 0.06 21.81 62672
aoD2SG 1e5 10 218 - 0.05 24.91 66836
dry 56e4 2 198 - 0.04 0.18 41104
aoDLAV 56e4 2 198 - 0.09 2.05 107984
aoULAV 56e4 2 198 - 0.08 2.20 107984
aoD2AG 56e4 2 198 - 0.13 3.11 140376
aoD2SG 56e4 2 198 - 0.12 3.51 146308
dry 56e1 2 15 - 0.01 0.12 26008
aoDLAV 56e1 2 15 - 0.02 0.14 30224
aoULAV 56e1 2 15 - 0.03 0.14 30232
aoD2AG 56e1 2 15 - 0.02 0.14 30416
aoD2SG 56e1 2 15 - 0.02 0.14 30428
moore 56e1 2 15 - 0.04 2.63 39660
nbpm 56e1 2 15 - 0.09 2.96 78712
greedy 56e1 2 15 - 0.06 0.38 64104
dry 350e2 2 58 - 0.03 0.11 29012
aoDLAV 350e2 2 58 - 0.02 0.23 31480
aoULAV 350e2 2 58 - 0.03 0.24 32264
aoD2AG 350e2 2 58 - 0.04 0.26 34848
aoD2SG 350e2 2 58 - 0.03 0.28 35128
dry 32e4 2 192 - 0.03 0.17 36424
aoDLAV 32e4 2 192 - 0.07 1.21 70828
aoULAV 32e4 2 192 - 0.05 1.30 70840
aoD2AG 32e4 2 192 - 0.06 1.72 88236
aoD2SG 32e4 2 192 - 0.08 1.94 90864
dry 56e1 2 244 - 0.02 0.11 26008
aoDLAV 56e1 2 244 - 0.03 0.14 30220
aoULAV 56e1 2 244 - 0.02 0.15 30232
aoD2AG 56e1 2 244 - 0.03 0.14 30416
aoD2SG 56e1 2 244 - 0.02 0.15 30428
moore 56e1 2 244 - 0.04 0.96 39688
nbpm 56e1 2 244 - 0.09 2.96 78712
greedy 56e1 2 244 - 0.05 0.38 64104
dry 250e2 2 125 - 0.02 0.11 27020
aoDLAV 250e2 2 125 - 0.03 0.20 31112
aoULAV 250e2 2 125 - 0.02 0.21 31216
aoD2AG 250e2 2 125 - 0.03 0.22 33860
aoD2SG 250e2 2 125 - 0.03 0.24 33964
dry 18e1 2 58 - 0.02 0.12 26004
aoDLAV 18e1 2 58 - 0.03 0.14 30184
aoULAV 18e1 2 58 - 0.03 0.14 30200
aoD2AG 18e1 2 58 - 0.03 0.14 30356
aoD2SG 18e1 2 58 - 0.02 0.15 30364
moore 18e1 2 58 - 0.03 0.33 30488
nbpm 18e1 2 58 - 0.09 2.16 54440
greedy 18e1 2 58 - 0.03 0.16 33348
dry 325e2 2 116 - 0.02 0.12 27316
aoDLAV 325e2 2 116 - 0.03 0.22 31372
aoULAV 325e2 2 116 - 0.03 0.23 32088
aoD2AG 325e2 2 116 - 0.03 0.25 35000
aoD2SG 325e2 2 116 - 0.03 0.27 34756
dry 275e2 2 86 - 0.02 0.12 27120
aoDLAV 275e2 2 86 - 0.03 0.21 31244
aoULAV 275e2 2 86 - 0.03 0.21 31572
aoD2AG 275e2 2 86 - 0.03 0.24 34692
aoD2SG 275e2 2 86 - 0.03 0.24 34812
dry 1e1 2 44 - 0.02 0.12 25992
aoDLAV 1e1 2 44 - 0.03 0.14 30176
aoULAV 1e1 2 44 - 0.02 0.14 30176
aoD2AG 1e1 2 44 - 0.02 0.14 30312
aoD2SG 1e1 2 44 - 0.02 0.15 30316
moore 1e1 2 44 - 0.03 0.17 30496
nbpm 1e1 2 44 - 0.08 2.14 49816
greedy 1e1 2 44 - 0.03 0.14 30124
dry 1e6 5 149 - 0.05 0.26 73156
aoDLAV 1e6 5 149 - 0.15 19.30 252688
aoULAV 1e6 5 149 - 0.14 19.55 252688
aoD2AG 1e6 5 149 - 0.22 21.54 323276
aoD2SG 1e6 5 149 - 0.23 25.02 332124
dry 18e4 2 12 - 0.02 0.14 33104
aoDLAV 18e4 2 12 - 0.04 0.77 47864
aoULAV 18e4 2 12 - 0.04 0.76 47908
aoD2AG 18e4 2 12 - 0.05 1.01 58648
aoD2SG 18e4 2 12 - 0.06 1.15 59840
dry 225e2 2 69 - 0.02 0.12 26924
aoDLAV 225e2 2 69 - 0.02 0.20 30980
aoULAV 225e2 2 69 - 0.03 0.19 30992
aoD2AG 225e2 2 69 - 0.02 0.22 33372
aoD2SG 225e2 2 69 - 0.03 0.22 33464
dry 1e3 10 68 - 0.02 0.12 26140
aoDLAV 1e3 10 68 - 0.03 0.16 30652
aoULAV 1e3 10 68 - 0.02 0.17 30668
aoD2AG 1e3 10 68 - 0.03 0.16 31080
aoD2SG 1e3 10 68 - 0.03 0.16 31104
moore 1e3 10 68 - 0.04 3.09 59872
nbpm 1e3 10 68 - 0.13 4.93 136140
greedy 1e3 10 68 - 0.09 1.05 139616
dry 400e2 2 132 - 0.02 0.12 27620
aoDLAV 400e2 2 132 - 0.03 0.24 32236
aoULAV 400e2 2 132 - 0.03 0.25 33112
aoD2AG 400e2 2 132 - 0.02 0.30 36076
aoD2SG 400e2 2 132 - 0.03 0.30 35928
dry 5e4 2 136 - 0.03 0.12 28004
aoDLAV 5e4 2 136 - 0.03 0.27 33008
aoULAV 5e4 2 136 - 0.03 0.28 33316
aoD2AG 5e4 2 136 - 0.03 0.34 36412
aoD2SG 5e4 2 136 - 0.03 0.36 36424
dry 400e2 2 184 - 0.02 0.12 27616
aoDLAV 400e2 2 184 - 0.03 0.24 32236
aoULAV 400e2 2 184 - 0.04 0.24 33112
aoD2AG 400e2 2 184 - 0.03 0.28 36072
aoD2SG 400e2 2 184 - 0.03 0.31 35928
dry 1e3 5 30 - 0.02 0.12 26060
aoDLAV 1e3 5 30 - 0.03 0.15 30424
aoULAV 1e3 5 30 - 0.02 0.15 30440
aoD2AG 1e3 5 30 - 0.03 0.15 30756
aoD2SG 1e3 5 30 - 0.03 0.14 30780
moore 1e3 5 30 - 0.06 3.57 59832
nbpm 1e3 5 30 - 0.12 4.45 129244
greedy 1e3 5 30 - 0.10 1.02 139388
dry 1e1 2 232 - 0.02 0.13 25992
aoDLAV 1e1 2 232 - 0.03 0.14 30160
aoULAV 1e1 2 232 - 0.02 0.14 30176
aoD2AG 1e1 2 232 - 0.03 0.14 30328
aoD2SG 1e1 2 232 - 0.03 0.14 30328
moore 1e1 2 232 - 0.03 0.18 30484
nbpm 1e1 2 232 - 0.09 2.14 49824
greedy 1e1 2 232 - 0.03 0.14 30124
dry 32e4 2 47 - 0.03 0.17 36424
aoDLAV 32e4 2 47 - 0.06 1.27 70828
aoULAV 32e4 2 47 - 0.06 1.29 70840
aoD2AG 32e4 2 47 - 0.08 1.79 89388
aoD2SG 32e4 2 47 - 0.06 1.97 90752
dry 1e2 2 239 - 0.02 0.12 25992
aoDLAV 1e2 2 239 - 0.03 0.14 30168
aoULAV 1e2 2 239 - 0.02 0.15 30184
aoD2AG 1e2 2 239 - 0.03 0.14 30336
aoD2SG 1e2 2 239 - 0.03 0.14 30344
moore 1e2 2 239 - 0.03 0.19 30532
nbpm 1e2 2 239 - 0.07 2.20 53012
greedy 1e2 2 239 - 0.04 0.14 30884
dry 56e1 2 210 - 0.02 0.11 26008
aoDLAV 56e1 2 210 - 0.03 0.14 30220
aoULAV 56e1 2 210 - 0.03 0.13 30232
aoD2AG 56e1 2 210 - 0.02 0.15 30416
aoD2SG 56e1 2 210 - 0.03 0.14 30424
moore 56e1 2 210 - 0.04 2.78 39664
nbpm 56e1 2 210 - 0.08 2.95 78712
greedy 56e1 2 210 - 0.03 0.40 64104
dry 1e5 10 232 - 0.04 0.19 38396
aoDLAV 1e5 10 232 - 0.11 22.83 53540
aoULAV 1e5 10 232 - 0.06 22.10 55312
aoD2AG 1e5 10 232 - 0.07 21.06 62592
aoD2SG 1e5 10 232 - 0.05 26.03 66832
dry 5e4 5 213 - 0.03 0.13 30572
aoDLAV 5e4 5 213 - 0.04 0.78 34704
aoULAV 5e4 5 213 - 0.04 0.81 34708
aoD2AG 5e4 5 213 - 0.03 0.82 37728
aoD2SG 5e4 5 213 - 0.04 0.90 37940
dry 400e2 2 207 - 0.03 0.11 27620
aoDLAV 400e2 2 207 - 0.03 0.24 32236
aoULAV 400e2 2 207 - 0.03 0.25 33112
aoD2AG 400e2 2 207 - 0.03 0.29 36072
aoD2SG 400e2 2 207 - 0.04 0.29 35924
dry 18e1 2 15 - 0.03 0.11 26008
aoDLAV 18e1 2 15 - 0.02 0.14 30184
aoULAV 18e1 2 15 - 0.02 0.14 30196
aoD2AG 18e1 2 15 - 0.02 0.14 30356
aoD2SG 18e1 2 15 - 0.03 0.14 30368
moore 18e1 2 15 - 0.03 0.37 30512
nbpm 18e1 2 15 - 0.08 2.21 54444
greedy 18e1 2 15 - 0.02 0.16 33352
dry 5e4 10 231 - 0.03 0.14 33892
aoDLAV 5e4 10 231 - 0.03 7.90 40204
aoULAV 5e4 10 231 - 0.04 8.09 40200
aoD2AG 5e4 10 231 - 0.05 8.25 44984
aoD2SG 5e4 10 231 - 0.04 8.89 44996
dry 56e3 2 126 - 0.02 0.12 28236
aoDLAV 56e3 2 126 - 0.03 0.29 33480
aoULAV 56e3 2 126 - 0.04 0.28 34696
aoD2AG 56e3 2 126 - 0.03 0.36 37280
aoD2SG 56e3 2 126 - 0.03 0.38 37296
dry 275e2 2 211 - 0.02 0.12 27120
aoDLAV 275e2 2 211 - 0.03 0.20 31244
aoULAV 275e2 2 211 - 0.02 0.21 31576
aoD2AG 275e2 2 211 - 0.02 0.23 34692
aoD2SG 275e2 2 211 - 0.04 0.23 34812
dry 1e6 5 162 - 0.05 0.27 73152
aoDLAV 1e6 5 162 - 0.13 19.66 252688
aoULAV 1e6 5 162 - 0.14 19.56 252688
aoD2AG 1e6 5 162 - 0.21 21.64 323544
aoD2SG 1e6 5 162 - 0.21 25.51 332456
dry 400e2 2 28 - 0.03 0.11 29280
aoDLAV 400e2 2 28 - 0.03 0.24 32236
aoULAV 400e2 2 28 - 0.03 0.24 33112
aoD2AG 400e2 2 28 - 0.03 0.28 36076
aoD2SG 400e2 2 28 - 0.03 0.30 35928
dry 1e3 5 228 - 0.02 0.11 26060
aoDLAV 1e3 5 228 - 0.03 0.15 30424
aoULAV 1e3 5 228 - 0.03 0.14 30436
aoD2AG 1e3 5 228 - 0.02 0.15 30744
aoD2SG 1e3 5 228 - 0.03 0.14 30768
moore 1e3 5 228 - 0.04 6.21 59800
nbpm 1e3 5 228 - 0.12 4.71 129244
greedy 1e3 5 228 - 0.08 1.05 139388
dry 1e3 10 8 - 0.02 0.12 26136
aoDLAV 1e3 10 8 - 0.03 0.15 30668
aoULAV 1e3 10 8 - 0.03 0.16 30664
aoD2AG 1e3 10 8 - 0.04 0.16 31060
aoD2SG 1e3 10 8 - 0.02 0.17 31088
moore 1e3 10 8 - 0.04 4.12 59916
nbpm 1e3 10 8 - 0.13 4.90 136140
greedy 1e3 10 8 - 0.08 1.06 139616
dry 275e2 2 39 - 0.03 0.11 27120
aoDLAV 275e2 2 39 - 0.03 0.21 31244
aoULAV 275e2 2 39 - 0.02 0.22 31568
aoD2AG 275e2 2 39 - 0.03 0.23 34692
aoD2SG 275e2 2 39 - 0.04 0.24 34812
dry 5e4 10 127 - 0.02 0.14 33888
aoDLAV 5e4 10 127 - 0.03 8.19 40200
aoULAV 5e4 10 127 - 0.04 10.34 40200
aoD2AG 5e4 10 127 - 0.04 8.63 44988
aoD2SG 5e4 10 127 - 0.05 8.51 45000
dry 1e6 5 14 - 0.05 0.27 73156
aoDLAV 1e6 5 14 - 0.16 18.37 252692
aoULAV 1e6 5 14 - 0.17 18.49 252760
aoD2AG 1e6 5 14 - 0.23 22.64 324628
aoD2SG 1e6 5 14 - 0.20 26.69 332576
dry 1e6 2 127 - 0.05 0.19 49704
aoDLAV 1e6 2 127 - 0.11 3.91 178460
aoULAV 1e6 2 127 - 0.13 4.08 178456
aoD2AG 1e6 2 127 - 0.18 5.85 234488
aoD2SG 1e6 2 127 - 0.18 6.71 240780
dry 400e2 2 18 - 0.02 0.12 27620
aoDLAV 400e2 2 18 - 0.03 0.25 32236
aoULAV 400e2 2 18 - 0.03 0.25 33112
aoD2AG 400e2 2 18 - 0.04 0.29 36068
aoD2SG 400e2 2 18 - 0.03 0.30 35928
dry 1e6 2 180 - 0.04 0.20 49704
aoDLAV 1e6 2 180 - 0.11 3.88 178456
aoULAV 1e6 2 180 - 0.13 4.18 178460
aoD2AG 1e6 2 180 - 0.17 5.90 234092
aoD2SG 1e6 2 180 - 0.20 6.73 240584
dry 18e1 2 76 - 0.02 0.12 26004
aoDLAV 18e1 2 76 - 0.03 0.14 30184
aoULAV 18e1 2 76 - 0.02 0.15 30196
aoD2AG 18e1 2 76 - 0.03 0.14 30360
aoD2SG 18e1 2 76 - 0.03 0.14 30364
moore 18e1 2 76 - 0.03 0.34 30496
nbpm 18e1 2 76 - 0.07 2.21 54440
greedy 18e1 2 76 - 0.02 0.16 33348
dry 1e5 2 146 - 0.03 0.13 31384
aoDLAV 1e5 2 146 - 0.03 0.45 34800
aoULAV 1e5 2 146 - 0.04 0.46 35320
aoD2AG 1e5 2 146 - 0.03 0.56 42600
aoD2SG 1e5 2 146 - 0.05 0.62 43800
dry 32e1 2 244 - 0.02 0.12 26004
aoDLAV 32e1 2 244 - 0.03 0.14 30196
aoULAV 32e1 2 244 - 0.02 0.14 30208
aoD2AG 32e1 2 244 - 0.02 0.15 30376
aoD2SG 32e1 2 244 - 0.03 0.14 30388
moore 32e1 2 244 - 0.03 0.53 33688
nbpm 32e1 2 244 - 0.07 2.42 58312
greedy 32e1 2 244 - 0.03 0.22 40972
dry 350e2 2 10 - 0.02 0.12 29208
aoDLAV 350e2 2 10 - 0.03 0.23 31480
aoULAV 350e2 2 10 - 0.03 0.23 32256
aoD2AG 350e2 2 10 - 0.03 0.26 34852
aoD2SG 350e2 2 10 - 0.04 0.27 35132
dry 225e2 2 66 - 0.02 0.12 26920
aoDLAV 225e2 2 66 - 0.02 0.20 30980
aoULAV 225e2 2 66 - 0.02 0.20 30996
aoD2AG 225e2 2 66 - 0.03 0.22 33368
aoD2SG 225e2 2 66 - 0.04 0.21 33460
dry 375e2 2 26 - 0.03 0.11 29376
aoDLAV 375e2 2 26 - 0.03 0.26 31784
aoULAV 375e2 2 26 - 0.03 0.25 32604
aoD2AG 375e2 2 26 - 0.03 0.29 35520
aoD2SG 375e2 2 26 - 0.03 0.29 35528
dry 350e2 2 69 - 0.03 0.12 27420
aoDLAV 350e2 2 69 - 0.02 0.24 31480
aoULAV 350e2 2 69 - 0.03 0.23 32264
aoD2AG 350e2 2 69 - 0.03 0.26 34852
aoD2SG 350e2 2 69 - 0.03 0.28 35136
dry 275e2 2 108 - 0.02 0.12 27952
aoDLAV 275e2 2 108 - 0.03 0.21 31240
aoULAV 275e2 2 108 - 0.02 0.21 31572
aoD2AG 275e2 2 108 - 0.03 0.23 34692
aoD2SG 275e2 2 108 - 0.03 0.24 34812
dry 1e3 2 19 - 0.02 0.12 26020
aoDLAV 1e3 2 19 - 0.03 0.14 30280
aoULAV 1e3 2 19 - 0.03 0.14 30296
aoD2AG 1e3 2 19 - 0.02 0.15 30540
aoD2SG 1e3 2 19 - 0.03 0.14 30560
moore 1e3 2 19 - 0.04 4.97 59772
nbpm 1e3 2 19 - 0.12 4.17 138556
greedy 1e3 2 19 - 0.09 0.99 139244
dry 1e6 10 173 - 0.08 0.39 112232
aoDLAV 1e6 10 173 - 0.19 386.25 369884
aoULAV 1e6 10 173 - 0.28 403.05 369884
aoD2AG 1e6 10 173 - 0.42 391.74 447536
aoD2SG 1e6 10 173 - 0.41 476.95 458100
dry 32e4 2 107 - 0.03 0.17 36424
aoDLAV 32e4 2 107 - 0.06 1.27 70832
aoULAV 32e4 2 107 - 0.06 1.29 70844
aoD2AG 32e4 2 107 - 0.08 1.69 89020
aoD2SG 32e4 2 107 - 0.07 1.94 90884
dry 18e4 2 187 - 0.03 0.14 33684
aoDLAV 18e4 2 187 - 0.05 0.78 47860
aoULAV 18e4 2 187 - 0.05 0.79 47860
aoD2AG 18e4 2 187 - 0.06 1.01 58644
aoD2SG 18e4 2 187 - 0.06 1.14 60148
dry 1e2 10 211 - 0.03 0.11 26004
aoDLAV 1e2 10 211 - 0.02 0.15 30260
aoULAV 1e2 10 211 - 0.03 0.14 30308
aoD2AG 1e2 10 211 - 0.03 0.14 30444
aoD2SG 1e2 10 211 - 0.03 0.14 30448
moore 1e2 10 211 - 0.02 0.23 30496
nbpm 1e2 10 211 - 0.09 2.15 53080
greedy 1e2 10 211 - 0.03 0.14 30972
dry 1e5 10 93 - 0.03 0.18 38396
aoDLAV 1e5 10 93 - 0.06 23.30 53544
aoULAV 1e5 10 93 - 0.04 23.16 55308
aoD2AG 1e5 10 93 - 0.05 23.14 62744
aoD2SG 1e5 10 93 - 0.05 26.47 66832
dry 300e2 2 82 - 0.02 0.13 27220
aoDLAV 300e2 2 82 - 0.03 0.21 31296
aoULAV 300e2 2 82 - 0.03 0.21 31892
aoD2AG 300e2 2 82 - 0.03 0.24 35060
aoD2SG 300e2 2 82 - 0.03 0.26 34720
dry 5e4 10 6 - 0.03 0.14 33888
aoDLAV 5e4 10 6 - 0.05 8.29 40204
aoULAV 5e4 10 6 - 0.04 8.13 40200
aoD2AG 5e4 10 6 - 0.04 7.50 44984
aoD2SG 5e4 10 6 - 0.05 8.02 45000
dry 5e4 10 197 - 0.04 0.13 33888
aoDLAV 5e4 10 197 - 0.04 7.23 40200
aoULAV 5e4 10 197 - 0.04 7.24 40200
aoD2AG 5e4 10 197 - 0.03 7.42 44980
aoD2SG 5e4 10 197 - 0.05 9.26 44996
dry 1e2 2 222 - 0.03 0.11 25992
aoDLAV 1e2 2 222 - 0.02 0.15 30208
aoULAV 1e2 2 222 - 0.03 0.14 30180
aoD2AG 1e2 2 222 - 0.03 0.14 30336
aoD2SG 1e2 2 222 - 0.03 0.14 30344
moore 1e2 2 222 - 0.03 0.22 30480
nbpm 1e2 2 222 - 0.08 2.11 53000
greedy 1e2 2 222 - 0.02 0.15 30884
dry 5e4 5 187 - 0.02 0.14 30092
aoDLAV 5e4 5 187 - 0.03 0.65 34708
aoULAV 5e4 5 187 - 0.04 0.68 34704
aoD2AG 5e4 5 187 - 0.04 0.83 37732
aoD2SG 5e4 5 187 - 0.04 0.80 37936
dry 56e4 2 186 - 0.03 0.18 41104
aoDLAV 56e4 2 186 - 0.07 1.94 107988
aoULAV 56e4 2 186 - 0.08 1.99 107984
aoD2AG 56e4 2 186 - 0.12 2.76 141620
aoD2SG 56e4 2 186 - 0.12 3.21 142756
dry 1e5 5 105 - 0.03 0.13 34476
aoDLAV 1e5 5 105 - 0.04 1.40 41816
aoULAV 1e5 5 105 - 0.04 1.44 43568
aoD2AG 1e5 5 105 - 0.05 1.56 53832
aoD2SG 1e5 5 105 - 0.04 1.76 53200
dry 1e5 5 207 - 0.04 0.12 34476
aoDLAV 1e5 5 207 - 0.03 1.49 41816
aoULAV 1e5 5 207 - 0.04 1.50 43568
aoD2AG 1e5 5 207 - 0.05 1.60 53560
aoD2SG 1e5 5 207 - 0.05 1.82 53204
dry 32e1 2 130 - 0.02 0.12 26004
aoDLAV 32e1 2 130 - 0.02 0.15 30196
aoULAV 32e1 2 130 - 0.02 0.15 30208
aoD2AG 32e1 2 130 - 0.02 0.15 30380
aoD2SG 32e1 2 130 - 0.03 0.14 30388
moore 32e1 2 130 - 0.03 0.56 33676
nbpm 32e1 2 130 - 0.09 2.34 58300
greedy 32e1 2 130 - 0.03 0.22 40992
dry 5e4 2 233 - 0.02 0.12 28000
aoDLAV 5e4 2 233 - 0.04 0.26 33008
aoULAV 5e4 2 233 - 0.03 0.27 33312
aoD2AG 5e4 2 233 - 0.03 0.33 36408
aoD2SG 5e4 2 233 - 0.04 0.35 36420
dry 5e4 5 217 - 0.02 0.14 30764
aoDLAV 5e4 5 217 - 0.04 0.69 34704
aoULAV 5e4 5 217 - 0.03 0.70 34704
aoD2AG 5e4 5 217 - 0.03 0.76 37728
aoD2SG 5e4 5 217 - 0.04 0.82 37936
dry 1e5 10 24 - 0.03 0.18 38396
aoDLAV 1e5 10 24 - 0.06 20.73 53540
aoULAV 1e5 10 24 - 0.05 20.68 55316
aoD2AG 1e5 10 24 - 0.05 20.67 62648
aoD2SG 1e5 10 24 - 0.07 23.49 66836
dry 1e1 2 95 - 0.02 0.12 25992
aoDLAV 1e1 2 95 - 0.04 0.14 30160
aoULAV 1e1 2 95 - 0.03 0.14 30172
aoD2AG 1e1 2 95 - 0.02 0.15 30312
aoD2SG 1e1 2 95 - 0.02 0.15 30312
moore 1e1 2 95 - 0.03 0.18 30476
nbpm 1e1 2 95 - 0.09 2.23 49816
greedy 1e1 2 95 - 0.02 0.15 30128
dry 5e4 2 57 - 0.03 0.12 29624
aoDLAV 5e4 2 57 - 0.04 0.27 33008
aoULAV 5e4 2 57 - 0.03 0.27 33316
aoD2AG 5e4 2 57 - 0.03 0.35 36408
aoD2SG 5e4 2 57 - 0.04 0.40 36424
dry 1e5 5 154 - 0.03 0.14 34536
aoDLAV 1e5 5 154 - 0.03 1.47 41816
aoULAV 1e5 5 154 - 0.04 1.48 43568
aoD2AG 1e5 5 154 - 0.05 1.61 53564
aoD2SG 1e5 5 154 - 0.05 1.80 53200
dry 5e4 10 212 - 0.03 0.14 33892
aoDLAV 5e4 10 212 - 0.03 7.88 40200
aoULAV 5e4 10 212 - 0.08 7.79 40204
aoD2AG 5e4 10 212 - 0.05 11.42 44984
aoD2SG 5e4 10 212 - 0.05 7.86 44996
dry 5e4 10 184 - 0.03 0.14 33892
aoDLAV 5e4 10 184 - 0.05 8.38 40200
aoULAV 5e4 10 184 - 0.04 11.05 40200
aoD2AG 5e4 10 184 - 0.04 6.87 44984
aoD2SG 5e4 10 184 - 0.04 7.84 45004
dry 1e2 5 88 - 0.02 0.12 25996
aoDLAV 1e2 5 88 - 0.03 0.14 30212
aoULAV 1e2 5 88 - 0.02 0.14 30224
aoD2AG 1e2 5 88 - 0.03 0.13 30384
aoD2SG 1e2 5 88 - 0.03 0.13 30392
moore 1e2 5 88 - 0.03 0.20 30496
nbpm 1e2 5 88 - 0.08 2.12 53016
greedy 1e2 5 88 - 0.02 0.15 30920
dry 1e6 2 67 - 0.04 0.20 49704
aoDLAV 1e6 2 67 - 0.11 3.59 178456
aoULAV 1e6 2 67 - 0.11 3.82 178456
aoD2AG 1e6 2 67 - 0.18 5.34 233372
aoD2SG 1e6 2 67 - 0.17 6.08 242644
dry 56e4 2 191 - 0.04 0.18 41104
aoDLAV 56e4 2 191 - 0.08 1.98 107984
aoULAV 56e4 2 191 - 0.08 2.10 107984
aoD2AG 56e4 2 191 - 0.11 2.98 138968
aoD2SG 56e4 2 191 - 0.12 3.27 144524
dry 375e2 2 223 - 0.02 0.12 27516
aoDLAV 375e2 2 223 - 0.03 0.23 31784
aoULAV 375e2 2 223 - 0.02 0.24 32608
aoD2AG 375e2 2 223 - 0.03 0.27 35516
aoD2SG 375e2 2 223 - 0.04 0.27 35528
dry 1e3 5 249 - 0.02 0.12 26060
aoDLAV 1e3 5 249 - 0.02 0.15 30424
aoULAV 1e3 5 249 - 0.03 0.14 30436
aoD2AG 1e3 5 249 - 0.03 0.14 30752
aoD2SG 1e3 5 249 - 0.02 0.15 30768
moore 1e3 5 249 - 0.04 4.53 59800
nbpm 1e3 5 249 - 0.11 4.44 129248
greedy 1e3 5 249 - 0.07 1.00 139388
dry 1e5 10 209 - 0.03 0.18 38396
aoDLAV 1e5 10 209 - 0.05 20.30 53540
aoULAV 1e5 10 209 - 0.05 20.20 55312
aoD2AG 1e5 10 209 - 0.05 19.98 62620
aoD2SG 1e5 10 209 - 0.06 22.57 66832
dry 32e4 2 143 - 0.03 0.16 36424
aoDLAV 32e4 2 143 - 0.05 1.17 70828
aoULAV 32e4 2 143 - 0.05 1.18 70840
aoD2AG 32e4 2 143 - 0.09 1.64 88764
aoD2SG 32e4 2 143 - 0.08 1.79 91196
dry 300e2 2 65 - 0.02 0.11 27216
aoDLAV 300e2 2 65 - 0.03 0.21 31296
aoULAV 300e2 2 65 - 0.03 0.21 31892
aoD2AG 300e2 2 65 - 0.04 0.23 35056
aoD2SG 300e2 2 65 - 0.03 0.24 34712
dry 325e2 2 226 - 0.02 0.12 27316
aoDLAV 325e2 2 226 - 0.02 0.22 31372
aoULAV 325e2 2 226 - 0.03 0.22 32084
aoD2AG 325e2 2 226 - 0.03 0.25 35008
aoD2SG 325e2 2 226 - 0.03 0.25 34760
dry 56e3 2 24 - 0.02 0.12 28236
aoDLAV 56e3 2 24 - 0.03 0.28 33476
aoULAV 56e3 2 24 - 0.03 0.28 34696
aoD2AG 56e3 2 24 - 0.03 0.35 37284
aoD2SG 56e3 2 24 - 0.03 0.37 37300
dry 5e4 5 246 - 0.03 0.13 31612
aoDLAV 5e4 5 246 - 0.02 0.68 34704
aoULAV 5e4 5 246 - 0.03 0.68 34708
aoD2AG 5e4 5 246 - 0.03 0.73 37724
aoD2SG 5e4 5 246 - 0.04 0.80 37936
dry 250e2 2 213 - 0.02 0.12 30624
aoDLAV 250e2 2 213 - 0.03 0.19 31112
aoULAV 250e2 2 213 - 0.03 0.20 31212
aoD2AG 250e2 2 213 - 0.04 0.21 33864
aoD2SG 250e2 2 213 - 0.03 0.22 33960
dry 5e4 2 245 - 0.02 0.12 28000
aoDLAV 5e4 2 245 - 0.02 0.28 33008
aoULAV 5e4 2 245 - 0.03 0.27 33316
aoD2AG 5e4 2 245 - 0.03 0.33 36416
aoD2SG 5e4 2 245 - 0.03 0.35 36424
dry 325e2 2 186 - 0.02 0.12 29020
aoDLAV 325e2 2 186 - 0.03 0.22 31376
aoULAV 325e2 2 186 - 0.03 0.22 32084
aoD2AG 325e2 2 186 - 0.03 0.25 35000
aoD2SG 325e2 2 186 - 0.04 0.26 34760
dry 1e1 2 59 - 0.02 0.11 25992
aoDLAV 1e1 2 59 - 0.02 0.15 30164
aoULAV 1e1 2 59 - 0.02 0.15 30176
aoD2AG 1e1 2 59 - 0.03 0.14 30316
aoD2SG 1e1 2 59 - 0.02 0.14 30320
moore 1e1 2 59 - 0.02 0.18 30476
nbpm 1e1 2 59 - 0.07 2.17 49816
greedy 1e1 2 59 - 0.02 0.15 30124
dry 1e3 5 204 - 0.02 0.12 26056
aoDLAV 1e3 5 204 - 0.03 0.14 30428
aoULAV 1e3 5 204 - 0.02 0.15 30436
aoD2AG 1e3 5 204 - 0.03 0.14 30736
aoD2SG 1e3 5 204 - 0.04 0.13 30752
moore 1e3 5 204 - 0.04 2.82 59828
nbpm 1e3 5 204 - 0.15 4.72 129244
greedy 1e3 5 204 - 0.07 1.05 139388
dry 18e4 2 39 - 0.03 0.13 33108
aoDLAV 18e4 2 39 - 0.05 0.78 47860
aoULAV 18e4 2 39 - 0.04 0.79 47860
aoD2AG 18e4 2 39 - 0.06 1.03 58648
aoD2SG 18e4 2 39 - 0.06 1.15 59964
dry 18e4 2 15 - 0.03 0.13 33104
aoDLAV 18e4 2 15 - 0.06 0.78 47860
aoULAV 18e4 2 15 - 0.04 0.80 47860
aoD2AG 18e4 2 15 - 0.05 1.04 58644
aoD2SG 18e4 2 15 - 0.05 1.15 60260
dry 56e1 2 108 - 0.03 0.11 26008
aoDLAV 56e1 2 108 - 0.03 0.14 30220
aoULAV 56e1 2 108 - 0.02 0.15 30236
aoD2AG 56e1 2 108 - 0.03 0.14 30416
aoD2SG 56e1 2 108 - 0.02 0.15 30428
moore 56e1 2 108 - 0.04 1.61 39664
nbpm 56e1 2 108 - 0.09 2.99 78752
greedy 56e1 2 108 - 0.05 0.39 64104
dry 32e4 2 164 - 0.03 0.16 36424
aoDLAV 32e4 2 164 - 0.06 1.26 70828
aoULAV 32e4 2 164 - 0.05 1.32 70840
aoD2AG 32e4 2 164 - 0.08 1.84 88216
aoD2SG 32e4 2 164 - 0.08 2.04 90840
dry 5e4 5 250 - 0.03 0.13 31188
aoDLAV 5e4 5 250 - 0.04 0.78 34708
aoULAV 5e4 5 250 - 0.03 0.72 34704
aoD2AG 5e4 5 250 - 0.03 0.84 37724
aoD2SG 5e4 5 250 - 0.03 0.93 37936
dry 1e2 10 192 - 0.02 0.12 26004
aoDLAV 1e2 10 192 - 0.03 0.14 30260
aoULAV 1e2 10 192 - 0.02 0.15 30272
aoD2AG 1e2 10 192 - 0.03 0.14 30444
aoD2SG 1e2 10 192 - 0.03 0.14 30452
moore 1e2 10 192 - 0.02 0.21 30496
nbpm 1e2 10 192 - 0.08 2.19 53076
greedy 1e2 10 192 - 0.03 0.14 30972
dry 1e5 10 182 - 0.04 0.18 38396
aoDLAV 1e5 10 182 - 0.05 23.31 53536
aoULAV 1e5 10 182 - 0.05 23.39 55308
aoD2AG 1e5 10 182 - 0.06 23.45 63052
aoD2SG 1e5 10 182 - 0.17 26.84 66836
dry 32e1 2 75 - 0.03 0.12 26000
aoDLAV 32e1 2 75 - 0.03 0.14 30200
aoULAV 32e1 2 75 - 0.04 0.14 30212
aoD2AG 32e1 2 75 - 0.03 0.14 30380
aoD2SG 32e1 2 75 - 0.04 0.13 30388
moore 32e1 2 75 - 0.03 0.62 33676
nbpm 32e1 2 75 - 0.08 2.60 58300
greedy 32e1 2 75 - 0.03 0.21 40972
dry 32e1 2 125 - 0.02 0.12 26000
aoDLAV 32e1 2 125 - 0.03 0.14 30196
aoULAV 32e1 2 125 - 0.02 0.14 30208
aoD2AG 32e1 2 125 - 0.03 0.14 30380
aoD2SG 32e1 2 125 - 0.03 0.14 30388
moore 32e1 2 125 - 0.03 0.36 33676
nbpm 32e1 2 125 - 0.07 2.40 58300
greedy 32e1 2 125 - 0.04 0.20 40972
dry 56e3 2 110 - 0.02 0.12 31236
aoDLAV 56e3 2 110 - 0.04 0.29 33476
aoULAV 56e3 2 110 - 0.03 0.30 34696
aoD2AG 56e3 2 110 - 0.03 0.38 37284
aoD2SG 56e3 2 110 - 0.04 0.37 37304
dry 1e5 2 112 - 0.03 0.13 31220
aoDLAV 1e5 2 112 - 0.03 0.43 34800
aoULAV 1e5 2 112 - 0.02 0.46 35320
aoD2AG 1e5 2 112 - 0.03 0.59 42600
aoD2SG 1e5 2 112 - 0.04 0.69 43796
dry 1e5 5 147 - 0.03 0.14 34476
aoDLAV 1e5 5 147 - 0.04 1.68 41816
aoULAV 1e5 5 147 - 0.04 1.69 43568
aoD2AG 1e5 5 147 - 0.05 1.86 53564
aoD2SG 1e5 5 147 - 0.05 2.08 53376
dry 400e2 2 1 - 0.03 0.11 27616
aoDLAV 400e2 2 1 - 0.03 0.24 32236
aoULAV 400e2 2 1 - 0.03 0.25 33112
aoD2AG 400e2 2 1 - 0.03 0.29 36072
aoD2SG 400e2 2 1 - 0.03 0.30 35928
dry 325e2 2 1 - 0.02 0.12 27316
aoDLAV 325e2 2 1 - 0.03 0.22 31376
aoULAV 325e2 2 1 - 0.02 0.24 32084
aoD2AG 325e2 2 1 - 0.02 0.27 35004
aoD2SG 325e2 2 1 - 0.02 0.27 34764
dry 1e6 5 185 - 0.04 0.28 73152
aoDLAV 1e6 5 185 - 0.14 17.90 252692
aoULAV 1e6 5 185 - 0.15 17.85 252688
aoD2AG 1e6 5 185 - 0.22 20.09 323072
aoD2SG 1e6 5 185 - 0.21 22.38 333164
dry 1e3 5 119 - 0.02 0.12 26056
aoDLAV 1e3 5 119 - 0.03 0.14 30424
aoULAV 1e3 5 119 - 0.03 0.15 30436
aoD2AG 1e3 5 119 - 0.03 0.15 30752
aoD2SG 1e3 5 119 - 0.04 0.14 30772
moore 1e3 5 119 - 0.04 4.53 59804
nbpm 1e3 5 119 - 0.12 4.91 129244
greedy 1e3 5 119 - 0.08 1.08 139388
dry 32e4 2 162 - 0.03 0.17 36428
aoDLAV 32e4 2 162 - 0.07 1.29 70828
aoULAV 32e4 2 162 - 0.07 1.34 70840
aoD2AG 32e4 2 162 - 0.09 1.81 88220
aoD2SG 32e4 2 162 - 0.07 1.72 90720
dry 1e2 2 31 - 0.03 0.11 25996
aoDLAV 1e2 2 31 - 0.03 0.13 30172
aoULAV 1e2 2 31 - 0.03 0.15 30180
aoD2AG 1e2 2 31 - 0.02 0.15 30336
aoD2SG 1e2 2 31 - 0.02 0.15 30332
moore 1e2 2 31 - 0.03 0.19 30480
nbpm 1e2 2 31 - 0.07 2.07 53004
greedy 1e2 2 31 - 0.03 0.14 30880
dry 1e5 2 46 - 0.03 0.14 30900
aoDLAV 1e5 2 46 - 0.04 0.41 34800
aoULAV 1e5 2 46 - 0.03 0.43 35320
aoD2AG 1e5 2 46 - 0.05 0.52 42604
aoD2SG 1e5 2 46 - 0.05 0.58 43800
dry 1e2 2 210 - 0.02 0.12 25992
aoDLAV 1e2 2 210 - 0.02 0.15 30168
aoULAV 1e2 2 210 - 0.03 0.14 30180
aoD2AG 1e2 2 210 - 0.03 0.14 30328
aoD2SG 1e2 2 210 - 0.02 0.15 30340
moore 1e2 2 210 - 0.03 0.22 30484
nbpm 1e2 2 210 - 0.09 2.18 53000
greedy 1e2 2 210 - 0.03 0.14 30880
dry 5e4 5 201 - 0.02 0.14 31100
aoDLAV 5e4 5 201 - 0.03 0.78 34704
aoULAV 5e4 5 201 - 0.04 0.78 34704
aoD2AG 5e4 5 201 - 0.04 0.84 37728
aoD2SG 5e4 5 201 - 0.04 0.92 37936
dry 32e1 2 214 - 0.03 0.11 26004
aoDLAV 32e1 2 214 - 0.03 0.14 30196
aoULAV 32e1 2 214 - 0.02 0.15 30212
aoD2AG 32e1 2 214 - 0.03 0.14 30376
aoD2SG 32e1 2 214 - 0.03 0.14 30384
moore 32e1 2 214 - 0.03 0.25 33684
nbpm 32e1 2 214 - 0.08 2.32 58308
greedy 32e1 2 214 - 0.03 0.21 40972
dry 32e4 2 102 - 0.04 0.16 36424
aoDLAV 32e4 2 102 - 0.05 1.19 70828
aoULAV 32e4 2 102 - 0.05 1.18 70848
aoD2AG 32e4 2 102 - 0.09 1.56 88568
aoD2SG 32e4 2 102 - 0.07 1.78 91724
dry 400e2 2 14 - 0.02 0.12 27616
aoDLAV 400e2 2 14 - 0.03 0.22 32236
aoULAV 400e2 2 14 - 0.03 0.23 33112
aoD2AG 400e2 2 14 - 0.03 0.27 36072
aoD2SG 400e2 2 14 - 0.03 0.29 35928
dry 56e1 2 4 - 0.03 0.11 26008
aoDLAV 56e1 2 4 - 0.02 0.14 30220
aoULAV 56e1 2 4 - 0.02 0.14 30232
aoD2AG 56e1 2 4 - 0.02 0.14 30416
aoD2SG 56e1 2 4 - 0.02 0.14 30428
moore 56e1 2 4 - 0.03 1.33 39652
nbpm 56e1 2 4 - 0.09 2.79 78704
greedy 56e1 2 4 - 0.04 0.37 64104
dry 32e4 2 62 - 0.04 0.15 36428
aoDLAV 32e4 2 62 - 0.06 1.28 70828
aoULAV 32e4 2 62 - 0.06 1.33 70840
aoD2AG 32e4 2 62 - 0.06 1.78 88376
aoD2SG 32e4 2 62 - 0.09 1.96 90792
dry 1e3 2 21 - 0.02 0.12 26020
aoDLAV 1e3 2 21 - 0.03 0.13 30280
aoULAV 1e3 2 21 - 0.02 0.14 30296
aoD2AG 1e3 2 21 - 0.02 0.14 30532
aoD2SG 1e3 2 21 - 0.03 0.13 30556
moore 1e3 2 21 - 0.04 4.17 59776
nbpm 1e3 2 21 - 0.11 4.13 138560
greedy 1e3 2 21 - 0.07 1.05 139244
dry 1e5 5 166 - 0.03 0.13 34480
aoDLAV 1e5 5 166 - 0.04 1.60 41820
aoULAV 1e5 5 166 - 0.04 1.61 43568
aoD2AG 1e5 5 166 - 0.04 1.77 53564
aoD2SG 1e5 5 166 - 0.04 1.96 53204
dry 1e5 5 119 - 0.03 0.14 34476
aoDLAV 1e5 5 119 - 0.05 1.59 41816
aoULAV 1e5 5 119 - 0.05 1.60 43568
aoD2AG 1e5 5 119 - 0.05 1.64 53564
aoD2SG 1e5 5 119 - 0.07 1.81 53204
dry 32e1 2 127 - 0.02 0.12 26000
aoDLAV 32e1 2 127 - 0.02 0.15 30196
aoULAV 32e1 2 127 - 0.03 0.14 30208
aoD2AG 32e1 2 127 - 0.02 0.15 30376
aoD2SG 32e1 2 127 - 0.03 0.14 30388
moore 32e1 2 127 - 0.03 0.74 33688
nbpm 32e1 2 127 - 0.08 2.40 58312
greedy 32e1 2 127 - 0.03 0.21 40976
dry 1e2 10 98 - 0.02 0.12 26004
aoDLAV 1e2 10 98 - 0.03 0.14 30264
aoULAV 1e2 10 98 - 0.03 0.14 30272
aoD2AG 1e2 10 98 - 0.03 0.14 30440
aoD2SG 1e2 10 98 - 0.03 0.14 30452
moore 1e2 10 98 - 0.03 0.20 30496
nbpm 1e2 10 98 - 0.07 2.18 53076
greedy 1e2 10 98 - 0.04 0.13 30972
dry 56e4 2 171 - 0.03 0.19 41104
aoDLAV 56e4 2 171 - 0.08 2.13 107984
aoULAV 56e4 2 171 - 0.07 2.24 107984
aoD2AG 56e4 2 171 - 0.10 2.94 140200
aoD2SG 56e4 2 171 - 0.12 3.26 143184
dry 300e2 2 110 - 0.02 0.12 29196
aoDLAV 300e2 2 110 - 0.03 0.21 31296
aoULAV 300e2 2 110 - 0.03 0.20 31896
aoD2AG 300e2 2 110 - 0.03 0.23 35088
aoD2SG 300e2 2 110 - 0.03 0.24 34716
dry 300e2 2 145 - 0.02 0.12 27216
aoDLAV 300e2 2 145 - 0.04 0.20 31296
aoULAV 300e2 2 145 - 0.02 0.21 31892
aoD2AG 300e2 2 145 - 0.02 0.24 35060
aoD2SG 300e2 2 145 - 0.03 0.24 34716
dry 1e2 10 161 - 0.03 0.11 26008
aoDLAV 1e2 10 161 - 0.02 0.15 30260
aoULAV 1e2 10 161 - 0.03 0.14 30272
aoD2AG 1e2 10 161 - 0.03 0.14 30440
aoD2SG 1e2 10 161 - 0.03 0.14 30448
moore 1e2 10 161 - 0.03 0.20 30496
nbpm 1e2 10 161 - 0.08 2.17 53072
greedy 1e2 10 161 - 0.03 0.14 30972
dry 325e2 2 23 - 0.02 0.12 27320
aoDLAV 325e2 2 23 - 0.03 0.22 31376
aoULAV 325e2 2 23 - 0.03 0.22 32088
aoD2AG 325e2 2 23 - 0.03 0.25 35004
aoD2SG 325e2 2 23 - 0.03 0.25 34764
dry 56e3 2 220 - 0.03 0.11 28240
aoDLAV 56e3 2 220 - 0.03 0.30 33476
aoULAV 56e3 2 220 - 0.04 0.29 34696
aoD2AG 56e3 2 220 - 0.04 0.36 37284
aoD2SG 56e3 2 220 - 0.04 0.39 37332
dry 375e2 2 38 - 0.02 0.12 27516
aoDLAV 375e2 2 38 - 0.04 0.23 31784
aoULAV 375e2 2 38 - 0.02 0.24 32608
aoD2AG 375e2 2 38 - 0.03 0.28 35520
aoD2SG 375e2 2 38 - 0.03 0.29 35528
dry 375e2 2 139 - 0.02 0.12 27516
aoDLAV 375e2 2 139 - 0.03 0.24 31812
aoULAV 375e2 2 139 - 0.04 0.23 32608
aoD2AG 375e2 2 139 - 0.02 0.29 35524
aoD2SG 375e2 2 139 - 0.02 0.29 35528
dry 300e2 2 205 - 0.03 0.11 27952
aoDLAV 300e2 2 205 - 0.03 0.21 31296
aoULAV 300e2 2 205 - 0.03 0.22 31948
aoD2AG 300e2 2 205 - 0.02 0.25 35060
aoD2SG 300e2 2 205 - 0.03 0.26 34716
dry 18e1 2 28 - 0.02 0.12 26004
aoDLAV 18e1 2 28 - 0.03 0.14 30188
aoULAV 18e1 2 28 - 0.02 0.15 30200
aoD2AG 18e1 2 28 - 0.03 0.14 30360
aoD2SG 18e1 2 28 - 0.03 0.14 30364
moore 18e1 2 28 - 0.03 0.31 30488
nbpm 18e1 2 28 - 0.07 2.21 54436
greedy 18e1 2 28 - 0.02 0.16 33348
dry 56e4 2 16 - 0.04 0.18 41104
aoDLAV 56e4 2 16 - 0.08 2.19 107984
aoULAV 56e4 2 16 - 0.09 2.24 107988
aoD2AG 56e4 2 16 - 0.13 3.19 138600
aoD2SG 56e4 2 16 - 0.12 3.56 144348
dry 5e4 10 24 - 0.03 0.13 33888
aoDLAV 5e4 10 24 - 0.04 7.20 40200
aoULAV 5e4 10 24 - 0.03 6.74 40200
aoD2AG 5e4 10 24 - 0.03 6.86 44988
aoD2SG 5e4 10 24 - 0.04 7.65 45000
dry 1e6 2 79 - 0.04 0.19 49704
aoDLAV 1e6 2 79 - 0.11 3.55 178456
aoULAV 1e6 2 79 - 0.12 3.79 178460
aoD2AG 1e6 2 79 - 0.16 5.26 233972
aoD2SG 1e6 2 79 - 0.18 5.91 242400
dry 1e2 2 66 - 0.03 0.11 25992
aoDLAV 1e2 2 66 - 0.03 0.14 30168
aoULAV 1e2 2 66 - 0.03 0.14 30180
aoD2AG 1e2 2 66 - 0.02 0.14 30336
aoD2SG 1e2 2 66 - 0.03 0.14 30344
moore 1e2 2 66 - 0.03 0.18 30488
nbpm 1e2 2 66 - 0.08 2.10 53008
greedy 1e2 2 66 - 0.03 0.14 30880
dry 56e3 2 4 - 0.03 0.11 28236
aoDLAV 56e3 2 4 - 0.02 0.28 33476
aoULAV 56e3 2 4 - 0.03 0.28 34696
aoD2AG 56e3 2 4 - 0.03 0.35 37288
aoD2SG 56e3 2 4 - 0.03 0.37 37300
dry 5e4 2 191 - 0.02 0.12 28000
aoDLAV 5e4 2 191 - 0.03 0.26 33008
aoULAV 5e4 2 191 - 0.03 0.27 33312
aoD2AG 5e4 2 191 - 0.04 0.32 36416
aoD2SG 5e4 2 191 - 0.04 0.33 36424
dry 225e2 2 134 - 0.02 0.12 30576
aoDLAV 225e2 2 134 - 0.03 0.19 30980
aoULAV 225e2 2 134 - 0.02 0.19 30996
aoD2AG 225e2 2 134 - 0.04 0.20 33368
aoD2SG 225e2 2 134 - 0.02 0.23 33464
dry 400e2 2 115 - 0.03 0.11 29180
aoDLAV 400e2 2 115 - 0.03 0.23 32240
aoULAV 400e2 2 115 - 0.03 0.23 33116
aoD2AG 400e2 2 115 - 0.03 0.28 36116
aoD2SG 400e2 2 115 - 0.04 0.28 35924
dry 1e3 5 10 - 0.03 0.11 26060
aoDLAV 1e3 5 10 - 0.03 0.14 30428
aoULAV 1e3 5 10 - 0.02 0.15 30436
aoD2AG 1e3 5 10 - 0.03 0.14 30736
aoD2SG 1e3 5 10 - 0.03 0.15 30760
moore 1e3 5 10 - 0.04 4.30 59804
nbpm 1e3 5 10 - 0.12 4.46 129244
greedy 1e3 5 10 - 0.08 1.00 139392
dry 1e3 5 209 - 0.03 0.11 26056
aoDLAV 1e3 5 209 - 0.02 0.16 30424
aoULAV 1e3 5 209 - 0.03 0.14 30440
aoD2AG 1e3 5 209 - 0.04 0.13 30760
aoD2SG 1e3 5 209 - 0.03 0.15 30780
moore 1e3 5 209 - 0.05 4.80 59820
nbpm 1e3 5 209 - 0.10 4.82 129240
greedy 1e3 5 209 - 0.08 1.09 139388
dry 1e1 2 165 - 0.02 0.12 25996
aoDLAV 1e1 2 165 - 0.02 0.14 30164
aoULAV 1e1 2 165 - 0.03 0.14 30172
aoD2AG 1e1 2 165 - 0.03 0.14 30324
aoD2SG 1e1 2 165 - 0.03 0.14 30328
moore 1e1 2 165 - 0.02 0.18 30476
nbpm 1e1 2 165 - 0.07 2.12 49816
greedy 1e1 2 165 - 0.02 0.14 30124
dry 1e5 2 96 - 0.03 0.13 31492
aoDLAV 1e5 2 96 - 0.04 0.43 34800
aoULAV 1e5 2 96 - 0.03 0.44 35324
aoD2AG 1e5 2 96 - 0.04 0.59 42604
aoD2SG 1e5 2 96 - 0.04 0.65 43808
dry 1e5 2 224 - 0.03 0.13 31536
aoDLAV 1e5 2 224 - 0.03 0.46 34800
aoULAV 1e5 2 224 - 0.04 0.45 35344
aoD2AG 1e5 2 224 - 0.04 0.58 42604
aoD2SG 1e5 2 224 - 0.03 0.67 43800
dry 56e3 2 213 - 0.03 0.11 28240
aoDLAV 56e3 2 213 - 0.04 0.29 33476
aoULAV 56e3 2 213 - 0.03 0.30 34696
aoD2AG 56e3 2 213 - 0.04 0.36 37284
aoD2SG 56e3 2 213 - 0.03 0.39 37300
dry 1e1 2 34 - 0.02 0.12 25992
aoDLAV 1e1 2 34 - 0.03 0.14 30160
aoULAV 1e1 2 34 - 0.03 0.14 30172
aoD2AG 1e1 2 34 - 0.03 0.14 30316
aoD2SG 1e1 2 34 - 0.03 0.14 30324
moore 1e1 2 34 - 0.03 0.18 30484
nbpm 1e1 2 34 - 0.08 2.16 49824
greedy 1e1 2 34 - 0.03 0.14 30124
dry 1e2 5 84 - 0.02 0.12 25996
aoDLAV 1e2 5 84 - 0.03 0.14 30216
aoULAV 1e2 5 84 - 0.03 0.14 30224
aoD2AG 1e2 5 84 - 0.03 0.14 30388
aoD2SG 1e2 5 84 - 0.02 0.15 30388
moore 1e2 5 84 - 0.03 0.22 30488
nbpm 1e2 5 84 - 0.08 2.18 53008
greedy 1e2 5 84 - 0.03 0.15 30920
dry 1e5 10 44 - 0.04 0.18 38396
aoDLAV 1e5 10 44 - 0.04 23.19 53536
aoULAV 1e5 10 44 - 0.05 23.20 55308
aoD2AG 1e5 10 44 - 0.06 23.34 62664
aoD2SG 1e5 10 44 - 0.05 26.25 66836
dry 1e3 10 38 - 0.03 0.11 26140
aoDLAV 1e3 10 38 - 0.02 0.16 30652
aoULAV 1e3 10 38 - 0.03 0.16 30668
aoD2AG 1e3 10 38 - 0.03 0.16 31072
aoD2SG 1e3 10 38 - 0.03 0.16 31084
moore 1e3 10 38 - 0.04 6.01 59844
nbpm 1e3 10 38 - 0.14 4.93 136160
greedy 1e3 10 38 - 0.07 1.07 139616
dry 350e2 2 88 - 0.03 0.11 27416
aoDLAV 350e2 2 88 - 0.03 0.22 31480
aoULAV 350e2 2 88 - 0.03 0.22 32260
aoD2AG 350e2 2 88 - 0.03 0.26 34852
aoD2SG 350e2 2 88 - 0.03 0.27 35136
dry 18e1 2 198 - 0.03 0.11 26008
aoDLAV 18e1 2 198 - 0.03 0.14 30184
aoULAV 18e1 2 198 - 0.02 0.15 30240
aoD2AG 18e1 2 198 - 0.03 0.14 30356
aoD2SG 18e1 2 198 - 0.02 0.15 30368
moore 18e1 2 198 - 0.02 0.25 30488
nbpm 18e1 2 198 - 0.07 2.17 54436
greedy 18e1 2 198 - 0.03 0.15 33348
dry 56e1 2 51 - 0.02 0.12 26012
aoDLAV 56e1 2 51 - 0.03 0.14 30220
aoULAV 56e1 2 51 - 0.02 0.14 30232
aoD2AG 56e1 2 51 - 0.03 0.14 30416
aoD2SG 56e1 2 51 - 0.03 0.14 30428
moore 56e1 2 51 - 0.03 0.87 39684
nbpm 56e1 2 51 - 0.10 2.94 78704
greedy 56e1 2 51 - 0.04 0.39 64104
dry 5e4 10 22 - 0.03 0.14 33888
aoDLAV 5e4 10 22 - 0.04 7.94 40200
aoULAV 5e4 10 22 - 0.04 8.18 40200
aoD2AG 5e4 10 22 - 0.05 8.98 44980
aoD2SG 5e4 10 22 - 0.05 8.78 44996
dry 275e2 2 207 - 0.02 0.12 28856
aoDLAV 275e2 2 207 - 0.03 0.21 31240
aoULAV 275e2 2 207 - 0.03 0.21 31572
aoD2AG 275e2 2 207 - 0.03 0.23 34696
aoD2SG 275e2 2 207 - 0.03 0.24 34812
dry 250e2 2 149 - 0.02 0.12 30628
aoDLAV 250e2 2 149 - 0.03 0.19 31108
aoULAV 250e2 2 149 - 0.03 0.20 31212
aoD2AG 250e2 2 149 - 0.03 0.22 33864
aoD2SG 250e2 2 149 - 0.03 0.23 33964
dry 1e6 10 134 - 0.07 0.40 112232
aoDLAV 1e6 10 134 - 0.21 373.68 369944
aoULAV 1e6 10 134 - 0.29 373.34 369884
aoD2AG 1e6 10 134 - 0.40 388.32 447460
aoD2SG 1e6 10 134 - 0.42 461.08 459644
dry 1e5 2 53 - 0.02 0.14 31188
aoDLAV 1e5 2 53 - 0.03 0.44 34804
aoULAV 1e5 2 53 - 0.03 0.45 35320
aoD2AG 1e5 2 53 - 0.04 0.57 42600
aoD2SG 1e5 2 53 - 0.05 0.63 43804
dry 1e6 2 51 - 0.04 0.20 49704
aoDLAV 1e6 2 51 - 0.12 3.76 178456
aoULAV 1e6 2 51 - 0.11 3.93 178460
aoD2AG 1e6 2 51 - 0.15 5.67 233736
aoD2SG 1e6 2 51 - 0.19 6.35 242916
dry 1e3 5 138 - 0.02 0.12 26060
aoDLAV 1e3 5 138 - 0.03 0.14 30424
aoULAV 1e3 5 138 - 0.02 0.15 30436
aoD2AG 1e3 5 138 - 0.04 0.14 30744
aoD2SG 1e3 5 138 - 0.02 0.15 30768
moore 1e3 5 138 - 0.04 4.30 59800
nbpm 1e3 5 138 - 0.12 4.44 129244
greedy 1e3 5 138 - 0.08 1.04 139388
dry 1e6 5 31 - 0.06 0.27 73152
aoDLAV 1e6 5 31 - 0.13 19.12 252688
aoULAV 1e6 5 31 - 0.16 19.61 252692
aoD2AG 1e6 5 31 - 0.22 21.25 323844
aoD2SG 1e6 5 31 - 0.22 25.66 333484
dry 1e1 2 136 - 0.02 0.12 25992
aoDLAV 1e1 2 136 - 0.02 0.15 30164
aoULAV 1e1 2 136 - 0.02 0.14 30176
aoD2AG 1e1 2 136 - 0.02 0.15 30316
aoD2SG 1e1 2 136 - 0.03 0.14 30320
moore 1e1 2 136 - 0.03 0.17 30484
nbpm 1e1 2 136 - 0.08 2.31 49828
greedy 1e1 2 136 - 0.03 0.14 30128
dry 56e3 2 78 - 0.02 0.12 29588
aoDLAV 56e3 2 78 - 0.04 0.29 33476
aoULAV 56e3 2 78 - 0.04 0.29 34700
aoD2AG 56e3 2 78 - 0.04 0.36 37284
aoD2SG 56e3 2 78 - 0.04 0.39 37304
dry 32e1 2 118 - 0.02 0.12 26000
aoDLAV 32e1 2 118 - 0.03 0.14 30196
aoULAV 32e1 2 118 - 0.04 0.13 30212
aoD2AG 32e1 2 118 - 0.03 0.14 30376
aoD2SG 32e1 2 118 - 0.02 0.15 30388
moore 32e1 2 118 - 0.03 0.29 33688
nbpm 32e1 2 118 - 0.08 2.38 58308
greedy 32e1 2 118 - 0.03 0.22 40972
dry 1e3 10 164 - 0.03 0.11 26140
aoDLAV 1e3 10 164 - 0.03 0.15 30652
aoULAV 1e3 10 164 - 0.03 0.16 30664
aoD2AG 1e3 10 164 - 0.03 0.16 31064
aoD2SG 1e3 10 164 - 0.03 0.17 31084
moore 1e3 10 164 - 0.05 4.33 59840
nbpm 1e3 10 164 - 0.12 4.94 136144
greedy 1e3 10 164 - 0.09 1.06 139616
dry 300e2 2 80 - 0.02 0.12 30724
aoDLAV 300e2 2 80 - 0.02 0.22 31296
aoULAV 300e2 2 80 - 0.03 0.21 31896
aoD2AG 300e2 2 80 - 0.03 0.24 35056
aoD2SG 300e2 2 80 - 0.02 0.26 34716
dry 56e4 2 86 - 0.03 0.20 41108
aoDLAV 56e4 2 86 - 0.09 2.13 107988
aoULAV 56e4 2 86 - 0.10 2.24 107984
aoD2AG 56e4 2 86 - 0.13 3.19 140052
aoD2SG 56e4 2 86 - 0.13 3.56 142968
dry 5e4 2 19 - 0.03 0.11 29568
aoDLAV 5e4 2 19 - 0.03 0.29 33008
aoULAV 5e4 2 19 - 0.03 0.30 33312
aoD2AG 5e4 2 19 - 0.04 0.34 36408
aoD2SG 5e4 2 19 - 0.03 0.37 36424
dry 1e5 5 231 - 0.03 0.13 34476
aoDLAV 1e5 5 231 - 0.04 1.63 41816
aoULAV 1e5 5 231 - 0.04 1.62 43568
aoD2AG 1e5 5 231 - 0.05 1.79 53688
aoD2SG 1e5 5 231 - 0.05 1.95 53204
dry 1e5 5 136 - 0.03 0.14 34480
aoDLAV 1e5 5 136 - 0.04 1.61 41852
aoULAV 1e5 5 136 - 0.05 1.60 43568
aoD2AG 1e5 5 136 - 0.04 1.79 53948
aoD2SG 1e5 5 136 - 0.05 1.92 53200
dry 1e5 2 109 - 0.03 0.13 31384
aoDLAV 1e5 2 109 - 0.03 0.46 34800
aoULAV 1e5 2 109 - 0.03 0.46 35320
aoD2AG 1e5 2 109 - 0.04 0.58 42604
aoD2SG 1e5 2 109 - 0.03 0.65 43804
dry 1e2 5 102 - 0.02 0.12 25996
aoDLAV 1e2 5 102 - 0.02 0.15 30212
aoULAV 1e2 5 102 - 0.02 0.14 30228
aoD2AG 1e2 5 102 - 0.03 0.14 30384
aoD2SG 1e2 5 102 - 0.03 0.14 30388
moore 1e2 5 102 - 0.03 0.20 30492
nbpm 1e2 5 102 - 0.07 2.22 53020
greedy 1e2 5 102 - 0.02 0.15 30924
dry 250e2 2 159 - 0.03 0.11 27020
aoDLAV 250e2 2 159 - 0.02 0.21 31112
aoULAV 250e2 2 159 - 0.03 0.20 31212
aoD2AG 250e2 2 159 - 0.03 0.22 33860
aoD2SG 250e2 2 159 - 0.03 0.24 33960
dry 1e5 5 135 - 0.03 0.13 34476
aoDLAV 1e5 5 135 - 0.04 1.65 41816
aoULAV 1e5 5 135 - 0.04 1.65 43576
aoD2AG 1e5 5 135 - 0.06 1.63 53564
aoD2SG 1e5 5 135 - 0.06 2.01 53204
dry 300e2 2 155 - 0.03 0.12 27216
aoDLAV 300e2 2 155 - 0.03 0.21 31296
aoULAV 300e2 2 155 - 0.02 0.22 31896
aoD2AG 300e2 2 155 - 0.03 0.26 35056
aoD2SG 300e2 2 155 - 0.04 0.25 34716
dry 1e5 2 162 - 0.03 0.13 30016
aoDLAV 1e5 2 162 - 0.03 0.45 34804
aoULAV 1e5 2 162 - 0.04 0.47 35320
aoD2AG 1e5 2 162 - 0.04 0.59 42600
aoD2SG 1e5 2 162 - 0.04 0.79 43804
dry 1e5 10 109 - 0.04 0.18 38396
aoDLAV 1e5 10 109 - 0.05 23.02 53536
aoULAV 1e5 10 109 - 0.04 22.99 55312
aoD2AG 1e5 10 109 - 0.06 23.23 62692
aoD2SG 1e5 10 109 - 0.05 25.79 66832
dry 1e5 5 61 - 0.04 0.13 34476
aoDLAV 1e5 5 61 - 0.04 1.53 41816
aoULAV 1e5 5 61 - 0.03 1.56 43568
aoD2AG 1e5 5 61 - 0.06 1.68 53564
aoD2SG 1e5 5 61 - 0.05 1.90 53200
dry 275e2 2 36 - 0.02 0.12 28996
aoDLAV 275e2 2 36 - 0.03 0.20 31240
aoULAV 275e2 2 36 - 0.02 0.21 31576
aoD2AG 275e2 2 36 - 0.03 0.23 34696
aoD2SG 275e2 2 36 - 0.03 0.24 34812
dry 1e5 5 69 - 0.03 0.13 34476
aoDLAV 1e5 5 69 - 0.04 1.66 41816
aoULAV 1e5 5 69 - 0.04 1.55 43572
aoD2AG 1e5 5 69 - 0.05 1.69 53788
aoD2SG 1e5 5 69 - 0.04 2.03 53200
dry 32e3 2 176 - 0.02 0.12 27296
aoDLAV 32e3 2 176 - 0.04 0.21 31436
aoULAV 32e3 2 176 - 0.03 0.22 32148
aoD2AG 32e3 2 176 - 0.03 0.25 35020
aoD2SG 32e3 2 176 - 0.04 0.25 34792
dry 225e2 2 225 - 0.02 0.12 26920
aoDLAV 225e2 2 225 - 0.02 0.20 30984
aoULAV 225e2 2 225 - 0.03 0.20 30996
aoD2AG 225e2 2 225 - 0.03 0.22 33368
aoD2SG 225e2 2 225 - 0.03 0.22 33464
dry 5e4 2 102 - 0.02 0.12 28000
aoDLAV 5e4 2 102 - 0.03 0.27 33008
aoULAV 5e4 2 102 - 0.03 0.28 33316
aoD2AG 5e4 2 102 - 0.02 0.35 36412
aoD2SG 5e4 2 102 - 0.03 0.36 36460
dry 1e1 2 172 - 0.03 0.11 25992
aoDLAV 1e1 2 172 - 0.02 0.15 30160
aoULAV 1e1 2 172 - 0.03 0.14 30172
aoD2AG 1e1 2 172 - 0.03 0.14 30316
aoD2SG 1e1 2 172 - 0.02 0.15 30320
moore 1e1 2 172 - 0.02 0.19 30480
nbpm 1e1 2 172 - 0.09 2.16 49816
greedy 1e1 2 172 - 0.02 0.14 30128
dry 56e3 2 157 - 0.02 0.12 31236
aoDLAV 56e3 2 157 - 0.03 0.30 33476
aoULAV 56e3 2 157 - 0.03 0.30 34696
aoD2AG 56e3 2 157 - 0.04 0.36 37280
aoD2SG 56e3 2 157 - 0.05 0.38 37296
dry 400e2 2 114 - 0.02 0.12 27616
aoDLAV 400e2 2 114 - 0.03 0.24 32236
aoULAV 400e2 2 114 - 0.02 0.26 33112
aoD2AG 400e2 2 114 - 0.04 0.28 36076
aoD2SG 400e2 2 114 - 0.03 0.29 35932
dry 1e6 2 240 - 0.04 0.20 49708
aoDLAV 1e6 2 240 - 0.11 3.89 178456
aoULAV 1e6 2 240 - 0.12 4.12 178456
aoD2AG 1e6 2 240 - 0.18 5.87 233432
aoD2SG 1e6 2 240 - 0.19 6.65 242268
dry 400e2 2 216 - 0.02 0.12 27620
aoDLAV 400e2 2 216 - 0.02 0.25 32236
aoULAV 400e2 2 216 - 0.02 0.25 33112
aoD2AG 400e2 2 216 - 0.03 0.29 36072
aoD2SG 400e2 2 216 - 0.02 0.31 35928
dry 1e5 2 199 - 0.03 0.13 31048
aoDLAV 1e5 2 199 - 0.03 0.46 34800
aoULAV 1e5 2 199 - 0.03 0.46 35320
aoD2AG 1e5 2 199 - 0.04 0.58 42812
aoD2SG 1e5 2 199 - 0.03 0.66 43804
dry 375e2 2 133 - 0.03 0.11 27520
aoDLAV 375e2 2 133 - 0.03 0.23 31784
aoULAV 375e2 2 133 - 0.03 0.24 32604
aoD2AG 375e2 2 133 - 0.03 0.28 35516
aoD2SG 375e2 2 133 - 0.03 0.30 35524
dry 1e2 10 56 - 0.02 0.11 26008
aoDLAV 1e2 10 56 - 0.04 0.13 30264
aoULAV 1e2 10 56 - 0.03 0.14 30276
aoD2AG 1e2 10 56 - 0.03 0.14 30444
aoD2SG 1e2 10 56 - 0.02 0.15 30452
moore 1e2 10 56 - 0.02 0.22 30500
nbpm 1e2 10 56 - 0.10 2.18 53076
greedy 1e2 10 56 - 0.04 0.13 30972
dry 325e2 2 91 - 0.02 0.12 29056
aoDLAV 325e2 2 91 - 0.03 0.23 31372
aoULAV 325e2 2 91 - 0.02 0.23 32084
aoD2AG 325e2 2 91 - 0.04 0.25 35004
aoD2SG 325e2 2 91 - 0.03 0.27 34764
dry 1e6 5 120 - 0.06 0.27 73152
aoDLAV 1e6 5 120 - 0.15 20.19 252688
aoULAV 1e6 5 120 - 0.14 20.39 252692
aoD2AG 1e6 5 120 - 0.20 22.31 323932
aoD2SG 1e6 5 120 - 0.22 26.27 332996
dry 56e4 2 205 - 0.04 0.18 41104
aoDLAV 56e4 2 205 - 0.08 2.12 107984
aoULAV 56e4 2 205 - 0.09 2.23 107984
aoD2AG 56e4 2 205 - 0.11 3.21 140008
aoD2SG 56e4 2 205 - 0.12 3.57 143388
dry 1e2 5 109 - 0.02 0.11 25996
aoDLAV 1e2 5 109 - 0.03 0.14 30216
aoULAV 1e2 5 109 - 0.04 0.13 30224
aoD2AG 1e2 5 109 - 0.03 0.14 30376
aoD2SG 1e2 5 109 - 0.03 0.14 30388
moore 1e2 5 109 - 0.04 0.20 30492
nbpm 1e2 5 109 - 0.09 2.17 53016
greedy 1e2 5 109 - 0.02 0.15 30920
dry 1e2 10 231 - 0.02 0.12 26004
aoDLAV 1e2 10 231 - 0.03 0.14 30260
aoULAV 1e2 10 231 - 0.03 0.13 30272
aoD2AG 1e2 10 231 - 0.04 0.13 30440
aoD2SG 1e2 10 231 - 0.03 0.14 30448
moore 1e2 10 231 - 0.03 0.20 30500
nbpm 1e2 10 231 - 0.07 2.19 53080
greedy 1e2 10 231 - 0.02 0.15 30972
dry 300e2 2 176 - 0.02 0.12 27220
aoDLAV 300e2 2 176 - 0.03 0.21 31296
aoULAV 300e2 2 176 - 0.03 0.21 31892
aoD2AG 300e2 2 176 - 0.03 0.25 35056
aoD2SG 300e2 2 176 - 0.04 0.25 34728
dry 375e2 2 250 - 0.02 0.12 27516
aoDLAV 375e2 2 250 - 0.02 0.24 31784
aoULAV 375e2 2 250 - 0.03 0.23 32604
aoD2AG 375e2 2 250 - 0.03 0.28 35516
aoD2SG 375e2 2 250 - 0.02 0.30 35528
dry 32e4 2 118 - 0.03 0.17 36428
aoDLAV 32e4 2 118 - 0.06 1.30 70828
aoULAV 32e4 2 118 - 0.07 1.30 70844
aoD2AG 32e4 2 118 - 0.08 1.79 88348
aoD2SG 32e4 2 118 - 0.07 1.98 91052
dry 225e2 2 129 - 0.03 0.12 26924
aoDLAV 225e2 2 129 - 0.03 0.20 30980
aoULAV 225e2 2 129 - 0.03 0.20 30992
aoD2AG 225e2 2 129 - 0.03 0.22 33368
aoD2SG 225e2 2 129 - 0.03 0.23 33464
dry 1e6 5 90 - 0.07 0.27 73152
aoDLAV 1e6 5 90 - 0.15 18.44 252688
aoULAV 1e6 5 90 - 0.15 18.43 252688
aoD2AG 1e6 5 90 - 0.20 19.88 324564
aoD2SG 1e6 5 90 - 0.22 23.50 333376
dry 18e1 2 128 - 0.02 0.12 26004
aoDLAV 18e1 2 128 - 0.03 0.14 30188
aoULAV 18e1 2 128 - 0.03 0.14 30196
aoD2AG 18e1 2 128 - 0.03 0.14 30360
aoD2SG 18e1 2 128 - 0.03 0.14 30364
moore 18e1 2 128 - 0.02 0.34 30516
nbpm 18e1 2 128 - 0.08 2.11 54436
greedy 18e1 2 128 - 0.03 0.15 33348
dry 18e4 2 26 - 0.03 0.13 33104
aoDLAV 18e4 2 26 - 0.05 0.70 47860
aoULAV 18e4 2 26 - 0.05 0.74 47864
aoD2AG 18e4 2 26 - 0.05 0.95 58644
aoD2SG 18e4 2 26 - 0.07 1.14 59832
dry 1e5 10 171 - 0.03 0.18 38400
aoDLAV 1e5 10 171 - 0.05 23.05 53536
aoULAV 1e5 10 171 - 0.05 22.72 55308
aoD2AG 1e5 10 171 - 0.06 22.53 62700
aoD2SG 1e5 10 171 - 0.19 26.37 66836
dry 1e2 10 184 - 0.02 0.12 26008
aoDLAV 1e2 10 184 - 0.03 0.14 30264
aoULAV 1e2 10 184 - 0.03 0.14 30272
aoD2AG 1e2 10 184 - 0.03 0.15 30440
aoD2SG 1e2 10 184 - 0.02 0.15 30448
moore 1e2 10 184 - 0.03 0.25 30496
nbpm 1e2 10 184 - 0.08 2.31 53076
greedy 1e2 10 184 - 0.03 0.14 30976
dry 400e2 2 66 - 0.02 0.12 29552
aoDLAV 400e2 2 66 - 0.03 0.24 32236
aoULAV 400e2 2 66 - 0.03 0.24 33112
aoD2AG 400e2 2 66 - 0.02 0.29 36072
aoD2SG 400e2 2 66 - 0.03 0.30 35928
dry 1e5 10 56 - 0.04 0.17 38396
aoDLAV 1e5 10 56 - 0.10 22.73 53536
aoULAV 1e5 10 56 - 0.12 23.06 55312
aoD2AG 1e5 10 56 - 0.06 23.38 62768
aoD2SG 1e5 10 56 - 0.06 25.35 66932
dry 32e1 2 161 - 0.02 0.12 26000
aoDLAV 32e1 2 161 - 0.02 0.15 30232
aoULAV 32e1 2 161 - 0.03 0.14 30208
aoD2AG 32e1 2 161 - 0.02 0.15 30376
aoD2SG 32e1 2 161 - 0.02 0.14 30384
moore 32e1 2 161 - 0.03 0.56 33676
nbpm 32e1 2 161 - 0.08 2.38 58296
greedy 32e1 2 161 - 0.03 0.21 40972
dry 1e5 2 165 - 0.02 0.13 31392
aoDLAV 1e5 2 165 - 0.03 0.44 34804
aoULAV 1e5 2 165 - 0.03 0.46 35320
aoD2AG 1e5 2 165 - 0.03 0.58 42596
aoD2SG 1e5 2 165 - 0.03 0.64 43796
dry 32e3 2 187 - 0.03 0.11 29024
aoDLAV 32e3 2 187 - 0.03 0.21 31436
aoULAV 32e3 2 187 - 0.02 0.22 32144
aoD2AG 32e3 2 187 - 0.03 0.25 35020
aoD2SG 32e3 2 187 - 0.04 0.25 34788
dry 32e4 2 190 - 0.03 0.16 36424
aoDLAV 32e4 2 190 - 0.06 1.27 70828
aoULAV 32e4 2 190 - 0.05 1.31 70840
aoD2AG 32e4 2 190 - 0.08 1.81 88180
aoD2SG 32e4 2 190 - 0.09 2.02 91104
dry 1e5 5 200 - 0.03 0.13 34480
aoDLAV 1e5 5 200 - 0.03 1.68 41816
aoULAV 1e5 5 200 - 0.04 1.70 43568
aoD2AG 1e5 5 200 - 0.05 1.86 53564
aoD2SG 1e5 5 200 - 0.05 2.05 53204
dry 56e1 2 95 - 0.03 0.11 26012
aoDLAV 56e1 2 95 - 0.03 0.14 30224
aoULAV 56e1 2 95 - 0.03 0.14 30232
aoD2AG 56e1 2 95 - 0.04 0.13 30416
aoD2SG 56e1 2 95 - 0.02 0.15 30424
moore 56e1 2 95 - 0.03 2.43 39664
nbpm 56e1 2 95 - 0.09 2.98 78716
greedy 56e1 2 95 - 0.05 0.40 64132
dry 1e6 10 66 - 0.07 0.42 112232
aoDLAV 1e6 10 66 - 0.21 437.16 369888
aoULAV 1e6 10 66 - 0.28 387.05 370004
aoD2AG 1e6 10 66 - 1.41 404.38 448112
aoD2SG 1e6 10 66 - 0.41 424.47 456352
dry 18e4 2 176 - 0.04 0.13 33300
aoDLAV 18e4 2 176 - 0.05 0.78 47876
aoULAV 18e4 2 176 - 0.04 0.79 47860
aoD2AG 18e4 2 176 - 0.06 1.04 58640
aoD2SG 18e4 2 176 - 0.05 1.13 60316
dry 1e3 10 82 - 0.03 0.11 26136
aoDLAV 1e3 10 82 - 0.03 0.15 30652
aoULAV 1e3 10 82 - 0.03 0.16 30664
aoD2AG 1e3 10 82 - 0.03 0.16 31056
aoD2SG 1e3 10 82 - 0.03 0.16 31092
moore 1e3 10 82 - 0.04 4.17 59844
nbpm 1e3 10 82 - 0.13 4.87 136136
greedy 1e3 10 82 - 0.09 1.06 139616
dry 1e2 2 54 - 0.02 0.12 25992
aoDLAV 1e2 2 54 - 0.03 0.14 30168
aoULAV 1e2 2 54 - 0.02 0.15 30184
aoD2AG 1e2 2 54 - 0.02 0.15 30328
aoD2SG 1e2 2 54 - 0.03 0.14 30344
moore 1e2 2 54 - 0.03 0.24 30488
nbpm 1e2 2 54 - 0.08 2.13 53008
greedy 1e2 2 54 - 0.03 0.14 30880
dry 375e2 2 146 - 0.02 0.13 29432
aoDLAV 375e2 2 146 - 0.03 0.23 31784
aoULAV 375e2 2 146 - 0.03 0.24 32608
aoD2AG 375e2 2 146 - 0.02 0.28 35516
aoD2SG 375e2 2 146 - 0.04 0.28 35532
dry 18e4 2 32 - 0.03 0.13 33108
aoDLAV 18e4 2 32 - 0.04 0.76 47860
aoULAV 18e4 2 32 - 0.05 0.75 47860
aoD2AG 18e4 2 32 - 0.05 1.09 58716
aoD2SG 18e4 2 32 - 0.04 1.16 59892
dry 300e2 2 203 - 0.02 0.12 29156
aoDLAV 300e2 2 203 - 0.03 0.21 31296
aoULAV 300e2 2 203 - 0.03 0.22 31896
aoD2AG 300e2 2 203 - 0.04 0.24 35060
aoD2SG 300e2 2 203 - 0.03 0.25 34716
dry 350e2 2 205 - 0.02 0.12 29408
aoDLAV 350e2 2 205 - 0.03 0.23 31484
aoULAV 350e2 2 205 - 0.03 0.24 32264
aoD2AG 350e2 2 205 - 0.03 0.26 34848
aoD2SG 350e2 2 205 - 0.03 0.28 35132
dry 1e2 10 135 - 0.03 0.11 26004
aoDLAV 1e2 10 135 - 0.03 0.14 30260
aoULAV 1e2 10 135 - 0.03 0.14 30272
aoD2AG 1e2 10 135 - 0.03 0.14 30440
aoD2SG 1e2 10 135 - 0.02 0.15 30448
moore 1e2 10 135 - 0.02 0.22 30500
nbpm 1e2 10 135 - 0.09 2.18 53080
greedy 1e2 10 135 - 0.03 0.14 30972
dry 18e1 2 78 - 0.03 0.11 26008
aoDLAV 18e1 2 78 - 0.02 0.14 30188
aoULAV 18e1 2 78 - 0.02 0.15 30196
aoD2AG 18e1 2 78 - 0.03 0.14 30356
aoD2SG 18e1 2 78 - 0.02 0.15 30364
moore 18e1 2 78 - 0.03 0.28 30496
nbpm 18e1 2 78 - 0.08 2.19 54444
greedy 18e1 2 78 - 0.03 0.15 33348
dry 5e4 5 242 - 0.03 0.13 31312
aoDLAV 5e4 5 242 - 0.04 0.74 34704
aoULAV 5e4 5 242 - 0.03 0.75 34704
aoD2AG 5e4 5 242 - 0.04 0.80 37724
aoD2SG 5e4 5 242 - 0.03 0.90 37936
dry 250e2 2 238 - 0.02 0.12 27020
aoDLAV 250e2 2 238 - 0.03 0.20 31108
aoULAV 250e2 2 238 - 0.03 0.20 31212
aoD2AG 250e2 2 238 - 0.03 0.23 33860
aoD2SG 250e2 2 238 - 0.03 0.23 33968
dry 56e1 2 153 - 0.02 0.12 26008
aoDLAV 56e1 2 153 - 0.03 0.14 30224
aoULAV 56e1 2 153 - 0.04 0.13 30236
aoD2AG 56e1 2 153 - 0.02 0.15 30416
aoD2SG 56e1 2 153 - 0.02 0.15 30428
moore 56e1 2 153 - 0.03 0.66 39680
nbpm 56e1 2 153 - 0.10 2.91 78704
greedy 56e1 2 153 - 0.04 0.39 64108
dry 5e4 2 85 - 0.02 0.12 28004
aoDLAV 5e4 2 85 - 0.03 0.26 33060
aoULAV 5e4 2 85 - 0.03 0.27 33312
aoD2AG 5e4 2 85 - 0.04 0.32 36408
aoD2SG 5e4 2 85 - 0.03 0.36 36424
dry 5e4 10 4 - 0.03 0.13 33888
aoDLAV 5e4 10 4 - 0.04 8.02 40200
aoULAV 5e4 10 4 - 0.04 8.32 40200
aoD2AG 5e4 10 4 - 0.05 8.36 44980
aoD2SG 5e4 10 4 - 0.05 9.28 44996
dry 56e3 2 40 - 0.02 0.12 28240
aoDLAV 56e3 2 40 - 0.03 0.29 33476
aoULAV 56e3 2 40 - 0.03 0.29 34700
aoD2AG 56e3 2 40 - 0.04 0.35 37288
aoD2SG 56e3 2 40 - 0.03 0.39 37300
dry 5e4 2 237 - 0.02 0.12 28004
aoDLAV 5e4 2 237 - 0.03 0.27 33008
aoULAV 5e4 2 237 - 0.03 0.28 33312
aoD2AG 5e4 2 237 - 0.04 0.33 36408
aoD2SG 5e4 2 237 - 0.04 0.35 36420
dry 1e2 5 133 - 0.02 0.12 25996
aoDLAV 1e2 5 133 - 0.02 0.14 30216
aoULAV 1e2 5 133 - 0.03 0.14 30224
aoD2AG 1e2 5 133 - 0.03 0.14 30388
aoD2SG 1e2 5 133 - 0.03 0.14 30428
moore 1e2 5 133 - 0.03 0.20 30492
nbpm 1e2 5 133 - 0.09 2.14 53016
greedy 1e2 5 133 - 0.02 0.15 30920
dry 1e3 5 5 - 0.02 0.12 26060
aoDLAV 1e3 5 5 - 0.03 0.14 30428
aoULAV 1e3 5 5 - 0.02 0.15 30440
aoD2AG 1e3 5 5 - 0.03 0.14 30744
aoD2SG 1e3 5 5 - 0.03 0.15 30768
moore 1e3 5 5 - 0.04 6.00 59800
nbpm 1e3 5 5 - 0.11 5.06 129244
greedy 1e3 5 5 - 0.08 1.02 139428
dry 275e2 2 244 - 0.02 0.12 28908
aoDLAV 275e2 2 244 - 0.02 0.21 31240
aoULAV 275e2 2 244 - 0.03 0.21 31572
aoD2AG 275e2 2 244 - 0.04 0.22 34692
aoD2SG 275e2 2 244 - 0.03 0.24 34812
dry 1e2 2 250 - 0.02 0.12 25996
aoDLAV 1e2 2 250 - 0.03 0.13 30168
aoULAV 1e2 2 250 - 0.02 0.15 30180
aoD2AG 1e2 2 250 - 0.02 0.14 30344
aoD2SG 1e2 2 250 - 0.03 0.13 30332
moore 1e2 2 250 - 0.03 0.18 30484
nbpm 1e2 2 250 - 0.08 2.13 52996
greedy 1e2 2 250 - 0.02 0.15 30880
dry 1e6 2 205 - 0.04 0.20 49708
aoDLAV 1e6 2 205 - 0.10 3.71 178456
aoULAV 1e6 2 205 - 0.11 3.87 178460
aoD2AG 1e6 2 205 - 0.14 5.52 234596
aoD2SG 1e6 2 205 - 0.21 6.23 240988
dry 32e3 2 214 - 0.02 0.11 27296
aoDLAV 32e3 2 214 - 0.03 0.21 31436
aoULAV 32e3 2 214 - 0.02 0.22 32148
aoD2AG 32e3 2 214 - 0.03 0.24 35024
aoD2SG 32e3 2 214 - 0.02 0.26 34788
dry 5e4 2 13 - 0.03 0.11 29408
aoDLAV 5e4 2 13 - 0.03 0.27 33012
aoULAV 5e4 2 13 - 0.03 0.26 33312
aoD2AG 5e4 2 13 - 0.02 0.33 36408
aoD2SG 5e4 2 13 - 0.03 0.35 36420
dry 56e3 2 56 - 0.03 0.11 28240
aoDLAV 56e3 2 56 - 0.02 0.29 33476
aoULAV 56e3 2 56 - 0.03 0.29 34696
aoD2AG 56e3 2 56 - 0.04 0.36 37280
aoD2SG 56e3 2 56 - 0.04 0.38 37296
dry 32e3 2 204 - 0.02 0.12 27300
aoDLAV 32e3 2 204 - 0.03 0.21 31436
aoULAV 32e3 2 204 - 0.04 0.21 32148
aoD2AG 32e3 2 204 - 0.03 0.25 35020
aoD2SG 32e3 2 204 - 0.03 0.26 34784
dry 1e5 10 148 - 0.03 0.18 38400
aoDLAV 1e5 10 148 - 0.04 21.76 53536
aoULAV 1e5 10 148 - 0.05 21.25 55312
aoD2AG 1e5 10 148 - 0.06 21.44 62616
aoD2SG 1e5 10 148 - 0.04 24.43 66832
dry 1e6 5 109 - 0.05 0.27 73156
aoDLAV 1e6 5 109 - 0.15 18.86 252688
aoULAV 1e6 5 109 - 0.21 20.38 252692
aoD2AG 1e6 5 109 - 0.20 20.79 324224
aoD2SG 1e6 5 109 - 0.22 23.40 331260
dry 1e3 10 55 - 0.02 0.12 26140
aoDLAV 1e3 10 55 - 0.03 0.16 30652
aoULAV 1e3 10 55 - 0.03 0.16 30664
aoD2AG 1e3 10 55 - 0.02 0.16 31064
aoD2SG 1e3 10 55 - 0.04 0.15 31092
moore 1e3 10 55 - 0.03 1.95 59868
nbpm 1e3 10 55 - 0.13 4.88 136140
greedy 1e3 10 55 - 0.09 1.00 139620
dry 1e5 2 68 - 0.03 0.13 31040
aoDLAV 1e5 2 68 - 0.04 0.41 34800
aoULAV 1e5 2 68 - 0.03 0.43 35324
aoD2AG 1e5 2 68 - 0.04 0.54 42720
aoD2SG 1e5 2 68 - 0.04 0.61 43800
dry 1e2 5 39 - 0.02 0.11 26000
aoDLAV 1e2 5 39 - 0.03 0.15 30216
aoULAV 1e2 5 39 - 0.02 0.15 30224
aoD2AG 1e2 5 39 - 0.02 0.15 30384
aoD2SG 1e2 5 39 - 0.02 0.15 30392
moore 1e2 5 39 - 0.02 0.24 30492
nbpm 1e2 5 39 - 0.08 2.14 53012
greedy 1e2 5 39 - 0.03 0.14 30924
dry 1e5 2 212 - 0.03 0.13 30912
aoDLAV 1e5 2 212 - 0.04 0.43 34800
aoULAV 1e5 2 212 - 0.03 0.44 35320
aoD2AG 1e5 2 212 - 0.03 0.58 42600
aoD2SG 1e5 2 212 - 0.03 0.64 43804
dry 1e6 10 195 - 0.07 0.40 112232
aoDLAV 1e6 10 195 - 0.20 379.73 369892
aoULAV 1e6 10 195 - 0.30 352.02 369884
aoD2AG 1e6 10 195 - 0.37 338.71 448948
aoD2SG 1e6 10 195 - 0.37 405.05 457732
