dry 125e2 2 86 - 0.02 0.11 26536
aoDLAV 125e2 2 86 - 0.02 0.17 30712
aoULAV 125e2 2 86 - 0.03 0.16 30708
aoD2AG 125e2 2 86 - 0.02 0.18 31376
aoD2SG 125e2 2 86 - 0.03 0.18 31376
moore 125e2 2 86 - 1.54 1801.40 4611540
nbpm 125e2 2 86 - 11.61 676.32 12302320
greedy 125e2 2 86 - 9.83 439.43 17109964
dry 2e4 5 80 - 0.02 0.12 27776
aoDLAV 2e4 5 80 - 0.03 0.28 32760
aoULAV 2e4 5 80 - 0.04 0.28 32772
aoD2AG 2e4 5 80 - 0.03 0.32 33344
aoD2SG 2e4 5 80 - 0.03 0.39 32860
moore 2e4 5 80 - 3.42 7363.29 11768080
nbpm 2e4 5 80 - 29.09 4748.96 34200496
greedy 2e4 5 80 - 24.67 1526.53 43774008
dry 2e4 10 26 - 0.03 0.12 30716
aoDLAV 2e4 10 26 - 0.03 2.04 34836
aoULAV 2e4 10 26 - 0.04 2.19 34848
aoD2AG 2e4 10 26 - 0.03 2.05 36076
aoD2SG 2e4 10 26 - 0.04 2.37 36076
moore 2e4 10 26 - 3.56 6720.88 11770836
nbpm 2e4 10 26 - 28.74 7467.23 30880036
greedy 2e4 10 26 - 23.96 1287.37 43775824
dry 9e7 2 136 - 0.99 2.78 1787984
aoDLAV 9e7 2 136 - 7.32 525.03 13377684
aoULAV 9e7 2 136 - 9.65 556.03 13377688
aoD2AG 9e7 2 136 - 17.14 803.55 19672952
aoD2SG 9e7 2 136 - 17.81 1194.00 20390988
dry 2e4 10 19 - 0.03 0.12 30632
aoDLAV 2e4 10 19 - 0.04 1.65 34836
aoULAV 2e4 10 19 - 0.04 1.70 34848
aoD2AG 2e4 10 19 - 0.04 1.65 36076
aoD2SG 2e4 10 19 - 0.03 2.16 36076
moore 2e4 10 19 - 3.39 6140.91 11770832
nbpm 2e4 10 19 - 29.59 5814.43 30880036
greedy 2e4 10 19 - 25.17 1407.21 43775820
dry 18e3 2 95 - 0.02 0.12 30492
aoDLAV 18e3 2 95 - 0.03 0.19 30740
aoULAV 18e3 2 95 - 0.03 0.19 30760
aoD2AG 18e3 2 95 - 0.03 0.20 31804
aoD2SG 18e3 2 95 - 0.03 0.22 31808
moore 18e3 2 95 - 2.89 4465.33 9534984
nbpm 18e3 2 95 - 23.90 2731.63 25451060
greedy 18e3 2 95 - 20.55 1180.46 35458364
dry 125e2 2 179 - 0.03 0.11 26532
aoDLAV 125e2 2 179 - 0.03 0.17 30708
aoULAV 125e2 2 179 - 0.03 0.17 30708
aoD2AG 125e2 2 179 - 0.03 0.18 31376
aoD2SG 125e2 2 179 - 0.03 0.19 31376
moore 125e2 2 179 - 1.56 2054.85 4611540
nbpm 125e2 2 179 - 11.61 667.94 12302320
greedy 125e2 2 179 - 10.22 442.21 17109964
dry 175e2 2 187 - 0.02 0.12 26732
aoDLAV 175e2 2 187 - 0.03 0.18 30720
aoULAV 175e2 2 187 - 0.03 0.18 30716
aoD2AG 175e2 2 187 - 0.03 0.20 31756
aoD2SG 175e2 2 187 - 0.03 0.21 31760
moore 175e2 2 187 - 2.72 4730.12 9014028
nbpm 175e2 2 187 - 21.24 1822.38 22863144
greedy 175e2 2 187 - 18.25 913.23 33516976
dry 18e3 2 120 - 0.02 0.12 26748
aoDLAV 18e3 2 120 - 0.02 0.19 30740
aoULAV 18e3 2 120 - 0.03 0.19 30740
aoD2AG 18e3 2 120 - 0.04 0.19 31808
aoD2SG 18e3 2 120 - 0.03 0.20 31812
moore 18e3 2 120 - 2.79 5086.43 9534976
nbpm 18e3 2 120 - 23.94 1936.13 25451056
greedy 18e3 2 120 - 20.14 964.89 35458364
dry 8e7 2 124 - 0.83 2.43 1592676
aoDLAV 8e7 2 124 - 6.30 447.18 11893324
aoULAV 8e7 2 124 - 8.02 475.48 11893324
aoD2AG 8e7 2 124 - 14.65 682.29 17487848
aoD2SG 8e7 2 124 - 15.70 885.46 18122920
dry 18e3 2 92 - 0.03 0.11 26748
aoDLAV 18e3 2 92 - 0.03 0.18 30740
aoULAV 18e3 2 92 - 0.03 0.19 30740
aoD2AG 18e3 2 92 - 0.03 0.20 31816
aoD2SG 18e3 2 92 - 0.02 0.21 31808
moore 18e3 2 92 - 2.86 5311.16 9534976
nbpm 18e3 2 92 - 23.25 1988.93 25451056
greedy 18e3 2 92 - 18.98 996.27 35458368
dry 1e8 5 57 - 2.36 6.17 4327052
aoDLAV 1e8 5 57 - 11.44 2549.09 23065204
aoULAV 1e8 5 57 - 16.15 2686.53 23065204
aoD2AG 1e8 5 57 - 26.18 2911.83 30458196
aoD2SG 1e8 5 57 - 27.49 3965.90 31311284
dry 1e8 5 18 - 7.05 6.28 4327056
aoDLAV 1e8 5 18 - 11.42 2662.61 23065204
aoULAV 1e8 5 18 - 17.19 3773.17 23065204
aoD2AG 1e8 5 18 - 26.67 3435.10 30454948
aoD2SG 1e8 5 18 - 26.87 3585.77 31313904
dry 150e2 2 101 - 0.02 0.12 26628
aoDLAV 150e2 2 101 - 0.03 0.18 30828
aoULAV 150e2 2 101 - 0.02 0.19 30824
aoD2AG 150e2 2 101 - 0.04 0.18 31628
aoD2SG 150e2 2 101 - 0.02 0.20 31612
moore 150e2 2 101 - 2.11 3326.93 6629356
nbpm 150e2 2 101 - 14.59 1158.08 16814176
greedy 150e2 2 101 - 13.00 657.53 24630028
dry 2e4 5 125 - 0.02 0.12 27776
aoDLAV 2e4 5 125 - 0.03 0.28 32756
aoULAV 2e4 5 125 - 0.03 0.29 32768
aoD2AG 2e4 5 125 - 0.02 0.32 33344
aoD2SG 2e4 5 125 - 0.03 0.35 32860
moore 2e4 5 125 - 3.55 6738.49 11768080
nbpm 2e4 5 125 - 28.41 4644.37 34200508
greedy 2e4 5 125 - 23.95 1334.43 43774004
dry 18e3 2 9 - 0.02 0.12 30496
aoDLAV 18e3 2 9 - 0.03 0.18 30744
aoULAV 18e3 2 9 - 0.04 0.18 30740
aoD2AG 18e3 2 9 - 0.03 0.20 31804
aoD2SG 18e3 2 9 - 0.03 0.20 31808
moore 18e3 2 9 - 2.84 5427.57 9535032
nbpm 18e3 2 9 - 24.10 2248.09 25451064
greedy 18e3 2 9 - 21.25 1099.57 35458368
dry 9e7 2 59 - 1.03 2.78 1787984
aoDLAV 9e7 2 59 - 7.85 543.00 13377684
aoULAV 9e7 2 59 - 9.69 747.15 13377688
aoD2AG 9e7 2 59 - 16.83 766.24 19671884
aoD2SG 9e7 2 59 - 17.74 878.35 20386476
dry 125e2 2 137 - 0.03 0.11 26532
aoDLAV 125e2 2 137 - 0.03 0.17 30708
aoULAV 125e2 2 137 - 0.03 0.17 30708
aoD2AG 125e2 2 137 - 0.03 0.17 31376
aoD2SG 125e2 2 137 - 0.04 0.18 31380
moore 125e2 2 137 - 1.54 1588.18 4611548
nbpm 125e2 2 137 - 11.59 761.40 12302328
greedy 125e2 2 137 - 9.54 443.52 17109964
dry 1e8 5 47 - 6.64 6.29 4327056
aoDLAV 1e8 5 47 - 11.38 3019.46 23065204
aoULAV 1e8 5 47 - 16.52 2711.47 23065208
aoD2AG 1e8 5 47 - 26.32 2946.87 30456540
aoD2SG 1e8 5 47 - 27.53 3550.33 31309696
dry 8e7 2 45 - 0.86 2.44 1592680
aoDLAV 8e7 2 45 - 6.51 468.28 11893324
aoULAV 8e7 2 45 - 8.50 497.80 11893328
aoD2AG 8e7 2 45 - 14.87 697.68 17487596
aoD2SG 8e7 2 45 - 16.04 972.11 18126600
dry 2e4 10 136 - 0.02 0.13 30200
aoDLAV 2e4 10 136 - 0.03 1.67 34836
aoULAV 2e4 10 136 - 0.04 1.64 34848
aoD2AG 2e4 10 136 - 0.04 1.67 36076
aoD2SG 2e4 10 136 - 0.04 1.88 36076
moore 2e4 10 136 - 3.46 6207.90 11770836
nbpm 2e4 10 136 - 28.81 5838.54 30880040
greedy 2e4 10 136 - 24.15 1273.94 43775820
dry 8e7 2 82 - 0.88 2.44 1592680
aoDLAV 8e7 2 82 - 6.58 452.15 11893328
aoULAV 8e7 2 82 - 7.88 523.91 11893324
aoD2AG 8e7 2 82 - 14.76 715.18 17490604
aoD2SG 8e7 2 82 - 15.34 852.42 18126172
dry 175e2 2 176 - 0.02 0.12 26732
aoDLAV 175e2 2 176 - 0.03 0.18 30716
aoULAV 175e2 2 176 - 0.03 0.18 30716
aoD2AG 175e2 2 176 - 0.03 0.20 31756
aoD2SG 175e2 2 176 - 0.03 0.20 31760
moore 175e2 2 176 - 2.72 5516.27 9014032
nbpm 175e2 2 176 - 21.42 1881.24 22863148
greedy 175e2 2 176 - 18.82 980.90 33516976
dry 2e4 10 27 - 0.03 0.12 31816
aoDLAV 2e4 10 27 - 0.04 1.77 34836
aoULAV 2e4 10 27 - 0.03 1.74 34848
aoD2AG 2e4 10 27 - 0.05 1.77 36076
aoD2SG 2e4 10 27 - 0.04 1.99 36080
moore 2e4 10 27 - 3.45 7053.64 11770836
nbpm 2e4 10 27 - 29.41 5784.09 30880036
greedy 2e4 10 27 - 23.42 1336.59 43775824
dry 1e8 5 237 - 2.20 6.20 4327052
aoDLAV 1e8 5 237 - 10.94 2636.51 23065204
aoULAV 1e8 5 237 - 15.71 2653.91 23065204
aoD2AG 1e8 5 237 - 25.33 2962.82 30456920
aoD2SG 1e8 5 237 - 26.99 3692.69 31311916
dry 8e7 2 44 - 0.90 2.47 1592676
aoDLAV 8e7 2 44 - 6.49 480.87 11893324
aoULAV 8e7 2 44 - 8.69 515.15 11893332
aoD2AG 8e7 2 44 - 15.25 732.13 17488616
aoD2SG 8e7 2 44 - 15.83 839.21 18124288
dry 1e8 5 66 - 2.41 6.30 4327052
aoDLAV 1e8 5 66 - 11.78 3583.64 23065208
aoULAV 1e8 5 66 - 16.78 2663.46 23065228
aoD2AG 1e8 5 66 - 26.44 2980.31 30453396
aoD2SG 1e8 5 66 - 27.15 3630.08 31309420
dry 2e4 10 144 - 0.02 0.12 30896
aoDLAV 2e4 10 144 - 0.03 1.54 34840
aoULAV 2e4 10 144 - 0.03 1.55 34848
aoD2AG 2e4 10 144 - 0.03 1.75 36076
aoD2SG 2e4 10 144 - 0.04 1.80 36076
moore 2e4 10 144 - 3.43 6171.99 11770836
nbpm 2e4 10 144 - 29.10 5482.26 30880044
greedy 2e4 10 144 - 23.89 1369.99 43775824
dry 2e4 5 178 - 0.02 0.12 29380
aoDLAV 2e4 5 178 - 0.02 0.32 32756
aoULAV 2e4 5 178 - 0.02 0.31 32768
aoD2AG 2e4 5 178 - 0.05 0.32 33340
aoD2SG 2e4 5 178 - 0.04 0.35 32860
moore 2e4 5 178 - 3.62 8669.49 11768084
nbpm 2e4 5 178 - 28.60 5466.58 34200496
greedy 2e4 5 178 - 23.93 1243.34 43774000
dry 9e7 2 96 - 1.06 2.77 1787984
aoDLAV 9e7 2 96 - 7.41 680.86 13377684
aoULAV 9e7 2 96 - 9.02 549.23 13377688
aoD2AG 9e7 2 96 - 16.46 775.43 19671692
aoD2SG 9e7 2 96 - 17.69 1058.87 20387936
dry 9e7 2 10 - 0.97 2.72 1787984
aoDLAV 9e7 2 10 - 7.09 530.16 13377688
