dry 1e6 10 106 - 0.07 0.38 112232
aoDLAV 1e6 10 106 - 0.20 365.79 369884
aoULAV 1e6 10 106 - 0.29 372.03 369884
aoD2AG 1e6 10 106 - 0.40 383.03 447516
aoD2SG 1e6 10 106 - 0.42 458.70 456468
dry 1e5 2 141 - 0.02 0.14 31396
aoDLAV 1e5 2 141 - 0.03 0.45 34800
aoULAV 1e5 2 141 - 0.05 0.48 35324
aoD2AG 1e5 2 141 - 0.04 0.56 42852
aoD2SG 1e5 2 141 - 0.04 0.64 43804
dry 375e2 2 16 - 0.03 0.11 30876
aoDLAV 375e2 2 16 - 0.03 0.24 31788
aoULAV 375e2 2 16 - 0.03 0.24 32604
aoD2AG 375e2 2 16 - 0.03 0.28 35520
aoD2SG 375e2 2 16 - 0.04 0.29 35528
dry 1e5 5 76 - 0.03 0.14 34476
aoDLAV 1e5 5 76 - 0.04 1.64 41820
aoULAV 1e5 5 76 - 0.05 1.65 43572
aoD2AG 1e5 5 76 - 0.05 1.73 53564
aoD2SG 1e5 5 76 - 0.05 1.93 53320
dry 5e4 5 174 - 0.03 0.13 30696
aoDLAV 5e4 5 174 - 0.03 0.77 34704
aoULAV 5e4 5 174 - 0.03 0.78 34704
aoD2AG 5e4 5 174 - 0.04 0.83 37728
aoD2SG 5e4 5 174 - 0.04 0.87 37940
dry 1e3 5 48 - 0.03 0.12 26056
aoDLAV 1e3 5 48 - 0.02 0.15 30424
aoULAV 1e3 5 48 - 0.03 0.15 30456
aoD2AG 1e3 5 48 - 0.03 0.15 30748
aoD2SG 1e3 5 48 - 0.03 0.15 30772
moore 1e3 5 48 - 0.04 3.14 59828
nbpm 1e3 5 48 - 0.11 4.53 129248
greedy 1e3 5 48 - 0.07 1.06 139388
dry 325e2 2 193 - 0.02 0.12 27320
aoDLAV 325e2 2 193 - 0.03 0.22 31372
aoULAV 325e2 2 193 - 0.02 0.23 32084
aoD2AG 325e2 2 193 - 0.04 0.25 35004
aoD2SG 325e2 2 193 - 0.04 0.26 34760
dry 350e2 2 94 - 0.02 0.12 27416
aoDLAV 350e2 2 94 - 0.02 0.25 31480
aoULAV 350e2 2 94 - 0.02 0.24 32260
aoD2AG 350e2 2 94 - 0.04 0.25 34848
aoD2SG 350e2 2 94 - 0.03 0.28 35128
dry 5e4 5 100 - 0.02 0.14 31544
aoDLAV 5e4 5 100 - 0.03 0.73 34704
aoULAV 5e4 5 100 - 0.04 0.74 34704
aoD2AG 5e4 5 100 - 0.04 0.78 37728
aoD2SG 5e4 5 100 - 0.03 0.92 37940
dry 18e4 2 193 - 0.04 0.13 33104
aoDLAV 18e4 2 193 - 0.05 0.74 47864
aoULAV 18e4 2 193 - 0.05 0.74 47864
aoD2AG 18e4 2 193 - 0.05 0.95 58644
aoD2SG 18e4 2 193 - 0.06 1.14 59808
dry 1e1 2 29 - 0.02 0.12 25992
aoDLAV 1e1 2 29 - 0.02 0.15 30164
aoULAV 1e1 2 29 - 0.02 0.14 30172
aoD2AG 1e1 2 29 - 0.03 0.14 30312
aoD2SG 1e1 2 29 - 0.02 0.14 30312
moore 1e1 2 29 - 0.02 0.19 30484
nbpm 1e1 2 29 - 0.09 2.15 49828
greedy 1e1 2 29 - 0.02 0.14 30124
dry 18e1 2 241 - 0.02 0.12 26004
aoDLAV 18e1 2 241 - 0.02 0.15 30184
aoULAV 18e1 2 241 - 0.02 0.14 30196
aoD2AG 18e1 2 241 - 0.02 0.15 30348
aoD2SG 18e1 2 241 - 0.03 0.14 30368
moore 18e1 2 241 - 0.02 0.33 30496
nbpm 18e1 2 241 - 0.08 2.19 54444
greedy 18e1 2 241 - 0.03 0.16 33348
dry 5e4 5 198 - 0.03 0.13 31492
aoDLAV 5e4 5 198 - 0.03 0.77 34704
aoULAV 5e4 5 198 - 0.03 0.78 34704
aoD2AG 5e4 5 198 - 0.04 0.82 37728
aoD2SG 5e4 5 198 - 0.04 0.91 37936
dry 1e5 10 73 - 0.03 0.18 38400
aoDLAV 1e5 10 73 - 0.04 22.70 53536
aoULAV 1e5 10 73 - 0.05 22.95 55312
aoD2AG 1e5 10 73 - 0.05 22.36 62584
aoD2SG 1e5 10 73 - 0.06 25.29 66832
dry 1e3 5 163 - 0.03 0.12 26060
aoDLAV 1e3 5 163 - 0.02 0.15 30424
aoULAV 1e3 5 163 - 0.03 0.15 30440
aoD2AG 1e3 5 163 - 0.03 0.15 30752
aoD2SG 1e3 5 163 - 0.03 0.15 30776
moore 1e3 5 163 - 0.05 3.85 59828
nbpm 1e3 5 163 - 0.13 4.30 129272
greedy 1e3 5 163 - 0.09 1.00 139388
dry 1e5 5 156 - 0.02 0.15 34480
aoDLAV 1e5 5 156 - 0.03 1.62 41816
aoULAV 1e5 5 156 - 0.04 1.50 43568
aoD2AG 1e5 5 156 - 0.04 1.66 53932
aoD2SG 1e5 5 156 - 0.04 1.89 53204
dry 275e2 2 227 - 0.02 0.11 27120
aoDLAV 275e2 2 227 - 0.02 0.21 31244
aoULAV 275e2 2 227 - 0.03 0.21 31568
aoD2AG 275e2 2 227 - 0.03 0.22 34696
aoD2SG 275e2 2 227 - 0.02 0.27 34812
dry 1e6 5 249 - 0.04 0.28 73152
aoDLAV 1e6 5 249 - 0.14 18.27 252688
aoULAV 1e6 5 249 - 0.15 18.51 252688
aoD2AG 1e6 5 249 - 0.21 20.13 323012
aoD2SG 1e6 5 249 - 0.22 23.58 332540
dry 1e6 2 194 - 0.04 0.20 49704
aoDLAV 1e6 2 194 - 0.13 3.93 178456
aoULAV 1e6 2 194 - 0.13 4.09 178456
aoD2AG 1e6 2 194 - 0.17 5.68 234788
aoD2SG 1e6 2 194 - 0.20 6.46 242820
dry 250e2 2 164 - 0.02 0.12 27020
aoDLAV 250e2 2 164 - 0.03 0.20 31108
aoULAV 250e2 2 164 - 0.02 0.22 31212
aoD2AG 250e2 2 164 - 0.03 0.23 33860
aoD2SG 250e2 2 164 - 0.03 0.24 33964
dry 1e3 10 225 - 0.03 0.11 26136
aoDLAV 1e3 10 225 - 0.03 0.16 30656
aoULAV 1e3 10 225 - 0.03 0.16 30668
aoD2AG 1e3 10 225 - 0.02 0.17 31072
aoD2SG 1e3 10 225 - 0.03 0.17 31084
moore 1e3 10 225 - 0.04 3.92 59840
nbpm 1e3 10 225 - 0.19 5.26 136140
greedy 1e3 10 225 - 0.09 1.04 139616
dry 1e5 5 103 - 0.03 0.14 34476
aoDLAV 1e5 5 103 - 0.03 1.42 41816
aoULAV 1e5 5 103 - 0.04 1.65 43572
aoD2AG 1e5 5 103 - 0.06 1.79 53564
aoD2SG 1e5 5 103 - 0.05 2.12 53200
dry 375e2 2 242 - 0.03 0.11 27516
aoDLAV 375e2 2 242 - 0.03 0.23 31784
aoULAV 375e2 2 242 - 0.03 0.23 32600
aoD2AG 375e2 2 242 - 0.03 0.28 35516
aoD2SG 375e2 2 242 - 0.04 0.30 35532
dry 1e5 5 214 - 0.04 0.13 34476
aoDLAV 1e5 5 214 - 0.03 1.44 41816
aoULAV 1e5 5 214 - 0.04 1.46 43576
aoD2AG 1e5 5 214 - 0.06 1.58 53564
aoD2SG 1e5 5 214 - 0.04 1.78 53504
dry 1e6 5 233 - 0.05 0.27 73156
aoDLAV 1e6 5 233 - 0.15 17.74 252692
aoULAV 1e6 5 233 - 0.15 20.35 252688
aoD2AG 1e6 5 233 - 0.21 22.48 323624
aoD2SG 1e6 5 233 - 0.22 26.15 333100
dry 375e2 2 93 - 0.03 0.12 27520
aoDLAV 375e2 2 93 - 0.03 0.25 31788
aoULAV 375e2 2 93 - 0.03 0.24 32604
aoD2AG 375e2 2 93 - 0.03 0.29 35516
aoD2SG 375e2 2 93 - 0.04 0.29 35528
dry 1e1 2 11 - 0.02 0.12 25996
aoDLAV 1e1 2 11 - 0.02 0.15 30160
aoULAV 1e1 2 11 - 0.02 0.14 30176
aoD2AG 1e1 2 11 - 0.03 0.14 30316
aoD2SG 1e1 2 11 - 0.03 0.14 30332
moore 1e1 2 11 - 0.02 0.18 30488
nbpm 1e1 2 11 - 0.07 2.18 49828
greedy 1e1 2 11 - 0.02 0.15 30124
dry 225e2 2 162 - 0.02 0.12 26924
aoDLAV 225e2 2 162 - 0.02 0.20 30984
aoULAV 225e2 2 162 - 0.02 0.20 30992
aoD2AG 225e2 2 162 - 0.04 0.21 33368
aoD2SG 225e2 2 162 - 0.04 0.22 33468
dry 1e5 2 32 - 0.02 0.14 31444
aoDLAV 1e5 2 32 - 0.04 0.44 34804
aoULAV 1e5 2 32 - 0.03 0.45 35348
aoD2AG 1e5 2 32 - 0.03 0.59 42600
aoD2SG 1e5 2 32 - 0.04 0.61 43800
dry 32e3 2 91 - 0.02 0.12 30764
aoDLAV 32e3 2 91 - 0.03 0.22 31436
aoULAV 32e3 2 91 - 0.04 0.21 32152
aoD2AG 32e3 2 91 - 0.03 0.25 35024
aoD2SG 32e3 2 91 - 0.04 0.26 34788
dry 56e3 2 90 - 0.02 0.12 28236
aoDLAV 56e3 2 90 - 0.03 0.29 33480
aoULAV 56e3 2 90 - 0.04 0.29 34700
aoD2AG 56e3 2 90 - 0.04 0.34 37280
aoD2SG 56e3 2 90 - 0.04 0.36 37296
dry 1e2 2 146 - 0.01 0.13 25992
aoDLAV 1e2 2 146 - 0.02 0.14 30168
aoULAV 1e2 2 146 - 0.03 0.14 30180
aoD2AG 1e2 2 146 - 0.02 0.15 30336
aoD2SG 1e2 2 146 - 0.02 0.15 30344
moore 1e2 2 146 - 0.03 0.21 30480
nbpm 1e2 2 146 - 0.06 2.19 53004
greedy 1e2 2 146 - 0.03 0.14 30880
dry 1e5 5 115 - 0.03 0.14 34480
aoDLAV 1e5 5 115 - 0.04 2.13 41820
aoULAV 1e5 5 115 - 0.04 1.64 43568
aoD2AG 1e5 5 115 - 0.05 1.81 53560
aoD2SG 1e5 5 115 - 0.04 2.14 53196
dry 1e1 2 115 - 0.02 0.12 25992
aoDLAV 1e1 2 115 - 0.03 0.13 30164
aoULAV 1e1 2 115 - 0.03 0.14 30172
aoD2AG 1e1 2 115 - 0.03 0.14 30316
aoD2SG 1e1 2 115 - 0.02 0.15 30320
moore 1e1 2 115 - 0.04 0.17 30476
nbpm 1e1 2 115 - 0.08 2.09 49812
greedy 1e1 2 115 - 0.03 0.14 30124
dry 18e4 2 81 - 0.03 0.14 33684
aoDLAV 18e4 2 81 - 0.05 0.80 47860
aoULAV 18e4 2 81 - 0.05 0.81 47860
aoD2AG 18e4 2 81 - 0.05 0.94 58644
aoD2SG 18e4 2 81 - 0.05 1.05 59852
dry 18e4 2 244 - 0.02 0.14 33108
aoDLAV 18e4 2 244 - 0.04 0.74 47864
aoULAV 18e4 2 244 - 0.05 0.78 47860
aoD2AG 18e4 2 244 - 0.06 1.03 59124
aoD2SG 18e4 2 244 - 0.04 1.14 59888
dry 32e4 2 197 - 0.03 0.17 36428
aoDLAV 32e4 2 197 - 0.05 1.28 70828
aoULAV 32e4 2 197 - 0.05 1.27 70840
aoD2AG 32e4 2 197 - 0.08 1.75 88368
aoD2SG 32e4 2 197 - 0.07 1.98 90888
dry 1e2 5 67 - 0.03 0.11 25996
aoDLAV 1e2 5 67 - 0.02 0.15 30216
aoULAV 1e2 5 67 - 0.04 0.13 30224
aoD2AG 1e2 5 67 - 0.03 0.14 30384
aoD2SG 1e2 5 67 - 0.03 0.14 30392
moore 1e2 5 67 - 0.02 0.24 30492
nbpm 1e2 5 67 - 0.08 2.16 53012
greedy 1e2 5 67 - 0.02 0.15 30924
dry 1e3 2 79 - 0.03 0.11 26020
aoDLAV 1e3 2 79 - 0.03 0.14 30280
aoULAV 1e3 2 79 - 0.03 0.13 30292
aoD2AG 1e3 2 79 - 0.02 0.15 30532
aoD2SG 1e3 2 79 - 0.03 0.14 30552
moore 1e3 2 79 - 0.04 7.33 59776
nbpm 1e3 2 79 - 0.13 4.06 138560
greedy 1e3 2 79 - 0.08 1.04 139248
dry 300e2 2 150 - 0.02 0.12 28948
aoDLAV 300e2 2 150 - 0.03 0.22 31296
aoULAV 300e2 2 150 - 0.02 0.22 31892
aoD2AG 300e2 2 150 - 0.03 0.24 35056
aoD2SG 300e2 2 150 - 0.02 0.26 34712
dry 375e2 2 155 - 0.02 0.12 27516
aoDLAV 375e2 2 155 - 0.03 0.24 31784
aoULAV 375e2 2 155 - 0.02 0.24 32608
aoD2AG 375e2 2 155 - 0.03 0.28 35520
aoD2SG 375e2 2 155 - 0.03 0.29 35532
dry 400e2 2 225 - 0.03 0.11 29264
aoDLAV 400e2 2 225 - 0.02 0.25 32240
aoULAV 400e2 2 225 - 0.03 0.25 33112
aoD2AG 400e2 2 225 - 0.03 0.29 36072
aoD2SG 400e2 2 225 - 0.03 0.30 35944
dry 375e2 2 48 - 0.03 0.11 29376
aoDLAV 375e2 2 48 - 0.03 0.23 31784
aoULAV 375e2 2 48 - 0.02 0.25 32604
aoD2AG 375e2 2 48 - 0.03 0.27 35516
aoD2SG 375e2 2 48 - 0.04 0.28 35528
dry 325e2 2 134 - 0.02 0.12 27320
aoDLAV 325e2 2 134 - 0.03 0.22 31376
aoULAV 325e2 2 134 - 0.02 0.23 32088
aoD2AG 325e2 2 134 - 0.03 0.25 35000
aoD2SG 325e2 2 134 - 0.05 0.26 34764
dry 275e2 2 208 - 0.03 0.11 27120
aoDLAV 275e2 2 208 - 0.03 0.20 31240
aoULAV 275e2 2 208 - 0.04 0.20 31572
aoD2AG 275e2 2 208 - 0.04 0.22 34700
aoD2SG 275e2 2 208 - 0.03 0.24 34816
dry 325e2 2 171 - 0.02 0.12 27320
aoDLAV 325e2 2 171 - 0.02 0.24 31372
aoULAV 325e2 2 171 - 0.03 0.22 32092
aoD2AG 325e2 2 171 - 0.04 0.24 35000
aoD2SG 325e2 2 171 - 0.02 0.30 34760
dry 1e6 2 229 - 0.03 0.20 49708
aoDLAV 1e6 2 229 - 0.10 3.53 178456
aoULAV 1e6 2 229 - 0.10 3.74 178460
aoD2AG 1e6 2 229 - 0.17 5.26 233084
aoD2SG 1e6 2 229 - 0.17 5.95 242180
dry 225e2 2 217 - 0.02 0.12 26924
aoDLAV 225e2 2 217 - 0.02 0.19 30984
aoULAV 225e2 2 217 - 0.02 0.20 30992
aoD2AG 225e2 2 217 - 0.03 0.21 33368
aoD2SG 225e2 2 217 - 0.03 0.22 33464
dry 275e2 2 83 - 0.01 0.13 27120
aoDLAV 275e2 2 83 - 0.04 0.19 31240
aoULAV 275e2 2 83 - 0.02 0.21 31572
aoD2AG 275e2 2 83 - 0.03 0.23 34712
aoD2SG 275e2 2 83 - 0.03 0.24 34812
dry 1e5 5 7 - 0.03 0.14 34476
aoDLAV 1e5 5 7 - 0.04 1.66 41816
aoULAV 1e5 5 7 - 0.03 1.52 43568
aoD2AG 1e5 5 7 - 0.05 1.62 53560
aoD2SG 1e5 5 7 - 0.05 2.02 53204
dry 1e3 2 34 - 0.02 0.12 26024
aoDLAV 1e3 2 34 - 0.04 0.13 30280
aoULAV 1e3 2 34 - 0.03 0.14 30292
aoD2AG 1e3 2 34 - 0.02 0.15 30532
aoD2SG 1e3 2 34 - 0.02 0.15 30560
moore 1e3 2 34 - 0.04 4.35 59780
nbpm 1e3 2 34 - 0.12 4.05 138560
greedy 1e3 2 34 - 0.09 0.99 139244
dry 1e1 2 186 - 0.02 0.12 25992
aoDLAV 1e1 2 186 - 0.02 0.14 30164
aoULAV 1e1 2 186 - 0.03 0.14 30172
aoD2AG 1e1 2 186 - 0.03 0.14 30316
aoD2SG 1e1 2 186 - 0.03 0.14 30324
moore 1e1 2 186 - 0.04 0.17 30484
nbpm 1e1 2 186 - 0.08 2.06 49824
greedy 1e1 2 186 - 0.02 0.14 30124
dry 32e1 2 108 - 0.02 0.12 26000
aoDLAV 32e1 2 108 - 0.03 0.14 30196
aoULAV 32e1 2 108 - 0.03 0.14 30260
aoD2AG 32e1 2 108 - 0.03 0.14 30376
aoD2SG 32e1 2 108 - 0.03 0.14 30384
moore 32e1 2 108 - 0.03 0.66 33684
nbpm 32e1 2 108 - 0.08 2.28 58308
greedy 32e1 2 108 - 0.03 0.22 40972
dry 350e2 2 223 - 0.03 0.11 27420
aoDLAV 350e2 2 223 - 0.02 0.23 31480
aoULAV 350e2 2 223 - 0.03 0.22 32264
aoD2AG 350e2 2 223 - 0.03 0.25 34852
aoD2SG 350e2 2 223 - 0.03 0.28 35132
dry 300e2 2 148 - 0.03 0.11 27216
aoDLAV 300e2 2 148 - 0.03 0.21 31296
aoULAV 300e2 2 148 - 0.04 0.20 31892
aoD2AG 300e2 2 148 - 0.04 0.23 35060
aoD2SG 300e2 2 148 - 0.04 0.23 34712
dry 1e5 10 15 - 0.03 0.18 38396
aoDLAV 1e5 10 15 - 0.05 22.95 53536
aoULAV 1e5 10 15 - 0.04 19.58 55308
aoD2AG 1e5 10 15 - 0.06 19.65 62596
aoD2SG 1e5 10 15 - 0.05 22.83 66832
dry 56e3 2 19 - 0.02 0.12 29512
aoDLAV 56e3 2 19 - 0.03 0.28 33480
aoULAV 56e3 2 19 - 0.03 0.28 34696
aoD2AG 56e3 2 19 - 0.03 0.35 37284
aoD2SG 56e3 2 19 - 0.03 0.37 37300
dry 300e2 2 122 - 0.02 0.12 27216
aoDLAV 300e2 2 122 - 0.03 0.20 31296
aoULAV 300e2 2 122 - 0.02 0.21 31892
aoD2AG 300e2 2 122 - 0.03 0.24 35060
aoD2SG 300e2 2 122 - 0.02 0.25 34716
dry 56e3 2 224 - 0.02 0.12 29832
aoDLAV 56e3 2 224 - 0.04 0.27 33476
aoULAV 56e3 2 224 - 0.03 0.28 34696
aoD2AG 56e3 2 224 - 0.03 0.34 37288
aoD2SG 56e3 2 224 - 0.04 0.37 37296
dry 1e2 5 16 - 0.02 0.12 26000
aoDLAV 1e2 5 16 - 0.03 0.14 30212
aoULAV 1e2 5 16 - 0.02 0.14 30224
aoD2AG 1e2 5 16 - 0.03 0.14 30384
aoD2SG 1e2 5 16 - 0.03 0.14 30392
moore 1e2 5 16 - 0.02 0.24 30492
nbpm 1e2 5 16 - 0.07 2.16 53016
greedy 1e2 5 16 - 0.03 0.14 30920
dry 56e4 2 170 - 0.03 0.18 41104
aoDLAV 56e4 2 170 - 0.06 2.02 107984
aoULAV 56e4 2 170 - 0.08 2.06 107984
aoD2AG 56e4 2 170 - 0.11 2.94 140468
aoD2SG 56e4 2 170 - 0.12 3.33 143732
dry 18e4 2 142 - 0.02 0.14 33104
aoDLAV 18e4 2 142 - 0.06 0.73 47860
aoULAV 18e4 2 142 - 0.06 0.75 47860
aoD2AG 18e4 2 142 - 0.06 0.97 58644
aoD2SG 18e4 2 142 - 0.05 1.06 59952
dry 56e3 2 175 - 0.02 0.12 31240
aoDLAV 56e3 2 175 - 0.04 0.27 33476
aoULAV 56e3 2 175 - 0.03 0.29 34696
aoD2AG 56e3 2 175 - 0.04 0.35 37284
aoD2SG 56e3 2 175 - 0.03 0.38 37300
dry 275e2 2 26 - 0.03 0.11 27120
aoDLAV 275e2 2 26 - 0.03 0.20 31240
aoULAV 275e2 2 26 - 0.02 0.21 31572
aoD2AG 275e2 2 26 - 0.03 0.23 34692
aoD2SG 275e2 2 26 - 0.03 0.24 34812
dry 56e1 2 76 - 0.02 0.11 26008
aoDLAV 56e1 2 76 - 0.02 0.14 30224
aoULAV 56e1 2 76 - 0.03 0.14 30232
aoD2AG 56e1 2 76 - 0.03 0.14 30416
aoD2SG 56e1 2 76 - 0.02 0.15 30424
moore 56e1 2 76 - 0.03 1.23 39656
nbpm 56e1 2 76 - 0.11 2.82 78704
greedy 56e1 2 76 - 0.04 0.38 64104
dry 325e2 2 32 - 0.02 0.12 27320
aoDLAV 325e2 2 32 - 0.03 0.21 31376
aoULAV 325e2 2 32 - 0.02 0.22 32088
aoD2AG 325e2 2 32 - 0.04 0.23 35004
aoD2SG 325e2 2 32 - 0.03 0.25 34764
dry 18e4 2 101 - 0.04 0.12 33108
aoDLAV 18e4 2 101 - 0.04 0.73 47860
aoULAV 18e4 2 101 - 0.04 0.75 47860
aoD2AG 18e4 2 101 - 0.04 0.98 58640
aoD2SG 18e4 2 101 - 0.06 1.04 59992
dry 375e2 2 198 - 0.02 0.12 27516
aoDLAV 375e2 2 198 - 0.03 0.22 31788
aoULAV 375e2 2 198 - 0.03 0.22 32604
aoD2AG 375e2 2 198 - 0.04 0.25 35516
aoD2SG 375e2 2 198 - 0.03 0.27 35532
dry 1e5 5 62 - 0.03 0.14 34476
aoDLAV 1e5 5 62 - 0.04 1.45 41820
aoULAV 1e5 5 62 - 0.04 1.48 43568
aoD2AG 1e5 5 62 - 0.04 1.59 53992
aoD2SG 1e5 5 62 - 0.04 1.78 53200
dry 18e4 2 233 - 0.03 0.13 33104
aoDLAV 18e4 2 233 - 0.05 0.72 47864
aoULAV 18e4 2 233 - 0.04 0.75 47860
aoD2AG 18e4 2 233 - 0.06 1.03 58640
aoD2SG 18e4 2 233 - 0.05 1.08 59932
dry 5e4 2 50 - 0.03 0.11 29968
aoDLAV 5e4 2 50 - 0.03 0.25 33008
aoULAV 5e4 2 50 - 0.03 0.26 33312
aoD2AG 5e4 2 50 - 0.03 0.33 36408
aoD2SG 5e4 2 50 - 0.03 0.35 36428
dry 18e1 2 54 - 0.03 0.11 26008
aoDLAV 18e1 2 54 - 0.03 0.14 30184
aoULAV 18e1 2 54 - 0.02 0.14 30196
aoD2AG 18e1 2 54 - 0.02 0.14 30356
aoD2SG 18e1 2 54 - 0.03 0.14 30420
moore 18e1 2 54 - 0.02 0.21 30496
nbpm 18e1 2 54 - 0.08 2.12 54440
greedy 18e1 2 54 - 0.02 0.16 33348
dry 1e5 10 212 - 0.03 0.17 38396
aoDLAV 1e5 10 212 - 0.05 19.79 53540
aoULAV 1e5 10 212 - 0.06 20.58 55312
aoD2AG 1e5 10 212 - 0.06 20.27 62768
aoD2SG 1e5 10 212 - 0.04 22.51 66956
dry 1e3 2 89 - 0.03 0.12 26020
aoDLAV 1e3 2 89 - 0.02 0.15 30280
aoULAV 1e3 2 89 - 0.03 0.14 30292
aoD2AG 1e3 2 89 - 0.02 0.15 30544
aoD2SG 1e3 2 89 - 0.02 0.15 30560
moore 1e3 2 89 - 0.05 9.61 59768
nbpm 1e3 2 89 - 0.12 4.17 138552
greedy 1e3 2 89 - 0.08 1.08 139244
dry 1e6 5 245 - 0.06 0.27 73152
aoDLAV 1e6 5 245 - 0.14 20.40 252732
aoULAV 1e6 5 245 - 0.16 20.48 252688
aoD2AG 1e6 5 245 - 0.40 22.79 324356
aoD2SG 1e6 5 245 - 0.40 26.26 333148
dry 1e3 5 28 - 0.02 0.11 26060
aoDLAV 1e3 5 28 - 0.02 0.15 30424
aoULAV 1e3 5 28 - 0.03 0.15 30436
aoD2AG 1e3 5 28 - 0.02 0.16 30744
aoD2SG 1e3 5 28 - 0.03 0.15 30756
moore 1e3 5 28 - 0.05 1.55 59832
nbpm 1e3 5 28 - 0.11 4.63 129248
greedy 1e3 5 28 - 0.07 1.05 139392
dry 225e2 2 218 - 0.02 0.12 26920
aoDLAV 225e2 2 218 - 0.02 0.20 30980
aoULAV 225e2 2 218 - 0.02 0.20 30992
aoD2AG 225e2 2 218 - 0.03 0.21 33372
aoD2SG 225e2 2 218 - 0.03 0.22 33464
dry 250e2 2 6 - 0.02 0.11 27020
aoDLAV 250e2 2 6 - 0.02 0.20 31108
aoULAV 250e2 2 6 - 0.03 0.19 31264
aoD2AG 250e2 2 6 - 0.03 0.22 33860
aoD2SG 250e2 2 6 - 0.03 0.22 33988
dry 56e4 2 131 - 0.03 0.19 41104
aoDLAV 56e4 2 131 - 0.08 2.13 107988
aoULAV 56e4 2 131 - 0.08 2.27 107984
aoD2AG 56e4 2 131 - 0.11 3.21 139928
aoD2SG 56e4 2 131 - 0.12 3.58 143676
dry 1e3 2 234 - 0.03 0.11 26020
aoDLAV 1e3 2 234 - 0.02 0.15 30280
aoULAV 1e3 2 234 - 0.03 0.14 30296
aoD2AG 1e3 2 234 - 0.03 0.14 30540
aoD2SG 1e3 2 234 - 0.03 0.14 30560
moore 1e3 2 234 - 0.04 2.89 59820
nbpm 1e3 2 234 - 0.12 4.12 138552
greedy 1e3 2 234 - 0.08 1.06 139244
dry 5e4 5 49 - 0.03 0.13 30160
aoDLAV 5e4 5 49 - 0.03 0.78 34704
aoULAV 5e4 5 49 - 0.04 0.78 34704
aoD2AG 5e4 5 49 - 0.03 0.78 37740
aoD2SG 5e4 5 49 - 0.04 0.91 37936
dry 1e5 5 108 - 0.03 0.14 34476
aoDLAV 1e5 5 108 - 0.04 1.66 41820
aoULAV 1e5 5 108 - 0.04 1.68 43568
aoD2AG 1e5 5 108 - 0.05 1.81 53564
aoD2SG 1e5 5 108 - 0.05 2.04 53200
dry 56e1 2 91 - 0.03 0.11 26008
aoDLAV 56e1 2 91 - 0.02 0.15 30220
aoULAV 56e1 2 91 - 0.03 0.14 30232
aoD2AG 56e1 2 91 - 0.03 0.15 30416
aoD2SG 56e1 2 91 - 0.03 0.14 30428
moore 56e1 2 91 - 0.04 2.19 39656
nbpm 56e1 2 91 - 0.09 2.97 78704
greedy 56e1 2 91 - 0.06 0.38 64104
dry 1e5 2 50 - 0.03 0.13 31976
aoDLAV 1e5 2 50 - 0.04 0.43 34800
aoULAV 1e5 2 50 - 0.04 0.44 35324
aoD2AG 1e5 2 50 - 0.04 0.57 42596
aoD2SG 1e5 2 50 - 0.04 0.63 43860
dry 1e1 2 51 - 0.02 0.11 25996
aoDLAV 1e1 2 51 - 0.04 0.13 30160
aoULAV 1e1 2 51 - 0.02 0.15 30172
aoD2AG 1e1 2 51 - 0.03 0.14 30320
aoD2SG 1e1 2 51 - 0.03 0.14 30332
moore 1e1 2 51 - 0.02 0.18 30480
nbpm 1e1 2 51 - 0.08 2.13 49816
greedy 1e1 2 51 - 0.03 0.14 30124
dry 56e3 2 147 - 0.03 0.11 29920
aoDLAV 56e3 2 147 - 0.03 0.29 33476
aoULAV 56e3 2 147 - 0.03 0.30 34700
aoD2AG 56e3 2 147 - 0.04 0.35 37284
aoD2SG 56e3 2 147 - 0.04 0.38 37300
dry 5e4 5 197 - 0.03 0.13 30580
aoDLAV 5e4 5 197 - 0.03 0.75 34704
aoULAV 5e4 5 197 - 0.03 0.75 34704
aoD2AG 5e4 5 197 - 0.03 0.81 37724
aoD2SG 5e4 5 197 - 0.03 0.89 37936
dry 400e2 2 201 - 0.03 0.11 27620
aoDLAV 400e2 2 201 - 0.03 0.24 32240
aoULAV 400e2 2 201 - 0.02 0.25 33112
aoD2AG 400e2 2 201 - 0.04 0.28 36076
aoD2SG 400e2 2 201 - 0.03 0.31 35928
dry 18e4 2 53 - 0.02 0.14 33104
aoDLAV 18e4 2 53 - 0.04 0.77 47860
aoULAV 18e4 2 53 - 0.05 0.78 47860
aoD2AG 18e4 2 53 - 0.06 0.99 58648
aoD2SG 18e4 2 53 - 0.06 1.10 60092
dry 32e3 2 100 - 0.03 0.11 27296
aoDLAV 32e3 2 100 - 0.03 0.21 31436
aoULAV 32e3 2 100 - 0.03 0.22 32152
aoD2AG 32e3 2 100 - 0.03 0.25 35028
aoD2SG 32e3 2 100 - 0.03 0.27 34792
dry 56e1 2 193 - 0.02 0.12 26008
aoDLAV 56e1 2 193 - 0.03 0.13 30220
aoULAV 56e1 2 193 - 0.03 0.13 30236
aoD2AG 56e1 2 193 - 0.03 0.14 30416
aoD2SG 56e1 2 193 - 0.02 0.15 30424
moore 56e1 2 193 - 0.03 0.64 39688
nbpm 56e1 2 193 - 0.10 2.91 78712
greedy 56e1 2 193 - 0.04 0.39 64104
dry 300e2 2 201 - 0.02 0.12 29088
aoDLAV 300e2 2 201 - 0.02 0.22 31300
aoULAV 300e2 2 201 - 0.04 0.21 31892
aoD2AG 300e2 2 201 - 0.03 0.24 35056
aoD2SG 300e2 2 201 - 0.03 0.25 34720
dry 1e2 2 156 - 0.02 0.12 25996
aoDLAV 1e2 2 156 - 0.02 0.15 30172
aoULAV 1e2 2 156 - 0.03 0.14 30180
aoD2AG 1e2 2 156 - 0.03 0.14 30336
aoD2SG 1e2 2 156 - 0.03 0.14 30376
moore 1e2 2 156 - 0.03 0.21 30488
nbpm 1e2 2 156 - 0.08 2.13 53008
greedy 1e2 2 156 - 0.03 0.14 30928
dry 1e5 10 121 - 0.03 0.18 38396
aoDLAV 1e5 10 121 - 0.04 22.29 53536
aoULAV 1e5 10 121 - 0.06 22.40 55312
aoD2AG 1e5 10 121 - 0.07 22.47 62676
aoD2SG 1e5 10 121 - 0.06 25.90 66832
dry 1e6 2 86 - 0.03 0.21 49708
aoDLAV 1e6 2 86 - 0.10 3.74 178456
aoULAV 1e6 2 86 - 0.12 3.98 178456
aoD2AG 1e6 2 86 - 0.17 5.63 234144
aoD2SG 1e6 2 86 - 0.20 6.38 241444
dry 400e2 2 106 - 0.02 0.13 29392
aoDLAV 400e2 2 106 - 0.03 0.25 32240
aoULAV 400e2 2 106 - 0.03 0.27 33116
aoD2AG 400e2 2 106 - 0.04 0.29 36072
aoD2SG 400e2 2 106 - 0.03 0.30 35948
dry 1e2 10 115 - 0.03 0.11 26004
aoDLAV 1e2 10 115 - 0.02 0.15 30260
aoULAV 1e2 10 115 - 0.02 0.14 30272
aoD2AG 1e2 10 115 - 0.02 0.15 30440
aoD2SG 1e2 10 115 - 0.03 0.14 30448
moore 1e2 10 115 - 0.03 0.21 30496
nbpm 1e2 10 115 - 0.08 2.16 53080
greedy 1e2 10 115 - 0.03 0.14 30972
dry 5e4 2 118 - 0.02 0.12 31116
aoDLAV 5e4 2 118 - 0.03 0.27 33008
aoULAV 5e4 2 118 - 0.03 0.27 33312
aoD2AG 5e4 2 118 - 0.04 0.33 36408
aoD2SG 5e4 2 118 - 0.04 0.36 36424
dry 5e4 2 31 - 0.02 0.12 29336
aoDLAV 5e4 2 31 - 0.03 0.27 33012
aoULAV 5e4 2 31 - 0.02 0.28 33312
aoD2AG 5e4 2 31 - 0.03 0.33 36408
aoD2SG 5e4 2 31 - 0.03 0.36 36424
dry 225e2 2 171 - 0.02 0.12 26920
aoDLAV 225e2 2 171 - 0.02 0.20 30984
aoULAV 225e2 2 171 - 0.03 0.19 30996
aoD2AG 225e2 2 171 - 0.04 0.21 33368
aoD2SG 225e2 2 171 - 0.02 0.23 33464
dry 5e4 10 239 - 0.02 0.14 33892
aoDLAV 5e4 10 239 - 0.05 8.10 40200
aoULAV 5e4 10 239 - 0.04 8.07 40200
aoD2AG 5e4 10 239 - 0.05 8.11 44988
aoD2SG 5e4 10 239 - 0.04 8.79 45004
dry 250e2 2 248 - 0.02 0.12 27020
aoDLAV 250e2 2 248 - 0.03 0.20 31108
aoULAV 250e2 2 248 - 0.03 0.21 31216
aoD2AG 250e2 2 248 - 0.03 0.23 33864
aoD2SG 250e2 2 248 - 0.03 0.23 33964
dry 5e4 5 156 - 0.03 0.13 30404
aoDLAV 5e4 5 156 - 0.04 0.73 34708
aoULAV 5e4 5 156 - 0.03 0.75 34704
aoD2AG 5e4 5 156 - 0.04 0.80 37728
aoD2SG 5e4 5 156 - 0.03 0.87 37940
dry 1e5 5 42 - 0.03 0.14 34476
aoDLAV 1e5 5 42 - 0.03 1.55 41816
aoULAV 1e5 5 42 - 0.05 1.55 43572
aoD2AG 1e5 5 42 - 0.05 1.68 53592
aoD2SG 1e5 5 42 - 0.04 1.88 53204
dry 56e1 2 143 - 0.02 0.12 26008
aoDLAV 56e1 2 143 - 0.02 0.15 30224
aoULAV 56e1 2 143 - 0.03 0.14 30232
aoD2AG 56e1 2 143 - 0.02 0.15 30416
aoD2SG 56e1 2 143 - 0.03 0.15 30424
moore 56e1 2 143 - 0.04 0.48 39680
nbpm 56e1 2 143 - 0.10 2.91 78708
greedy 56e1 2 143 - 0.05 0.38 64104
dry 1e2 5 141 - 0.02 0.11 26000
aoDLAV 1e2 5 141 - 0.03 0.14 30216
aoULAV 1e2 5 141 - 0.02 0.15 30224
aoD2AG 1e2 5 141 - 0.03 0.14 30384
aoD2SG 1e2 5 141 - 0.02 0.15 30388
moore 1e2 5 141 - 0.03 0.23 30492
nbpm 1e2 5 141 - 0.08 2.16 53020
greedy 1e2 5 141 - 0.02 0.15 30924
dry 5e4 2 11 - 0.02 0.12 28000
aoDLAV 5e4 2 11 - 0.02 0.28 33008
aoULAV 5e4 2 11 - 0.03 0.28 33316
aoD2AG 5e4 2 11 - 0.03 0.34 36412
aoD2SG 5e4 2 11 - 0.03 0.36 36424
dry 1e6 2 176 - 0.04 0.19 49704
aoDLAV 1e6 2 176 - 0.10 3.72 178456
aoULAV 1e6 2 176 - 0.11 3.91 178456
aoD2AG 1e6 2 176 - 0.18 5.61 233172
aoD2SG 1e6 2 176 - 0.18 6.39 241268
dry 18e4 2 6 - 0.03 0.14 33104
aoDLAV 18e4 2 6 - 0.05 0.75 47860
aoULAV 18e4 2 6 - 0.05 0.77 47864
aoD2AG 18e4 2 6 - 0.04 1.03 58640
aoD2SG 18e4 2 6 - 0.06 1.16 60012
dry 300e2 2 165 - 0.02 0.12 27216
aoDLAV 300e2 2 165 - 0.03 0.21 31296
aoULAV 300e2 2 165 - 0.03 0.22 31892
aoD2AG 300e2 2 165 - 0.03 0.24 35060
aoD2SG 300e2 2 165 - 0.04 0.25 34716
dry 32e3 2 117 - 0.03 0.12 27300
aoDLAV 32e3 2 117 - 0.03 0.23 31440
aoULAV 32e3 2 117 - 0.03 0.23 32148
aoD2AG 32e3 2 117 - 0.03 0.26 35024
aoD2SG 32e3 2 117 - 0.03 0.26 34784
dry 325e2 2 194 - 0.02 0.12 27316
aoDLAV 325e2 2 194 - 0.03 0.22 31372
aoULAV 325e2 2 194 - 0.02 0.23 32084
aoD2AG 325e2 2 194 - 0.03 0.25 35008
aoD2SG 325e2 2 194 - 0.03 0.26 34760
dry 1e6 5 154 - 0.06 0.26 73152
aoDLAV 1e6 5 154 - 0.15 19.13 252688
aoULAV 1e6 5 154 - 0.14 19.93 252688
aoD2AG 1e6 5 154 - 0.21 21.53 323196
aoD2SG 1e6 5 154 - 0.22 25.29 333368
dry 56e4 2 134 - 0.04 0.18 41104
aoDLAV 56e4 2 134 - 0.07 2.02 107984
aoULAV 56e4 2 134 - 0.08 2.07 107984
aoD2AG 56e4 2 134 - 0.10 3.00 138900
aoD2SG 56e4 2 134 - 0.12 3.47 143948
dry 1e3 5 67 - 0.02 0.11 26056
aoDLAV 1e3 5 67 - 0.02 0.14 30428
aoULAV 1e3 5 67 - 0.03 0.14 30436
aoD2AG 1e3 5 67 - 0.02 0.15 30744
aoD2SG 1e3 5 67 - 0.03 0.14 30764
moore 1e3 5 67 - 0.05 2.94 59828
nbpm 1e3 5 67 - 0.12 4.42 129240
greedy 1e3 5 67 - 0.08 1.04 139388
dry 56e4 2 55 - 0.03 0.19 41104
aoDLAV 56e4 2 55 - 0.09 2.03 107984
aoULAV 56e4 2 55 - 0.09 2.31 107984
aoD2AG 56e4 2 55 - 0.12 3.16 140164
aoD2SG 56e4 2 55 - 0.12 3.27 143148
dry 1e5 5 241 - 0.03 0.14 34476
aoDLAV 1e5 5 241 - 0.04 1.47 41816
aoULAV 1e5 5 241 - 0.04 1.48 43568
aoD2AG 1e5 5 241 - 0.04 1.63 53880
aoD2SG 1e5 5 241 - 0.04 1.85 53200
dry 1e5 5 145 - 0.03 0.13 34476
aoDLAV 1e5 5 145 - 0.04 1.51 41816
aoULAV 1e5 5 145 - 0.05 1.56 43568
aoD2AG 1e5 5 145 - 0.04 1.68 53564
aoD2SG 1e5 5 145 - 0.05 1.82 53208
dry 1e2 10 15 - 0.02 0.12 26004
aoDLAV 1e2 10 15 - 0.03 0.14 30264
aoULAV 1e2 10 15 - 0.02 0.14 30272
aoD2AG 1e2 10 15 - 0.03 0.14 30440
aoD2SG 1e2 10 15 - 0.02 0.15 30448
moore 1e2 10 15 - 0.03 0.22 30496
nbpm 1e2 10 15 - 0.06 2.13 53076
greedy 1e2 10 15 - 0.03 0.14 30972
dry 1e5 10 197 - 0.03 0.18 38396
aoDLAV 1e5 10 197 - 0.06 20.33 53536
aoULAV 1e5 10 197 - 0.05 19.91 55316
aoD2AG 1e5 10 197 - 0.06 20.68 63044
aoD2SG 1e5 10 197 - 0.06 23.61 66836
dry 1e5 10 158 - 0.03 0.17 38396
aoDLAV 1e5 10 158 - 0.05 20.00 53536
aoULAV 1e5 10 158 - 0.05 20.81 55312
aoD2AG 1e5 10 158 - 0.05 21.00 62652
aoD2SG 1e5 10 158 - 0.05 23.06 66836
dry 1e5 2 233 - 0.03 0.13 30868
aoDLAV 1e5 2 233 - 0.03 0.42 34800
aoULAV 1e5 2 233 - 0.03 0.43 35320
aoD2AG 1e5 2 233 - 0.03 0.55 42600
aoD2SG 1e5 2 233 - 0.03 0.62 44024
dry 1e2 5 87 - 0.02 0.11 25996
aoDLAV 1e2 5 87 - 0.02 0.15 30212
aoULAV 1e2 5 87 - 0.03 0.13 30224
aoD2AG 1e2 5 87 - 0.03 0.14 30384
aoD2SG 1e2 5 87 - 0.02 0.15 30388
moore 1e2 5 87 - 0.03 0.19 30492
nbpm 1e2 5 87 - 0.07 2.18 53016
greedy 1e2 5 87 - 0.03 0.14 30924
dry 1e2 5 172 - 0.02 0.12 25996
aoDLAV 1e2 5 172 - 0.03 0.13 30212
aoULAV 1e2 5 172 - 0.02 0.15 30224
aoD2AG 1e2 5 172 - 0.03 0.14 30388
aoD2SG 1e2 5 172 - 0.03 0.14 30392
moore 1e2 5 172 - 0.03 0.20 30492
nbpm 1e2 5 172 - 0.08 2.09 53016
greedy 1e2 5 172 - 0.03 0.14 30920
dry 32e4 2 21 - 0.03 0.16 36424
aoDLAV 32e4 2 21 - 0.05 1.24 70828
aoULAV 32e4 2 21 - 0.05 1.29 70840
aoD2AG 32e4 2 21 - 0.07 1.82 88524
aoD2SG 32e4 2 21 - 0.08 1.99 90984
dry 18e1 2 155 - 0.02 0.12 26004
aoDLAV 18e1 2 155 - 0.03 0.13 30184
aoULAV 18e1 2 155 - 0.02 0.14 30196
aoD2AG 18e1 2 155 - 0.03 0.14 30356
aoD2SG 18e1 2 155 - 0.03 0.14 30364
moore 18e1 2 155 - 0.02 0.35 30488
nbpm 18e1 2 155 - 0.08 2.16 54436
greedy 18e1 2 155 - 0.02 0.16 33352
dry 56e1 2 128 - 0.02 0.12 26012
aoDLAV 56e1 2 128 - 0.02 0.14 30220
aoULAV 56e1 2 128 - 0.03 0.14 30232
aoD2AG 56e1 2 128 - 0.03 0.14 30416
aoD2SG 56e1 2 128 - 0.02 0.15 30424
moore 56e1 2 128 - 0.03 1.04 39684
nbpm 56e1 2 128 - 0.10 3.01 78708
greedy 56e1 2 128 - 0.05 0.38 64104
dry 375e2 2 141 - 0.02 0.12 27516
aoDLAV 375e2 2 141 - 0.03 0.22 31784
aoULAV 375e2 2 141 - 0.03 0.22 32600
aoD2AG 375e2 2 141 - 0.03 0.27 35516
aoD2SG 375e2 2 141 - 0.04 0.27 35528
dry 1e6 5 242 - 0.06 0.25 73152
aoDLAV 1e6 5 242 - 0.14 18.42 252692
aoULAV 1e6 5 242 - 0.13 20.02 252688
aoD2AG 1e6 5 242 - 0.21 21.96 324028
aoD2SG 1e6 5 242 - 0.21 25.73 331952
dry 5e4 10 25 - 0.03 0.14 33916
aoDLAV 5e4 10 25 - 0.05 8.16 40200
aoULAV 5e4 10 25 - 0.04 9.06 40204
aoD2AG 5e4 10 25 - 0.05 8.14 44980
aoD2SG 5e4 10 25 - 0.04 7.89 44996
dry 32e3 2 30 - 0.02 0.12 27296
aoDLAV 32e3 2 30 - 0.03 0.21 31440
aoULAV 32e3 2 30 - 0.02 0.22 32144
aoD2AG 32e3 2 30 - 0.03 0.24 35024
aoD2SG 32e3 2 30 - 0.04 0.25 34788
dry 300e2 2 156 - 0.03 0.11 27220
aoDLAV 300e2 2 156 - 0.03 0.21 31296
aoULAV 300e2 2 156 - 0.03 0.21 31892
aoD2AG 300e2 2 156 - 0.03 0.25 35060
aoD2SG 300e2 2 156 - 0.04 0.25 34716
dry 56e1 2 154 - 0.02 0.11 26008
aoDLAV 56e1 2 154 - 0.03 0.14 30220
aoULAV 56e1 2 154 - 0.03 0.14 30236
aoD2AG 56e1 2 154 - 0.02 0.14 30416
aoD2SG 56e1 2 154 - 0.03 0.15 30424
moore 56e1 2 154 - 0.03 0.82 39680
nbpm 56e1 2 154 - 0.11 2.99 78704
greedy 56e1 2 154 - 0.05 0.38 64104
dry 1e6 10 155 - 0.07 0.40 112232
aoDLAV 1e6 10 155 - 0.22 472.07 369892
aoULAV 1e6 10 155 - 0.31 346.87 369884
aoD2AG 1e6 10 155 - 0.41 361.45 448744
aoD2SG 1e6 10 155 - 0.40 434.06 457720
dry 1e6 5 8 - 0.04 0.27 73152
aoDLAV 1e6 5 8 - 0.14 18.74 252688
aoULAV 1e6 5 8 - 0.14 18.94 252688
aoD2AG 1e6 5 8 - 0.19 20.81 323952
aoD2SG 1e6 5 8 - 0.22 24.56 332132
dry 56e4 2 232 - 0.04 0.18 41104
aoDLAV 56e4 2 232 - 0.08 2.05 107984
aoULAV 56e4 2 232 - 0.08 2.12 108020
aoD2AG 56e4 2 232 - 0.11 3.00 139792
aoD2SG 56e4 2 232 - 0.12 3.40 143780
dry 1e6 5 201 - 0.05 0.27 73152
aoDLAV 1e6 5 201 - 0.14 18.35 252688
aoULAV 1e6 5 201 - 0.13 18.29 252740
aoD2AG 1e6 5 201 - 0.24 19.88 324212
aoD2SG 1e6 5 201 - 0.23 22.95 331780
dry 32e1 2 17 - 0.02 0.12 26004
aoDLAV 32e1 2 17 - 0.03 0.14 30200
aoULAV 32e1 2 17 - 0.02 0.15 30208
aoD2AG 32e1 2 17 - 0.03 0.15 30380
aoD2SG 32e1 2 17 - 0.03 0.14 30384
moore 32e1 2 17 - 0.03 0.81 33676
nbpm 32e1 2 17 - 0.08 2.40 58300
greedy 32e1 2 17 - 0.03 0.22 40972
dry 1e3 5 107 - 0.02 0.12 26060
aoDLAV 1e3 5 107 - 0.02 0.15 30428
aoULAV 1e3 5 107 - 0.03 0.14 30436
aoD2AG 1e3 5 107 - 0.02 0.15 30736
aoD2SG 1e3 5 107 - 0.02 0.15 30760
moore 1e3 5 107 - 0.04 6.44 59800
nbpm 1e3 5 107 - 0.14 4.54 129244
greedy 1e3 5 107 - 0.08 1.05 139388
dry 375e2 2 118 - 0.02 0.12 27520
aoDLAV 375e2 2 118 - 0.03 0.24 31784
aoULAV 375e2 2 118 - 0.03 0.24 32604
aoD2AG 375e2 2 118 - 0.03 0.29 35520
aoD2SG 375e2 2 118 - 0.03 0.31 35528
dry 375e2 2 244 - 0.02 0.12 27516
aoDLAV 375e2 2 244 - 0.02 0.25 31784
aoULAV 375e2 2 244 - 0.03 0.25 32604
aoD2AG 375e2 2 244 - 0.04 0.25 35516
aoD2SG 375e2 2 244 - 0.02 0.28 35528
dry 1e2 5 166 - 0.02 0.12 26000
aoDLAV 1e2 5 166 - 0.02 0.14 30212
aoULAV 1e2 5 166 - 0.03 0.13 30228
aoD2AG 1e2 5 166 - 0.02 0.14 30384
aoD2SG 1e2 5 166 - 0.03 0.14 30392
moore 1e2 5 166 - 0.02 0.19 30492
nbpm 1e2 5 166 - 0.08 2.15 53012
greedy 1e2 5 166 - 0.03 0.15 30920
dry 300e2 2 195 - 0.03 0.11 28948
aoDLAV 300e2 2 195 - 0.02 0.22 31296
aoULAV 300e2 2 195 - 0.03 0.22 31896
aoD2AG 300e2 2 195 - 0.03 0.25 35056
aoD2SG 300e2 2 195 - 0.03 0.26 34716
dry 1e6 2 172 - 0.04 0.20 49704
aoDLAV 1e6 2 172 - 0.11 3.93 178456
aoULAV 1e6 2 172 - 0.11 3.70 178456
aoD2AG 1e6 2 172 - 0.17 5.21 235892
aoD2SG 1e6 2 172 - 0.20 6.62 242480
dry 1e6 5 141 - 0.06 0.27 73152
aoDLAV 1e6 5 141 - 0.16 20.08 252688
aoULAV 1e6 5 141 - 0.15 20.23 252692
aoD2AG 1e6 5 141 - 0.22 20.31 324736
aoD2SG 1e6 5 141 - 0.21 26.41 332860
dry 5e4 10 209 - 0.03 0.13 33888
aoDLAV 5e4 10 209 - 0.04 8.39 40200
aoULAV 5e4 10 209 - 0.05 7.32 40200
aoD2AG 5e4 10 209 - 0.05 8.42 44988
aoD2SG 5e4 10 209 - 0.05 9.28 44996
dry 1e6 10 236 - 0.09 0.40 112236
aoDLAV 1e6 10 236 - 0.21 381.72 369892
aoULAV 1e6 10 236 - 0.31 377.87 369888
aoD2AG 1e6 10 236 - 0.43 385.84 448284
aoD2SG 1e6 10 236 - 0.40 464.32 458872
dry 1e6 5 150 - 0.04 0.28 73156
aoDLAV 1e6 5 150 - 0.15 19.88 252688
aoULAV 1e6 5 150 - 0.15 20.24 252724
aoD2AG 1e6 5 150 - 0.22 21.99 324960
aoD2SG 1e6 5 150 - 0.22 25.78 333484
dry 5e4 2 127 - 0.02 0.12 31120
aoDLAV 5e4 2 127 - 0.03 0.26 33008
aoULAV 5e4 2 127 - 0.02 0.28 33312
aoD2AG 5e4 2 127 - 0.04 0.33 36408
aoD2SG 5e4 2 127 - 0.02 0.36 36424
dry 56e4 2 26 - 0.03 0.19 41108
aoDLAV 56e4 2 26 - 0.09 2.05 107984
aoULAV 56e4 2 26 - 0.09 2.21 107988
aoD2AG 56e4 2 26 - 0.12 3.13 139020
aoD2SG 56e4 2 26 - 0.13 3.38 143512
dry 5e4 2 187 - 0.02 0.12 28000
aoDLAV 5e4 2 187 - 0.03 0.26 33012
aoULAV 5e4 2 187 - 0.03 0.26 33316
aoD2AG 5e4 2 187 - 0.03 0.33 36408
aoD2SG 5e4 2 187 - 0.03 0.36 36424
dry 1e6 5 38 - 0.05 0.27 73156
aoDLAV 1e6 5 38 - 0.14 19.62 252688
aoULAV 1e6 5 38 - 0.15 19.74 252688
aoD2AG 1e6 5 38 - 0.21 22.02 323464
aoD2SG 1e6 5 38 - 0.21 25.53 332408
dry 375e2 2 248 - 0.02 0.12 27516
aoDLAV 375e2 2 248 - 0.03 0.24 31784
aoULAV 375e2 2 248 - 0.03 0.24 32608
aoD2AG 375e2 2 248 - 0.04 0.27 35520
aoD2SG 375e2 2 248 - 0.03 0.29 35528
dry 5e4 2 221 - 0.03 0.12 29652
aoDLAV 5e4 2 221 - 0.03 0.28 33008
aoULAV 5e4 2 221 - 0.03 0.27 33312
aoD2AG 5e4 2 221 - 0.04 0.33 36412
aoD2SG 5e4 2 221 - 0.03 0.36 36428
dry 1e3 10 235 - 0.02 0.12 26136
aoDLAV 1e3 10 235 - 0.03 0.15 30652
aoULAV 1e3 10 235 - 0.03 0.16 30668
aoD2AG 1e3 10 235 - 0.03 0.16 31064
aoD2SG 1e3 10 235 - 0.03 0.16 31104
moore 1e3 10 235 - 0.04 3.39 59872
nbpm 1e3 10 235 - 0.12 4.64 136140
greedy 1e3 10 235 - 0.10 1.05 139616
dry 400e2 2 169 - 0.03 0.11 29124
aoDLAV 400e2 2 169 - 0.02 0.25 32240
aoULAV 400e2 2 169 - 0.03 0.26 33112
aoD2AG 400e2 2 169 - 0.04 0.33 36072
aoD2SG 400e2 2 169 - 0.04 0.32 35928
dry 56e1 2 97 - 0.03 0.11 26012
aoDLAV 56e1 2 97 - 0.03 0.14 30224
aoULAV 56e1 2 97 - 0.03 0.14 30232
aoD2AG 56e1 2 97 - 0.03 0.15 30416
aoD2SG 56e1 2 97 - 0.03 0.14 30424
moore 56e1 2 97 - 0.03 1.31 39652
nbpm 56e1 2 97 - 0.11 2.98 78704
greedy 56e1 2 97 - 0.05 0.39 64104
dry 275e2 2 84 - 0.01 0.13 29048
aoDLAV 275e2 2 84 - 0.03 0.20 31244
aoULAV 275e2 2 84 - 0.02 0.21 31576
aoD2AG 275e2 2 84 - 0.03 0.23 34696
aoD2SG 275e2 2 84 - 0.03 0.24 34808
dry 1e2 2 7 - 0.03 0.12 25996
aoDLAV 1e2 2 7 - 0.03 0.14 30168
aoULAV 1e2 2 7 - 0.03 0.14 30180
aoD2AG 1e2 2 7 - 0.02 0.15 30336
aoD2SG 1e2 2 7 - 0.03 0.14 30348
moore 1e2 2 7 - 0.03 0.23 30492
nbpm 1e2 2 7 - 0.06 2.19 53012
greedy 1e2 2 7 - 0.03 0.15 30880
dry 1e5 5 18 - 0.03 0.13 34476
aoDLAV 1e5 5 18 - 0.04 1.64 41816
aoULAV 1e5 5 18 - 0.04 1.71 43576
aoD2AG 1e5 5 18 - 0.04 1.83 53564
aoD2SG 1e5 5 18 - 0.06 2.58 53200
dry 32e3 2 146 - 0.03 0.11 27296
aoDLAV 32e3 2 146 - 0.02 0.22 31440
aoULAV 32e3 2 146 - 0.03 0.21 32148
aoD2AG 32e3 2 146 - 0.03 0.24 35024
aoD2SG 32e3 2 146 - 0.03 0.26 34784
dry 225e2 2 242 - 0.03 0.11 30576
aoDLAV 225e2 2 242 - 0.02 0.19 30980
aoULAV 225e2 2 242 - 0.02 0.20 30992
aoD2AG 225e2 2 242 - 0.03 0.22 33368
aoD2SG 225e2 2 242 - 0.03 0.22 33464
dry 325e2 2 33 - 0.02 0.12 27316
aoDLAV 325e2 2 33 - 0.03 0.22 31372
aoULAV 325e2 2 33 - 0.03 0.22 32084
aoD2AG 325e2 2 33 - 0.02 0.26 35000
aoD2SG 325e2 2 33 - 0.03 0.26 34764
dry 5e4 2 247 - 0.02 0.13 30024
aoDLAV 5e4 2 247 - 0.03 0.27 33008
aoULAV 5e4 2 247 - 0.04 0.26 33312
aoD2AG 5e4 2 247 - 0.03 0.33 36416
aoD2SG 5e4 2 247 - 0.04 0.34 36424
dry 5e4 10 42 - 0.03 0.14 33888
aoDLAV 5e4 10 42 - 0.04 7.10 40200
aoULAV 5e4 10 42 - 0.04 7.20 40204
aoD2AG 5e4 10 42 - 0.04 7.24 44984
aoD2SG 5e4 10 42 - 0.04 7.73 45000
dry 5e4 5 234 - 0.04 0.12 31780
aoDLAV 5e4 5 234 - 0.03 0.68 34704
aoULAV 5e4 5 234 - 0.03 0.69 34708
aoD2AG 5e4 5 234 - 0.04 0.74 37724
aoD2SG 5e4 5 234 - 0.04 0.81 37936
dry 250e2 2 183 - 0.02 0.12 30624
aoDLAV 250e2 2 183 - 0.02 0.21 31108
aoULAV 250e2 2 183 - 0.03 0.21 31212
aoD2AG 250e2 2 183 - 0.03 0.23 33864
aoD2SG 250e2 2 183 - 0.03 0.24 33960
dry 1e3 2 69 - 0.03 0.12 26024
aoDLAV 1e3 2 69 - 0.03 0.14 30280
aoULAV 1e3 2 69 - 0.03 0.15 30296
aoD2AG 1e3 2 69 - 0.03 0.14 30536
aoD2SG 1e3 2 69 - 0.03 0.15 30556
moore 1e3 2 69 - 0.04 4.92 59768
nbpm 1e3 2 69 - 0.13 4.11 138552
greedy 1e3 2 69 - 0.07 1.06 139244
dry 1e6 2 244 - 0.04 0.20 49704
aoDLAV 1e6 2 244 - 0.10 3.99 178456
aoULAV 1e6 2 244 - 0.14 4.05 178460
aoD2AG 1e6 2 244 - 0.17 5.83 233112
aoD2SG 1e6 2 244 - 0.19 6.49 241728
dry 56e1 2 152 - 0.03 0.11 26008
aoDLAV 56e1 2 152 - 0.03 0.14 30224
aoULAV 56e1 2 152 - 0.03 0.14 30232
aoD2AG 56e1 2 152 - 0.02 0.15 30416
aoD2SG 56e1 2 152 - 0.02 0.15 30424
moore 56e1 2 152 - 0.02 3.61 39652
nbpm 56e1 2 152 - 0.09 2.87 78708
greedy 56e1 2 152 - 0.05 0.37 64104
dry 350e2 2 137 - 0.02 0.12 29008
aoDLAV 350e2 2 137 - 0.03 0.24 31484
aoULAV 350e2 2 137 - 0.03 0.24 32260
aoD2AG 350e2 2 137 - 0.04 0.25 34852
aoD2SG 350e2 2 137 - 0.03 0.27 35136
dry 1e1 2 8 - 0.01 0.12 25992
aoDLAV 1e1 2 8 - 0.02 0.15 30160
aoULAV 1e1 2 8 - 0.02 0.15 30172
aoD2AG 1e1 2 8 - 0.03 0.14 30316
aoD2SG 1e1 2 8 - 0.03 0.13 30320
moore 1e1 2 8 - 0.03 0.18 30476
nbpm 1e1 2 8 - 0.07 2.18 49816
greedy 1e1 2 8 - 0.02 0.14 30128
dry 32e4 2 132 - 0.04 0.16 36424
aoDLAV 32e4 2 132 - 0.06 1.17 70832
aoULAV 32e4 2 132 - 0.05 1.32 70840
aoD2AG 32e4 2 132 - 0.08 1.78 88288
aoD2SG 32e4 2 132 - 0.08 2.04 90856
dry 1e2 10 122 - 0.02 0.11 26004
aoDLAV 1e2 10 122 - 0.03 0.14 30260
aoULAV 1e2 10 122 - 0.03 0.14 30272
aoD2AG 1e2 10 122 - 0.02 0.15 30440
aoD2SG 1e2 10 122 - 0.03 0.14 30448
moore 1e2 10 122 - 0.03 0.25 30496
nbpm 1e2 10 122 - 0.07 2.17 53072
greedy 1e2 10 122 - 0.03 0.14 30976
dry 1e3 10 237 - 0.02 0.12 26136
aoDLAV 1e3 10 237 - 0.02 0.16 30652
aoULAV 1e3 10 237 - 0.03 0.16 30668
aoD2AG 1e3 10 237 - 0.03 0.16 31056
aoD2SG 1e3 10 237 - 0.02 0.17 31076
moore 1e3 10 237 - 0.04 4.86 59840
nbpm 1e3 10 237 - 0.12 4.88 136136
greedy 1e3 10 237 - 0.08 1.06 139620
dry 32e3 2 50 - 0.03 0.11 27300
aoDLAV 32e3 2 50 - 0.02 0.22 31440
aoULAV 32e3 2 50 - 0.03 0.21 32152
aoD2AG 32e3 2 50 - 0.03 0.25 35024
aoD2SG 32e3 2 50 - 0.03 0.26 34784
dry 56e3 2 249 - 0.02 0.12 30088
aoDLAV 56e3 2 249 - 0.03 0.29 33476
aoULAV 56e3 2 249 - 0.03 0.29 34696
aoD2AG 56e3 2 249 - 0.03 0.36 37284
aoD2SG 56e3 2 249 - 0.04 0.39 37296
dry 32e3 2 43 - 0.03 0.11 29112
aoDLAV 32e3 2 43 - 0.03 0.22 31440
aoULAV 32e3 2 43 - 0.02 0.23 32148
aoD2AG 32e3 2 43 - 0.04 0.25 35024
aoD2SG 32e3 2 43 - 0.03 0.26 34788
dry 250e2 2 231 - 0.03 0.12 27024
aoDLAV 250e2 2 231 - 0.02 0.21 31108
aoULAV 250e2 2 231 - 0.02 0.21 31212
aoD2AG 250e2 2 231 - 0.03 0.22 33864
aoD2SG 250e2 2 231 - 0.03 0.24 33964
dry 32e3 2 145 - 0.03 0.12 29156
aoDLAV 32e3 2 145 - 0.03 0.22 31436
aoULAV 32e3 2 145 - 0.03 0.22 32148
aoD2AG 32e3 2 145 - 0.03 0.25 35020
aoD2SG 32e3 2 145 - 0.03 0.27 34788
dry 1e5 5 184 - 0.03 0.14 34476
aoDLAV 1e5 5 184 - 0.04 1.65 41816
aoULAV 1e5 5 184 - 0.04 1.66 43572
aoD2AG 1e5 5 184 - 0.04 1.87 53564
aoD2SG 1e5 5 184 - 0.05 2.02 53204
dry 1e3 2 42 - 0.02 0.12 27956
aoDLAV 1e3 2 42 - 0.02 0.15 30280
aoULAV 1e3 2 42 - 0.03 0.14 30292
aoD2AG 1e3 2 42 - 0.03 0.14 30532
aoD2SG 1e3 2 42 - 0.03 0.15 30556
moore 1e3 2 42 - 0.04 3.24 59836
nbpm 1e3 2 42 - 0.14 4.24 138564
greedy 1e3 2 42 - 0.07 1.06 139244
dry 1e5 5 204 - 0.03 0.14 34476
aoDLAV 1e5 5 204 - 0.04 1.65 41816
aoULAV 1e5 5 204 - 0.04 1.53 43568
aoD2AG 1e5 5 204 - 0.05 1.81 53560
aoD2SG 1e5 5 204 - 0.05 2.04 53200
dry 325e2 2 88 - 0.02 0.12 27320
aoDLAV 325e2 2 88 - 0.04 0.22 31372
aoULAV 325e2 2 88 - 0.03 0.22 32084
aoD2AG 325e2 2 88 - 0.03 0.24 35032
aoD2SG 325e2 2 88 - 0.03 0.26 34764
dry 56e3 2 141 - 0.03 0.12 28236
aoDLAV 56e3 2 141 - 0.03 0.28 33480
aoULAV 56e3 2 141 - 0.04 0.28 34696
aoD2AG 56e3 2 141 - 0.03 0.34 37284
aoD2SG 56e3 2 141 - 0.04 0.36 37304
dry 56e1 2 115 - 0.02 0.11 26008
aoDLAV 56e1 2 115 - 0.03 0.14 30220
aoULAV 56e1 2 115 - 0.02 0.15 30232
aoD2AG 56e1 2 115 - 0.03 0.15 30416
aoD2SG 56e1 2 115 - 0.03 0.15 30424
moore 56e1 2 115 - 0.04 1.70 39660
nbpm 56e1 2 115 - 0.09 2.85 78704
greedy 56e1 2 115 - 0.05 0.37 64108
dry 1e3 10 85 - 0.03 0.11 26140
aoDLAV 1e3 10 85 - 0.03 0.16 30652
aoULAV 1e3 10 85 - 0.03 0.15 30668
aoD2AG 1e3 10 85 - 0.03 0.16 31076
aoD2SG 1e3 10 85 - 0.03 0.17 31104
moore 1e3 10 85 - 0.03 6.67 59844
nbpm 1e3 10 85 - 0.15 4.63 136140
greedy 1e3 10 85 - 0.10 1.05 139620
dry 56e1 2 233 - 0.02 0.12 26008
aoDLAV 56e1 2 233 - 0.03 0.14 30220
aoULAV 56e1 2 233 - 0.03 0.14 30232
aoD2AG 56e1 2 233 - 0.02 0.15 30416
aoD2SG 56e1 2 233 - 0.02 0.15 30428
moore 56e1 2 233 - 0.04 1.13 39688
nbpm 56e1 2 233 - 0.08 2.98 78712
greedy 56e1 2 233 - 0.05 0.39 64104
dry 5e4 10 75 - 0.02 0.14 33888
aoDLAV 5e4 10 75 - 0.03 7.93 40204
aoULAV 5e4 10 75 - 0.04 8.22 40200
aoD2AG 5e4 10 75 - 0.06 8.18 44980
aoD2SG 5e4 10 75 - 0.05 9.47 45000
dry 56e3 2 143 - 0.02 0.12 31236
aoDLAV 56e3 2 143 - 0.03 0.30 33480
aoULAV 56e3 2 143 - 0.03 0.30 34696
aoD2AG 56e3 2 143 - 0.03 0.37 37284
aoD2SG 56e3 2 143 - 0.03 0.39 37300
dry 1e5 10 174 - 0.03 0.18 38396
aoDLAV 1e5 10 174 - 0.05 23.27 53536
aoULAV 1e5 10 174 - 0.05 22.78 55312
aoD2AG 1e5 10 174 - 0.04 23.58 62724
aoD2SG 1e5 10 174 - 0.06 22.93 66832
dry 1e2 5 33 - 0.02 0.11 25996
aoDLAV 1e2 5 33 - 0.02 0.15 30212
aoULAV 1e2 5 33 - 0.02 0.14 30228
aoD2AG 1e2 5 33 - 0.03 0.14 30384
aoD2SG 1e2 5 33 - 0.03 0.14 30388
moore 1e2 5 33 - 0.04 0.20 30492
nbpm 1e2 5 33 - 0.09 2.12 53016
greedy 1e2 5 33 - 0.03 0.15 30920
dry 1e5 10 19 - 0.03 0.18 38440
aoDLAV 1e5 10 19 - 0.05 20.25 53536
aoULAV 1e5 10 19 - 0.04 20.26 55308
aoD2AG 1e5 10 19 - 0.05 20.43 62736
aoD2SG 1e5 10 19 - 0.05 23.44 66948
dry 1e5 2 69 - 0.03 0.13 30568
aoDLAV 1e5 2 69 - 0.03 0.46 34800
aoULAV 1e5 2 69 - 0.03 0.47 35324
aoD2AG 1e5 2 69 - 0.03 0.59 42604
aoD2SG 1e5 2 69 - 0.04 0.66 43804
dry 1e6 5 119 - 0.05 0.28 73156
aoDLAV 1e6 5 119 - 0.15 20.21 252688
aoULAV 1e6 5 119 - 0.15 20.31 252688
aoD2AG 1e6 5 119 - 0.22 22.13 323244
aoD2SG 1e6 5 119 - 0.23 25.71 333512
dry 225e2 2 65 - 0.02 0.12 26920
aoDLAV 225e2 2 65 - 0.03 0.21 30984
aoULAV 225e2 2 65 - 0.02 0.21 30992
aoD2AG 225e2 2 65 - 0.03 0.21 33368
aoD2SG 225e2 2 65 - 0.03 0.22 33464
dry 1e3 2 137 - 0.03 0.11 26020
aoDLAV 1e3 2 137 - 0.02 0.15 30280
aoULAV 1e3 2 137 - 0.02 0.14 30296
aoD2AG 1e3 2 137 - 0.03 0.14 30544
aoD2SG 1e3 2 137 - 0.03 0.14 30564
moore 1e3 2 137 - 0.04 5.77 59772
nbpm 1e3 2 137 - 0.12 4.06 138584
greedy 1e3 2 137 - 0.08 1.04 139248
dry 32e4 2 28 - 0.03 0.16 36428
aoDLAV 32e4 2 28 - 0.06 1.27 70832
aoULAV 32e4 2 28 - 0.06 1.21 70840
aoD2AG 32e4 2 28 - 0.07 1.67 89212
aoD2SG 32e4 2 28 - 0.07 1.84 90928
dry 1e6 2 6 - 0.03 0.20 49708
aoDLAV 1e6 2 6 - 0.09 3.55 178456
aoULAV 1e6 2 6 - 0.11 3.71 178456
aoD2AG 1e6 2 6 - 0.17 5.34 234620
aoD2SG 1e6 2 6 - 0.18 5.95 242352
dry 1e1 2 26 - 0.02 0.12 25992
aoDLAV 1e1 2 26 - 0.03 0.14 30160
aoULAV 1e1 2 26 - 0.02 0.14 30172
aoD2AG 1e1 2 26 - 0.03 0.14 30312
aoD2SG 1e1 2 26 - 0.02 0.14 30312
moore 1e1 2 26 - 0.03 0.18 30484
nbpm 1e1 2 26 - 0.07 2.13 49824
greedy 1e1 2 26 - 0.02 0.14 30128
dry 1e6 2 201 - 0.04 0.19 49708
aoDLAV 1e6 2 201 - 0.09 3.76 178456
aoULAV 1e6 2 201 - 0.12 3.98 178460
aoD2AG 1e6 2 201 - 0.18 5.70 233820
aoD2SG 1e6 2 201 - 0.20 7.77 241448
dry 350e2 2 177 - 0.02 0.12 27416
aoDLAV 350e2 2 177 - 0.03 0.22 31484
aoULAV 350e2 2 177 - 0.03 0.22 32264
aoD2AG 350e2 2 177 - 0.02 0.26 34852
aoD2SG 350e2 2 177 - 0.04 0.26 35128
dry 1e5 5 25 - 0.03 0.14 34476
aoDLAV 1e5 5 25 - 0.05 1.49 41816
aoULAV 1e5 5 25 - 0.04 1.52 43568
aoD2AG 1e5 5 25 - 0.04 1.66 53564
aoD2SG 1e5 5 25 - 0.05 1.83 53496
dry 1e3 2 185 - 0.03 0.11 26024
aoDLAV 1e3 2 185 - 0.03 0.14 30280
aoULAV 1e3 2 185 - 0.03 0.14 30292
aoD2AG 1e3 2 185 - 0.03 0.14 30532
aoD2SG 1e3 2 185 - 0.02 0.15 30556
moore 1e3 2 185 - 0.04 8.14 59776
nbpm 1e3 2 185 - 0.11 4.11 138552
greedy 1e3 2 185 - 0.07 1.01 139248
dry 18e4 2 92 - 0.03 0.13 33104
aoDLAV 18e4 2 92 - 0.05 0.74 47860
aoULAV 18e4 2 92 - 0.04 0.75 47860
aoD2AG 18e4 2 92 - 0.06 1.01 58780
aoD2SG 18e4 2 92 - 0.05 1.17 59856
dry 1e5 2 139 - 0.03 0.13 31216
aoDLAV 1e5 2 139 - 0.03 0.45 34800
aoULAV 1e5 2 139 - 0.03 0.46 35320
aoD2AG 1e5 2 139 - 0.03 0.59 42604
aoD2SG 1e5 2 139 - 0.03 0.65 43800
dry 325e2 2 225 - 0.03 0.11 27316
aoDLAV 325e2 2 225 - 0.03 0.22 31376
aoULAV 325e2 2 225 - 0.02 0.23 32084
aoD2AG 325e2 2 225 - 0.03 0.25 35004
aoD2SG 325e2 2 225 - 0.02 0.27 34760
dry 275e2 2 225 - 0.03 0.11 27120
aoDLAV 275e2 2 225 - 0.02 0.21 31240
aoULAV 275e2 2 225 - 0.02 0.21 31572
aoD2AG 275e2 2 225 - 0.03 0.23 34692
aoD2SG 275e2 2 225 - 0.04 0.24 34812
dry 56e4 2 224 - 0.03 0.18 41108
aoDLAV 56e4 2 224 - 0.08 2.13 107984
aoULAV 56e4 2 224 - 0.09 2.16 107988
aoD2AG 56e4 2 224 - 0.12 3.17 138788
aoD2SG 56e4 2 224 - 0.11 3.53 143892
dry 5e4 5 249 - 0.03 0.13 31440
aoDLAV 5e4 5 249 - 0.04 0.77 34708
aoULAV 5e4 5 249 - 0.03 0.81 34704
aoD2AG 5e4 5 249 - 0.03 0.83 37728
aoD2SG 5e4 5 249 - 0.04 0.90 37940
dry 56e3 2 247 - 0.02 0.12 28240
aoDLAV 56e3 2 247 - 0.03 0.29 33476
aoULAV 56e3 2 247 - 0.03 0.30 34700
aoD2AG 56e3 2 247 - 0.04 0.36 37284
aoD2SG 56e3 2 247 - 0.04 0.39 37304
dry 1e2 5 147 - 0.02 0.12 25996
aoDLAV 1e2 5 147 - 0.03 0.14 30212
aoULAV 1e2 5 147 - 0.02 0.15 30224
aoD2AG 1e2 5 147 - 0.03 0.14 30384
aoD2SG 1e2 5 147 - 0.03 0.14 30392
moore 1e2 5 147 - 0.02 0.20 30496
nbpm 1e2 5 147 - 0.07 2.18 53016
greedy 1e2 5 147 - 0.03 0.14 30920
dry 400e2 2 70 - 0.02 0.12 29448
aoDLAV 400e2 2 70 - 0.03 0.24 32236
aoULAV 400e2 2 70 - 0.03 0.24 33112
aoD2AG 400e2 2 70 - 0.03 0.28 36072
aoD2SG 400e2 2 70 - 0.03 0.30 35932
dry 1e3 2 25 - 0.01 0.12 28048
aoDLAV 1e3 2 25 - 0.03 0.14 30280
aoULAV 1e3 2 25 - 0.03 0.14 30296
aoD2AG 1e3 2 25 - 0.03 0.14 30544
aoD2SG 1e3 2 25 - 0.02 0.15 30564
moore 1e3 2 25 - 0.03 3.60 59768
nbpm 1e3 2 25 - 0.11 4.16 138552
greedy 1e3 2 25 - 0.09 1.05 139244
dry 5e4 5 207 - 0.02 0.13 30272
aoDLAV 5e4 5 207 - 0.04 0.73 34704
aoULAV 5e4 5 207 - 0.03 0.75 34704
aoD2AG 5e4 5 207 - 0.03 0.81 37724
aoD2SG 5e4 5 207 - 0.03 0.89 37936
dry 32e1 2 91 - 0.02 0.12 26000
aoDLAV 32e1 2 91 - 0.02 0.15 30196
aoULAV 32e1 2 91 - 0.03 0.14 30208
aoD2AG 32e1 2 91 - 0.02 0.15 30380
aoD2SG 32e1 2 91 - 0.02 0.15 30384
moore 32e1 2 91 - 0.03 0.57 33684
nbpm 32e1 2 91 - 0.07 2.34 58308
greedy 32e1 2 91 - 0.04 0.20 40972
dry 325e2 2 105 - 0.02 0.12 27316
aoDLAV 325e2 2 105 - 0.03 0.22 31372
aoULAV 325e2 2 105 - 0.03 0.22 32088
aoD2AG 325e2 2 105 - 0.04 0.24 35000
aoD2SG 325e2 2 105 - 0.03 0.26 34760
dry 56e3 2 124 - 0.02 0.12 30188
aoDLAV 56e3 2 124 - 0.03 0.28 33476
aoULAV 56e3 2 124 - 0.03 0.28 34696
aoD2AG 56e3 2 124 - 0.04 0.35 37288
aoD2SG 56e3 2 124 - 0.03 0.37 37316
dry 325e2 2 41 - 0.03 0.11 27320
aoDLAV 325e2 2 41 - 0.03 0.22 31376
aoULAV 325e2 2 41 - 0.03 0.22 32140
aoD2AG 325e2 2 41 - 0.03 0.25 35004
aoD2SG 325e2 2 41 - 0.02 0.27 34764
dry 225e2 2 30 - 0.03 0.11 26920
aoDLAV 225e2 2 30 - 0.03 0.18 30980
aoULAV 225e2 2 30 - 0.02 0.20 30992
aoD2AG 225e2 2 30 - 0.03 0.21 33368
aoD2SG 225e2 2 30 - 0.03 0.22 33468
dry 1e5 5 250 - 0.03 0.13 34476
aoDLAV 1e5 5 250 - 0.04 1.57 41820
aoULAV 1e5 5 250 - 0.05 1.58 43572
aoD2AG 1e5 5 250 - 0.05 1.73 53560
aoD2SG 1e5 5 250 - 0.04 1.97 53200
dry 1e3 5 54 - 0.02 0.11 26056
aoDLAV 1e3 5 54 - 0.02 0.15 30424
aoULAV 1e3 5 54 - 0.04 0.13 30440
aoD2AG 1e3 5 54 - 0.03 0.14 30748
aoD2SG 1e3 5 54 - 0.03 0.14 30760
moore 1e3 5 54 - 0.04 5.24 59800
nbpm 1e3 5 54 - 0.10 4.46 129248
greedy 1e3 5 54 - 0.10 1.02 139388
dry 1e5 5 29 - 0.03 0.13 34476
aoDLAV 1e5 5 29 - 0.04 1.56 41816
aoULAV 1e5 5 29 - 0.04 1.60 43572
aoD2AG 1e5 5 29 - 0.05 1.71 53568
aoD2SG 1e5 5 29 - 0.04 1.89 53204
dry 1e5 10 62 - 0.04 0.17 38396
aoDLAV 1e5 10 62 - 0.05 21.31 53540
aoULAV 1e5 10 62 - 0.04 21.68 55308
aoD2AG 1e5 10 62 - 0.05 22.35 62588
aoD2SG 1e5 10 62 - 0.06 24.42 66836
dry 5e4 10 109 - 0.04 0.13 33888
aoDLAV 5e4 10 109 - 0.04 7.19 40204
aoULAV 5e4 10 109 - 0.03 7.14 40200
aoD2AG 5e4 10 109 - 0.05 8.01 44980
aoD2SG 5e4 10 109 - 0.05 8.55 44996
dry 56e1 2 87 - 0.02 0.12 27956
aoDLAV 56e1 2 87 - 0.03 0.14 30220
aoULAV 56e1 2 87 - 0.03 0.15 30236
aoD2AG 56e1 2 87 - 0.02 0.15 30416
aoD2SG 56e1 2 87 - 0.03 0.15 30424
moore 56e1 2 87 - 0.03 0.49 39684
nbpm 56e1 2 87 - 0.11 2.95 78704
greedy 56e1 2 87 - 0.04 0.38 64108
dry 1e2 2 141 - 0.03 0.11 25996
aoDLAV 1e2 2 141 - 0.03 0.13 30172
aoULAV 1e2 2 141 - 0.03 0.14 30180
aoD2AG 1e2 2 141 - 0.02 0.15 30352
aoD2SG 1e2 2 141 - 0.02 0.14 30348
moore 1e2 2 141 - 0.03 0.20 30488
nbpm 1e2 2 141 - 0.08 2.11 53008
greedy 1e2 2 141 - 0.03 0.14 30880
dry 32e4 2 227 - 0.03 0.16 36424
aoDLAV 32e4 2 227 - 0.06 1.22 70832
aoULAV 32e4 2 227 - 0.05 1.25 70844
aoD2AG 32e4 2 227 - 0.07 1.72 88508
aoD2SG 32e4 2 227 - 0.06 1.90 90728
dry 5e4 2 120 - 0.02 0.12 28000
aoDLAV 5e4 2 120 - 0.03 0.28 33008
aoULAV 5e4 2 120 - 0.03 0.27 33312
aoD2AG 5e4 2 120 - 0.03 0.34 36408
aoD2SG 5e4 2 120 - 0.03 0.35 36424
dry 350e2 2 106 - 0.03 0.11 27952
aoDLAV 350e2 2 106 - 0.02 0.23 31484
aoULAV 350e2 2 106 - 0.03 0.22 32264
aoD2AG 350e2 2 106 - 0.03 0.25 34848
aoD2SG 350e2 2 106 - 0.03 0.27 35136
dry 325e2 2 191 - 0.03 0.11 27316
aoDLAV 325e2 2 191 - 0.03 0.22 31376
aoULAV 325e2 2 191 - 0.03 0.22 32084
aoD2AG 325e2 2 191 - 0.04 0.24 35000
aoD2SG 325e2 2 191 - 0.03 0.26 34756
dry 1e2 2 75 - 0.01 0.12 25996
aoDLAV 1e2 2 75 - 0.03 0.13 30168
aoULAV 1e2 2 75 - 0.03 0.14 30180
aoD2AG 1e2 2 75 - 0.02 0.15 30340
aoD2SG 1e2 2 75 - 0.02 0.14 30344
moore 1e2 2 75 - 0.03 0.22 30492
nbpm 1e2 2 75 - 0.07 2.14 53008
greedy 1e2 2 75 - 0.03 0.14 30880
dry 250e2 2 101 - 0.02 0.12 27952
aoDLAV 250e2 2 101 - 0.02 0.20 31108
aoULAV 250e2 2 101 - 0.02 0.20 31216
aoD2AG 250e2 2 101 - 0.03 0.22 33876
aoD2SG 250e2 2 101 - 0.03 0.23 33964
dry 1e5 10 163 - 0.03 0.18 38396
aoDLAV 1e5 10 163 - 0.05 21.76 53536
aoULAV 1e5 10 163 - 0.05 21.83 55308
aoD2AG 1e5 10 163 - 0.04 22.46 62588
aoD2SG 1e5 10 163 - 0.05 25.97 66832
dry 1e3 10 145 - 0.03 0.11 26140
aoDLAV 1e3 10 145 - 0.03 0.15 30652
aoULAV 1e3 10 145 - 0.02 0.16 30664
aoD2AG 1e3 10 145 - 0.02 0.16 31072
aoD2SG 1e3 10 145 - 0.02 0.17 31100
moore 1e3 10 145 - 0.04 5.59 59840
nbpm 1e3 10 145 - 0.13 4.73 136140
greedy 1e3 10 145 - 0.09 1.00 139620
dry 275e2 2 6 - 0.02 0.12 27120
aoDLAV 275e2 2 6 - 0.02 0.20 31240
aoULAV 275e2 2 6 - 0.02 0.22 31572
aoD2AG 275e2 2 6 - 0.04 0.22 34696
aoD2SG 275e2 2 6 - 0.02 0.25 34816
dry 5e4 5 237 - 0.03 0.13 30784
aoDLAV 5e4 5 237 - 0.03 0.69 34704
aoULAV 5e4 5 237 - 0.04 0.69 34708
aoD2AG 5e4 5 237 - 0.04 0.76 37724
aoD2SG 5e4 5 237 - 0.03 0.84 37936
dry 1e6 5 88 - 0.05 0.28 73152
aoDLAV 1e6 5 88 - 0.14 19.96 252776
aoULAV 1e6 5 88 - 0.14 20.05 252688
aoD2AG 1e6 5 88 - 0.22 22.43 324328
aoD2SG 1e6 5 88 - 0.22 26.15 332548
dry 32e3 2 232 - 0.03 0.11 28720
aoDLAV 32e3 2 232 - 0.03 0.22 31436
aoULAV 32e3 2 232 - 0.02 0.23 32152
aoD2AG 32e3 2 232 - 0.04 0.25 35028
aoD2SG 32e3 2 232 - 0.04 0.26 34788
dry 225e2 2 144 - 0.02 0.12 26920
aoDLAV 225e2 2 144 - 0.03 0.19 30984
aoULAV 225e2 2 144 - 0.03 0.20 30996
aoD2AG 225e2 2 144 - 0.03 0.22 33368
aoD2SG 225e2 2 144 - 0.02 0.23 33464
dry 32e3 2 32 - 0.03 0.12 27300
aoDLAV 32e3 2 32 - 0.03 0.23 31440
aoULAV 32e3 2 32 - 0.03 0.22 32148
aoD2AG 32e3 2 32 - 0.03 0.24 35024
aoD2SG 32e3 2 32 - 0.03 0.26 34788
dry 32e1 2 165 - 0.02 0.12 26004
aoDLAV 32e1 2 165 - 0.02 0.15 30196
aoULAV 32e1 2 165 - 0.02 0.15 30208
aoD2AG 32e1 2 165 - 0.02 0.15 30380
aoD2SG 32e1 2 165 - 0.02 0.15 30384
moore 32e1 2 165 - 0.02 0.37 33676
nbpm 32e1 2 165 - 0.08 2.40 58304
greedy 32e1 2 165 - 0.05 0.20 40972
dry 5e4 10 207 - 0.03 0.13 33888
aoDLAV 5e4 10 207 - 0.03 6.84 40204
aoULAV 5e4 10 207 - 0.03 6.87 40204
aoD2AG 5e4 10 207 - 0.05 6.93 44980
aoD2SG 5e4 10 207 - 0.04 8.44 44996
dry 300e2 2 50 - 0.03 0.12 27216
aoDLAV 300e2 2 50 - 0.02 0.22 31296
aoULAV 300e2 2 50 - 0.03 0.22 31892
aoD2AG 300e2 2 50 - 0.03 0.25 35056
aoD2SG 300e2 2 50 - 0.03 0.26 34716
dry 325e2 2 38 - 0.02 0.12 27320
aoDLAV 325e2 2 38 - 0.02 0.23 31376
aoULAV 325e2 2 38 - 0.03 0.22 32084
aoD2AG 325e2 2 38 - 0.03 0.26 35004
aoD2SG 325e2 2 38 - 0.03 0.27 34760
dry 1e1 2 57 - 0.02 0.12 25992
aoDLAV 1e1 2 57 - 0.03 0.14 30160
aoULAV 1e1 2 57 - 0.02 0.15 30176
aoD2AG 1e1 2 57 - 0.04 0.13 30312
aoD2SG 1e1 2 57 - 0.03 0.14 30316
moore 1e1 2 57 - 0.03 0.18 30480
nbpm 1e1 2 57 - 0.06 2.17 49816
greedy 1e1 2 57 - 0.03 0.13 30128
dry 375e2 2 70 - 0.02 0.12 27520
aoDLAV 375e2 2 70 - 0.02 0.23 31784
aoULAV 375e2 2 70 - 0.03 0.23 32604
aoD2AG 375e2 2 70 - 0.02 0.27 35568
aoD2SG 375e2 2 70 - 0.03 0.29 35524
dry 18e1 2 130 - 0.02 0.11 26004
aoDLAV 18e1 2 130 - 0.03 0.13 30184
aoULAV 18e1 2 130 - 0.03 0.14 30196
aoD2AG 18e1 2 130 - 0.03 0.14 30356
aoD2SG 18e1 2 130 - 0.02 0.15 30364
moore 18e1 2 130 - 0.03 0.23 30500
nbpm 18e1 2 130 - 0.08 2.12 54444
greedy 18e1 2 130 - 0.03 0.16 33352
dry 1e5 10 187 - 0.04 0.17 38400
aoDLAV 1e5 10 187 - 0.04 19.89 53540
aoULAV 1e5 10 187 - 0.05 19.91 55312
aoD2AG 1e5 10 187 - 0.05 20.89 62960
aoD2SG 1e5 10 187 - 0.05 23.50 66832
dry 56e3 2 45 - 0.03 0.12 28236
aoDLAV 56e3 2 45 - 0.03 0.29 33476
aoULAV 56e3 2 45 - 0.03 0.29 34700
aoD2AG 56e3 2 45 - 0.03 0.35 37284
aoD2SG 56e3 2 45 - 0.03 0.38 37336
dry 5e4 5 150 - 0.03 0.13 31636
aoDLAV 5e4 5 150 - 0.03 0.70 34708
aoULAV 5e4 5 150 - 0.03 0.71 34704
aoD2AG 5e4 5 150 - 0.04 0.75 37728
aoD2SG 5e4 5 150 - 0.04 0.84 37984
dry 250e2 2 147 - 0.03 0.11 27024
aoDLAV 250e2 2 147 - 0.03 0.19 31108
aoULAV 250e2 2 147 - 0.02 0.20 31212
aoD2AG 250e2 2 147 - 0.04 0.21 33864
aoD2SG 250e2 2 147 - 0.02 0.24 33964
dry 5e4 2 151 - 0.02 0.12 28000
aoDLAV 5e4 2 151 - 0.03 0.27 33008
aoULAV 5e4 2 151 - 0.03 0.28 33312
aoD2AG 5e4 2 151 - 0.03 0.34 36408
aoD2SG 5e4 2 151 - 0.03 0.36 36420
dry 5e4 5 26 - 0.03 0.13 30732
aoDLAV 5e4 5 26 - 0.04 0.76 34704
aoULAV 5e4 5 26 - 0.03 0.75 34704
aoD2AG 5e4 5 26 - 0.04 0.83 37728
aoD2SG 5e4 5 26 - 0.04 0.88 37940
dry 1e1 2 146 - 0.03 0.11 25992
aoDLAV 1e1 2 146 - 0.03 0.14 30160
aoULAV 1e1 2 146 - 0.03 0.13 30176
aoD2AG 1e1 2 146 - 0.02 0.14 30320
aoD2SG 1e1 2 146 - 0.02 0.14 30320
moore 1e1 2 146 - 0.03 0.17 30480
nbpm 1e1 2 146 - 0.07 2.14 49820
greedy 1e1 2 146 - 0.03 0.14 30128
dry 225e2 2 190 - 0.02 0.12 26924
aoDLAV 225e2 2 190 - 0.02 0.20 30980
aoULAV 225e2 2 190 - 0.03 0.19 30992
aoD2AG 225e2 2 190 - 0.03 0.21 33368
aoD2SG 225e2 2 190 - 0.03 0.22 33464
dry 1e5 10 86 - 0.03 0.18 38396
aoDLAV 1e5 10 86 - 0.04 21.52 53536
aoULAV 1e5 10 86 - 0.06 22.50 55308
aoD2AG 1e5 10 86 - 0.08 22.45 62740
aoD2SG 1e5 10 86 - 0.06 25.64 66832
dry 1e1 2 190 - 0.03 0.11 25992
aoDLAV 1e1 2 190 - 0.03 0.14 30160
aoULAV 1e1 2 190 - 0.02 0.14 30176
aoD2AG 1e1 2 190 - 0.02 0.15 30320
aoD2SG 1e1 2 190 - 0.03 0.13 30320
moore 1e1 2 190 - 0.04 0.17 30476
nbpm 1e1 2 190 - 0.09 2.13 49816
greedy 1e1 2 190 - 0.04 0.13 30124
dry 1e6 10 110 - 0.07 0.41 112232
aoDLAV 1e6 10 110 - 0.21 378.79 369888
aoULAV 1e6 10 110 - 0.30 363.85 369904
aoD2AG 1e6 10 110 - 0.42 348.54 448232
aoD2SG 1e6 10 110 - 0.41 512.48 456712
