dry 18e4 2 117 - 0.03 0.13 33104
aoDLAV 18e4 2 117 - 0.06 0.62 47860
aoULAV 18e4 2 117 - 0.05 0.67 47860
aoD2AG 18e4 2 117 - 0.06 0.78 58640
aoD2SG 18e4 2 117 - 0.07 0.88 59924
dry 32e4 2 57 - 0.03 0.15 36424
aoDLAV 32e4 2 57 - 0.07 1.06 70828
aoULAV 32e4 2 57 - 0.07 1.13 70844
aoD2AG 32e4 2 57 - 0.08 1.30 88272
aoD2SG 32e4 2 57 - 0.07 1.56 91324
dry 1e6 5 13 - 0.04 0.23 73152
aoDLAV 1e6 5 13 - 0.17 16.13 252692
aoULAV 1e6 5 13 - 0.16 16.00 252692
aoD2AG 1e6 5 13 - 0.21 18.21 322728
aoD2SG 1e6 5 13 - 0.20 22.19 332700
dry 1e6 10 17 - 0.06 0.40 112232
aoDLAV 1e6 10 17 - 0.21 370.57 369892
aoULAV 1e6 10 17 - 1.17 497.84 369992
aoD2AG 1e6 10 17 - 0.40 387.47 447476
aoD2SG 1e6 10 17 - 0.41 456.89 459016
dry 1e1 2 65 - 0.03 0.11 25992
aoDLAV 1e1 2 65 - 0.04 0.14 30160
aoULAV 1e1 2 65 - 0.03 0.14 30172
aoD2AG 1e1 2 65 - 0.02 0.14 30312
aoD2SG 1e1 2 65 - 0.03 0.14 30312
moore 1e1 2 65 - 0.03 0.18 30484
nbpm 1e1 2 65 - 0.06 2.18 49824
greedy 1e1 2 65 - 0.03 0.14 30124
dry 1e3 2 209 - 0.01 0.12 26020
aoDLAV 1e3 2 209 - 0.02 0.14 30280
aoULAV 1e3 2 209 - 0.02 0.14 30292
aoD2AG 1e3 2 209 - 0.03 0.14 30536
aoD2SG 1e3 2 209 - 0.02 0.15 30556
moore 1e3 2 209 - 0.04 6.43 59768
nbpm 1e3 2 209 - 0.12 4.16 138552
greedy 1e3 2 209 - 0.08 1.15 139244
dry 250e2 2 135 - 0.03 0.11 27020
aoDLAV 250e2 2 135 - 0.04 0.19 31108
aoULAV 250e2 2 135 - 0.04 0.21 31212
aoD2AG 250e2 2 135 - 0.03 0.24 33860
aoD2SG 250e2 2 135 - 0.03 0.24 33964
dry 1e2 10 143 - 0.02 0.12 26004
aoDLAV 1e2 10 143 - 0.03 0.14 30260
aoULAV 1e2 10 143 - 0.03 0.15 30272
aoD2AG 1e2 10 143 - 0.03 0.15 30440
aoD2SG 1e2 10 143 - 0.03 0.14 30448
moore 1e2 10 143 - 0.03 0.21 30496
nbpm 1e2 10 143 - 0.08 2.29 53076
greedy 1e2 10 143 - 0.03 0.14 30972
dry 18e1 2 236 - 0.03 0.12 26008
aoDLAV 18e1 2 236 - 0.03 0.14 30188
aoULAV 18e1 2 236 - 0.03 0.14 30200
aoD2AG 18e1 2 236 - 0.03 0.14 30360
aoD2SG 18e1 2 236 - 0.03 0.13 30364
moore 18e1 2 236 - 0.02 0.30 30524
nbpm 18e1 2 236 - 0.08 2.18 54480
greedy 18e1 2 236 - 0.03 0.16 33352
dry 18e1 2 71 - 0.02 0.13 26004
aoDLAV 18e1 2 71 - 0.03 0.15 30184
aoULAV 18e1 2 71 - 0.04 0.14 30196
aoD2AG 18e1 2 71 - 0.03 0.14 30348
aoD2SG 18e1 2 71 - 0.03 0.14 30364
moore 18e1 2 71 - 0.03 0.30 30488
nbpm 18e1 2 71 - 0.08 2.21 54436
greedy 18e1 2 71 - 0.02 0.16 33348
dry 56e1 2 207 - 0.02 0.11 26008
aoDLAV 56e1 2 207 - 0.02 0.14 30224
aoULAV 56e1 2 207 - 0.03 0.14 30236
aoD2AG 56e1 2 207 - 0.02 0.16 30416
aoD2SG 56e1 2 207 - 0.02 0.15 30424
moore 56e1 2 207 - 0.03 2.51 39660
nbpm 56e1 2 207 - 0.10 2.92 78716
greedy 56e1 2 207 - 0.04 0.40 64104
dry 32e4 2 1 - 0.03 0.17 36424
aoDLAV 32e4 2 1 - 0.05 1.21 70828
aoULAV 32e4 2 1 - 0.05 1.34 70840
aoD2AG 32e4 2 1 - 0.07 1.82 88284
aoD2SG 32e4 2 1 - 0.09 2.00 91032
dry 1e6 5 220 - 0.05 0.29 73156
aoDLAV 1e6 5 220 - 0.24 19.65 252688
aoULAV 1e6 5 220 - 0.15 19.67 252688
aoD2AG 1e6 5 220 - 0.40 28.99 324348
aoD2SG 1e6 5 220 - 0.34 28.03 333384
dry 225e2 2 194 - 0.02 0.12 28752
aoDLAV 225e2 2 194 - 0.03 0.20 30980
aoULAV 225e2 2 194 - 0.02 0.20 30992
aoD2AG 225e2 2 194 - 0.04 0.22 33368
aoD2SG 225e2 2 194 - 0.03 0.23 33524
dry 1e5 10 31 - 0.04 0.17 38396
aoDLAV 1e5 10 31 - 0.04 24.14 53540
aoULAV 1e5 10 31 - 0.20 31.86 55312
aoD2AG 1e5 10 31 - 0.15 22.81 63012
aoD2SG 1e5 10 31 - 0.05 28.97 66832
dry 1e3 2 186 - 0.02 0.12 27952
aoDLAV 1e3 2 186 - 0.03 0.14 30280
aoULAV 1e3 2 186 - 0.03 0.14 30292
aoD2AG 1e3 2 186 - 0.03 0.15 30544
aoD2SG 1e3 2 186 - 0.02 0.15 30568
moore 1e3 2 186 - 0.04 4.18 59772
nbpm 1e3 2 186 - 0.13 4.54 138552
greedy 1e3 2 186 - 0.08 1.03 139244
dry 1e3 10 219 - 0.02 0.12 26140
aoDLAV 1e3 10 219 - 0.03 0.16 30652
aoULAV 1e3 10 219 - 0.02 0.16 30668
aoD2AG 1e3 10 219 - 0.03 0.16 31056
aoD2SG 1e3 10 219 - 0.03 0.17 31080
moore 1e3 10 219 - 0.03 6.36 59844
nbpm 1e3 10 219 - 0.12 4.55 136140
greedy 1e3 10 219 - 0.09 0.96 139620
dry 1e5 2 94 - 0.03 0.12 31244
aoDLAV 1e5 2 94 - 0.03 0.41 34800
aoULAV 1e5 2 94 - 0.04 0.43 35320
aoD2AG 1e5 2 94 - 0.04 0.54 42944
aoD2SG 1e5 2 94 - 0.03 0.62 43800
dry 18e1 2 19 - 0.02 0.12 26008
aoDLAV 18e1 2 19 - 0.02 0.14 30188
aoULAV 18e1 2 19 - 0.02 0.14 30196
aoD2AG 18e1 2 19 - 0.03 0.13 30356
aoD2SG 18e1 2 19 - 0.03 0.13 30364
moore 18e1 2 19 - 0.02 0.39 30488
nbpm 18e1 2 19 - 0.08 2.24 54440
greedy 18e1 2 19 - 0.03 0.15 33348
dry 1e2 10 24 - 0.02 0.11 26004
aoDLAV 1e2 10 24 - 0.03 0.13 30260
aoULAV 1e2 10 24 - 0.02 0.14 30272
aoD2AG 1e2 10 24 - 0.02 0.14 30440
aoD2SG 1e2 10 24 - 0.03 0.14 30452
moore 1e2 10 24 - 0.04 0.25 30496
nbpm 1e2 10 24 - 0.09 2.30 53080
greedy 1e2 10 24 - 0.03 0.14 30972
dry 1e3 2 76 - 0.03 0.10 26024
aoDLAV 1e3 2 76 - 0.02 0.15 30280
aoULAV 1e3 2 76 - 0.04 0.13 30292
aoD2AG 1e3 2 76 - 0.02 0.15 30528
aoD2SG 1e3 2 76 - 0.02 0.15 30552
moore 1e3 2 76 - 0.05 3.17 59796
nbpm 1e3 2 76 - 0.14 4.51 138548
greedy 1e3 2 76 - 0.09 1.03 139244
dry 350e2 2 211 - 0.03 0.11 27416
aoDLAV 350e2 2 211 - 0.03 0.21 31480
aoULAV 350e2 2 211 - 0.03 0.22 32264
aoD2AG 350e2 2 211 - 0.03 0.26 34848
aoD2SG 350e2 2 211 - 0.04 0.27 35136
dry 300e2 2 224 - 0.02 0.11 27220
aoDLAV 300e2 2 224 - 0.03 0.21 31300
aoULAV 300e2 2 224 - 0.03 0.23 31896
aoD2AG 300e2 2 224 - 0.03 0.23 35060
aoD2SG 300e2 2 224 - 0.03 0.25 34712
dry 1e2 2 149 - 0.03 0.11 27952
aoDLAV 1e2 2 149 - 0.03 0.14 30172
aoULAV 1e2 2 149 - 0.03 0.14 30180
aoD2AG 1e2 2 149 - 0.02 0.15 30328
aoD2SG 1e2 2 149 - 0.03 0.14 30332
moore 1e2 2 149 - 0.02 0.26 30492
nbpm 1e2 2 149 - 0.08 2.09 53008
greedy 1e2 2 149 - 0.03 0.14 30884
dry 375e2 2 37 - 0.02 0.11 27516
aoDLAV 375e2 2 37 - 0.02 0.23 31784
aoULAV 375e2 2 37 - 0.04 0.22 32600
aoD2AG 375e2 2 37 - 0.03 0.27 35516
aoD2SG 375e2 2 37 - 0.02 0.28 35528
dry 5e4 5 140 - 0.03 0.13 30320
aoDLAV 5e4 5 140 - 0.03 0.73 34708
aoULAV 5e4 5 140 - 0.03 0.65 34704
aoD2AG 5e4 5 140 - 0.04 0.71 37728
aoD2SG 5e4 5 140 - 0.04 0.77 37936
dry 5e4 2 248 - 0.02 0.12 28000
aoDLAV 5e4 2 248 - 0.03 0.26 33008
aoULAV 5e4 2 248 - 0.03 0.27 33312
aoD2AG 5e4 2 248 - 0.03 0.32 36408
aoD2SG 5e4 2 248 - 0.04 0.33 36420
dry 250e2 2 109 - 0.02 0.12 27020
aoDLAV 250e2 2 109 - 0.02 0.20 31108
aoULAV 250e2 2 109 - 0.03 0.20 31268
aoD2AG 250e2 2 109 - 0.03 0.22 33864
aoD2SG 250e2 2 109 - 0.03 0.22 33960
dry 225e2 2 208 - 0.02 0.11 26924
aoDLAV 225e2 2 208 - 0.03 0.19 30980
aoULAV 225e2 2 208 - 0.02 0.19 30992
aoD2AG 225e2 2 208 - 0.04 0.20 33368
aoD2SG 225e2 2 208 - 0.03 0.22 33464
dry 32e1 2 103 - 0.02 0.11 26004
aoDLAV 32e1 2 103 - 0.02 0.14 30204
aoULAV 32e1 2 103 - 0.03 0.14 30208
aoD2AG 32e1 2 103 - 0.03 0.14 30376
aoD2SG 32e1 2 103 - 0.04 0.13 30384
moore 32e1 2 103 - 0.03 0.50 33684
nbpm 32e1 2 103 - 0.09 2.36 58304
greedy 32e1 2 103 - 0.03 0.21 40972
dry 1e6 5 181 - 0.05 0.28 73152
aoDLAV 1e6 5 181 - 0.15 19.60 252688
aoULAV 1e6 5 181 - 0.15 19.52 252688
aoD2AG 1e6 5 181 - 0.21 23.05 324912
aoD2SG 1e6 5 181 - 0.21 25.31 333052
dry 1e3 10 69 - 0.03 0.11 26140
aoDLAV 1e3 10 69 - 0.03 0.16 30652
aoULAV 1e3 10 69 - 0.02 0.17 30664
aoD2AG 1e3 10 69 - 0.04 0.15 31064
aoD2SG 1e3 10 69 - 0.03 0.16 31072
moore 1e3 10 69 - 0.04 7.65 59844
nbpm 1e3 10 69 - 0.15 5.26 136140
greedy 1e3 10 69 - 0.08 1.00 139620
dry 300e2 2 135 - 0.02 0.12 27216
aoDLAV 300e2 2 135 - 0.03 0.21 31300
aoULAV 300e2 2 135 - 0.03 0.21 31896
aoD2AG 300e2 2 135 - 0.03 0.23 35064
aoD2SG 300e2 2 135 - 0.02 0.25 34716
dry 250e2 2 179 - 0.02 0.12 27020
aoDLAV 250e2 2 179 - 0.04 0.19 31108
aoULAV 250e2 2 179 - 0.03 0.20 31212
aoD2AG 250e2 2 179 - 0.03 0.21 33860
aoD2SG 250e2 2 179 - 0.03 0.24 33964
dry 1e2 5 38 - 0.03 0.11 26000
aoDLAV 1e2 5 38 - 0.01 0.15 30212
aoULAV 1e2 5 38 - 0.02 0.15 30228
aoD2AG 1e2 5 38 - 0.02 0.15 30388
aoD2SG 1e2 5 38 - 0.03 0.14 30392
moore 1e2 5 38 - 0.03 0.21 30492
nbpm 1e2 5 38 - 0.07 2.12 53016
greedy 1e2 5 38 - 0.02 0.15 30920
dry 56e4 2 215 - 0.04 0.18 41104
aoDLAV 56e4 2 215 - 0.07 2.13 107984
aoULAV 56e4 2 215 - 0.09 2.21 107988
aoD2AG 56e4 2 215 - 0.12 3.18 139392
aoD2SG 56e4 2 215 - 0.14 3.95 143128
dry 300e2 2 238 - 0.03 0.11 27216
aoDLAV 300e2 2 238 - 0.03 0.20 31296
aoULAV 300e2 2 238 - 0.04 0.21 31892
aoD2AG 300e2 2 238 - 0.02 0.25 35064
aoD2SG 300e2 2 238 - 0.02 0.26 34720
dry 1e5 5 10 - 0.03 0.13 34476
aoDLAV 1e5 5 10 - 0.04 1.39 41816
aoULAV 1e5 5 10 - 0.04 1.60 43572
aoD2AG 1e5 5 10 - 0.05 1.75 53904
aoD2SG 1e5 5 10 - 0.06 2.25 53204
dry 250e2 2 227 - 0.03 0.11 27020
aoDLAV 250e2 2 227 - 0.02 0.21 31108
aoULAV 250e2 2 227 - 0.03 0.20 31212
aoD2AG 250e2 2 227 - 0.03 0.23 33860
aoD2SG 250e2 2 227 - 0.03 0.24 34008
dry 1e5 2 150 - 0.04 0.13 31408
aoDLAV 1e5 2 150 - 0.03 0.44 34804
aoULAV 1e5 2 150 - 0.04 0.43 35324
aoD2AG 1e5 2 150 - 0.04 0.60 42608
aoD2SG 1e5 2 150 - 0.04 0.67 43804
dry 1e1 2 125 - 0.02 0.12 25992
aoDLAV 1e1 2 125 - 0.04 0.13 30164
aoULAV 1e1 2 125 - 0.03 0.14 30176
aoD2AG 1e1 2 125 - 0.03 0.15 30316
aoD2SG 1e1 2 125 - 0.03 0.14 30320
moore 1e1 2 125 - 0.03 0.18 30476
nbpm 1e1 2 125 - 0.08 2.23 49812
greedy 1e1 2 125 - 0.03 0.14 30128
dry 32e4 2 22 - 0.03 0.16 36424
aoDLAV 32e4 2 22 - 0.06 1.27 70828
aoULAV 32e4 2 22 - 0.07 1.33 70840
aoD2AG 32e4 2 22 - 0.08 1.81 88316
aoD2SG 32e4 2 22 - 0.08 1.99 91288
dry 5e4 5 220 - 0.03 0.13 31652
aoDLAV 5e4 5 220 - 0.03 0.78 34704
aoULAV 5e4 5 220 - 0.03 0.74 34704
aoD2AG 5e4 5 220 - 0.04 0.79 37724
aoD2SG 5e4 5 220 - 0.03 0.86 37936
dry 1e3 5 210 - 0.02 0.11 26060
aoDLAV 1e3 5 210 - 0.03 0.14 30424
aoULAV 1e3 5 210 - 0.03 0.14 30436
aoD2AG 1e3 5 210 - 0.02 0.15 30748
aoD2SG 1e3 5 210 - 0.03 0.15 30772
moore 1e3 5 210 - 0.04 7.77 59804
nbpm 1e3 5 210 - 0.11 4.61 129244
greedy 1e3 5 210 - 0.10 1.05 139388
dry 1e6 5 87 - 0.05 0.28 73152
aoDLAV 1e6 5 87 - 0.16 20.23 252692
aoULAV 1e6 5 87 - 0.16 20.31 252688
aoD2AG 1e6 5 87 - 0.20 22.48 324160
aoD2SG 1e6 5 87 - 0.23 25.82 331940
dry 1e2 10 79 - 0.03 0.11 26008
aoDLAV 1e2 10 79 - 0.03 0.14 30260
aoULAV 1e2 10 79 - 0.04 0.14 30272
aoD2AG 1e2 10 79 - 0.03 0.14 30440
aoD2SG 1e2 10 79 - 0.02 0.15 30448
moore 1e2 10 79 - 0.02 0.21 30500
nbpm 1e2 10 79 - 0.08 2.26 53072
greedy 1e2 10 79 - 0.03 0.15 30972
dry 1e5 2 142 - 0.03 0.13 32128
aoDLAV 1e5 2 142 - 0.03 0.49 34804
aoULAV 1e5 2 142 - 0.04 0.45 35320
aoD2AG 1e5 2 142 - 0.03 0.55 42600
aoD2SG 1e5 2 142 - 0.04 0.61 43800
dry 56e1 2 30 - 0.02 0.12 26008
aoDLAV 56e1 2 30 - 0.03 0.14 30224
aoULAV 56e1 2 30 - 0.03 0.14 30232
aoD2AG 56e1 2 30 - 0.03 0.14 30416
aoD2SG 56e1 2 30 - 0.03 0.14 30424
moore 56e1 2 30 - 0.04 2.11 39660
nbpm 56e1 2 30 - 0.10 3.01 78712
greedy 56e1 2 30 - 0.04 0.40 64104
dry 56e3 2 7 - 0.02 0.13 28236
aoDLAV 56e3 2 7 - 0.03 0.30 33476
aoULAV 56e3 2 7 - 0.03 0.30 34700
aoD2AG 56e3 2 7 - 0.04 0.36 37284
aoD2SG 56e3 2 7 - 0.03 0.40 37300
dry 1e6 10 23 - 0.07 0.42 112232
aoDLAV 1e6 10 23 - 0.21 483.74 369888
aoULAV 1e6 10 23 - 0.36 519.18 369888
aoD2AG 1e6 10 23 - 0.41 377.35 447296
aoD2SG 1e6 10 23 - 0.40 448.54 457096
dry 1e1 2 228 - 0.02 0.12 25992
aoDLAV 1e1 2 228 - 0.02 0.15 30160
aoULAV 1e1 2 228 - 0.02 0.15 30172
aoD2AG 1e1 2 228 - 0.03 0.14 30320
aoD2SG 1e1 2 228 - 0.03 0.14 30320
moore 1e1 2 228 - 0.03 0.18 30488
nbpm 1e1 2 228 - 0.10 2.09 49824
greedy 1e1 2 228 - 0.03 0.14 30124
dry 1e6 10 73 - 0.07 0.40 112236
aoDLAV 1e6 10 73 - 0.22 351.07 369884
aoULAV 1e6 10 73 - 0.34 529.30 369884
aoD2AG 1e6 10 73 - 0.42 363.22 447692
aoD2SG 1e6 10 73 - 0.41 423.11 457432
dry 250e2 2 111 - 0.02 0.12 27020
aoDLAV 250e2 2 111 - 0.04 0.19 31108
aoULAV 250e2 2 111 - 0.03 0.20 31212
aoD2AG 250e2 2 111 - 0.02 0.23 33860
aoD2SG 250e2 2 111 - 0.03 0.23 33964
dry 375e2 2 138 - 0.02 0.12 29184
aoDLAV 375e2 2 138 - 0.03 0.23 31832
aoULAV 375e2 2 138 - 0.03 0.23 32608
aoD2AG 375e2 2 138 - 0.04 0.29 35516
aoD2SG 375e2 2 138 - 0.02 0.29 35528
dry 1e3 10 122 - 0.02 0.12 26136
aoDLAV 1e3 10 122 - 0.02 0.16 30652
aoULAV 1e3 10 122 - 0.03 0.16 30664
aoD2AG 1e3 10 122 - 0.04 0.15 31072
aoD2SG 1e3 10 122 - 0.03 0.16 31072
moore 1e3 10 122 - 0.04 3.81 59840
nbpm 1e3 10 122 - 0.12 4.78 136140
greedy 1e3 10 122 - 0.09 1.02 139672
dry 325e2 2 72 - 0.03 0.11 27316
aoDLAV 325e2 2 72 - 0.03 0.22 31376
aoULAV 325e2 2 72 - 0.03 0.22 32088
aoD2AG 325e2 2 72 - 0.03 0.27 35000
aoD2SG 325e2 2 72 - 0.02 0.28 34764
dry 1e2 5 128 - 0.02 0.12 26000
aoDLAV 1e2 5 128 - 0.02 0.15 30216
aoULAV 1e2 5 128 - 0.03 0.14 30224
aoD2AG 1e2 5 128 - 0.02 0.15 30380
aoD2SG 1e2 5 128 - 0.03 0.14 30388
moore 1e2 5 128 - 0.02 0.22 30492
nbpm 1e2 5 128 - 0.07 2.16 53016
greedy 1e2 5 128 - 0.02 0.15 30920
dry 56e3 2 214 - 0.02 0.12 30200
aoDLAV 56e3 2 214 - 0.04 0.28 33476
aoULAV 56e3 2 214 - 0.04 0.29 34696
aoD2AG 56e3 2 214 - 0.04 0.35 37280
aoD2SG 56e3 2 214 - 0.04 0.38 37296
dry 1e5 10 81 - 0.04 0.18 38416
aoDLAV 1e5 10 81 - 0.05 33.07 53536
aoULAV 1e5 10 81 - 0.05 23.18 55312
aoD2AG 1e5 10 81 - 0.05 22.77 62608
aoD2SG 1e5 10 81 - 0.06 24.66 66832
dry 1e6 2 29 - 0.04 0.20 49704
aoDLAV 1e6 2 29 - 0.12 3.81 178456
aoULAV 1e6 2 29 - 0.10 3.98 178456
aoD2AG 1e6 2 29 - 0.18 5.64 234864
aoD2SG 1e6 2 29 - 0.20 6.34 242796
dry 1e3 2 99 - 0.02 0.12 26024
aoDLAV 1e3 2 99 - 0.02 0.15 30280
aoULAV 1e3 2 99 - 0.02 0.14 30296
aoD2AG 1e3 2 99 - 0.04 0.14 30532
aoD2SG 1e3 2 99 - 0.02 0.15 30552
moore 1e3 2 99 - 0.05 2.83 59796
nbpm 1e3 2 99 - 0.12 4.16 138552
greedy 1e3 2 99 - 0.09 1.04 139244
dry 32e4 2 26 - 0.04 0.16 36424
aoDLAV 32e4 2 26 - 0.06 1.26 70832
aoULAV 32e4 2 26 - 0.05 1.35 70844
aoD2AG 32e4 2 26 - 0.07 1.84 88492
aoD2SG 32e4 2 26 - 0.08 1.87 90912
dry 5e4 2 114 - 0.02 0.12 29572
aoDLAV 5e4 2 114 - 0.03 0.27 33008
aoULAV 5e4 2 114 - 0.03 0.28 33312
aoD2AG 5e4 2 114 - 0.03 0.34 36408
aoD2SG 5e4 2 114 - 0.02 0.38 36420
dry 5e4 5 62 - 0.02 0.14 31932
aoDLAV 5e4 5 62 - 0.03 0.77 34708
aoULAV 5e4 5 62 - 0.03 0.78 34704
aoD2AG 5e4 5 62 - 0.04 0.83 37728
aoD2SG 5e4 5 62 - 0.04 0.90 37952
dry 300e2 2 92 - 0.02 0.12 28956
aoDLAV 300e2 2 92 - 0.03 0.22 31296
aoULAV 300e2 2 92 - 0.02 0.23 31892
aoD2AG 300e2 2 92 - 0.03 0.24 35060
aoD2SG 300e2 2 92 - 0.03 0.26 34740
dry 400e2 2 9 - 0.03 0.12 27616
aoDLAV 400e2 2 9 - 0.03 0.25 32236
aoULAV 400e2 2 9 - 0.03 0.25 33112
aoD2AG 400e2 2 9 - 0.03 0.29 36068
aoD2SG 400e2 2 9 - 0.03 0.30 35932
dry 400e2 2 94 - 0.03 0.12 27616
aoDLAV 400e2 2 94 - 0.03 0.24 32236
aoULAV 400e2 2 94 - 0.03 0.25 33112
aoD2AG 400e2 2 94 - 0.02 0.29 36072
aoD2SG 400e2 2 94 - 0.03 0.30 35924
dry 56e1 2 55 - 0.02 0.12 26008
aoDLAV 56e1 2 55 - 0.03 0.14 30220
aoULAV 56e1 2 55 - 0.04 0.13 30236
aoD2AG 56e1 2 55 - 0.03 0.14 30420
aoD2SG 56e1 2 55 - 0.03 0.15 30428
moore 56e1 2 55 - 0.04 1.15 39680
nbpm 56e1 2 55 - 0.10 2.98 78700
greedy 56e1 2 55 - 0.05 0.38 64104
dry 1e3 2 212 - 0.03 0.11 26020
aoDLAV 1e3 2 212 - 0.03 0.14 30284
aoULAV 1e3 2 212 - 0.02 0.15 30296
aoD2AG 1e3 2 212 - 0.03 0.14 30536
aoD2SG 1e3 2 212 - 0.03 0.14 30556
moore 1e3 2 212 - 0.03 2.29 59804
nbpm 1e3 2 212 - 0.09 4.25 138588
greedy 1e3 2 212 - 0.08 1.04 139244
dry 32e3 2 84 - 0.02 0.12 27300
aoDLAV 32e3 2 84 - 0.04 0.21 31440
aoULAV 32e3 2 84 - 0.03 0.23 32144
aoD2AG 32e3 2 84 - 0.04 0.25 35024
aoD2SG 32e3 2 84 - 0.04 0.27 34788
dry 32e3 2 183 - 0.02 0.13 30764
aoDLAV 32e3 2 183 - 0.04 0.22 31436
aoULAV 32e3 2 183 - 0.03 0.23 32148
aoD2AG 32e3 2 183 - 0.04 0.25 35024
aoD2SG 32e3 2 183 - 0.03 0.27 34788
dry 1e5 5 78 - 0.04 0.13 34480
aoDLAV 1e5 5 78 - 0.05 1.64 41820
aoULAV 1e5 5 78 - 0.05 1.58 43572
aoD2AG 1e5 5 78 - 0.06 1.71 53564
aoD2SG 1e5 5 78 - 0.04 1.94 53204
dry 350e2 2 234 - 0.03 0.11 27416
aoDLAV 350e2 2 234 - 0.02 0.23 31480
aoULAV 350e2 2 234 - 0.03 0.23 32264
aoD2AG 350e2 2 234 - 0.03 0.26 34852
aoD2SG 350e2 2 234 - 0.04 0.27 35144
dry 18e4 2 191 - 0.04 0.12 33104
aoDLAV 18e4 2 191 - 0.06 0.76 47864
aoULAV 18e4 2 191 - 0.05 0.78 47864
aoD2AG 18e4 2 191 - 0.06 0.98 58644
aoD2SG 18e4 2 191 - 0.04 1.13 59972
dry 350e2 2 38 - 0.04 0.11 27416
aoDLAV 350e2 2 38 - 0.03 0.23 31480
aoULAV 350e2 2 38 - 0.03 0.23 32264
aoD2AG 350e2 2 38 - 0.03 0.27 34852
aoD2SG 350e2 2 38 - 0.03 0.28 35132
dry 400e2 2 221 - 0.02 0.13 27616
aoDLAV 400e2 2 221 - 0.02 0.25 32236
aoULAV 400e2 2 221 - 0.04 0.24 33116
aoD2AG 400e2 2 221 - 0.04 0.28 36068
aoD2SG 400e2 2 221 - 0.04 0.30 35928
dry 1e6 10 209 - 0.08 0.40 112236
aoDLAV 1e6 10 209 - 0.22 389.95 369888
aoULAV 1e6 10 209 - 0.29 300.77 369884
aoD2AG 1e6 10 209 - 0.39 299.92 448260
aoD2SG 1e6 10 209 - 0.40 358.13 458316
