dry 32e5 2 151 - 0.05 0.21 92676
aoDLAV 32e5 2 151 - 0.26 9.79 493328
aoULAV 32e5 2 151 - 0.23 14.45 493336
aoD2AG 32e5 2 151 - 0.38 17.26 718296
aoD2SG 32e5 2 151 - 0.40 20.93 743192
dry 1e7 10 38 - 0.45 1.35 850508
aoDLAV 1e7 10 38 - 1.50 4690.11 3533956
aoULAV 1e7 10 38 - 2.39 4734.28 3533960
aoD2AG 1e7 10 38 - 3.61 4734.98 4338824
aoD2SG 1e7 10 38 - 3.66 5645.62 4427152
dry 1e7 10 127 - 0.47 1.47 850508
aoDLAV 1e7 10 127 - 1.62 4659.05 3534068
aoULAV 1e7 10 127 - 2.39 4788.43 3534052
aoD2AG 1e7 10 127 - 3.57 4802.34 4336216
aoD2SG 1e7 10 127 - 3.65 5688.81 4425848
dry 1e7 2 168 - 0.12 0.46 225488
aoDLAV 1e7 2 168 - 0.73 51.80 1502684
aoULAV 1e7 2 168 - 0.69 54.44 1502684
aoD2AG 1e7 2 168 - 1.54 65.19 2202188
aoD2SG 1e7 2 168 - 1.69 75.34 2284136
dry 56e5 2 158 - 0.07 0.32 139544
aoDLAV 56e5 2 158 - 0.46 23.31 849560
aoULAV 56e5 2 158 - 0.45 24.78 849556
aoD2AG 56e5 2 158 - 0.74 35.24 1242020
aoD2SG 56e5 2 158 - 0.69 40.57 1286576
dry 18e5 2 223 - 0.04 0.21 65324
aoDLAV 18e5 2 223 - 0.15 6.55 285508
aoULAV 18e5 2 223 - 0.16 6.92 285520
aoD2AG 18e5 2 223 - 0.22 10.07 412212
aoD2SG 18e5 2 223 - 0.24 11.42 427936
dry 1e7 10 220 - 0.42 1.37 850512
aoDLAV 1e7 10 220 - 2.06 5354.77 3533952
aoULAV 1e7 10 220 - 2.32 5244.08 3534064
aoD2AG 1e7 10 220 - 3.47 4898.34 4339068
aoD2SG 1e7 10 220 - 3.76 5840.16 4424224
dry 1e7 5 242 - 0.24 0.79 459868
aoDLAV 1e7 5 242 - 1.05 217.58 2323016
aoULAV 1e7 5 242 - 1.53 220.20 2323016
aoD2AG 1e7 5 242 - 2.48 242.68 3064248
aoD2SG 1e7 5 242 - 2.56 283.23 3152080
dry 56e5 2 132 - 0.08 0.31 139544
aoDLAV 56e5 2 132 - 0.43 22.61 849556
aoULAV 56e5 2 132 - 0.46 23.96 849684
aoD2AG 56e5 2 132 - 0.72 34.12 1242912
aoD2SG 56e5 2 132 - 0.73 39.53 1286312
dry 32e5 2 39 - 0.05 0.26 92680
aoDLAV 32e5 2 39 - 0.27 11.65 493324
aoULAV 32e5 2 39 - 0.31 12.69 493336
aoD2AG 32e5 2 39 - 0.41 18.31 718792
aoD2SG 32e5 2 39 - 0.42 20.60 744852
dry 32e5 2 225 - 0.06 0.25 92676
aoDLAV 32e5 2 225 - 0.27 11.89 493324
aoULAV 32e5 2 225 - 0.26 12.68 493336
aoD2AG 32e5 2 225 - 0.40 18.24 718524
aoD2SG 32e5 2 225 - 0.42 20.84 744152
dry 1e7 5 55 - 0.23 0.80 459872
aoDLAV 1e7 5 55 - 1.03 216.49 2323016
aoULAV 1e7 5 55 - 1.50 219.04 2323016
aoD2AG 1e7 5 55 - 2.41 236.28 3062224
aoD2SG 1e7 5 55 - 2.53 279.43 3150380
dry 1e7 5 18 - 0.23 0.80 459868
aoDLAV 1e7 5 18 - 1.12 218.88 2323016
aoULAV 1e7 5 18 - 1.11 222.32 2323016
aoD2AG 1e7 5 18 - 2.49 244.56 3064012
aoD2SG 1e7 5 18 - 2.55 287.84 3150096
dry 18e5 2 238 - 0.05 0.20 65324
aoDLAV 18e5 2 238 - 0.16 6.43 285508
aoULAV 18e5 2 238 - 0.17 6.83 285520
aoD2AG 18e5 2 238 - 0.23 9.92 411932
aoD2SG 18e5 2 238 - 0.26 11.23 426708
dry 56e5 2 26 - 0.07 0.32 139544
aoDLAV 56e5 2 26 - 0.46 22.97 849556
aoULAV 56e5 2 26 - 0.46 24.48 849556
aoD2AG 56e5 2 26 - 0.70 34.79 1241724
aoD2SG 56e5 2 26 - 0.73 40.54 1286128
dry 18e5 2 166 - 0.04 0.23 65328
aoDLAV 18e5 2 166 - 0.16 6.39 285508
aoULAV 18e5 2 166 - 0.20 6.77 285520
aoD2AG 18e5 2 166 - 0.26 9.84 411464
aoD2SG 18e5 2 166 - 0.26 11.14 427544
dry 18e5 2 230 - 0.04 0.22 65328
aoDLAV 18e5 2 230 - 0.16 8.43 285508
aoULAV 18e5 2 230 - 0.16 6.60 285524
aoD2AG 18e5 2 230 - 0.25 9.55 411984
aoD2SG 18e5 2 230 - 0.25 10.82 426332
dry 56e5 2 126 - 0.08 0.31 139548
aoDLAV 56e5 2 126 - 0.44 22.48 849556
aoULAV 56e5 2 126 - 0.42 23.90 849556
aoD2AG 56e5 2 126 - 0.72 33.73 1241296
aoD2SG 56e5 2 126 - 0.73 38.56 1288356
dry 18e5 2 205 - 0.04 0.21 65324
aoDLAV 18e5 2 205 - 0.16 6.18 285508
aoULAV 18e5 2 205 - 0.16 6.54 285520
aoD2AG 18e5 2 205 - 0.23 9.53 412196
aoD2SG 18e5 2 205 - 0.25 10.77 426668
dry 1e7 5 31 - 0.23 0.79 459872
aoDLAV 1e7 5 31 - 1.07 210.89 2323016
aoULAV 1e7 5 31 - 1.42 214.42 2323020
aoD2AG 1e7 5 31 - 2.41 235.68 3065132
aoD2SG 1e7 5 31 - 2.10 279.77 3149948
dry 1e7 5 86 - 0.24 0.78 459916
aoDLAV 1e7 5 86 - 1.04 210.44 2323016
aoULAV 1e7 5 86 - 1.53 212.17 2323016
aoD2AG 1e7 5 86 - 2.48 232.70 3065080
aoD2SG 1e7 5 86 - 2.53 278.10 3152480
dry 56e5 2 234 - 0.08 0.32 139548
aoDLAV 56e5 2 234 - 0.43 22.38 849556
aoULAV 56e5 2 234 - 0.45 23.74 849556
aoD2AG 56e5 2 234 - 0.73 33.82 1241196
aoD2SG 56e5 2 234 - 0.78 38.46 1285744
dry 1e7 10 94 - 0.43 1.36 850512
aoDLAV 1e7 10 94 - 1.55 4700.67 3533956
aoULAV 1e7 10 94 - 2.36 4707.32 3533964
aoD2AG 1e7 10 94 - 3.50 4794.07 4337592
aoD2SG 1e7 10 94 - 3.86 7418.58 4428304
dry 1e7 10 245 - 0.44 1.43 850508
aoDLAV 1e7 10 245 - 1.54 4785.71 3533952
aoULAV 1e7 10 245 - 2.36 4769.61 3533956
aoD2AG 1e7 10 245 - 3.52 4817.03 4337428
aoD2SG 1e7 10 245 - 3.63 5700.85 4428116
dry 32e5 2 19 - 0.06 0.24 92712
aoDLAV 32e5 2 19 - 0.24 11.40 493324
aoULAV 32e5 2 19 - 0.24 12.16 493340
aoD2AG 32e5 2 19 - 0.39 17.54 717640
aoD2SG 32e5 2 19 - 0.43 19.94 744464
dry 56e5 2 124 - 0.08 0.31 139548
aoDLAV 56e5 2 124 - 0.41 22.17 849556
aoULAV 56e5 2 124 - 0.44 23.52 849556
aoD2AG 56e5 2 124 - 0.72 33.63 1243280
aoD2SG 56e5 2 124 - 0.87 38.47 1287132
dry 1e7 10 52 - 0.41 1.37 850508
aoDLAV 1e7 10 52 - 1.48 4759.14 3533960
aoULAV 1e7 10 52 - 2.38 4797.19 3533960
aoD2AG 1e7 10 52 - 3.53 4927.48 4337636
aoD2SG 1e7 10 52 - 3.62 8464.16 4427780
dry 1e7 10 216 - 0.40 1.36 850508
aoDLAV 1e7 10 216 - 1.54 4542.62 3533952
aoULAV 1e7 10 216 - 2.37 4703.57 3533952
aoD2AG 1e7 10 216 - 3.68 5578.15 4338304
aoD2SG 1e7 10 216 - 3.41 5462.62 4426636
