dry 1e6 10 12 - 0.08 0.37 112232
aoDLAV 1e6 10 12 - 0.18 369.55 369992
aoULAV 1e6 10 12 - 0.29 372.18 369888
aoD2AG 1e6 10 12 - 0.38 383.84 448368
aoD2SG 1e6 10 12 - 0.44 465.81 457444
dry 1e5 10 249 - 0.03 0.18 38396
aoDLAV 1e5 10 249 - 0.05 22.50 53536
aoULAV 1e5 10 249 - 0.05 22.47 55308
aoD2AG 1e5 10 249 - 0.04 22.85 62660
aoD2SG 1e5 10 249 - 0.05 25.97 66832
dry 1e3 2 93 - 0.02 0.12 26024
aoDLAV 1e3 2 93 - 0.03 0.14 30280
aoULAV 1e3 2 93 - 0.03 0.14 30296
aoD2AG 1e3 2 93 - 0.02 0.15 30540
aoD2SG 1e3 2 93 - 0.03 0.14 30556
moore 1e3 2 93 - 0.04 7.46 59768
nbpm 1e3 2 93 - 0.13 4.11 138552
greedy 1e3 2 93 - 0.09 1.04 139248
dry 275e2 2 40 - 0.02 0.12 27120
aoDLAV 275e2 2 40 - 0.02 0.21 31240
aoULAV 275e2 2 40 - 0.03 0.21 31568
aoD2AG 275e2 2 40 - 0.03 0.23 34696
aoD2SG 275e2 2 40 - 0.03 0.25 34812
dry 1e5 5 162 - 0.03 0.13 34480
aoDLAV 1e5 5 162 - 0.03 1.63 41820
aoULAV 1e5 5 162 - 0.04 1.63 43572
aoD2AG 1e5 5 162 - 0.04 1.77 53560
aoD2SG 1e5 5 162 - 0.05 1.98 53196
dry 1e1 2 163 - 0.02 0.12 25996
aoDLAV 1e1 2 163 - 0.02 0.14 30160
aoULAV 1e1 2 163 - 0.02 0.15 30176
aoD2AG 1e1 2 163 - 0.02 0.15 30316
aoD2SG 1e1 2 163 - 0.02 0.15 30312
moore 1e1 2 163 - 0.03 0.17 30484
nbpm 1e1 2 163 - 0.08 2.14 49824
greedy 1e1 2 163 - 0.03 0.14 30124
dry 400e2 2 68 - 0.03 0.12 27616
aoDLAV 400e2 2 68 - 0.03 0.24 32236
aoULAV 400e2 2 68 - 0.02 0.26 33112
aoD2AG 400e2 2 68 - 0.03 0.28 36072
aoD2SG 400e2 2 68 - 0.03 0.30 35928
dry 300e2 2 91 - 0.03 0.12 27220
aoDLAV 300e2 2 91 - 0.04 0.21 31296
aoULAV 300e2 2 91 - 0.03 0.21 31896
aoD2AG 300e2 2 91 - 0.03 0.25 35064
aoD2SG 300e2 2 91 - 0.03 0.26 34716
dry 350e2 2 165 - 0.02 0.12 27416
aoDLAV 350e2 2 165 - 0.03 0.23 31480
aoULAV 350e2 2 165 - 0.04 0.22 32260
aoD2AG 350e2 2 165 - 0.03 0.27 34848
aoD2SG 350e2 2 165 - 0.03 0.28 35132
dry 1e2 5 165 - 0.03 0.11 25996
aoDLAV 1e2 5 165 - 0.02 0.15 30212
aoULAV 1e2 5 165 - 0.03 0.14 30224
aoD2AG 1e2 5 165 - 0.03 0.14 30384
aoD2SG 1e2 5 165 - 0.03 0.14 30388
moore 1e2 5 165 - 0.03 0.22 30492
nbpm 1e2 5 165 - 0.06 2.20 53016
greedy 1e2 5 165 - 0.03 0.14 30920
dry 1e1 2 247 - 0.02 0.11 25996
aoDLAV 1e1 2 247 - 0.03 0.14 30160
aoULAV 1e1 2 247 - 0.03 0.14 30172
aoD2AG 1e1 2 247 - 0.04 0.13 30316
aoD2SG 1e1 2 247 - 0.03 0.14 30320
moore 1e1 2 247 - 0.03 0.18 30480
nbpm 1e1 2 247 - 0.07 2.19 49820
greedy 1e1 2 247 - 0.03 0.14 30128
dry 1e5 2 248 - 0.02 0.14 31708
aoDLAV 1e5 2 248 - 0.03 0.45 34800
aoULAV 1e5 2 248 - 0.04 0.46 35324
aoD2AG 1e5 2 248 - 0.04 0.57 42596
aoD2SG 1e5 2 248 - 0.04 0.65 43804
dry 1e5 5 30 - 0.04 0.13 34476
aoDLAV 1e5 5 30 - 0.04 1.61 41816
aoULAV 1e5 5 30 - 0.04 1.70 43568
aoD2AG 1e5 5 30 - 0.05 1.82 53564
aoD2SG 1e5 5 30 - 0.06 2.08 53200
dry 1e6 2 186 - 0.04 0.20 49708
aoDLAV 1e6 2 186 - 0.11 3.87 178460
aoULAV 1e6 2 186 - 0.14 4.00 178456
aoD2AG 1e6 2 186 - 0.20 5.61 234796
aoD2SG 1e6 2 186 - 0.19 6.23 242200
dry 5e4 2 32 - 0.03 0.11 29716
aoDLAV 5e4 2 32 - 0.03 0.27 33008
aoULAV 5e4 2 32 - 0.03 0.28 33312
aoD2AG 5e4 2 32 - 0.03 0.34 36412
aoD2SG 5e4 2 32 - 0.03 0.36 36428
dry 350e2 2 230 - 0.02 0.11 27416
aoDLAV 350e2 2 230 - 0.03 0.23 31480
aoULAV 350e2 2 230 - 0.03 0.23 32256
aoD2AG 350e2 2 230 - 0.03 0.26 34848
aoD2SG 350e2 2 230 - 0.03 0.28 35132
dry 1e1 2 237 - 0.02 0.11 25992
aoDLAV 1e1 2 237 - 0.03 0.13 30160
aoULAV 1e1 2 237 - 0.03 0.13 30176
aoD2AG 1e1 2 237 - 0.03 0.14 30316
aoD2SG 1e1 2 237 - 0.03 0.14 30320
moore 1e1 2 237 - 0.03 0.18 30476
nbpm 1e1 2 237 - 0.07 2.14 49816
greedy 1e1 2 237 - 0.03 0.14 30124
dry 56e1 2 171 - 0.03 0.11 26012
aoDLAV 56e1 2 171 - 0.02 0.15 30220
aoULAV 56e1 2 171 - 0.03 0.14 30232
aoD2AG 56e1 2 171 - 0.03 0.14 30416
aoD2SG 56e1 2 171 - 0.04 0.13 30428
moore 56e1 2 171 - 0.02 1.55 39660
nbpm 56e1 2 171 - 0.13 3.23 78716
greedy 56e1 2 171 - 0.04 0.41 64108
dry 350e2 2 116 - 0.03 0.11 27420
aoDLAV 350e2 2 116 - 0.03 0.23 31480
aoULAV 350e2 2 116 - 0.02 0.23 32260
aoD2AG 350e2 2 116 - 0.03 0.26 34852
aoD2SG 350e2 2 116 - 0.03 0.28 35132
dry 1e2 10 91 - 0.02 0.12 26004
aoDLAV 1e2 10 91 - 0.04 0.13 30264
aoULAV 1e2 10 91 - 0.02 0.15 30272
aoD2AG 1e2 10 91 - 0.02 0.14 30440
aoD2SG 1e2 10 91 - 0.03 0.14 30440
moore 1e2 10 91 - 0.03 0.23 30496
nbpm 1e2 10 91 - 0.07 2.18 53076
greedy 1e2 10 91 - 0.02 0.14 30972
dry 1e6 2 136 - 0.04 0.20 49704
aoDLAV 1e6 2 136 - 0.11 3.77 178460
aoULAV 1e6 2 136 - 0.13 3.80 178460
aoD2AG 1e6 2 136 - 0.22 5.73 235608
aoD2SG 1e6 2 136 - 0.19 6.49 241764
dry 1e1 2 50 - 0.02 0.11 25992
aoDLAV 1e1 2 50 - 0.03 0.14 30160
aoULAV 1e1 2 50 - 0.02 0.14 30176
aoD2AG 1e1 2 50 - 0.02 0.14 30316
aoD2SG 1e1 2 50 - 0.03 0.14 30320
moore 1e1 2 50 - 0.02 0.18 30484
nbpm 1e1 2 50 - 0.07 2.10 49824
greedy 1e1 2 50 - 0.02 0.14 30128
dry 275e2 2 16 - 0.02 0.12 27120
aoDLAV 275e2 2 16 - 0.03 0.20 31244
aoULAV 275e2 2 16 - 0.03 0.20 31632
aoD2AG 275e2 2 16 - 0.04 0.21 34692
aoD2SG 275e2 2 16 - 0.02 0.24 34808
dry 1e6 2 111 - 0.04 0.19 49704
aoDLAV 1e6 2 111 - 0.10 3.84 178456
aoULAV 1e6 2 111 - 0.11 4.06 178456
aoD2AG 1e6 2 111 - 0.16 5.59 233516
aoD2SG 1e6 2 111 - 0.18 6.39 243580
dry 375e2 2 195 - 0.02 0.12 27516
aoDLAV 375e2 2 195 - 0.03 0.23 31788
aoULAV 375e2 2 195 - 0.02 0.25 32604
aoD2AG 375e2 2 195 - 0.03 0.28 35516
aoD2SG 375e2 2 195 - 0.04 0.28 35528
dry 325e2 2 108 - 0.03 0.11 27316
aoDLAV 325e2 2 108 - 0.03 0.22 31372
aoULAV 325e2 2 108 - 0.03 0.22 32088
aoD2AG 325e2 2 108 - 0.03 0.25 35004
aoD2SG 325e2 2 108 - 0.03 0.26 34760
dry 350e2 2 114 - 0.02 0.12 30828
aoDLAV 350e2 2 114 - 0.03 0.22 31480
aoULAV 350e2 2 114 - 0.04 0.21 32260
aoD2AG 350e2 2 114 - 0.04 0.25 34848
aoD2SG 350e2 2 114 - 0.03 0.27 35136
dry 1e3 2 138 - 0.02 0.11 26020
aoDLAV 1e3 2 138 - 0.02 0.14 30280
aoULAV 1e3 2 138 - 0.04 0.13 30296
aoD2AG 1e3 2 138 - 0.02 0.15 30540
aoD2SG 1e3 2 138 - 0.03 0.14 30548
moore 1e3 2 138 - 0.03 6.17 59776
nbpm 1e3 2 138 - 0.12 4.14 138564
greedy 1e3 2 138 - 0.08 1.01 139244
dry 1e2 5 235 - 0.03 0.11 25996
aoDLAV 1e2 5 235 - 0.03 0.14 30216
aoULAV 1e2 5 235 - 0.02 0.15 30224
aoD2AG 1e2 5 235 - 0.03 0.14 30384
aoD2SG 1e2 5 235 - 0.03 0.14 30392
moore 1e2 5 235 - 0.03 0.21 30496
nbpm 1e2 5 235 - 0.08 2.18 53016
greedy 1e2 5 235 - 0.02 0.15 30920
dry 1e2 10 13 - 0.02 0.11 26004
aoDLAV 1e2 10 13 - 0.02 0.15 30264
aoULAV 1e2 10 13 - 0.04 0.13 30272
aoD2AG 1e2 10 13 - 0.03 0.14 30440
aoD2SG 1e2 10 13 - 0.03 0.14 30448
moore 1e2 10 13 - 0.02 0.24 30524
nbpm 1e2 10 13 - 0.06 2.19 53080
greedy 1e2 10 13 - 0.02 0.15 30972
dry 32e4 2 233 - 0.03 0.16 36424
aoDLAV 32e4 2 233 - 0.06 1.26 70832
aoULAV 32e4 2 233 - 0.07 1.29 70840
aoD2AG 32e4 2 233 - 0.08 1.79 88304
aoD2SG 32e4 2 233 - 0.08 1.93 90716
dry 18e1 2 94 - 0.02 0.11 27956
aoDLAV 18e1 2 94 - 0.02 0.15 30188
aoULAV 18e1 2 94 - 0.02 0.15 30196
aoD2AG 18e1 2 94 - 0.03 0.15 30356
aoD2SG 18e1 2 94 - 0.03 0.14 30368
moore 18e1 2 94 - 0.02 0.33 30492
nbpm 18e1 2 94 - 0.08 2.30 54432
greedy 18e1 2 94 - 0.03 0.15 33348
dry 56e4 2 39 - 0.03 0.19 41104
aoDLAV 56e4 2 39 - 0.08 2.11 107984
aoULAV 56e4 2 39 - 0.08 2.03 107988
aoD2AG 56e4 2 39 - 0.14 2.79 138932
aoD2SG 56e4 2 39 - 0.11 3.17 143668
dry 56e3 2 43 - 0.02 0.12 28236
aoDLAV 56e3 2 43 - 0.03 0.27 33476
aoULAV 56e3 2 43 - 0.03 0.32 34696
aoD2AG 56e3 2 43 - 0.03 0.40 37328
aoD2SG 56e3 2 43 - 0.04 0.43 37300
dry 225e2 2 111 - 0.02 0.12 26920
aoDLAV 225e2 2 111 - 0.03 0.18 30984
aoULAV 225e2 2 111 - 0.03 0.18 31036
aoD2AG 225e2 2 111 - 0.03 0.21 33368
aoD2SG 225e2 2 111 - 0.02 0.22 33468
dry 350e2 2 53 - 0.02 0.12 27416
aoDLAV 350e2 2 53 - 0.03 0.22 31484
aoULAV 350e2 2 53 - 0.03 0.23 32264
aoD2AG 350e2 2 53 - 0.02 0.28 34848
aoD2SG 350e2 2 53 - 0.03 0.27 35128
dry 1e3 2 244 - 0.02 0.12 26020
aoDLAV 1e3 2 244 - 0.03 0.15 30280
aoULAV 1e3 2 244 - 0.02 0.16 30292
aoD2AG 1e3 2 244 - 0.03 0.14 30532
aoD2SG 1e3 2 244 - 0.03 0.14 30556
moore 1e3 2 244 - 0.05 3.19 59804
nbpm 1e3 2 244 - 0.13 4.13 138560
greedy 1e3 2 244 - 0.07 1.06 139248
dry 1e3 2 154 - 0.02 0.12 26024
aoDLAV 1e3 2 154 - 0.03 0.14 30280
aoULAV 1e3 2 154 - 0.02 0.15 30296
aoD2AG 1e3 2 154 - 0.03 0.14 30540
aoD2SG 1e3 2 154 - 0.03 0.14 30560
moore 1e3 2 154 - 0.04 7.53 59776
nbpm 1e3 2 154 - 0.18 4.47 138560
greedy 1e3 2 154 - 0.09 1.04 139248
dry 325e2 2 122 - 0.03 0.12 27316
aoDLAV 325e2 2 122 - 0.04 0.23 31376
aoULAV 325e2 2 122 - 0.03 0.23 32084
aoD2AG 325e2 2 122 - 0.05 0.25 35044
aoD2SG 325e2 2 122 - 0.04 0.27 34764
dry 56e4 2 208 - 0.04 0.19 41104
aoDLAV 56e4 2 208 - 0.10 2.60 107984
aoULAV 56e4 2 208 - 0.11 2.31 107984
aoD2AG 56e4 2 208 - 0.17 3.19 139248
aoD2SG 56e4 2 208 - 0.14 3.60 144480
dry 275e2 2 101 - 0.02 0.12 28980
aoDLAV 275e2 2 101 - 0.03 0.19 31240
aoULAV 275e2 2 101 - 0.03 0.20 31568
aoD2AG 275e2 2 101 - 0.02 0.23 34696
aoD2SG 275e2 2 101 - 0.03 0.24 34812
dry 225e2 2 177 - 0.02 0.12 28932
aoDLAV 225e2 2 177 - 0.03 0.18 30980
aoULAV 225e2 2 177 - 0.03 0.19 30992
aoD2AG 225e2 2 177 - 0.03 0.21 33368
aoD2SG 225e2 2 177 - 0.03 0.21 33468
dry 32e1 2 29 - 0.03 0.11 26004
aoDLAV 32e1 2 29 - 0.02 0.14 30196
aoULAV 32e1 2 29 - 0.03 0.14 30208
aoD2AG 32e1 2 29 - 0.03 0.14 30432
aoD2SG 32e1 2 29 - 0.02 0.15 30384
moore 32e1 2 29 - 0.03 0.26 33688
nbpm 32e1 2 29 - 0.07 2.59 58308
greedy 32e1 2 29 - 0.02 0.22 40972
dry 32e1 2 77 - 0.02 0.12 26000
aoDLAV 32e1 2 77 - 0.03 0.14 30196
aoULAV 32e1 2 77 - 0.03 0.14 30208
aoD2AG 32e1 2 77 - 0.03 0.14 30380
aoD2SG 32e1 2 77 - 0.03 0.14 30384
moore 32e1 2 77 - 0.03 0.36 33684
nbpm 32e1 2 77 - 0.09 2.54 58308
greedy 32e1 2 77 - 0.03 0.22 40972
dry 1e5 5 182 - 0.04 0.13 34480
aoDLAV 1e5 5 182 - 0.04 1.66 41816
aoULAV 1e5 5 182 - 0.03 1.65 43568
aoD2AG 1e5 5 182 - 0.04 1.81 53560
aoD2SG 1e5 5 182 - 0.05 2.03 53200
dry 56e4 2 11 - 0.03 0.19 41104
aoDLAV 56e4 2 11 - 0.09 2.14 107984
aoULAV 56e4 2 11 - 0.08 2.32 107988
aoD2AG 56e4 2 11 - 0.13 3.30 140368
aoD2SG 56e4 2 11 - 0.12 3.68 144260
dry 275e2 2 216 - 0.03 0.12 27120
aoDLAV 275e2 2 216 - 0.03 0.22 31240
aoULAV 275e2 2 216 - 0.03 0.20 31572
aoD2AG 275e2 2 216 - 0.03 0.23 34696
aoD2SG 275e2 2 216 - 0.02 0.24 34812
dry 1e6 2 238 - 0.03 0.20 49704
aoDLAV 1e6 2 238 - 0.11 3.52 178456
aoULAV 1e6 2 238 - 0.12 3.63 178456
aoD2AG 1e6 2 238 - 0.16 5.16 234236
aoD2SG 1e6 2 238 - 0.19 6.58 242848
dry 250e2 2 104 - 0.03 0.10 28576
aoDLAV 250e2 2 104 - 0.03 0.20 31108
aoULAV 250e2 2 104 - 0.03 0.20 31212
aoD2AG 250e2 2 104 - 0.03 0.23 33920
aoD2SG 250e2 2 104 - 0.03 0.24 33960
dry 1e3 5 59 - 0.01 0.12 26056
aoDLAV 1e3 5 59 - 0.02 0.15 30424
aoULAV 1e3 5 59 - 0.03 0.14 30436
aoD2AG 1e3 5 59 - 0.02 0.15 30760
aoD2SG 1e3 5 59 - 0.02 0.15 30772
moore 1e3 5 59 - 0.04 3.05 59828
nbpm 1e3 5 59 - 0.11 4.53 129244
greedy 1e3 5 59 - 0.08 1.06 139388
dry 225e2 2 82 - 0.02 0.12 26920
aoDLAV 225e2 2 82 - 0.02 0.20 30980
aoULAV 225e2 2 82 - 0.02 0.20 30992
aoD2AG 225e2 2 82 - 0.03 0.22 33372
aoD2SG 225e2 2 82 - 0.03 0.22 33464
dry 18e1 2 60 - 0.02 0.12 26004
aoDLAV 18e1 2 60 - 0.02 0.14 30188
aoULAV 18e1 2 60 - 0.02 0.14 30196
aoD2AG 18e1 2 60 - 0.03 0.14 30356
aoD2SG 18e1 2 60 - 0.03 0.13 30368
moore 18e1 2 60 - 0.03 0.27 30488
nbpm 18e1 2 60 - 0.06 2.35 54436
greedy 18e1 2 60 - 0.03 0.16 33348
dry 1e3 10 175 - 0.03 0.11 26140
aoDLAV 1e3 10 175 - 0.03 0.16 30652
aoULAV 1e3 10 175 - 0.02 0.17 30664
aoD2AG 1e3 10 175 - 0.03 0.16 31060
aoD2SG 1e3 10 175 - 0.03 0.16 31080
moore 1e3 10 175 - 0.05 2.75 59872
nbpm 1e3 10 175 - 0.11 4.99 136140
greedy 1e3 10 175 - 0.08 1.09 139616
dry 250e2 2 90 - 0.02 0.12 28808
aoDLAV 250e2 2 90 - 0.03 0.21 31108
aoULAV 250e2 2 90 - 0.02 0.20 31216
aoD2AG 250e2 2 90 - 0.03 0.23 33856
aoD2SG 250e2 2 90 - 0.02 0.24 33964
dry 18e4 2 73 - 0.04 0.13 33340
aoDLAV 18e4 2 73 - 0.04 0.78 47860
aoULAV 18e4 2 73 - 0.03 0.83 47860
aoD2AG 18e4 2 73 - 0.05 0.96 58644
aoD2SG 18e4 2 73 - 0.06 1.11 59948
dry 32e1 2 117 - 0.02 0.12 26000
aoDLAV 32e1 2 117 - 0.02 0.14 30196
aoULAV 32e1 2 117 - 0.03 0.14 30212
aoD2AG 32e1 2 117 - 0.02 0.15 30376
aoD2SG 32e1 2 117 - 0.02 0.15 30388
moore 32e1 2 117 - 0.02 0.49 33688
nbpm 32e1 2 117 - 0.07 2.39 58308
greedy 32e1 2 117 - 0.04 0.20 40972
dry 1e3 2 68 - 0.01 0.13 26020
aoDLAV 1e3 2 68 - 0.03 0.14 30280
aoULAV 1e3 2 68 - 0.02 0.15 30292
aoD2AG 1e3 2 68 - 0.02 0.15 30532
aoD2SG 1e3 2 68 - 0.03 0.15 30560
moore 1e3 2 68 - 0.04 2.01 59800
nbpm 1e3 2 68 - 0.13 4.05 138552
greedy 1e3 2 68 - 0.08 1.03 139248
dry 56e3 2 190 - 0.02 0.12 30152
aoDLAV 56e3 2 190 - 0.03 0.29 33476
aoULAV 56e3 2 190 - 0.03 0.29 34696
aoD2AG 56e3 2 190 - 0.03 0.36 37284
aoD2SG 56e3 2 190 - 0.03 0.38 37304
dry 5e4 2 174 - 0.03 0.12 28000
aoDLAV 5e4 2 174 - 0.03 0.27 33008
aoULAV 5e4 2 174 - 0.02 0.29 33312
aoD2AG 5e4 2 174 - 0.03 0.34 36408
aoD2SG 5e4 2 174 - 0.02 0.37 36424
dry 1e5 2 193 - 0.03 0.13 31888
aoDLAV 1e5 2 193 - 0.04 0.44 34800
aoULAV 1e5 2 193 - 0.04 0.45 35324
aoD2AG 1e5 2 193 - 0.03 0.58 42600
aoD2SG 1e5 2 193 - 0.05 0.63 43800
dry 1e3 5 170 - 0.02 0.12 26056
aoDLAV 1e3 5 170 - 0.03 0.15 30424
aoULAV 1e3 5 170 - 0.02 0.15 30436
aoD2AG 1e3 5 170 - 0.03 0.15 30740
aoD2SG 1e3 5 170 - 0.03 0.14 30764
moore 1e3 5 170 - 0.06 5.92 59800
nbpm 1e3 5 170 - 0.14 4.92 129244
greedy 1e3 5 170 - 0.08 1.04 139392
dry 18e1 2 200 - 0.02 0.12 26004
aoDLAV 18e1 2 200 - 0.02 0.15 30188
aoULAV 18e1 2 200 - 0.02 0.14 30196
aoD2AG 18e1 2 200 - 0.02 0.15 30360
aoD2SG 18e1 2 200 - 0.03 0.13 30368
moore 18e1 2 200 - 0.03 0.30 30500
nbpm 18e1 2 200 - 0.10 2.16 54444
greedy 18e1 2 200 - 0.03 0.16 33348
dry 32e1 2 140 - 0.02 0.12 26004
aoDLAV 32e1 2 140 - 0.03 0.14 30196
aoULAV 32e1 2 140 - 0.03 0.15 30208
aoD2AG 32e1 2 140 - 0.02 0.15 30376
aoD2SG 32e1 2 140 - 0.02 0.14 30384
moore 32e1 2 140 - 0.03 0.51 33676
nbpm 32e1 2 140 - 0.07 2.41 58300
greedy 32e1 2 140 - 0.04 0.20 40972
dry 1e6 10 135 - 0.07 0.41 112236
aoDLAV 1e6 10 135 - 0.21 389.99 369884
aoULAV 1e6 10 135 - 1.39 378.33 369884
aoD2AG 1e6 10 135 - 1.56 401.71 448000
aoD2SG 1e6 10 135 - 0.42 475.48 456636
dry 5e4 5 13 - 0.02 0.14 30572
aoDLAV 5e4 5 13 - 0.03 0.73 34704
aoULAV 5e4 5 13 - 0.03 0.76 34704
aoD2AG 5e4 5 13 - 0.04 0.72 37724
aoD2SG 5e4 5 13 - 0.03 0.82 37936
dry 350e2 2 80 - 0.03 0.11 27416
aoDLAV 350e2 2 80 - 0.03 0.23 31480
aoULAV 350e2 2 80 - 0.03 0.23 32264
aoD2AG 350e2 2 80 - 0.03 0.26 34848
aoD2SG 350e2 2 80 - 0.03 0.28 35196
dry 1e2 10 206 - 0.03 0.11 26004
aoDLAV 1e2 10 206 - 0.02 0.15 30264
aoULAV 1e2 10 206 - 0.03 0.14 30272
aoD2AG 1e2 10 206 - 0.03 0.14 30444
aoD2SG 1e2 10 206 - 0.02 0.15 30448
moore 1e2 10 206 - 0.03 0.25 30496
nbpm 1e2 10 206 - 0.07 2.10 53076
greedy 1e2 10 206 - 0.03 0.14 30972
dry 32e3 2 40 - 0.03 0.11 27296
aoDLAV 32e3 2 40 - 0.02 0.22 31436
aoULAV 32e3 2 40 - 0.03 0.21 32148
aoD2AG 32e3 2 40 - 0.03 0.24 35024
aoD2SG 32e3 2 40 - 0.03 0.25 34792
dry 400e2 2 125 - 0.03 0.11 27616
aoDLAV 400e2 2 125 - 0.04 0.22 32240
aoULAV 400e2 2 125 - 0.03 0.24 33116
aoD2AG 400e2 2 125 - 0.03 0.28 36076
aoD2SG 400e2 2 125 - 0.03 0.31 35932
dry 1e1 2 35 - 0.03 0.11 25992
aoDLAV 1e1 2 35 - 0.03 0.13 30160
aoULAV 1e1 2 35 - 0.03 0.14 30172
aoD2AG 1e1 2 35 - 0.02 0.14 30316
aoD2SG 1e1 2 35 - 0.03 0.14 30320
moore 1e1 2 35 - 0.03 0.18 30484
nbpm 1e1 2 35 - 0.07 2.17 49824
greedy 1e1 2 35 - 0.02 0.14 30124
dry 250e2 2 129 - 0.02 0.12 27020
aoDLAV 250e2 2 129 - 0.03 0.19 31108
aoULAV 250e2 2 129 - 0.03 0.19 31212
aoD2AG 250e2 2 129 - 0.03 0.21 33860
aoD2SG 250e2 2 129 - 0.03 0.22 33968
dry 1e3 5 145 - 0.03 0.11 26056
aoDLAV 1e3 5 145 - 0.03 0.14 30424
aoULAV 1e3 5 145 - 0.03 0.14 30436
aoD2AG 1e3 5 145 - 0.03 0.15 30748
aoD2SG 1e3 5 145 - 0.03 0.14 30764
moore 1e3 5 145 - 0.03 5.34 59800
nbpm 1e3 5 145 - 0.10 4.49 129244
greedy 1e3 5 145 - 0.09 1.05 139392
dry 375e2 2 44 - 0.02 0.12 29108
aoDLAV 375e2 2 44 - 0.03 0.23 31784
aoULAV 375e2 2 44 - 0.02 0.24 32604
aoD2AG 375e2 2 44 - 0.03 0.27 35516
aoD2SG 375e2 2 44 - 0.04 0.27 35528
dry 1e6 2 103 - 0.04 0.19 49704
aoDLAV 1e6 2 103 - 0.11 3.53 178460
aoULAV 1e6 2 103 - 0.11 3.70 178456
aoD2AG 1e6 2 103 - 0.18 5.28 233544
aoD2SG 1e6 2 103 - 0.19 6.50 241676
dry 250e2 2 33 - 0.03 0.11 27020
aoDLAV 250e2 2 33 - 0.02 0.20 31108
aoULAV 250e2 2 33 - 0.03 0.20 31212
aoD2AG 250e2 2 33 - 0.03 0.22 33860
aoD2SG 250e2 2 33 - 0.02 0.24 33964
dry 1e3 10 200 - 0.02 0.12 26136
aoDLAV 1e3 10 200 - 0.03 0.15 30652
aoULAV 1e3 10 200 - 0.03 0.16 30664
aoD2AG 1e3 10 200 - 0.03 0.16 31060
aoD2SG 1e3 10 200 - 0.03 0.16 31092
moore 1e3 10 200 - 0.04 5.78 59840
nbpm 1e3 10 200 - 0.11 4.84 136144
greedy 1e3 10 200 - 0.08 1.05 139620
dry 250e2 2 39 - 0.02 0.12 28880
aoDLAV 250e2 2 39 - 0.02 0.20 31108
aoULAV 250e2 2 39 - 0.03 0.20 31212
aoD2AG 250e2 2 39 - 0.03 0.22 33860
aoD2SG 250e2 2 39 - 0.03 0.24 33964
dry 56e3 2 225 - 0.02 0.12 29976
aoDLAV 56e3 2 225 - 0.04 0.28 33536
aoULAV 56e3 2 225 - 0.03 0.29 34700
aoD2AG 56e3 2 225 - 0.03 0.36 37288
aoD2SG 56e3 2 225 - 0.03 0.37 37300
dry 18e1 2 242 - 0.02 0.12 26004
aoDLAV 18e1 2 242 - 0.03 0.14 30184
aoULAV 18e1 2 242 - 0.02 0.14 30200
aoD2AG 18e1 2 242 - 0.02 0.15 30356
aoD2SG 18e1 2 242 - 0.02 0.14 30364
moore 18e1 2 242 - 0.02 0.27 30492
nbpm 18e1 2 242 - 0.06 2.22 54436
greedy 18e1 2 242 - 0.03 0.15 33348
dry 1e2 10 105 - 0.02 0.11 26004
aoDLAV 1e2 10 105 - 0.03 0.13 30260
aoULAV 1e2 10 105 - 0.02 0.14 30276
aoD2AG 1e2 10 105 - 0.02 0.14 30444
aoD2SG 1e2 10 105 - 0.03 0.13 30448
moore 1e2 10 105 - 0.04 0.19 30496
nbpm 1e2 10 105 - 0.08 2.10 53076
greedy 1e2 10 105 - 0.02 0.15 30972
dry 5e4 10 104 - 0.03 0.14 33892
aoDLAV 5e4 10 104 - 0.03 6.89 40204
aoULAV 5e4 10 104 - 0.04 6.89 40204
aoD2AG 5e4 10 104 - 0.04 7.03 44980
aoD2SG 5e4 10 104 - 0.04 8.20 44996
dry 32e4 2 179 - 0.03 0.17 36424
aoDLAV 32e4 2 179 - 0.06 1.30 70832
aoULAV 32e4 2 179 - 0.06 1.34 70840
aoD2AG 32e4 2 179 - 0.07 1.78 89172
aoD2SG 32e4 2 179 - 0.08 2.01 91640
dry 1e6 10 130 - 0.08 0.41 112232
aoDLAV 1e6 10 130 - 0.20 380.36 369888
aoULAV 1e6 10 130 - 0.29 371.64 369884
aoD2AG 1e6 10 130 - 0.40 374.59 447184
aoD2SG 1e6 10 130 - 0.42 463.10 457452
dry 1e2 5 243 - 0.02 0.12 26000
aoDLAV 1e2 5 243 - 0.03 0.14 30212
aoULAV 1e2 5 243 - 0.03 0.14 30224
aoD2AG 1e2 5 243 - 0.02 0.15 30384
aoD2SG 1e2 5 243 - 0.03 0.14 30388
moore 1e2 5 243 - 0.03 0.23 30492
nbpm 1e2 5 243 - 0.08 2.16 53016
greedy 1e2 5 243 - 0.03 0.14 30920
dry 1e5 10 101 - 0.03 0.18 38396
aoDLAV 1e5 10 101 - 0.05 21.16 53540
aoULAV 1e5 10 101 - 0.04 21.14 55312
aoD2AG 1e5 10 101 - 0.05 21.10 62584
aoD2SG 1e5 10 101 - 0.05 24.25 66868
dry 56e4 2 46 - 0.04 0.18 41104
aoDLAV 56e4 2 46 - 0.08 2.05 107984
aoULAV 56e4 2 46 - 0.07 2.14 107984
aoD2AG 56e4 2 46 - 0.12 3.02 139040
aoD2SG 56e4 2 46 - 0.13 3.40 144464
dry 1e5 2 48 - 0.02 0.14 31828
aoDLAV 1e5 2 48 - 0.03 0.43 34800
aoULAV 1e5 2 48 - 0.03 0.44 35320
aoD2AG 1e5 2 48 - 0.03 0.57 42828
aoD2SG 1e5 2 48 - 0.04 0.63 43800
dry 32e3 2 217 - 0.02 0.12 27956
aoDLAV 32e3 2 217 - 0.03 0.21 31436
aoULAV 32e3 2 217 - 0.02 0.23 32144
aoD2AG 32e3 2 217 - 0.03 0.25 35024
aoD2SG 32e3 2 217 - 0.03 0.26 34788
dry 32e1 2 193 - 0.03 0.11 26000
aoDLAV 32e1 2 193 - 0.02 0.14 30200
aoULAV 32e1 2 193 - 0.03 0.14 30208
aoD2AG 32e1 2 193 - 0.03 0.15 30376
aoD2SG 32e1 2 193 - 0.03 0.14 30384
moore 32e1 2 193 - 0.02 0.62 33676
nbpm 32e1 2 193 - 0.08 2.36 58300
greedy 32e1 2 193 - 0.04 0.20 40976
dry 1e3 10 184 - 0.03 0.11 28140
aoDLAV 1e3 10 184 - 0.03 0.15 30652
aoULAV 1e3 10 184 - 0.03 0.16 30664
aoD2AG 1e3 10 184 - 0.03 0.16 31068
aoD2SG 1e3 10 184 - 0.02 0.17 31096
moore 1e3 10 184 - 0.04 4.05 59840
nbpm 1e3 10 184 - 0.13 4.89 136144
greedy 1e3 10 184 - 0.09 1.03 139616
dry 5e4 5 190 - 0.04 0.12 31220
aoDLAV 5e4 5 190 - 0.02 0.77 34704
aoULAV 5e4 5 190 - 0.04 0.76 34704
aoD2AG 5e4 5 190 - 0.03 0.80 37724
aoD2SG 5e4 5 190 - 0.04 0.89 37932
dry 18e4 2 90 - 0.03 0.13 33104
aoDLAV 18e4 2 90 - 0.05 0.77 47860
aoULAV 18e4 2 90 - 0.05 0.78 47860
aoD2AG 18e4 2 90 - 0.06 0.98 58944
aoD2SG 18e4 2 90 - 0.05 1.07 59924
dry 32e1 2 142 - 0.02 0.12 26000
aoDLAV 32e1 2 142 - 0.02 0.15 30196
aoULAV 32e1 2 142 - 0.03 0.14 30208
aoD2AG 32e1 2 142 - 0.02 0.15 30380
aoD2SG 32e1 2 142 - 0.04 0.13 30384
moore 32e1 2 142 - 0.03 0.45 33684
nbpm 32e1 2 142 - 0.06 2.35 58308
greedy 32e1 2 142 - 0.02 0.22 40976
dry 225e2 2 125 - 0.02 0.12 26924
aoDLAV 225e2 2 125 - 0.03 0.19 30980
aoULAV 225e2 2 125 - 0.02 0.20 30996
aoD2AG 225e2 2 125 - 0.03 0.21 33372
aoD2SG 225e2 2 125 - 0.03 0.21 33460
dry 5e4 10 150 - 0.03 0.13 33888
aoDLAV 5e4 10 150 - 0.03 7.69 40204
aoULAV 5e4 10 150 - 0.04 7.46 40200
aoD2AG 5e4 10 150 - 0.05 7.83 44980
aoD2SG 5e4 10 150 - 0.04 8.47 44996
dry 56e3 2 61 - 0.03 0.11 28236
aoDLAV 56e3 2 61 - 0.03 0.29 33480
aoULAV 56e3 2 61 - 0.03 0.29 34696
aoD2AG 56e3 2 61 - 0.04 0.35 37284
aoD2SG 56e3 2 61 - 0.03 0.38 37300
dry 1e5 2 127 - 0.02 0.13 30828
aoDLAV 1e5 2 127 - 0.03 0.43 34804
aoULAV 1e5 2 127 - 0.03 0.44 35324
aoD2AG 1e5 2 127 - 0.04 0.56 42596
aoD2SG 1e5 2 127 - 0.03 0.64 43804
dry 1e6 10 16 - 0.07 0.39 112232
aoDLAV 1e6 10 16 - 0.21 358.28 369884
aoULAV 1e6 10 16 - 0.30 347.25 369884
aoD2AG 1e6 10 16 - 0.41 347.07 447624
aoD2SG 1e6 10 16 - 0.41 414.84 460084
dry 350e2 2 101 - 0.03 0.11 27416
aoDLAV 350e2 2 101 - 0.02 0.23 31480
aoULAV 350e2 2 101 - 0.02 0.23 32260
aoD2AG 350e2 2 101 - 0.03 0.25 34848
aoD2SG 350e2 2 101 - 0.02 0.28 35128
dry 5e4 2 101 - 0.03 0.12 28004
aoDLAV 5e4 2 101 - 0.02 0.28 33056
aoULAV 5e4 2 101 - 0.03 0.28 33312
aoD2AG 5e4 2 101 - 0.03 0.34 36408
aoD2SG 5e4 2 101 - 0.03 0.36 36424
dry 375e2 2 228 - 0.03 0.12 27516
aoDLAV 375e2 2 228 - 0.03 0.23 31788
aoULAV 375e2 2 228 - 0.04 0.23 32600
aoD2AG 375e2 2 228 - 0.03 0.27 35516
aoD2SG 375e2 2 228 - 0.03 0.28 35528
dry 56e4 2 204 - 0.04 0.18 41108
aoDLAV 56e4 2 204 - 0.08 2.20 107984
aoULAV 56e4 2 204 - 0.09 2.26 107992
aoD2AG 56e4 2 204 - 0.11 3.17 138476
aoD2SG 56e4 2 204 - 0.12 3.25 143180
dry 56e4 2 145 - 0.03 0.19 41108
aoDLAV 56e4 2 145 - 0.09 1.94 107984
aoULAV 56e4 2 145 - 0.09 2.05 107988
aoD2AG 56e4 2 145 - 0.12 2.86 140992
aoD2SG 56e4 2 145 - 0.12 3.23 144352
dry 1e2 10 137 - 0.03 0.10 26008
aoDLAV 1e2 10 137 - 0.03 0.13 30260
aoULAV 1e2 10 137 - 0.03 0.14 30276
aoD2AG 1e2 10 137 - 0.02 0.15 30440
aoD2SG 1e2 10 137 - 0.02 0.15 30448
moore 1e2 10 137 - 0.02 0.22 30496
nbpm 1e2 10 137 - 0.09 2.10 53076
greedy 1e2 10 137 - 0.02 0.15 30972
dry 56e1 2 85 - 0.03 0.11 26012
aoDLAV 56e1 2 85 - 0.02 0.14 30224
aoULAV 56e1 2 85 - 0.04 0.13 30232
aoD2AG 56e1 2 85 - 0.04 0.13 30416
aoD2SG 56e1 2 85 - 0.03 0.14 30424
moore 56e1 2 85 - 0.03 2.06 39664
nbpm 56e1 2 85 - 0.10 2.97 78712
greedy 56e1 2 85 - 0.04 0.40 64104
dry 375e2 2 186 - 0.03 0.11 27516
aoDLAV 375e2 2 186 - 0.04 0.22 31784
aoULAV 375e2 2 186 - 0.03 0.24 32604
aoD2AG 375e2 2 186 - 0.03 0.28 35516
aoD2SG 375e2 2 186 - 0.04 0.28 35528
dry 1e2 2 209 - 0.02 0.12 25992
aoDLAV 1e2 2 209 - 0.03 0.14 30168
aoULAV 1e2 2 209 - 0.03 0.14 30180
aoD2AG 1e2 2 209 - 0.03 0.14 30336
aoD2SG 1e2 2 209 - 0.03 0.14 30340
moore 1e2 2 209 - 0.02 0.25 30488
nbpm 1e2 2 209 - 0.08 2.19 53008
greedy 1e2 2 209 - 0.03 0.14 30880
dry 1e6 2 245 - 0.03 0.21 49704
aoDLAV 1e6 2 245 - 0.13 3.92 178456
aoULAV 1e6 2 245 - 0.13 4.04 178456
aoD2AG 1e6 2 245 - 0.16 5.86 233556
aoD2SG 1e6 2 245 - 0.19 6.69 242664
dry 225e2 2 227 - 0.02 0.11 26920
aoDLAV 225e2 2 227 - 0.02 0.19 30980
aoULAV 225e2 2 227 - 0.03 0.19 30992
aoD2AG 225e2 2 227 - 0.02 0.22 33372
aoD2SG 225e2 2 227 - 0.03 0.22 33468
dry 1e6 10 131 - 0.08 0.39 112232
aoDLAV 1e6 10 131 - 0.22 346.53 369884
aoULAV 1e6 10 131 - 0.28 352.48 369884
aoD2AG 1e6 10 131 - 0.41 377.71 446432
aoD2SG 1e6 10 131 - 0.43 425.92 461916
dry 1e1 2 124 - 0.02 0.12 25992
aoDLAV 1e1 2 124 - 0.03 0.15 30164
aoULAV 1e1 2 124 - 0.03 0.14 30172
aoD2AG 1e1 2 124 - 0.03 0.14 30320
aoD2SG 1e1 2 124 - 0.03 0.15 30324
moore 1e1 2 124 - 0.03 0.18 30484
nbpm 1e1 2 124 - 0.08 2.16 49828
greedy 1e1 2 124 - 0.03 0.15 30128
dry 1e3 10 222 - 0.03 0.11 26136
aoDLAV 1e3 10 222 - 0.03 0.16 30656
aoULAV 1e3 10 222 - 0.03 0.16 30668
aoD2AG 1e3 10 222 - 0.03 0.17 31064
aoD2SG 1e3 10 222 - 0.02 0.18 31096
moore 1e3 10 222 - 0.09 8.98 59864
nbpm 1e3 10 222 - 0.13 4.90 136140
greedy 1e3 10 222 - 0.10 1.05 139616
dry 1e5 2 243 - 0.03 0.13 31288
aoDLAV 1e5 2 243 - 0.04 0.44 34800
aoULAV 1e5 2 243 - 0.03 0.46 35320
aoD2AG 1e5 2 243 - 0.04 0.62 42600
aoD2SG 1e5 2 243 - 0.05 0.63 43800
dry 275e2 2 63 - 0.02 0.12 27120
aoDLAV 275e2 2 63 - 0.02 0.21 31244
aoULAV 275e2 2 63 - 0.03 0.20 31568
aoD2AG 275e2 2 63 - 0.04 0.22 34696
aoD2SG 275e2 2 63 - 0.03 0.24 34812
dry 350e2 2 132 - 0.02 0.12 27416
aoDLAV 350e2 2 132 - 0.02 0.23 31480
aoULAV 350e2 2 132 - 0.03 0.23 32260
aoD2AG 350e2 2 132 - 0.03 0.26 34848
aoD2SG 350e2 2 132 - 0.03 0.28 35132
dry 275e2 2 42 - 0.02 0.12 27124
aoDLAV 275e2 2 42 - 0.03 0.20 31240
aoULAV 275e2 2 42 - 0.03 0.21 31572
aoD2AG 275e2 2 42 - 0.03 0.24 34696
aoD2SG 275e2 2 42 - 0.03 0.25 34812
dry 400e2 2 80 - 0.02 0.12 29420
aoDLAV 400e2 2 80 - 0.03 0.24 32236
aoULAV 400e2 2 80 - 0.03 0.25 33112
aoD2AG 400e2 2 80 - 0.03 0.28 36072
aoD2SG 400e2 2 80 - 0.03 0.30 35928
dry 56e4 2 123 - 0.03 0.19 41108
aoDLAV 56e4 2 123 - 0.07 2.10 107984
aoULAV 56e4 2 123 - 0.07 2.22 107988
aoD2AG 56e4 2 123 - 0.11 3.13 139488
aoD2SG 56e4 2 123 - 0.11 3.53 144564
dry 250e2 2 28 - 0.03 0.12 27020
aoDLAV 250e2 2 28 - 0.03 0.20 31112
aoULAV 250e2 2 28 - 0.03 0.21 31212
aoD2AG 250e2 2 28 - 0.03 0.23 33860
aoD2SG 250e2 2 28 - 0.03 0.23 33964
dry 18e4 2 167 - 0.03 0.13 33452
aoDLAV 18e4 2 167 - 0.04 0.76 47860
aoULAV 18e4 2 167 - 0.03 0.80 47864
aoD2AG 18e4 2 167 - 0.05 1.03 58640
aoD2SG 18e4 2 167 - 0.07 1.14 59888
dry 1e3 2 59 - 0.02 0.12 26024
aoDLAV 1e3 2 59 - 0.02 0.15 30280
aoULAV 1e3 2 59 - 0.03 0.14 30292
aoD2AG 1e3 2 59 - 0.02 0.14 30536
aoD2SG 1e3 2 59 - 0.03 0.14 30552
moore 1e3 2 59 - 0.04 3.26 59876
nbpm 1e3 2 59 - 0.11 4.08 138564
greedy 1e3 2 59 - 0.08 1.03 139248
dry 32e3 2 23 - 0.03 0.12 29132
aoDLAV 32e3 2 23 - 0.03 0.21 31436
aoULAV 32e3 2 23 - 0.03 0.22 32152
aoD2AG 32e3 2 23 - 0.03 0.25 35024
aoD2SG 32e3 2 23 - 0.03 0.26 34792
dry 225e2 2 249 - 0.02 0.12 28768
aoDLAV 225e2 2 249 - 0.03 0.19 30984
aoULAV 225e2 2 249 - 0.03 0.20 30992
aoD2AG 225e2 2 249 - 0.03 0.21 33424
aoD2SG 225e2 2 249 - 0.03 0.22 33468
dry 18e4 2 28 - 0.03 0.14 33104
aoDLAV 18e4 2 28 - 0.05 0.75 47860
aoULAV 18e4 2 28 - 0.06 0.76 47860
aoD2AG 18e4 2 28 - 0.05 1.00 58636
aoD2SG 18e4 2 28 - 0.06 1.11 60340
dry 32e1 2 53 - 0.02 0.12 26000
aoDLAV 32e1 2 53 - 0.02 0.15 30196
aoULAV 32e1 2 53 - 0.03 0.15 30212
aoD2AG 32e1 2 53 - 0.03 0.14 30376
aoD2SG 32e1 2 53 - 0.02 0.15 30384
moore 32e1 2 53 - 0.03 0.45 33680
nbpm 32e1 2 53 - 0.07 2.39 58296
greedy 32e1 2 53 - 0.04 0.21 40972
dry 375e2 2 157 - 0.03 0.11 27516
aoDLAV 375e2 2 157 - 0.03 0.23 31784
aoULAV 375e2 2 157 - 0.03 0.24 32604
aoD2AG 375e2 2 157 - 0.03 0.28 35516
aoD2SG 375e2 2 157 - 0.03 0.30 35528
dry 250e2 2 175 - 0.02 0.12 27020
aoDLAV 250e2 2 175 - 0.03 0.20 31108
aoULAV 250e2 2 175 - 0.03 0.20 31232
aoD2AG 250e2 2 175 - 0.03 0.22 33864
aoD2SG 250e2 2 175 - 0.03 0.23 33960
dry 5e4 10 178 - 0.03 0.13 33888
aoDLAV 5e4 10 178 - 0.04 8.14 40200
aoULAV 5e4 10 178 - 0.03 8.18 40200
aoD2AG 5e4 10 178 - 0.04 7.87 44984
aoD2SG 5e4 10 178 - 0.05 8.77 45000
dry 5e4 10 49 - 0.04 0.13 33888
aoDLAV 5e4 10 49 - 0.05 7.91 40200
aoULAV 5e4 10 49 - 0.05 8.04 40204
aoD2AG 5e4 10 49 - 0.06 7.99 44980
aoD2SG 5e4 10 49 - 0.05 8.81 45000
dry 1e2 5 230 - 0.02 0.12 25996
aoDLAV 1e2 5 230 - 0.03 0.13 30216
aoULAV 1e2 5 230 - 0.02 0.15 30224
aoD2AG 1e2 5 230 - 0.03 0.15 30384
aoD2SG 1e2 5 230 - 0.02 0.15 30392
moore 1e2 5 230 - 0.02 0.23 30496
nbpm 1e2 5 230 - 0.08 2.17 53016
greedy 1e2 5 230 - 0.03 0.15 30924
dry 375e2 2 173 - 0.03 0.11 27952
aoDLAV 375e2 2 173 - 0.03 0.22 31788
aoULAV 375e2 2 173 - 0.03 0.23 32604
aoD2AG 375e2 2 173 - 0.03 0.27 35516
aoD2SG 375e2 2 173 - 0.03 0.28 35528
dry 1e5 10 160 - 0.02 0.19 38396
aoDLAV 1e5 10 160 - 0.05 24.45 53536
aoULAV 1e5 10 160 - 0.05 22.82 55308
aoD2AG 1e5 10 160 - 0.05 23.26 62692
aoD2SG 1e5 10 160 - 0.06 25.99 66836
dry 1e3 10 133 - 0.02 0.11 26140
aoDLAV 1e3 10 133 - 0.03 0.15 30652
aoULAV 1e3 10 133 - 0.03 0.16 30664
aoD2AG 1e3 10 133 - 0.03 0.16 31064
aoD2SG 1e3 10 133 - 0.03 0.16 31092
moore 1e3 10 133 - 0.04 2.56 59868
nbpm 1e3 10 133 - 0.12 4.76 136140
greedy 1e3 10 133 - 0.08 1.04 139620
dry 275e2 2 57 - 0.03 0.11 27120
aoDLAV 275e2 2 57 - 0.03 0.20 31240
aoULAV 275e2 2 57 - 0.03 0.21 31572
aoD2AG 275e2 2 57 - 0.03 0.24 34700
aoD2SG 275e2 2 57 - 0.03 0.24 34812
dry 375e2 2 11 - 0.02 0.12 29432
aoDLAV 375e2 2 11 - 0.03 0.23 31788
aoULAV 375e2 2 11 - 0.02 0.24 32608
aoD2AG 375e2 2 11 - 0.03 0.27 35516
aoD2SG 375e2 2 11 - 0.03 0.29 35528
dry 18e4 2 173 - 0.03 0.13 33108
aoDLAV 18e4 2 173 - 0.04 0.76 47860
aoULAV 18e4 2 173 - 0.05 0.76 47860
aoD2AG 18e4 2 173 - 0.05 0.99 58640
aoD2SG 18e4 2 173 - 0.06 1.09 59860
dry 250e2 2 9 - 0.02 0.12 27024
aoDLAV 250e2 2 9 - 0.03 0.20 31108
aoULAV 250e2 2 9 - 0.02 0.20 31212
aoD2AG 250e2 2 9 - 0.03 0.23 33860
aoD2SG 250e2 2 9 - 0.03 0.23 33960
dry 18e1 2 204 - 0.03 0.11 27952
aoDLAV 18e1 2 204 - 0.03 0.13 30200
aoULAV 18e1 2 204 - 0.02 0.15 30196
aoD2AG 18e1 2 204 - 0.03 0.14 30356
aoD2SG 18e1 2 204 - 0.03 0.14 30364
moore 18e1 2 204 - 0.04 0.26 30496
nbpm 18e1 2 204 - 0.07 2.16 54444
greedy 18e1 2 204 - 0.03 0.16 33348
dry 1e3 5 237 - 0.02 0.11 26056
aoDLAV 1e3 5 237 - 0.02 0.15 30424
aoULAV 1e3 5 237 - 0.02 0.15 30468
aoD2AG 1e3 5 237 - 0.03 0.14 30740
aoD2SG 1e3 5 237 - 0.03 0.14 30772
moore 1e3 5 237 - 0.05 8.49 59800
nbpm 1e3 5 237 - 0.10 4.61 129244
greedy 1e3 5 237 - 0.08 1.03 139392
dry 300e2 2 3 - 0.03 0.11 27216
aoDLAV 300e2 2 3 - 0.03 0.21 31300
aoULAV 300e2 2 3 - 0.02 0.22 31896
aoD2AG 300e2 2 3 - 0.03 0.24 35060
aoD2SG 300e2 2 3 - 0.03 0.26 34712
dry 400e2 2 230 - 0.03 0.12 29172
aoDLAV 400e2 2 230 - 0.03 0.24 32240
aoULAV 400e2 2 230 - 0.03 0.24 33112
aoD2AG 400e2 2 230 - 0.03 0.29 36072
aoD2SG 400e2 2 230 - 0.03 0.30 35928
dry 56e4 2 154 - 0.04 0.19 41104
aoDLAV 56e4 2 154 - 0.09 2.11 107984
aoULAV 56e4 2 154 - 0.08 2.19 107984
aoD2AG 56e4 2 154 - 0.12 3.10 139928
aoD2SG 56e4 2 154 - 0.11 3.41 144592
