dry 1e7 2 170 - 0.13 0.38 225484
aoDLAV 1e7 2 170 - 0.76 39.46 1502688
aoULAV 1e7 2 170 - 0.72 54.06 1502684
aoD2AG 1e7 2 170 - 1.48 67.06 2202796
aoD2SG 1e7 2 170 - 1.62 77.25 2284264
dry 18e5 2 122 - 0.05 0.21 65324
aoDLAV 18e5 2 122 - 0.17 6.33 285508
aoULAV 18e5 2 122 - 0.14 6.86 285520
aoD2AG 18e5 2 122 - 0.29 10.25 412704
aoD2SG 18e5 2 122 - 0.29 11.20 427552
dry 1e7 10 87 - 0.43 1.38 850508
aoDLAV 1e7 10 87 - 1.58 4654.15 3533956
aoULAV 1e7 10 87 - 2.44 4922.55 3533952
aoD2AG 1e7 10 87 - 3.56 4709.81 4336592
aoD2SG 1e7 10 87 - 3.78 5659.95 4424388
dry 1e7 10 10 - 0.43 1.36 850508
aoDLAV 1e7 10 10 - 1.53 4654.89 3533952
aoULAV 1e7 10 10 - 2.31 4796.97 3533952
aoD2AG 1e7 10 10 - 3.73 4775.39 4338972
aoD2SG 1e7 10 10 - 3.71 5803.38 4425568
dry 32e5 2 220 - 0.06 0.25 92680
aoDLAV 32e5 2 220 - 0.26 11.72 493324
aoULAV 32e5 2 220 - 0.25 12.49 493380
aoD2AG 32e5 2 220 - 0.40 17.96 717500
aoD2SG 32e5 2 220 - 0.43 20.52 743556
dry 18e5 2 126 - 0.05 0.20 65328
aoDLAV 18e5 2 126 - 0.15 6.29 285508
aoULAV 18e5 2 126 - 0.15 6.70 285608
aoD2AG 18e5 2 126 - 0.25 9.63 413656
aoD2SG 18e5 2 126 - 0.25 10.97 427968
dry 32e5 2 48 - 0.06 0.25 92680
aoDLAV 32e5 2 48 - 0.26 11.76 493324
aoULAV 32e5 2 48 - 0.27 12.47 493336
aoD2AG 32e5 2 48 - 0.51 17.96 716700
aoD2SG 32e5 2 48 - 0.43 20.51 742748
dry 1e7 2 154 - 0.12 0.44 225484
aoDLAV 1e7 2 154 - 0.74 43.66 1502688
aoULAV 1e7 2 154 - 0.77 46.40 1502684
aoD2AG 1e7 2 154 - 1.53 66.49 2203064
aoD2SG 1e7 2 154 - 1.66 75.55 2283728
dry 1e7 2 30 - 0.12 0.44 225488
aoDLAV 1e7 2 30 - 0.79 43.65 1502684
aoULAV 1e7 2 30 - 0.97 46.38 1502684
aoD2AG 1e7 2 30 - 1.55 65.38 2204348
aoD2SG 1e7 2 30 - 1.65 75.55 2283204
dry 1e7 5 131 - 0.24 0.79 459872
aoDLAV 1e7 5 131 - 1.05 213.86 2323020
aoULAV 1e7 5 131 - 1.49 215.47 2323016
aoD2AG 1e7 5 131 - 2.54 236.41 3063852
aoD2SG 1e7 5 131 - 2.64 281.83 3149092
dry 56e5 2 147 - 0.09 0.31 139548
aoDLAV 56e5 2 147 - 0.47 22.53 849560
aoULAV 56e5 2 147 - 0.59 23.88 849560
aoD2AG 56e5 2 147 - 0.76 33.99 1241404
aoD2SG 56e5 2 147 - 0.79 38.91 1287376
dry 1e7 10 79 - 0.43 1.37 850508
aoDLAV 1e7 10 79 - 1.53 4721.92 3533956
aoULAV 1e7 10 79 - 2.34 4665.29 3533956
aoD2AG 1e7 10 79 - 3.51 4733.70 4339292
aoD2SG 1e7 10 79 - 3.68 5691.98 4425984
dry 1e7 10 31 - 0.44 1.39 850508
aoDLAV 1e7 10 31 - 1.54 5609.69 3533956
aoULAV 1e7 10 31 - 2.43 4824.54 3534008
aoD2AG 1e7 10 31 - 3.64 4836.09 4339856
aoD2SG 1e7 10 31 - 3.57 5742.27 4426464
dry 1e7 5 137 - 0.23 0.79 459868
aoDLAV 1e7 5 137 - 1.07 216.80 2323016
aoULAV 1e7 5 137 - 1.42 216.19 2323020
aoD2AG 1e7 5 137 - 2.46 238.06 3063712
aoD2SG 1e7 5 137 - 2.17 281.62 3148636
dry 18e5 2 192 - 0.05 0.21 65328
aoDLAV 18e5 2 192 - 0.17 6.36 285508
aoULAV 18e5 2 192 - 0.18 6.78 285520
aoD2AG 18e5 2 192 - 0.24 9.85 411864
aoD2SG 18e5 2 192 - 0.24 11.19 425712
dry 1e7 2 26 - 0.13 0.43 225484
aoDLAV 1e7 2 26 - 0.81 44.65 1502684
aoULAV 1e7 2 26 - 1.00 46.98 1502684
aoD2AG 1e7 2 26 - 1.54 66.50 2203800
aoD2SG 1e7 2 26 - 1.67 76.26 2284640
dry 18e5 2 83 - 0.04 0.21 65324
aoDLAV 18e5 2 83 - 0.16 6.29 285508
aoULAV 18e5 2 83 - 0.17 6.71 285524
aoD2AG 18e5 2 83 - 0.25 9.74 412612
aoD2SG 18e5 2 83 - 0.26 10.95 427628
dry 1e7 5 114 - 0.23 0.80 459872
aoDLAV 1e7 5 114 - 1.08 212.08 2323020
aoULAV 1e7 5 114 - 1.49 214.15 2323020
aoD2AG 1e7 5 114 - 2.43 236.00 3064052
aoD2SG 1e7 5 114 - 2.51 281.25 3151640
dry 18e5 2 138 - 0.05 0.21 65328
aoDLAV 18e5 2 138 - 0.15 6.39 285508
aoULAV 18e5 2 138 - 0.16 6.80 285524
aoD2AG 18e5 2 138 - 0.26 9.75 413616
aoD2SG 18e5 2 138 - 0.25 11.16 426164
dry 56e5 2 208 - 0.08 0.32 139548
aoDLAV 56e5 2 208 - 0.42 22.81 849556
aoULAV 56e5 2 208 - 0.43 24.26 849556
aoD2AG 56e5 2 208 - 0.75 34.41 1241544
aoD2SG 56e5 2 208 - 0.76 39.40 1285856
dry 32e5 2 58 - 0.05 0.26 92676
aoDLAV 32e5 2 58 - 0.26 11.68 493324
aoULAV 32e5 2 58 - 0.24 12.59 493336
aoD2AG 32e5 2 58 - 0.43 17.94 718600
aoD2SG 32e5 2 58 - 0.43 20.52 744040
dry 18e5 2 167 - 0.05 0.20 65324
aoDLAV 18e5 2 167 - 0.17 6.33 285508
aoULAV 18e5 2 167 - 0.15 6.74 285520
aoD2AG 18e5 2 167 - 0.25 9.73 411672
aoD2SG 18e5 2 167 - 0.26 11.11 425968
dry 1e7 5 201 - 0.25 0.79 459872
aoDLAV 1e7 5 201 - 1.11 212.99 2323016
aoULAV 1e7 5 201 - 1.56 252.44 2323016
aoD2AG 1e7 5 201 - 2.80 272.73 3065540
aoD2SG 1e7 5 201 - 2.69 319.76 3152804
dry 56e5 2 175 - 0.09 0.31 139544
aoDLAV 56e5 2 175 - 0.45 22.91 849560
aoULAV 56e5 2 175 - 0.48 24.42 849556
aoD2AG 56e5 2 175 - 0.74 34.70 1242744
aoD2SG 56e5 2 175 - 0.82 39.95 1286024
dry 1e7 10 50 - 0.44 1.38 850508
aoDLAV 1e7 10 50 - 2.20 6215.95 3534060
aoULAV 1e7 10 50 - 2.55 4827.68 3533952
aoD2AG 1e7 10 50 - 3.70 4800.23 4336324
aoD2SG 1e7 10 50 - 4.21 6918.15 4426000
dry 56e5 2 89 - 0.08 0.30 139544
aoDLAV 56e5 2 89 - 0.44 23.04 849556
aoULAV 56e5 2 89 - 0.42 24.10 849556
aoD2AG 56e5 2 89 - 0.83 34.30 1242268
aoD2SG 56e5 2 89 - 0.74 39.28 1287148
dry 18e5 2 34 - 0.03 0.22 65324
aoDLAV 18e5 2 34 - 0.18 6.30 285508
aoULAV 18e5 2 34 - 0.15 6.73 285520
aoD2AG 18e5 2 34 - 0.26 9.71 412108
aoD2SG 18e5 2 34 - 0.24 11.05 427860
dry 56e5 2 27 - 0.07 0.32 139544
aoDLAV 56e5 2 27 - 0.45 22.28 849556
aoULAV 56e5 2 27 - 0.43 23.73 849556
aoD2AG 56e5 2 27 - 0.73 33.79 1242984
aoD2SG 56e5 2 27 - 0.69 38.69 1286840
dry 56e5 2 112 - 0.08 0.32 139544
aoDLAV 56e5 2 112 - 0.43 22.73 849556
aoULAV 56e5 2 112 - 0.45 24.13 849556
aoD2AG 56e5 2 112 - 0.81 34.58 1242868
aoD2SG 56e5 2 112 - 0.73 39.41 1285868
dry 32e5 2 188 - 0.06 0.25 92732
aoDLAV 32e5 2 188 - 0.26 11.88 493324
aoULAV 32e5 2 188 - 0.28 12.59 493336
aoD2AG 32e5 2 188 - 0.42 18.13 717524
aoD2SG 32e5 2 188 - 0.42 20.76 743808
dry 1e7 2 126 - 0.11 0.45 225484
aoDLAV 1e7 2 126 - 0.73 43.97 1502684
aoULAV 1e7 2 126 - 0.79 46.64 1502688
aoD2AG 1e7 2 126 - 1.51 66.09 2203244
aoD2SG 1e7 2 126 - 1.81 75.95 2283560
dry 1e7 5 161 - 0.23 0.78 459868
aoDLAV 1e7 5 161 - 1.03 213.29 2323032
aoULAV 1e7 5 161 - 1.47 216.77 2323016
aoD2AG 1e7 5 161 - 2.01 238.71 3065032
aoD2SG 1e7 5 161 - 3.20 404.85 3152100
dry 1e7 2 197 - 0.15 0.44 225484
aoDLAV 1e7 2 197 - 0.95 51.49 1502688
aoULAV 1e7 2 197 - 1.15 54.24 1502684
aoD2AG 1e7 2 197 - 1.85 74.53 2202424
aoD2SG 1e7 2 197 - 1.96 85.74 2281856
dry 56e5 2 131 - 0.11 0.31 139544
aoDLAV 56e5 2 131 - 0.54 26.74 849556
aoULAV 56e5 2 131 - 0.56 28.17 849556
aoD2AG 56e5 2 131 - 1.01 39.00 1241476
aoD2SG 56e5 2 131 - 0.92 44.46 1287000
dry 1e7 10 13 - 0.55 1.40 850512
aoDLAV 1e7 10 13 - 2.09 6097.70 3533960
aoULAV 1e7 10 13 - 2.44 4877.15 3533956
aoD2AG 1e7 10 13 - 3.55 4765.00 4336644
aoD2SG 1e7 10 13 - 3.66 5771.32 4425272
