dry 2e4 2 218 - 0.02 0.12 26828
aoDLAV 2e4 2 218 - 0.01 0.21 30808
aoULAV 2e4 2 218 - 0.03 0.20 30808
aoD2AG 2e4 2 218 - 0.02 0.22 32284
aoD2SG 2e4 2 218 - 0.02 0.21 32296
moore 2e4 2 218 - 3.45 6367.92 11765548
nbpm 2e4 2 218 - 28.84 2697.22 31402192
greedy 2e4 2 218 - 23.76 1260.68 43771040
dry 175e2 2 16 - 0.02 0.12 26736
aoDLAV 175e2 2 16 - 0.03 0.19 30716
aoULAV 175e2 2 16 - 0.02 0.18 30716
aoD2AG 175e2 2 16 - 0.03 0.19 31752
aoD2SG 175e2 2 16 - 0.02 0.20 31760
moore 175e2 2 16 - 2.69 5075.87 9014020
nbpm 175e2 2 16 - 21.18 1922.84 22863136
greedy 175e2 2 16 - 19.46 1087.06 33516976
dry 9e7 2 209 - 1.04 2.75 1787988
aoDLAV 9e7 2 209 - 7.41 547.29 13377684
aoULAV 9e7 2 209 - 9.54 574.63 13377684
aoD2AG 9e7 2 209 - 16.75 800.28 19673072
aoD2SG 9e7 2 209 - 17.34 928.85 20389216
dry 18e3 2 215 - 0.02 0.12 26748
aoDLAV 18e3 2 215 - 0.04 0.17 30740
aoULAV 18e3 2 215 - 0.03 0.19 30744
aoD2AG 18e3 2 215 - 0.02 0.20 31804
aoD2SG 18e3 2 215 - 0.03 0.20 31812
moore 18e3 2 215 - 2.96 5448.37 9534980
nbpm 18e3 2 215 - 23.69 1943.62 25451060
greedy 18e3 2 215 - 18.94 1020.01 35458368
dry 1e8 5 166 - 2.09 6.19 4327052
aoDLAV 1e8 5 166 - 10.99 2624.42 23065204
aoULAV 1e8 5 166 - 16.18 2680.18 23065248
aoD2AG 1e8 5 166 - 26.31 3035.85 30456184
aoD2SG 1e8 5 166 - 27.03 4651.80 31311900
dry 1e8 2 85 - 1.08 3.01 1983296
aoDLAV 1e8 2 85 - 8.11 579.29 14862072
aoULAV 1e8 2 85 - 10.49 601.92 14862072
aoD2AG 1e8 2 85 - 18.52 1085.97 21854032
aoD2SG 1e8 2 85 - 19.68 1025.90 22650680
dry 150e2 2 191 - 0.03 0.11 26632
aoDLAV 150e2 2 191 - 0.03 0.18 30844
aoULAV 150e2 2 191 - 0.03 0.18 30824
aoD2AG 150e2 2 191 - 0.04 0.18 31608
aoD2SG 150e2 2 191 - 0.03 0.19 31608
moore 150e2 2 191 - 2.05 2953.59 6629348
nbpm 150e2 2 191 - 14.59 1213.78 16814168
greedy 150e2 2 191 - 14.30 665.45 24630024
dry 18e3 2 161 - 0.03 0.12 26752
aoDLAV 18e3 2 161 - 0.03 0.19 30740
aoULAV 18e3 2 161 - 0.04 0.18 30740
aoD2AG 18e3 2 161 - 0.04 0.20 31808
aoD2SG 18e3 2 161 - 0.04 0.21 31812
moore 18e3 2 161 - 2.81 5423.73 9534976
nbpm 18e3 2 161 - 23.54 2022.41 25451056
greedy 18e3 2 161 - 20.37 1081.38 35458368
dry 150e2 2 115 - 0.02 0.12 26632
aoDLAV 150e2 2 115 - 0.02 0.19 30824
aoULAV 150e2 2 115 - 0.03 0.19 30824
aoD2AG 150e2 2 115 - 0.03 0.20 31612
aoD2SG 150e2 2 115 - 0.03 0.20 31608
moore 150e2 2 115 - 2.08 3545.59 6629352
nbpm 150e2 2 115 - 14.83 1113.82 16814180
greedy 150e2 2 115 - 13.57 654.64 24630024
dry 175e2 2 62 - 0.02 0.12 26732
aoDLAV 175e2 2 62 - 0.03 0.18 30716
aoULAV 175e2 2 62 - 0.03 0.19 30716
aoD2AG 175e2 2 62 - 0.02 0.21 31760
aoD2SG 175e2 2 62 - 0.03 0.21 31760
moore 175e2 2 62 - 2.79 5162.13 9014024
nbpm 175e2 2 62 - 21.42 1887.92 22863140
greedy 175e2 2 62 - 17.60 902.45 33516976
dry 2e4 2 141 - 0.03 0.11 26828
aoDLAV 2e4 2 141 - 0.03 0.19 30812
aoULAV 2e4 2 141 - 0.04 0.18 30808
aoD2AG 2e4 2 141 - 0.04 0.20 32284
aoD2SG 2e4 2 141 - 0.03 0.21 32296
moore 2e4 2 141 - 3.39 6735.12 11765552
nbpm 2e4 2 141 - 29.03 2668.92 31402196
greedy 2e4 2 141 - 23.94 1223.18 43771040
dry 8e7 2 242 - 0.87 2.46 1592676
aoDLAV 8e7 2 242 - 6.65 455.74 11893324
aoULAV 8e7 2 242 - 8.90 494.14 11893324
aoD2AG 8e7 2 242 - 15.35 697.81 17487340
aoD2SG 8e7 2 242 - 15.59 836.60 18125296
dry 125e2 2 248 - 0.02 0.12 26536
aoDLAV 125e2 2 248 - 0.03 0.18 30708
aoULAV 125e2 2 248 - 0.03 0.17 30708
aoD2AG 125e2 2 248 - 0.03 0.20 31380
aoD2SG 125e2 2 248 - 0.03 0.20 31376
moore 125e2 2 248 - 1.58 1848.32 4611548
nbpm 125e2 2 248 - 11.30 688.37 12302328
greedy 125e2 2 248 - 9.40 456.47 17109964
dry 175e2 2 38 - 0.02 0.12 26732
aoDLAV 175e2 2 38 - 0.02 0.19 30716
aoULAV 175e2 2 38 - 0.04 0.18 30716
aoD2AG 175e2 2 38 - 0.03 0.20 31752
aoD2SG 175e2 2 38 - 0.02 0.21 31756
moore 175e2 2 38 - 2.88 4973.65 9014028
nbpm 175e2 2 38 - 20.97 1798.46 22863144
greedy 175e2 2 38 - 18.96 1021.95 33516980
dry 8e7 2 248 - 0.86 2.45 1592676
aoDLAV 8e7 2 248 - 6.48 473.27 11893388
aoULAV 8e7 2 248 - 8.80 490.48 11893324
aoD2AG 8e7 2 248 - 15.20 698.28 17489448
aoD2SG 8e7 2 248 - 16.56 889.64 18125816
dry 9e7 2 239 - 1.12 2.73 1787984
aoDLAV 9e7 2 239 - 7.24 535.85 13377688
aoULAV 9e7 2 239 - 9.72 573.27 13377684
aoD2AG 9e7 2 239 - 16.82 817.80 19673540
aoD2SG 9e7 2 239 - 18.12 956.88 20392420
dry 2e4 10 123 - 0.03 0.12 30840
aoDLAV 2e4 10 123 - 0.04 1.73 34840
aoULAV 2e4 10 123 - 0.04 1.72 34852
aoD2AG 2e4 10 123 - 0.04 1.81 36076
aoD2SG 2e4 10 123 - 0.04 1.99 36076
moore 2e4 10 123 - 3.64 6816.77 11770836
nbpm 2e4 10 123 - 29.01 5743.94 30880144
greedy 2e4 10 123 - 22.79 1299.35 43775820
dry 1e8 5 134 - 6.38 6.28 4327056
aoDLAV 1e8 5 134 - 11.63 2690.14 23065204
aoULAV 1e8 5 134 - 16.11 2728.18 23065208
aoD2AG 1e8 5 134 - 25.99 3001.24 30455360
aoD2SG 1e8 5 134 - 27.27 4681.91 31312236
dry 9e7 2 100 - 0.94 2.75 1788040
aoDLAV 9e7 2 100 - 7.06 510.11 13377684
aoULAV 9e7 2 100 - 9.23 546.60 13377684
aoD2AG 9e7 2 100 - 16.85 788.24 19674964
aoD2SG 9e7 2 100 - 18.19 922.49 20389200
dry 2e4 2 31 - 0.04 0.11 26832
aoDLAV 2e4 2 31 - 0.03 0.20 30812
aoULAV 2e4 2 31 - 0.03 0.20 30808
aoD2AG 2e4 2 31 - 0.03 0.21 32288
aoD2SG 2e4 2 31 - 0.03 0.22 32292
moore 2e4 2 31 - 3.44 6712.07 11765552
nbpm 2e4 2 31 - 29.29 2647.98 31402196
greedy 2e4 2 31 - 24.29 1197.27 43771040
dry 1e8 2 151 - 1.25 3.13 1983296
aoDLAV 1e8 2 151 - 8.41 774.80 14862072
aoULAV 1e8 2 151 - 10.71 775.27 14862072
aoD2AG 1e8 2 151 - 18.57 868.05 21851964
aoD2SG 1e8 2 151 - 20.09 1105.58 22651596
dry 175e2 2 72 - 0.03 0.12 30484
aoDLAV 175e2 2 72 - 0.02 0.19 30716
aoULAV 175e2 2 72 - 0.04 0.18 30716
aoD2AG 175e2 2 72 - 0.03 0.20 31752
aoD2SG 175e2 2 72 - 0.03 0.21 31764
moore 175e2 2 72 - 2.75 4428.25 9014028
nbpm 175e2 2 72 - 21.87 1829.25 22863144
greedy 175e2 2 72 - 18.62 928.63 33516980
dry 8e7 2 239 - 0.90 2.44 1592676
aoDLAV 8e7 2 239 - 6.59 453.33 11893328
aoULAV 8e7 2 239 - 8.37 488.81 11893328
aoD2AG 8e7 2 239 - 14.44 700.42 17486796
aoD2SG 8e7 2 239 - 16.46 823.82 18127876
dry 2e4 2 104 - 0.03 0.12 26828
aoDLAV 2e4 2 104 - 0.04 0.19 30808
aoULAV 2e4 2 104 - 0.04 0.19 30808
aoD2AG 2e4 2 104 - 0.04 0.20 32284
aoD2SG 2e4 2 104 - 0.03 0.21 32292
moore 2e4 2 104 - 3.52 7432.40 11765544
nbpm 2e4 2 104 - 28.80 2599.13 31402188
greedy 2e4 2 104 - 24.06 1231.61 43771040
dry 125e2 2 168 - 0.03 0.12 28336
aoDLAV 125e2 2 168 - 0.04 0.17 30708
aoULAV 125e2 2 168 - 0.03 0.18 30708
aoD2AG 125e2 2 168 - 0.03 0.20 31380
aoD2SG 125e2 2 168 - 0.03 0.20 31376
moore 125e2 2 168 - 1.55 1857.09 4611544
nbpm 125e2 2 168 - 11.46 668.98 12302320
greedy 125e2 2 168 - 9.78 444.26 17109968
dry 2e4 10 107 - 0.03 0.12 31176
aoDLAV 2e4 10 107 - 0.03 1.62 34836
aoULAV 2e4 10 107 - 0.03 1.62 34848
aoD2AG 2e4 10 107 - 0.05 1.64 36080
aoD2SG 2e4 10 107 - 0.05 1.88 36076
moore 2e4 10 107 - 3.58 6888.40 11770836
nbpm 2e4 10 107 - 29.34 5808.46 30880036
greedy 2e4 10 107 - 23.96 1264.09 43775820
dry 2e4 10 184 - 0.03 0.12 30304
aoDLAV 2e4 10 184 - 0.04 1.58 34840
aoULAV 2e4 10 184 - 0.03 1.61 34848
aoD2AG 2e4 10 184 - 0.04 1.63 36076
aoD2SG 2e4 10 184 - 0.03 1.86 36076
moore 2e4 10 184 - 3.99 6327.36 11770836
nbpm 2e4 10 184 - 28.71 5665.24 30880144
greedy 2e4 10 184 - 23.84 1358.37 43775820
dry 1e8 5 191 - 2.33 6.28 4327056
aoDLAV 1e8 5 191 - 11.34 2726.17 23065204
aoULAV 1e8 5 191 - 16.79 2941.17 23065204
aoD2AG 1e8 5 191 - 26.04 2928.42 30454976
aoD2SG 1e8 5 191 - 27.76 3587.63 31310308
dry 175e2 2 109 - 0.02 0.12 26736
aoDLAV 175e2 2 109 - 0.04 0.18 30716
aoULAV 175e2 2 109 - 0.03 0.19 30716
aoD2AG 175e2 2 109 - 0.03 0.21 31756
aoD2SG 175e2 2 109 - 0.03 0.21 31760
moore 175e2 2 109 - 2.79 4636.81 9014028
nbpm 175e2 2 109 - 21.28 1850.14 22863144
greedy 175e2 2 109 - 18.67 944.58 33516976
dry 125e2 2 186 - 0.03 0.12 26532
aoDLAV 125e2 2 186 - 0.04 0.17 30712
aoULAV 125e2 2 186 - 0.04 0.18 30712
aoD2AG 125e2 2 186 - 0.03 0.19 31376
aoD2SG 125e2 2 186 - 0.03 0.19 31376
moore 125e2 2 186 - 1.55 1832.71 4611552
nbpm 125e2 2 186 - 11.86 663.74 12302328
greedy 125e2 2 186 - 10.51 452.76 17109964
dry 175e2 2 210 - 0.03 0.12 26732
aoDLAV 175e2 2 210 - 0.03 0.20 30716
aoULAV 175e2 2 210 - 0.03 0.19 30716
aoD2AG 175e2 2 210 - 0.04 0.20 31752
aoD2SG 175e2 2 210 - 0.03 0.22 31760
moore 175e2 2 210 - 2.89 5410.19 9014024
nbpm 175e2 2 210 - 21.38 1828.53 22863132
greedy 175e2 2 210 - 18.17 988.80 33516976
dry 18e3 2 147 - 0.03 0.11 26748
aoDLAV 18e3 2 147 - 0.03 0.18 30744
aoULAV 18e3 2 147 - 0.02 0.19 30740
aoD2AG 18e3 2 147 - 0.03 0.19 31804
aoD2SG 18e3 2 147 - 0.02 0.21 31808
moore 18e3 2 147 - 2.83 5353.23 9534984
nbpm 18e3 2 147 - 24.07 2023.49 25451064
greedy 18e3 2 147 - 21.62 1051.87 35458364
dry 125e2 2 227 - 0.03 0.12 26532
aoDLAV 125e2 2 227 - 0.04 0.16 30712
aoULAV 125e2 2 227 - 0.03 0.17 30708
aoD2AG 125e2 2 227 - 0.03 0.19 31380
aoD2SG 125e2 2 227 - 0.03 0.19 31376
moore 125e2 2 227 - 1.63 1889.00 4611548
nbpm 125e2 2 227 - 11.41 672.06 12302328
greedy 125e2 2 227 - 9.19 455.10 17109968
dry 9e7 2 148 - 1.06 2.74 1787988
aoDLAV 9e7 2 148 - 7.38 538.61 13377684
aoULAV 9e7 2 148 - 9.47 551.07 13377684
aoD2AG 9e7 2 148 - 17.74 906.07 19672892
aoD2SG 9e7 2 148 - 17.33 943.00 20388808
dry 1e8 2 137 - 0.97 3.01 1983296
aoDLAV 1e8 2 137 - 7.63 607.10 14862072
aoULAV 1e8 2 137 - 10.29 647.47 14862068
aoD2AG 1e8 2 137 - 18.94 915.74 21852492
aoD2SG 1e8 2 137 - 20.17 1077.59 22653236
dry 2e4 2 34 - 0.03 0.12 26828
aoDLAV 2e4 2 34 - 0.03 0.19 30808
aoULAV 2e4 2 34 - 0.03 0.20 30808
aoD2AG 2e4 2 34 - 0.04 0.20 32284
aoD2SG 2e4 2 34 - 0.03 0.22 32292
moore 2e4 2 34 - 3.47 7694.61 11765548
nbpm 2e4 2 34 - 29.32 3030.99 31402188
