dry 1e8 5 227 - 2.31 6.27 4327056
aoDLAV 1e8 5 227 - 11.26 2727.98 23065204
aoULAV 1e8 5 227 - 15.60 2707.75 23065208
aoD2AG 1e8 5 227 - 25.89 2946.77 30453692
aoD2SG 1e8 5 227 - 27.07 3470.45 31308732
dry 150e2 2 104 - 0.03 0.12 26628
aoDLAV 150e2 2 104 - 0.02 0.19 30824
aoULAV 150e2 2 104 - 0.03 0.18 30824
aoD2AG 150e2 2 104 - 0.02 0.19 31612
aoD2SG 150e2 2 104 - 0.03 0.20 31608
moore 150e2 2 104 - 2.14 2864.89 6629352
nbpm 150e2 2 104 - 15.06 1189.03 16814176
greedy 150e2 2 104 - 13.84 680.66 24630024
dry 175e2 2 138 - 0.02 0.12 26732
aoDLAV 175e2 2 138 - 0.03 0.18 30716
aoULAV 175e2 2 138 - 0.02 0.19 30716
aoD2AG 175e2 2 138 - 0.03 0.20 31756
aoD2SG 175e2 2 138 - 0.03 0.20 31764
moore 175e2 2 138 - 2.73 4057.45 9014028
nbpm 175e2 2 138 - 21.16 1814.52 22863140
greedy 175e2 2 138 - 19.78 1153.33 33516976
dry 18e3 2 179 - 0.03 0.11 26748
aoDLAV 18e3 2 179 - 0.03 0.18 30740
aoULAV 18e3 2 179 - 0.03 0.18 30740
aoD2AG 18e3 2 179 - 0.03 0.20 31804
aoD2SG 18e3 2 179 - 0.03 0.20 31812
moore 18e3 2 179 - 2.88 4792.56 9534980
nbpm 18e3 2 179 - 23.65 1987.85 25451056
greedy 18e3 2 179 - 19.48 1047.04 35458376
dry 2e4 2 36 - 0.02 0.11 26828
aoDLAV 2e4 2 36 - 0.03 0.19 30808
aoULAV 2e4 2 36 - 0.03 0.19 30812
aoD2AG 2e4 2 36 - 0.04 0.20 32292
aoD2SG 2e4 2 36 - 0.03 0.20 32292
moore 2e4 2 36 - 3.56 7122.20 11765552
nbpm 2e4 2 36 - 29.45 2576.36 31402196
greedy 2e4 2 36 - 23.80 1230.78 43771044
dry 1e8 2 89 - 1.06 2.99 1983296
aoDLAV 1e8 2 89 - 7.92 576.37 14862068
aoULAV 1e8 2 89 - 10.15 611.84 14862072
aoD2AG 1e8 2 89 - 19.21 844.24 21856652
aoD2SG 1e8 2 89 - 20.28 1069.09 22652812
dry 2e4 5 148 - 0.03 0.12 27776
aoDLAV 2e4 5 148 - 0.03 0.29 32760
aoULAV 2e4 5 148 - 0.03 0.30 32768
aoD2AG 2e4 5 148 - 0.03 0.33 33348
aoD2SG 2e4 5 148 - 0.03 0.34 32860
moore 2e4 5 148 - 3.32 6106.33 11768080
nbpm 2e4 5 148 - 29.02 4877.44 34200504
greedy 2e4 5 148 - 24.42 1611.42 43774000
dry 18e3 2 171 - 0.03 0.11 28628
aoDLAV 18e3 2 171 - 0.03 0.18 30740
aoULAV 18e3 2 171 - 0.03 0.18 30740
aoD2AG 18e3 2 171 - 0.03 0.20 31808
aoD2SG 18e3 2 171 - 0.03 0.20 31812
moore 18e3 2 171 - 3.17 7658.72 9534980
nbpm 18e3 2 171 - 23.88 2000.36 25451056
greedy 18e3 2 171 - 18.67 1037.79 35458364
dry 150e2 2 9 - 0.03 0.12 28620
aoDLAV 150e2 2 9 - 0.03 0.18 30828
aoULAV 150e2 2 9 - 0.03 0.18 30824
aoD2AG 150e2 2 9 - 0.04 0.19 31608
aoD2SG 150e2 2 9 - 0.03 0.20 31608
moore 150e2 2 9 - 2.08 3054.81 6629352
nbpm 150e2 2 9 - 14.54 1160.18 16814172
greedy 150e2 2 9 - 13.24 671.63 24630024
dry 125e2 2 242 - 0.03 0.12 28468
aoDLAV 125e2 2 242 - 0.02 0.18 30708
aoULAV 125e2 2 242 - 0.03 0.17 30708
aoD2AG 125e2 2 242 - 0.04 0.18 31376
aoD2SG 125e2 2 242 - 0.03 0.19 31376
moore 125e2 2 242 - 1.69 1884.28 4611544
nbpm 125e2 2 242 - 11.59 696.95 12302320
greedy 125e2 2 242 - 9.62 484.46 17109964
dry 8e7 2 47 - 0.89 2.51 1592676
aoDLAV 8e7 2 47 - 6.10 477.59 11893324
aoULAV 8e7 2 47 - 8.26 608.01 11893324
aoD2AG 8e7 2 47 - 15.91 685.99 17489460
aoD2SG 8e7 2 47 - 15.13 829.44 18128708
dry 150e2 2 56 - 0.03 0.12 26628
aoDLAV 150e2 2 56 - 0.03 0.19 30828
aoULAV 150e2 2 56 - 0.03 0.19 30824
aoD2AG 150e2 2 56 - 0.04 0.18 31608
aoD2SG 150e2 2 56 - 0.04 0.20 31608
moore 150e2 2 56 - 2.13 3375.80 6629352
nbpm 150e2 2 56 - 14.64 1129.21 16814176
greedy 150e2 2 56 - 14.30 651.26 24630024
dry 2e4 10 139 - 0.03 0.12 31308
aoDLAV 2e4 10 139 - 0.04 1.67 34840
aoULAV 2e4 10 139 - 0.04 1.74 34848
aoD2AG 2e4 10 139 - 0.03 1.80 36080
aoD2SG 2e4 10 139 - 0.04 1.96 36076
moore 2e4 10 139 - 3.40 6319.79 11770836
nbpm 2e4 10 139 - 30.70 5509.46 30880040
greedy 2e4 10 139 - 25.00 1345.58 43775820
dry 1e8 2 160 - 1.02 3.00 1983296
aoDLAV 1e8 2 160 - 8.03 586.61 14862068
aoULAV 1e8 2 160 - 10.10 615.71 14862068
aoD2AG 1e8 2 160 - 19.55 921.54 21854404
aoD2SG 1e8 2 160 - 20.55 1068.09 22651228
dry 175e2 2 132 - 0.02 0.11 26736
aoDLAV 175e2 2 132 - 0.02 0.19 30720
aoULAV 175e2 2 132 - 0.04 0.17 30716
aoD2AG 175e2 2 132 - 0.03 0.19 31752
aoD2SG 175e2 2 132 - 0.02 0.21 31760
moore 175e2 2 132 - 2.72 4695.57 9014020
nbpm 175e2 2 132 - 21.41 1882.03 22863140
greedy 175e2 2 132 - 19.02 1134.69 33516976
dry 2e4 10 190 - 0.04 0.11 31816
aoDLAV 2e4 10 190 - 0.03 1.73 34836
aoULAV 2e4 10 190 - 0.03 1.74 34852
aoD2AG 2e4 10 190 - 0.04 1.84 36080
aoD2SG 2e4 10 190 - 0.04 2.00 36076
moore 2e4 10 190 - 3.45 7196.75 11770840
nbpm 2e4 10 190 - 29.55 6307.28 30880036
greedy 2e4 10 190 - 24.11 1316.69 43775820
dry 18e3 2 197 - 0.02 0.12 26748
aoDLAV 18e3 2 197 - 0.03 0.19 30740
aoULAV 18e3 2 197 - 0.03 0.18 30740
aoD2AG 18e3 2 197 - 0.03 0.20 31804
aoD2SG 18e3 2 197 - 0.03 0.20 31812
moore 18e3 2 197 - 2.81 4868.21 9534984
nbpm 18e3 2 197 - 23.92 2540.06 25451056
greedy 18e3 2 197 - 22.34 1037.11 35458368
dry 2e4 5 72 - 0.03 0.12 27956
aoDLAV 2e4 5 72 - 0.03 0.28 32756
aoULAV 2e4 5 72 - 0.03 0.28 32772
aoD2AG 2e4 5 72 - 0.04 0.30 33344
aoD2SG 2e4 5 72 - 0.04 0.37 32864
moore 2e4 5 72 - 3.51 7146.39 11768084
nbpm 2e4 5 72 - 29.08 5059.41 34200504
greedy 2e4 5 72 - 24.69 1705.27 43774004
dry 1e8 5 67 - 2.27 6.19 4327052
aoDLAV 1e8 5 67 - 11.27 2588.30 23065208
aoULAV 1e8 5 67 - 16.56 2623.71 23065204
aoD2AG 1e8 5 67 - 26.62 2936.79 30456692
aoD2SG 1e8 5 67 - 28.48 3564.07 31312076
dry 8e7 2 25 - 0.91 2.46 1592676
aoDLAV 8e7 2 25 - 6.50 583.12 11893324
aoULAV 8e7 2 25 - 8.36 484.61 11893324
aoD2AG 8e7 2 25 - 15.51 688.83 17488272
aoD2SG 8e7 2 25 - 16.58 816.47 18125212
dry 9e7 2 217 - 1.14 2.83 1787984
aoDLAV 9e7 2 217 - 7.55 519.84 13377684
aoULAV 9e7 2 217 - 9.68 545.51 13377684
aoD2AG 9e7 2 217 - 17.15 777.30 19671032
aoD2SG 9e7 2 217 - 18.66 930.99 20389612
dry 18e3 2 78 - 0.03 0.12 26748
aoDLAV 18e3 2 78 - 0.04 0.19 30740
aoULAV 18e3 2 78 - 0.03 0.19 30740
aoD2AG 18e3 2 78 - 0.02 0.22 31808
aoD2SG 18e3 2 78 - 0.04 0.21 31808
moore 18e3 2 78 - 3.27 4696.09 9534976
nbpm 18e3 2 78 - 23.97 2065.65 25451052
greedy 18e3 2 78 - 19.49 1041.84 35458364
dry 2e4 10 48 - 0.03 0.12 29364
aoDLAV 2e4 10 48 - 0.04 1.74 34836
aoULAV 2e4 10 48 - 0.04 2.12 34852
aoD2AG 2e4 10 48 - 0.03 1.67 36080
aoD2SG 2e4 10 48 - 0.04 1.86 36076
moore 2e4 10 48 - 3.45 6445.80 11770836
nbpm 2e4 10 48 - 29.00 7132.06 30880040
greedy 2e4 10 48 - 25.59 1317.05 43775820
dry 175e2 2 204 - 0.03 0.12 26736
aoDLAV 175e2 2 204 - 0.04 0.18 30716
aoULAV 175e2 2 204 - 0.03 0.18 30720
aoD2AG 175e2 2 204 - 0.03 0.20 31756
aoD2SG 175e2 2 204 - 0.03 0.21 31760
moore 175e2 2 204 - 2.70 4603.29 9014032
nbpm 175e2 2 204 - 22.26 1835.37 22863144
greedy 175e2 2 204 - 19.99 983.40 33516980
dry 1e8 2 216 - 1.14 3.00 1983296
aoDLAV 1e8 2 216 - 8.52 592.61 14862068
aoULAV 1e8 2 216 - 10.84 624.04 14862072
aoD2AG 1e8 2 216 - 19.61 887.97 21857584
aoD2SG 1e8 2 216 - 20.65 1020.19 22653456
dry 2e4 5 82 - 0.03 0.11 27952
aoDLAV 2e4 5 82 - 0.04 0.28 32756
aoULAV 2e4 5 82 - 0.04 0.28 32772
aoD2AG 2e4 5 82 - 0.03 0.32 33348
aoD2SG 2e4 5 82 - 0.04 0.34 32860
moore 2e4 5 82 - 3.52 7639.05 11768080
nbpm 2e4 5 82 - 28.58 5149.12 34200500
greedy 2e4 5 82 - 24.42 1265.99 43774000
dry 2e4 10 237 - 0.03 0.12 30804
aoDLAV 2e4 10 237 - 0.04 1.58 34836
aoULAV 2e4 10 237 - 0.04 1.56 34848
aoD2AG 2e4 10 237 - 0.06 1.56 36080
aoD2SG 2e4 10 237 - 0.04 1.80 36076
moore 2e4 10 237 - 3.32 7796.54 11770836
nbpm 2e4 10 237 - 29.02 8607.36 30880100
greedy 2e4 10 237 - 23.09 1302.02 43775824
dry 9e7 2 14 - 0.94 2.75 1787984
aoDLAV 9e7 2 14 - 7.34 521.24 13377684
aoULAV 9e7 2 14 - 9.40 563.75 13377684
aoD2AG 9e7 2 14 - 17.39 799.75 19673272
aoD2SG 9e7 2 14 - 18.90 932.17 20391256
dry 9e7 2 109 - 0.99 2.74 1787984
aoDLAV 9e7 2 109 - 7.42 520.70 13377684
aoULAV 9e7 2 109 - 9.61 548.29 13377684
aoD2AG 9e7 2 109 - 16.76 779.87 19669456
aoD2SG 9e7 2 109 - 17.77 1037.39 20387260
dry 175e2 2 173 - 0.03 0.11 26732
aoDLAV 175e2 2 173 - 0.03 0.19 30716
aoULAV 175e2 2 173 - 0.03 0.19 30716
aoD2AG 175e2 2 173 - 0.04 0.18 31752
aoD2SG 175e2 2 173 - 0.03 0.21 31756
moore 175e2 2 173 - 2.82 5128.83 9014020
nbpm 175e2 2 173 - 21.02 1962.03 22863136
greedy 175e2 2 173 - 18.77 983.53 33516976
dry 2e4 2 186 - 0.03 0.12 26828
aoDLAV 2e4 2 186 - 0.03 0.19 30808
aoULAV 2e4 2 186 - 0.03 0.20 30808
aoD2AG 2e4 2 186 - 0.03 0.21 32284
aoD2SG 2e4 2 186 - 0.03 0.22 32292
moore 2e4 2 186 - 3.58 8067.02 11765544
nbpm 2e4 2 186 - 28.76 2786.89 31402188
greedy 2e4 2 186 - 25.20 1196.17 43771044
dry 8e7 2 170 - 0.93 2.46 1592680
aoDLAV 8e7 2 170 - 6.48 472.18 11893324
aoULAV 8e7 2 170 - 8.21 600.11 11893324
aoD2AG 8e7 2 170 - 14.98 668.53 17490452
aoD2SG 8e7 2 170 - 15.68 779.85 18126996
dry 125e2 2 92 - 0.03 0.11 28448
aoDLAV 125e2 2 92 - 0.04 0.16 30708
aoULAV 125e2 2 92 - 0.03 0.16 30712
aoD2AG 125e2 2 92 - 0.03 0.18 31380
aoD2SG 125e2 2 92 - 0.03 0.18 31380
