dry 2e4 2 196 - 0.02 0.10 26832
aoDLAV 2e4 2 196 - 0.02 0.17 30812
aoULAV 2e4 2 196 - 0.01 0.17 30808
aoD2AG 2e4 2 196 - 0.02 0.17 32284
aoD2SG 2e4 2 196 - 0.02 0.18 32288
moore 2e4 2 196 - 3.45 7097.14 11765544
nbpm 2e4 2 196 - 28.63 3633.45 31402188
greedy 2e4 2 196 - 24.18 1206.50 43771040
dry 2e4 5 105 - 0.02 0.12 29620
aoDLAV 2e4 5 105 - 0.04 0.28 32756
aoULAV 2e4 5 105 - 0.03 0.29 32768
aoD2AG 2e4 5 105 - 0.04 0.32 33344
aoD2SG 2e4 5 105 - 0.04 0.33 32860
moore 2e4 5 105 - 3.57 6395.66 11768084
nbpm 2e4 5 105 - 28.96 6700.77 34200504
greedy 2e4 5 105 - 24.39 1365.21 43774008
dry 8e7 2 36 - 0.96 2.44 1592676
aoDLAV 8e7 2 36 - 6.66 477.45 11893328
aoULAV 8e7 2 36 - 8.66 506.93 11893324
aoD2AG 8e7 2 36 - 15.26 721.55 17488240
aoD2SG 8e7 2 36 - 16.03 821.95 18128988
dry 150e2 2 226 - 0.02 0.12 26628
aoDLAV 150e2 2 226 - 0.03 0.17 30824
aoULAV 150e2 2 226 - 0.02 0.18 30824
aoD2AG 150e2 2 226 - 0.03 0.19 31608
aoD2SG 150e2 2 226 - 0.03 0.19 31608
moore 150e2 2 226 - 2.00 2867.37 6629356
nbpm 150e2 2 226 - 14.84 1630.86 16814176
greedy 150e2 2 226 - 13.04 674.31 24630024
dry 125e2 2 6 - 0.03 0.12 26532
aoDLAV 125e2 2 6 - 0.03 0.18 30708
aoULAV 125e2 2 6 - 0.02 0.19 30708
aoD2AG 125e2 2 6 - 0.03 0.20 31376
aoD2SG 125e2 2 6 - 0.02 0.20 31376
moore 125e2 2 6 - 1.71 1717.67 4611548
nbpm 125e2 2 6 - 11.64 682.01 12302328
greedy 125e2 2 6 - 10.41 464.52 17109968
dry 2e4 2 161 - 0.03 0.12 26828
aoDLAV 2e4 2 161 - 0.03 0.19 30808
aoULAV 2e4 2 161 - 0.03 0.20 30808
aoD2AG 2e4 2 161 - 0.04 0.20 32288
aoD2SG 2e4 2 161 - 0.02 0.22 32292
moore 2e4 2 161 - 3.62 8709.97 11765544
nbpm 2e4 2 161 - 28.71 2695.49 31402188
greedy 2e4 2 161 - 24.09 1192.82 43771040
dry 2e4 5 22 - 0.03 0.12 27776
aoDLAV 2e4 5 22 - 0.05 0.29 32756
aoULAV 2e4 5 22 - 0.03 0.31 32768
aoD2AG 2e4 5 22 - 0.03 0.35 33340
aoD2SG 2e4 5 22 - 0.03 0.36 32864
moore 2e4 5 22 - 3.57 5926.48 11768080
nbpm 2e4 5 22 - 28.68 4936.65 34200504
greedy 2e4 5 22 - 24.80 1349.18 43774008
dry 2e4 2 111 - 0.02 0.13 26828
aoDLAV 2e4 2 111 - 0.04 0.19 30836
aoULAV 2e4 2 111 - 0.04 0.19 30808
aoD2AG 2e4 2 111 - 0.04 0.21 32284
aoD2SG 2e4 2 111 - 0.04 0.22 32288
moore 2e4 2 111 - 3.50 6683.89 11765552
nbpm 2e4 2 111 - 29.17 2639.90 31402196
greedy 2e4 2 111 - 23.75 1580.30 43771044
dry 9e7 2 177 - 0.91 2.75 1787984
aoDLAV 9e7 2 177 - 7.21 519.03 13377684
aoULAV 9e7 2 177 - 9.31 551.75 13377684
aoD2AG 9e7 2 177 - 17.08 783.01 19671800
aoD2SG 9e7 2 177 - 18.87 967.70 20390216
dry 2e4 2 74 - 0.03 0.11 26828
aoDLAV 2e4 2 74 - 0.04 0.19 30808
aoULAV 2e4 2 74 - 0.03 0.19 30808
aoD2AG 2e4 2 74 - 0.03 0.21 32288
aoD2SG 2e4 2 74 - 0.04 0.21 32292
moore 2e4 2 74 - 3.55 7220.44 11765556
nbpm 2e4 2 74 - 29.18 2658.58 31402196
greedy 2e4 2 74 - 25.67 1204.82 43771044
dry 150e2 2 108 - 0.02 0.13 26632
aoDLAV 150e2 2 108 - 0.03 0.19 30824
aoULAV 150e2 2 108 - 0.03 0.19 30828
aoD2AG 150e2 2 108 - 0.04 0.19 31612
aoD2SG 150e2 2 108 - 0.03 0.21 31612
moore 150e2 2 108 - 2.17 3005.70 6629352
nbpm 150e2 2 108 - 14.75 1190.64 16814176
greedy 150e2 2 108 - 14.54 872.46 24630024
dry 8e7 2 230 - 0.97 2.47 1592680
aoDLAV 8e7 2 230 - 6.63 508.02 11893328
aoULAV 8e7 2 230 - 8.03 485.53 11893328
aoD2AG 8e7 2 230 - 14.68 702.04 17488732
aoD2SG 8e7 2 230 - 15.69 824.61 18124000
dry 18e3 2 227 - 0.03 0.11 26748
aoDLAV 18e3 2 227 - 0.02 0.18 30740
aoULAV 18e3 2 227 - 0.02 0.19 30740
aoD2AG 18e3 2 227 - 0.03 0.19 31804
aoD2SG 18e3 2 227 - 0.03 0.20 31816
moore 18e3 2 227 - 2.87 4796.35 9534976
nbpm 18e3 2 227 - 23.76 1983.17 25451056
greedy 18e3 2 227 - 19.92 1048.86 35458364
dry 1e8 2 103 - 1.19 3.00 1983300
aoDLAV 1e8 2 103 - 8.07 602.15 14862068
aoULAV 1e8 2 103 - 10.49 640.47 14862072
aoD2AG 1e8 2 103 - 19.12 916.98 21854640
aoD2SG 1e8 2 103 - 20.49 1059.89 22652644
dry 2e4 2 250 - 0.02 0.12 26832
aoDLAV 2e4 2 250 - 0.04 0.18 30808
aoULAV 2e4 2 250 - 0.04 0.19 30808
aoD2AG 2e4 2 250 - 0.03 0.21 32284
aoD2SG 2e4 2 250 - 0.04 0.21 32292
moore 2e4 2 250 - 3.39 6245.99 11765564
nbpm 2e4 2 250 - 29.28 3176.92 31402196
greedy 2e4 2 250 - 24.79 1262.74 43771044
dry 9e7 2 172 - 1.01 2.77 1787988
aoDLAV 9e7 2 172 - 7.00 526.54 13377684
aoULAV 9e7 2 172 - 9.19 554.99 13377684
aoD2AG 9e7 2 172 - 17.13 785.19 19671796
aoD2SG 9e7 2 172 - 17.98 946.69 20387348
dry 1e8 5 38 - 2.33 6.23 4327052
aoDLAV 1e8 5 38 - 11.48 2586.29 23065204
aoULAV 1e8 5 38 - 16.36 2565.32 23065204
aoD2AG 1e8 5 38 - 26.00 4119.37 30457676
aoD2SG 1e8 5 38 - 28.05 3593.74 31311860
dry 18e3 2 83 - 0.02 0.12 28612
aoDLAV 18e3 2 83 - 0.03 0.19 30744
aoULAV 18e3 2 83 - 0.04 0.19 30740
aoD2AG 18e3 2 83 - 0.04 0.20 31804
aoD2SG 18e3 2 83 - 0.03 0.21 31812
moore 18e3 2 83 - 2.96 5599.58 9534976
nbpm 18e3 2 83 - 23.69 1928.24 25451056
greedy 18e3 2 83 - 20.01 1035.58 35458368
dry 1e8 2 187 - 1.21 3.06 1983296
aoDLAV 1e8 2 187 - 8.18 608.86 14862088
aoULAV 1e8 2 187 - 10.71 651.87 14862072
aoD2AG 1e8 2 187 - 19.29 891.61 21855140
aoD2SG 1e8 2 187 - 19.88 1049.60 22650904
dry 1e8 2 203 - 1.08 3.02 1983296
aoDLAV 1e8 2 203 - 8.00 596.00 14862068
aoULAV 1e8 2 203 - 9.79 632.72 14862068
aoD2AG 1e8 2 203 - 18.61 921.97 21855844
aoD2SG 1e8 2 203 - 19.98 1037.02 22653684
dry 2e4 5 53 - 0.03 0.12 29424
aoDLAV 2e4 5 53 - 0.02 0.30 32756
aoULAV 2e4 5 53 - 0.03 0.29 32768
aoD2AG 2e4 5 53 - 0.03 0.32 33344
aoD2SG 2e4 5 53 - 0.03 0.34 32860
moore 2e4 5 53 - 3.32 6340.00 11768080
nbpm 2e4 5 53 - 28.63 4824.79 34200500
greedy 2e4 5 53 - 25.91 1348.77 43774004
dry 2e4 10 110 - 0.03 0.12 30436
aoDLAV 2e4 10 110 - 0.04 1.66 34836
aoULAV 2e4 10 110 - 0.04 1.66 34848
aoD2AG 2e4 10 110 - 0.04 1.77 36080
aoD2SG 2e4 10 110 - 0.04 2.00 36076
moore 2e4 10 110 - 3.53 7165.31 11770836
nbpm 2e4 10 110 - 28.89 5674.49 30880044
greedy 2e4 10 110 - 23.75 1368.04 43775820
dry 1e8 2 214 - 1.16 3.02 1983296
aoDLAV 1e8 2 214 - 8.31 591.10 14862112
aoULAV 1e8 2 214 - 11.00 767.96 14862072
aoD2AG 1e8 2 214 - 19.14 880.56 21854532
aoD2SG 1e8 2 214 - 19.88 1098.30 22653224
dry 9e7 2 67 - 1.00 2.78 1787984
aoDLAV 9e7 2 67 - 7.77 519.74 13377684
aoULAV 9e7 2 67 - 9.89 555.60 13377688
aoD2AG 9e7 2 67 - 17.29 781.68 19674612
aoD2SG 9e7 2 67 - 18.61 955.03 20391784
dry 8e7 2 41 - 0.85 2.53 1592680
aoDLAV 8e7 2 41 - 6.81 463.68 11893324
aoULAV 8e7 2 41 - 8.50 493.89 11893324
aoD2AG 8e7 2 41 - 15.26 720.69 17491124
aoD2SG 8e7 2 41 - 16.63 832.09 18125920
dry 1e8 2 97 - 1.07 3.04 1983296
aoDLAV 1e8 2 97 - 7.93 761.57 14862068
aoULAV 1e8 2 97 - 10.36 628.07 14862072
aoD2AG 1e8 2 97 - 18.63 880.20 21854908
aoD2SG 1e8 2 97 - 20.18 1040.46 22654416
dry 2e4 10 143 - 0.03 0.12 30856
aoDLAV 2e4 10 143 - 0.03 1.65 34836
aoULAV 2e4 10 143 - 0.03 1.73 34852
aoD2AG 2e4 10 143 - 0.04 1.83 36080
aoD2SG 2e4 10 143 - 0.04 2.15 36076
moore 2e4 10 143 - 3.38 7323.89 11770836
nbpm 2e4 10 143 - 29.51 5290.85 30880036
greedy 2e4 10 143 - 24.05 1330.19 43775820
dry 2e4 10 166 - 0.03 0.11 29364
aoDLAV 2e4 10 166 - 0.04 1.50 34840
aoULAV 2e4 10 166 - 0.04 1.51 34876
aoD2AG 2e4 10 166 - 0.03 1.56 36076
aoD2SG 2e4 10 166 - 0.04 1.76 36076
moore 2e4 10 166 - 3.57 6546.21 11770836
nbpm 2e4 10 166 - 29.19 7305.75 30880032
greedy 2e4 10 166 - 23.42 1295.72 43775820
dry 2e4 5 101 - 0.03 0.12 31012
aoDLAV 2e4 5 101 - 0.04 0.29 32756
aoULAV 2e4 5 101 - 0.03 0.29 32768
aoD2AG 2e4 5 101 - 0.03 0.32 33344
aoD2SG 2e4 5 101 - 0.03 0.36 32860
moore 2e4 5 101 - 3.45 6486.22 11768080
nbpm 2e4 5 101 - 28.63 5034.45 34200492
greedy 2e4 5 101 - 23.68 1283.77 43774004
dry 1e8 5 185 - 2.40 6.30 4327056
aoDLAV 1e8 5 185 - 11.70 2631.84 23065204
aoULAV 1e8 5 185 - 17.31 2741.74 23065204
aoD2AG 1e8 5 185 - 26.22 2972.05 30455248
aoD2SG 1e8 5 185 - 27.22 3582.05 31309520
dry 1e8 2 98 - 1.11 3.01 1983296
aoDLAV 1e8 2 98 - 7.70 590.30 14862068
aoULAV 1e8 2 98 - 10.16 634.77 14862072
aoD2AG 1e8 2 98 - 19.04 899.21 21854932
aoD2SG 1e8 2 98 - 20.39 1065.77 22653828
dry 125e2 2 128 - 0.03 0.11 26532
aoDLAV 125e2 2 128 - 0.03 0.17 30708
aoULAV 125e2 2 128 - 0.04 0.17 30712
aoD2AG 125e2 2 128 - 0.02 0.20 31396
aoD2SG 125e2 2 128 - 0.03 0.19 31376
moore 125e2 2 128 - 1.58 1993.66 4611548
nbpm 125e2 2 128 - 11.40 713.22 12302332
greedy 125e2 2 128 - 9.46 448.39 17109964
dry 1e8 2 6 - 1.08 3.03 1983296
aoDLAV 1e8 2 6 - 8.22 721.80 14862072
aoULAV 1e8 2 6 - 10.19 621.61 14862072
aoD2AG 1e8 2 6 - 17.82 901.63 21856796
aoD2SG 1e8 2 6 - 20.29 1048.11 22653456
dry 175e2 2 49 - 0.02 0.12 26732
aoDLAV 175e2 2 49 - 0.03 0.18 30716
aoULAV 175e2 2 49 - 0.03 0.18 30720
aoD2AG 175e2 2 49 - 0.04 0.20 31752
aoD2SG 175e2 2 49 - 0.03 0.21 31756
moore 175e2 2 49 - 2.73 5297.43 9014024
nbpm 175e2 2 49 - 21.02 1838.65 22863136
greedy 175e2 2 49 - 17.92 975.11 33516976
dry 1e8 5 128 - 2.31 6.25 4327052
