dry 400e2 2 218 - 0.02 0.09 27616
aoDLAV 400e2 2 218 - 0.02 0.20 32236
aoULAV 400e2 2 218 - 0.02 0.19 33116
aoD2AG 400e2 2 218 - 0.02 0.22 36076
aoD2SG 400e2 2 218 - 0.03 0.22 35924
dry 1e5 2 138 - 0.03 0.12 32128
aoDLAV 1e5 2 138 - 0.03 0.34 34800
aoULAV 1e5 2 138 - 0.03 0.30 35324
aoD2AG 1e5 2 138 - 0.02 0.40 42784
aoD2SG 1e5 2 138 - 0.03 0.44 43800
dry 1e2 10 44 - 0.02 0.09 26004
aoDLAV 1e2 10 44 - 0.02 0.13 30260
aoULAV 1e2 10 44 - 0.02 0.12 30276
aoD2AG 1e2 10 44 - 0.02 0.12 30440
aoD2SG 1e2 10 44 - 0.02 0.12 30452
moore 1e2 10 44 - 0.03 0.16 30496
nbpm 1e2 10 44 - 0.06 1.75 53076
greedy 1e2 10 44 - 0.03 0.11 30972
dry 1e2 10 99 - 0.01 0.10 26008
aoDLAV 1e2 10 99 - 0.02 0.13 30260
aoULAV 1e2 10 99 - 0.02 0.12 30272
aoD2AG 1e2 10 99 - 0.02 0.12 30440
aoD2SG 1e2 10 99 - 0.03 0.13 30444
moore 1e2 10 99 - 0.03 0.16 30500
nbpm 1e2 10 99 - 0.06 1.86 53076
greedy 1e2 10 99 - 0.02 0.13 30972
dry 1e2 2 142 - 0.01 0.11 25992
aoDLAV 1e2 2 142 - 0.03 0.12 30168
aoULAV 1e2 2 142 - 0.02 0.13 30180
aoD2AG 1e2 2 142 - 0.02 0.13 30336
aoD2SG 1e2 2 142 - 0.02 0.13 30340
moore 1e2 2 142 - 0.03 0.18 30492
nbpm 1e2 2 142 - 0.06 1.95 53008
greedy 1e2 2 142 - 0.03 0.13 30884
dry 275e2 2 103 - 0.02 0.11 27952
aoDLAV 275e2 2 103 - 0.02 0.18 31240
aoULAV 275e2 2 103 - 0.02 0.18 31572
aoD2AG 275e2 2 103 - 0.02 0.20 34696
aoD2SG 275e2 2 103 - 0.03 0.21 34816
dry 5e4 10 84 - 0.03 0.11 33888
aoDLAV 5e4 10 84 - 0.03 4.20 40200
aoULAV 5e4 10 84 - 0.03 4.17 40200
aoD2AG 5e4 10 84 - 0.04 4.17 44980
aoD2SG 5e4 10 84 - 0.03 5.26 44996
dry 32e4 2 225 - 0.03 0.14 36424
aoDLAV 32e4 2 225 - 0.08 1.11 70832
aoULAV 32e4 2 225 - 0.06 1.24 70840
aoD2AG 32e4 2 225 - 0.07 1.49 88168
aoD2SG 32e4 2 225 - 0.08 1.84 90624
dry 1e5 10 144 - 0.04 0.17 38400
aoDLAV 1e5 10 144 - 0.05 19.25 53536
aoULAV 1e5 10 144 - 0.04 20.37 55316
aoD2AG 1e5 10 144 - 0.05 17.51 62764
aoD2SG 1e5 10 144 - 0.05 21.73 66832
dry 1e2 5 12 - 0.02 0.12 25996
aoDLAV 1e2 5 12 - 0.03 0.14 30212
aoULAV 1e2 5 12 - 0.02 0.15 30228
aoD2AG 1e2 5 12 - 0.02 0.15 30384
aoD2SG 1e2 5 12 - 0.02 0.14 30388
moore 1e2 5 12 - 0.03 0.19 30492
nbpm 1e2 5 12 - 0.07 2.18 53016
greedy 1e2 5 12 - 0.02 0.15 30920
dry 325e2 2 219 - 0.02 0.12 30776
aoDLAV 325e2 2 219 - 0.02 0.23 31424
aoULAV 325e2 2 219 - 0.02 0.23 32084
aoD2AG 325e2 2 219 - 0.03 0.25 35004
aoD2SG 325e2 2 219 - 0.03 0.25 34756
dry 32e4 2 160 - 0.03 0.17 36428
aoDLAV 32e4 2 160 - 0.05 1.20 70828
aoULAV 32e4 2 160 - 0.05 1.23 70840
aoD2AG 32e4 2 160 - 0.08 1.64 89112
aoD2SG 32e4 2 160 - 0.07 1.86 90708
dry 18e1 2 70 - 0.02 0.11 26004
aoDLAV 18e1 2 70 - 0.02 0.14 30232
aoULAV 18e1 2 70 - 0.03 0.14 30200
aoD2AG 18e1 2 70 - 0.02 0.15 30356
aoD2SG 18e1 2 70 - 0.03 0.14 30364
moore 18e1 2 70 - 0.03 0.34 30496
nbpm 18e1 2 70 - 0.08 2.33 54444
greedy 18e1 2 70 - 0.02 0.16 33348
dry 1e5 5 186 - 0.02 0.14 34480
aoDLAV 1e5 5 186 - 0.04 1.63 41816
aoULAV 1e5 5 186 - 0.04 1.74 43572
aoD2AG 1e5 5 186 - 0.05 1.57 53568
aoD2SG 1e5 5 186 - 0.06 1.77 53196
dry 5e4 2 142 - 0.02 0.12 29312
aoDLAV 5e4 2 142 - 0.02 0.26 33008
aoULAV 5e4 2 142 - 0.03 0.28 33312
aoD2AG 5e4 2 142 - 0.03 0.34 36408
aoD2SG 5e4 2 142 - 0.03 0.34 36424
dry 1e6 10 243 - 0.07 0.41 112236
aoDLAV 1e6 10 243 - 0.19 381.86 369888
aoULAV 1e6 10 243 - 0.33 376.76 369892
aoD2AG 1e6 10 243 - 0.41 376.76 446224
aoD2SG 1e6 10 243 - 0.41 455.10 456784
dry 1e1 2 48 - 0.02 0.12 25992
aoDLAV 1e1 2 48 - 0.04 0.13 30160
aoULAV 1e1 2 48 - 0.03 0.14 30176
aoD2AG 1e1 2 48 - 0.03 0.14 30312
aoD2SG 1e1 2 48 - 0.03 0.13 30316
moore 1e1 2 48 - 0.03 0.18 30476
nbpm 1e1 2 48 - 0.08 2.07 49820
greedy 1e1 2 48 - 0.02 0.14 30128
dry 1e2 5 203 - 0.02 0.12 26000
aoDLAV 1e2 5 203 - 0.03 0.14 30216
aoULAV 1e2 5 203 - 0.02 0.14 30224
aoD2AG 1e2 5 203 - 0.02 0.14 30384
aoD2SG 1e2 5 203 - 0.03 0.13 30392
moore 1e2 5 203 - 0.02 0.24 30528
nbpm 1e2 5 203 - 0.08 2.17 53016
greedy 1e2 5 203 - 0.03 0.15 30920
dry 1e5 10 119 - 0.03 0.18 38400
aoDLAV 1e5 10 119 - 0.05 20.16 53536
aoULAV 1e5 10 119 - 0.05 21.09 55316
aoD2AG 1e5 10 119 - 0.05 23.39 62676
aoD2SG 1e5 10 119 - 0.05 26.34 66832
dry 1e5 10 177 - 0.03 0.19 38400
aoDLAV 1e5 10 177 - 0.06 22.38 53540
aoULAV 1e5 10 177 - 0.05 20.67 55308
aoD2AG 1e5 10 177 - 0.05 20.12 62584
aoD2SG 1e5 10 177 - 0.05 23.47 66880
dry 32e4 2 245 - 0.04 0.16 36424
aoDLAV 32e4 2 245 - 0.06 1.27 70828
aoULAV 32e4 2 245 - 0.06 1.27 70840
aoD2AG 32e4 2 245 - 0.08 1.75 88924
aoD2SG 32e4 2 245 - 0.07 1.93 90808
dry 18e4 2 135 - 0.03 0.13 33108
aoDLAV 18e4 2 135 - 0.04 0.75 47860
aoULAV 18e4 2 135 - 0.05 0.78 47860
aoD2AG 18e4 2 135 - 0.06 0.99 58640
aoD2SG 18e4 2 135 - 0.05 1.11 59944
dry 18e1 2 250 - 0.03 0.11 26004
aoDLAV 18e1 2 250 - 0.03 0.14 30188
aoULAV 18e1 2 250 - 0.04 0.13 30196
aoD2AG 18e1 2 250 - 0.03 0.14 30356
aoD2SG 18e1 2 250 - 0.02 0.15 30364
moore 18e1 2 250 - 0.03 0.26 30488
nbpm 18e1 2 250 - 0.08 2.12 54432
greedy 18e1 2 250 - 0.02 0.16 33352
dry 400e2 2 138 - 0.02 0.12 29564
aoDLAV 400e2 2 138 - 0.03 0.24 32236
aoULAV 400e2 2 138 - 0.03 0.24 33116
aoD2AG 400e2 2 138 - 0.03 0.28 36072
aoD2SG 400e2 2 138 - 0.03 0.30 35932
dry 375e2 2 95 - 0.03 0.11 30876
aoDLAV 375e2 2 95 - 0.03 0.23 31784
aoULAV 375e2 2 95 - 0.04 0.24 32604
aoD2AG 375e2 2 95 - 0.03 0.26 35516
aoD2SG 375e2 2 95 - 0.04 0.28 35528
dry 1e5 10 150 - 0.03 0.18 38396
aoDLAV 1e5 10 150 - 0.04 22.02 53536
aoULAV 1e5 10 150 - 0.06 22.22 55312
aoD2AG 1e5 10 150 - 0.05 21.35 62748
aoD2SG 1e5 10 150 - 0.05 24.08 66832
dry 1e2 10 52 - 0.02 0.11 26008
aoDLAV 1e2 10 52 - 0.02 0.14 30260
aoULAV 1e2 10 52 - 0.02 0.14 30272
aoD2AG 1e2 10 52 - 0.02 0.15 30444
aoD2SG 1e2 10 52 - 0.02 0.15 30444
moore 1e2 10 52 - 0.02 0.21 30500
nbpm 1e2 10 52 - 0.09 2.13 53080
greedy 1e2 10 52 - 0.03 0.14 30972
dry 1e3 10 185 - 0.02 0.11 26140
aoDLAV 1e3 10 185 - 0.03 0.16 30652
aoULAV 1e3 10 185 - 0.03 0.16 30664
aoD2AG 1e3 10 185 - 0.03 0.15 31052
aoD2SG 1e3 10 185 - 0.02 0.17 31080
moore 1e3 10 185 - 0.04 3.59 59872
nbpm 1e3 10 185 - 0.14 4.64 136140
greedy 1e3 10 185 - 0.08 1.02 139616
dry 18e1 2 149 - 0.02 0.11 26008
aoDLAV 18e1 2 149 - 0.03 0.13 30184
aoULAV 18e1 2 149 - 0.02 0.14 30196
aoD2AG 18e1 2 149 - 0.02 0.14 30360
aoD2SG 18e1 2 149 - 0.02 0.14 30364
moore 18e1 2 149 - 0.03 0.37 30488
nbpm 18e1 2 149 - 0.06 2.12 54436
greedy 18e1 2 149 - 0.03 0.15 33352
dry 32e1 2 149 - 0.02 0.12 26000
aoDLAV 32e1 2 149 - 0.03 0.13 30196
aoULAV 32e1 2 149 - 0.02 0.14 30208
aoD2AG 32e1 2 149 - 0.03 0.14 30376
aoD2SG 32e1 2 149 - 0.03 0.14 30388
moore 32e1 2 149 - 0.02 0.48 33684
nbpm 32e1 2 149 - 0.06 2.30 58308
greedy 32e1 2 149 - 0.03 0.20 40972
dry 56e3 2 166 - 0.01 0.12 28240
aoDLAV 56e3 2 166 - 0.03 0.27 33476
aoULAV 56e3 2 166 - 0.03 0.26 34696
aoD2AG 56e3 2 166 - 0.02 0.34 37284
aoD2SG 56e3 2 166 - 0.04 0.35 37296
dry 300e2 2 51 - 0.02 0.12 27216
aoDLAV 300e2 2 51 - 0.03 0.20 31296
aoULAV 300e2 2 51 - 0.02 0.21 31896
aoD2AG 300e2 2 51 - 0.03 0.23 35056
aoD2SG 300e2 2 51 - 0.03 0.24 34716
dry 350e2 2 183 - 0.02 0.12 29416
aoDLAV 350e2 2 183 - 0.03 0.22 31480
aoULAV 350e2 2 183 - 0.02 0.23 32260
aoD2AG 350e2 2 183 - 0.03 0.25 34856
aoD2SG 350e2 2 183 - 0.04 0.26 35132
dry 1e6 5 241 - 0.06 0.26 73152
aoDLAV 1e6 5 241 - 0.15 19.19 252688
aoULAV 1e6 5 241 - 0.16 19.47 252688
aoD2AG 1e6 5 241 - 0.23 21.33 322708
aoD2SG 1e6 5 241 - 0.22 28.83 332172
dry 400e2 2 234 - 0.01 0.13 27620
aoDLAV 400e2 2 234 - 0.04 0.23 32236
aoULAV 400e2 2 234 - 0.03 0.24 33124
aoD2AG 400e2 2 234 - 0.02 0.29 36072
aoD2SG 400e2 2 234 - 0.04 0.29 35924
dry 325e2 2 126 - 0.02 0.12 27316
aoDLAV 325e2 2 126 - 0.03 0.21 31372
aoULAV 325e2 2 126 - 0.03 0.22 32084
aoD2AG 325e2 2 126 - 0.04 0.24 35004
aoD2SG 325e2 2 126 - 0.03 0.27 34764
dry 1e2 2 25 - 0.02 0.11 25992
aoDLAV 1e2 2 25 - 0.02 0.14 30168
aoULAV 1e2 2 25 - 0.03 0.14 30180
aoD2AG 1e2 2 25 - 0.02 0.15 30328
aoD2SG 1e2 2 25 - 0.03 0.14 30344
moore 1e2 2 25 - 0.03 0.20 30480
nbpm 1e2 2 25 - 0.08 2.16 53004
greedy 1e2 2 25 - 0.04 0.13 30880
dry 56e3 2 142 - 0.02 0.12 28236
aoDLAV 56e3 2 142 - 0.03 0.29 33476
aoULAV 56e3 2 142 - 0.04 0.29 34700
aoD2AG 56e3 2 142 - 0.03 0.37 37284
aoD2SG 56e3 2 142 - 0.03 0.38 37300
dry 1e3 5 102 - 0.03 0.11 26060
aoDLAV 1e3 5 102 - 0.02 0.15 30428
aoULAV 1e3 5 102 - 0.03 0.14 30440
aoD2AG 1e3 5 102 - 0.03 0.14 30748
aoD2SG 1e3 5 102 - 0.03 0.14 30764
moore 1e3 5 102 - 0.04 5.87 59800
nbpm 1e3 5 102 - 0.10 4.44 129244
greedy 1e3 5 102 - 0.07 1.03 139392
dry 18e4 2 122 - 0.03 0.13 33536
aoDLAV 18e4 2 122 - 0.04 0.76 47860
aoULAV 18e4 2 122 - 0.04 0.79 47860
aoD2AG 18e4 2 122 - 0.06 1.02 58648
aoD2SG 18e4 2 122 - 0.06 1.12 59900
dry 1e6 10 142 - 0.09 0.39 112236
aoDLAV 1e6 10 142 - 0.23 362.09 369888
aoULAV 1e6 10 142 - 0.29 366.35 369896
aoD2AG 1e6 10 142 - 0.40 352.02 447604
aoD2SG 1e6 10 142 - 0.42 436.62 458096
dry 56e4 2 41 - 0.04 0.17 41116
aoDLAV 56e4 2 41 - 0.07 2.03 107984
aoULAV 56e4 2 41 - 0.09 2.04 107988
aoD2AG 56e4 2 41 - 0.12 2.90 139472
aoD2SG 56e4 2 41 - 0.14 3.25 143100
dry 1e6 2 217 - 0.04 0.19 49704
aoDLAV 1e6 2 217 - 0.10 3.57 178456
aoULAV 1e6 2 217 - 0.11 3.68 178464
aoD2AG 1e6 2 217 - 0.18 5.30 234300
aoD2SG 1e6 2 217 - 0.17 6.07 242160
dry 56e4 2 102 - 0.04 0.18 41104
aoDLAV 56e4 2 102 - 0.08 2.03 107984
aoULAV 56e4 2 102 - 0.08 2.12 107988
aoD2AG 56e4 2 102 - 0.12 2.88 139052
aoD2SG 56e4 2 102 - 0.12 3.37 144760
dry 1e6 2 137 - 0.04 0.20 49704
aoDLAV 1e6 2 137 - 0.11 3.65 178456
aoULAV 1e6 2 137 - 0.12 3.84 178456
aoD2AG 1e6 2 137 - 0.18 5.43 233928
aoD2SG 1e6 2 137 - 0.19 6.00 241212
dry 1e6 10 237 - 0.07 0.39 112232
aoDLAV 1e6 10 237 - 0.22 349.92 369888
aoULAV 1e6 10 237 - 0.31 360.56 369888
aoD2AG 1e6 10 237 - 0.41 363.78 447556
aoD2SG 1e6 10 237 - 0.45 423.59 459240
dry 5e4 10 177 - 0.03 0.14 33892
aoDLAV 5e4 10 177 - 0.03 9.95 40200
aoULAV 5e4 10 177 - 0.05 6.74 40200
aoD2AG 5e4 10 177 - 0.05 6.71 44980
aoD2SG 5e4 10 177 - 0.04 7.47 44996
dry 32e4 2 198 - 0.03 0.18 36484
aoDLAV 32e4 2 198 - 0.06 1.34 70828
aoULAV 32e4 2 198 - 0.07 1.37 70844
aoD2AG 32e4 2 198 - 0.08 1.83 88552
aoD2SG 32e4 2 198 - 0.08 2.05 91636
dry 400e2 2 135 - 0.02 0.12 27620
aoDLAV 400e2 2 135 - 0.03 0.25 32236
aoULAV 400e2 2 135 - 0.04 0.25 33112
aoD2AG 400e2 2 135 - 0.03 0.30 36072
aoD2SG 400e2 2 135 - 0.04 0.30 35928
dry 375e2 2 163 - 0.02 0.12 30876
aoDLAV 375e2 2 163 - 0.02 0.24 31784
aoULAV 375e2 2 163 - 0.03 0.24 32608
aoD2AG 375e2 2 163 - 0.03 0.28 35516
aoD2SG 375e2 2 163 - 0.02 0.30 35548
dry 1e2 5 205 - 0.03 0.11 25996
aoDLAV 1e2 5 205 - 0.03 0.14 30216
aoULAV 1e2 5 205 - 0.02 0.15 30224
aoD2AG 1e2 5 205 - 0.03 0.14 30384
aoD2SG 1e2 5 205 - 0.03 0.15 30380
moore 1e2 5 205 - 0.03 0.24 30536
nbpm 1e2 5 205 - 0.09 2.17 53016
greedy 1e2 5 205 - 0.02 0.15 30920
dry 1e2 5 24 - 0.02 0.12 26000
aoDLAV 1e2 5 24 - 0.03 0.15 30216
aoULAV 1e2 5 24 - 0.03 0.14 30228
aoD2AG 1e2 5 24 - 0.03 0.14 30384
aoD2SG 1e2 5 24 - 0.03 0.14 30392
moore 1e2 5 24 - 0.02 0.22 30492
nbpm 1e2 5 24 - 0.08 2.05 53020
greedy 1e2 5 24 - 0.03 0.14 30920
dry 1e5 2 33 - 0.04 0.11 31840
aoDLAV 1e5 2 33 - 0.03 0.40 34800
aoULAV 1e5 2 33 - 0.04 0.40 35320
aoD2AG 1e5 2 33 - 0.03 0.53 42736
aoD2SG 1e5 2 33 - 0.04 0.58 43804
dry 300e2 2 34 - 0.02 0.12 27216
aoDLAV 300e2 2 34 - 0.03 0.21 31296
aoULAV 300e2 2 34 - 0.03 0.20 31892
aoD2AG 300e2 2 34 - 0.03 0.23 35060
aoD2SG 300e2 2 34 - 0.02 0.24 34716
dry 350e2 2 179 - 0.02 0.11 29136
aoDLAV 350e2 2 179 - 0.02 0.22 31480
aoULAV 350e2 2 179 - 0.03 0.21 32260
aoD2AG 350e2 2 179 - 0.03 0.25 34852
aoD2SG 350e2 2 179 - 0.03 0.29 35136
dry 18e4 2 235 - 0.03 0.14 33424
aoDLAV 18e4 2 235 - 0.04 0.78 47860
aoULAV 18e4 2 235 - 0.05 0.80 47860
aoD2AG 18e4 2 235 - 0.06 1.05 58640
aoD2SG 18e4 2 235 - 0.04 1.16 59936
dry 325e2 2 204 - 0.02 0.12 27320
aoDLAV 325e2 2 204 - 0.03 0.23 31372
aoULAV 325e2 2 204 - 0.02 0.21 32088
aoD2AG 325e2 2 204 - 0.04 0.26 35008
aoD2SG 325e2 2 204 - 0.04 0.26 34760
dry 1e5 10 79 - 0.03 0.17 38432
aoDLAV 1e5 10 79 - 0.05 18.91 53536
aoULAV 1e5 10 79 - 0.05 18.70 55312
aoD2AG 1e5 10 79 - 0.06 19.40 62608
aoD2SG 1e5 10 79 - 0.06 34.30 66836
dry 1e2 5 106 - 0.03 0.12 26000
aoDLAV 1e2 5 106 - 0.03 0.14 30212
aoULAV 1e2 5 106 - 0.03 0.14 30224
aoD2AG 1e2 5 106 - 0.02 0.15 30384
aoD2SG 1e2 5 106 - 0.03 0.15 30388
moore 1e2 5 106 - 0.02 0.23 30488
nbpm 1e2 5 106 - 0.06 2.31 53008
greedy 1e2 5 106 - 0.04 0.14 30920
dry 56e1 2 219 - 0.02 0.12 26008
aoDLAV 56e1 2 219 - 0.02 0.14 30220
aoULAV 56e1 2 219 - 0.02 0.15 30236
aoD2AG 56e1 2 219 - 0.03 0.14 30416
aoD2SG 56e1 2 219 - 0.03 0.14 30424
moore 56e1 2 219 - 0.03 1.69 39660
nbpm 56e1 2 219 - 0.09 2.80 78712
greedy 56e1 2 219 - 0.05 0.39 64104
dry 18e1 2 218 - 0.03 0.12 26004
aoDLAV 18e1 2 218 - 0.02 0.15 30184
aoULAV 18e1 2 218 - 0.03 0.14 30196
aoD2AG 18e1 2 218 - 0.01 0.16 30356
aoD2SG 18e1 2 218 - 0.02 0.15 30364
moore 18e1 2 218 - 0.03 0.34 30488
nbpm 18e1 2 218 - 0.10 2.25 54436
greedy 18e1 2 218 - 0.03 0.16 33348
dry 32e4 2 90 - 0.03 0.17 36428
aoDLAV 32e4 2 90 - 0.05 1.15 70860
aoULAV 32e4 2 90 - 0.05 1.16 70844
aoD2AG 32e4 2 90 - 0.11 1.81 88556
aoD2SG 32e4 2 90 - 0.07 1.98 90704
dry 1e3 5 212 - 0.02 0.12 26060
aoDLAV 1e3 5 212 - 0.03 0.15 30424
aoULAV 1e3 5 212 - 0.02 0.15 30436
aoD2AG 1e3 5 212 - 0.03 0.15 30744
aoD2SG 1e3 5 212 - 0.03 0.15 30772
moore 1e3 5 212 - 0.06 3.62 59800
nbpm 1e3 5 212 - 0.13 4.54 129244
greedy 1e3 5 212 - 0.09 1.06 139388
dry 56e4 2 193 - 0.03 0.18 41108
aoDLAV 56e4 2 193 - 0.06 2.16 107984
aoULAV 56e4 2 193 - 0.09 2.27 107984
aoD2AG 56e4 2 193 - 0.12 3.29 139944
aoD2SG 56e4 2 193 - 0.13 3.50 144184
dry 325e2 2 35 - 0.02 0.11 29288
aoDLAV 325e2 2 35 - 0.02 0.22 31372
aoULAV 325e2 2 35 - 0.03 0.22 32088
aoD2AG 325e2 2 35 - 0.03 0.25 35000
aoD2SG 325e2 2 35 - 0.03 0.26 34764
dry 225e2 2 200 - 0.02 0.12 26920
aoDLAV 225e2 2 200 - 0.03 0.20 30980
aoULAV 225e2 2 200 - 0.02 0.20 30992
aoD2AG 225e2 2 200 - 0.04 0.20 33372
aoD2SG 225e2 2 200 - 0.04 0.22 33464
dry 1e1 2 132 - 0.02 0.11 25996
aoDLAV 1e1 2 132 - 0.02 0.14 30160
aoULAV 1e1 2 132 - 0.03 0.13 30172
aoD2AG 1e1 2 132 - 0.02 0.15 30312
aoD2SG 1e1 2 132 - 0.02 0.15 30312
moore 1e1 2 132 - 0.04 0.17 30476
nbpm 1e1 2 132 - 0.08 2.27 49820
greedy 1e1 2 132 - 0.03 0.14 30124
dry 1e3 5 149 - 0.02 0.12 26060
aoDLAV 1e3 5 149 - 0.03 0.14 30424
aoULAV 1e3 5 149 - 0.02 0.15 30436
aoD2AG 1e3 5 149 - 0.02 0.16 30744
aoD2SG 1e3 5 149 - 0.03 0.14 30764
moore 1e3 5 149 - 0.04 2.66 59828
nbpm 1e3 5 149 - 0.13 4.59 129244
greedy 1e3 5 149 - 0.08 1.28 139392
dry 5e4 10 103 - 0.03 0.13 33892
aoDLAV 5e4 10 103 - 0.04 5.63 40204
aoULAV 5e4 10 103 - 0.04 9.16 40200
aoD2AG 5e4 10 103 - 0.06 8.65 44984
aoD2SG 5e4 10 103 - 0.08 9.35 44996
dry 350e2 2 207 - 0.02 0.12 29088
aoDLAV 350e2 2 207 - 0.02 0.25 31480
aoULAV 350e2 2 207 - 0.03 0.24 32260
aoD2AG 350e2 2 207 - 0.04 0.26 34848
aoD2SG 350e2 2 207 - 0.02 0.29 35136
dry 350e2 2 16 - 0.03 0.12 29300
aoDLAV 350e2 2 16 - 0.03 0.23 31480
aoULAV 350e2 2 16 - 0.03 0.23 32256
aoD2AG 350e2 2 16 - 0.03 0.27 34848
aoD2SG 350e2 2 16 - 0.03 0.29 35132
dry 56e3 2 81 - 0.03 0.12 28236
aoDLAV 56e3 2 81 - 0.03 0.31 33476
aoULAV 56e3 2 81 - 0.04 0.30 34696
aoD2AG 56e3 2 81 - 0.03 0.38 37284
aoD2SG 56e3 2 81 - 0.04 0.40 37300
dry 1e5 5 201 - 0.03 0.14 34476
aoDLAV 1e5 5 201 - 0.04 1.71 41816
aoULAV 1e5 5 201 - 0.05 1.72 43572
aoD2AG 1e5 5 201 - 0.05 1.88 53560
aoD2SG 1e5 5 201 - 0.05 2.11 53200
dry 1e3 2 156 - 0.02 0.12 26020
aoDLAV 1e3 2 156 - 0.03 0.14 30284
aoULAV 1e3 2 156 - 0.03 0.14 30292
aoD2AG 1e3 2 156 - 0.03 0.14 30528
aoD2SG 1e3 2 156 - 0.03 0.14 30552
moore 1e3 2 156 - 0.07 4.65 59768
nbpm 1e3 2 156 - 0.13 4.16 138552
greedy 1e3 2 156 - 0.06 1.09 139244
dry 18e1 2 96 - 0.03 0.11 26004
aoDLAV 18e1 2 96 - 0.02 0.14 30184
aoULAV 18e1 2 96 - 0.02 0.14 30196
aoD2AG 18e1 2 96 - 0.02 0.15 30356
aoD2SG 18e1 2 96 - 0.03 0.14 30368
moore 18e1 2 96 - 0.02 0.35 30488
nbpm 18e1 2 96 - 0.12 2.17 54436
greedy 18e1 2 96 - 0.03 0.17 33352
dry 250e2 2 197 - 0.03 0.12 27024
aoDLAV 250e2 2 197 - 0.03 0.21 31108
aoULAV 250e2 2 197 - 0.03 0.21 31212
aoD2AG 250e2 2 197 - 0.02 0.24 33856
aoD2SG 250e2 2 197 - 0.03 0.23 33964
dry 325e2 2 218 - 0.03 0.11 27952
aoDLAV 325e2 2 218 - 0.03 0.22 31372
aoULAV 325e2 2 218 - 0.03 0.23 32088
aoD2AG 325e2 2 218 - 0.03 0.25 35000
aoD2SG 325e2 2 218 - 0.03 0.27 34756
dry 32e3 2 11 - 0.03 0.11 27300
aoDLAV 32e3 2 11 - 0.03 0.23 31436
aoULAV 32e3 2 11 - 0.03 0.22 32148
aoD2AG 32e3 2 11 - 0.02 0.25 35024
aoD2SG 32e3 2 11 - 0.02 0.27 34788
dry 400e2 2 233 - 0.03 0.11 27616
aoDLAV 400e2 2 233 - 0.03 0.23 32280
aoULAV 400e2 2 233 - 0.03 0.23 33116
aoD2AG 400e2 2 233 - 0.03 0.27 36072
aoD2SG 400e2 2 233 - 0.03 0.29 35928
dry 18e1 2 14 - 0.02 0.12 26004
aoDLAV 18e1 2 14 - 0.02 0.14 30188
aoULAV 18e1 2 14 - 0.02 0.14 30200
aoD2AG 18e1 2 14 - 0.03 0.13 30356
aoD2SG 18e1 2 14 - 0.02 0.14 30364
moore 18e1 2 14 - 0.03 0.23 30496
nbpm 18e1 2 14 - 0.06 2.27 54444
greedy 18e1 2 14 - 0.02 0.15 33348
dry 56e3 2 173 - 0.03 0.12 30224
aoDLAV 56e3 2 173 - 0.03 0.29 33480
aoULAV 56e3 2 173 - 0.03 0.29 34696
aoD2AG 56e3 2 173 - 0.03 0.36 37288
aoD2SG 56e3 2 173 - 0.02 0.39 37300
dry 56e3 2 198 - 0.02 0.12 28236
aoDLAV 56e3 2 198 - 0.03 0.28 33480
aoULAV 56e3 2 198 - 0.03 0.29 34700
aoD2AG 56e3 2 198 - 0.03 0.35 37284
aoD2SG 56e3 2 198 - 0.04 0.36 37300
dry 250e2 2 41 - 0.02 0.12 27020
aoDLAV 250e2 2 41 - 0.03 0.19 31112
aoULAV 250e2 2 41 - 0.03 0.20 31212
aoD2AG 250e2 2 41 - 0.02 0.22 33860
aoD2SG 250e2 2 41 - 0.03 0.22 33968
dry 1e6 2 10 - 0.04 0.20 49756
aoDLAV 1e6 2 10 - 0.11 3.37 178456
aoULAV 1e6 2 10 - 0.11 3.54 178456
aoD2AG 1e6 2 10 - 0.16 5.01 234008
aoD2SG 1e6 2 10 - 0.18 5.69 241328
dry 1e5 2 157 - 0.02 0.15 30676
aoDLAV 1e5 2 157 - 0.03 0.46 34804
aoULAV 1e5 2 157 - 0.04 0.49 35320
aoD2AG 1e5 2 157 - 0.04 0.58 42652
aoD2SG 1e5 2 157 - 0.05 0.66 43800
dry 32e1 2 19 - 0.03 0.11 26000
aoDLAV 32e1 2 19 - 0.02 0.14 30200
aoULAV 32e1 2 19 - 0.02 0.14 30208
aoD2AG 32e1 2 19 - 0.02 0.14 30376
aoD2SG 32e1 2 19 - 0.03 0.14 30384
moore 32e1 2 19 - 0.03 0.36 33676
nbpm 32e1 2 19 - 0.08 2.25 58300
greedy 32e1 2 19 - 0.03 0.20 40972
dry 1e1 2 154 - 0.02 0.11 25996
aoDLAV 1e1 2 154 - 0.02 0.14 30160
aoULAV 1e1 2 154 - 0.03 0.14 30172
aoD2AG 1e1 2 154 - 0.02 0.15 30316
aoD2SG 1e1 2 154 - 0.02 0.15 30320
moore 1e1 2 154 - 0.02 0.19 30484
nbpm 1e1 2 154 - 0.08 2.19 49824
greedy 1e1 2 154 - 0.03 0.14 30124
dry 18e1 2 98 - 0.02 0.12 26004
aoDLAV 18e1 2 98 - 0.04 0.13 30184
aoULAV 18e1 2 98 - 0.02 0.15 30196
aoD2AG 18e1 2 98 - 0.02 0.15 30356
aoD2SG 18e1 2 98 - 0.03 0.14 30364
moore 18e1 2 98 - 0.02 0.25 30492
nbpm 18e1 2 98 - 0.08 2.20 54440
greedy 18e1 2 98 - 0.03 0.15 33352
dry 32e1 2 50 - 0.02 0.12 26000
aoDLAV 32e1 2 50 - 0.03 0.14 30200
aoULAV 32e1 2 50 - 0.03 0.14 30208
aoD2AG 32e1 2 50 - 0.02 0.14 30376
aoD2SG 32e1 2 50 - 0.02 0.14 30384
moore 32e1 2 50 - 0.02 0.76 33688
nbpm 32e1 2 50 - 0.08 2.40 58308
greedy 32e1 2 50 - 0.03 0.22 40972
dry 300e2 2 84 - 0.03 0.11 29240
aoDLAV 300e2 2 84 - 0.03 0.22 31296
aoULAV 300e2 2 84 - 0.03 0.21 31892
aoD2AG 300e2 2 84 - 0.03 0.24 35060
aoD2SG 300e2 2 84 - 0.02 0.26 34720
dry 5e4 5 63 - 0.03 0.13 31380
aoDLAV 5e4 5 63 - 0.03 0.74 34704
aoULAV 5e4 5 63 - 0.03 0.66 34708
aoD2AG 5e4 5 63 - 0.03 0.78 37724
aoD2SG 5e4 5 63 - 0.04 0.84 37936
dry 250e2 2 56 - 0.02 0.11 27024
aoDLAV 250e2 2 56 - 0.03 0.19 31108
aoULAV 250e2 2 56 - 0.02 0.20 31212
aoD2AG 250e2 2 56 - 0.03 0.21 33864
aoD2SG 250e2 2 56 - 0.03 0.23 33964
dry 18e1 2 45 - 0.03 0.10 26004
aoDLAV 18e1 2 45 - 0.02 0.15 30188
aoULAV 18e1 2 45 - 0.02 0.15 30200
aoD2AG 18e1 2 45 - 0.03 0.14 30356
aoD2SG 18e1 2 45 - 0.02 0.14 30364
moore 18e1 2 45 - 0.03 0.37 30492
nbpm 18e1 2 45 - 0.08 2.23 54436
greedy 18e1 2 45 - 0.04 0.15 33348
dry 56e3 2 1 - 0.03 0.11 28240
aoDLAV 56e3 2 1 - 0.03 0.29 33480
aoULAV 56e3 2 1 - 0.03 0.31 34696
aoD2AG 56e3 2 1 - 0.03 0.37 37284
aoD2SG 56e3 2 1 - 0.04 0.37 37304
dry 1e1 2 101 - 0.02 0.12 25992
aoDLAV 1e1 2 101 - 0.03 0.14 30160
aoULAV 1e1 2 101 - 0.03 0.13 30172
aoD2AG 1e1 2 101 - 0.02 0.14 30316
aoD2SG 1e1 2 101 - 0.03 0.14 30324
moore 1e1 2 101 - 0.02 0.19 30476
nbpm 1e1 2 101 - 0.07 2.17 49816
greedy 1e1 2 101 - 0.02 0.15 30124
dry 1e5 2 18 - 0.03 0.12 31928
aoDLAV 1e5 2 18 - 0.02 0.44 34804
aoULAV 1e5 2 18 - 0.03 0.42 35320
aoD2AG 1e5 2 18 - 0.03 0.55 42600
aoD2SG 1e5 2 18 - 0.04 0.65 43800
dry 56e3 2 48 - 0.02 0.12 28236
aoDLAV 56e3 2 48 - 0.03 0.29 33476
aoULAV 56e3 2 48 - 0.03 0.30 34696
aoD2AG 56e3 2 48 - 0.04 0.36 37284
aoD2SG 56e3 2 48 - 0.04 0.40 37304
dry 18e4 2 78 - 0.03 0.14 33108
aoDLAV 18e4 2 78 - 0.05 0.80 47860
aoULAV 18e4 2 78 - 0.05 0.80 47860
aoD2AG 18e4 2 78 - 0.06 1.05 58644
aoD2SG 18e4 2 78 - 0.05 1.13 60072
dry 32e3 2 88 - 0.02 0.12 29272
aoDLAV 32e3 2 88 - 0.03 0.22 31436
aoULAV 32e3 2 88 - 0.03 0.23 32148
aoD2AG 32e3 2 88 - 0.03 0.25 35024
aoD2SG 32e3 2 88 - 0.03 0.27 34788
dry 1e3 10 195 - 0.02 0.11 26136
aoDLAV 1e3 10 195 - 0.03 0.16 30652
aoULAV 1e3 10 195 - 0.03 0.16 30664
aoD2AG 1e3 10 195 - 0.04 0.15 31060
aoD2SG 1e3 10 195 - 0.03 0.16 31084
moore 1e3 10 195 - 0.05 3.55 59868
nbpm 1e3 10 195 - 0.13 4.60 136240
greedy 1e3 10 195 - 0.10 1.06 139616
dry 375e2 2 192 - 0.03 0.11 29164
aoDLAV 375e2 2 192 - 0.03 0.22 31784
aoULAV 375e2 2 192 - 0.02 0.26 32600
aoD2AG 375e2 2 192 - 0.03 0.29 35516
aoD2SG 375e2 2 192 - 0.04 0.29 35528
dry 250e2 2 239 - 0.02 0.12 28892
aoDLAV 250e2 2 239 - 0.03 0.19 31112
aoULAV 250e2 2 239 - 0.03 0.20 31212
aoD2AG 250e2 2 239 - 0.04 0.22 33860
aoD2SG 250e2 2 239 - 0.03 0.23 33964
dry 325e2 2 189 - 0.02 0.12 27316
aoDLAV 325e2 2 189 - 0.02 0.23 31372
aoULAV 325e2 2 189 - 0.02 0.23 32084
aoD2AG 325e2 2 189 - 0.03 0.26 35004
aoD2SG 325e2 2 189 - 0.02 0.28 34760
dry 18e4 2 114 - 0.03 0.13 33104
aoDLAV 18e4 2 114 - 0.05 0.77 47864
aoULAV 18e4 2 114 - 0.03 0.81 47860
aoD2AG 18e4 2 114 - 0.05 1.04 58644
aoD2SG 18e4 2 114 - 0.06 1.13 59900
dry 1e1 2 192 - 0.02 0.11 25996
aoDLAV 1e1 2 192 - 0.02 0.14 30164
aoULAV 1e1 2 192 - 0.02 0.14 30172
aoD2AG 1e1 2 192 - 0.03 0.14 30316
aoD2SG 1e1 2 192 - 0.02 0.15 30320
moore 1e1 2 192 - 0.03 0.17 30484
nbpm 1e1 2 192 - 0.07 2.14 49824
greedy 1e1 2 192 - 0.02 0.14 30124
dry 32e1 2 233 - 0.02 0.12 26000
aoDLAV 32e1 2 233 - 0.03 0.14 30200
aoULAV 32e1 2 233 - 0.03 0.14 30212
aoD2AG 32e1 2 233 - 0.02 0.15 30376
aoD2SG 32e1 2 233 - 0.02 0.14 30384
moore 32e1 2 233 - 0.03 0.68 33676
nbpm 32e1 2 233 - 0.07 2.39 58304
greedy 32e1 2 233 - 0.03 0.21 40972
dry 18e4 2 184 - 0.02 0.14 33104
aoDLAV 18e4 2 184 - 0.04 0.76 47860
aoULAV 18e4 2 184 - 0.05 0.77 47860
aoD2AG 18e4 2 184 - 0.06 0.98 58640
aoD2SG 18e4 2 184 - 0.05 1.09 60272
dry 1e1 2 102 - 0.02 0.12 25992
aoDLAV 1e1 2 102 - 0.02 0.14 30160
aoULAV 1e1 2 102 - 0.02 0.14 30176
aoD2AG 1e1 2 102 - 0.02 0.14 30316
aoD2SG 1e1 2 102 - 0.03 0.13 30320
moore 1e1 2 102 - 0.02 0.18 30488
nbpm 1e1 2 102 - 0.08 2.17 49824
greedy 1e1 2 102 - 0.03 0.14 30124
dry 250e2 2 15 - 0.02 0.12 27024
aoDLAV 250e2 2 15 - 0.03 0.20 31108
aoULAV 250e2 2 15 - 0.03 0.19 31212
aoD2AG 250e2 2 15 - 0.02 0.22 33864
aoD2SG 250e2 2 15 - 0.02 0.24 33964
dry 18e4 2 62 - 0.02 0.14 33104
aoDLAV 18e4 2 62 - 0.05 0.83 47864
aoULAV 18e4 2 62 - 0.05 0.85 47860
aoD2AG 18e4 2 62 - 0.05 1.03 58644
aoD2SG 18e4 2 62 - 0.05 1.12 59844
dry 5e4 5 224 - 0.03 0.13 31516
aoDLAV 5e4 5 224 - 0.03 0.79 34708
aoULAV 5e4 5 224 - 0.03 0.72 34704
aoD2AG 5e4 5 224 - 0.03 0.78 37732
aoD2SG 5e4 5 224 - 0.03 0.88 37940
dry 275e2 2 34 - 0.03 0.11 27124
aoDLAV 275e2 2 34 - 0.03 0.22 31240
aoULAV 275e2 2 34 - 0.02 0.23 31572
aoD2AG 275e2 2 34 - 0.02 0.26 34700
aoD2SG 275e2 2 34 - 0.03 0.25 34812
dry 1e5 5 37 - 0.03 0.14 34476
aoDLAV 1e5 5 37 - 0.05 1.69 41820
aoULAV 1e5 5 37 - 0.04 1.43 43568
aoD2AG 1e5 5 37 - 0.05 2.28 53560
aoD2SG 1e5 5 37 - 0.05 1.71 53204
dry 1e2 5 156 - 0.02 0.11 25996
aoDLAV 1e2 5 156 - 0.02 0.14 30212
aoULAV 1e2 5 156 - 0.02 0.14 30224
aoD2AG 1e2 5 156 - 0.03 0.13 30388
aoD2SG 1e2 5 156 - 0.02 0.14 30392
moore 1e2 5 156 - 0.03 0.22 30492
nbpm 1e2 5 156 - 0.07 2.06 53020
greedy 1e2 5 156 - 0.03 0.14 30920
dry 250e2 2 178 - 0.02 0.11 30628
aoDLAV 250e2 2 178 - 0.03 0.19 31108
aoULAV 250e2 2 178 - 0.03 0.20 31212
aoD2AG 250e2 2 178 - 0.03 0.23 33860
aoD2SG 250e2 2 178 - 0.02 0.24 33960
dry 1e3 5 57 - 0.02 0.12 26060
aoDLAV 1e3 5 57 - 0.02 0.15 30424
aoULAV 1e3 5 57 - 0.03 0.14 30440
aoD2AG 1e3 5 57 - 0.03 0.14 30756
aoD2SG 1e3 5 57 - 0.03 0.14 30768
moore 1e3 5 57 - 0.05 3.97 59804
nbpm 1e3 5 57 - 0.13 5.05 129244
greedy 1e3 5 57 - 0.08 1.09 139388
dry 18e4 2 30 - 0.03 0.14 33104
aoDLAV 18e4 2 30 - 0.05 0.79 47860
aoULAV 18e4 2 30 - 0.04 0.82 47864
aoD2AG 18e4 2 30 - 0.06 1.06 59224
aoD2SG 18e4 2 30 - 0.06 1.13 59840
dry 300e2 2 14 - 0.03 0.11 27216
aoDLAV 300e2 2 14 - 0.02 0.22 31296
aoULAV 300e2 2 14 - 0.03 0.22 31892
aoD2AG 300e2 2 14 - 0.03 0.23 35056
aoD2SG 300e2 2 14 - 0.03 0.26 34752
dry 1e5 10 147 - 0.03 0.18 38396
aoDLAV 1e5 10 147 - 0.05 22.83 53536
aoULAV 1e5 10 147 - 0.05 22.37 55312
aoD2AG 1e5 10 147 - 0.12 23.51 63100
aoD2SG 1e5 10 147 - 0.05 26.12 66832
dry 1e2 2 132 - 0.02 0.12 25992
aoDLAV 1e2 2 132 - 0.02 0.15 30168
aoULAV 1e2 2 132 - 0.03 0.14 30184
aoD2AG 1e2 2 132 - 0.03 0.13 30340
aoD2SG 1e2 2 132 - 0.03 0.14 30340
moore 1e2 2 132 - 0.03 0.21 30492
nbpm 1e2 2 132 - 0.07 2.17 53008
greedy 1e2 2 132 - 0.03 0.14 30880
dry 275e2 2 139 - 0.02 0.11 27124
aoDLAV 275e2 2 139 - 0.02 0.21 31240
aoULAV 275e2 2 139 - 0.03 0.21 31576
aoD2AG 275e2 2 139 - 0.03 0.22 34712
aoD2SG 275e2 2 139 - 0.03 0.24 34812
dry 1e6 10 177 - 0.07 0.41 112236
aoDLAV 1e6 10 177 - 0.20 386.66 369896
aoULAV 1e6 10 177 - 0.29 380.19 369892
aoD2AG 1e6 10 177 - 0.40 389.45 446644
aoD2SG 1e6 10 177 - 0.43 648.18 456888
dry 225e2 2 108 - 0.02 0.12 30576
aoDLAV 225e2 2 108 - 0.03 0.19 30984
aoULAV 225e2 2 108 - 0.03 0.20 30992
aoD2AG 225e2 2 108 - 0.02 0.23 33368
aoD2SG 225e2 2 108 - 0.03 0.23 33460
dry 32e4 2 56 - 0.03 0.16 36424
aoDLAV 32e4 2 56 - 0.06 1.27 70832
aoULAV 32e4 2 56 - 0.06 1.27 70840
aoD2AG 32e4 2 56 - 0.06 1.66 88288
aoD2SG 32e4 2 56 - 0.07 1.82 90992
dry 1e5 10 74 - 0.04 0.17 38396
aoDLAV 1e5 10 74 - 0.05 20.40 53536
aoULAV 1e5 10 74 - 0.05 20.59 55308
aoD2AG 1e5 10 74 - 0.05 20.92 62588
aoD2SG 1e5 10 74 - 0.07 23.37 66832
dry 56e3 2 51 - 0.02 0.12 28236
aoDLAV 56e3 2 51 - 0.03 0.30 33480
aoULAV 56e3 2 51 - 0.03 0.30 34700
aoD2AG 56e3 2 51 - 0.05 0.35 37288
aoD2SG 56e3 2 51 - 0.03 0.40 37296
dry 1e5 10 184 - 0.05 0.17 38396
aoDLAV 1e5 10 184 - 0.04 20.99 53536
aoULAV 1e5 10 184 - 0.05 23.20 55308
aoD2AG 1e5 10 184 - 0.06 22.06 62640
aoD2SG 1e5 10 184 - 0.12 25.82 66836
dry 5e4 10 23 - 0.03 0.13 33892
aoDLAV 5e4 10 23 - 0.04 8.39 40200
aoULAV 5e4 10 23 - 0.04 8.38 40200
aoD2AG 5e4 10 23 - 0.04 8.69 44980
aoD2SG 5e4 10 23 - 0.04 9.38 45028
dry 275e2 2 60 - 0.03 0.11 27124
aoDLAV 275e2 2 60 - 0.03 0.21 31244
aoULAV 275e2 2 60 - 0.02 0.22 31572
aoD2AG 275e2 2 60 - 0.03 0.24 34700
aoD2SG 275e2 2 60 - 0.03 0.25 34808
dry 1e3 10 66 - 0.03 0.11 26140
aoDLAV 1e3 10 66 - 0.03 0.16 30652
aoULAV 1e3 10 66 - 0.02 0.17 30664
aoD2AG 1e3 10 66 - 0.03 0.16 31056
aoD2SG 1e3 10 66 - 0.03 0.17 31084
moore 1e3 10 66 - 0.04 4.10 59840
nbpm 1e3 10 66 - 0.13 4.81 136144
greedy 1e3 10 66 - 0.08 1.07 139616
dry 32e4 2 150 - 0.04 0.16 36428
aoDLAV 32e4 2 150 - 0.07 1.28 70828
aoULAV 32e4 2 150 - 0.06 1.32 70844
aoD2AG 32e4 2 150 - 0.07 1.78 89176
aoD2SG 32e4 2 150 - 0.06 2.01 91316
dry 325e2 2 52 - 0.03 0.11 27316
aoDLAV 325e2 2 52 - 0.03 0.22 31372
aoULAV 325e2 2 52 - 0.02 0.23 32084
aoD2AG 325e2 2 52 - 0.03 0.26 35004
aoD2SG 325e2 2 52 - 0.03 0.27 34760
dry 375e2 2 221 - 0.03 0.12 27520
aoDLAV 375e2 2 221 - 0.04 0.23 31784
aoULAV 375e2 2 221 - 0.04 0.24 32608
aoD2AG 375e2 2 221 - 0.03 0.28 35536
aoD2SG 375e2 2 221 - 0.03 0.30 35524
dry 56e3 2 94 - 0.03 0.12 28240
aoDLAV 56e3 2 94 - 0.04 0.29 33476
aoULAV 56e3 2 94 - 0.04 0.29 34696
aoD2AG 56e3 2 94 - 0.03 0.38 37320
aoD2SG 56e3 2 94 - 0.03 0.40 37300
dry 300e2 2 20 - 0.03 0.12 27216
aoDLAV 300e2 2 20 - 0.04 0.21 31296
aoULAV 300e2 2 20 - 0.02 0.23 31896
aoD2AG 300e2 2 20 - 0.03 0.26 35060
aoD2SG 300e2 2 20 - 0.04 0.27 34716
dry 1e5 5 160 - 0.03 0.14 34476
aoDLAV 1e5 5 160 - 0.04 1.48 41820
aoULAV 1e5 5 160 - 0.04 1.71 43568
aoD2AG 1e5 5 160 - 0.04 1.84 53560
aoD2SG 1e5 5 160 - 0.06 2.05 53204
dry 1e2 2 231 - 0.02 0.12 25992
aoDLAV 1e2 2 231 - 0.02 0.14 30168
aoULAV 1e2 2 231 - 0.02 0.14 30180
aoD2AG 1e2 2 231 - 0.02 0.15 30328
aoD2SG 1e2 2 231 - 0.02 0.15 30332
moore 1e2 2 231 - 0.02 0.23 30480
nbpm 1e2 2 231 - 0.07 2.19 53000
greedy 1e2 2 231 - 0.02 0.15 30880
dry 1e1 2 79 - 0.03 0.12 25992
aoDLAV 1e1 2 79 - 0.02 0.15 30160
aoULAV 1e1 2 79 - 0.02 0.15 30172
aoD2AG 1e1 2 79 - 0.02 0.15 30316
aoD2SG 1e1 2 79 - 0.02 0.15 30316
moore 1e1 2 79 - 0.03 0.18 30488
nbpm 1e1 2 79 - 0.07 2.18 49828
greedy 1e1 2 79 - 0.02 0.14 30128
dry 1e1 2 221 - 0.02 0.12 25996
aoDLAV 1e1 2 221 - 0.02 0.14 30164
aoULAV 1e1 2 221 - 0.02 0.15 30176
aoD2AG 1e1 2 221 - 0.03 0.14 30316
aoD2SG 1e1 2 221 - 0.02 0.15 30320
moore 1e1 2 221 - 0.02 0.19 30476
nbpm 1e1 2 221 - 0.07 2.18 49816
greedy 1e1 2 221 - 0.02 0.15 30124
dry 56e4 2 50 - 0.04 0.18 41104
aoDLAV 56e4 2 50 - 0.07 2.18 107984
aoULAV 56e4 2 50 - 0.08 2.26 107984
aoD2AG 56e4 2 50 - 0.10 3.23 140288
aoD2SG 56e4 2 50 - 0.14 3.58 143752
dry 350e2 2 208 - 0.02 0.12 30828
aoDLAV 350e2 2 208 - 0.03 0.23 31480
aoULAV 350e2 2 208 - 0.04 0.24 32260
aoD2AG 350e2 2 208 - 0.03 0.27 34916
aoD2SG 350e2 2 208 - 0.04 0.27 35132
dry 1e3 2 37 - 0.02 0.12 26020
aoDLAV 1e3 2 37 - 0.04 0.14 30280
aoULAV 1e3 2 37 - 0.02 0.15 30292
aoD2AG 1e3 2 37 - 0.03 0.14 30536
aoD2SG 1e3 2 37 - 0.03 0.15 30604
moore 1e3 2 37 - 0.06 3.83 59768
nbpm 1e3 2 37 - 0.13 4.27 138552
greedy 1e3 2 37 - 0.07 1.08 139248
dry 1e2 2 242 - 0.03 0.11 25992
aoDLAV 1e2 2 242 - 0.03 0.14 30168
aoULAV 1e2 2 242 - 0.02 0.15 30180
aoD2AG 1e2 2 242 - 0.03 0.14 30332
aoD2SG 1e2 2 242 - 0.02 0.15 30332
moore 1e2 2 242 - 0.02 0.21 30484
nbpm 1e2 2 242 - 0.08 2.19 53000
greedy 1e2 2 242 - 0.02 0.15 30880
dry 1e2 2 211 - 0.02 0.12 25992
aoDLAV 1e2 2 211 - 0.02 0.15 30168
aoULAV 1e2 2 211 - 0.03 0.14 30180
aoD2AG 1e2 2 211 - 0.02 0.15 30336
aoD2SG 1e2 2 211 - 0.03 0.14 30348
moore 1e2 2 211 - 0.03 0.22 30492
nbpm 1e2 2 211 - 0.09 2.18 53012
greedy 1e2 2 211 - 0.02 0.15 30884
dry 32e1 2 191 - 0.03 0.11 26000
aoDLAV 32e1 2 191 - 0.02 0.14 30196
aoULAV 32e1 2 191 - 0.03 0.14 30212
aoD2AG 32e1 2 191 - 0.03 0.14 30376
aoD2SG 32e1 2 191 - 0.02 0.15 30384
moore 32e1 2 191 - 0.03 0.50 33680
nbpm 32e1 2 191 - 0.07 2.43 58300
greedy 32e1 2 191 - 0.03 0.22 40972
dry 300e2 2 58 - 0.02 0.12 30728
aoDLAV 300e2 2 58 - 0.04 0.21 31296
aoULAV 300e2 2 58 - 0.04 0.21 31896
aoD2AG 300e2 2 58 - 0.03 0.25 35060
aoD2SG 300e2 2 58 - 0.03 0.25 34712
dry 1e3 2 250 - 0.02 0.12 26024
aoDLAV 1e3 2 250 - 0.03 0.14 30284
aoULAV 1e3 2 250 - 0.02 0.15 30292
aoD2AG 1e3 2 250 - 0.02 0.15 30536
aoD2SG 1e3 2 250 - 0.04 0.13 30560
moore 1e3 2 250 - 0.05 3.28 59796
nbpm 1e3 2 250 - 0.12 4.12 138612
greedy 1e3 2 250 - 0.08 1.07 139244
dry 1e2 10 242 - 0.03 0.11 26004
aoDLAV 1e2 10 242 - 0.03 0.14 30260
aoULAV 1e2 10 242 - 0.03 0.14 30276
aoD2AG 1e2 10 242 - 0.03 0.14 30440
aoD2SG 1e2 10 242 - 0.03 0.14 30448
moore 1e2 10 242 - 0.04 0.21 30496
nbpm 1e2 10 242 - 0.06 2.20 53076
greedy 1e2 10 242 - 0.02 0.15 30972
dry 1e3 2 132 - 0.02 0.12 26024
aoDLAV 1e3 2 132 - 0.03 0.14 30284
aoULAV 1e3 2 132 - 0.03 0.14 30292
aoD2AG 1e3 2 132 - 0.03 0.14 30540
aoD2SG 1e3 2 132 - 0.02 0.15 30560
moore 1e3 2 132 - 0.04 2.80 59800
nbpm 1e3 2 132 - 0.12 4.19 138552
greedy 1e3 2 132 - 0.08 1.06 139244
dry 18e4 2 203 - 0.03 0.13 33108
aoDLAV 18e4 2 203 - 0.04 0.78 47860
aoULAV 18e4 2 203 - 0.05 0.80 47864
aoD2AG 18e4 2 203 - 0.06 1.02 58640
aoD2SG 18e4 2 203 - 0.06 1.14 59824
dry 1e1 2 31 - 0.02 0.12 25996
aoDLAV 1e1 2 31 - 0.03 0.14 30160
aoULAV 1e1 2 31 - 0.03 0.14 30172
aoD2AG 1e1 2 31 - 0.02 0.15 30316
aoD2SG 1e1 2 31 - 0.02 0.15 30320
moore 1e1 2 31 - 0.03 0.18 30488
nbpm 1e1 2 31 - 0.08 2.16 49824
greedy 1e1 2 31 - 0.03 0.14 30124
dry 1e5 2 216 - 0.03 0.13 31012
aoDLAV 1e5 2 216 - 0.03 0.45 34800
aoULAV 1e5 2 216 - 0.04 0.46 35320
aoD2AG 1e5 2 216 - 0.03 0.59 42656
aoD2SG 1e5 2 216 - 0.04 0.66 43796
dry 1e2 5 214 - 0.02 0.12 25996
aoDLAV 1e2 5 214 - 0.02 0.15 30212
aoULAV 1e2 5 214 - 0.02 0.14 30224
aoD2AG 1e2 5 214 - 0.03 0.14 30384
aoD2SG 1e2 5 214 - 0.03 0.14 30388
moore 1e2 5 214 - 0.02 0.23 30492
nbpm 1e2 5 214 - 0.08 2.20 53016
greedy 1e2 5 214 - 0.03 0.15 30920
dry 1e6 2 60 - 0.04 0.20 49704
aoDLAV 1e6 2 60 - 0.12 3.93 178456
aoULAV 1e6 2 60 - 0.11 4.07 178456
aoD2AG 1e6 2 60 - 0.16 5.75 233828
aoD2SG 1e6 2 60 - 0.22 6.59 241244
dry 1e6 10 25 - 0.08 0.41 112232
aoDLAV 1e6 10 25 - 0.39 391.68 369884
aoULAV 1e6 10 25 - 0.37 520.82 369888
aoD2AG 1e6 10 25 - 0.41 331.06 448716
aoD2SG 1e6 10 25 - 0.39 435.84 458848
