dry 18e3 2 134 - 0.03 0.10 26748
aoDLAV 18e3 2 134 - 0.02 0.17 30740
aoULAV 18e3 2 134 - 0.03 0.17 30740
aoD2AG 18e3 2 134 - 0.03 0.17 31804
aoD2SG 18e3 2 134 - 0.02 0.19 31812
moore 18e3 2 134 - 2.89 5181.43 9534988
nbpm 18e3 2 134 - 23.74 1912.14 25451064
greedy 18e3 2 134 - 18.55 1035.16 35458372
dry 9e7 2 38 - 0.99 2.72 1787984
aoDLAV 9e7 2 38 - 6.99 535.16 13377684
aoULAV 9e7 2 38 - 9.25 561.84 13377684
aoD2AG 9e7 2 38 - 16.96 786.04 19672808
aoD2SG 9e7 2 38 - 18.38 942.57 20388592
dry 2e4 5 152 - 0.03 0.12 31012
aoDLAV 2e4 5 152 - 0.03 0.29 32760
aoULAV 2e4 5 152 - 0.02 0.28 32772
aoD2AG 2e4 5 152 - 0.04 0.30 33344
aoD2SG 2e4 5 152 - 0.03 0.34 32860
moore 2e4 5 152 - 3.41 7008.76 11768084
nbpm 2e4 5 152 - 29.23 4750.85 34200528
greedy 2e4 5 152 - 24.65 1312.99 43774004
dry 175e2 2 107 - 0.03 0.11 27952
aoDLAV 175e2 2 107 - 0.02 0.19 30748
aoULAV 175e2 2 107 - 0.03 0.18 30720
aoD2AG 175e2 2 107 - 0.03 0.19 31756
aoD2SG 175e2 2 107 - 0.03 0.20 31756
moore 175e2 2 107 - 2.83 4687.35 9014020
nbpm 175e2 2 107 - 21.63 2187.29 22863136
greedy 175e2 2 107 - 19.20 1026.32 33516976
dry 2e4 2 245 - 0.03 0.12 26828
aoDLAV 2e4 2 245 - 0.03 0.19 30812
aoULAV 2e4 2 245 - 0.03 0.20 30812
aoD2AG 2e4 2 245 - 0.03 0.21 32288
aoD2SG 2e4 2 245 - 0.03 0.22 32292
moore 2e4 2 245 - 3.49 6706.11 11765556
nbpm 2e4 2 245 - 29.10 2652.46 31402200
greedy 2e4 2 245 - 23.97 1232.93 43771040
dry 9e7 2 78 - 0.96 2.73 1787984
aoDLAV 9e7 2 78 - 7.19 540.45 13377684
aoULAV 9e7 2 78 - 9.57 566.76 13377684
aoD2AG 9e7 2 78 - 17.79 799.27 19672968
aoD2SG 9e7 2 78 - 18.14 934.89 20390408
dry 1e8 5 97 - 2.37 6.25 4327052
aoDLAV 1e8 5 97 - 11.35 2965.74 23065204
aoULAV 1e8 5 97 - 16.22 2577.31 23065204
aoD2AG 1e8 5 97 - 27.01 3942.85 30455976
aoD2SG 1e8 5 97 - 27.48 3580.00 31310840
dry 1e8 2 225 - 1.11 3.08 1983296
aoDLAV 1e8 2 225 - 8.60 595.97 14862072
aoULAV 1e8 2 225 - 11.21 629.25 14862068
aoD2AG 1e8 2 225 - 19.94 916.26 21854028
aoD2SG 1e8 2 225 - 20.95 1104.61 22652712
dry 2e4 10 127 - 0.03 0.12 30668
aoDLAV 2e4 10 127 - 0.04 1.97 34836
aoULAV 2e4 10 127 - 0.04 1.97 34848
aoD2AG 2e4 10 127 - 0.04 2.04 36096
aoD2SG 2e4 10 127 - 0.04 2.18 36076
moore 2e4 10 127 - 3.46 8151.95 11770836
nbpm 2e4 10 127 - 29.27 6068.68 30880036
greedy 2e4 10 127 - 24.15 1270.78 43775820
dry 125e2 2 11 - 0.02 0.12 26532
aoDLAV 125e2 2 11 - 0.03 0.18 30708
aoULAV 125e2 2 11 - 0.03 0.18 30708
aoD2AG 125e2 2 11 - 0.02 0.19 31420
aoD2SG 125e2 2 11 - 0.03 0.18 31380
moore 125e2 2 11 - 1.63 1547.50 4611540
nbpm 125e2 2 11 - 11.61 691.98 12302324
greedy 125e2 2 11 - 10.21 490.72 17109968
dry 150e2 2 231 - 0.03 0.11 26628
aoDLAV 150e2 2 231 - 0.03 0.18 30824
aoULAV 150e2 2 231 - 0.04 0.17 30824
aoD2AG 150e2 2 231 - 0.03 0.19 31608
aoD2SG 150e2 2 231 - 0.05 0.18 31608
moore 150e2 2 231 - 2.22 3112.55 6629344
nbpm 150e2 2 231 - 17.02 1145.18 16814168
greedy 150e2 2 231 - 14.40 724.99 24630024
dry 175e2 2 65 - 0.02 0.12 26732
aoDLAV 175e2 2 65 - 0.03 0.18 30716
aoULAV 175e2 2 65 - 0.03 0.19 30716
aoD2AG 175e2 2 65 - 0.03 0.21 31756
aoD2SG 175e2 2 65 - 0.04 0.20 31760
moore 175e2 2 65 - 2.75 4398.29 9014032
nbpm 175e2 2 65 - 21.98 1895.29 22863144
greedy 175e2 2 65 - 19.06 1042.63 33516976
dry 175e2 2 76 - 0.03 0.12 26732
aoDLAV 175e2 2 76 - 0.03 0.19 30716
aoULAV 175e2 2 76 - 0.03 0.20 30716
aoD2AG 175e2 2 76 - 0.03 0.21 31752
aoD2SG 175e2 2 76 - 0.04 0.21 31760
moore 175e2 2 76 - 2.83 4324.47 9014028
nbpm 175e2 2 76 - 27.32 1906.02 22863144
greedy 175e2 2 76 - 19.03 940.67 33516976
dry 2e4 10 141 - 0.03 0.12 29416
aoDLAV 2e4 10 141 - 0.03 1.68 34836
aoULAV 2e4 10 141 - 0.05 1.68 34848
aoD2AG 2e4 10 141 - 0.04 1.84 36128
aoD2SG 2e4 10 141 - 0.05 2.00 36076
moore 2e4 10 141 - 3.43 7296.13 11770836
nbpm 2e4 10 141 - 28.95 5786.34 30880040
greedy 2e4 10 141 - 23.70 1685.86 43775820
dry 2e4 10 169 - 0.03 0.12 29364
aoDLAV 2e4 10 169 - 0.04 1.55 34836
aoULAV 2e4 10 169 - 0.03 1.90 34848
aoD2AG 2e4 10 169 - 0.05 1.79 36076
aoD2SG 2e4 10 169 - 0.04 2.09 36076
moore 2e4 10 169 - 4.49 7327.26 11770836
nbpm 2e4 10 169 - 31.69 5742.47 30880040
greedy 2e4 10 169 - 24.58 1338.79 43775820
dry 8e7 2 89 - 1.16 2.51 1592676
aoDLAV 8e7 2 89 - 7.34 537.78 11893324
aoULAV 8e7 2 89 - 8.54 501.54 11893356
aoD2AG 8e7 2 89 - 15.27 717.19 17489148
aoD2SG 8e7 2 89 - 16.20 854.07 18129708
dry 2e4 5 241 - 0.03 0.12 27780
aoDLAV 2e4 5 241 - 0.03 0.30 32756
aoULAV 2e4 5 241 - 0.02 0.30 32772
aoD2AG 2e4 5 241 - 0.04 0.36 33340
aoD2SG 2e4 5 241 - 0.03 0.40 32860
moore 2e4 5 241 - 3.43 7073.11 11768084
nbpm 2e4 5 241 - 35.46 5561.90 34200504
greedy 2e4 5 241 - 24.85 1400.94 43774040
dry 150e2 2 100 - 0.03 0.11 26628
aoDLAV 150e2 2 100 - 0.03 0.18 30824
aoULAV 150e2 2 100 - 0.04 0.17 30828
aoD2AG 150e2 2 100 - 0.03 0.19 31608
aoD2SG 150e2 2 100 - 0.03 0.19 31608
moore 150e2 2 100 - 2.16 3032.84 6629344
nbpm 150e2 2 100 - 14.71 1126.45 16814168
greedy 150e2 2 100 - 14.58 684.18 24630024
dry 175e2 2 112 - 0.03 0.11 26732
aoDLAV 175e2 2 112 - 0.03 0.18 30716
aoULAV 175e2 2 112 - 0.03 0.19 30720
aoD2AG 175e2 2 112 - 0.04 0.19 31752
aoD2SG 175e2 2 112 - 0.03 0.20 31764
moore 175e2 2 112 - 2.85 4853.05 9014032
nbpm 175e2 2 112 - 22.00 2729.10 22863144
greedy 175e2 2 112 - 19.02 892.34 33516976
dry 175e2 2 180 - 0.02 0.12 26732
aoDLAV 175e2 2 180 - 0.03 0.20 30720
aoULAV 175e2 2 180 - 0.02 0.20 30716
aoD2AG 175e2 2 180 - 0.03 0.22 31756
aoD2SG 175e2 2 180 - 0.02 0.22 31756
moore 175e2 2 180 - 2.85 4301.35 9014032
nbpm 175e2 2 180 - 21.64 1793.27 22863144
greedy 175e2 2 180 - 20.15 1097.87 33516980
dry 1e8 5 220 - 2.68 6.38 4327056
aoDLAV 1e8 5 220 - 13.28 2732.97 23065204
aoULAV 1e8 5 220 - 16.37 2678.51 23065204
aoD2AG 1e8 5 220 - 27.53 2938.62 30456564
aoD2SG 1e8 5 220 - 28.70 3572.20 31304804
dry 125e2 2 233 - 0.03 0.12 26536
aoDLAV 125e2 2 233 - 0.03 0.17 30708
aoULAV 125e2 2 233 - 0.03 0.18 30708
aoD2AG 125e2 2 233 - 0.03 0.19 31376
aoD2SG 125e2 2 233 - 0.04 0.19 31376
moore 125e2 2 233 - 1.60 2252.07 4611548
nbpm 125e2 2 233 - 11.60 681.65 12302324
greedy 125e2 2 233 - 10.22 445.81 17109968
dry 1e8 5 61 - 2.34 6.38 4327052
aoDLAV 1e8 5 61 - 11.58 2724.49 23065204
aoULAV 1e8 5 61 - 16.16 2683.34 23065204
aoD2AG 1e8 5 61 - 26.47 2872.83 30456804
aoD2SG 1e8 5 61 - 27.29 3534.44 31313464
dry 1e8 5 3 - 2.30 6.27 4327052
aoDLAV 1e8 5 3 - 11.57 3454.16 23065208
aoULAV 1e8 5 3 - 16.89 3634.79 23065204
aoD2AG 1e8 5 3 - 26.15 3937.69 30453640
aoD2SG 1e8 5 3 - 27.24 3586.17 31308652
dry 2e4 2 158 - 0.02 0.12 26828
aoDLAV 2e4 2 158 - 0.03 0.19 30808
aoULAV 2e4 2 158 - 0.04 0.19 30812
aoD2AG 2e4 2 158 - 0.03 0.21 32288
aoD2SG 2e4 2 158 - 0.03 0.21 32292
moore 2e4 2 158 - 3.47 6376.80 11765544
nbpm 2e4 2 158 - 28.94 2667.52 31402192
greedy 2e4 2 158 - 24.05 1230.47 43771040
dry 2e4 10 101 - 0.04 0.11 29368
aoDLAV 2e4 10 101 - 0.03 1.68 34836
aoULAV 2e4 10 101 - 0.03 1.70 34848
aoD2AG 2e4 10 101 - 0.04 1.75 36076
aoD2SG 2e4 10 101 - 0.03 1.98 36076
moore 2e4 10 101 - 3.58 7128.60 11770832
nbpm 2e4 10 101 - 29.39 6222.41 30880044
greedy 2e4 10 101 - 23.85 1238.28 43775820
dry 150e2 2 203 - 0.03 0.11 26628
aoDLAV 150e2 2 203 - 0.03 0.17 30824
aoULAV 150e2 2 203 - 0.03 0.18 30824
aoD2AG 150e2 2 203 - 0.03 0.19 31608
aoD2SG 150e2 2 203 - 0.02 0.20 31612
moore 150e2 2 203 - 2.26 3549.79 6629352
nbpm 150e2 2 203 - 14.65 1130.67 16814176
greedy 150e2 2 203 - 13.45 678.80 24630028
dry 1e8 5 123 - 2.38 6.27 4327056
aoDLAV 1e8 5 123 - 11.96 3200.56 23065204
aoULAV 1e8 5 123 - 16.89 3554.64 23065208
aoD2AG 1e8 5 123 - 26.80 3054.33 30454656
aoD2SG 1e8 5 123 - 28.47 3704.21 31308268
dry 125e2 2 147 - 0.03 0.11 28548
aoDLAV 125e2 2 147 - 0.03 0.18 30708
aoULAV 125e2 2 147 - 0.03 0.17 30712
aoD2AG 125e2 2 147 - 0.03 0.19 31376
aoD2SG 125e2 2 147 - 0.03 0.19 31376
moore 125e2 2 147 - 1.57 1530.98 4611540
nbpm 125e2 2 147 - 11.77 697.07 12302320
greedy 125e2 2 147 - 9.46 462.20 17109968
dry 2e4 5 212 - 0.03 0.12 27776
aoDLAV 2e4 5 212 - 0.03 0.32 32756
aoULAV 2e4 5 212 - 0.03 0.30 32768
aoD2AG 2e4 5 212 - 0.04 0.33 33344
aoD2SG 2e4 5 212 - 0.04 0.37 32860
