dry 32e5 2 132 - 0.05 0.25 92676
aoDLAV 32e5 2 132 - 0.25 12.34 493324
aoULAV 32e5 2 132 - 0.27 12.52 493340
aoD2AG 32e5 2 132 - 0.39 17.81 718208
aoD2SG 32e5 2 132 - 0.40 20.70 743520
dry 1e7 2 235 - 0.11 0.44 225484
aoDLAV 1e7 2 235 - 0.73 43.44 1502688
aoULAV 1e7 2 235 - 0.75 46.20 1502688
aoD2AG 1e7 2 235 - 1.80 74.16 2204200
aoD2SG 1e7 2 235 - 1.61 76.87 2284908
dry 1e7 10 182 - 0.42 1.36 850512
aoDLAV 1e7 10 182 - 1.61 6659.05 3534060
aoULAV 1e7 10 182 - 2.49 6341.66 3533964
aoD2AG 1e7 10 182 - 3.52 4871.17 4337800
aoD2SG 1e7 10 182 - 4.10 8307.65 4428232
dry 56e5 2 17 - 0.10 0.31 139548
aoDLAV 56e5 2 17 - 0.52 26.64 849556
aoULAV 56e5 2 17 - 0.63 27.94 849560
aoD2AG 56e5 2 17 - 0.87 38.64 1241592
aoD2SG 56e5 2 17 - 0.95 44.07 1286020
dry 1e7 2 17 - 0.14 0.44 225484
aoDLAV 1e7 2 17 - 0.87 51.41 1502684
aoULAV 1e7 2 17 - 0.78 46.96 1502684
aoD2AG 1e7 2 17 - 1.57 66.89 2206116
aoD2SG 1e7 2 17 - 1.90 77.45 2284844
dry 1e7 5 69 - 0.25 0.78 459868
aoDLAV 1e7 5 69 - 1.17 247.17 2323016
aoULAV 1e7 5 69 - 1.67 249.93 2323016
aoD2AG 1e7 5 69 - 2.14 272.53 3064800
aoD2SG 1e7 5 69 - 2.66 289.45 3150680
dry 56e5 2 203 - 0.08 0.32 139548
aoDLAV 56e5 2 203 - 0.44 23.23 849556
aoULAV 56e5 2 203 - 0.45 24.39 849556
aoD2AG 56e5 2 203 - 0.84 34.95 1242624
aoD2SG 56e5 2 203 - 0.80 40.30 1285984
dry 1e7 10 221 - 0.43 1.38 850512
aoDLAV 1e7 10 221 - 1.77 5734.74 3533956
aoULAV 1e7 10 221 - 2.41 5659.14 3533956
aoD2AG 1e7 10 221 - 3.52 4766.88 4336856
aoD2SG 1e7 10 221 - 4.59 5713.79 4428228
dry 32e5 2 90 - 0.06 0.25 92676
aoDLAV 32e5 2 90 - 0.26 11.71 493328
aoULAV 32e5 2 90 - 0.28 12.50 493336
aoD2AG 32e5 2 90 - 0.40 17.93 717520
aoD2SG 32e5 2 90 - 0.43 20.50 743388
dry 1e7 2 106 - 0.13 0.43 225488
aoDLAV 1e7 2 106 - 0.76 43.60 1502684
aoULAV 1e7 2 106 - 0.83 46.11 1502684
aoD2AG 1e7 2 106 - 1.57 65.23 2203884
aoD2SG 1e7 2 106 - 1.87 75.40 2284860
dry 32e5 2 162 - 0.06 0.25 92676
aoDLAV 32e5 2 162 - 0.28 11.73 493328
aoULAV 32e5 2 162 - 0.27 12.50 493336
aoD2AG 32e5 2 162 - 0.40 17.93 717016
aoD2SG 32e5 2 162 - 0.41 20.50 743608
dry 1e7 2 133 - 0.12 0.44 225488
aoDLAV 1e7 2 133 - 0.76 43.61 1502688
aoULAV 1e7 2 133 - 0.76 46.31 1502688
aoD2AG 1e7 2 133 - 1.63 65.12 2204724
aoD2SG 1e7 2 133 - 1.89 75.38 2281208
dry 1e7 5 207 - 0.26 0.78 459868
aoDLAV 1e7 5 207 - 1.07 210.83 2323016
aoULAV 1e7 5 207 - 1.53 214.50 2323016
aoD2AG 1e7 5 207 - 2.19 239.59 3064104
aoD2SG 1e7 5 207 - 2.84 317.91 3151376
dry 1e7 2 199 - 0.13 0.43 225484
aoDLAV 1e7 2 199 - 0.80 44.31 1502684
aoULAV 1e7 2 199 - 0.77 47.03 1502688
aoD2AG 1e7 2 199 - 1.69 67.12 2202992
aoD2SG 1e7 2 199 - 2.03 78.31 2284816
dry 1e7 10 80 - 0.44 1.38 850508
aoDLAV 1e7 10 80 - 1.73 5870.70 3533960
aoULAV 1e7 10 80 - 2.50 4783.84 3533952
aoD2AG 1e7 10 80 - 3.49 4773.07 4338836
aoD2SG 1e7 10 80 - 3.67 5824.29 4426504
dry 18e5 2 139 - 0.05 0.20 65328
aoDLAV 18e5 2 139 - 0.16 6.46 285508
aoULAV 18e5 2 139 - 0.14 6.74 285520
aoD2AG 18e5 2 139 - 0.25 9.95 412124
aoD2SG 18e5 2 139 - 0.25 11.12 427036
dry 1e7 10 21 - 0.40 1.39 850508
aoDLAV 1e7 10 21 - 1.87 4815.26 3534060
aoULAV 1e7 10 21 - 2.40 4871.89 3533956
aoD2AG 1e7 10 21 - 3.60 4814.60 4337456
aoD2SG 1e7 10 21 - 3.59 7071.00 4427596
dry 1e7 5 23 - 0.23 0.78 459868
aoDLAV 1e7 5 23 - 1.02 205.91 2323020
aoULAV 1e7 5 23 - 1.53 210.47 2323016
aoD2AG 1e7 5 23 - 2.11 233.47 3061852
aoD2SG 1e7 5 23 - 2.61 276.93 3149396
dry 56e5 2 78 - 0.07 0.32 139548
aoDLAV 56e5 2 78 - 0.46 22.32 849556
aoULAV 56e5 2 78 - 0.47 23.56 849560
aoD2AG 56e5 2 78 - 0.73 33.55 1242324
aoD2SG 56e5 2 78 - 0.77 38.53 1285796
dry 1e7 10 249 - 0.41 1.37 850508
aoDLAV 1e7 10 249 - 1.76 4752.12 3533956
aoULAV 1e7 10 249 - 2.55 4779.73 3533952
aoD2AG 1e7 10 249 - 3.52 6834.40 4337412
aoD2SG 1e7 10 249 - 3.72 5843.58 4428852
dry 1e7 5 70 - 0.25 0.78 459868
aoDLAV 1e7 5 70 - 1.08 216.46 2323016
aoULAV 1e7 5 70 - 1.10 219.41 2323020
aoD2AG 1e7 5 70 - 2.54 242.37 3065164
aoD2SG 1e7 5 70 - 2.71 288.65 3149412
dry 1e7 10 123 - 0.49 1.39 850512
aoDLAV 1e7 10 123 - 1.49 5507.87 3533960
aoULAV 1e7 10 123 - 2.87 6813.88 3534060
aoD2AG 1e7 10 123 - 3.58 6154.76 4336248
aoD2SG 1e7 10 123 - 3.46 5917.44 4425172
