dry 56e2 2 4 - 0.02 0.12 26236
aoDLAV 56e2 2 4 - 0.03 0.14 30976
aoULAV 56e2 2 4 - 0.02 0.15 30988
aoD2AG 56e2 2 4 - 0.03 0.16 31992
aoD2SG 56e2 2 4 - 0.03 0.16 31120
moore 56e2 2 4 - 0.89 274.57 952728
nbpm 56e2 2 4 - 2.35 73.53 2388088
greedy 56e2 2 4 - 2.15 102.00 3460488
dry 50e2 2 217 - 0.02 0.12 26204
aoDLAV 50e2 2 217 - 0.02 0.16 30848
aoULAV 50e2 2 217 - 0.03 0.16 30860
aoD2AG 50e2 2 217 - 0.03 0.16 31788
aoD2SG 50e2 2 217 - 0.03 0.17 31864
moore 50e2 2 217 - 0.54 183.35 764624
nbpm 50e2 2 217 - 1.86 54.38 2011912
greedy 50e2 2 217 - 1.61 66.67 2764784
dry 18e2 2 109 - 0.03 0.12 26052
aoDLAV 18e2 2 109 - 0.03 0.16 30376
aoULAV 18e2 2 109 - 0.03 0.15 30388
aoD2AG 18e2 2 109 - 0.03 0.15 30808
aoD2SG 18e2 2 109 - 0.03 0.15 30824
moore 18e2 2 109 - 0.06 13.17 125412
nbpm 18e2 2 109 - 0.18 7.57 334528
greedy 18e2 2 109 - 0.20 4.90 384352
dry 1e4 10 169 - 0.03 0.12 29372
aoDLAV 1e4 10 169 - 0.03 0.84 32764
aoULAV 1e4 10 169 - 0.03 0.80 32776
aoD2AG 1e4 10 169 - 0.05 0.78 32744
aoD2SG 1e4 10 169 - 0.02 0.87 34180
moore 1e4 10 169 - 1.17 882.17 2963856
nbpm 1e4 10 169 - 7.50 743.81 7764384
greedy 1e4 10 169 - 6.54 287.62 10961108
dry 4e7 2 159 - 0.52 1.37 811424
aoDLAV 4e7 2 159 - 3.50 233.16 5955816
aoULAV 4e7 2 159 - 4.27 308.98 5955816
aoD2AG 4e7 2 159 - 7.66 339.61 8753836
aoD2SG 4e7 2 159 - 8.51 402.02 9074560
dry 56e2 2 22 - 0.02 0.12 26236
aoDLAV 56e2 2 22 - 0.03 0.15 30980
aoULAV 56e2 2 22 - 0.02 0.16 30988
aoD2AG 56e2 2 22 - 0.03 0.17 31968
aoD2SG 56e2 2 22 - 0.03 0.17 31124
moore 56e2 2 22 - 0.89 268.19 952724
nbpm 56e2 2 22 - 2.35 72.71 2388092
greedy 56e2 2 22 - 1.95 76.63 3460488
dry 32e6 2 85 - 0.42 1.07 655176
aoDLAV 32e6 2 85 - 2.55 183.29 4768324
aoULAV 32e6 2 85 - 3.37 194.61 4768340
aoD2AG 32e6 2 85 - 5.43 266.48 7005852
aoD2SG 32e6 2 85 - 6.59 325.31 7262640
dry 3e7 2 64 - 0.35 1.06 616104
aoDLAV 3e7 2 64 - 2.64 172.13 4471428
aoULAV 3e7 2 64 - 3.52 185.21 4471428
aoD2AG 3e7 2 64 - 5.97 258.81 6570244
aoD2SG 3e7 2 64 - 6.36 305.68 6811012
dry 4e7 2 85 - 0.46 1.36 811424
aoDLAV 4e7 2 85 - 3.28 229.47 5955820
aoULAV 4e7 2 85 - 3.45 247.86 5955820
aoD2AG 4e7 2 85 - 7.58 361.02 8753668
aoD2SG 4e7 2 85 - 8.31 490.31 9072436
dry 18e6 2 209 - 0.23 0.71 381736
aoDLAV 18e6 2 209 - 1.59 94.36 2690192
aoULAV 18e6 2 209 - 2.03 101.41 2690192
aoD2AG 18e6 2 209 - 3.23 149.46 3950472
aoD2SG 18e6 2 209 - 3.43 167.61 4093628
dry 4e7 2 42 - 0.45 1.32 811424
aoDLAV 4e7 2 42 - 3.54 228.79 5955816
aoULAV 4e7 2 42 - 4.30 259.25 5955816
aoD2AG 4e7 2 42 - 8.18 342.72 8755056
aoD2SG 4e7 2 42 - 8.67 408.94 9073832
dry 3e7 2 151 - 0.39 1.02 616104
aoDLAV 3e7 2 151 - 2.68 167.59 4471428
aoULAV 3e7 2 151 - 3.36 181.61 4471428
aoD2AG 3e7 2 151 - 5.52 251.56 6569432
aoD2SG 3e7 2 151 - 6.22 336.20 6808708
dry 2e7 2 228 - 0.24 0.74 420796
aoDLAV 2e7 2 228 - 1.81 138.09 2987072
aoULAV 2e7 2 228 - 2.22 112.20 2987072
aoD2AG 2e7 2 228 - 3.48 161.04 4387652
aoD2SG 2e7 2 228 - 4.12 193.32 4547996
dry 3e7 2 68 - 0.34 1.03 616104
aoDLAV 3e7 2 68 - 2.59 166.12 4471428
aoULAV 3e7 2 68 - 2.65 179.06 4471428
aoD2AG 3e7 2 68 - 5.90 250.57 6572940
aoD2SG 3e7 2 68 - 6.60 305.20 6812928
dry 1e4 10 249 - 0.03 0.12 29620
aoDLAV 1e4 10 249 - 0.04 0.69 32764
aoULAV 1e4 10 249 - 0.04 0.68 32780
aoD2AG 1e4 10 249 - 0.04 0.76 32744
aoD2SG 1e4 10 249 - 0.04 0.80 34176
moore 1e4 10 249 - 1.23 1014.38 2963852
nbpm 1e4 10 249 - 7.49 710.24 7764392
greedy 1e4 10 249 - 6.53 274.06 10961108
dry 18e2 2 110 - 0.03 0.12 26048
aoDLAV 18e2 2 110 - 0.04 0.15 30372
aoULAV 18e2 2 110 - 0.02 0.16 30384
aoD2AG 18e2 2 110 - 0.03 0.16 30808
aoD2SG 18e2 2 110 - 0.02 0.16 30824
moore 18e2 2 110 - 0.07 9.28 125436
nbpm 18e2 2 110 - 0.22 7.47 334528
greedy 18e2 2 110 - 0.25 3.94 384352
dry 1e4 2 22 - 0.02 0.13 26432
aoDLAV 1e4 2 22 - 0.04 0.17 31868
aoULAV 1e4 2 22 - 0.04 0.17 31876
aoD2AG 1e4 2 22 - 0.03 0.18 31876
aoD2SG 1e4 2 22 - 0.03 0.18 31988
moore 1e4 2 22 - 1.09 1145.51 2960580
nbpm 1e4 2 22 - 7.49 351.99 7889424
greedy 1e4 2 22 - 6.71 279.52 10968568
dry 32e6 2 119 - 0.39 1.12 655176
aoDLAV 32e6 2 119 - 2.86 177.97 4768328
aoULAV 32e6 2 119 - 3.60 191.89 4768328
aoD2AG 32e6 2 119 - 6.41 269.34 7007924
aoD2SG 32e6 2 119 - 6.56 311.19 7261544
dry 32e2 2 39 - 0.03 0.12 26112
aoDLAV 32e2 2 39 - 0.02 0.16 30544
aoULAV 32e2 2 39 - 0.02 0.16 30552
aoD2AG 32e2 2 39 - 0.02 0.16 31216
aoD2SG 32e2 2 39 - 0.02 0.16 31268
moore 32e2 2 39 - 0.24 58.85 330512
nbpm 32e2 2 39 - 0.88 21.05 854792
greedy 32e2 2 39 - 0.71 20.91 1150164
dry 25e2 2 94 - 0.02 0.12 26080
aoDLAV 25e2 2 94 - 0.02 0.15 30452
aoULAV 25e2 2 94 - 0.03 0.15 30504
aoD2AG 25e2 2 94 - 0.03 0.15 30984
aoD2SG 25e2 2 94 - 0.02 0.16 31032
moore 25e2 2 94 - 0.09 33.44 213604
nbpm 25e2 2 94 - 0.65 12.26 541644
greedy 25e2 2 94 - 0.48 9.75 713664
dry 75e2 2 119 - 0.02 0.12 26328
aoDLAV 75e2 2 119 - 0.03 0.15 31380
aoULAV 75e2 2 119 - 0.03 0.16 31388
aoD2AG 75e2 2 119 - 0.04 0.17 31380
aoD2SG 75e2 2 119 - 0.03 0.19 31380
moore 75e2 2 119 - 0.71 365.74 1683876
nbpm 75e2 2 119 - 4.26 161.70 4242120
greedy 75e2 2 119 - 3.91 165.52 6183092
dry 75e2 2 25 - 0.03 0.11 26332
aoDLAV 75e2 2 25 - 0.03 0.15 31376
aoULAV 75e2 2 25 - 0.03 0.16 31392
aoD2AG 75e2 2 25 - 0.03 0.17 31384
aoD2SG 75e2 2 25 - 0.03 0.18 31384
moore 75e2 2 25 - 0.79 407.80 1688784
nbpm 75e2 2 25 - 4.07 155.46 4242124
greedy 75e2 2 25 - 3.84 154.17 6183092
dry 18e2 2 225 - 0.03 0.12 26048
aoDLAV 18e2 2 225 - 0.03 0.16 30372
aoULAV 18e2 2 225 - 0.03 0.15 30384
aoD2AG 18e2 2 225 - 0.04 0.15 30804
aoD2SG 18e2 2 225 - 0.02 0.15 30824
moore 18e2 2 225 - 0.07 13.70 125420
nbpm 18e2 2 225 - 0.21 7.68 334536
greedy 18e2 2 225 - 0.28 4.93 384352
dry 18e6 2 181 - 0.26 0.67 381736
aoDLAV 18e6 2 181 - 1.59 95.08 2690224
aoULAV 18e6 2 181 - 1.67 102.04 2690192
aoD2AG 18e6 2 181 - 3.57 139.38 3951340
aoD2SG 18e6 2 181 - 3.38 168.07 4093476
dry 50e2 2 26 - 0.02 0.12 28244
aoDLAV 50e2 2 26 - 0.03 0.15 30848
aoULAV 50e2 2 26 - 0.02 0.16 30860
aoD2AG 50e2 2 26 - 0.03 0.15 31748
aoD2SG 50e2 2 26 - 0.03 0.18 31852
moore 50e2 2 26 - 0.67 189.94 764628
nbpm 50e2 2 26 - 2.02 57.37 2011924
greedy 50e2 2 26 - 1.55 59.79 2764780
dry 25e2 2 14 - 0.02 0.12 26080
aoDLAV 25e2 2 14 - 0.04 0.14 30452
aoULAV 25e2 2 14 - 0.02 0.15 30468
aoD2AG 25e2 2 14 - 0.03 0.14 30988
aoD2SG 25e2 2 14 - 0.02 0.15 31028
moore 25e2 2 14 - 0.09 18.33 213720
nbpm 25e2 2 14 - 0.59 12.84 541644
greedy 25e2 2 14 - 0.46 9.81 713668
dry 18e2 2 245 - 0.02 0.12 26048
aoDLAV 18e2 2 245 - 0.02 0.16 30372
aoULAV 18e2 2 245 - 0.03 0.15 30384
aoD2AG 18e2 2 245 - 0.03 0.15 30784
aoD2SG 18e2 2 245 - 0.03 0.15 30824
moore 18e2 2 245 - 0.07 24.82 125420
nbpm 18e2 2 245 - 0.20 7.44 334532
greedy 18e2 2 245 - 0.22 3.77 384348
dry 25e2 2 159 - 0.02 0.12 26080
aoDLAV 25e2 2 159 - 0.02 0.15 30452
aoULAV 25e2 2 159 - 0.02 0.15 30464
aoD2AG 25e2 2 159 - 0.02 0.16 30984
aoD2SG 25e2 2 159 - 0.03 0.15 31020
moore 25e2 2 159 - 0.10 29.62 213600
nbpm 25e2 2 159 - 0.51 12.09 541632
greedy 25e2 2 159 - 0.46 9.06 713664
dry 6e7 2 240 - 0.67 1.94 1202044
aoDLAV 6e7 2 240 - 5.02 363.10 8924560
aoULAV 6e7 2 240 - 6.57 372.52 8924564
aoD2AG 6e7 2 240 - 12.13 678.55 13121000
aoD2SG 6e7 2 240 - 12.68 627.07 13596624
dry 18e2 2 7 - 0.03 0.12 26048
aoDLAV 18e2 2 7 - 0.03 0.14 30372
aoULAV 18e2 2 7 - 0.03 0.15 30384
aoD2AG 18e2 2 7 - 0.02 0.16 30796
aoD2SG 18e2 2 7 - 0.03 0.16 30832
moore 18e2 2 7 - 0.06 12.69 125420
nbpm 18e2 2 7 - 0.19 7.69 334536
greedy 18e2 2 7 - 0.23 3.98 384352
dry 56e2 2 235 - 0.02 0.12 26236
aoDLAV 56e2 2 235 - 0.03 0.15 30976
aoULAV 56e2 2 235 - 0.03 0.15 30988
aoD2AG 56e2 2 235 - 0.03 0.17 31972
aoD2SG 56e2 2 235 - 0.02 0.18 31120
moore 56e2 2 235 - 0.74 234.83 952716
nbpm 56e2 2 235 - 2.40 71.03 2388080
greedy 56e2 2 235 - 2.19 79.16 3460488
dry 3e7 2 37 - 0.40 1.04 616108
aoDLAV 3e7 2 37 - 2.68 167.84 4471432
aoULAV 3e7 2 37 - 2.73 171.81 4471428
aoD2AG 3e7 2 37 - 5.95 245.26 6571732
aoD2SG 3e7 2 37 - 6.36 293.64 6811724
dry 56e6 2 240 - 0.63 1.81 1123928
aoDLAV 56e6 2 240 - 4.70 325.64 8330816
aoULAV 56e6 2 240 - 6.04 428.29 8330816
aoD2AG 56e6 2 240 - 11.36 515.36 12248768
aoD2SG 56e6 2 240 - 12.66 585.98 12694148
dry 18e2 2 179 - 0.03 0.12 26048
aoDLAV 18e2 2 179 - 0.03 0.15 30372
aoULAV 18e2 2 179 - 0.04 0.14 30384
aoD2AG 18e2 2 179 - 0.02 0.15 30780
aoD2SG 18e2 2 179 - 0.03 0.15 30820
moore 18e2 2 179 - 0.06 8.42 125436
nbpm 18e2 2 179 - 0.18 7.46 334528
greedy 18e2 2 179 - 0.22 3.83 384352
dry 32e6 2 36 - 0.35 1.09 655176
aoDLAV 32e6 2 36 - 2.69 179.49 4768328
aoULAV 32e6 2 36 - 3.62 192.16 4768324
aoD2AG 32e6 2 36 - 6.27 275.83 7007876
aoD2SG 32e6 2 36 - 6.35 319.98 7262360
dry 75e2 2 194 - 0.02 0.12 26328
aoDLAV 75e2 2 194 - 0.03 0.15 31380
aoULAV 75e2 2 194 - 0.03 0.16 31392
aoD2AG 75e2 2 194 - 0.03 0.18 31384
aoD2SG 75e2 2 194 - 0.03 0.18 31380
moore 75e2 2 194 - 1.28 483.13 1688792
nbpm 75e2 2 194 - 4.19 164.77 4242132
greedy 75e2 2 194 - 3.51 155.36 6183092
dry 4e7 2 51 - 0.56 1.34 811424
aoDLAV 4e7 2 51 - 3.34 229.28 5955820
aoULAV 4e7 2 51 - 4.36 236.25 5955816
aoD2AG 4e7 2 51 - 7.63 344.93 8752924
aoD2SG 4e7 2 51 - 8.18 418.32 9073972
dry 3e7 2 88 - 0.40 1.08 616104
aoDLAV 3e7 2 88 - 2.51 176.10 4471428
aoULAV 3e7 2 88 - 2.54 183.69 4471428
aoD2AG 3e7 2 88 - 5.98 255.71 6571528
aoD2SG 3e7 2 88 - 6.41 299.05 6812148
dry 32e6 2 65 - 0.41 1.12 655176
aoDLAV 32e6 2 65 - 2.59 179.61 4768324
aoULAV 32e6 2 65 - 2.79 190.89 4768324
aoD2AG 32e6 2 65 - 6.35 276.29 7004644
aoD2SG 32e6 2 65 - 6.57 319.64 7260440
dry 50e2 2 195 - 0.02 0.12 26204
aoDLAV 50e2 2 195 - 0.03 0.14 30848
aoULAV 50e2 2 195 - 0.03 0.14 30864
aoD2AG 50e2 2 195 - 0.03 0.15 31784
aoD2SG 50e2 2 195 - 0.02 0.17 31856
moore 50e2 2 195 - 0.37 138.34 764628
nbpm 50e2 2 195 - 2.12 55.25 2011924
greedy 50e2 2 195 - 1.82 65.68 2764784
dry 2e7 2 118 - 0.28 0.78 420796
aoDLAV 2e7 2 118 - 1.79 115.65 2987072
aoULAV 2e7 2 118 - 1.66 112.62 2987068
aoD2AG 2e7 2 118 - 4.24 162.62 4387740
aoD2SG 2e7 2 118 - 3.84 197.22 4547416
dry 4e7 2 241 - 0.45 1.33 811424
aoDLAV 4e7 2 241 - 3.43 236.56 5955816
aoULAV 4e7 2 241 - 4.45 255.90 5955820
aoD2AG 4e7 2 241 - 7.81 340.87 8755012
aoD2SG 4e7 2 241 - 8.46 405.96 9072864
dry 1e4 10 134 - 0.03 0.13 29660
aoDLAV 1e4 10 134 - 0.04 0.71 32796
aoULAV 1e4 10 134 - 0.03 0.75 32780
aoD2AG 1e4 10 134 - 0.03 0.72 32744
aoD2SG 1e4 10 134 - 0.03 0.79 34176
moore 1e4 10 134 - 1.22 1214.41 2963852
nbpm 1e4 10 134 - 7.59 676.64 7764380
greedy 1e4 10 134 - 6.57 271.22 10961108
dry 32e2 2 66 - 0.03 0.13 26112
aoDLAV 32e2 2 66 - 0.03 0.15 30540
aoULAV 32e2 2 66 - 0.02 0.16 30552
aoD2AG 32e2 2 66 - 0.03 0.15 31204
aoD2SG 32e2 2 66 - 0.03 0.16 31268
moore 32e2 2 66 - 0.18 43.55 330512
nbpm 32e2 2 66 - 0.85 19.39 854752
greedy 32e2 2 66 - 0.76 21.72 1150168
dry 4e7 2 16 - 0.47 1.33 811424
aoDLAV 4e7 2 16 - 3.25 228.23 5955816
aoULAV 4e7 2 16 - 4.26 282.61 5955820
aoD2AG 4e7 2 16 - 7.20 347.35 8755452
aoD2SG 4e7 2 16 - 8.40 411.27 9073056
dry 18e2 2 201 - 0.02 0.12 26048
aoDLAV 18e2 2 201 - 0.03 0.15 30372
aoULAV 18e2 2 201 - 0.03 0.15 30388
aoD2AG 18e2 2 201 - 0.02 0.16 30784
aoD2SG 18e2 2 201 - 0.03 0.15 30824
moore 18e2 2 201 - 0.07 7.68 125440
nbpm 18e2 2 201 - 0.18 7.62 334528
greedy 18e2 2 201 - 0.26 4.21 384352
dry 56e6 2 27 - 0.69 1.79 1123924
aoDLAV 56e6 2 27 - 4.79 336.63 8330816
aoULAV 56e6 2 27 - 5.96 352.23 8330820
aoD2AG 56e6 2 27 - 11.07 500.15 12249092
aoD2SG 56e6 2 27 - 11.68 583.88 12694448
dry 18e6 2 77 - 0.21 0.69 381772
aoDLAV 18e6 2 77 - 1.47 92.89 2690196
aoULAV 18e6 2 77 - 1.88 99.09 2690192
aoD2AG 18e6 2 77 - 3.33 154.54 3948472
aoD2SG 18e6 2 77 - 3.38 165.74 4091920
dry 6e7 2 28 - 0.75 1.91 1202044
aoDLAV 6e7 2 28 - 5.14 357.09 8924564
aoULAV 6e7 2 28 - 6.50 376.81 8924560
aoD2AG 6e7 2 28 - 11.49 546.91 13120328
aoD2SG 6e7 2 28 - 12.68 644.47 13600244
dry 25e2 2 186 - 0.02 0.13 26080
aoDLAV 25e2 2 186 - 0.03 0.15 30452
aoULAV 25e2 2 186 - 0.02 0.16 30464
aoD2AG 25e2 2 186 - 0.03 0.15 30984
aoD2SG 25e2 2 186 - 0.03 0.15 31040
moore 25e2 2 186 - 0.10 24.65 213604
nbpm 25e2 2 186 - 0.58 12.79 541648
greedy 25e2 2 186 - 0.45 9.35 713664
dry 2e7 2 92 - 0.25 0.75 420796
aoDLAV 2e7 2 92 - 1.70 106.48 2987072
aoULAV 2e7 2 92 - 1.74 115.63 2987072
aoD2AG 2e7 2 92 - 4.20 162.08 4386880
aoD2SG 2e7 2 92 - 3.70 181.82 4549768
dry 4e7 2 165 - 0.45 1.36 811428
aoDLAV 4e7 2 165 - 3.51 237.58 5955816
aoULAV 4e7 2 165 - 4.35 249.11 5955820
aoD2AG 4e7 2 165 - 7.39 438.01 8753676
aoD2SG 4e7 2 165 - 8.46 407.62 9073800
dry 75e2 2 80 - 0.02 0.12 28292
aoDLAV 75e2 2 80 - 0.02 0.16 31376
aoULAV 75e2 2 80 - 0.02 0.16 31388
aoD2AG 75e2 2 80 - 0.02 0.18 31380
aoD2SG 75e2 2 80 - 0.03 0.18 31384
moore 75e2 2 80 - 1.64 567.91 1688792
nbpm 75e2 2 80 - 4.12 161.01 4242132
greedy 75e2 2 80 - 3.79 152.10 6183096
dry 32e2 2 102 - 0.02 0.13 26112
aoDLAV 32e2 2 102 - 0.03 0.15 30540
aoULAV 32e2 2 102 - 0.04 0.14 30556
aoD2AG 32e2 2 102 - 0.04 0.15 31216
aoD2SG 32e2 2 102 - 0.03 0.15 31264
moore 32e2 2 102 - 0.29 65.80 330512
nbpm 32e2 2 102 - 0.99 20.33 854752
greedy 32e2 2 102 - 0.76 24.05 1150228
dry 32e2 2 79 - 0.03 0.12 26112
aoDLAV 32e2 2 79 - 0.03 0.15 30540
aoULAV 32e2 2 79 - 0.03 0.15 30552
aoD2AG 32e2 2 79 - 0.03 0.16 31224
aoD2SG 32e2 2 79 - 0.03 0.16 31268
moore 32e2 2 79 - 0.40 83.82 330520
nbpm 32e2 2 79 - 0.90 20.18 854760
greedy 32e2 2 79 - 0.74 21.94 1150164
dry 32e6 2 149 - 0.38 1.09 655176
aoDLAV 32e6 2 149 - 2.84 190.74 4768324
aoULAV 32e6 2 149 - 3.56 247.64 4768324
aoD2AG 32e6 2 149 - 6.06 272.39 7009132
aoD2SG 32e6 2 149 - 6.61 324.12 7263016
dry 32e2 2 165 - 0.03 0.11 26116
aoDLAV 32e2 2 165 - 0.03 0.15 30544
aoULAV 32e2 2 165 - 0.03 0.15 30556
aoD2AG 32e2 2 165 - 0.02 0.16 31204
aoD2SG 32e2 2 165 - 0.02 0.16 31260
moore 32e2 2 165 - 0.15 34.96 330516
nbpm 32e2 2 165 - 0.87 18.94 854756
greedy 32e2 2 165 - 0.72 21.62 1150176
dry 4e7 2 121 - 0.44 1.34 811424
aoDLAV 4e7 2 121 - 3.26 223.39 5955816
aoULAV 4e7 2 121 - 4.60 252.68 5955816
aoD2AG 4e7 2 121 - 7.94 353.33 8752808
aoD2SG 4e7 2 121 - 8.32 411.56 9072460
dry 6e7 2 1 - 0.67 1.90 1202048
aoDLAV 6e7 2 1 - 5.23 459.40 8924560
aoULAV 6e7 2 1 - 6.71 394.79 8924560
aoD2AG 6e7 2 1 - 11.89 698.83 13122328
aoD2SG 6e7 2 1 - 12.90 618.82 13598356
dry 56e2 2 200 - 0.02 0.12 26240
aoDLAV 56e2 2 200 - 0.04 0.15 30976
aoULAV 56e2 2 200 - 0.03 0.15 30988
aoD2AG 56e2 2 200 - 0.03 0.17 32000
aoD2SG 56e2 2 200 - 0.03 0.17 31128
moore 56e2 2 200 - 1.40 369.42 952720
nbpm 56e2 2 200 - 2.36 76.80 2388080
greedy 56e2 2 200 - 2.01 81.56 3460488
dry 32e6 2 64 - 0.37 1.12 655176
aoDLAV 32e6 2 64 - 2.93 187.68 4768324
aoULAV 32e6 2 64 - 2.85 196.51 4768324
aoD2AG 32e6 2 64 - 6.34 274.06 7006700
aoD2SG 32e6 2 64 - 7.05 311.72 7262432
dry 1e4 5 130 - 0.03 0.13 26900
aoDLAV 1e4 5 130 - 0.03 0.22 31084
aoULAV 1e4 5 130 - 0.03 0.21 31096
aoD2AG 1e4 5 130 - 0.03 0.23 32112
aoD2SG 1e4 5 130 - 0.03 0.24 32108
moore 1e4 5 130 - 1.26 858.10 2961732
nbpm 1e4 5 130 - 7.40 616.22 7811452
greedy 1e4 5 130 - 6.62 295.10 10959172
dry 75e2 2 143 - 0.02 0.13 26328
aoDLAV 75e2 2 143 - 0.03 0.15 31376
aoULAV 75e2 2 143 - 0.03 0.15 31388
aoD2AG 75e2 2 143 - 0.03 0.17 31380
aoD2SG 75e2 2 143 - 0.02 0.18 31380
moore 75e2 2 143 - 1.87 600.52 1688784
nbpm 75e2 2 143 - 4.27 159.10 4242128
greedy 75e2 2 143 - 3.91 156.62 6183088
dry 56e2 2 141 - 0.02 0.13 26236
aoDLAV 56e2 2 141 - 0.03 0.16 30976
aoULAV 56e2 2 141 - 0.03 0.16 30988
aoD2AG 56e2 2 141 - 0.03 0.17 31968
aoD2SG 56e2 2 141 - 0.03 0.17 31120
moore 56e2 2 141 - 0.39 168.19 949980
nbpm 56e2 2 141 - 2.48 72.28 2388080
greedy 56e2 2 141 - 2.02 83.94 3460492
dry 75e2 2 228 - 0.03 0.12 26328
aoDLAV 75e2 2 228 - 0.03 0.16 31376
aoULAV 75e2 2 228 - 0.03 0.15 31392
aoD2AG 75e2 2 228 - 0.03 0.17 31380
aoD2SG 75e2 2 228 - 0.03 0.18 31384
moore 75e2 2 228 - 1.46 519.74 1688792
nbpm 75e2 2 228 - 4.13 159.59 4242132
greedy 75e2 2 228 - 4.03 203.07 6183096
dry 1e4 10 245 - 0.02 0.12 27688
aoDLAV 1e4 10 245 - 0.03 0.68 32764
aoULAV 1e4 10 245 - 0.03 0.69 32780
aoD2AG 1e4 10 245 - 0.04 0.70 32748
aoD2SG 1e4 10 245 - 0.03 0.77 34176
moore 1e4 10 245 - 1.15 983.69 2963856
nbpm 1e4 10 245 - 7.63 710.27 7764392
greedy 1e4 10 245 - 6.49 268.70 10961108
dry 56e2 2 164 - 0.03 0.11 26240
aoDLAV 56e2 2 164 - 0.03 0.15 30976
aoULAV 56e2 2 164 - 0.03 0.15 30992
aoD2AG 56e2 2 164 - 0.03 0.17 32000
aoD2SG 56e2 2 164 - 0.03 0.17 31124
moore 56e2 2 164 - 0.47 180.02 952716
nbpm 56e2 2 164 - 2.39 71.96 2388084
greedy 56e2 2 164 - 2.16 80.25 3460488
dry 3e7 2 97 - 0.38 1.08 616104
aoDLAV 3e7 2 97 - 2.61 166.68 4471428
aoULAV 3e7 2 97 - 2.58 179.38 4471428
aoD2AG 3e7 2 97 - 6.05 255.93 6570380
aoD2SG 3e7 2 97 - 6.22 297.57 6811000
dry 6e7 2 82 - 0.64 1.90 1202044
aoDLAV 6e7 2 82 - 4.90 363.19 8924560
aoULAV 6e7 2 82 - 6.61 389.24 8924560
aoD2AG 6e7 2 82 - 11.82 585.39 13118728
aoD2SG 6e7 2 82 - 12.33 620.42 13598960
dry 75e2 2 54 - 0.02 0.12 27952
aoDLAV 75e2 2 54 - 0.03 0.16 31380
aoULAV 75e2 2 54 - 0.03 0.16 31388
aoD2AG 75e2 2 54 - 0.04 0.17 31380
aoD2SG 75e2 2 54 - 0.04 0.18 31380
moore 75e2 2 54 - 2.01 628.00 1688796
nbpm 75e2 2 54 - 4.10 151.89 4242132
greedy 75e2 2 54 - 3.59 147.60 6183092
dry 75e2 2 221 - 0.02 0.12 26328
aoDLAV 75e2 2 221 - 0.04 0.16 31376
aoULAV 75e2 2 221 - 0.02 0.16 31388
aoD2AG 75e2 2 221 - 0.03 0.18 31384
aoD2SG 75e2 2 221 - 0.03 0.18 31384
moore 75e2 2 221 - 1.34 495.83 1688796
nbpm 75e2 2 221 - 4.22 156.37 4242132
greedy 75e2 2 221 - 3.84 145.46 6183092
dry 18e2 2 248 - 0.03 0.11 26048
aoDLAV 18e2 2 248 - 0.03 0.14 30372
aoULAV 18e2 2 248 - 0.03 0.15 30388
aoD2AG 18e2 2 248 - 0.02 0.16 30796
aoD2SG 18e2 2 248 - 0.03 0.15 30820
moore 18e2 2 248 - 0.07 18.40 125420
nbpm 18e2 2 248 - 0.21 8.68 334536
greedy 18e2 2 248 - 0.28 5.55 384352
dry 32e2 2 82 - 0.02 0.13 26112
aoDLAV 32e2 2 82 - 0.02 0.15 30540
aoULAV 32e2 2 82 - 0.03 0.14 30548
aoD2AG 32e2 2 82 - 0.03 0.16 31228
aoD2SG 32e2 2 82 - 0.04 0.15 31280
moore 32e2 2 82 - 0.16 38.58 330520
nbpm 32e2 2 82 - 0.94 19.18 854764
greedy 32e2 2 82 - 0.64 22.13 1150164
dry 32e6 2 247 - 0.38 1.07 655176
aoDLAV 32e6 2 247 - 2.72 179.17 4768324
aoULAV 32e6 2 247 - 2.73 196.95 4768324
aoD2AG 32e6 2 247 - 6.30 284.38 7007668
aoD2SG 32e6 2 247 - 6.54 322.59 7261912
dry 18e2 2 122 - 0.03 0.12 26052
aoDLAV 18e2 2 122 - 0.03 0.15 30376
aoULAV 18e2 2 122 - 0.03 0.15 30388
aoD2AG 18e2 2 122 - 0.03 0.15 30788
aoD2SG 18e2 2 122 - 0.04 0.14 30816
moore 18e2 2 122 - 0.06 14.63 125420
nbpm 18e2 2 122 - 0.20 7.55 334528
greedy 18e2 2 122 - 0.23 4.13 384348
dry 2e7 2 5 - 0.25 0.75 420796
aoDLAV 2e7 2 5 - 1.76 107.04 2987068
aoULAV 2e7 2 5 - 2.29 114.38 2987068
aoD2AG 2e7 2 5 - 3.73 155.99 4386124
aoD2SG 2e7 2 5 - 4.23 197.46 4546152
