dry 8e7 2 53 - 0.79 2.34 1592680
aoDLAV 8e7 2 53 - 5.83 469.90 11893324
aoULAV 8e7 2 53 - 7.84 513.76 11893324
aoD2AG 8e7 2 53 - 15.08 737.86 17488008
aoD2SG 8e7 2 53 - 15.92 1064.91 18125556
dry 2e4 10 194 - 0.03 0.13 30340
aoDLAV 2e4 10 194 - 0.04 2.23 34840
aoULAV 2e4 10 194 - 0.03 2.22 34852
aoD2AG 2e4 10 194 - 0.04 1.95 36120
aoD2SG 2e4 10 194 - 0.03 1.90 36076
moore 2e4 10 194 - 3.40 6927.71 11770832
nbpm 2e4 10 194 - 28.61 5905.68 30880040
greedy 2e4 10 194 - 25.17 1291.23 43775824
dry 2e4 5 179 - 0.03 0.12 29348
aoDLAV 2e4 5 179 - 0.02 0.30 32756
aoULAV 2e4 5 179 - 0.03 0.30 32768
aoD2AG 2e4 5 179 - 0.03 0.34 33344
aoD2SG 2e4 5 179 - 0.03 0.34 32860
moore 2e4 5 179 - 3.41 6280.33 11768080
nbpm 2e4 5 179 - 28.78 4785.47 34200500
greedy 2e4 5 179 - 23.71 1238.96 43774004
dry 8e7 2 203 - 0.80 2.43 1592676
aoDLAV 8e7 2 203 - 6.19 445.00 11893328
aoULAV 8e7 2 203 - 8.07 477.15 11893328
aoD2AG 8e7 2 203 - 14.54 678.55 17486456
aoD2SG 8e7 2 203 - 15.36 798.03 18128412
dry 125e2 2 38 - 0.03 0.12 26532
aoDLAV 125e2 2 38 - 0.04 0.17 30708
aoULAV 125e2 2 38 - 0.03 0.17 30708
aoD2AG 125e2 2 38 - 0.02 0.19 31428
aoD2SG 125e2 2 38 - 0.04 0.18 31376
moore 125e2 2 38 - 1.58 1459.63 4611552
nbpm 125e2 2 38 - 11.36 727.83 12302328
greedy 125e2 2 38 - 9.55 460.55 17109964
dry 1e8 2 11 - 1.05 3.02 1983300
aoDLAV 1e8 2 11 - 7.69 727.29 14862068
aoULAV 1e8 2 11 - 10.32 640.74 14862068
aoD2AG 1e8 2 11 - 18.66 1039.31 21855444
aoD2SG 1e8 2 11 - 19.88 1008.17 22649740
dry 2e4 5 232 - 0.03 0.12 27780
aoDLAV 2e4 5 232 - 0.04 0.29 32756
aoULAV 2e4 5 232 - 0.04 0.29 32768
aoD2AG 2e4 5 232 - 0.03 0.33 33340
aoD2SG 2e4 5 232 - 0.04 0.36 32860
moore 2e4 5 232 - 3.63 7530.14 11768080
nbpm 2e4 5 232 - 29.30 4864.35 34200500
greedy 2e4 5 232 - 25.20 1540.01 43774004
dry 150e2 2 12 - 0.03 0.12 26628
aoDLAV 150e2 2 12 - 0.03 0.18 30824
aoULAV 150e2 2 12 - 0.03 0.18 30824
aoD2AG 150e2 2 12 - 0.03 0.19 31608
aoD2SG 150e2 2 12 - 0.03 0.20 31608
moore 150e2 2 12 - 2.08 2601.06 6629352
nbpm 150e2 2 12 - 14.37 1121.45 16814176
greedy 150e2 2 12 - 13.86 671.58 24630028
dry 2e4 10 40 - 0.03 0.12 30912
aoDLAV 2e4 10 40 - 0.04 1.61 34836
aoULAV 2e4 10 40 - 0.03 1.61 34872
aoD2AG 2e4 10 40 - 0.04 1.68 36080
aoD2SG 2e4 10 40 - 0.03 1.91 36076
moore 2e4 10 40 - 3.34 6912.03 11770832
nbpm 2e4 10 40 - 28.64 6758.85 30880144
greedy 2e4 10 40 - 24.64 1274.20 43775824
dry 175e2 2 166 - 0.03 0.11 28632
aoDLAV 175e2 2 166 - 0.03 0.18 30716
aoULAV 175e2 2 166 - 0.03 0.18 30720
aoD2AG 175e2 2 166 - 0.04 0.19 31752
aoD2SG 175e2 2 166 - 0.02 0.21 31760
moore 175e2 2 166 - 2.62 4766.75 9014028
nbpm 175e2 2 166 - 21.18 1778.41 22863148
greedy 175e2 2 166 - 18.42 931.77 33516976
dry 1e8 2 69 - 1.08 3.02 1983296
aoDLAV 1e8 2 69 - 8.26 585.28 14862072
aoULAV 1e8 2 69 - 9.87 622.80 14862068
aoD2AG 1e8 2 69 - 18.26 896.38 21848260
aoD2SG 1e8 2 69 - 19.53 1052.08 22649032
dry 8e7 2 137 - 0.84 2.44 1592676
aoDLAV 8e7 2 137 - 6.47 457.66 11893324
aoULAV 8e7 2 137 - 8.42 476.90 11893332
aoD2AG 8e7 2 137 - 15.10 669.55 17491144
aoD2SG 8e7 2 137 - 15.24 800.26 18125100
dry 1e8 2 213 - 0.95 2.98 1983296
aoDLAV 1e8 2 213 - 7.49 581.18 14862068
aoULAV 1e8 2 213 - 10.03 622.56 14862068
aoD2AG 1e8 2 213 - 18.66 898.15 21852388
aoD2SG 1e8 2 213 - 20.99 1225.34 22649552
dry 2e4 2 208 - 0.03 0.12 26828
aoDLAV 2e4 2 208 - 0.03 0.19 30868
aoULAV 2e4 2 208 - 0.03 0.19 30808
aoD2AG 2e4 2 208 - 0.03 0.20 32288
aoD2SG 2e4 2 208 - 0.03 0.21 32292
moore 2e4 2 208 - 3.48 7475.96 11765552
nbpm 2e4 2 208 - 29.10 2632.45 31402196
greedy 2e4 2 208 - 25.07 1183.66 43771040
dry 175e2 2 168 - 0.03 0.11 26732
aoDLAV 175e2 2 168 - 0.03 0.19 30716
aoULAV 175e2 2 168 - 0.03 0.18 30720
aoD2AG 175e2 2 168 - 0.04 0.19 31756
aoD2SG 175e2 2 168 - 0.04 0.20 31760
moore 175e2 2 168 - 2.82 5870.88 9014032
nbpm 175e2 2 168 - 21.60 1955.97 22863148
greedy 175e2 2 168 - 19.20 1149.61 33516976
dry 150e2 2 171 - 0.03 0.11 26632
aoDLAV 150e2 2 171 - 0.02 0.18 30824
aoULAV 150e2 2 171 - 0.03 0.18 30824
aoD2AG 150e2 2 171 - 0.03 0.19 31608
aoD2SG 150e2 2 171 - 0.03 0.20 31608
moore 150e2 2 171 - 2.37 3045.11 6629348
nbpm 150e2 2 171 - 17.31 1099.60 16814168
greedy 150e2 2 171 - 13.39 687.05 24630028
dry 1e8 2 28 - 1.08 3.00 1983296
aoDLAV 1e8 2 28 - 7.85 595.51 14862068
aoULAV 1e8 2 28 - 10.55 630.73 14862068
aoD2AG 1e8 2 28 - 18.73 879.84 21855212
aoD2SG 1e8 2 28 - 19.95 1063.62 22651420
dry 18e3 2 7 - 0.03 0.11 28744
aoDLAV 18e3 2 7 - 0.02 0.19 30744
aoULAV 18e3 2 7 - 0.03 0.18 30740
aoD2AG 18e3 2 7 - 0.02 0.20 31804
aoD2SG 18e3 2 7 - 0.02 0.20 31808
moore 18e3 2 7 - 2.85 5482.00 9534976
nbpm 18e3 2 7 - 23.65 1972.92 25451056
greedy 18e3 2 7 - 19.99 1024.50 35458368
dry 2e4 10 87 - 0.03 0.11 31156
aoDLAV 2e4 10 87 - 0.04 1.61 34840
aoULAV 2e4 10 87 - 0.03 1.61 34848
aoD2AG 2e4 10 87 - 0.03 1.74 36076
aoD2SG 2e4 10 87 - 0.04 1.87 36076
moore 2e4 10 87 - 3.60 7145.09 11770836
nbpm 2e4 10 87 - 29.04 5718.97 30880036
greedy 2e4 10 87 - 24.56 1293.10 43775824
dry 150e2 2 62 - 0.03 0.12 26628
aoDLAV 150e2 2 62 - 0.03 0.18 30824
aoULAV 150e2 2 62 - 0.03 0.18 30824
aoD2AG 150e2 2 62 - 0.03 0.20 31608
aoD2SG 150e2 2 62 - 0.03 0.20 31612
moore 150e2 2 62 - 2.11 3305.94 6629348
nbpm 150e2 2 62 - 14.75 1121.94 16814168
greedy 150e2 2 62 - 13.45 668.95 24630028
dry 2e4 2 200 - 0.03 0.12 26828
aoDLAV 2e4 2 200 - 0.04 0.19 30812
aoULAV 2e4 2 200 - 0.03 0.20 30808
aoD2AG 2e4 2 200 - 0.03 0.22 32284
aoD2SG 2e4 2 200 - 0.03 0.23 32288
moore 2e4 2 200 - 3.57 6445.10 11765552
nbpm 2e4 2 200 - 29.29 2621.35 31402196
greedy 2e4 2 200 - 25.10 1255.80 43771040
dry 8e7 2 109 - 0.86 2.46 1592680
aoDLAV 8e7 2 109 - 6.34 457.87 11893324
aoULAV 8e7 2 109 - 8.28 486.42 11893324
aoD2AG 8e7 2 109 - 14.85 688.73 17488328
aoD2SG 8e7 2 109 - 15.40 814.89 18124896
dry 125e2 2 81 - 0.03 0.11 26532
aoDLAV 125e2 2 81 - 0.03 0.17 30712
aoULAV 125e2 2 81 - 0.03 0.18 30708
aoD2AG 125e2 2 81 - 0.03 0.18 31376
aoD2SG 125e2 2 81 - 0.03 0.19 31376
moore 125e2 2 81 - 1.62 1915.42 4611548
nbpm 125e2 2 81 - 11.43 833.88 12302328
greedy 125e2 2 81 - 10.24 441.60 17109968
dry 150e2 2 236 - 0.03 0.12 26632
aoDLAV 150e2 2 236 - 0.03 0.18 30824
aoULAV 150e2 2 236 - 0.02 0.20 30828
aoD2AG 150e2 2 236 - 0.03 0.20 31660
aoD2SG 150e2 2 236 - 0.03 0.21 31624
moore 150e2 2 236 - 2.18 3609.34 6629352
nbpm 150e2 2 236 - 15.10 1224.62 16814180
greedy 150e2 2 236 - 13.59 651.39 24630024
dry 18e3 2 28 - 0.02 0.12 26748
aoDLAV 18e3 2 28 - 0.03 0.18 30744
aoULAV 18e3 2 28 - 0.02 0.19 30740
aoD2AG 18e3 2 28 - 0.03 0.20 31804
aoD2SG 18e3 2 28 - 0.02 0.21 31808
moore 18e3 2 28 - 2.86 5404.30 9534988
nbpm 18e3 2 28 - 23.73 1882.46 25451060
greedy 18e3 2 28 - 20.26 1080.40 35458364
dry 1e8 5 19 - 2.54 6.28 4327056
aoDLAV 1e8 5 19 - 11.55 2668.32 23065208
aoULAV 1e8 5 19 - 17.00 3492.67 23065204
aoD2AG 1e8 5 19 - 24.69 2858.70 30458576
aoD2SG 1e8 5 19 - 27.01 3556.10 31313160
dry 2e4 10 75 - 0.03 0.12 31256
aoDLAV 2e4 10 75 - 0.03 1.89 34836
aoULAV 2e4 10 75 - 0.04 1.85 34852
aoD2AG 2e4 10 75 - 0.04 1.87 36076
aoD2SG 2e4 10 75 - 0.05 2.09 36076
moore 2e4 10 75 - 3.47 6551.78 11770836
nbpm 2e4 10 75 - 28.58 5408.61 30880036
greedy 2e4 10 75 - 23.87 1295.44 43775820
dry 175e2 2 90 - 0.02 0.12 26736
aoDLAV 175e2 2 90 - 0.03 0.18 30716
aoULAV 175e2 2 90 - 0.04 0.18 30716
aoD2AG 175e2 2 90 - 0.02 0.21 31760
aoD2SG 175e2 2 90 - 0.03 0.21 31764
moore 175e2 2 90 - 2.75 5235.00 9014032
nbpm 175e2 2 90 - 20.82 1832.31 22863148
greedy 175e2 2 90 - 18.38 920.90 33516976
dry 2e4 2 66 - 0.02 0.12 26832
aoDLAV 2e4 2 66 - 0.03 0.19 30812
aoULAV 2e4 2 66 - 0.03 0.18 30812
aoD2AG 2e4 2 66 - 0.03 0.20 32288
aoD2SG 2e4 2 66 - 0.03 0.22 32296
moore 2e4 2 66 - 3.44 6962.77 11765544
nbpm 2e4 2 66 - 29.00 2646.19 31402188
greedy 2e4 2 66 - 24.69 1269.27 43771040
dry 1e8 2 114 - 1.14 3.06 1983296
aoDLAV 1e8 2 114 - 8.24 592.69 14862068
aoULAV 1e8 2 114 - 10.02 625.18 14862112
aoD2AG 1e8 2 114 - 18.37 908.71 21855736
aoD2SG 1e8 2 114 - 20.63 1075.73 22651976
dry 1e8 5 217 - 2.32 6.25 4327052
aoDLAV 1e8 5 217 - 11.38 2667.06 23065208
aoULAV 1e8 5 217 - 16.50 2654.42 23065208
aoD2AG 1e8 5 217 - 26.08 2979.14 30455564
aoD2SG 1e8 5 217 - 27.37 3516.11 31310276
dry 2e4 5 122 - 0.02 0.12 31012
aoDLAV 2e4 5 122 - 0.03 0.30 32760
aoULAV 2e4 5 122 - 0.03 0.31 32768
aoD2AG 2e4 5 122 - 0.03 0.33 33348
aoD2SG 2e4 5 122 - 0.03 0.36 32860
moore 2e4 5 122 - 3.64 6917.54 11768084
nbpm 2e4 5 122 - 28.88 5660.18 34200496
greedy 2e4 5 122 - 24.63 1391.35 43774004
dry 2e4 10 228 - 0.03 0.12 30752
aoDLAV 2e4 10 228 - 0.04 1.69 34836
aoULAV 2e4 10 228 - 0.03 1.72 34852
aoD2AG 2e4 10 228 - 0.04 1.80 36080
aoD2SG 2e4 10 228 - 0.04 1.93 36080
moore 2e4 10 228 - 3.39 6997.36 11770832
