dry 1e3 5 194 - 0.02 0.10 26056
aoDLAV 1e3 5 194 - 0.02 0.14 30424
aoULAV 1e3 5 194 - 0.02 0.14 30436
aoD2AG 1e3 5 194 - 0.02 0.14 30748
aoD2SG 1e3 5 194 - 0.02 0.15 30768
moore 1e3 5 194 - 0.05 4.58 59800
nbpm 1e3 5 194 - 0.11 4.24 129244
greedy 1e3 5 194 - 0.10 0.93 139388
dry 1e2 5 249 - 0.03 0.11 26000
aoDLAV 1e2 5 249 - 0.02 0.14 30212
aoULAV 1e2 5 249 - 0.02 0.13 30224
aoD2AG 1e2 5 249 - 0.03 0.13 30384
aoD2SG 1e2 5 249 - 0.02 0.14 30388
moore 1e2 5 249 - 0.02 0.18 30492
nbpm 1e2 5 249 - 0.07 2.00 53016
greedy 1e2 5 249 - 0.03 0.13 30920
dry 56e4 2 219 - 0.03 0.16 41104
aoDLAV 56e4 2 219 - 0.06 1.85 107984
aoULAV 56e4 2 219 - 0.07 1.97 107988
aoD2AG 56e4 2 219 - 0.11 2.57 138856
aoD2SG 56e4 2 219 - 0.10 2.94 143348
dry 1e6 5 21 - 0.05 0.26 73152
aoDLAV 1e6 5 21 - 0.15 17.42 252724
aoULAV 1e6 5 21 - 0.15 17.62 252692
aoD2AG 1e6 5 21 - 0.21 19.55 324008
aoD2SG 1e6 5 21 - 0.20 23.51 333800
dry 18e1 2 122 - 0.03 0.11 26004
aoDLAV 18e1 2 122 - 0.03 0.14 30184
aoULAV 18e1 2 122 - 0.03 0.14 30196
aoD2AG 18e1 2 122 - 0.03 0.14 30356
aoD2SG 18e1 2 122 - 0.02 0.15 30364
moore 18e1 2 122 - 0.03 0.23 30496
nbpm 18e1 2 122 - 0.08 2.11 54448
greedy 18e1 2 122 - 0.03 0.15 33352
dry 32e4 2 50 - 0.03 0.17 36428
aoDLAV 32e4 2 50 - 0.06 1.29 70832
aoULAV 32e4 2 50 - 0.04 1.33 70840
aoD2AG 32e4 2 50 - 0.07 1.80 88340
aoD2SG 32e4 2 50 - 0.09 1.98 91564
dry 56e4 2 233 - 0.03 0.19 41104
aoDLAV 56e4 2 233 - 0.07 2.07 107984
aoULAV 56e4 2 233 - 0.08 2.27 107984
aoD2AG 56e4 2 233 - 0.10 3.16 140176
aoD2SG 56e4 2 233 - 0.11 3.46 144000
dry 1e5 10 217 - 0.04 0.18 38396
aoDLAV 1e5 10 217 - 0.04 21.64 53536
aoULAV 1e5 10 217 - 0.04 32.50 55312
aoD2AG 1e5 10 217 - 0.06 20.47 62660
aoD2SG 1e5 10 217 - 0.06 23.69 66832
dry 1e5 10 216 - 0.04 0.17 38396
aoDLAV 1e5 10 216 - 0.05 22.60 53540
aoULAV 1e5 10 216 - 0.05 21.71 55312
aoD2AG 1e5 10 216 - 0.04 22.34 63100
aoD2SG 1e5 10 216 - 0.05 24.57 66832
dry 1e6 10 128 - 0.08 0.40 112232
aoDLAV 1e6 10 128 - 0.22 390.68 369884
aoULAV 1e6 10 128 - 0.30 373.15 369888
aoD2AG 1e6 10 128 - 0.41 383.74 449108
aoD2SG 1e6 10 128 - 0.43 450.77 462108
dry 400e2 2 241 - 0.02 0.11 27616
aoDLAV 400e2 2 241 - 0.03 0.24 32236
aoULAV 400e2 2 241 - 0.03 0.24 33116
aoD2AG 400e2 2 241 - 0.03 0.29 36068
aoD2SG 400e2 2 241 - 0.03 0.30 35928
dry 300e2 2 77 - 0.02 0.12 29176
aoDLAV 300e2 2 77 - 0.03 0.21 31296
aoULAV 300e2 2 77 - 0.03 0.23 31892
aoD2AG 300e2 2 77 - 0.03 0.26 35060
aoD2SG 300e2 2 77 - 0.03 0.26 34720
dry 225e2 2 52 - 0.02 0.12 30576
aoDLAV 225e2 2 52 - 0.03 0.19 30980
aoULAV 225e2 2 52 - 0.03 0.20 30992
aoD2AG 225e2 2 52 - 0.03 0.22 33368
aoD2SG 225e2 2 52 - 0.03 0.23 33464
dry 1e2 10 193 - 0.02 0.12 26004
aoDLAV 1e2 10 193 - 0.02 0.15 30260
aoULAV 1e2 10 193 - 0.03 0.14 30272
aoD2AG 1e2 10 193 - 0.03 0.15 30440
aoD2SG 1e2 10 193 - 0.02 0.15 30452
moore 1e2 10 193 - 0.03 0.21 30496
nbpm 1e2 10 193 - 0.09 2.19 53080
greedy 1e2 10 193 - 0.03 0.14 30972
dry 32e1 2 148 - 0.02 0.12 26000
aoDLAV 32e1 2 148 - 0.02 0.15 30196
aoULAV 32e1 2 148 - 0.02 0.15 30208
aoD2AG 32e1 2 148 - 0.03 0.14 30376
aoD2SG 32e1 2 148 - 0.03 0.14 30384
moore 32e1 2 148 - 0.03 1.13 33688
nbpm 32e1 2 148 - 0.09 2.36 58308
greedy 32e1 2 148 - 0.04 0.21 40972
dry 225e2 2 93 - 0.02 0.12 26924
aoDLAV 225e2 2 93 - 0.02 0.20 30984
aoULAV 225e2 2 93 - 0.04 0.19 30992
aoD2AG 225e2 2 93 - 0.03 0.22 33368
aoD2SG 225e2 2 93 - 0.03 0.23 33464
dry 275e2 2 49 - 0.03 0.12 27120
aoDLAV 275e2 2 49 - 0.03 0.22 31244
aoULAV 275e2 2 49 - 0.03 0.21 31572
aoD2AG 275e2 2 49 - 0.02 0.24 34696
aoD2SG 275e2 2 49 - 0.03 0.26 34808
dry 5e4 5 81 - 0.03 0.13 30440
aoDLAV 5e4 5 81 - 0.04 0.77 34704
aoULAV 5e4 5 81 - 0.03 0.66 34708
aoD2AG 5e4 5 81 - 0.04 0.88 37728
aoD2SG 5e4 5 81 - 0.03 0.88 37936
dry 1e5 5 101 - 0.04 0.13 34476
aoDLAV 1e5 5 101 - 0.03 1.59 41816
aoULAV 1e5 5 101 - 0.05 1.52 43572
aoD2AG 1e5 5 101 - 0.06 1.71 53560
aoD2SG 1e5 5 101 - 0.04 1.95 53304
dry 350e2 2 249 - 0.03 0.11 27416
aoDLAV 350e2 2 249 - 0.02 0.22 31480
aoULAV 350e2 2 249 - 0.02 0.23 32260
aoD2AG 350e2 2 249 - 0.03 0.26 34848
aoD2SG 350e2 2 249 - 0.03 0.27 35128
dry 225e2 2 237 - 0.02 0.11 26920
aoDLAV 225e2 2 237 - 0.02 0.20 30980
aoULAV 225e2 2 237 - 0.03 0.19 30996
aoD2AG 225e2 2 237 - 0.02 0.21 33372
aoD2SG 225e2 2 237 - 0.03 0.22 33464
dry 325e2 2 198 - 0.03 0.11 27320
aoDLAV 325e2 2 198 - 0.03 0.21 31372
aoULAV 325e2 2 198 - 0.03 0.22 32084
aoD2AG 325e2 2 198 - 0.03 0.25 35004
aoD2SG 325e2 2 198 - 0.03 0.26 34760
dry 1e5 2 3 - 0.03 0.13 31028
aoDLAV 1e5 2 3 - 0.03 0.45 34804
aoULAV 1e5 2 3 - 0.03 0.45 35320
aoD2AG 1e5 2 3 - 0.04 0.57 42940
aoD2SG 1e5 2 3 - 0.05 0.65 43800
dry 1e2 5 80 - 0.03 0.11 25996
aoDLAV 1e2 5 80 - 0.02 0.15 30216
aoULAV 1e2 5 80 - 0.03 0.14 30224
aoD2AG 1e2 5 80 - 0.03 0.14 30428
aoD2SG 1e2 5 80 - 0.03 0.14 30392
moore 1e2 5 80 - 0.03 0.20 30492
nbpm 1e2 5 80 - 0.08 2.14 53012
greedy 1e2 5 80 - 0.03 0.14 30920
dry 350e2 2 239 - 0.03 0.12 27416
aoDLAV 350e2 2 239 - 0.03 0.22 31484
aoULAV 350e2 2 239 - 0.03 0.22 32260
aoD2AG 350e2 2 239 - 0.04 0.25 34852
aoD2SG 350e2 2 239 - 0.03 0.27 35132
dry 1e6 10 10 - 0.07 0.40 112232
aoDLAV 1e6 10 10 - 0.21 499.18 369888
aoULAV 1e6 10 10 - 0.30 564.82 369892
aoD2AG 1e6 10 10 - 0.40 344.89 448416
aoD2SG 1e6 10 10 - 0.90 552.18 456920
dry 1e6 5 77 - 0.05 0.26 73156
aoDLAV 1e6 5 77 - 0.12 17.18 252692
aoULAV 1e6 5 77 - 0.14 19.89 252688
aoD2AG 1e6 5 77 - 0.31 22.42 324308
aoD2SG 1e6 5 77 - 0.24 36.10 333244
dry 375e2 2 39 - 0.02 0.12 27516
aoDLAV 375e2 2 39 - 0.03 0.24 31784
aoULAV 375e2 2 39 - 0.02 0.24 32604
aoD2AG 375e2 2 39 - 0.03 0.27 35520
aoD2SG 375e2 2 39 - 0.03 0.28 35532
dry 32e4 2 130 - 0.04 0.16 36424
aoDLAV 32e4 2 130 - 0.05 1.15 70828
aoULAV 32e4 2 130 - 0.06 1.30 70840
aoD2AG 32e4 2 130 - 0.10 1.74 88696
aoD2SG 32e4 2 130 - 0.08 1.83 90744
dry 1e1 2 211 - 0.02 0.12 25992
aoDLAV 1e1 2 211 - 0.02 0.15 30160
aoULAV 1e1 2 211 - 0.03 0.14 30176
aoD2AG 1e1 2 211 - 0.03 0.14 30320
aoD2SG 1e1 2 211 - 0.03 0.14 30320
moore 1e1 2 211 - 0.03 0.18 30476
nbpm 1e1 2 211 - 0.07 2.17 49816
greedy 1e1 2 211 - 0.03 0.14 30124
dry 1e2 5 139 - 0.03 0.11 25996
aoDLAV 1e2 5 139 - 0.04 0.13 30212
aoULAV 1e2 5 139 - 0.03 0.14 30224
aoD2AG 1e2 5 139 - 0.03 0.13 30384
aoD2SG 1e2 5 139 - 0.03 0.14 30388
moore 1e2 5 139 - 0.03 0.20 30496
nbpm 1e2 5 139 - 0.08 2.08 53016
greedy 1e2 5 139 - 0.03 0.14 30920
dry 1e2 2 180 - 0.02 0.12 25992
aoDLAV 1e2 2 180 - 0.02 0.15 30172
aoULAV 1e2 2 180 - 0.03 0.14 30180
aoD2AG 1e2 2 180 - 0.03 0.14 30336
aoD2SG 1e2 2 180 - 0.02 0.15 30348
moore 1e2 2 180 - 0.03 0.22 30484
nbpm 1e2 2 180 - 0.09 2.19 53000
greedy 1e2 2 180 - 0.04 0.14 30880
dry 32e3 2 35 - 0.02 0.12 27300
aoDLAV 32e3 2 35 - 0.03 0.23 31440
aoULAV 32e3 2 35 - 0.03 0.22 32172
aoD2AG 32e3 2 35 - 0.05 0.24 35024
aoD2SG 32e3 2 35 - 0.03 0.26 34788
dry 32e4 2 176 - 0.04 0.17 36428
aoDLAV 32e4 2 176 - 0.06 1.33 70828
aoULAV 32e4 2 176 - 0.06 1.29 70840
aoD2AG 32e4 2 176 - 0.07 1.78 88696
aoD2SG 32e4 2 176 - 0.08 1.93 91048
dry 1e3 5 37 - 0.02 0.12 26060
aoDLAV 1e3 5 37 - 0.03 0.14 30424
aoULAV 1e3 5 37 - 0.03 0.14 30436
aoD2AG 1e3 5 37 - 0.02 0.16 30748
aoD2SG 1e3 5 37 - 0.03 0.14 30768
moore 1e3 5 37 - 0.05 3.39 59828
nbpm 1e3 5 37 - 0.11 4.93 129244
greedy 1e3 5 37 - 0.09 1.05 139388
dry 400e2 2 157 - 0.03 0.12 27620
aoDLAV 400e2 2 157 - 0.03 0.24 32296
aoULAV 400e2 2 157 - 0.03 0.25 33116
aoD2AG 400e2 2 157 - 0.04 0.28 36068
aoD2SG 400e2 2 157 - 0.03 0.30 35924
dry 1e3 10 93 - 0.02 0.12 26140
aoDLAV 1e3 10 93 - 0.02 0.17 30656
aoULAV 1e3 10 93 - 0.03 0.16 30664
aoD2AG 1e3 10 93 - 0.02 0.17 31064
aoD2SG 1e3 10 93 - 0.02 0.17 31088
moore 1e3 10 93 - 0.04 4.20 59840
nbpm 1e3 10 93 - 0.13 4.86 136140
greedy 1e3 10 93 - 0.09 1.06 139616
dry 250e2 2 142 - 0.03 0.12 28940
aoDLAV 250e2 2 142 - 0.03 0.21 31108
aoULAV 250e2 2 142 - 0.03 0.21 31212
aoD2AG 250e2 2 142 - 0.03 0.23 33864
aoD2SG 250e2 2 142 - 0.03 0.23 33968
dry 1e6 2 49 - 0.03 0.20 49704
aoDLAV 1e6 2 49 - 0.10 3.91 178456
aoULAV 1e6 2 49 - 0.11 4.15 178456
aoD2AG 1e6 2 49 - 0.18 5.89 234048
aoD2SG 1e6 2 49 - 0.18 6.43 243732
dry 250e2 2 50 - 0.03 0.11 27020
aoDLAV 250e2 2 50 - 0.03 0.20 31108
aoULAV 250e2 2 50 - 0.03 0.20 31216
aoD2AG 250e2 2 50 - 0.03 0.23 33860
aoD2SG 250e2 2 50 - 0.03 0.23 33960
dry 32e4 2 172 - 0.02 0.17 36428
aoDLAV 32e4 2 172 - 0.06 1.26 70832
aoULAV 32e4 2 172 - 0.05 1.32 70840
aoD2AG 32e4 2 172 - 0.09 1.73 88264
aoD2SG 32e4 2 172 - 0.09 1.95 90820
dry 32e4 2 6 - 0.03 0.16 36424
aoDLAV 32e4 2 6 - 0.06 1.21 70828
aoULAV 32e4 2 6 - 0.07 1.28 70844
aoD2AG 32e4 2 6 - 0.07 1.69 88792
aoD2SG 32e4 2 6 - 0.07 1.79 90804
dry 1e5 10 154 - 0.03 0.18 38400
aoDLAV 1e5 10 154 - 0.05 19.50 53536
aoULAV 1e5 10 154 - 0.03 19.52 55312
aoD2AG 1e5 10 154 - 0.05 19.75 62664
aoD2SG 1e5 10 154 - 0.06 21.88 66832
dry 1e3 2 131 - 0.03 0.11 26024
aoDLAV 1e3 2 131 - 0.03 0.13 30280
aoULAV 1e3 2 131 - 0.02 0.14 30292
aoD2AG 1e3 2 131 - 0.02 0.14 30540
aoD2SG 1e3 2 131 - 0.02 0.15 30556
moore 1e3 2 131 - 0.05 2.92 59800
nbpm 1e3 2 131 - 0.13 4.39 138556
greedy 1e3 2 131 - 0.08 1.00 139244
dry 1e6 5 1 - 0.06 0.25 73152
aoDLAV 1e6 5 1 - 0.17 18.58 252692
aoULAV 1e6 5 1 - 0.15 18.91 252700
aoD2AG 1e6 5 1 - 0.22 21.22 322940
aoD2SG 1e6 5 1 - 0.22 24.26 331912
dry 1e5 2 227 - 0.02 0.14 31512
aoDLAV 1e5 2 227 - 0.03 0.44 34800
aoULAV 1e5 2 227 - 0.03 0.44 35324
aoD2AG 1e5 2 227 - 0.04 0.55 42600
aoD2SG 1e5 2 227 - 0.04 0.64 43992
dry 350e2 2 28 - 0.03 0.12 29080
aoDLAV 350e2 2 28 - 0.03 0.22 31480
aoULAV 350e2 2 28 - 0.03 0.23 32256
aoD2AG 350e2 2 28 - 0.03 0.26 34848
aoD2SG 350e2 2 28 - 0.04 0.26 35136
dry 5e4 5 39 - 0.03 0.13 29988
aoDLAV 5e4 5 39 - 0.03 0.72 34704
aoULAV 5e4 5 39 - 0.04 0.72 34708
aoD2AG 5e4 5 39 - 0.04 0.77 37724
aoD2SG 5e4 5 39 - 0.04 0.83 37936
dry 56e4 2 66 - 0.04 0.18 41104
aoDLAV 56e4 2 66 - 0.08 2.04 107984
aoULAV 56e4 2 66 - 0.09 2.14 107988
aoD2AG 56e4 2 66 - 0.12 3.08 138576
aoD2SG 56e4 2 66 - 0.12 3.40 143856
dry 56e3 2 115 - 0.02 0.12 29436
aoDLAV 56e3 2 115 - 0.03 0.29 33480
aoULAV 56e3 2 115 - 0.04 0.29 34700
aoD2AG 56e3 2 115 - 0.03 0.35 37284
aoD2SG 56e3 2 115 - 0.02 0.39 37300
dry 5e4 10 92 - 0.02 0.14 33888
aoDLAV 5e4 10 92 - 0.04 7.04 40200
aoULAV 5e4 10 92 - 0.04 7.36 40200
aoD2AG 5e4 10 92 - 0.05 7.68 44984
aoD2SG 5e4 10 92 - 0.08 11.19 44996
dry 1e3 5 169 - 0.03 0.11 26060
aoDLAV 1e3 5 169 - 0.03 0.14 30424
aoULAV 1e3 5 169 - 0.03 0.14 30440
aoD2AG 1e3 5 169 - 0.03 0.15 30748
aoD2SG 1e3 5 169 - 0.03 0.15 30768
moore 1e3 5 169 - 0.06 4.07 59804
nbpm 1e3 5 169 - 0.12 4.68 129244
greedy 1e3 5 169 - 0.09 1.01 139388
dry 5e4 10 246 - 0.03 0.13 33924
aoDLAV 5e4 10 246 - 0.04 6.69 40200
aoULAV 5e4 10 246 - 0.08 8.34 40200
aoD2AG 5e4 10 246 - 0.05 7.06 45024
aoD2SG 5e4 10 246 - 0.04 7.88 44996
dry 1e3 5 197 - 0.02 0.12 26060
aoDLAV 1e3 5 197 - 0.03 0.15 30428
aoULAV 1e3 5 197 - 0.03 0.15 30440
aoD2AG 1e3 5 197 - 0.03 0.15 30744
aoD2SG 1e3 5 197 - 0.03 0.15 30776
moore 1e3 5 197 - 0.05 5.67 59800
nbpm 1e3 5 197 - 0.12 4.66 129244
greedy 1e3 5 197 - 0.07 1.01 139388
dry 275e2 2 168 - 0.02 0.12 27120
aoDLAV 275e2 2 168 - 0.02 0.21 31240
aoULAV 275e2 2 168 - 0.03 0.20 31572
aoD2AG 275e2 2 168 - 0.02 0.23 34692
aoD2SG 275e2 2 168 - 0.03 0.23 34808
dry 18e4 2 165 - 0.03 0.13 33108
aoDLAV 18e4 2 165 - 0.05 0.74 47864
aoULAV 18e4 2 165 - 0.05 0.76 47864
aoD2AG 18e4 2 165 - 0.05 0.99 58640
aoD2SG 18e4 2 165 - 0.05 1.08 59836
dry 1e6 2 30 - 0.04 0.19 49704
aoDLAV 1e6 2 30 - 0.11 3.74 178456
aoULAV 1e6 2 30 - 0.11 3.89 178456
aoD2AG 1e6 2 30 - 0.16 5.58 233696
aoD2SG 1e6 2 30 - 0.19 6.35 242436
dry 1e2 2 88 - 0.01 0.13 25992
aoDLAV 1e2 2 88 - 0.03 0.14 30172
aoULAV 1e2 2 88 - 0.02 0.15 30184
aoD2AG 1e2 2 88 - 0.03 0.14 30336
aoD2SG 1e2 2 88 - 0.03 0.14 30340
moore 1e2 2 88 - 0.03 0.20 30480
nbpm 1e2 2 88 - 0.09 2.13 53000
greedy 1e2 2 88 - 0.02 0.15 30880
dry 1e6 2 230 - 0.04 0.20 49704
aoDLAV 1e6 2 230 - 0.11 3.69 178460
aoULAV 1e6 2 230 - 0.11 3.91 178456
aoD2AG 1e6 2 230 - 0.19 5.59 233280
aoD2SG 1e6 2 230 - 0.17 6.32 240736
dry 56e4 2 64 - 0.03 0.19 41108
aoDLAV 56e4 2 64 - 0.08 2.12 107988
aoULAV 56e4 2 64 - 0.09 2.18 107984
aoD2AG 56e4 2 64 - 0.11 3.08 139252
aoD2SG 56e4 2 64 - 0.12 3.82 143240
dry 1e5 10 42 - 0.03 0.18 38396
aoDLAV 1e5 10 42 - 0.05 20.21 53540
aoULAV 1e5 10 42 - 0.12 22.61 55308
aoD2AG 1e5 10 42 - 0.04 21.55 62752
aoD2SG 1e5 10 42 - 0.06 23.72 66836
dry 225e2 2 53 - 0.02 0.12 26920
aoDLAV 225e2 2 53 - 0.02 0.19 30984
aoULAV 225e2 2 53 - 0.03 0.20 30992
aoD2AG 225e2 2 53 - 0.03 0.22 33368
aoD2SG 225e2 2 53 - 0.02 0.24 33464
dry 56e3 2 234 - 0.03 0.12 29188
aoDLAV 56e3 2 234 - 0.04 0.29 33476
aoULAV 56e3 2 234 - 0.03 0.29 34696
aoD2AG 56e3 2 234 - 0.04 0.39 37288
aoD2SG 56e3 2 234 - 0.04 0.39 37300
dry 32e4 2 36 - 0.04 0.16 36428
aoDLAV 32e4 2 36 - 0.06 1.25 70832
aoULAV 32e4 2 36 - 0.06 1.47 70844
aoD2AG 32e4 2 36 - 0.07 1.64 88224
aoD2SG 32e4 2 36 - 0.08 1.84 91004
dry 5e4 5 42 - 0.03 0.14 31928
aoDLAV 5e4 5 42 - 0.04 0.80 34704
aoULAV 5e4 5 42 - 0.03 0.88 34704
aoD2AG 5e4 5 42 - 0.03 0.74 37728
aoD2SG 5e4 5 42 - 0.04 0.94 37936
dry 1e6 10 87 - 0.09 0.44 112236
aoDLAV 1e6 10 87 - 0.28 571.68 370012
aoULAV 1e6 10 87 - 0.29 369.32 369884
aoD2AG 1e6 10 87 - 0.41 369.30 447344
aoD2SG 1e6 10 87 - 0.42 439.64 458088
