dry 1e4 10 68 - 0.04 0.13 27688
aoDLAV 1e4 10 68 - 0.03 0.76 32764
aoULAV 1e4 10 68 - 0.04 0.74 32776
aoD2AG 1e4 10 68 - 0.04 0.58 32744
aoD2SG 1e4 10 68 - 0.03 0.65 34180
moore 1e4 10 68 - 1.28 1134.29 2963860
nbpm 1e4 10 68 - 7.48 752.84 7764384
greedy 1e4 10 68 - 6.77 272.52 10961112
dry 4e7 2 178 - 0.46 1.35 811428
aoDLAV 4e7 2 178 - 3.40 227.91 5955816
aoULAV 4e7 2 178 - 4.42 242.81 5955816
aoD2AG 4e7 2 178 - 8.06 335.30 8754912
aoD2SG 4e7 2 178 - 8.46 399.79 9072836
dry 32e2 2 53 - 0.02 0.12 26112
aoDLAV 32e2 2 53 - 0.03 0.15 30544
aoULAV 32e2 2 53 - 0.03 0.15 30548
aoD2AG 32e2 2 53 - 0.02 0.15 31196
aoD2SG 32e2 2 53 - 0.03 0.15 31256
moore 32e2 2 53 - 0.26 60.03 330512
nbpm 32e2 2 53 - 0.91 19.62 854752
greedy 32e2 2 53 - 0.75 20.55 1150168
dry 4e7 2 10 - 0.47 1.32 811424
aoDLAV 4e7 2 10 - 3.38 237.51 5955820
aoULAV 4e7 2 10 - 3.40 245.23 5955856
aoD2AG 4e7 2 10 - 7.72 348.12 8754608
aoD2SG 4e7 2 10 - 8.05 400.98 9073220
dry 7e7 2 133 - 0.73 2.18 1397356
aoDLAV 7e7 2 133 - 5.82 529.83 10408940
aoULAV 7e7 2 133 - 7.62 452.61 10408940
aoD2AG 7e7 2 133 - 13.48 651.99 15304860
aoD2SG 7e7 2 133 - 14.86 758.81 15865120
dry 1e4 10 166 - 0.03 0.12 27688
aoDLAV 1e4 10 166 - 0.03 0.73 32764
aoULAV 1e4 10 166 - 0.04 0.74 32776
aoD2AG 1e4 10 166 - 0.03 0.72 32744
aoD2SG 1e4 10 166 - 0.03 0.79 34176
moore 1e4 10 166 - 1.21 953.01 2963852
nbpm 1e4 10 166 - 7.55 831.30 7764392
greedy 1e4 10 166 - 6.49 309.20 10961112
dry 50e2 2 158 - 0.02 0.12 26204
aoDLAV 50e2 2 158 - 0.03 0.16 30852
aoULAV 50e2 2 158 - 0.03 0.15 30860
aoD2AG 50e2 2 158 - 0.03 0.16 31788
aoD2SG 50e2 2 158 - 0.03 0.17 31872
moore 50e2 2 158 - 0.96 250.69 764624
nbpm 50e2 2 158 - 2.18 58.03 2011916
greedy 50e2 2 158 - 1.62 66.76 2764780
dry 56e2 2 123 - 0.02 0.12 26236
aoDLAV 56e2 2 123 - 0.02 0.16 30976
aoULAV 56e2 2 123 - 0.03 0.15 30988
aoD2AG 56e2 2 123 - 0.03 0.17 31988
aoD2SG 56e2 2 123 - 0.04 0.17 31120
moore 56e2 2 123 - 0.47 188.64 952720
nbpm 56e2 2 123 - 2.49 76.27 2388080
greedy 56e2 2 123 - 2.12 79.76 3460492
dry 32e2 2 238 - 0.02 0.12 26116
aoDLAV 32e2 2 238 - 0.03 0.15 30544
aoULAV 32e2 2 238 - 0.03 0.15 30548
aoD2AG 32e2 2 238 - 0.03 0.15 31212
aoD2SG 32e2 2 238 - 0.03 0.15 31280
moore 32e2 2 238 - 0.16 41.23 330512
nbpm 32e2 2 238 - 0.95 20.79 854752
greedy 32e2 2 238 - 0.70 22.03 1150164
dry 50e2 2 188 - 0.02 0.12 26204
aoDLAV 50e2 2 188 - 0.02 0.16 30848
aoULAV 50e2 2 188 - 0.03 0.15 30864
aoD2AG 50e2 2 188 - 0.03 0.15 31784
aoD2SG 50e2 2 188 - 0.03 0.18 31864
moore 50e2 2 188 - 0.35 120.19 762980
nbpm 50e2 2 188 - 1.95 53.82 2011924
greedy 50e2 2 188 - 1.71 64.42 2764780
dry 6e7 2 45 - 0.66 1.89 1202044
aoDLAV 6e7 2 45 - 4.94 365.09 8924560
aoULAV 6e7 2 45 - 6.32 387.96 8924560
aoD2AG 6e7 2 45 - 11.88 551.91 13120616
aoD2SG 6e7 2 45 - 12.47 648.80 13599592
dry 1e4 5 179 - 0.02 0.12 26900
aoDLAV 1e4 5 179 - 0.03 0.21 31084
aoULAV 1e4 5 179 - 0.03 0.21 31096
aoD2AG 1e4 5 179 - 0.03 0.23 32108
aoD2SG 1e4 5 179 - 0.04 0.23 32112
moore 1e4 5 179 - 1.20 1233.43 2961736
nbpm 1e4 5 179 - 7.79 595.80 7811516
greedy 1e4 5 179 - 6.60 293.03 10959184
dry 4e7 2 116 - 1.37 1.32 811428
aoDLAV 4e7 2 116 - 3.56 260.30 5955820
aoULAV 4e7 2 116 - 3.49 240.12 5955820
aoD2AG 4e7 2 116 - 7.79 345.78 8753384
aoD2SG 4e7 2 116 - 8.53 415.80 9073248
dry 56e6 2 141 - 0.67 1.79 1123924
aoDLAV 56e6 2 141 - 4.60 334.59 8330816
aoULAV 56e6 2 141 - 5.80 343.50 8330816
aoD2AG 56e6 2 141 - 10.61 494.40 12246976
aoD2SG 56e6 2 141 - 11.26 593.77 12693076
dry 50e2 2 57 - 0.02 0.12 26204
aoDLAV 50e2 2 57 - 0.03 0.15 30848
aoULAV 50e2 2 57 - 0.03 0.15 30864
aoD2AG 50e2 2 57 - 0.02 0.16 31776
aoD2SG 50e2 2 57 - 0.02 0.18 31856
moore 50e2 2 57 - 0.36 133.78 762972
nbpm 50e2 2 57 - 1.95 55.35 2011916
greedy 50e2 2 57 - 1.82 62.25 2764780
dry 18e6 2 136 - 0.22 0.68 381736
aoDLAV 18e6 2 136 - 1.51 95.06 2690196
aoULAV 18e6 2 136 - 1.47 102.63 2690192
aoD2AG 18e6 2 136 - 3.22 147.88 3950280
aoD2SG 18e6 2 136 - 3.87 174.86 4094444
dry 56e2 2 206 - 0.03 0.13 26236
aoDLAV 56e2 2 206 - 0.04 0.16 30976
aoULAV 56e2 2 206 - 0.04 0.16 30988
aoD2AG 56e2 2 206 - 0.03 0.17 31988
aoD2SG 56e2 2 206 - 0.04 0.17 31124
moore 56e2 2 206 - 1.13 295.84 952772
nbpm 56e2 2 206 - 2.49 80.26 2388088
greedy 56e2 2 206 - 2.16 100.53 3460488
dry 25e2 2 61 - 0.02 0.12 26080
aoDLAV 25e2 2 61 - 0.03 0.15 30460
aoULAV 25e2 2 61 - 0.04 0.14 30464
aoD2AG 25e2 2 61 - 0.02 0.16 31000
aoD2SG 25e2 2 61 - 0.03 0.15 31036
moore 25e2 2 61 - 0.11 25.62 213604
nbpm 25e2 2 61 - 0.56 12.61 541644
greedy 25e2 2 61 - 0.49 10.13 713668
dry 56e2 2 177 - 0.03 0.12 26240
aoDLAV 56e2 2 177 - 0.04 0.15 31008
aoULAV 56e2 2 177 - 0.04 0.15 30988
aoD2AG 56e2 2 177 - 0.03 0.18 31976
aoD2SG 56e2 2 177 - 0.04 0.17 31120
moore 56e2 2 177 - 1.03 275.61 952716
nbpm 56e2 2 177 - 2.44 71.75 2388080
greedy 56e2 2 177 - 2.44 81.23 3460488
dry 32e2 2 27 - 0.02 0.13 26112
aoDLAV 32e2 2 27 - 0.03 0.15 30544
aoULAV 32e2 2 27 - 0.03 0.15 30556
aoD2AG 32e2 2 27 - 0.02 0.16 31204
aoD2SG 32e2 2 27 - 0.03 0.15 31260
moore 32e2 2 27 - 0.25 66.68 330512
nbpm 32e2 2 27 - 0.87 21.97 854756
greedy 32e2 2 27 - 0.66 23.23 1150164
dry 1e4 10 162 - 0.03 0.13 27688
aoDLAV 1e4 10 162 - 0.03 0.76 32768
aoULAV 1e4 10 162 - 0.03 0.72 32776
aoD2AG 1e4 10 162 - 0.04 0.76 32744
aoD2SG 1e4 10 162 - 0.04 0.86 34176
moore 1e4 10 162 - 1.24 874.27 2963856
nbpm 1e4 10 162 - 7.62 797.27 7764388
greedy 1e4 10 162 - 6.42 282.55 10961108
dry 50e2 2 89 - 0.03 0.12 26204
aoDLAV 50e2 2 89 - 0.03 0.15 30848
aoULAV 50e2 2 89 - 0.03 0.15 30860
aoD2AG 50e2 2 89 - 0.04 0.15 31784
aoD2SG 50e2 2 89 - 0.03 0.17 31860
moore 50e2 2 89 - 0.43 136.20 764632
nbpm 50e2 2 89 - 1.97 54.58 2011928
greedy 50e2 2 89 - 1.59 62.10 2764780
dry 32e2 2 162 - 0.02 0.12 26116
aoDLAV 32e2 2 162 - 0.02 0.16 30540
aoULAV 32e2 2 162 - 0.02 0.15 30552
aoD2AG 32e2 2 162 - 0.03 0.16 31180
aoD2SG 32e2 2 162 - 0.03 0.15 31244
moore 32e2 2 162 - 0.17 45.34 330512
nbpm 32e2 2 162 - 0.84 19.20 854752
greedy 32e2 2 162 - 0.65 19.84 1150164
dry 18e2 2 28 - 0.02 0.12 26048
aoDLAV 18e2 2 28 - 0.03 0.14 30392
aoULAV 18e2 2 28 - 0.02 0.15 30384
aoD2AG 18e2 2 28 - 0.03 0.14 30808
aoD2SG 18e2 2 28 - 0.03 0.15 30828
moore 18e2 2 28 - 0.07 15.52 125416
nbpm 18e2 2 28 - 0.20 7.67 334536
greedy 18e2 2 28 - 0.26 3.85 384352
dry 1e4 10 190 - 0.04 0.11 29388
aoDLAV 1e4 10 190 - 0.03 0.69 32764
aoULAV 1e4 10 190 - 0.04 0.71 32780
aoD2AG 1e4 10 190 - 0.03 0.72 32744
aoD2SG 1e4 10 190 - 0.04 0.78 34176
moore 1e4 10 190 - 1.14 1036.97 2963852
nbpm 1e4 10 190 - 7.74 747.66 7764388
greedy 1e4 10 190 - 6.68 283.88 10961108
dry 32e6 2 40 - 0.40 1.08 655176
aoDLAV 32e6 2 40 - 2.77 186.02 4768324
aoULAV 32e6 2 40 - 3.74 192.33 4768324
aoD2AG 32e6 2 40 - 5.81 277.69 7007196
aoD2SG 32e6 2 40 - 6.82 320.28 7260900
dry 32e6 2 218 - 0.39 1.09 655176
aoDLAV 32e6 2 218 - 2.84 184.13 4768324
aoULAV 32e6 2 218 - 3.55 200.04 4768328
aoD2AG 32e6 2 218 - 6.32 277.65 7008364
aoD2SG 32e6 2 218 - 6.93 320.70 7264004
dry 50e2 2 126 - 0.03 0.11 26204
aoDLAV 50e2 2 126 - 0.03 0.15 30852
aoULAV 50e2 2 126 - 0.02 0.16 30896
aoD2AG 50e2 2 126 - 0.03 0.16 31784
aoD2SG 50e2 2 126 - 0.03 0.16 31888
moore 50e2 2 126 - 0.63 181.19 764620
nbpm 50e2 2 126 - 1.96 55.69 2011916
greedy 50e2 2 126 - 1.67 60.70 2764784
dry 5e7 2 116 - 0.62 1.62 1006736
aoDLAV 5e7 2 116 - 4.16 293.91 7440192
aoULAV 5e7 2 116 - 5.38 321.05 7440192
aoD2AG 5e7 2 116 - 9.87 512.13 10938772
aoD2SG 5e7 2 116 - 10.85 507.61 11335964
dry 1e4 5 225 - 0.03 0.11 26900
aoDLAV 1e4 5 225 - 0.04 0.21 31084
aoULAV 1e4 5 225 - 0.02 0.22 31100
aoD2AG 1e4 5 225 - 0.03 0.23 32108
aoD2SG 1e4 5 225 - 0.04 0.23 32112
moore 1e4 5 225 - 1.14 825.75 2961736
nbpm 1e4 5 225 - 7.59 649.96 7811456
greedy 1e4 5 225 - 6.87 298.02 10959172
dry 56e2 2 232 - 0.02 0.12 26236
aoDLAV 56e2 2 232 - 0.03 0.16 30976
aoULAV 56e2 2 232 - 0.03 0.16 30992
aoD2AG 56e2 2 232 - 0.03 0.18 31996
aoD2SG 56e2 2 232 - 0.03 0.18 31120
moore 56e2 2 232 - 0.70 243.26 952724
nbpm 56e2 2 232 - 2.43 69.72 2388088
greedy 56e2 2 232 - 2.25 79.10 3460488
dry 5e7 2 106 - 0.61 1.59 1006736
aoDLAV 5e7 2 106 - 4.20 287.89 7440192
aoULAV 5e7 2 106 - 5.89 321.17 7440192
aoD2AG 5e7 2 106 - 9.84 444.56 10939284
aoD2SG 5e7 2 106 - 10.58 523.15 11338076
dry 7e7 2 238 - 0.83 2.19 1397356
aoDLAV 7e7 2 238 - 5.78 413.64 10408936
aoULAV 7e7 2 238 - 7.50 460.92 10408940
aoD2AG 7e7 2 238 - 13.97 656.08 15301964
aoD2SG 7e7 2 238 - 14.15 741.33 15862144
dry 25e2 2 29 - 0.03 0.11 26080
aoDLAV 25e2 2 29 - 0.03 0.15 30452
aoULAV 25e2 2 29 - 0.03 0.14 30464
aoD2AG 25e2 2 29 - 0.03 0.15 30988
aoD2SG 25e2 2 29 - 0.03 0.15 31040
moore 25e2 2 29 - 0.10 23.47 213604
nbpm 25e2 2 29 - 0.53 12.26 541644
greedy 25e2 2 29 - 0.43 9.57 713664
dry 7e7 2 8 - 0.91 2.19 1397416
aoDLAV 7e7 2 8 - 5.79 419.43 10408936
aoULAV 7e7 2 8 - 7.70 462.43 10408936
aoD2AG 7e7 2 8 - 13.66 642.57 15307440
aoD2SG 7e7 2 8 - 15.40 903.97 15863464
dry 18e6 2 119 - 0.24 0.70 381736
aoDLAV 18e6 2 119 - 1.79 128.76 2690192
aoULAV 18e6 2 119 - 2.05 104.04 2690192
aoD2AG 18e6 2 119 - 3.22 141.07 3949840
aoD2SG 18e6 2 119 - 3.78 166.76 4095204
dry 6e7 2 183 - 0.70 1.89 1202044
aoDLAV 6e7 2 183 - 5.20 357.28 8924560
aoULAV 6e7 2 183 - 6.69 374.61 8924560
aoD2AG 6e7 2 183 - 11.46 540.85 13122404
aoD2SG 6e7 2 183 - 12.42 632.36 13598376
dry 50e2 2 67 - 0.03 0.12 26208
aoDLAV 50e2 2 67 - 0.04 0.15 30848
aoULAV 50e2 2 67 - 0.02 0.16 30864
aoD2AG 50e2 2 67 - 0.04 0.15 31780
aoD2SG 50e2 2 67 - 0.04 0.17 31876
moore 50e2 2 67 - 0.77 223.77 764624
nbpm 50e2 2 67 - 2.02 65.30 2011916
greedy 50e2 2 67 - 1.76 60.38 2764780
dry 32e6 2 180 - 0.43 1.14 655176
aoDLAV 32e6 2 180 - 2.78 181.30 4768324
aoULAV 32e6 2 180 - 3.54 199.55 4768324
aoD2AG 32e6 2 180 - 5.69 277.95 7008852
aoD2SG 32e6 2 180 - 6.61 308.29 7262876
dry 3e7 2 65 - 0.32 1.02 616104
aoDLAV 3e7 2 65 - 2.57 167.30 4471432
aoULAV 3e7 2 65 - 3.29 178.79 4471428
aoD2AG 3e7 2 65 - 6.03 257.80 6570828
aoD2SG 3e7 2 65 - 5.86 304.76 6809740
dry 18e2 2 209 - 0.03 0.11 26048
aoDLAV 18e2 2 209 - 0.03 0.15 30376
aoULAV 18e2 2 209 - 0.03 0.15 30384
aoD2AG 18e2 2 209 - 0.03 0.15 30792
aoD2SG 18e2 2 209 - 0.04 0.15 30816
moore 18e2 2 209 - 0.07 13.86 125416
nbpm 18e2 2 209 - 0.20 7.57 334536
greedy 18e2 2 209 - 0.27 4.63 384352
dry 7e7 2 67 - 0.75 2.20 1397356
aoDLAV 7e7 2 67 - 5.93 415.99 10408936
aoULAV 7e7 2 67 - 7.51 445.09 10408940
aoD2AG 7e7 2 67 - 13.31 637.90 15303848
aoD2SG 7e7 2 67 - 14.35 747.35 15860724
dry 2e7 2 29 - 0.24 0.74 420800
aoDLAV 2e7 2 29 - 1.65 106.57 2987072
aoULAV 2e7 2 29 - 2.08 111.95 2987068
aoD2AG 2e7 2 29 - 3.39 158.91 4387492
aoD2SG 2e7 2 29 - 4.09 192.94 4545288
dry 18e6 2 233 - 0.22 0.68 381736
aoDLAV 18e6 2 233 - 1.59 94.78 2690196
aoULAV 18e6 2 233 - 1.99 100.78 2690192
aoD2AG 18e6 2 233 - 3.14 141.53 3950056
aoD2SG 18e6 2 233 - 3.40 166.08 4094680
dry 56e2 2 14 - 0.02 0.12 28236
aoDLAV 56e2 2 14 - 0.02 0.16 30976
aoULAV 56e2 2 14 - 0.04 0.14 30992
aoD2AG 56e2 2 14 - 0.03 0.16 31996
aoD2SG 56e2 2 14 - 0.03 0.16 31124
moore 56e2 2 14 - 0.80 258.45 952696
nbpm 56e2 2 14 - 2.28 69.87 2388088
greedy 56e2 2 14 - 2.04 82.62 3460488
dry 7e7 2 123 - 0.78 2.18 1397356
aoDLAV 7e7 2 123 - 6.13 421.65 10408940
aoULAV 7e7 2 123 - 7.93 441.87 10408940
aoD2AG 7e7 2 123 - 13.16 648.18 15304872
aoD2SG 7e7 2 123 - 14.95 756.60 15864032
dry 2e7 2 148 - 0.27 0.76 420796
aoDLAV 2e7 2 148 - 1.76 107.38 2987068
aoULAV 2e7 2 148 - 2.29 112.58 2987068
aoD2AG 2e7 2 148 - 3.44 163.39 4388692
aoD2SG 2e7 2 148 - 4.32 188.41 4546124
dry 1e4 10 53 - 0.03 0.13 27688
aoDLAV 1e4 10 53 - 0.03 0.71 32764
aoULAV 1e4 10 53 - 0.03 0.69 32776
aoD2AG 1e4 10 53 - 0.03 0.71 32744
aoD2SG 1e4 10 53 - 0.04 0.78 34176
moore 1e4 10 53 - 1.25 1160.66 2963856
nbpm 1e4 10 53 - 7.63 739.16 7764392
greedy 1e4 10 53 - 6.81 277.95 10961108
dry 7e7 2 107 - 0.90 2.21 1397360
aoDLAV 7e7 2 107 - 6.07 425.89 10408936
aoULAV 7e7 2 107 - 8.02 450.72 10408936
aoD2AG 7e7 2 107 - 14.88 647.41 15303984
aoD2SG 7e7 2 107 - 14.61 741.50 15860916
dry 1e4 10 41 - 0.03 0.12 29248
aoDLAV 1e4 10 41 - 0.03 0.67 32764
aoULAV 1e4 10 41 - 0.03 0.67 32780
aoD2AG 1e4 10 41 - 0.03 0.70 32744
aoD2SG 1e4 10 41 - 0.03 0.76 34176
moore 1e4 10 41 - 1.11 1287.15 2963856
nbpm 1e4 10 41 - 7.54 773.17 7764384
greedy 1e4 10 41 - 6.60 271.32 10961108
dry 32e6 2 184 - 0.41 1.07 655176
aoDLAV 32e6 2 184 - 2.66 205.18 4768324
aoULAV 32e6 2 184 - 3.54 195.40 4768324
aoD2AG 32e6 2 184 - 6.66 290.07 7007996
aoD2SG 32e6 2 184 - 6.81 306.50 7262764
dry 56e6 2 198 - 0.70 1.80 1123928
aoDLAV 56e6 2 198 - 4.97 336.90 8330816
aoULAV 56e6 2 198 - 6.26 363.37 8330836
aoD2AG 56e6 2 198 - 11.49 501.70 12248268
aoD2SG 56e6 2 198 - 11.64 573.77 12697032
dry 1e4 2 59 - 0.02 0.12 26432
aoDLAV 1e4 2 59 - 0.03 0.17 31868
aoULAV 1e4 2 59 - 0.04 0.16 31880
aoD2AG 1e4 2 59 - 0.03 0.18 31876
aoD2SG 1e4 2 59 - 0.03 0.18 31992
moore 1e4 2 59 - 1.27 1033.80 2960580
nbpm 1e4 2 59 - 7.55 574.14 7889428
greedy 1e4 2 59 - 6.70 274.24 10968568
dry 1e4 10 221 - 0.04 0.11 27688
aoDLAV 1e4 10 221 - 0.03 0.68 32776
aoULAV 1e4 10 221 - 0.03 0.69 32776
aoD2AG 1e4 10 221 - 0.03 0.70 32744
aoD2SG 1e4 10 221 - 0.03 0.77 34176
moore 1e4 10 221 - 1.18 924.20 2963852
nbpm 1e4 10 221 - 7.34 731.05 7764384
greedy 1e4 10 221 - 6.02 268.63 10961108
