dry 75e2 2 6 - 0.02 0.12 26328
aoDLAV 75e2 2 6 - 0.03 0.15 31376
aoULAV 75e2 2 6 - 0.03 0.15 31388
aoD2AG 75e2 2 6 - 0.03 0.17 31384
aoD2SG 75e2 2 6 - 0.03 0.18 31380
moore 75e2 2 6 - 1.56 584.01 1688788
nbpm 75e2 2 6 - 4.15 217.21 4242124
greedy 75e2 2 6 - 3.53 147.14 6183092
dry 18e6 2 5 - 0.23 0.70 381736
aoDLAV 18e6 2 5 - 1.55 99.33 2690192
aoULAV 18e6 2 5 - 1.93 102.13 2690192
aoD2AG 18e6 2 5 - 3.03 143.96 3952372
aoD2SG 18e6 2 5 - 3.79 168.61 4094504
dry 1e4 5 201 - 0.02 0.12 28928
aoDLAV 1e4 5 201 - 0.02 0.21 31084
aoULAV 1e4 5 201 - 0.02 0.22 31096
aoD2AG 1e4 5 201 - 0.02 0.23 32108
aoD2SG 1e4 5 201 - 0.03 0.22 32108
moore 1e4 5 201 - 1.19 1014.37 2961736
nbpm 1e4 5 201 - 7.31 632.64 7811460
greedy 1e4 5 201 - 6.32 291.63 10959172
dry 25e2 2 232 - 0.02 0.12 26080
aoDLAV 25e2 2 232 - 0.02 0.16 30456
aoULAV 25e2 2 232 - 0.02 0.17 30464
aoD2AG 25e2 2 232 - 0.03 0.16 30996
aoD2SG 25e2 2 232 - 0.03 0.16 31040
moore 25e2 2 232 - 0.10 32.35 213596
nbpm 25e2 2 232 - 0.55 12.27 541636
greedy 25e2 2 232 - 0.40 10.58 713664
dry 1e4 2 219 - 0.03 0.12 26436
aoDLAV 1e4 2 219 - 0.03 0.17 31864
aoULAV 1e4 2 219 - 0.04 0.17 31876
aoD2AG 1e4 2 219 - 0.03 0.17 31876
aoD2SG 1e4 2 219 - 0.03 0.19 31988
moore 1e4 2 219 - 1.18 914.32 2960580
nbpm 1e4 2 219 - 7.77 355.21 7889424
greedy 1e4 2 219 - 6.60 278.83 10968568
dry 6e7 2 178 - 0.72 1.89 1202044
aoDLAV 6e7 2 178 - 4.95 359.72 8924560
aoULAV 6e7 2 178 - 6.71 384.80 8924560
aoD2AG 6e7 2 178 - 11.31 538.96 13121744
aoD2SG 6e7 2 178 - 12.57 780.88 13599688
dry 18e6 2 117 - 0.26 0.70 381736
aoDLAV 18e6 2 117 - 1.53 96.82 2690192
aoULAV 18e6 2 117 - 1.99 103.19 2690192
aoD2AG 18e6 2 117 - 2.94 141.94 3951980
aoD2SG 18e6 2 117 - 3.31 164.66 4095540
dry 7e7 2 227 - 0.75 2.19 1397356
aoDLAV 7e7 2 227 - 6.02 508.46 10408936
aoULAV 7e7 2 227 - 7.70 444.29 10408936
aoD2AG 7e7 2 227 - 13.95 630.14 15304228
aoD2SG 7e7 2 227 - 14.85 977.58 15860724
dry 18e6 2 111 - 0.26 0.70 381736
aoDLAV 18e6 2 111 - 1.55 98.80 2690192
aoULAV 18e6 2 111 - 1.44 100.35 2690196
aoD2AG 18e6 2 111 - 3.21 145.61 3950724
aoD2SG 18e6 2 111 - 3.79 172.20 4093316
dry 5e7 2 94 - 0.54 1.60 1006736
aoDLAV 5e7 2 94 - 4.15 292.85 7440192
aoULAV 5e7 2 94 - 5.48 319.30 7440192
aoD2AG 5e7 2 94 - 9.80 449.58 10936988
aoD2SG 5e7 2 94 - 10.27 511.71 11335960
dry 56e6 2 195 - 0.63 1.80 1123928
aoDLAV 56e6 2 195 - 4.62 326.97 8330816
aoULAV 56e6 2 195 - 6.29 347.20 8330816
aoD2AG 56e6 2 195 - 10.69 538.75 12245836
aoD2SG 56e6 2 195 - 11.97 573.30 12694084
dry 5e7 2 189 - 0.62 1.61 1006736
aoDLAV 5e7 2 189 - 4.37 365.14 7440196
aoULAV 5e7 2 189 - 5.54 324.42 7440196
aoD2AG 5e7 2 189 - 10.12 444.01 10937680
aoD2SG 5e7 2 189 - 10.40 514.71 11337268
dry 5e7 2 132 - 0.60 1.63 1006740
aoDLAV 5e7 2 132 - 4.20 291.33 7440192
aoULAV 5e7 2 132 - 5.77 417.33 7440192
aoD2AG 5e7 2 132 - 9.55 559.15 10938640
aoD2SG 5e7 2 132 - 10.78 528.63 11335464
dry 50e2 2 121 - 0.02 0.12 26204
aoDLAV 50e2 2 121 - 0.03 0.15 30848
aoULAV 50e2 2 121 - 0.03 0.15 30884
aoD2AG 50e2 2 121 - 0.03 0.15 31788
aoD2SG 50e2 2 121 - 0.03 0.17 31888
moore 50e2 2 121 - 0.31 108.25 762980
nbpm 50e2 2 121 - 1.99 55.37 2011916
greedy 50e2 2 121 - 1.70 61.17 2764780
dry 50e2 2 247 - 0.03 0.12 26204
aoDLAV 50e2 2 247 - 0.04 0.16 30848
aoULAV 50e2 2 247 - 0.02 0.17 30864
aoD2AG 50e2 2 247 - 0.04 0.15 31772
aoD2SG 50e2 2 247 - 0.03 0.18 31848
moore 50e2 2 247 - 0.40 135.05 764620
nbpm 50e2 2 247 - 1.95 56.34 2011920
greedy 50e2 2 247 - 1.55 60.60 2764784
dry 4e7 2 117 - 0.51 1.34 811424
aoDLAV 4e7 2 117 - 3.47 236.66 5955816
aoULAV 4e7 2 117 - 3.51 246.19 5955816
aoD2AG 4e7 2 117 - 7.98 351.33 8754460
aoD2SG 4e7 2 117 - 8.43 413.32 9072432
dry 3e7 2 173 - 0.36 1.04 616104
aoDLAV 3e7 2 173 - 2.43 170.46 4471428
aoULAV 3e7 2 173 - 2.61 181.34 4471428
aoD2AG 3e7 2 173 - 5.99 252.77 6569020
aoD2SG 3e7 2 173 - 6.13 293.34 6810720
dry 4e7 2 53 - 0.45 1.33 811424
aoDLAV 4e7 2 53 - 3.26 228.92 5955816
aoULAV 4e7 2 53 - 4.48 249.31 5955816
aoD2AG 4e7 2 53 - 8.03 345.94 8754252
aoD2SG 4e7 2 53 - 8.09 404.08 9071744
dry 3e7 2 14 - 0.34 1.03 616104
aoDLAV 3e7 2 14 - 2.59 171.69 4471432
aoULAV 3e7 2 14 - 3.26 176.95 4471428
aoD2AG 3e7 2 14 - 5.22 258.37 6571816
aoD2SG 3e7 2 14 - 6.23 302.82 6812816
dry 4e7 2 139 - 0.54 1.37 811424
aoDLAV 4e7 2 139 - 3.31 237.36 5955816
aoULAV 4e7 2 139 - 4.45 294.63 5955816
aoD2AG 4e7 2 139 - 7.89 351.67 8754240
aoD2SG 4e7 2 139 - 8.56 406.56 9073640
dry 7e7 2 131 - 0.77 2.19 1397360
aoDLAV 7e7 2 131 - 6.01 430.74 10408936
aoULAV 7e7 2 131 - 7.71 445.99 10408936
aoD2AG 7e7 2 131 - 13.61 669.35 15306052
aoD2SG 7e7 2 131 - 14.59 759.25 15861788
dry 32e2 2 14 - 0.02 0.12 26112
aoDLAV 32e2 2 14 - 0.04 0.15 30540
aoULAV 32e2 2 14 - 0.03 0.15 30548
aoD2AG 32e2 2 14 - 0.03 0.15 31200
aoD2SG 32e2 2 14 - 0.03 0.15 31256
moore 32e2 2 14 - 0.23 54.88 330520
nbpm 32e2 2 14 - 0.89 19.71 854764
greedy 32e2 2 14 - 0.83 21.26 1150164
dry 32e2 2 249 - 0.03 0.12 26112
aoDLAV 32e2 2 249 - 0.02 0.16 30540
aoULAV 32e2 2 249 - 0.03 0.15 30548
aoD2AG 32e2 2 249 - 0.04 0.14 31200
aoD2SG 32e2 2 249 - 0.03 0.16 31260
moore 32e2 2 249 - 0.14 35.77 330512
nbpm 32e2 2 249 - 0.91 19.64 854752
greedy 32e2 2 249 - 0.71 21.01 1150164
dry 18e2 2 144 - 0.02 0.13 26048
aoDLAV 18e2 2 144 - 0.03 0.15 30372
aoULAV 18e2 2 144 - 0.03 0.15 30388
aoD2AG 18e2 2 144 - 0.03 0.16 30804
aoD2SG 18e2 2 144 - 0.03 0.15 30820
moore 18e2 2 144 - 0.08 11.63 125416
nbpm 18e2 2 144 - 0.23 8.02 334536
greedy 18e2 2 144 - 0.26 5.22 384352
dry 32e6 2 56 - 0.36 1.16 655180
aoDLAV 32e6 2 56 - 2.82 181.83 4768324
aoULAV 32e6 2 56 - 3.48 192.01 4768324
aoD2AG 32e6 2 56 - 6.13 262.34 7008924
aoD2SG 32e6 2 56 - 6.84 314.07 7262136
dry 18e2 2 237 - 0.02 0.12 26052
aoDLAV 18e2 2 237 - 0.04 0.15 30376
aoULAV 18e2 2 237 - 0.03 0.16 30388
aoD2AG 18e2 2 237 - 0.02 0.16 30820
aoD2SG 18e2 2 237 - 0.04 0.15 30828
moore 18e2 2 237 - 0.08 11.86 125412
nbpm 18e2 2 237 - 0.19 7.42 334528
greedy 18e2 2 237 - 0.23 3.72 384356
dry 32e6 2 101 - 0.40 1.09 655176
aoDLAV 32e6 2 101 - 2.72 184.23 4768324
aoULAV 32e6 2 101 - 2.71 192.06 4768328
aoD2AG 32e6 2 101 - 6.30 267.88 7007656
aoD2SG 32e6 2 101 - 6.34 313.24 7264744
dry 32e6 2 10 - 0.34 1.08 655180
aoDLAV 32e6 2 10 - 2.67 213.45 4768324
aoULAV 32e6 2 10 - 3.58 191.48 4768324
aoD2AG 32e6 2 10 - 5.56 270.54 7007672
aoD2SG 32e6 2 10 - 6.44 312.52 7264228
dry 32e2 2 237 - 0.02 0.13 26112
aoDLAV 32e2 2 237 - 0.03 0.15 30544
aoULAV 32e2 2 237 - 0.03 0.15 30552
aoD2AG 32e2 2 237 - 0.03 0.15 31196
aoD2SG 32e2 2 237 - 0.03 0.16 31268
moore 32e2 2 237 - 0.22 51.72 330520
nbpm 32e2 2 237 - 0.88 22.51 854756
greedy 32e2 2 237 - 0.67 22.26 1150164
dry 75e2 2 21 - 0.03 0.12 26332
aoDLAV 75e2 2 21 - 0.03 0.15 31376
aoULAV 75e2 2 21 - 0.04 0.15 31388
aoD2AG 75e2 2 21 - 0.02 0.18 31384
aoD2SG 75e2 2 21 - 0.02 0.19 31384
moore 75e2 2 21 - 1.07 460.34 1688796
nbpm 75e2 2 21 - 4.30 167.52 4242132
greedy 75e2 2 21 - 4.15 158.32 6183092
dry 18e2 2 118 - 0.03 0.12 26052
aoDLAV 18e2 2 118 - 0.04 0.15 30376
aoULAV 18e2 2 118 - 0.03 0.15 30388
aoD2AG 18e2 2 118 - 0.04 0.15 30792
aoD2SG 18e2 2 118 - 0.03 0.15 30824
moore 18e2 2 118 - 0.08 18.14 125420
nbpm 18e2 2 118 - 0.20 7.49 334536
greedy 18e2 2 118 - 0.25 4.26 384352
dry 2e7 2 46 - 0.24 0.76 420800
aoDLAV 2e7 2 46 - 1.89 108.00 2987068
aoULAV 2e7 2 46 - 2.24 121.20 2987068
aoD2AG 2e7 2 46 - 3.42 169.61 4387144
aoD2SG 2e7 2 46 - 4.16 186.66 4545240
dry 50e2 2 234 - 0.03 0.11 26204
aoDLAV 50e2 2 234 - 0.02 0.16 30848
aoULAV 50e2 2 234 - 0.03 0.15 30860
aoD2AG 50e2 2 234 - 0.03 0.16 31804
aoD2SG 50e2 2 234 - 0.03 0.17 31876
moore 50e2 2 234 - 0.86 229.54 764628
nbpm 50e2 2 234 - 2.00 61.48 2011924
greedy 50e2 2 234 - 1.85 68.26 2764780
dry 25e2 2 196 - 0.03 0.12 26080
aoDLAV 25e2 2 196 - 0.04 0.16 30452
aoULAV 25e2 2 196 - 0.04 0.16 30468
aoD2AG 25e2 2 196 - 0.03 0.16 30992
aoD2SG 25e2 2 196 - 0.04 0.16 31032
moore 25e2 2 196 - 0.12 40.98 213600
nbpm 25e2 2 196 - 0.57 12.49 541636
greedy 25e2 2 196 - 0.42 11.53 713664
dry 5e7 2 111 - 0.53 1.61 1006736
aoDLAV 5e7 2 111 - 4.35 363.45 7440192
aoULAV 5e7 2 111 - 5.40 314.01 7440192
aoD2AG 5e7 2 111 - 9.91 441.49 10937052
aoD2SG 5e7 2 111 - 10.79 586.08 11336104
dry 2e7 2 167 - 0.26 0.75 420840
aoDLAV 2e7 2 167 - 1.71 105.99 2987068
aoULAV 2e7 2 167 - 1.71 116.96 2987068
aoD2AG 2e7 2 167 - 3.99 156.45 4385484
aoD2SG 2e7 2 167 - 3.75 184.33 4548108
dry 4e7 2 156 - 0.47 1.33 811424
aoDLAV 4e7 2 156 - 3.36 230.02 5955820
aoULAV 4e7 2 156 - 4.28 244.28 5955820
aoD2AG 4e7 2 156 - 7.38 365.46 8756024
aoD2SG 4e7 2 156 - 8.21 416.97 9072648
dry 7e7 2 240 - 0.77 2.21 1397360
aoDLAV 7e7 2 240 - 5.79 414.60 10408936
aoULAV 7e7 2 240 - 7.74 452.19 10408936
aoD2AG 7e7 2 240 - 13.72 721.82 15300252
aoD2SG 7e7 2 240 - 14.17 763.83 15862704
dry 18e6 2 16 - 0.21 0.69 381736
aoDLAV 18e6 2 16 - 1.47 95.65 2690192
aoULAV 18e6 2 16 - 1.66 102.50 2690192
aoD2AG 18e6 2 16 - 3.58 154.73 3952128
aoD2SG 18e6 2 16 - 3.53 187.70 4094044
dry 56e6 2 45 - 0.61 1.79 1123924
aoDLAV 56e6 2 45 - 4.92 342.88 8330816
aoULAV 56e6 2 45 - 6.24 348.97 8330816
aoD2AG 56e6 2 45 - 11.30 507.68 12246620
aoD2SG 56e6 2 45 - 11.84 621.45 12692500
dry 56e2 2 233 - 0.02 0.12 28268
aoDLAV 56e2 2 233 - 0.03 0.15 30980
aoULAV 56e2 2 233 - 0.04 0.14 30988
aoD2AG 56e2 2 233 - 0.04 0.17 31980
aoD2SG 56e2 2 233 - 0.04 0.17 31124
moore 56e2 2 233 - 1.11 302.63 952716
nbpm 56e2 2 233 - 2.41 73.83 2388112
greedy 56e2 2 233 - 2.26 78.34 3460488
dry 3e7 2 96 - 0.38 1.05 616104
aoDLAV 3e7 2 96 - 2.64 170.60 4471428
aoULAV 3e7 2 96 - 2.66 177.58 4471428
aoD2AG 3e7 2 96 - 6.19 254.00 6571700
aoD2SG 3e7 2 96 - 6.34 296.19 6810816
dry 3e7 2 152 - 0.36 1.04 616124
aoDLAV 3e7 2 152 - 2.47 171.64 4471428
aoULAV 3e7 2 152 - 2.84 190.53 4471428
aoD2AG 3e7 2 152 - 5.99 255.20 6571244
aoD2SG 3e7 2 152 - 6.32 307.00 6809960
dry 56e2 2 65 - 0.03 0.11 26236
aoDLAV 56e2 2 65 - 0.02 0.16 30976
aoULAV 56e2 2 65 - 0.03 0.15 30988
aoD2AG 56e2 2 65 - 0.04 0.16 31964
aoD2SG 56e2 2 65 - 0.02 0.18 31120
moore 56e2 2 65 - 0.40 163.73 949980
nbpm 56e2 2 65 - 2.55 78.15 2388084
greedy 56e2 2 65 - 2.13 83.85 3460488
dry 6e7 2 120 - 0.66 1.92 1202044
aoDLAV 6e7 2 120 - 4.95 366.23 8924560
aoULAV 6e7 2 120 - 6.81 477.78 8924560
aoD2AG 6e7 2 120 - 11.56 545.82 13122868
aoD2SG 6e7 2 120 - 12.19 622.37 13599308
dry 3e7 2 2 - 0.34 1.02 616104
aoDLAV 3e7 2 2 - 2.53 224.77 4471428
aoULAV 3e7 2 2 - 3.25 182.09 4471428
aoD2AG 3e7 2 2 - 5.93 253.96 6572964
aoD2SG 3e7 2 2 - 5.79 299.87 6810596
dry 5e7 2 115 - 0.53 1.60 1006736
aoDLAV 5e7 2 115 - 4.61 330.59 7440196
aoULAV 5e7 2 115 - 5.32 311.10 7440192
aoD2AG 5e7 2 115 - 10.14 442.38 10937536
aoD2SG 5e7 2 115 - 10.29 528.31 11334692
dry 3e7 2 189 - 0.37 1.06 616104
aoDLAV 3e7 2 189 - 2.63 165.78 4471432
aoULAV 3e7 2 189 - 3.52 184.38 4471428
aoD2AG 3e7 2 189 - 5.17 252.17 6571120
aoD2SG 3e7 2 189 - 6.27 293.44 6809088
dry 6e7 2 19 - 0.67 1.95 1202044
aoDLAV 6e7 2 19 - 5.14 367.58 8924564
aoULAV 6e7 2 19 - 6.55 384.72 8924560
aoD2AG 6e7 2 19 - 11.90 678.73 13119520
aoD2SG 6e7 2 19 - 12.56 636.65 13599100
dry 1e4 10 239 - 0.03 0.13 29376
aoDLAV 1e4 10 239 - 0.04 0.75 32764
aoULAV 1e4 10 239 - 0.03 0.74 32776
aoD2AG 1e4 10 239 - 0.03 0.92 32744
aoD2SG 1e4 10 239 - 0.03 0.86 34176
moore 1e4 10 239 - 1.11 1062.86 2963852
nbpm 1e4 10 239 - 7.38 722.15 7764384
greedy 1e4 10 239 - 6.15 279.07 10961108
dry 1e4 5 103 - 0.02 0.13 26900
aoDLAV 1e4 5 103 - 0.03 0.23 31088
aoULAV 1e4 5 103 - 0.04 0.23 31096
aoD2AG 1e4 5 103 - 0.03 0.24 32108
aoD2SG 1e4 5 103 - 0.03 0.25 32112
moore 1e4 5 103 - 1.19 967.26 2961732
nbpm 1e4 5 103 - 7.31 609.56 7811452
greedy 1e4 5 103 - 6.98 315.28 10959172
dry 4e7 2 40 - 0.49 1.34 811424
aoDLAV 4e7 2 40 - 3.69 235.63 5955816
aoULAV 4e7 2 40 - 4.17 250.71 5955820
aoD2AG 4e7 2 40 - 8.02 335.20 8755920
aoD2SG 4e7 2 40 - 8.29 398.21 9074368
dry 18e2 2 77 - 0.03 0.12 26048
aoDLAV 18e2 2 77 - 0.03 0.15 30376
aoULAV 18e2 2 77 - 0.03 0.15 30384
aoD2AG 18e2 2 77 - 0.04 0.15 30776
aoD2SG 18e2 2 77 - 0.03 0.15 30828
moore 18e2 2 77 - 0.07 8.97 125444
nbpm 18e2 2 77 - 0.21 7.66 334540
greedy 18e2 2 77 - 0.23 4.15 384356
dry 32e6 2 187 - 0.37 1.09 655176
aoDLAV 32e6 2 187 - 2.56 178.67 4768328
aoULAV 32e6 2 187 - 2.67 201.71 4768328
aoD2AG 32e6 2 187 - 6.23 280.57 7004956
aoD2SG 32e6 2 187 - 6.99 320.88 7259616
dry 7e7 2 111 - 0.90 2.17 1397360
aoDLAV 7e7 2 111 - 6.03 426.34 10408936
aoULAV 7e7 2 111 - 7.61 441.20 10408936
aoD2AG 7e7 2 111 - 13.89 632.19 15300344
aoD2SG 7e7 2 111 - 15.07 752.34 15860484
dry 75e2 2 107 - 0.03 0.12 26328
aoDLAV 75e2 2 107 - 0.03 0.16 31376
aoULAV 75e2 2 107 - 0.03 0.16 31388
aoD2AG 75e2 2 107 - 0.03 0.18 31380
aoD2SG 75e2 2 107 - 0.03 0.18 31380
moore 75e2 2 107 - 1.50 517.17 1688796
nbpm 75e2 2 107 - 4.22 162.81 4242136
greedy 75e2 2 107 - 3.56 153.96 6183096
dry 56e2 2 32 - 0.02 0.13 26236
aoDLAV 56e2 2 32 - 0.03 0.15 30988
aoULAV 56e2 2 32 - 0.03 0.15 30992
aoD2AG 56e2 2 32 - 0.03 0.17 31972
aoD2SG 56e2 2 32 - 0.02 0.18 31120
moore 56e2 2 32 - 0.76 234.93 952732
nbpm 56e2 2 32 - 2.68 66.47 2388092
greedy 56e2 2 32 - 2.04 86.97 3460488
dry 7e7 2 30 - 0.82 2.21 1397356
aoDLAV 7e7 2 30 - 5.85 416.76 10408936
aoULAV 7e7 2 30 - 7.48 449.36 10408936
aoD2AG 7e7 2 30 - 13.11 638.15 15303300
aoD2SG 7e7 2 30 - 14.14 742.79 15865120
