dry 5e4 10 170 - 0.02 0.14 33888
aoDLAV 5e4 10 170 - 0.04 6.04 40200
aoULAV 5e4 10 170 - 0.03 6.20 40200
aoD2AG 5e4 10 170 - 0.05 6.29 44980
aoD2SG 5e4 10 170 - 0.05 7.87 45000
dry 5e4 10 51 - 0.03 0.13 33888
aoDLAV 5e4 10 51 - 0.04 7.06 40204
aoULAV 5e4 10 51 - 0.04 10.52 40204
aoD2AG 5e4 10 51 - 0.04 6.34 44980
aoD2SG 5e4 10 51 - 0.05 7.62 45000
dry 250e2 2 126 - 0.03 0.11 28936
aoDLAV 250e2 2 126 - 0.02 0.20 31108
aoULAV 250e2 2 126 - 0.03 0.19 31216
aoD2AG 250e2 2 126 - 0.03 0.22 33860
aoD2SG 250e2 2 126 - 0.04 0.22 33968
dry 56e4 2 165 - 0.03 0.18 41104
aoDLAV 56e4 2 165 - 0.09 1.96 107984
aoULAV 56e4 2 165 - 0.08 2.05 107988
aoD2AG 56e4 2 165 - 0.11 2.84 141060
aoD2SG 56e4 2 165 - 0.13 3.09 144272
dry 1e2 5 99 - 0.02 0.11 25996
aoDLAV 1e2 5 99 - 0.02 0.15 30212
aoULAV 1e2 5 99 - 0.03 0.14 30224
aoD2AG 1e2 5 99 - 0.03 0.14 30384
aoD2SG 1e2 5 99 - 0.04 0.13 30388
moore 1e2 5 99 - 0.03 0.20 30492
nbpm 1e2 5 99 - 0.07 2.09 53016
greedy 1e2 5 99 - 0.03 0.15 30920
dry 18e4 2 80 - 0.03 0.12 33536
aoDLAV 18e4 2 80 - 0.05 0.71 47860
aoULAV 18e4 2 80 - 0.04 0.82 47888
aoD2AG 18e4 2 80 - 0.05 0.94 59072
aoD2SG 18e4 2 80 - 0.05 1.06 59880
dry 1e3 5 62 - 0.02 0.12 26056
aoDLAV 1e3 5 62 - 0.03 0.14 30424
aoULAV 1e3 5 62 - 0.03 0.15 30436
aoD2AG 1e3 5 62 - 0.02 0.15 30752
aoD2SG 1e3 5 62 - 0.02 0.15 30768
moore 1e3 5 62 - 0.04 3.31 59828
nbpm 1e3 5 62 - 0.11 4.20 129244
greedy 1e3 5 62 - 0.09 0.98 139392
dry 1e2 10 87 - 0.02 0.12 26004
aoDLAV 1e2 10 87 - 0.03 0.14 30260
aoULAV 1e2 10 87 - 0.03 0.13 30272
aoD2AG 1e2 10 87 - 0.02 0.14 30440
aoD2SG 1e2 10 87 - 0.03 0.13 30444
moore 1e2 10 87 - 0.03 0.22 30500
nbpm 1e2 10 87 - 0.08 2.09 53072
greedy 1e2 10 87 - 0.04 0.14 30972
dry 1e6 5 52 - 0.04 0.27 73152
aoDLAV 1e6 5 52 - 0.14 18.07 252688
aoULAV 1e6 5 52 - 0.13 18.21 252688
aoD2AG 1e6 5 52 - 0.25 20.03 323880
aoD2SG 1e6 5 52 - 0.24 31.73 332252
dry 56e1 2 118 - 0.01 0.12 26012
aoDLAV 56e1 2 118 - 0.03 0.14 30220
aoULAV 56e1 2 118 - 0.03 0.14 30232
aoD2AG 56e1 2 118 - 0.03 0.14 30416
aoD2SG 56e1 2 118 - 0.02 0.15 30424
moore 56e1 2 118 - 0.04 2.93 39664
nbpm 56e1 2 118 - 0.09 2.92 78716
greedy 56e1 2 118 - 0.04 0.39 64108
dry 275e2 2 48 - 0.03 0.11 27120
aoDLAV 275e2 2 48 - 0.03 0.20 31244
aoULAV 275e2 2 48 - 0.03 0.21 31568
aoD2AG 275e2 2 48 - 0.03 0.23 34696
aoD2SG 275e2 2 48 - 0.03 0.25 34816
dry 1e3 10 227 - 0.02 0.11 28104
aoDLAV 1e3 10 227 - 0.03 0.17 30652
aoULAV 1e3 10 227 - 0.03 0.17 30664
aoD2AG 1e3 10 227 - 0.03 0.16 31072
aoD2SG 1e3 10 227 - 0.03 0.17 31080
moore 1e3 10 227 - 0.04 5.23 59840
nbpm 1e3 10 227 - 0.12 4.78 136136
greedy 1e3 10 227 - 0.08 1.07 139620
dry 1e6 10 11 - 0.08 0.40 112232
aoDLAV 1e6 10 11 - 0.20 404.43 369992
aoULAV 1e6 10 11 - 0.30 363.03 369884
aoD2AG 1e6 10 11 - 0.40 353.73 446608
aoD2SG 1e6 10 11 - 0.43 509.06 458440
dry 1e2 10 50 - 0.02 0.12 26008
aoDLAV 1e2 10 50 - 0.03 0.15 30260
aoULAV 1e2 10 50 - 0.03 0.15 30272
aoD2AG 1e2 10 50 - 0.02 0.15 30444
aoD2SG 1e2 10 50 - 0.03 0.14 30452
moore 1e2 10 50 - 0.02 0.22 30496
nbpm 1e2 10 50 - 0.08 2.13 53076
greedy 1e2 10 50 - 0.03 0.15 30976
dry 400e2 2 109 - 0.02 0.12 27616
aoDLAV 400e2 2 109 - 0.04 0.23 32240
aoULAV 400e2 2 109 - 0.02 0.25 33116
aoD2AG 400e2 2 109 - 0.03 0.28 36072
aoD2SG 400e2 2 109 - 0.04 0.29 35928
dry 56e4 2 185 - 0.03 0.19 41104
aoDLAV 56e4 2 185 - 0.07 2.03 107984
aoULAV 56e4 2 185 - 0.08 2.10 107984
aoD2AG 56e4 2 185 - 0.13 2.97 140236
aoD2SG 56e4 2 185 - 0.12 3.35 143436
dry 1e2 5 14 - 0.02 0.11 25996
aoDLAV 1e2 5 14 - 0.03 0.14 30216
aoULAV 1e2 5 14 - 0.02 0.15 30224
aoD2AG 1e2 5 14 - 0.03 0.14 30384
aoD2SG 1e2 5 14 - 0.03 0.14 30388
moore 1e2 5 14 - 0.03 0.24 30492
nbpm 1e2 5 14 - 0.10 2.25 53016
greedy 1e2 5 14 - 0.02 0.15 30920
dry 5e4 2 176 - 0.03 0.12 28004
aoDLAV 5e4 2 176 - 0.03 0.28 33008
aoULAV 5e4 2 176 - 0.03 0.28 33316
aoD2AG 5e4 2 176 - 0.04 0.34 36404
aoD2SG 5e4 2 176 - 0.03 0.36 36424
dry 1e5 5 17 - 0.04 0.12 34476
aoDLAV 1e5 5 17 - 0.04 1.64 41820
aoULAV 1e5 5 17 - 0.04 1.67 43568
aoD2AG 1e5 5 17 - 0.04 1.96 53564
aoD2SG 1e5 5 17 - 0.07 2.00 53204
dry 1e2 10 202 - 0.02 0.13 26004
aoDLAV 1e2 10 202 - 0.03 0.15 30260
aoULAV 1e2 10 202 - 0.02 0.15 30276
aoD2AG 1e2 10 202 - 0.04 0.15 30440
aoD2SG 1e2 10 202 - 0.04 0.15 30444
moore 1e2 10 202 - 0.04 0.21 30496
nbpm 1e2 10 202 - 0.09 2.23 53076
greedy 1e2 10 202 - 0.03 0.15 30976
dry 5e4 10 232 - 0.03 0.14 33888
aoDLAV 5e4 10 232 - 0.04 9.69 40200
aoULAV 5e4 10 232 - 0.04 7.34 40200
aoD2AG 5e4 10 232 - 0.05 7.40 44980
aoD2SG 5e4 10 232 - 0.05 12.53 44996
dry 5e4 5 66 - 0.03 0.14 30844
aoDLAV 5e4 5 66 - 0.04 0.70 34704
aoULAV 5e4 5 66 - 0.03 0.71 34704
aoD2AG 5e4 5 66 - 0.03 0.83 37728
aoD2SG 5e4 5 66 - 0.03 0.91 37936
dry 1e2 10 196 - 0.02 0.12 26008
aoDLAV 1e2 10 196 - 0.03 0.14 30264
aoULAV 1e2 10 196 - 0.03 0.14 30272
aoD2AG 1e2 10 196 - 0.03 0.15 30440
aoD2SG 1e2 10 196 - 0.03 0.15 30448
moore 1e2 10 196 - 0.03 0.23 30496
nbpm 1e2 10 196 - 0.09 2.21 53076
greedy 1e2 10 196 - 0.03 0.14 30972
dry 1e5 10 26 - 0.05 0.17 38396
aoDLAV 1e5 10 26 - 0.13 24.18 53536
aoULAV 1e5 10 26 - 0.05 22.49 55312
aoD2AG 1e5 10 26 - 0.05 22.94 62708
aoD2SG 1e5 10 26 - 0.05 26.00 66832
dry 18e4 2 231 - 0.02 0.14 33104
aoDLAV 18e4 2 231 - 0.04 0.73 47860
aoULAV 18e4 2 231 - 0.04 0.72 47860
aoD2AG 18e4 2 231 - 0.05 0.93 59024
aoD2SG 18e4 2 231 - 0.06 1.13 59856
dry 1e6 2 45 - 0.04 0.19 49708
aoDLAV 1e6 2 45 - 0.10 3.85 178456
aoULAV 1e6 2 45 - 0.12 4.05 178456
aoD2AG 1e6 2 45 - 0.16 5.82 232868
aoD2SG 1e6 2 45 - 0.19 6.52 242020
dry 5e4 5 47 - 0.03 0.14 31704
aoDLAV 5e4 5 47 - 0.03 0.76 34708
aoULAV 5e4 5 47 - 0.03 0.76 34704
aoD2AG 5e4 5 47 - 0.03 0.81 37728
aoD2SG 5e4 5 47 - 0.03 0.84 37940
dry 275e2 2 65 - 0.02 0.12 27120
aoDLAV 275e2 2 65 - 0.02 0.21 31244
aoULAV 275e2 2 65 - 0.04 0.20 31572
aoD2AG 275e2 2 65 - 0.03 0.24 34696
aoD2SG 275e2 2 65 - 0.03 0.25 34812
dry 32e4 2 229 - 0.03 0.18 36424
aoDLAV 32e4 2 229 - 0.08 1.21 70828
aoULAV 32e4 2 229 - 0.06 1.27 70840
aoD2AG 32e4 2 229 - 0.06 1.77 88312
aoD2SG 32e4 2 229 - 0.08 1.95 90800
dry 275e2 2 112 - 0.02 0.12 27952
aoDLAV 275e2 2 112 - 0.03 0.20 31240
aoULAV 275e2 2 112 - 0.03 0.20 31576
aoD2AG 275e2 2 112 - 0.02 0.24 34696
aoD2SG 275e2 2 112 - 0.03 0.25 34816
dry 1e2 5 79 - 0.01 0.12 25996
aoDLAV 1e2 5 79 - 0.02 0.14 30216
aoULAV 1e2 5 79 - 0.02 0.14 30224
aoD2AG 1e2 5 79 - 0.03 0.14 30384
aoD2SG 1e2 5 79 - 0.02 0.14 30392
moore 1e2 5 79 - 0.04 0.24 30492
nbpm 1e2 5 79 - 0.07 2.16 53016
greedy 1e2 5 79 - 0.02 0.14 30920
dry 32e1 2 221 - 0.02 0.12 26000
aoDLAV 32e1 2 221 - 0.03 0.13 30196
aoULAV 32e1 2 221 - 0.02 0.14 30208
aoD2AG 32e1 2 221 - 0.02 0.14 30376
aoD2SG 32e1 2 221 - 0.03 0.14 30384
moore 32e1 2 221 - 0.03 0.60 33684
nbpm 32e1 2 221 - 0.05 2.39 58308
greedy 32e1 2 221 - 0.03 0.22 40972
dry 1e2 10 204 - 0.02 0.12 26008
aoDLAV 1e2 10 204 - 0.02 0.14 30260
aoULAV 1e2 10 204 - 0.02 0.14 30272
aoD2AG 1e2 10 204 - 0.02 0.15 30444
aoD2SG 1e2 10 204 - 0.02 0.15 30444
moore 1e2 10 204 - 0.02 0.21 30496
nbpm 1e2 10 204 - 0.08 2.16 53076
greedy 1e2 10 204 - 0.02 0.15 30972
dry 32e1 2 122 - 0.02 0.12 26000
aoDLAV 32e1 2 122 - 0.02 0.15 30196
aoULAV 32e1 2 122 - 0.02 0.14 30208
aoD2AG 32e1 2 122 - 0.02 0.15 30376
aoD2SG 32e1 2 122 - 0.03 0.14 30388
moore 32e1 2 122 - 0.03 0.67 33676
nbpm 32e1 2 122 - 0.08 2.38 58300
greedy 32e1 2 122 - 0.03 0.22 40972
dry 1e6 5 92 - 0.05 0.28 73156
aoDLAV 1e6 5 92 - 0.12 19.59 252688
aoULAV 1e6 5 92 - 0.13 19.60 252688
aoD2AG 1e6 5 92 - 0.21 22.27 323424
aoD2SG 1e6 5 92 - 0.25 25.78 332636
dry 1e2 10 65 - 0.02 0.11 26008
aoDLAV 1e2 10 65 - 0.04 0.13 30264
aoULAV 1e2 10 65 - 0.03 0.14 30272
aoD2AG 1e2 10 65 - 0.03 0.14 30444
aoD2SG 1e2 10 65 - 0.03 0.14 30452
moore 1e2 10 65 - 0.02 0.21 30496
nbpm 1e2 10 65 - 0.08 2.21 53080
greedy 1e2 10 65 - 0.02 0.15 30972
dry 1e6 10 48 - 0.07 0.41 112232
aoDLAV 1e6 10 48 - 0.21 391.93 369884
aoULAV 1e6 10 48 - 0.29 378.57 369888
aoD2AG 1e6 10 48 - 0.39 379.41 448640
aoD2SG 1e6 10 48 - 0.44 458.24 457996
dry 1e2 10 128 - 0.02 0.12 26004
aoDLAV 1e2 10 128 - 0.03 0.14 30268
aoULAV 1e2 10 128 - 0.03 0.15 30272
aoD2AG 1e2 10 128 - 0.03 0.15 30440
aoD2SG 1e2 10 128 - 0.02 0.15 30448
moore 1e2 10 128 - 0.02 0.19 30496
nbpm 1e2 10 128 - 0.08 2.17 53080
greedy 1e2 10 128 - 0.03 0.14 30972
dry 56e4 2 12 - 0.04 0.17 41104
aoDLAV 56e4 2 12 - 0.07 2.10 107984
aoULAV 56e4 2 12 - 0.08 2.19 107984
aoD2AG 56e4 2 12 - 0.11 3.08 138592
aoD2SG 56e4 2 12 - 0.12 3.42 143168
dry 5e4 5 211 - 0.03 0.13 30872
aoDLAV 5e4 5 211 - 0.03 0.73 34704
aoULAV 5e4 5 211 - 0.03 0.73 34704
aoD2AG 5e4 5 211 - 0.04 0.79 37724
aoD2SG 5e4 5 211 - 0.04 0.86 37936
dry 275e2 2 98 - 0.02 0.12 27120
aoDLAV 275e2 2 98 - 0.03 0.20 31240
aoULAV 275e2 2 98 - 0.03 0.21 31568
aoD2AG 275e2 2 98 - 0.03 0.23 34696
aoD2SG 275e2 2 98 - 0.03 0.24 34808
dry 1e1 2 203 - 0.02 0.12 25992
aoDLAV 1e1 2 203 - 0.03 0.14 30160
aoULAV 1e1 2 203 - 0.03 0.14 30176
aoD2AG 1e1 2 203 - 0.03 0.14 30324
aoD2SG 1e1 2 203 - 0.02 0.14 30328
moore 1e1 2 203 - 0.03 0.18 30476
nbpm 1e1 2 203 - 0.08 2.16 49820
greedy 1e1 2 203 - 0.03 0.14 30124
dry 1e6 10 41 - 0.08 0.40 112284
aoDLAV 1e6 10 41 - 0.19 375.84 369888
aoULAV 1e6 10 41 - 1.04 474.30 369992
aoD2AG 1e6 10 41 - 0.39 358.40 446932
aoD2SG 1e6 10 41 - 0.40 425.46 457724
dry 1e2 2 46 - 0.02 0.12 25992
aoDLAV 1e2 2 46 - 0.02 0.15 30168
aoULAV 1e2 2 46 - 0.02 0.15 30180
aoD2AG 1e2 2 46 - 0.03 0.14 30336
aoD2SG 1e2 2 46 - 0.02 0.15 30344
moore 1e2 2 46 - 0.03 0.29 30488
nbpm 1e2 2 46 - 0.08 2.16 53008
greedy 1e2 2 46 - 0.03 0.15 30880
dry 1e5 5 151 - 0.03 0.14 34476
aoDLAV 1e5 5 151 - 0.04 1.55 41816
aoULAV 1e5 5 151 - 0.05 1.55 43568
aoD2AG 1e5 5 151 - 0.05 1.71 53564
aoD2SG 1e5 5 151 - 0.05 1.90 53204
dry 5e4 5 161 - 0.03 0.13 31776
aoDLAV 5e4 5 161 - 0.03 0.77 34708
aoULAV 5e4 5 161 - 0.04 0.77 34704
aoD2AG 5e4 5 161 - 0.03 0.83 37732
aoD2SG 5e4 5 161 - 0.04 0.90 37936
dry 18e4 2 22 - 0.04 0.13 33532
aoDLAV 18e4 2 22 - 0.04 0.76 47864
aoULAV 18e4 2 22 - 0.05 0.76 47860
aoD2AG 18e4 2 22 - 0.05 1.08 58640
aoD2SG 18e4 2 22 - 0.06 1.08 59988
dry 250e2 2 4 - 0.02 0.12 27020
aoDLAV 250e2 2 4 - 0.03 0.20 31108
aoULAV 250e2 2 4 - 0.03 0.20 31212
aoD2AG 250e2 2 4 - 0.03 0.23 33860
aoD2SG 250e2 2 4 - 0.03 0.23 33964
dry 250e2 2 214 - 0.02 0.12 27020
aoDLAV 250e2 2 214 - 0.03 0.20 31112
aoULAV 250e2 2 214 - 0.02 0.22 31212
aoD2AG 250e2 2 214 - 0.03 0.23 33864
aoD2SG 250e2 2 214 - 0.02 0.24 33964
dry 1e2 5 127 - 0.02 0.12 25996
aoDLAV 1e2 5 127 - 0.03 0.15 30212
aoULAV 1e2 5 127 - 0.01 0.16 30224
aoD2AG 1e2 5 127 - 0.03 0.15 30384
aoD2SG 1e2 5 127 - 0.02 0.16 30388
moore 1e2 5 127 - 0.04 0.25 30492
nbpm 1e2 5 127 - 0.09 2.19 53020
greedy 1e2 5 127 - 0.03 0.15 30920
dry 32e1 2 133 - 0.02 0.12 26000
aoDLAV 32e1 2 133 - 0.03 0.14 30200
aoULAV 32e1 2 133 - 0.03 0.14 30208
aoD2AG 32e1 2 133 - 0.02 0.15 30376
aoD2SG 32e1 2 133 - 0.02 0.14 30384
moore 32e1 2 133 - 0.03 0.44 33684
nbpm 32e1 2 133 - 0.10 2.39 58308
greedy 32e1 2 133 - 0.03 0.21 40976
dry 32e1 2 26 - 0.02 0.12 26004
aoDLAV 32e1 2 26 - 0.03 0.14 30200
aoULAV 32e1 2 26 - 0.03 0.15 30212
aoD2AG 32e1 2 26 - 0.03 0.14 30376
aoD2SG 32e1 2 26 - 0.03 0.14 30384
moore 32e1 2 26 - 0.03 0.41 33680
nbpm 32e1 2 26 - 0.09 2.40 58300
greedy 32e1 2 26 - 0.03 0.22 40972
dry 1e5 5 242 - 0.04 0.12 34480
aoDLAV 1e5 5 242 - 0.04 1.60 41820
aoULAV 1e5 5 242 - 0.04 1.61 43572
aoD2AG 1e5 5 242 - 0.05 1.73 53564
aoD2SG 1e5 5 242 - 0.04 1.95 53200
dry 1e6 2 138 - 0.05 0.19 49704
aoDLAV 1e6 2 138 - 0.10 3.79 178456
aoULAV 1e6 2 138 - 0.10 4.00 178460
aoD2AG 1e6 2 138 - 0.19 5.73 234852
aoD2SG 1e6 2 138 - 0.20 6.49 242784
dry 18e1 2 237 - 0.03 0.11 26008
aoDLAV 18e1 2 237 - 0.03 0.14 30184
aoULAV 18e1 2 237 - 0.02 0.14 30196
aoD2AG 18e1 2 237 - 0.03 0.14 30356
aoD2SG 18e1 2 237 - 0.01 0.15 30364
moore 18e1 2 237 - 0.03 0.35 30492
nbpm 18e1 2 237 - 0.09 2.18 54436
greedy 18e1 2 237 - 0.03 0.16 33348
dry 1e6 2 128 - 0.04 0.19 49708
aoDLAV 1e6 2 128 - 0.11 3.71 178456
aoULAV 1e6 2 128 - 0.13 4.04 178492
aoD2AG 1e6 2 128 - 0.19 5.55 233160
aoD2SG 1e6 2 128 - 0.19 6.46 244420
dry 1e3 2 92 - 0.02 0.13 26020
aoDLAV 1e3 2 92 - 0.03 0.14 30280
aoULAV 1e3 2 92 - 0.03 0.15 30292
aoD2AG 1e3 2 92 - 0.03 0.15 30544
aoD2SG 1e3 2 92 - 0.03 0.14 30560
moore 1e3 2 92 - 0.05 4.66 59772
nbpm 1e3 2 92 - 0.11 4.30 138556
greedy 1e3 2 92 - 0.07 1.07 139244
dry 1e5 5 168 - 0.03 0.13 34480
aoDLAV 1e5 5 168 - 0.04 1.69 41816
aoULAV 1e5 5 168 - 0.04 1.64 43568
aoD2AG 1e5 5 168 - 0.05 1.79 53992
aoD2SG 1e5 5 168 - 0.04 2.04 53200
dry 5e4 2 108 - 0.03 0.11 28004
aoDLAV 5e4 2 108 - 0.04 0.27 33008
aoULAV 5e4 2 108 - 0.03 0.27 33316
aoD2AG 5e4 2 108 - 0.03 0.34 36412
aoD2SG 5e4 2 108 - 0.03 0.36 36428
dry 400e2 2 35 - 0.03 0.12 27616
aoDLAV 400e2 2 35 - 0.03 0.24 32236
aoULAV 400e2 2 35 - 0.03 0.25 33116
aoD2AG 400e2 2 35 - 0.03 0.29 36072
aoD2SG 400e2 2 35 - 0.04 0.30 35928
dry 1e3 2 7 - 0.02 0.12 26020
aoDLAV 1e3 2 7 - 0.02 0.14 30280
aoULAV 1e3 2 7 - 0.03 0.14 30292
aoD2AG 1e3 2 7 - 0.02 0.15 30588
aoD2SG 1e3 2 7 - 0.03 0.15 30552
moore 1e3 2 7 - 0.04 3.15 59808
nbpm 1e3 2 7 - 0.13 4.14 138560
greedy 1e3 2 7 - 0.09 1.06 139244
dry 1e5 5 170 - 0.03 0.14 34480
aoDLAV 1e5 5 170 - 0.04 1.68 41820
aoULAV 1e5 5 170 - 0.05 1.66 43572
aoD2AG 1e5 5 170 - 0.05 1.77 53564
aoD2SG 1e5 5 170 - 0.04 2.01 53200
dry 1e5 2 72 - 0.03 0.13 32128
aoDLAV 1e5 2 72 - 0.04 0.45 34800
aoULAV 1e5 2 72 - 0.04 0.46 35324
aoD2AG 1e5 2 72 - 0.05 0.58 42604
aoD2SG 1e5 2 72 - 0.04 0.66 43800
dry 5e4 10 223 - 0.03 0.14 33888
aoDLAV 5e4 10 223 - 0.04 8.19 40200
aoULAV 5e4 10 223 - 0.03 8.12 40200
aoD2AG 5e4 10 223 - 0.03 7.95 44984
aoD2SG 5e4 10 223 - 0.05 9.06 44996
dry 1e3 5 84 - 0.01 0.12 26056
aoDLAV 1e3 5 84 - 0.03 0.15 30424
aoULAV 1e3 5 84 - 0.02 0.15 30436
aoD2AG 1e3 5 84 - 0.03 0.15 30744
aoD2SG 1e3 5 84 - 0.03 0.14 30772
moore 1e3 5 84 - 0.04 5.33 59800
nbpm 1e3 5 84 - 0.12 4.38 129260
greedy 1e3 5 84 - 0.08 1.02 139388
dry 1e5 5 153 - 0.04 0.13 34476
aoDLAV 1e5 5 153 - 0.04 1.52 41816
aoULAV 1e5 5 153 - 0.05 1.63 43572
aoD2AG 1e5 5 153 - 0.05 1.74 53564
aoD2SG 1e5 5 153 - 0.05 1.95 53200
dry 32e4 2 220 - 0.03 0.17 36424
aoDLAV 32e4 2 220 - 0.06 1.23 70828
aoULAV 32e4 2 220 - 0.06 1.27 70840
aoD2AG 32e4 2 220 - 0.07 1.76 88920
aoD2SG 32e4 2 220 - 0.08 1.95 91400
dry 32e4 2 46 - 0.03 0.16 36424
aoDLAV 32e4 2 46 - 0.06 1.26 70828
aoULAV 32e4 2 46 - 0.06 1.25 70840
aoD2AG 32e4 2 46 - 0.08 1.72 88772
aoD2SG 32e4 2 46 - 0.08 1.91 91200
dry 350e2 2 103 - 0.02 0.12 30828
aoDLAV 350e2 2 103 - 0.02 0.22 31480
aoULAV 350e2 2 103 - 0.02 0.23 32260
aoD2AG 350e2 2 103 - 0.02 0.26 34848
aoD2SG 350e2 2 103 - 0.03 0.27 35132
dry 325e2 2 117 - 0.02 0.12 29288
aoDLAV 325e2 2 117 - 0.04 0.21 31372
aoULAV 325e2 2 117 - 0.03 0.21 32084
aoD2AG 325e2 2 117 - 0.02 0.25 35000
aoD2SG 325e2 2 117 - 0.03 0.26 34760
dry 1e6 2 88 - 0.04 0.19 49704
aoDLAV 1e6 2 88 - 0.11 3.61 178456
aoULAV 1e6 2 88 - 0.12 3.79 178464
aoD2AG 1e6 2 88 - 0.15 5.50 233836
aoD2SG 1e6 2 88 - 0.18 6.31 240904
dry 1e5 10 38 - 0.03 0.19 38400
aoDLAV 1e5 10 38 - 0.05 21.95 53540
aoULAV 1e5 10 38 - 0.06 21.42 55312
aoD2AG 1e5 10 38 - 0.06 21.97 62860
aoD2SG 1e5 10 38 - 0.06 24.24 66832
dry 275e2 2 3 - 0.02 0.13 30676
aoDLAV 275e2 2 3 - 0.03 0.20 31240
aoULAV 275e2 2 3 - 0.03 0.21 31576
aoD2AG 275e2 2 3 - 0.03 0.24 34700
aoD2SG 275e2 2 3 - 0.03 0.24 34812
dry 1e6 5 4 - 0.05 0.27 73152
aoDLAV 1e6 5 4 - 0.26 19.80 252688
aoULAV 1e6 5 4 - 0.16 28.31 252688
aoD2AG 1e6 5 4 - 0.27 21.32 323900
aoD2SG 1e6 5 4 - 0.20 25.36 332384
dry 56e1 2 3 - 0.02 0.11 26008
aoDLAV 56e1 2 3 - 0.03 0.14 30220
aoULAV 56e1 2 3 - 0.04 0.14 30232
aoD2AG 56e1 2 3 - 0.03 0.14 30420
aoD2SG 56e1 2 3 - 0.03 0.14 30448
moore 56e1 2 3 - 0.03 2.02 39656
nbpm 56e1 2 3 - 0.09 3.00 78704
greedy 56e1 2 3 - 0.05 0.40 64108
dry 56e3 2 57 - 0.02 0.14 28236
aoDLAV 56e3 2 57 - 0.04 0.29 33480
aoULAV 56e3 2 57 - 0.03 0.30 34700
aoD2AG 56e3 2 57 - 0.03 0.37 37284
aoD2SG 56e3 2 57 - 0.04 0.38 37300
dry 300e2 2 142 - 0.03 0.11 27220
aoDLAV 300e2 2 142 - 0.02 0.21 31296
aoULAV 300e2 2 142 - 0.04 0.21 31892
aoD2AG 300e2 2 142 - 0.04 0.23 35060
aoD2SG 300e2 2 142 - 0.04 0.24 34716
dry 1e6 10 198 - 0.07 0.39 112232
aoDLAV 1e6 10 198 - 0.21 350.48 369884
aoULAV 1e6 10 198 - 0.29 350.80 369884
aoD2AG 1e6 10 198 - 0.38 363.16 446476
aoD2SG 1e6 10 198 - 0.41 415.32 455720
