dry 1e2 10 21 - 0.02 0.11 26004
aoDLAV 1e2 10 21 - 0.02 0.14 30260
aoULAV 1e2 10 21 - 0.02 0.14 30272
aoD2AG 1e2 10 21 - 0.02 0.14 30440
aoD2SG 1e2 10 21 - 0.03 0.14 30448
moore 1e2 10 21 - 0.03 0.23 30496
nbpm 1e2 10 21 - 0.08 2.29 53076
greedy 1e2 10 21 - 0.03 0.14 30972
dry 32e1 2 220 - 0.02 0.11 26000
aoDLAV 32e1 2 220 - 0.02 0.14 30196
aoULAV 32e1 2 220 - 0.03 0.13 30208
aoD2AG 32e1 2 220 - 0.03 0.14 30376
aoD2SG 32e1 2 220 - 0.03 0.14 30384
moore 32e1 2 220 - 0.03 0.70 33684
nbpm 32e1 2 220 - 0.08 2.54 58308
greedy 32e1 2 220 - 0.04 0.20 40972
dry 375e2 2 78 - 0.02 0.12 29088
aoDLAV 375e2 2 78 - 0.03 0.22 31844
aoULAV 375e2 2 78 - 0.02 0.24 32604
aoD2AG 375e2 2 78 - 0.04 0.27 35520
aoD2SG 375e2 2 78 - 0.04 0.29 35532
dry 350e2 2 222 - 0.03 0.11 27416
aoDLAV 350e2 2 222 - 0.03 0.23 31484
aoULAV 350e2 2 222 - 0.02 0.24 32260
aoD2AG 350e2 2 222 - 0.04 0.26 34848
aoD2SG 350e2 2 222 - 0.03 0.27 35132
dry 325e2 2 112 - 0.02 0.12 27956
aoDLAV 325e2 2 112 - 0.03 0.21 31372
aoULAV 325e2 2 112 - 0.03 0.21 32084
aoD2AG 325e2 2 112 - 0.03 0.23 35000
aoD2SG 325e2 2 112 - 0.03 0.26 34760
dry 32e4 2 41 - 0.03 0.16 36424
aoDLAV 32e4 2 41 - 0.05 1.18 70832
aoULAV 32e4 2 41 - 0.07 1.25 70880
aoD2AG 32e4 2 41 - 0.08 1.72 88828
aoD2SG 32e4 2 41 - 0.06 2.20 91572
dry 18e4 2 179 - 0.03 0.13 33104
aoDLAV 18e4 2 179 - 0.05 0.70 47864
aoULAV 18e4 2 179 - 0.04 0.77 47860
aoD2AG 18e4 2 179 - 0.05 1.08 58868
aoD2SG 18e4 2 179 - 0.06 1.31 59784
dry 1e3 10 160 - 0.02 0.12 26136
aoDLAV 1e3 10 160 - 0.03 0.17 30652
aoULAV 1e3 10 160 - 0.02 0.17 30664
aoD2AG 1e3 10 160 - 0.02 0.17 31060
aoD2SG 1e3 10 160 - 0.03 0.16 31100
moore 1e3 10 160 - 0.04 2.22 59868
nbpm 1e3 10 160 - 0.12 4.63 136144
greedy 1e3 10 160 - 0.08 0.98 139616
dry 350e2 2 160 - 0.02 0.12 27416
aoDLAV 350e2 2 160 - 0.02 0.22 31480
aoULAV 350e2 2 160 - 0.03 0.22 32260
aoD2AG 350e2 2 160 - 0.02 0.26 34844
aoD2SG 350e2 2 160 - 0.03 0.26 35132
dry 5e4 2 185 - 0.03 0.12 29380
aoDLAV 5e4 2 185 - 0.02 0.29 33008
aoULAV 5e4 2 185 - 0.03 0.26 33312
aoD2AG 5e4 2 185 - 0.03 0.32 36408
aoD2SG 5e4 2 185 - 0.03 0.38 36420
dry 325e2 2 124 - 0.03 0.11 27320
aoDLAV 325e2 2 124 - 0.02 0.22 31372
aoULAV 325e2 2 124 - 0.03 0.21 32084
aoD2AG 325e2 2 124 - 0.03 0.25 35000
aoD2SG 325e2 2 124 - 0.03 0.27 34760
dry 5e4 2 214 - 0.02 0.13 28000
aoDLAV 5e4 2 214 - 0.03 0.28 33008
aoULAV 5e4 2 214 - 0.03 0.28 33312
aoD2AG 5e4 2 214 - 0.04 0.34 36412
aoD2SG 5e4 2 214 - 0.03 0.34 36424
dry 5e4 10 245 - 0.03 0.13 33888
aoDLAV 5e4 10 245 - 0.04 7.70 40200
aoULAV 5e4 10 245 - 0.04 7.73 40204
aoD2AG 5e4 10 245 - 0.05 7.78 44984
aoD2SG 5e4 10 245 - 0.05 8.50 45000
dry 1e6 5 172 - 0.05 0.28 73152
aoDLAV 1e6 5 172 - 0.14 19.10 252752
aoULAV 1e6 5 172 - 0.15 18.57 252688
aoD2AG 1e6 5 172 - 0.25 21.08 323456
aoD2SG 1e6 5 172 - 0.22 25.63 333844
dry 1e5 5 23 - 0.03 0.14 34476
aoDLAV 1e5 5 23 - 0.04 1.50 41816
aoULAV 1e5 5 23 - 0.03 1.54 43572
aoD2AG 1e5 5 23 - 0.05 1.73 53564
aoD2SG 1e5 5 23 - 0.04 1.93 53264
dry 1e1 2 46 - 0.02 0.12 25996
aoDLAV 1e1 2 46 - 0.03 0.14 30164
aoULAV 1e1 2 46 - 0.03 0.14 30176
aoD2AG 1e1 2 46 - 0.02 0.15 30316
aoD2SG 1e1 2 46 - 0.02 0.14 30316
moore 1e1 2 46 - 0.03 0.18 30476
nbpm 1e1 2 46 - 0.07 2.15 49812
greedy 1e1 2 46 - 0.03 0.14 30124
dry 350e2 2 91 - 0.02 0.12 27420
aoDLAV 350e2 2 91 - 0.03 0.22 31480
aoULAV 350e2 2 91 - 0.03 0.22 32260
aoD2AG 350e2 2 91 - 0.03 0.26 34852
aoD2SG 350e2 2 91 - 0.04 0.27 35128
dry 1e2 10 129 - 0.02 0.12 26004
aoDLAV 1e2 10 129 - 0.03 0.14 30260
aoULAV 1e2 10 129 - 0.03 0.14 30272
aoD2AG 1e2 10 129 - 0.02 0.15 30440
aoD2SG 1e2 10 129 - 0.03 0.15 30448
moore 1e2 10 129 - 0.04 0.21 30496
nbpm 1e2 10 129 - 0.09 2.12 53076
greedy 1e2 10 129 - 0.03 0.14 30972
dry 1e3 10 191 - 0.02 0.12 26140
aoDLAV 1e3 10 191 - 0.03 0.16 30652
aoULAV 1e3 10 191 - 0.03 0.16 30664
aoD2AG 1e3 10 191 - 0.03 0.17 31084
aoD2SG 1e3 10 191 - 0.03 0.17 31080
moore 1e3 10 191 - 0.04 4.90 59844
nbpm 1e3 10 191 - 0.15 4.64 136140
greedy 1e3 10 191 - 0.09 1.00 139616
dry 1e3 10 104 - 0.03 0.12 26136
aoDLAV 1e3 10 104 - 0.02 0.17 30656
aoULAV 1e3 10 104 - 0.03 0.16 30668
aoD2AG 1e3 10 104 - 0.03 0.17 31068
aoD2SG 1e3 10 104 - 0.03 0.17 31088
moore 1e3 10 104 - 0.04 5.09 59840
nbpm 1e3 10 104 - 0.13 4.77 136140
greedy 1e3 10 104 - 0.07 1.03 139616
dry 1e1 2 170 - 0.02 0.12 25992
aoDLAV 1e1 2 170 - 0.02 0.16 30160
aoULAV 1e1 2 170 - 0.03 0.14 30172
aoD2AG 1e1 2 170 - 0.02 0.15 30320
aoD2SG 1e1 2 170 - 0.03 0.14 30320
moore 1e1 2 170 - 0.03 0.18 30492
nbpm 1e1 2 170 - 0.07 2.15 49824
greedy 1e1 2 170 - 0.03 0.14 30124
dry 275e2 2 120 - 0.02 0.12 27120
aoDLAV 275e2 2 120 - 0.03 0.20 31240
aoULAV 275e2 2 120 - 0.03 0.20 31572
aoD2AG 275e2 2 120 - 0.03 0.23 34692
aoD2SG 275e2 2 120 - 0.03 0.23 34812
dry 300e2 2 192 - 0.03 0.11 27216
aoDLAV 300e2 2 192 - 0.02 0.20 31300
aoULAV 300e2 2 192 - 0.03 0.20 31892
aoD2AG 300e2 2 192 - 0.03 0.24 35056
aoD2SG 300e2 2 192 - 0.03 0.25 34712
dry 250e2 2 199 - 0.03 0.12 27020
aoDLAV 250e2 2 199 - 0.02 0.20 31108
aoULAV 250e2 2 199 - 0.03 0.20 31216
aoD2AG 250e2 2 199 - 0.03 0.23 33864
aoD2SG 250e2 2 199 - 0.04 0.23 33960
dry 32e3 2 34 - 0.03 0.11 27296
aoDLAV 32e3 2 34 - 0.03 0.22 31440
aoULAV 32e3 2 34 - 0.03 0.22 32180
aoD2AG 32e3 2 34 - 0.03 0.24 35024
aoD2SG 32e3 2 34 - 0.03 0.26 34792
dry 250e2 2 47 - 0.02 0.12 28900
aoDLAV 250e2 2 47 - 0.02 0.20 31112
aoULAV 250e2 2 47 - 0.02 0.21 31212
aoD2AG 250e2 2 47 - 0.03 0.22 33860
aoD2SG 250e2 2 47 - 0.03 0.23 33968
dry 1e2 10 68 - 0.02 0.12 26004
aoDLAV 1e2 10 68 - 0.03 0.14 30260
aoULAV 1e2 10 68 - 0.04 0.14 30276
aoD2AG 1e2 10 68 - 0.03 0.15 30440
aoD2SG 1e2 10 68 - 0.03 0.14 30444
moore 1e2 10 68 - 0.03 0.21 30496
nbpm 1e2 10 68 - 0.08 2.32 53076
greedy 1e2 10 68 - 0.03 0.15 30976
dry 1e1 2 157 - 0.02 0.12 25996
aoDLAV 1e1 2 157 - 0.02 0.15 30160
aoULAV 1e1 2 157 - 0.03 0.14 30172
aoD2AG 1e1 2 157 - 0.02 0.15 30312
aoD2SG 1e1 2 157 - 0.02 0.14 30316
moore 1e1 2 157 - 0.03 0.18 30484
nbpm 1e1 2 157 - 0.07 2.10 49824
greedy 1e1 2 157 - 0.03 0.14 30124
dry 56e4 2 190 - 0.02 0.19 41104
aoDLAV 56e4 2 190 - 0.07 2.05 107988
aoULAV 56e4 2 190 - 0.09 2.03 107984
aoD2AG 56e4 2 190 - 0.11 2.88 139416
aoD2SG 56e4 2 190 - 0.11 3.23 143040
dry 1e5 5 126 - 0.03 0.13 34480
aoDLAV 1e5 5 126 - 0.04 1.44 41816
aoULAV 1e5 5 126 - 0.04 1.46 43572
aoD2AG 1e5 5 126 - 0.04 1.62 53564
aoD2SG 1e5 5 126 - 0.04 1.84 53204
dry 1e6 2 75 - 0.04 0.20 49704
aoDLAV 1e6 2 75 - 0.09 3.52 178456
aoULAV 1e6 2 75 - 0.14 3.64 178456
aoD2AG 1e6 2 75 - 0.17 5.28 234948
aoD2SG 1e6 2 75 - 0.19 5.95 241916
dry 250e2 2 93 - 0.03 0.12 27020
aoDLAV 250e2 2 93 - 0.03 0.21 31108
aoULAV 250e2 2 93 - 0.04 0.20 31212
aoD2AG 250e2 2 93 - 0.04 0.22 33860
aoD2SG 250e2 2 93 - 0.03 0.24 33968
dry 350e2 2 26 - 0.03 0.11 29264
aoDLAV 350e2 2 26 - 0.02 0.23 31480
aoULAV 350e2 2 26 - 0.02 0.23 32260
aoD2AG 350e2 2 26 - 0.03 0.26 34848
aoD2SG 350e2 2 26 - 0.04 0.27 35136
dry 1e5 5 234 - 0.03 0.14 34476
aoDLAV 1e5 5 234 - 0.04 1.61 41820
aoULAV 1e5 5 234 - 0.05 1.61 43568
aoD2AG 1e5 5 234 - 0.04 1.76 53568
aoD2SG 1e5 5 234 - 0.04 1.98 53204
dry 1e3 2 157 - 0.01 0.12 26020
aoDLAV 1e3 2 157 - 0.03 0.13 30280
aoULAV 1e3 2 157 - 0.02 0.14 30292
aoD2AG 1e3 2 157 - 0.02 0.15 30528
aoD2SG 1e3 2 157 - 0.02 0.15 30552
moore 1e3 2 157 - 0.04 7.20 59772
nbpm 1e3 2 157 - 0.12 4.12 138556
greedy 1e3 2 157 - 0.09 1.04 139244
dry 300e2 2 236 - 0.02 0.12 29076
aoDLAV 300e2 2 236 - 0.03 0.22 31296
aoULAV 300e2 2 236 - 0.03 0.21 31892
aoD2AG 300e2 2 236 - 0.02 0.24 35104
aoD2SG 300e2 2 236 - 0.03 0.26 34716
dry 1e5 2 40 - 0.03 0.13 30796
aoDLAV 1e5 2 40 - 0.04 0.42 34836
aoULAV 1e5 2 40 - 0.03 0.43 35320
aoD2AG 1e5 2 40 - 0.04 0.54 42600
aoD2SG 1e5 2 40 - 0.03 0.69 43800
dry 1e2 10 28 - 0.02 0.12 26004
aoDLAV 1e2 10 28 - 0.03 0.14 30260
aoULAV 1e2 10 28 - 0.03 0.14 30276
aoD2AG 1e2 10 28 - 0.03 0.14 30440
aoD2SG 1e2 10 28 - 0.02 0.15 30448
moore 1e2 10 28 - 0.03 0.25 30496
nbpm 1e2 10 28 - 0.08 2.37 53076
greedy 1e2 10 28 - 0.03 0.15 30972
dry 1e3 2 53 - 0.02 0.12 26024
aoDLAV 1e3 2 53 - 0.04 0.14 30284
aoULAV 1e3 2 53 - 0.03 0.15 30296
aoD2AG 1e3 2 53 - 0.02 0.15 30540
aoD2SG 1e3 2 53 - 0.03 0.14 30568
moore 1e3 2 53 - 0.04 5.87 59780
nbpm 1e3 2 53 - 0.13 4.11 138560
greedy 1e3 2 53 - 0.09 1.04 139244
dry 18e4 2 217 - 0.03 0.13 33104
aoDLAV 18e4 2 217 - 0.03 0.77 47860
aoULAV 18e4 2 217 - 0.04 0.77 47864
aoD2AG 18e4 2 217 - 0.04 0.98 58648
aoD2SG 18e4 2 217 - 0.05 1.10 59860
dry 325e2 2 165 - 0.02 0.12 27316
aoDLAV 325e2 2 165 - 0.03 0.21 31376
aoULAV 325e2 2 165 - 0.03 0.21 32084
aoD2AG 325e2 2 165 - 0.03 0.25 35004
aoD2SG 325e2 2 165 - 0.03 0.26 34756
dry 300e2 2 228 - 0.03 0.11 27216
aoDLAV 300e2 2 228 - 0.03 0.20 31296
aoULAV 300e2 2 228 - 0.02 0.21 31896
aoD2AG 300e2 2 228 - 0.02 0.25 35060
aoD2SG 300e2 2 228 - 0.03 0.26 34716
dry 5e4 5 202 - 0.02 0.14 31096
aoDLAV 5e4 5 202 - 0.04 0.79 34704
aoULAV 5e4 5 202 - 0.04 0.78 34704
aoD2AG 5e4 5 202 - 0.04 0.83 37720
aoD2SG 5e4 5 202 - 0.04 0.89 37932
dry 325e2 2 82 - 0.02 0.12 27316
aoDLAV 325e2 2 82 - 0.03 0.23 31372
aoULAV 325e2 2 82 - 0.02 0.23 32084
aoD2AG 325e2 2 82 - 0.03 0.26 35000
aoD2SG 325e2 2 82 - 0.03 0.27 34760
dry 225e2 2 230 - 0.03 0.12 26920
aoDLAV 225e2 2 230 - 0.03 0.20 30980
aoULAV 225e2 2 230 - 0.02 0.19 30992
aoD2AG 225e2 2 230 - 0.04 0.21 33368
aoD2SG 225e2 2 230 - 0.03 0.21 33464
dry 400e2 2 37 - 0.03 0.12 27616
aoDLAV 400e2 2 37 - 0.03 0.22 32236
aoULAV 400e2 2 37 - 0.03 0.24 33112
aoD2AG 400e2 2 37 - 0.04 0.26 36068
aoD2SG 400e2 2 37 - 0.03 0.30 35928
dry 1e3 2 56 - 0.02 0.12 26020
aoDLAV 1e3 2 56 - 0.02 0.14 30280
aoULAV 1e3 2 56 - 0.03 0.14 30296
aoD2AG 1e3 2 56 - 0.03 0.14 30536
aoD2SG 1e3 2 56 - 0.03 0.14 30560
moore 1e3 2 56 - 0.04 3.07 59808
nbpm 1e3 2 56 - 0.14 4.14 138556
greedy 1e3 2 56 - 0.09 1.06 139248
dry 1e3 5 174 - 0.02 0.12 26060
aoDLAV 1e3 5 174 - 0.02 0.16 30424
aoULAV 1e3 5 174 - 0.02 0.15 30440
aoD2AG 1e3 5 174 - 0.03 0.14 30744
aoD2SG 1e3 5 174 - 0.03 0.15 30760
moore 1e3 5 174 - 0.05 1.95 59832
nbpm 1e3 5 174 - 0.14 4.47 129244
greedy 1e3 5 174 - 0.07 1.07 139388
dry 225e2 2 61 - 0.02 0.12 28708
aoDLAV 225e2 2 61 - 0.02 0.20 30980
aoULAV 225e2 2 61 - 0.03 0.19 30992
aoD2AG 225e2 2 61 - 0.04 0.21 33368
aoD2SG 225e2 2 61 - 0.03 0.22 33460
dry 18e4 2 230 - 0.03 0.14 33108
aoDLAV 18e4 2 230 - 0.04 0.77 47864
aoULAV 18e4 2 230 - 0.06 0.79 47860
aoD2AG 18e4 2 230 - 0.04 1.03 58788
aoD2SG 18e4 2 230 - 0.06 1.14 59800
dry 400e2 2 24 - 0.02 0.12 27616
aoDLAV 400e2 2 24 - 0.02 0.24 32236
aoULAV 400e2 2 24 - 0.02 0.27 33112
aoD2AG 400e2 2 24 - 0.03 0.29 36072
aoD2SG 400e2 2 24 - 0.03 0.31 35924
dry 1e3 5 242 - 0.03 0.12 26056
aoDLAV 1e3 5 242 - 0.03 0.15 30428
aoULAV 1e3 5 242 - 0.02 0.16 30440
aoD2AG 1e3 5 242 - 0.03 0.15 30756
aoD2SG 1e3 5 242 - 0.03 0.15 30772
moore 1e3 5 242 - 0.05 2.72 59828
nbpm 1e3 5 242 - 0.10 5.06 129248
greedy 1e3 5 242 - 0.09 1.04 139388
dry 1e3 2 87 - 0.02 0.12 26020
aoDLAV 1e3 2 87 - 0.03 0.14 30280
aoULAV 1e3 2 87 - 0.03 0.14 30296
aoD2AG 1e3 2 87 - 0.04 0.13 30548
aoD2SG 1e3 2 87 - 0.03 0.15 30564
moore 1e3 2 87 - 0.05 3.73 59796
nbpm 1e3 2 87 - 0.13 4.60 138552
greedy 1e3 2 87 - 0.08 0.98 139244
dry 5e4 5 12 - 0.03 0.13 31928
aoDLAV 5e4 5 12 - 0.03 0.68 34704
aoULAV 5e4 5 12 - 0.04 0.68 34704
aoD2AG 5e4 5 12 - 0.03 0.74 37728
aoD2SG 5e4 5 12 - 0.04 0.80 37936
dry 1e5 5 112 - 0.04 0.13 34476
aoDLAV 1e5 5 112 - 0.04 1.46 41816
aoULAV 1e5 5 112 - 0.06 1.46 43572
aoD2AG 1e5 5 112 - 0.05 1.67 54024
aoD2SG 1e5 5 112 - 0.05 1.88 53208
dry 225e2 2 54 - 0.02 0.12 26920
aoDLAV 225e2 2 54 - 0.03 0.20 30980
aoULAV 225e2 2 54 - 0.02 0.20 30992
aoD2AG 225e2 2 54 - 0.03 0.22 33368
aoD2SG 225e2 2 54 - 0.03 0.23 33464
dry 5e4 10 213 - 0.03 0.13 33888
aoDLAV 5e4 10 213 - 0.04 7.94 40200
aoULAV 5e4 10 213 - 0.03 8.11 40200
aoD2AG 5e4 10 213 - 0.05 8.04 44980
aoD2SG 5e4 10 213 - 0.04 9.33 44996
dry 1e6 5 79 - 0.05 0.27 73156
aoDLAV 1e6 5 79 - 0.15 19.70 252792
aoULAV 1e6 5 79 - 0.15 20.22 252688
aoD2AG 1e6 5 79 - 0.22 22.05 323328
aoD2SG 1e6 5 79 - 0.23 25.64 332580
dry 300e2 2 118 - 0.03 0.11 27216
aoDLAV 300e2 2 118 - 0.03 0.21 31296
aoULAV 300e2 2 118 - 0.03 0.22 31892
aoD2AG 300e2 2 118 - 0.03 0.25 35060
aoD2SG 300e2 2 118 - 0.03 0.26 34720
dry 32e3 2 228 - 0.03 0.11 27296
aoDLAV 32e3 2 228 - 0.02 0.22 31440
aoULAV 32e3 2 228 - 0.03 0.23 32204
aoD2AG 32e3 2 228 - 0.04 0.25 35024
aoD2SG 32e3 2 228 - 0.03 0.27 34788
dry 275e2 2 144 - 0.02 0.12 29140
aoDLAV 275e2 2 144 - 0.03 0.21 31240
aoULAV 275e2 2 144 - 0.03 0.21 31572
aoD2AG 275e2 2 144 - 0.03 0.24 34696
aoD2SG 275e2 2 144 - 0.03 0.25 34812
dry 56e3 2 27 - 0.02 0.12 28236
aoDLAV 56e3 2 27 - 0.03 0.28 33476
aoULAV 56e3 2 27 - 0.03 0.30 34696
aoD2AG 56e3 2 27 - 0.03 0.36 37280
aoD2SG 56e3 2 27 - 0.02 0.39 37300
dry 32e1 2 59 - 0.03 0.11 26000
aoDLAV 32e1 2 59 - 0.02 0.15 30196
aoULAV 32e1 2 59 - 0.03 0.15 30208
aoD2AG 32e1 2 59 - 0.03 0.15 30376
aoD2SG 32e1 2 59 - 0.03 0.14 30384
moore 32e1 2 59 - 0.03 1.03 33676
nbpm 32e1 2 59 - 0.08 2.39 58300
greedy 32e1 2 59 - 0.03 0.21 40972
dry 18e1 2 163 - 0.02 0.11 26004
aoDLAV 18e1 2 163 - 0.03 0.14 30188
aoULAV 18e1 2 163 - 0.02 0.15 30196
aoD2AG 18e1 2 163 - 0.03 0.14 30360
aoD2SG 18e1 2 163 - 0.03 0.15 30364
moore 18e1 2 163 - 0.02 0.26 30488
nbpm 18e1 2 163 - 0.08 2.21 54436
greedy 18e1 2 163 - 0.03 0.16 33348
dry 56e3 2 188 - 0.02 0.12 31236
aoDLAV 56e3 2 188 - 0.03 0.29 33476
aoULAV 56e3 2 188 - 0.04 0.29 34696
aoD2AG 56e3 2 188 - 0.03 0.36 37288
aoD2SG 56e3 2 188 - 0.03 0.38 37304
dry 325e2 2 231 - 0.03 0.12 27316
aoDLAV 325e2 2 231 - 0.03 0.23 31376
aoULAV 325e2 2 231 - 0.03 0.22 32088
aoD2AG 325e2 2 231 - 0.03 0.24 35000
aoD2SG 325e2 2 231 - 0.02 0.27 34760
dry 1e6 5 29 - 0.06 0.26 73152
aoDLAV 1e6 5 29 - 0.15 18.13 252688
aoULAV 1e6 5 29 - 0.15 19.99 252688
aoD2AG 1e6 5 29 - 0.22 21.65 323700
aoD2SG 1e6 5 29 - 0.20 24.65 332796
dry 350e2 2 232 - 0.03 0.11 30828
aoDLAV 350e2 2 232 - 0.03 0.22 31480
aoULAV 350e2 2 232 - 0.03 0.23 32296
aoD2AG 350e2 2 232 - 0.03 0.26 34856
aoD2SG 350e2 2 232 - 0.03 0.27 35132
dry 1e5 2 124 - 0.02 0.14 32124
aoDLAV 1e5 2 124 - 0.03 0.44 34800
aoULAV 1e5 2 124 - 0.04 0.44 35324
aoD2AG 1e5 2 124 - 0.03 0.57 42604
aoD2SG 1e5 2 124 - 0.04 0.63 43808
dry 1e6 5 148 - 0.05 0.28 73152
aoDLAV 1e6 5 148 - 0.14 19.03 252688
aoULAV 1e6 5 148 - 0.14 19.98 252692
aoD2AG 1e6 5 148 - 0.21 21.63 324616
aoD2SG 1e6 5 148 - 0.23 25.33 333060
dry 5e4 10 222 - 0.03 0.13 33888
aoDLAV 5e4 10 222 - 0.04 7.82 40200
aoULAV 5e4 10 222 - 0.04 7.82 40200
aoD2AG 5e4 10 222 - 0.05 7.89 44980
aoD2SG 5e4 10 222 - 0.05 8.49 44996
dry 1e2 10 1 - 0.02 0.12 26004
aoDLAV 1e2 10 1 - 0.03 0.14 30260
aoULAV 1e2 10 1 - 0.03 0.14 30272
aoD2AG 1e2 10 1 - 0.03 0.14 30440
aoD2SG 1e2 10 1 - 0.03 0.14 30448
moore 1e2 10 1 - 0.03 0.24 30496
nbpm 1e2 10 1 - 0.08 2.17 53076
greedy 1e2 10 1 - 0.03 0.15 30972
dry 1e2 10 106 - 0.03 0.11 26004
aoDLAV 1e2 10 106 - 0.03 0.14 30260
aoULAV 1e2 10 106 - 0.03 0.14 30276
aoD2AG 1e2 10 106 - 0.03 0.15 30440
aoD2SG 1e2 10 106 - 0.03 0.14 30448
moore 1e2 10 106 - 0.03 0.20 30496
nbpm 1e2 10 106 - 0.08 2.18 53076
greedy 1e2 10 106 - 0.03 0.15 30976
dry 275e2 2 9 - 0.02 0.12 27120
aoDLAV 275e2 2 9 - 0.03 0.20 31240
aoULAV 275e2 2 9 - 0.03 0.20 31576
aoD2AG 275e2 2 9 - 0.03 0.23 34700
aoD2SG 275e2 2 9 - 0.03 0.24 34812
dry 32e1 2 31 - 0.02 0.12 26004
aoDLAV 32e1 2 31 - 0.04 0.14 30220
aoULAV 32e1 2 31 - 0.03 0.15 30208
aoD2AG 32e1 2 31 - 0.02 0.15 30376
aoD2SG 32e1 2 31 - 0.02 0.15 30384
moore 32e1 2 31 - 0.04 0.79 33676
nbpm 32e1 2 31 - 0.09 2.35 58300
greedy 32e1 2 31 - 0.04 0.20 40976
dry 32e4 2 27 - 0.04 0.16 36424
aoDLAV 32e4 2 27 - 0.07 1.24 70828
aoULAV 32e4 2 27 - 0.06 1.24 70840
aoD2AG 32e4 2 27 - 0.07 1.72 88324
aoD2SG 32e4 2 27 - 0.07 1.94 90900
dry 18e4 2 86 - 0.03 0.13 33440
aoDLAV 18e4 2 86 - 0.05 0.75 47864
aoULAV 18e4 2 86 - 0.05 0.78 47860
aoD2AG 18e4 2 86 - 0.06 1.00 58648
aoD2SG 18e4 2 86 - 0.06 1.11 59788
dry 1e6 2 44 - 0.04 0.20 49704
aoDLAV 1e6 2 44 - 0.11 3.72 178456
aoULAV 1e6 2 44 - 0.11 3.93 178460
aoD2AG 1e6 2 44 - 0.15 5.63 236020
aoD2SG 1e6 2 44 - 0.19 6.33 241180
dry 1e3 5 182 - 0.02 0.11 26056
aoDLAV 1e3 5 182 - 0.03 0.14 30424
aoULAV 1e3 5 182 - 0.02 0.15 30436
aoD2AG 1e3 5 182 - 0.03 0.14 30740
aoD2SG 1e3 5 182 - 0.03 0.15 30760
moore 1e3 5 182 - 0.05 2.52 59888
nbpm 1e3 5 182 - 0.13 4.54 129248
greedy 1e3 5 182 - 0.09 1.01 139388
dry 350e2 2 156 - 0.02 0.12 29268
aoDLAV 350e2 2 156 - 0.03 0.23 31484
aoULAV 350e2 2 156 - 0.02 0.23 32264
aoD2AG 350e2 2 156 - 0.03 0.26 34852
aoD2SG 350e2 2 156 - 0.04 0.27 35136
dry 32e1 2 216 - 0.03 0.11 26000
aoDLAV 32e1 2 216 - 0.03 0.14 30196
aoULAV 32e1 2 216 - 0.02 0.14 30208
aoD2AG 32e1 2 216 - 0.02 0.15 30376
aoD2SG 32e1 2 216 - 0.03 0.15 30388
moore 32e1 2 216 - 0.04 0.36 33676
nbpm 32e1 2 216 - 0.09 2.35 58300
greedy 32e1 2 216 - 0.03 0.21 40972
dry 1e2 2 72 - 0.03 0.11 25992
aoDLAV 1e2 2 72 - 0.02 0.15 30172
aoULAV 1e2 2 72 - 0.02 0.14 30184
aoD2AG 1e2 2 72 - 0.03 0.15 30336
aoD2SG 1e2 2 72 - 0.02 0.15 30344
moore 1e2 2 72 - 0.02 0.22 30488
nbpm 1e2 2 72 - 0.07 2.15 53008
greedy 1e2 2 72 - 0.02 0.14 30880
dry 5e4 10 122 - 0.04 0.13 33888
aoDLAV 5e4 10 122 - 0.05 7.57 40200
aoULAV 5e4 10 122 - 0.03 7.59 40204
aoD2AG 5e4 10 122 - 0.05 7.65 44984
aoD2SG 5e4 10 122 - 0.04 8.58 44996
dry 18e1 2 105 - 0.02 0.11 26004
aoDLAV 18e1 2 105 - 0.03 0.14 30188
aoULAV 18e1 2 105 - 0.03 0.14 30200
aoD2AG 18e1 2 105 - 0.03 0.15 30356
aoD2SG 18e1 2 105 - 0.03 0.14 30364
moore 18e1 2 105 - 0.03 0.29 30496
nbpm 18e1 2 105 - 0.07 2.20 54444
greedy 18e1 2 105 - 0.03 0.16 33348
dry 1e6 5 137 - 0.05 0.27 73152
aoDLAV 1e6 5 137 - 0.14 19.05 252692
aoULAV 1e6 5 137 - 0.16 19.46 252692
aoD2AG 1e6 5 137 - 0.20 21.63 324524
aoD2SG 1e6 5 137 - 0.20 25.05 332128
dry 18e1 2 195 - 0.03 0.11 26004
aoDLAV 18e1 2 195 - 0.02 0.15 30184
aoULAV 18e1 2 195 - 0.02 0.15 30196
aoD2AG 18e1 2 195 - 0.02 0.15 30356
aoD2SG 18e1 2 195 - 0.03 0.14 30364
moore 18e1 2 195 - 0.03 0.24 30500
nbpm 18e1 2 195 - 0.07 2.20 54448
greedy 18e1 2 195 - 0.03 0.16 33352
dry 400e2 2 92 - 0.03 0.12 27620
aoDLAV 400e2 2 92 - 0.03 0.24 32240
aoULAV 400e2 2 92 - 0.03 0.24 33116
aoD2AG 400e2 2 92 - 0.03 0.29 36072
aoD2SG 400e2 2 92 - 0.03 0.30 35928
dry 32e3 2 61 - 0.03 0.12 27296
aoDLAV 32e3 2 61 - 0.03 0.22 31436
aoULAV 32e3 2 61 - 0.03 0.22 32152
aoD2AG 32e3 2 61 - 0.03 0.25 35024
aoD2SG 32e3 2 61 - 0.03 0.27 34788
dry 1e6 5 75 - 0.06 0.27 73156
aoDLAV 1e6 5 75 - 0.15 18.87 252688
aoULAV 1e6 5 75 - 0.14 18.98 252692
aoD2AG 1e6 5 75 - 0.20 21.43 324876
aoD2SG 1e6 5 75 - 0.26 25.17 332272
dry 225e2 2 115 - 0.02 0.13 26924
aoDLAV 225e2 2 115 - 0.02 0.20 30980
aoULAV 225e2 2 115 - 0.03 0.19 30992
aoD2AG 225e2 2 115 - 0.03 0.21 33368
aoD2SG 225e2 2 115 - 0.03 0.22 33460
dry 400e2 2 197 - 0.02 0.12 29056
aoDLAV 400e2 2 197 - 0.03 0.23 32236
aoULAV 400e2 2 197 - 0.02 0.24 33124
aoD2AG 400e2 2 197 - 0.03 0.28 36072
aoD2SG 400e2 2 197 - 0.03 0.30 35952
dry 1e6 10 117 - 0.08 0.41 112232
aoDLAV 1e6 10 117 - 0.21 388.83 369884
aoULAV 1e6 10 117 - 0.28 379.12 369884
aoD2AG 1e6 10 117 - 0.39 380.67 448136
aoD2SG 1e6 10 117 - 0.44 457.90 459292
dry 1e1 2 152 - 0.02 0.12 25996
aoDLAV 1e1 2 152 - 0.03 0.15 30160
aoULAV 1e1 2 152 - 0.03 0.14 30172
aoD2AG 1e1 2 152 - 0.04 0.14 30316
aoD2SG 1e1 2 152 - 0.02 0.15 30324
moore 1e1 2 152 - 0.03 0.18 30476
nbpm 1e1 2 152 - 0.09 2.18 49816
greedy 1e1 2 152 - 0.03 0.15 30156
dry 1e6 5 158 - 0.05 0.28 73152
aoDLAV 1e6 5 158 - 0.15 19.46 252688
aoULAV 1e6 5 158 - 0.17 19.56 252688
aoD2AG 1e6 5 158 - 0.21 21.63 323548
aoD2SG 1e6 5 158 - 0.23 31.32 331944
dry 56e3 2 229 - 0.02 0.13 31236
aoDLAV 56e3 2 229 - 0.03 0.29 33480
aoULAV 56e3 2 229 - 0.02 0.30 34700
aoD2AG 56e3 2 229 - 0.04 0.35 37280
aoD2SG 56e3 2 229 - 0.04 0.37 37296
dry 1e6 2 224 - 0.04 0.20 49708
aoDLAV 1e6 2 224 - 0.12 3.62 178456
aoULAV 1e6 2 224 - 0.11 3.83 178456
aoD2AG 1e6 2 224 - 0.16 5.56 233988
aoD2SG 1e6 2 224 - 0.19 6.25 242204
dry 225e2 2 231 - 0.02 0.12 26920
aoDLAV 225e2 2 231 - 0.03 0.20 30984
aoULAV 225e2 2 231 - 0.03 0.20 30996
aoD2AG 225e2 2 231 - 0.03 0.22 33368
aoD2SG 225e2 2 231 - 0.02 0.23 33464
dry 56e4 2 207 - 0.03 0.18 41104
aoDLAV 56e4 2 207 - 0.08 2.08 107988
aoULAV 56e4 2 207 - 0.09 2.13 108008
aoD2AG 56e4 2 207 - 0.11 3.01 138796
aoD2SG 56e4 2 207 - 0.10 3.43 143620
dry 56e3 2 66 - 0.03 0.11 30016
aoDLAV 56e3 2 66 - 0.03 0.29 33476
aoULAV 56e3 2 66 - 0.03 0.29 34696
aoD2AG 56e3 2 66 - 0.03 0.36 37284
aoD2SG 56e3 2 66 - 0.03 0.41 37296
dry 56e3 2 189 - 0.02 0.12 29876
aoDLAV 56e3 2 189 - 0.03 0.29 33476
aoULAV 56e3 2 189 - 0.02 0.31 34696
aoD2AG 56e3 2 189 - 0.03 0.36 37284
aoD2SG 56e3 2 189 - 0.04 0.37 37300
dry 275e2 2 201 - 0.02 0.12 27120
aoDLAV 275e2 2 201 - 0.03 0.21 31240
aoULAV 275e2 2 201 - 0.03 0.20 31568
aoD2AG 275e2 2 201 - 0.03 0.23 34696
aoD2SG 275e2 2 201 - 0.03 0.24 34812
dry 1e3 10 75 - 0.03 0.11 26136
aoDLAV 1e3 10 75 - 0.02 0.17 30652
aoULAV 1e3 10 75 - 0.03 0.16 30664
aoD2AG 1e3 10 75 - 0.02 0.16 31072
aoD2SG 1e3 10 75 - 0.03 0.16 31084
moore 1e3 10 75 - 0.04 3.64 59868
nbpm 1e3 10 75 - 0.15 4.79 136140
greedy 1e3 10 75 - 0.08 1.02 139616
dry 375e2 2 238 - 0.02 0.12 27516
aoDLAV 375e2 2 238 - 0.03 0.24 31788
aoULAV 375e2 2 238 - 0.02 0.25 32608
aoD2AG 375e2 2 238 - 0.03 0.27 35516
aoD2SG 375e2 2 238 - 0.03 0.29 35532
dry 18e4 2 228 - 0.03 0.14 33220
aoDLAV 18e4 2 228 - 0.05 0.76 47864
aoULAV 18e4 2 228 - 0.05 0.78 47864
aoD2AG 18e4 2 228 - 0.06 0.97 58640
aoD2SG 18e4 2 228 - 0.06 1.08 60004
dry 1e6 10 84 - 0.08 0.40 112232
aoDLAV 1e6 10 84 - 0.20 375.25 370032
aoULAV 1e6 10 84 - 0.28 376.62 369888
aoD2AG 1e6 10 84 - 0.42 377.61 448084
aoD2SG 1e6 10 84 - 0.43 618.76 457772
dry 18e4 2 174 - 0.03 0.14 33684
aoDLAV 18e4 2 174 - 0.04 0.72 47864
aoULAV 18e4 2 174 - 0.05 0.81 47864
aoD2AG 18e4 2 174 - 0.05 0.97 58640
aoD2SG 18e4 2 174 - 0.06 1.08 60012
dry 18e4 2 158 - 0.02 0.14 33104
aoDLAV 18e4 2 158 - 0.04 0.74 47864
aoULAV 18e4 2 158 - 0.06 0.73 47864
aoD2AG 18e4 2 158 - 0.05 0.98 58640
aoD2SG 18e4 2 158 - 0.06 1.04 59836
dry 375e2 2 30 - 0.03 0.11 29116
aoDLAV 375e2 2 30 - 0.04 0.24 31784
aoULAV 375e2 2 30 - 0.04 0.23 32604
aoD2AG 375e2 2 30 - 0.03 0.28 35520
aoD2SG 375e2 2 30 - 0.03 0.30 35532
dry 56e3 2 58 - 0.03 0.12 28236
aoDLAV 56e3 2 58 - 0.03 0.28 33476
aoULAV 56e3 2 58 - 0.03 0.30 34696
aoD2AG 56e3 2 58 - 0.03 0.35 37284
aoD2SG 56e3 2 58 - 0.04 0.38 37300
dry 32e4 2 87 - 0.03 0.16 36424
aoDLAV 32e4 2 87 - 0.05 1.17 70828
aoULAV 32e4 2 87 - 0.06 1.21 70844
aoD2AG 32e4 2 87 - 0.07 1.68 89276
aoD2SG 32e4 2 87 - 0.06 1.99 90980
dry 1e2 5 19 - 0.02 0.12 25996
aoDLAV 1e2 5 19 - 0.02 0.15 30216
aoULAV 1e2 5 19 - 0.03 0.15 30228
aoD2AG 1e2 5 19 - 0.02 0.16 30384
aoD2SG 1e2 5 19 - 0.03 0.15 30392
moore 1e2 5 19 - 0.03 0.24 30492
nbpm 1e2 5 19 - 0.09 2.19 53012
greedy 1e2 5 19 - 0.03 0.15 30920
dry 1e6 5 112 - 0.05 0.28 73152
aoDLAV 1e6 5 112 - 0.15 19.71 252692
aoULAV 1e6 5 112 - 0.19 18.62 252692
aoD2AG 1e6 5 112 - 0.21 20.38 324036
aoD2SG 1e6 5 112 - 0.21 24.73 332436
dry 275e2 2 122 - 0.02 0.12 30676
aoDLAV 275e2 2 122 - 0.03 0.20 31240
aoULAV 275e2 2 122 - 0.02 0.22 31568
aoD2AG 275e2 2 122 - 0.04 0.24 34696
aoD2SG 275e2 2 122 - 0.03 0.26 34816
dry 56e4 2 83 - 0.04 0.19 41108
aoDLAV 56e4 2 83 - 0.08 2.11 107988
aoULAV 56e4 2 83 - 0.08 2.18 107984
aoD2AG 56e4 2 83 - 0.10 3.14 140332
aoD2SG 56e4 2 83 - 0.11 3.58 143328
dry 56e3 2 212 - 0.03 0.12 28236
aoDLAV 56e3 2 212 - 0.03 0.30 33476
aoULAV 56e3 2 212 - 0.04 0.29 34700
aoD2AG 56e3 2 212 - 0.03 0.37 37288
aoD2SG 56e3 2 212 - 0.04 0.40 37300
dry 250e2 2 29 - 0.03 0.12 27020
aoDLAV 250e2 2 29 - 0.02 0.21 31108
aoULAV 250e2 2 29 - 0.03 0.21 31212
aoD2AG 250e2 2 29 - 0.03 0.23 33860
aoD2SG 250e2 2 29 - 0.04 0.23 33964
dry 1e2 2 137 - 0.01 0.13 25992
aoDLAV 1e2 2 137 - 0.04 0.14 30172
aoULAV 1e2 2 137 - 0.03 0.15 30180
aoD2AG 1e2 2 137 - 0.04 0.13 30336
aoD2SG 1e2 2 137 - 0.03 0.15 30344
moore 1e2 2 137 - 0.03 0.20 30480
nbpm 1e2 2 137 - 0.10 2.20 53004
greedy 1e2 2 137 - 0.04 0.14 30880
dry 1e6 10 186 - 0.07 0.41 112232
aoDLAV 1e6 10 186 - 0.22 381.38 369888
aoULAV 1e6 10 186 - 0.32 381.12 369884
aoD2AG 1e6 10 186 - 0.42 356.59 447300
aoD2SG 1e6 10 186 - 0.41 551.68 457508
dry 18e4 2 166 - 0.03 0.13 33108
aoDLAV 18e4 2 166 - 0.05 0.78 47860
aoULAV 18e4 2 166 - 0.05 0.78 47860
aoD2AG 18e4 2 166 - 0.06 1.02 58644
aoD2SG 18e4 2 166 - 0.06 1.13 59884
dry 18e4 2 229 - 0.03 0.14 33104
aoDLAV 18e4 2 229 - 0.04 0.78 47860
aoULAV 18e4 2 229 - 0.05 0.81 47864
aoD2AG 18e4 2 229 - 0.06 1.04 58852
aoD2SG 18e4 2 229 - 0.05 1.09 59808
dry 56e4 2 166 - 0.03 0.19 41108
aoDLAV 56e4 2 166 - 0.07 2.15 107984
aoULAV 56e4 2 166 - 0.08 2.22 107988
aoD2AG 56e4 2 166 - 0.12 2.95 140188
aoD2SG 56e4 2 166 - 0.13 3.24 145020
dry 325e2 2 107 - 0.02 0.12 27316
aoDLAV 325e2 2 107 - 0.03 0.22 31372
aoULAV 325e2 2 107 - 0.03 0.22 32084
aoD2AG 325e2 2 107 - 0.03 0.26 35004
aoD2SG 325e2 2 107 - 0.04 0.27 34764
dry 1e3 5 189 - 0.03 0.11 26060
aoDLAV 1e3 5 189 - 0.03 0.15 30424
aoULAV 1e3 5 189 - 0.03 0.14 30436
aoD2AG 1e3 5 189 - 0.03 0.15 30748
aoD2SG 1e3 5 189 - 0.02 0.16 30768
moore 1e3 5 189 - 0.04 2.61 59832
nbpm 1e3 5 189 - 0.13 4.53 129240
greedy 1e3 5 189 - 0.10 1.05 139392
dry 5e4 2 82 - 0.03 0.11 30008
aoDLAV 5e4 2 82 - 0.03 0.27 33012
aoULAV 5e4 2 82 - 0.04 0.27 33312
aoD2AG 5e4 2 82 - 0.03 0.36 36412
aoD2SG 5e4 2 82 - 0.04 0.36 36424
dry 325e2 2 215 - 0.03 0.12 27316
aoDLAV 325e2 2 215 - 0.04 0.21 31376
aoULAV 325e2 2 215 - 0.03 0.23 32092
aoD2AG 325e2 2 215 - 0.03 0.26 35000
aoD2SG 325e2 2 215 - 0.03 0.28 34756
dry 275e2 2 242 - 0.02 0.13 30676
aoDLAV 275e2 2 242 - 0.03 0.21 31240
aoULAV 275e2 2 242 - 0.03 0.22 31572
aoD2AG 275e2 2 242 - 0.04 0.23 34692
aoD2SG 275e2 2 242 - 0.03 0.25 34812
dry 350e2 2 107 - 0.02 0.13 27416
aoDLAV 350e2 2 107 - 0.03 0.23 31484
aoULAV 350e2 2 107 - 0.03 0.24 32264
aoD2AG 350e2 2 107 - 0.03 0.26 34852
aoD2SG 350e2 2 107 - 0.03 0.29 35136
dry 400e2 2 208 - 0.03 0.12 27616
aoDLAV 400e2 2 208 - 0.04 0.25 32236
aoULAV 400e2 2 208 - 0.03 0.26 33116
aoD2AG 400e2 2 208 - 0.03 0.29 36072
aoD2SG 400e2 2 208 - 0.03 0.32 35924
dry 56e1 2 73 - 0.02 0.12 26008
aoDLAV 56e1 2 73 - 0.03 0.15 30220
aoULAV 56e1 2 73 - 0.03 0.14 30232
aoD2AG 56e1 2 73 - 0.04 0.13 30416
aoD2SG 56e1 2 73 - 0.03 0.14 30424
moore 56e1 2 73 - 0.03 1.05 39688
nbpm 56e1 2 73 - 0.12 3.07 78712
greedy 56e1 2 73 - 0.04 0.40 64104
dry 56e3 2 111 - 0.02 0.12 28240
aoDLAV 56e3 2 111 - 0.03 0.30 33476
aoULAV 56e3 2 111 - 0.03 0.31 34696
aoD2AG 56e3 2 111 - 0.04 0.38 37280
aoD2SG 56e3 2 111 - 0.03 0.41 37300
dry 5e4 5 139 - 0.02 0.14 31928
aoDLAV 5e4 5 139 - 0.04 0.78 34704
aoULAV 5e4 5 139 - 0.03 0.78 34704
aoD2AG 5e4 5 139 - 0.04 0.84 37728
aoD2SG 5e4 5 139 - 0.05 0.90 37936
dry 250e2 2 246 - 0.03 0.12 27020
aoDLAV 250e2 2 246 - 0.03 0.20 31112
aoULAV 250e2 2 246 - 0.03 0.21 31212
aoD2AG 250e2 2 246 - 0.03 0.23 33864
aoD2SG 250e2 2 246 - 0.03 0.24 33968
dry 1e6 5 127 - 0.05 0.28 73152
aoDLAV 1e6 5 127 - 0.16 18.58 252692
aoULAV 1e6 5 127 - 0.14 18.72 252688
aoD2AG 1e6 5 127 - 0.20 20.27 324416
aoD2SG 1e6 5 127 - 0.21 23.74 333224
dry 1e3 10 90 - 0.03 0.12 26140
aoDLAV 1e3 10 90 - 0.02 0.17 30652
aoULAV 1e3 10 90 - 0.04 0.16 30664
aoD2AG 1e3 10 90 - 0.03 0.16 31052
aoD2SG 1e3 10 90 - 0.03 0.17 31076
moore 1e3 10 90 - 0.05 3.01 59868
nbpm 1e3 10 90 - 0.14 4.75 136140
greedy 1e3 10 90 - 0.09 1.05 139620
dry 225e2 2 173 - 0.03 0.12 28752
aoDLAV 225e2 2 173 - 0.04 0.19 30980
aoULAV 225e2 2 173 - 0.03 0.20 30992
aoD2AG 225e2 2 173 - 0.03 0.22 33392
aoD2SG 225e2 2 173 - 0.03 0.22 33468
dry 1e5 10 146 - 0.03 0.18 38396
aoDLAV 1e5 10 146 - 0.06 20.13 53536
aoULAV 1e5 10 146 - 0.05 19.94 55308
aoD2AG 1e5 10 146 - 0.06 21.55 62972
aoD2SG 1e5 10 146 - 0.05 24.36 66832
dry 32e4 2 119 - 0.03 0.16 36428
aoDLAV 32e4 2 119 - 0.05 1.27 70828
aoULAV 32e4 2 119 - 0.04 1.31 70840
aoD2AG 32e4 2 119 - 0.06 1.71 89136
aoD2SG 32e4 2 119 - 0.08 1.89 91064
dry 5e4 10 33 - 0.03 0.14 33892
aoDLAV 5e4 10 33 - 0.04 7.94 40204
aoULAV 5e4 10 33 - 0.04 7.60 40200
aoD2AG 5e4 10 33 - 0.05 7.81 44984
aoD2SG 5e4 10 33 - 0.04 9.03 44996
dry 18e1 2 233 - 0.02 0.12 26004
aoDLAV 18e1 2 233 - 0.03 0.14 30188
aoULAV 18e1 2 233 - 0.02 0.15 30196
aoD2AG 18e1 2 233 - 0.04 0.14 30360
aoD2SG 18e1 2 233 - 0.02 0.15 30364
moore 18e1 2 233 - 0.04 0.20 30492
nbpm 18e1 2 233 - 0.09 2.22 54436
greedy 18e1 2 233 - 0.02 0.17 33348
dry 18e4 2 42 - 0.03 0.13 33104
aoDLAV 18e4 2 42 - 0.04 0.76 47860
aoULAV 18e4 2 42 - 0.04 0.79 47860
aoD2AG 18e4 2 42 - 0.05 1.01 58644
aoD2SG 18e4 2 42 - 0.06 1.14 59948
dry 5e4 5 91 - 0.02 0.14 30424
aoDLAV 5e4 5 91 - 0.03 0.75 34708
aoULAV 5e4 5 91 - 0.03 0.73 34704
aoD2AG 5e4 5 91 - 0.04 0.79 37728
aoD2SG 5e4 5 91 - 0.04 0.87 37940
dry 1e3 10 207 - 0.02 0.12 26136
aoDLAV 1e3 10 207 - 0.03 0.16 30656
aoULAV 1e3 10 207 - 0.03 0.15 30668
aoD2AG 1e3 10 207 - 0.03 0.16 31056
aoD2SG 1e3 10 207 - 0.02 0.17 31080
moore 1e3 10 207 - 0.04 5.63 59840
nbpm 1e3 10 207 - 0.13 4.85 136140
greedy 1e3 10 207 - 0.07 1.04 139616
dry 300e2 2 129 - 0.02 0.12 27216
aoDLAV 300e2 2 129 - 0.03 0.21 31296
aoULAV 300e2 2 129 - 0.03 0.22 31892
aoD2AG 300e2 2 129 - 0.04 0.24 35060
aoD2SG 300e2 2 129 - 0.03 0.26 34716
dry 1e3 5 132 - 0.02 0.12 26056
aoDLAV 1e3 5 132 - 0.03 0.15 30424
aoULAV 1e3 5 132 - 0.03 0.14 30436
aoD2AG 1e3 5 132 - 0.03 0.15 30744
aoD2SG 1e3 5 132 - 0.03 0.14 30772
moore 1e3 5 132 - 0.05 5.44 59800
nbpm 1e3 5 132 - 0.11 4.42 129244
greedy 1e3 5 132 - 0.09 1.03 139388
dry 32e3 2 233 - 0.03 0.12 27296
aoDLAV 32e3 2 233 - 0.02 0.22 31436
aoULAV 32e3 2 233 - 0.03 0.22 32152
aoD2AG 32e3 2 233 - 0.03 0.25 35024
aoD2SG 32e3 2 233 - 0.04 0.26 34788
dry 250e2 2 245 - 0.03 0.12 27020
aoDLAV 250e2 2 245 - 0.03 0.20 31112
aoULAV 250e2 2 245 - 0.04 0.20 31212
aoD2AG 250e2 2 245 - 0.03 0.23 33860
aoD2SG 250e2 2 245 - 0.02 0.24 33964
dry 1e6 10 204 - 0.07 0.40 112232
aoDLAV 1e6 10 204 - 0.20 364.77 369884
aoULAV 1e6 10 204 - 0.31 349.60 369888
aoD2AG 1e6 10 204 - 0.36 457.32 447748
aoD2SG 1e6 10 204 - 0.39 302.43 457276
