dry 2e4 10 162 - 0.03 0.12 29364
aoDLAV 2e4 10 162 - 0.03 1.55 34836
aoULAV 2e4 10 162 - 0.03 1.73 34848
aoD2AG 2e4 10 162 - 0.04 1.74 36076
aoD2SG 2e4 10 162 - 0.03 1.92 36080
moore 2e4 10 162 - 3.45 6650.93 11770836
nbpm 2e4 10 162 - 28.81 5607.87 30880040
greedy 2e4 10 162 - 24.59 1366.09 43775824
dry 1e8 2 143 - 1.13 3.05 1983348
aoDLAV 1e8 2 143 - 8.61 617.73 14862104
aoULAV 1e8 2 143 - 10.72 661.94 14862068
aoD2AG 1e8 2 143 - 18.82 928.58 21853008
aoD2SG 1e8 2 143 - 21.00 1111.33 22652172
dry 9e7 2 185 - 1.02 2.73 1787984
aoDLAV 9e7 2 185 - 7.27 528.49 13377684
aoULAV 9e7 2 185 - 9.13 568.05 13377684
aoD2AG 9e7 2 185 - 17.62 816.55 19669452
aoD2SG 9e7 2 185 - 19.27 978.27 20388364
dry 1e8 2 130 - 0.98 2.96 1983296
aoDLAV 1e8 2 130 - 8.03 592.38 14862068
aoULAV 1e8 2 130 - 10.18 619.50 14862068
aoD2AG 1e8 2 130 - 18.22 898.14 21850916
aoD2SG 1e8 2 130 - 20.66 1186.57 22649864
dry 2e4 2 238 - 0.02 0.12 26828
aoDLAV 2e4 2 238 - 0.02 0.19 30808
aoULAV 2e4 2 238 - 0.03 0.19 30812
aoD2AG 2e4 2 238 - 0.03 0.20 32288
aoD2SG 2e4 2 238 - 0.02 0.22 32292
moore 2e4 2 238 - 3.46 7470.89 11765552
nbpm 2e4 2 238 - 28.76 3016.93 31402196
greedy 2e4 2 238 - 24.93 1218.30 43771040
dry 2e4 10 8 - 0.03 0.11 29408
aoDLAV 2e4 10 8 - 0.04 1.66 34836
aoULAV 2e4 10 8 - 0.04 1.65 34852
aoD2AG 2e4 10 8 - 0.04 1.69 36076
aoD2SG 2e4 10 8 - 0.04 1.90 36080
moore 2e4 10 8 - 3.42 7381.95 11770836
nbpm 2e4 10 8 - 29.11 6468.66 30880032
greedy 2e4 10 8 - 23.98 1256.42 43775820
dry 9e7 2 193 - 0.99 2.75 1787984
aoDLAV 9e7 2 193 - 7.44 535.42 13377684
aoULAV 9e7 2 193 - 9.58 578.40 13377688
aoD2AG 9e7 2 193 - 17.17 826.14 19673284
aoD2SG 9e7 2 193 - 18.37 1004.09 20393364
dry 2e4 2 145 - 0.03 0.12 26828
aoDLAV 2e4 2 145 - 0.04 0.18 30812
aoULAV 2e4 2 145 - 0.03 0.19 30808
aoD2AG 2e4 2 145 - 0.02 0.23 32284
aoD2SG 2e4 2 145 - 0.03 0.23 32296
moore 2e4 2 145 - 3.51 7219.62 11765548
nbpm 2e4 2 145 - 28.91 2681.96 31402188
greedy 2e4 2 145 - 24.63 1338.47 43771040
dry 18e3 2 148 - 0.03 0.11 26748
aoDLAV 18e3 2 148 - 0.03 0.19 30744
aoULAV 18e3 2 148 - 0.03 0.19 30740
aoD2AG 18e3 2 148 - 0.04 0.20 31808
aoD2SG 18e3 2 148 - 0.03 0.21 31812
moore 18e3 2 148 - 2.87 5807.96 9534988
nbpm 18e3 2 148 - 23.76 2879.61 25451064
greedy 18e3 2 148 - 20.60 1014.11 35458364
dry 125e2 2 10 - 0.02 0.12 26532
aoDLAV 125e2 2 10 - 0.03 0.17 30712
aoULAV 125e2 2 10 - 0.03 0.17 30708
aoD2AG 125e2 2 10 - 0.03 0.18 31376
aoD2SG 125e2 2 10 - 0.02 0.19 31376
moore 125e2 2 10 - 1.66 1667.70 4611540
nbpm 125e2 2 10 - 12.16 692.63 12302320
greedy 125e2 2 10 - 9.40 439.49 17109968
dry 9e7 2 244 - 0.96 2.72 1787984
aoDLAV 9e7 2 244 - 7.59 531.37 13377684
aoULAV 9e7 2 244 - 9.81 567.69 13377688
aoD2AG 9e7 2 244 - 16.64 893.85 19672964
aoD2SG 9e7 2 244 - 18.05 967.60 20387220
dry 18e3 2 157 - 0.02 0.12 26748
aoDLAV 18e3 2 157 - 0.03 0.18 30740
aoULAV 18e3 2 157 - 0.03 0.18 30740
aoD2AG 18e3 2 157 - 0.03 0.20 31804
aoD2SG 18e3 2 157 - 0.02 0.21 31808
moore 18e3 2 157 - 3.08 5594.02 9534980
nbpm 18e3 2 157 - 26.83 1933.92 25451060
greedy 18e3 2 157 - 20.02 1019.10 35458364
dry 175e2 2 237 - 0.03 0.11 26732
aoDLAV 175e2 2 237 - 0.04 0.18 30716
aoULAV 175e2 2 237 - 0.03 0.19 30716
aoD2AG 175e2 2 237 - 0.04 0.18 31752
aoD2SG 175e2 2 237 - 0.04 0.19 31760
moore 175e2 2 237 - 2.74 5185.61 9014032
nbpm 175e2 2 237 - 22.42 1867.82 22863144
greedy 175e2 2 237 - 20.46 1072.51 33516976
dry 1e8 5 239 - 2.41 6.26 4327052
aoDLAV 1e8 5 239 - 11.76 2846.40 23065204
aoULAV 1e8 5 239 - 17.13 2766.84 23065208
aoD2AG 1e8 5 239 - 26.70 3055.32 30455164
aoD2SG 1e8 5 239 - 28.22 3633.49 31310492
dry 18e3 2 140 - 0.03 0.11 26748
aoDLAV 18e3 2 140 - 0.03 0.19 30740
aoULAV 18e3 2 140 - 0.03 0.19 30744
aoD2AG 18e3 2 140 - 0.03 0.20 31804
aoD2SG 18e3 2 140 - 0.03 0.21 31808
moore 18e3 2 140 - 3.04 6403.96 9534976
nbpm 18e3 2 140 - 23.85 1983.08 25451060
greedy 18e3 2 140 - 20.09 1007.37 35458364
dry 175e2 2 95 - 0.03 0.12 26732
aoDLAV 175e2 2 95 - 0.03 0.18 30716
aoULAV 175e2 2 95 - 0.03 0.18 30716
aoD2AG 175e2 2 95 - 0.03 0.20 31760
aoD2SG 175e2 2 95 - 0.03 0.21 31764
moore 175e2 2 95 - 2.74 4909.32 9014024
nbpm 175e2 2 95 - 25.96 1868.01 22863136
greedy 175e2 2 95 - 19.05 971.14 33516976
dry 1e8 2 84 - 1.12 3.05 1983296
aoDLAV 1e8 2 84 - 8.82 599.80 14862068
aoULAV 1e8 2 84 - 11.10 629.42 14862072
aoD2AG 1e8 2 84 - 18.69 872.51 21857416
aoD2SG 1e8 2 84 - 19.55 1279.61 22653316
dry 8e7 2 136 - 0.92 2.44 1592680
aoDLAV 8e7 2 136 - 6.51 468.28 11893328
aoULAV 8e7 2 136 - 8.96 500.17 11893328
aoD2AG 8e7 2 136 - 15.53 725.05 17491352
aoD2SG 8e7 2 136 - 15.96 868.50 18127492
dry 1e8 2 142 - 1.19 3.02 1983296
aoDLAV 1e8 2 142 - 8.42 579.82 14862068
aoULAV 1e8 2 142 - 10.48 619.30 14862068
aoD2AG 1e8 2 142 - 21.30 1026.76 21855696
aoD2SG 1e8 2 142 - 20.88 1347.49 22652232
dry 1e8 2 246 - 1.18 3.05 1983300
aoDLAV 1e8 2 246 - 8.11 742.71 14862104
aoULAV 1e8 2 246 - 11.07 830.59 14862068
aoD2AG 1e8 2 246 - 18.82 878.19 21854556
aoD2SG 1e8 2 246 - 20.57 1276.67 22654792
dry 2e4 10 158 - 0.03 0.11 30480
aoDLAV 2e4 10 158 - 0.02 1.52 34836
aoULAV 2e4 10 158 - 0.02 1.53 34848
aoD2AG 2e4 10 158 - 0.03 1.58 36076
aoD2SG 2e4 10 158 - 0.04 1.79 36080
moore 2e4 10 158 - 3.37 7409.25 11770836
nbpm 2e4 10 158 - 30.17 5911.82 30880040
greedy 2e4 10 158 - 26.52 1380.36 43775820
dry 8e7 2 185 - 0.91 2.47 1592680
aoDLAV 8e7 2 185 - 7.13 474.84 11893324
aoULAV 8e7 2 185 - 8.88 505.20 11893324
aoD2AG 8e7 2 185 - 15.70 724.64 17490120
aoD2SG 8e7 2 185 - 16.24 793.06 18130176
dry 9e7 2 153 - 0.98 2.71 1787984
aoDLAV 9e7 2 153 - 7.40 502.86 13377684
aoULAV 9e7 2 153 - 9.73 534.63 13377684
aoD2AG 9e7 2 153 - 17.10 863.57 19674112
aoD2SG 9e7 2 153 - 18.40 998.27 20389540
dry 150e2 2 158 - 0.03 0.11 26632
aoDLAV 150e2 2 158 - 0.03 0.18 30824
aoULAV 150e2 2 158 - 0.04 0.18 30828
aoD2AG 150e2 2 158 - 0.03 0.19 31612
aoD2SG 150e2 2 158 - 0.03 0.20 31608
moore 150e2 2 158 - 2.21 3353.92 6629348
nbpm 150e2 2 158 - 14.88 1155.76 16814168
greedy 150e2 2 158 - 15.10 731.54 24630024
dry 175e2 2 220 - 0.03 0.12 26732
aoDLAV 175e2 2 220 - 0.04 0.19 30716
aoULAV 175e2 2 220 - 0.03 0.20 30716
aoD2AG 175e2 2 220 - 0.04 0.20 31752
aoD2SG 175e2 2 220 - 0.03 0.22 31764
moore 175e2 2 220 - 3.21 5331.02 9014032
nbpm 175e2 2 220 - 21.90 2779.87 22863144
greedy 175e2 2 220 - 18.77 934.71 33516980
dry 1e8 2 250 - 1.06 3.00 1983296
aoDLAV 1e8 2 250 - 7.94 568.62 14862068
aoULAV 1e8 2 250 - 10.12 745.31 14862068
aoD2AG 1e8 2 250 - 18.35 885.40 21853432
aoD2SG 1e8 2 250 - 19.99 1049.85 22650984
dry 18e3 2 242 - 0.03 0.12 26752
aoDLAV 18e3 2 242 - 0.03 0.19 30740
aoULAV 18e3 2 242 - 0.03 0.20 30740
aoD2AG 18e3 2 242 - 0.05 0.19 31804
aoD2SG 18e3 2 242 - 0.03 0.21 31816
moore 18e3 2 242 - 3.04 5320.42 9534980
nbpm 18e3 2 242 - 24.20 1921.75 25451056
greedy 18e3 2 242 - 20.40 1025.50 35458368
dry 175e2 2 184 - 0.03 0.11 26732
aoDLAV 175e2 2 184 - 0.03 0.18 30716
aoULAV 175e2 2 184 - 0.03 0.19 30716
aoD2AG 175e2 2 184 - 0.03 0.20 31752
aoD2SG 175e2 2 184 - 0.03 0.20 31760
moore 175e2 2 184 - 2.84 5283.81 9014032
nbpm 175e2 2 184 - 21.61 1756.36 22863144
greedy 175e2 2 184 - 17.92 991.38 33516976
dry 2e4 5 233 - 0.03 0.11 29616
aoDLAV 2e4 5 233 - 0.04 0.28 32756
aoULAV 2e4 5 233 - 0.03 0.29 32772
aoD2AG 2e4 5 233 - 0.04 0.31 33344
aoD2SG 2e4 5 233 - 0.03 0.34 32864
moore 2e4 5 233 - 3.83 7704.92 11768080
nbpm 2e4 5 233 - 36.50 4791.21 34200504
greedy 2e4 5 233 - 24.79 1302.79 43774004
dry 1e8 2 73 - 1.20 3.01 1983300
aoDLAV 1e8 2 73 - 7.79 599.19 14862068
aoULAV 1e8 2 73 - 10.67 659.88 14862068
aoD2AG 1e8 2 73 - 20.00 954.97 21854944
aoD2SG 1e8 2 73 - 20.40 1117.45 22652004
dry 2e4 10 3 - 0.03 0.12 30188
aoDLAV 2e4 10 3 - 0.04 1.71 34840
aoULAV 2e4 10 3 - 0.04 1.71 34848
aoD2AG 2e4 10 3 - 0.04 1.76 36076
aoD2SG 2e4 10 3 - 0.04 2.46 36080
moore 2e4 10 3 - 3.37 6624.18 11770836
nbpm 2e4 10 3 - 29.47 5700.56 30880036
greedy 2e4 10 3 - 25.44 1357.49 43775820
dry 18e3 2 94 - 0.02 0.12 26752
aoDLAV 18e3 2 94 - 0.04 0.18 30740
aoULAV 18e3 2 94 - 0.03 0.19 30740
aoD2AG 18e3 2 94 - 0.03 0.20 31804
aoD2SG 18e3 2 94 - 0.03 0.21 31868
moore 18e3 2 94 - 2.89 5756.81 9534984
nbpm 18e3 2 94 - 24.80 2027.95 25451064
greedy 18e3 2 94 - 20.02 1070.39 35458372
dry 175e2 2 190 - 0.02 0.12 30484
aoDLAV 175e2 2 190 - 0.03 0.18 30716
aoULAV 175e2 2 190 - 0.03 0.18 30720
aoD2AG 175e2 2 190 - 0.03 0.20 31760
aoD2SG 175e2 2 190 - 0.03 0.21 31760
moore 175e2 2 190 - 2.78 4973.06 9014020
nbpm 175e2 2 190 - 21.90 1867.22 22863136
greedy 175e2 2 190 - 18.40 929.46 33516976
dry 2e4 5 248 - 0.02 0.12 27780
aoDLAV 2e4 5 248 - 0.03 0.29 32760
aoULAV 2e4 5 248 - 0.03 0.31 32772
aoD2AG 2e4 5 248 - 0.04 0.32 33344
aoD2SG 2e4 5 248 - 0.03 0.35 32860
moore 2e4 5 248 - 4.44 7278.85 11768080
nbpm 2e4 5 248 - 28.54 5076.49 34200496
greedy 2e4 5 248 - 24.33 1580.76 43774008
dry 150e2 2 244 - 0.03 0.12 27952
aoDLAV 150e2 2 244 - 0.03 0.18 30824
aoULAV 150e2 2 244 - 0.04 0.17 30828
aoD2AG 150e2 2 244 - 0.04 0.19 31608
aoD2SG 150e2 2 244 - 0.03 0.20 31608
