dry 50e2 2 239 - 0.02 0.10 28236
aoDLAV 50e2 2 239 - 0.03 0.13 30848
aoULAV 50e2 2 239 - 0.03 0.12 30860
aoD2AG 50e2 2 239 - 0.03 0.13 31788
aoD2SG 50e2 2 239 - 0.03 0.14 31860
moore 50e2 2 239 - 0.41 154.75 764620
nbpm 50e2 2 239 - 2.03 56.66 2011916
greedy 50e2 2 239 - 1.56 63.41 2764780
dry 5e7 2 70 - 0.54 1.60 1006736
aoDLAV 5e7 2 70 - 3.98 311.24 7440196
aoULAV 5e7 2 70 - 5.32 316.29 7440192
aoD2AG 5e7 2 70 - 9.27 443.00 10938852
aoD2SG 5e7 2 70 - 10.33 516.99 11338308
dry 56e6 2 91 - 0.65 1.79 1123924
aoDLAV 56e6 2 91 - 4.69 330.66 8330820
aoULAV 56e6 2 91 - 6.12 361.47 8330816
aoD2AG 56e6 2 91 - 10.77 508.75 12249024
aoD2SG 56e6 2 91 - 11.92 597.11 12696396
dry 25e2 2 244 - 0.02 0.12 26080
aoDLAV 25e2 2 244 - 0.02 0.15 30452
aoULAV 25e2 2 244 - 0.03 0.14 30464
aoD2AG 25e2 2 244 - 0.03 0.15 30972
aoD2SG 25e2 2 244 - 0.03 0.15 31028
moore 25e2 2 244 - 0.10 23.21 213596
nbpm 25e2 2 244 - 0.53 12.01 541640
greedy 25e2 2 244 - 0.48 11.01 713664
dry 5e7 2 127 - 0.58 1.61 1006736
aoDLAV 5e7 2 127 - 4.25 302.96 7440192
aoULAV 5e7 2 127 - 5.62 311.22 7440192
aoD2AG 5e7 2 127 - 9.72 440.74 10940180
aoD2SG 5e7 2 127 - 10.91 530.60 11338220
dry 18e2 2 137 - 0.03 0.12 28092
aoDLAV 18e2 2 137 - 0.03 0.15 30372
aoULAV 18e2 2 137 - 0.03 0.15 30384
aoD2AG 18e2 2 137 - 0.03 0.15 30800
aoD2SG 18e2 2 137 - 0.03 0.15 30824
moore 18e2 2 137 - 0.07 13.25 125408
nbpm 18e2 2 137 - 0.19 7.81 334528
greedy 18e2 2 137 - 0.24 4.47 384352
dry 32e2 2 171 - 0.03 0.12 26112
aoDLAV 32e2 2 171 - 0.03 0.15 30540
aoULAV 32e2 2 171 - 0.02 0.16 30556
aoD2AG 32e2 2 171 - 0.02 0.16 31192
aoD2SG 32e2 2 171 - 0.02 0.16 31248
moore 32e2 2 171 - 0.17 47.23 330512
nbpm 32e2 2 171 - 0.92 20.65 854752
greedy 32e2 2 171 - 0.69 20.86 1150164
dry 1e4 10 140 - 0.03 0.12 27688
aoDLAV 1e4 10 140 - 0.04 0.68 32768
aoULAV 1e4 10 140 - 0.03 0.69 32776
aoD2AG 1e4 10 140 - 0.03 0.77 32744
aoD2SG 1e4 10 140 - 0.05 0.81 34180
moore 1e4 10 140 - 1.16 978.22 2963852
nbpm 1e4 10 140 - 7.86 734.68 7764384
greedy 1e4 10 140 - 6.97 277.11 10961108
dry 56e6 2 160 - 0.63 1.83 1123924
aoDLAV 56e6 2 160 - 4.86 343.29 8330820
aoULAV 56e6 2 160 - 6.55 347.82 8330816
aoD2AG 56e6 2 160 - 11.58 643.17 12248036
aoD2SG 56e6 2 160 - 11.97 584.60 12694768
dry 32e6 2 160 - 0.36 1.09 655180
aoDLAV 32e6 2 160 - 2.71 179.63 4768324
aoULAV 32e6 2 160 - 2.74 194.09 4768328
aoD2AG 32e6 2 160 - 6.44 274.03 7008388
aoD2SG 32e6 2 160 - 6.68 304.32 7262544
dry 25e2 2 234 - 0.02 0.13 26084
aoDLAV 25e2 2 234 - 0.03 0.15 30472
aoULAV 25e2 2 234 - 0.03 0.16 30464
aoD2AG 25e2 2 234 - 0.03 0.15 30988
aoD2SG 25e2 2 234 - 0.03 0.15 31040
moore 25e2 2 234 - 0.08 18.74 213628
nbpm 25e2 2 234 - 0.52 12.62 541636
greedy 25e2 2 234 - 0.40 10.60 713664
dry 1e4 10 76 - 0.04 0.11 28952
aoDLAV 1e4 10 76 - 0.03 0.87 32764
aoULAV 1e4 10 76 - 0.04 0.81 32776
aoD2AG 1e4 10 76 - 0.04 0.79 32744
aoD2SG 1e4 10 76 - 0.03 0.83 34176
moore 1e4 10 76 - 1.11 1026.04 2963852
nbpm 1e4 10 76 - 7.82 710.85 7764396
greedy 1e4 10 76 - 6.66 274.93 10961112
dry 2e7 2 64 - 0.28 0.79 420796
aoDLAV 2e7 2 64 - 1.77 108.80 2987068
aoULAV 2e7 2 64 - 1.82 116.89 2987072
aoD2AG 2e7 2 64 - 4.24 172.14 4389000
aoD2SG 2e7 2 64 - 3.95 200.25 4547108
dry 6e7 2 41 - 0.69 1.91 1202048
aoDLAV 6e7 2 41 - 5.00 365.86 8924560
aoULAV 6e7 2 41 - 6.63 386.89 8924560
aoD2AG 6e7 2 41 - 11.69 547.42 13121260
aoD2SG 6e7 2 41 - 12.77 666.56 13601924
dry 56e2 2 114 - 0.03 0.11 26236
aoDLAV 56e2 2 114 - 0.02 0.16 30976
aoULAV 56e2 2 114 - 0.03 0.15 30988
aoD2AG 56e2 2 114 - 0.03 0.17 31968
aoD2SG 56e2 2 114 - 0.03 0.18 31128
moore 56e2 2 114 - 0.79 241.12 952724
nbpm 56e2 2 114 - 2.51 74.75 2388088
greedy 56e2 2 114 - 2.13 80.96 3460492
dry 25e2 2 211 - 0.03 0.11 26084
aoDLAV 25e2 2 211 - 0.04 0.15 30456
aoULAV 25e2 2 211 - 0.03 0.14 30464
aoD2AG 25e2 2 211 - 0.04 0.14 30976
aoD2SG 25e2 2 211 - 0.03 0.15 31016
moore 25e2 2 211 - 0.09 20.63 213632
nbpm 25e2 2 211 - 0.60 12.08 541644
greedy 25e2 2 211 - 0.39 9.80 713664
dry 18e2 2 208 - 0.02 0.12 26048
aoDLAV 18e2 2 208 - 0.03 0.14 30372
aoULAV 18e2 2 208 - 0.02 0.16 30392
aoD2AG 18e2 2 208 - 0.03 0.15 30792
aoD2SG 18e2 2 208 - 0.03 0.15 30828
moore 18e2 2 208 - 0.07 17.46 125420
nbpm 18e2 2 208 - 0.20 7.76 334540
greedy 18e2 2 208 - 0.21 4.57 384352
dry 2e7 2 55 - 0.26 0.75 420796
aoDLAV 2e7 2 55 - 1.75 111.01 2987068
aoULAV 2e7 2 55 - 2.17 111.38 2987072
aoD2AG 2e7 2 55 - 3.62 163.55 4387040
aoD2SG 2e7 2 55 - 4.01 183.09 4547260
dry 18e6 2 120 - 0.25 0.69 381736
aoDLAV 18e6 2 120 - 1.66 100.86 2690192
aoULAV 18e6 2 120 - 2.13 104.85 2690192
aoD2AG 18e6 2 120 - 3.31 145.59 3949896
aoD2SG 18e6 2 120 - 4.05 169.89 4093344
dry 56e2 2 190 - 0.02 0.14 26236
aoDLAV 56e2 2 190 - 0.03 0.16 30976
aoULAV 56e2 2 190 - 0.04 0.15 30988
aoD2AG 56e2 2 190 - 0.03 0.19 31964
aoD2SG 56e2 2 190 - 0.03 0.18 31120
moore 56e2 2 190 - 0.64 213.56 952720
nbpm 56e2 2 190 - 2.47 72.25 2388080
greedy 56e2 2 190 - 2.13 79.81 3460488
dry 56e6 2 152 - 0.65 1.80 1123956
aoDLAV 56e6 2 152 - 4.90 328.30 8330816
aoULAV 56e6 2 152 - 6.42 356.74 8330840
aoD2AG 56e6 2 152 - 10.75 499.88 12246832
aoD2SG 56e6 2 152 - 12.01 588.02 12693844
dry 32e6 2 130 - 0.42 1.12 655176
aoDLAV 32e6 2 130 - 2.89 172.65 4768324
aoULAV 32e6 2 130 - 3.67 186.76 4768328
aoD2AG 32e6 2 130 - 6.80 265.97 7009920
aoD2SG 32e6 2 130 - 6.75 310.34 7264328
dry 1e4 2 119 - 0.03 0.12 26432
aoDLAV 1e4 2 119 - 0.03 0.18 31888
aoULAV 1e4 2 119 - 0.03 0.18 31880
aoD2AG 1e4 2 119 - 0.03 0.19 31876
aoD2SG 1e4 2 119 - 0.02 0.19 31988
moore 1e4 2 119 - 1.15 961.23 2960572
nbpm 1e4 2 119 - 7.46 360.71 7889420
greedy 1e4 2 119 - 6.49 274.83 10968568
dry 18e2 2 171 - 0.02 0.12 26048
aoDLAV 18e2 2 171 - 0.03 0.14 30372
aoULAV 18e2 2 171 - 0.03 0.14 30384
aoD2AG 18e2 2 171 - 0.04 0.14 30800
aoD2SG 18e2 2 171 - 0.03 0.15 30832
moore 18e2 2 171 - 0.07 24.03 125412
nbpm 18e2 2 171 - 0.19 7.84 334528
greedy 18e2 2 171 - 0.25 3.68 384352
dry 75e2 2 111 - 0.02 0.13 27952
aoDLAV 75e2 2 111 - 0.02 0.16 31376
aoULAV 75e2 2 111 - 0.03 0.15 31392
aoD2AG 75e2 2 111 - 0.04 0.17 31384
aoD2SG 75e2 2 111 - 0.03 0.17 31380
moore 75e2 2 111 - 1.37 503.55 1688784
nbpm 75e2 2 111 - 4.22 164.67 4242124
greedy 75e2 2 111 - 3.80 150.89 6183096
dry 50e2 2 169 - 0.03 0.12 26204
aoDLAV 50e2 2 169 - 0.03 0.15 30848
aoULAV 50e2 2 169 - 0.03 0.15 30860
aoD2AG 50e2 2 169 - 0.03 0.16 31832
aoD2SG 50e2 2 169 - 0.03 0.17 31852
moore 50e2 2 169 - 0.63 186.81 764620
nbpm 50e2 2 169 - 1.95 59.93 2011916
greedy 50e2 2 169 - 1.69 62.04 2764780
dry 32e2 2 104 - 0.03 0.12 26116
aoDLAV 32e2 2 104 - 0.04 0.15 30540
aoULAV 32e2 2 104 - 0.03 0.16 30552
aoD2AG 32e2 2 104 - 0.02 0.16 31192
aoD2SG 32e2 2 104 - 0.03 0.15 31260
moore 32e2 2 104 - 0.33 80.68 330520
nbpm 32e2 2 104 - 0.90 19.77 854760
greedy 32e2 2 104 - 0.65 21.21 1150164
dry 7e7 2 104 - 0.79 2.17 1397356
aoDLAV 7e7 2 104 - 6.02 493.88 10408936
aoULAV 7e7 2 104 - 7.88 583.80 10408936
aoD2AG 7e7 2 104 - 13.86 660.26 15306004
aoD2SG 7e7 2 104 - 14.62 763.81 15861412
dry 6e7 2 167 - 0.72 1.92 1202048
aoDLAV 6e7 2 167 - 5.32 361.36 8924560
aoULAV 6e7 2 167 - 6.88 378.19 8924560
aoD2AG 6e7 2 167 - 11.72 540.37 13120420
aoD2SG 6e7 2 167 - 12.89 641.31 13600208
dry 4e7 2 93 - 0.52 1.33 811424
aoDLAV 4e7 2 93 - 3.70 246.26 5955816
aoULAV 4e7 2 93 - 3.51 244.44 5955820
aoD2AG 4e7 2 93 - 7.76 351.89 8754040
aoD2SG 4e7 2 93 - 8.58 400.35 9072492
dry 18e6 2 184 - 0.22 0.68 381736
aoDLAV 18e6 2 184 - 1.55 98.16 2690236
aoULAV 18e6 2 184 - 1.64 138.65 2690192
aoD2AG 18e6 2 184 - 3.37 140.59 3949496
aoD2SG 18e6 2 184 - 3.34 161.19 4093404
dry 6e7 2 87 - 0.67 1.90 1202044
aoDLAV 6e7 2 87 - 5.13 358.94 8924564
aoULAV 6e7 2 87 - 6.35 391.41 8924564
aoD2AG 6e7 2 87 - 11.80 538.05 13123420
aoD2SG 6e7 2 87 - 12.56 792.18 13600136
dry 1e4 5 183 - 0.03 0.12 26900
aoDLAV 1e4 5 183 - 0.02 0.22 31088
aoULAV 1e4 5 183 - 0.02 0.22 31100
aoD2AG 1e4 5 183 - 0.02 0.23 32112
aoD2SG 1e4 5 183 - 0.02 0.25 32108
moore 1e4 5 183 - 1.17 1046.73 2961740
nbpm 1e4 5 183 - 7.74 654.58 7811456
greedy 1e4 5 183 - 7.16 300.45 10959176
dry 56e6 2 98 - 0.68 1.86 1123924
aoDLAV 56e6 2 98 - 4.94 338.18 8330816
aoULAV 56e6 2 98 - 6.21 355.50 8330816
aoD2AG 56e6 2 98 - 11.47 501.77 12249924
aoD2SG 56e6 2 98 - 11.58 722.02 12695516
dry 32e6 2 19 - 0.37 1.10 655176
aoDLAV 32e6 2 19 - 2.87 179.90 4768328
aoULAV 32e6 2 19 - 3.49 187.64 4768324
aoD2AG 32e6 2 19 - 5.76 340.83 7008808
aoD2SG 32e6 2 19 - 6.90 324.93 7264444
dry 75e2 2 62 - 0.03 0.12 26328
aoDLAV 75e2 2 62 - 0.02 0.16 31376
aoULAV 75e2 2 62 - 0.04 0.15 31388
aoD2AG 75e2 2 62 - 0.03 0.18 31380
aoD2SG 75e2 2 62 - 0.03 0.18 31380
moore 75e2 2 62 - 1.08 446.43 1688792
nbpm 75e2 2 62 - 4.20 154.40 4242136
greedy 75e2 2 62 - 3.64 148.95 6183092
dry 18e2 2 229 - 0.03 0.11 26048
aoDLAV 18e2 2 229 - 0.02 0.15 30372
aoULAV 18e2 2 229 - 0.03 0.15 30384
aoD2AG 18e2 2 229 - 0.03 0.14 30776
aoD2SG 18e2 2 229 - 0.02 0.16 30820
moore 18e2 2 229 - 0.07 8.41 125436
nbpm 18e2 2 229 - 0.20 7.56 334528
greedy 18e2 2 229 - 0.25 4.37 384356
dry 3e7 2 170 - 0.39 1.09 616104
aoDLAV 3e7 2 170 - 2.69 171.07 4471432
aoULAV 3e7 2 170 - 3.45 177.64 4471428
aoD2AG 3e7 2 170 - 6.32 253.39 6571320
aoD2SG 3e7 2 170 - 5.92 287.06 6811456
dry 18e2 2 189 - 0.02 0.12 26052
aoDLAV 18e2 2 189 - 0.03 0.14 30372
aoULAV 18e2 2 189 - 0.03 0.14 30384
aoD2AG 18e2 2 189 - 0.03 0.14 30788
aoD2SG 18e2 2 189 - 0.02 0.15 30836
moore 18e2 2 189 - 0.07 11.55 125412
nbpm 18e2 2 189 - 0.19 7.55 334528
greedy 18e2 2 189 - 0.24 4.59 384352
dry 50e2 2 167 - 0.03 0.12 26204
aoDLAV 50e2 2 167 - 0.02 0.16 30848
aoULAV 50e2 2 167 - 0.04 0.15 30860
aoD2AG 50e2 2 167 - 0.04 0.16 31776
aoD2SG 50e2 2 167 - 0.04 0.17 31876
moore 50e2 2 167 - 0.43 150.25 764624
nbpm 50e2 2 167 - 1.99 60.75 2011916
greedy 50e2 2 167 - 1.58 59.46 2764780
dry 1e4 5 207 - 0.03 0.12 26900
aoDLAV 1e4 5 207 - 0.03 0.21 31084
aoULAV 1e4 5 207 - 0.03 0.22 31096
aoD2AG 1e4 5 207 - 0.03 0.22 32108
aoD2SG 1e4 5 207 - 0.03 0.24 32108
moore 1e4 5 207 - 1.15 797.15 2961736
nbpm 1e4 5 207 - 7.66 591.04 7811452
greedy 1e4 5 207 - 6.57 299.92 10959176
dry 56e2 2 162 - 0.02 0.12 26240
aoDLAV 56e2 2 162 - 0.03 0.15 30976
aoULAV 56e2 2 162 - 0.03 0.15 30988
aoD2AG 56e2 2 162 - 0.04 0.17 31964
aoD2SG 56e2 2 162 - 0.03 0.17 31120
moore 56e2 2 162 - 1.22 292.17 952716
nbpm 56e2 2 162 - 2.50 69.86 2388084
greedy 56e2 2 162 - 1.89 81.49 3460488
dry 7e7 2 20 - 0.84 2.20 1397360
aoDLAV 7e7 2 20 - 6.23 417.47 10408936
aoULAV 7e7 2 20 - 7.96 441.55 10408936
aoD2AG 7e7 2 20 - 13.84 648.12 15304032
aoD2SG 7e7 2 20 - 14.91 763.07 15862340
dry 6e7 2 174 - 0.69 1.92 1202044
aoDLAV 6e7 2 174 - 5.41 355.16 8924560
aoULAV 6e7 2 174 - 6.76 441.98 8924564
aoD2AG 6e7 2 174 - 11.86 534.90 13119324
aoD2SG 6e7 2 174 - 13.18 669.96 13597856
dry 32e2 2 120 - 0.03 0.12 26116
aoDLAV 32e2 2 120 - 0.03 0.15 30540
aoULAV 32e2 2 120 - 0.03 0.15 30552
aoD2AG 32e2 2 120 - 0.02 0.16 31196
aoD2SG 32e2 2 120 - 0.04 0.15 31260
moore 32e2 2 120 - 0.33 69.66 330516
nbpm 32e2 2 120 - 0.95 20.42 854752
greedy 32e2 2 120 - 0.77 22.05 1150164
dry 18e2 2 141 - 0.03 0.12 26048
aoDLAV 18e2 2 141 - 0.04 0.14 30376
aoULAV 18e2 2 141 - 0.03 0.15 30384
aoD2AG 18e2 2 141 - 0.03 0.15 30804
aoD2SG 18e2 2 141 - 0.02 0.16 30828
moore 18e2 2 141 - 0.07 18.05 125416
nbpm 18e2 2 141 - 0.17 7.85 334536
greedy 18e2 2 141 - 0.23 4.17 384352
dry 3e7 2 41 - 0.41 1.06 616108
aoDLAV 3e7 2 41 - 2.65 205.00 4471428
aoULAV 3e7 2 41 - 2.86 178.74 4471432
aoD2AG 3e7 2 41 - 6.20 260.19 6569700
aoD2SG 3e7 2 41 - 6.42 288.08 6810412
dry 32e2 2 214 - 0.02 0.13 26112
aoDLAV 32e2 2 214 - 0.03 0.16 30540
aoULAV 32e2 2 214 - 0.04 0.15 30548
aoD2AG 32e2 2 214 - 0.03 0.16 31196
aoD2SG 32e2 2 214 - 0.03 0.16 31252
moore 32e2 2 214 - 0.22 50.32 330520
nbpm 32e2 2 214 - 0.90 20.20 854760
greedy 32e2 2 214 - 0.67 20.79 1150164
dry 7e7 2 250 - 0.80 2.18 1397356
aoDLAV 7e7 2 250 - 6.00 423.47 10408936
aoULAV 7e7 2 250 - 7.83 458.44 10408936
aoD2AG 7e7 2 250 - 14.61 656.53 15302000
aoD2SG 7e7 2 250 - 14.63 769.84 15858580
dry 18e6 2 244 - 0.22 0.70 381736
aoDLAV 18e6 2 244 - 1.61 96.65 2690192
aoULAV 18e6 2 244 - 1.98 100.57 2690192
aoD2AG 18e6 2 244 - 3.12 144.58 3949796
aoD2SG 18e6 2 244 - 3.45 173.38 4094528
dry 5e7 2 19 - 0.62 1.59 1006740
aoDLAV 5e7 2 19 - 4.34 293.97 7440192
aoULAV 5e7 2 19 - 5.45 298.37 7440192
aoD2AG 5e7 2 19 - 9.71 422.64 10938324
aoD2SG 5e7 2 19 - 10.76 511.86 11338108
dry 4e7 2 106 - 0.49 1.34 811424
aoDLAV 4e7 2 106 - 3.60 233.88 5955816
aoULAV 4e7 2 106 - 4.54 248.91 5955816
aoD2AG 4e7 2 106 - 7.78 343.84 8756032
aoD2SG 4e7 2 106 - 8.45 410.03 9072892
dry 18e6 2 187 - 0.25 0.72 381736
aoDLAV 18e6 2 187 - 1.57 96.56 2690192
aoULAV 18e6 2 187 - 1.51 100.25 2690192
aoD2AG 18e6 2 187 - 3.13 148.85 3949812
aoD2SG 18e6 2 187 - 3.76 170.48 4094116
dry 1e4 5 241 - 0.02 0.12 28632
aoDLAV 1e4 5 241 - 0.04 0.21 31088
aoULAV 1e4 5 241 - 0.03 0.20 31096
aoD2AG 1e4 5 241 - 0.03 0.22 32108
aoD2SG 1e4 5 241 - 0.02 0.24 32108
moore 1e4 5 241 - 1.10 1155.46 2961736
nbpm 1e4 5 241 - 7.82 653.88 7811456
greedy 1e4 5 241 - 6.90 284.20 10959176
dry 32e2 2 148 - 0.03 0.12 26112
aoDLAV 32e2 2 148 - 0.04 0.15 30544
aoULAV 32e2 2 148 - 0.03 0.15 30548
aoD2AG 32e2 2 148 - 0.03 0.15 31204
aoD2SG 32e2 2 148 - 0.03 0.15 31264
moore 32e2 2 148 - 0.32 70.61 330524
nbpm 32e2 2 148 - 0.85 19.85 854760
greedy 32e2 2 148 - 0.73 20.07 1150164
dry 32e2 2 176 - 0.03 0.12 26112
aoDLAV 32e2 2 176 - 0.03 0.15 30540
aoULAV 32e2 2 176 - 0.03 0.14 30548
aoD2AG 32e2 2 176 - 0.03 0.15 31220
aoD2SG 32e2 2 176 - 0.03 0.16 31272
moore 32e2 2 176 - 0.21 55.76 330520
nbpm 32e2 2 176 - 0.85 25.26 854764
greedy 32e2 2 176 - 0.70 20.03 1150164
dry 6e7 2 144 - 0.67 1.91 1202044
aoDLAV 6e7 2 144 - 5.11 347.45 8924560
aoULAV 6e7 2 144 - 6.67 374.47 8924560
aoD2AG 6e7 2 144 - 11.83 574.82 13123532
aoD2SG 6e7 2 144 - 12.54 639.99 13600800
dry 50e2 2 155 - 0.02 0.13 26204
aoDLAV 50e2 2 155 - 0.03 0.16 30848
aoULAV 50e2 2 155 - 0.03 0.16 30860
aoD2AG 50e2 2 155 - 0.02 0.16 31780
aoD2SG 50e2 2 155 - 0.03 0.17 31868
moore 50e2 2 155 - 0.55 179.73 764628
nbpm 50e2 2 155 - 1.83 56.04 2011924
greedy 50e2 2 155 - 1.70 62.73 2764808
dry 4e7 2 218 - 0.47 1.32 811428
aoDLAV 4e7 2 218 - 3.38 238.82 5955816
aoULAV 4e7 2 218 - 4.39 258.43 5955820
aoD2AG 4e7 2 218 - 7.35 353.43 8755132
aoD2SG 4e7 2 218 - 8.55 424.16 9071936
dry 5e7 2 238 - 0.53 1.70 1006736
aoDLAV 5e7 2 238 - 4.43 309.31 7440192
aoULAV 5e7 2 238 - 5.59 313.97 7440192
aoD2AG 5e7 2 238 - 10.21 454.40 10937544
aoD2SG 5e7 2 238 - 10.41 520.64 11337072
dry 5e7 2 171 - 0.55 1.58 1006736
aoDLAV 5e7 2 171 - 3.97 284.01 7440192
aoULAV 5e7 2 171 - 4.96 343.95 7440192
aoD2AG 5e7 2 171 - 9.49 449.29 10939432
aoD2SG 5e7 2 171 - 10.49 520.58 11338592
