dry 1e4 10 99 - 0.02 0.10 29576
aoDLAV 1e4 10 99 - 0.04 0.56 32764
aoULAV 1e4 10 99 - 0.02 0.58 32776
aoD2AG 1e4 10 99 - 0.03 0.59 32744
aoD2SG 1e4 10 99 - 0.03 0.63 34176
moore 1e4 10 99 - 1.07 910.28 2963852
nbpm 1e4 10 99 - 7.57 687.37 7764384
greedy 1e4 10 99 - 6.31 272.47 10961112
dry 56e2 2 111 - 0.03 0.12 26236
aoDLAV 56e2 2 111 - 0.03 0.15 30976
aoULAV 56e2 2 111 - 0.04 0.15 30988
aoD2AG 56e2 2 111 - 0.03 0.18 31968
aoD2SG 56e2 2 111 - 0.02 0.18 31120
moore 56e2 2 111 - 0.62 209.15 952724
nbpm 56e2 2 111 - 2.52 71.04 2388088
greedy 56e2 2 111 - 2.14 80.95 3460492
dry 56e6 2 119 - 0.61 1.80 1123928
aoDLAV 56e6 2 119 - 4.77 342.96 8330820
aoULAV 56e6 2 119 - 6.19 354.67 8330816
aoD2AG 56e6 2 119 - 11.14 509.33 12247940
aoD2SG 56e6 2 119 - 12.23 741.41 12693052
dry 3e7 2 85 - 0.33 1.06 616104
aoDLAV 3e7 2 85 - 2.69 200.21 4471428
aoULAV 3e7 2 85 - 3.11 177.49 4471428
aoD2AG 3e7 2 85 - 5.22 252.32 6570316
aoD2SG 3e7 2 85 - 6.54 375.06 6808684
dry 50e2 2 207 - 0.03 0.12 26204
aoDLAV 50e2 2 207 - 0.03 0.16 30852
aoULAV 50e2 2 207 - 0.03 0.16 30860
aoD2AG 50e2 2 207 - 0.03 0.16 31792
aoD2SG 50e2 2 207 - 0.04 0.17 31872
moore 50e2 2 207 - 0.35 121.02 762972
nbpm 50e2 2 207 - 2.06 56.43 2011916
greedy 50e2 2 207 - 1.65 62.73 2764780
dry 25e2 2 102 - 0.03 0.11 26080
aoDLAV 25e2 2 102 - 0.02 0.15 30452
aoULAV 25e2 2 102 - 0.02 0.15 30468
aoD2AG 25e2 2 102 - 0.03 0.15 30988
aoD2SG 25e2 2 102 - 0.02 0.16 31036
moore 25e2 2 102 - 0.11 34.03 213596
nbpm 25e2 2 102 - 0.61 12.84 541636
greedy 25e2 2 102 - 0.46 11.70 713668
dry 50e2 2 16 - 0.02 0.12 26208
aoDLAV 50e2 2 16 - 0.02 0.16 30848
aoULAV 50e2 2 16 - 0.03 0.16 30864
aoD2AG 50e2 2 16 - 0.03 0.16 31792
aoD2SG 50e2 2 16 - 0.02 0.18 31872
moore 50e2 2 16 - 0.36 131.21 762972
nbpm 50e2 2 16 - 2.22 90.27 2011916
greedy 50e2 2 16 - 1.73 65.69 2764780
dry 1e4 10 212 - 0.03 0.12 29624
aoDLAV 1e4 10 212 - 0.03 0.68 32764
aoULAV 1e4 10 212 - 0.03 0.69 32776
aoD2AG 1e4 10 212 - 0.03 0.73 32744
aoD2SG 1e4 10 212 - 0.03 0.80 34176
moore 1e4 10 212 - 1.19 999.59 2963856
nbpm 1e4 10 212 - 7.70 712.37 7764392
greedy 1e4 10 212 - 6.57 278.89 10961108
dry 50e2 2 17 - 0.03 0.12 26208
aoDLAV 50e2 2 17 - 0.03 0.16 30852
aoULAV 50e2 2 17 - 0.03 0.16 30860
aoD2AG 50e2 2 17 - 0.04 0.16 31772
aoD2SG 50e2 2 17 - 0.03 0.18 31872
moore 50e2 2 17 - 0.42 152.04 764620
nbpm 50e2 2 17 - 2.00 60.97 2011916
greedy 50e2 2 17 - 1.81 64.26 2764780
dry 18e6 2 231 - 0.22 0.72 381736
aoDLAV 18e6 2 231 - 1.59 98.04 2690212
aoULAV 18e6 2 231 - 1.96 102.10 2690192
aoD2AG 18e6 2 231 - 3.30 143.87 3953768
aoD2SG 18e6 2 231 - 3.34 163.62 4095348
dry 25e2 2 11 - 0.03 0.12 26084
aoDLAV 25e2 2 11 - 0.03 0.15 30452
aoULAV 25e2 2 11 - 0.03 0.15 30464
aoD2AG 25e2 2 11 - 0.03 0.15 30980
aoD2SG 25e2 2 11 - 0.03 0.15 31036
moore 25e2 2 11 - 0.11 31.69 213596
nbpm 25e2 2 11 - 0.53 12.51 541636
greedy 25e2 2 11 - 0.43 10.81 713664
dry 25e2 2 60 - 0.02 0.12 26080
aoDLAV 25e2 2 60 - 0.04 0.14 30452
aoULAV 25e2 2 60 - 0.03 0.15 30468
aoD2AG 25e2 2 60 - 0.03 0.15 30996
aoD2SG 25e2 2 60 - 0.03 0.16 31028
moore 25e2 2 60 - 0.10 15.35 213632
nbpm 25e2 2 60 - 0.59 12.27 541644
greedy 25e2 2 60 - 0.43 10.62 713668
dry 2e7 2 120 - 0.26 0.75 420796
aoDLAV 2e7 2 120 - 1.58 109.29 2987068
aoULAV 2e7 2 120 - 2.32 118.78 2987068
aoD2AG 2e7 2 120 - 3.64 162.13 4387140
aoD2SG 2e7 2 120 - 4.10 185.14 4545048
dry 3e7 2 66 - 0.36 1.04 616128
aoDLAV 3e7 2 66 - 2.54 173.84 4471432
aoULAV 3e7 2 66 - 3.32 177.35 4471432
aoD2AG 3e7 2 66 - 6.04 256.20 6570024
aoD2SG 3e7 2 66 - 5.77 324.99 6810616
dry 5e7 2 216 - 0.56 1.61 1006736
aoDLAV 5e7 2 216 - 4.00 294.52 7440192
aoULAV 5e7 2 216 - 5.51 309.57 7440192
aoD2AG 5e7 2 216 - 9.80 452.32 10937244
aoD2SG 5e7 2 216 - 10.68 537.00 11336372
dry 32e2 2 224 - 0.03 0.12 26112
aoDLAV 32e2 2 224 - 0.03 0.15 30544
aoULAV 32e2 2 224 - 0.03 0.15 30552
aoD2AG 32e2 2 224 - 0.03 0.15 31196
aoD2SG 32e2 2 224 - 0.02 0.16 31256
moore 32e2 2 224 - 0.17 37.47 330520
nbpm 32e2 2 224 - 0.79 22.38 854760
greedy 32e2 2 224 - 0.67 20.52 1150164
dry 2e7 2 123 - 0.23 0.74 420796
aoDLAV 2e7 2 123 - 1.64 105.36 2987068
aoULAV 2e7 2 123 - 2.26 115.54 2987068
aoD2AG 2e7 2 123 - 3.55 157.66 4388444
aoD2SG 2e7 2 123 - 4.13 187.13 4546960
dry 50e2 2 115 - 0.02 0.12 26204
aoDLAV 50e2 2 115 - 0.03 0.15 30848
aoULAV 50e2 2 115 - 0.02 0.16 30860
aoD2AG 50e2 2 115 - 0.04 0.15 31776
aoD2SG 50e2 2 115 - 0.02 0.18 31848
moore 50e2 2 115 - 0.92 240.27 764624
nbpm 50e2 2 115 - 1.96 56.73 2011916
greedy 50e2 2 115 - 1.68 62.65 2764780
dry 4e7 2 84 - 0.48 1.31 811428
aoDLAV 4e7 2 84 - 3.37 244.68 5955816
aoULAV 4e7 2 84 - 4.34 246.59 5955816
aoD2AG 4e7 2 84 - 8.14 339.95 8751516
aoD2SG 4e7 2 84 - 8.48 400.41 9069904
dry 32e2 2 189 - 0.02 0.13 26112
aoDLAV 32e2 2 189 - 0.04 0.15 30540
aoULAV 32e2 2 189 - 0.03 0.15 30548
aoD2AG 32e2 2 189 - 0.04 0.15 31204
aoD2SG 32e2 2 189 - 0.03 0.15 31264
moore 32e2 2 189 - 0.31 66.05 330516
nbpm 32e2 2 189 - 0.87 19.51 854752
greedy 32e2 2 189 - 0.66 20.74 1150164
dry 18e2 2 101 - 0.04 0.11 26052
aoDLAV 18e2 2 101 - 0.02 0.15 30372
aoULAV 18e2 2 101 - 0.02 0.16 30388
aoD2AG 18e2 2 101 - 0.02 0.17 30788
aoD2SG 18e2 2 101 - 0.03 0.15 30836
moore 18e2 2 101 - 0.07 14.15 125408
nbpm 18e2 2 101 - 0.21 7.68 334528
greedy 18e2 2 101 - 0.22 4.75 384352
dry 18e2 2 191 - 0.02 0.13 26048
aoDLAV 18e2 2 191 - 0.03 0.14 30372
aoULAV 18e2 2 191 - 0.03 0.15 30384
aoD2AG 18e2 2 191 - 0.03 0.15 30784
aoD2SG 18e2 2 191 - 0.02 0.15 30816
moore 18e2 2 191 - 0.07 6.39 125436
nbpm 18e2 2 191 - 0.18 7.54 334528
greedy 18e2 2 191 - 0.25 3.97 384352
dry 32e2 2 103 - 0.02 0.12 26116
aoDLAV 32e2 2 103 - 0.03 0.15 30540
aoULAV 32e2 2 103 - 0.03 0.14 30548
aoD2AG 32e2 2 103 - 0.02 0.16 31204
aoD2SG 32e2 2 103 - 0.03 0.15 31272
moore 32e2 2 103 - 0.28 67.51 330524
nbpm 32e2 2 103 - 0.80 20.22 854760
greedy 32e2 2 103 - 0.81 22.82 1150164
dry 56e2 2 225 - 0.02 0.13 26236
aoDLAV 56e2 2 225 - 0.03 0.16 30976
aoULAV 56e2 2 225 - 0.03 0.17 30988
aoD2AG 56e2 2 225 - 0.03 0.19 31976
aoD2SG 56e2 2 225 - 0.03 0.18 31128
moore 56e2 2 225 - 0.97 281.20 952724
nbpm 56e2 2 225 - 2.40 92.70 2388088
greedy 56e2 2 225 - 2.08 80.02 3460492
dry 3e7 2 50 - 0.36 1.03 616104
aoDLAV 3e7 2 50 - 2.52 188.48 4471428
aoULAV 3e7 2 50 - 3.31 174.30 4471428
aoD2AG 3e7 2 50 - 5.33 246.18 6570964
aoD2SG 3e7 2 50 - 6.17 297.42 6810644
dry 5e7 2 66 - 0.54 1.61 1006736
aoDLAV 5e7 2 66 - 4.52 291.09 7440196
aoULAV 5e7 2 66 - 5.53 307.43 7440192
aoD2AG 5e7 2 66 - 9.99 560.22 10937616
aoD2SG 5e7 2 66 - 10.49 522.27 11335444
dry 7e7 2 38 - 0.81 2.20 1397356
aoDLAV 7e7 2 38 - 5.78 437.53 10408940
aoULAV 7e7 2 38 - 7.53 446.93 10408940
aoD2AG 7e7 2 38 - 13.36 647.22 15306328
aoD2SG 7e7 2 38 - 14.64 770.28 15867340
dry 1e4 2 10 - 0.03 0.13 26436
aoDLAV 1e4 2 10 - 0.04 0.18 31864
aoULAV 1e4 2 10 - 0.03 0.19 31880
aoD2AG 1e4 2 10 - 0.03 0.19 31876
aoD2SG 1e4 2 10 - 0.03 0.20 31988
moore 1e4 2 10 - 1.17 964.79 2960580
nbpm 1e4 2 10 - 7.68 354.70 7889424
greedy 1e4 2 10 - 6.37 272.10 10968564
dry 7e7 2 59 - 0.88 2.21 1397360
aoDLAV 7e7 2 59 - 6.06 435.72 10408936
aoULAV 7e7 2 59 - 7.88 439.31 10408936
aoD2AG 7e7 2 59 - 13.55 656.26 15300104
aoD2SG 7e7 2 59 - 14.10 755.96 15858984
dry 25e2 2 32 - 0.02 0.12 26080
aoDLAV 25e2 2 32 - 0.03 0.15 30456
aoULAV 25e2 2 32 - 0.03 0.15 30464
aoD2AG 25e2 2 32 - 0.03 0.15 30992
aoD2SG 25e2 2 32 - 0.03 0.15 31036
moore 25e2 2 32 - 0.08 16.72 213628
nbpm 25e2 2 32 - 0.56 14.05 541636
greedy 25e2 2 32 - 0.42 10.32 713664
dry 1e4 2 166 - 0.03 0.12 26436
aoDLAV 1e4 2 166 - 0.03 0.17 31864
aoULAV 1e4 2 166 - 0.03 0.18 31880
aoD2AG 1e4 2 166 - 0.03 0.19 31876
aoD2SG 1e4 2 166 - 0.03 0.19 31988
moore 1e4 2 166 - 1.18 788.93 2960580
nbpm 1e4 2 166 - 7.55 348.64 7889424
greedy 1e4 2 166 - 6.30 282.11 10968568
dry 1e4 5 38 - 0.02 0.12 26900
aoDLAV 1e4 5 38 - 0.03 0.21 31084
aoULAV 1e4 5 38 - 0.02 0.22 31100
aoD2AG 1e4 5 38 - 0.03 0.23 32108
aoD2SG 1e4 5 38 - 0.03 0.24 32168
moore 1e4 5 38 - 1.17 1036.26 2961736
nbpm 1e4 5 38 - 7.90 623.26 7811452
greedy 1e4 5 38 - 6.49 295.81 10959176
dry 18e2 2 66 - 0.02 0.12 26048
aoDLAV 18e2 2 66 - 0.03 0.15 30372
aoULAV 18e2 2 66 - 0.02 0.15 30388
aoD2AG 18e2 2 66 - 0.02 0.16 30784
aoD2SG 18e2 2 66 - 0.02 0.15 30824
moore 18e2 2 66 - 0.06 12.83 125412
nbpm 18e2 2 66 - 0.17 7.66 334584
greedy 18e2 2 66 - 0.21 3.97 384356
dry 32e6 2 103 - 0.35 1.11 655176
aoDLAV 32e6 2 103 - 2.62 181.73 4768324
aoULAV 32e6 2 103 - 2.87 196.57 4768324
aoD2AG 32e6 2 103 - 6.25 348.20 7006424
aoD2SG 32e6 2 103 - 6.79 322.06 7262688
dry 4e7 2 216 - 0.49 1.35 811424
aoDLAV 4e7 2 216 - 3.54 233.96 5955816
aoULAV 4e7 2 216 - 4.46 241.00 5955816
aoD2AG 4e7 2 216 - 8.03 343.39 8755604
aoD2SG 4e7 2 216 - 8.19 512.07 9073764
dry 75e2 2 35 - 0.03 0.12 26328
aoDLAV 75e2 2 35 - 0.02 0.17 31376
aoULAV 75e2 2 35 - 0.03 0.16 31388
aoD2AG 75e2 2 35 - 0.03 0.17 31380
aoD2SG 75e2 2 35 - 0.03 0.18 31380
moore 75e2 2 35 - 1.73 587.26 1688776
nbpm 75e2 2 35 - 4.22 157.83 4242124
greedy 75e2 2 35 - 4.05 158.00 6183092
dry 32e2 2 78 - 0.03 0.11 26112
aoDLAV 32e2 2 78 - 0.03 0.14 30540
aoULAV 32e2 2 78 - 0.03 0.14 30548
aoD2AG 32e2 2 78 - 0.02 0.16 31204
aoD2SG 32e2 2 78 - 0.03 0.16 31244
moore 32e2 2 78 - 0.27 58.01 330512
nbpm 32e2 2 78 - 0.90 19.35 854756
greedy 32e2 2 78 - 0.71 19.42 1150164
dry 3e7 2 90 - 0.34 1.03 616104
aoDLAV 3e7 2 90 - 2.61 166.16 4471432
aoULAV 3e7 2 90 - 3.29 173.24 4471476
aoD2AG 3e7 2 90 - 5.95 244.88 6570924
aoD2SG 3e7 2 90 - 5.57 292.70 6809980
dry 18e6 2 202 - 0.22 0.71 381740
aoDLAV 18e6 2 202 - 1.45 96.04 2690196
aoULAV 18e6 2 202 - 1.95 99.41 2690192
aoD2AG 18e6 2 202 - 3.10 140.59 3951288
aoD2SG 18e6 2 202 - 3.87 171.37 4091512
dry 75e2 2 184 - 0.03 0.12 26328
aoDLAV 75e2 2 184 - 0.03 0.15 31376
aoULAV 75e2 2 184 - 0.03 0.15 31388
aoD2AG 75e2 2 184 - 0.03 0.18 31380
aoD2SG 75e2 2 184 - 0.03 0.18 31380
moore 75e2 2 184 - 1.21 491.28 1688756
nbpm 75e2 2 184 - 4.36 202.45 4242124
greedy 75e2 2 184 - 3.78 157.59 6183136
dry 1e4 10 49 - 0.03 0.12 27688
aoDLAV 1e4 10 49 - 0.03 0.66 32764
aoULAV 1e4 10 49 - 0.03 0.67 32776
aoD2AG 1e4 10 49 - 0.04 0.70 32744
aoD2SG 1e4 10 49 - 0.03 0.76 34176
moore 1e4 10 49 - 1.22 1035.02 2963856
nbpm 1e4 10 49 - 7.38 722.46 7764432
greedy 1e4 10 49 - 6.61 290.32 10961108
dry 50e2 2 18 - 0.02 0.12 26204
aoDLAV 50e2 2 18 - 0.03 0.15 30848
aoULAV 50e2 2 18 - 0.02 0.16 30860
aoD2AG 50e2 2 18 - 0.02 0.17 31804
aoD2SG 50e2 2 18 - 0.04 0.17 31888
moore 50e2 2 18 - 0.63 178.98 764628
nbpm 50e2 2 18 - 2.09 59.42 2011924
greedy 50e2 2 18 - 1.70 66.13 2764780
dry 75e2 2 200 - 0.03 0.12 26328
aoDLAV 75e2 2 200 - 0.03 0.16 31376
aoULAV 75e2 2 200 - 0.03 0.16 31388
aoD2AG 75e2 2 200 - 0.03 0.18 31380
aoD2SG 75e2 2 200 - 0.03 0.18 31380
moore 75e2 2 200 - 1.03 460.43 1688784
nbpm 75e2 2 200 - 4.39 161.91 4242124
greedy 75e2 2 200 - 3.86 150.80 6183096
dry 56e6 2 166 - 0.66 1.77 1123924
aoDLAV 56e6 2 166 - 4.74 332.38 8330816
aoULAV 56e6 2 166 - 6.29 378.00 8330820
aoD2AG 56e6 2 166 - 10.90 497.05 12246132
aoD2SG 56e6 2 166 - 12.15 630.98 12694480
dry 25e2 2 86 - 0.02 0.12 26080
aoDLAV 25e2 2 86 - 0.03 0.15 30452
aoULAV 25e2 2 86 - 0.03 0.15 30468
aoD2AG 25e2 2 86 - 0.03 0.15 30988
aoD2SG 25e2 2 86 - 0.02 0.16 31020
moore 25e2 2 86 - 0.08 19.41 213636
nbpm 25e2 2 86 - 0.56 12.54 541644
greedy 25e2 2 86 - 0.47 11.11 713668
dry 56e6 2 133 - 0.64 1.77 1123924
aoDLAV 56e6 2 133 - 4.73 331.22 8330816
aoULAV 56e6 2 133 - 6.52 367.17 8330816
aoD2AG 56e6 2 133 - 11.13 498.04 12246228
aoD2SG 56e6 2 133 - 12.23 596.39 12692292
dry 56e2 2 168 - 0.03 0.11 26240
aoDLAV 56e2 2 168 - 0.04 0.15 30980
aoULAV 56e2 2 168 - 0.03 0.15 30988
aoD2AG 56e2 2 168 - 0.03 0.17 31988
aoD2SG 56e2 2 168 - 0.03 0.18 31124
moore 56e2 2 168 - 0.64 211.37 952724
nbpm 56e2 2 168 - 2.37 73.12 2388088
greedy 56e2 2 168 - 2.06 76.74 3460492
dry 32e6 2 240 - 0.36 1.10 655176
aoDLAV 32e6 2 240 - 2.91 174.51 4768324
aoULAV 32e6 2 240 - 3.56 197.78 4768324
aoD2AG 32e6 2 240 - 6.45 273.62 7007000
aoD2SG 32e6 2 240 - 6.89 329.00 7262708
dry 1e4 10 201 - 0.02 0.13 27692
aoDLAV 1e4 10 201 - 0.03 0.69 32768
aoULAV 1e4 10 201 - 0.03 0.69 32776
aoD2AG 1e4 10 201 - 0.03 0.71 32748
aoD2SG 1e4 10 201 - 0.03 0.80 34224
moore 1e4 10 201 - 1.09 1083.03 2963856
nbpm 1e4 10 201 - 7.46 656.46 7764384
greedy 1e4 10 201 - 6.79 284.32 10961108
dry 18e2 2 220 - 0.02 0.12 26052
aoDLAV 18e2 2 220 - 0.03 0.14 30412
aoULAV 18e2 2 220 - 0.03 0.15 30384
aoD2AG 18e2 2 220 - 0.04 0.14 30784
aoD2SG 18e2 2 220 - 0.03 0.15 30820
moore 18e2 2 220 - 0.08 12.40 125408
nbpm 18e2 2 220 - 0.20 7.94 334528
greedy 18e2 2 220 - 0.27 3.97 384352
dry 18e6 2 110 - 0.23 0.72 381756
aoDLAV 18e6 2 110 - 1.68 98.61 2690192
aoULAV 18e6 2 110 - 1.43 103.47 2690196
aoD2AG 18e6 2 110 - 3.14 147.00 3950800
aoD2SG 18e6 2 110 - 3.74 172.89 4093224
dry 2e7 2 136 - 0.24 0.75 420796
aoDLAV 2e7 2 136 - 1.67 106.71 2987068
aoULAV 2e7 2 136 - 1.65 112.30 2987068
aoD2AG 2e7 2 136 - 3.28 154.80 4387916
aoD2SG 2e7 2 136 - 4.21 189.24 4547040
dry 5e7 2 183 - 0.57 1.59 1006736
aoDLAV 5e7 2 183 - 4.38 299.12 7440192
aoULAV 5e7 2 183 - 5.52 318.43 7440196
aoD2AG 5e7 2 183 - 9.76 439.59 10936088
aoD2SG 5e7 2 183 - 10.53 526.15 11336792
dry 75e2 2 220 - 0.03 0.12 26328
aoDLAV 75e2 2 220 - 0.03 0.15 31376
aoULAV 75e2 2 220 - 0.03 0.16 31392
aoD2AG 75e2 2 220 - 0.04 0.17 31384
aoD2SG 75e2 2 220 - 0.03 0.18 31380
moore 75e2 2 220 - 1.37 520.67 1688776
nbpm 75e2 2 220 - 4.16 214.62 4242128
greedy 75e2 2 220 - 3.88 151.51 6183088
dry 50e2 2 227 - 0.03 0.12 26204
aoDLAV 50e2 2 227 - 0.02 0.16 30848
aoULAV 50e2 2 227 - 0.03 0.15 30864
aoD2AG 50e2 2 227 - 0.03 0.16 31804
aoD2SG 50e2 2 227 - 0.03 0.17 31892
moore 50e2 2 227 - 0.59 176.47 764624
nbpm 50e2 2 227 - 2.08 56.03 2011916
greedy 50e2 2 227 - 1.66 67.84 2764780
dry 3e7 2 239 - 0.34 1.03 616104
aoDLAV 3e7 2 239 - 2.56 167.71 4471432
aoULAV 3e7 2 239 - 3.43 182.14 4471428
aoD2AG 3e7 2 239 - 5.21 249.67 6569472
aoD2SG 3e7 2 239 - 6.18 291.25 6810560
dry 18e6 2 55 - 0.24 0.69 381736
aoDLAV 18e6 2 55 - 1.60 93.35 2690192
aoULAV 18e6 2 55 - 1.59 97.45 2690196
aoD2AG 18e6 2 55 - 3.55 143.94 3952388
aoD2SG 18e6 2 55 - 3.31 169.20 4093288
dry 2e7 2 39 - 0.28 0.77 420796
aoDLAV 2e7 2 39 - 1.74 113.65 2987068
aoULAV 2e7 2 39 - 1.80 117.60 2987068
aoD2AG 2e7 2 39 - 4.11 166.27 4386828
aoD2SG 2e7 2 39 - 3.84 196.11 4547856
dry 18e6 2 232 - 0.22 0.69 381736
aoDLAV 18e6 2 232 - 1.52 98.38 2690196
aoULAV 18e6 2 232 - 1.56 100.62 2690196
aoD2AG 18e6 2 232 - 3.90 186.58 3950192
aoD2SG 18e6 2 232 - 3.59 173.37 4095224
dry 56e6 2 156 - 0.68 1.84 1123928
aoDLAV 56e6 2 156 - 4.64 332.72 8330816
aoULAV 56e6 2 156 - 6.26 358.21 8330816
aoD2AG 56e6 2 156 - 10.73 510.79 12248292
aoD2SG 56e6 2 156 - 11.80 598.59 12696944
dry 56e2 2 143 - 0.03 0.12 26240
aoDLAV 56e2 2 143 - 0.02 0.17 30976
aoULAV 56e2 2 143 - 0.03 0.16 30988
aoD2AG 56e2 2 143 - 0.02 0.18 31976
aoD2SG 56e2 2 143 - 0.03 0.18 31120
moore 56e2 2 143 - 0.49 188.59 952724
nbpm 56e2 2 143 - 2.48 73.50 2388092
greedy 56e2 2 143 - 2.01 75.52 3460492
dry 18e6 2 246 - 0.23 0.68 381736
aoDLAV 18e6 2 246 - 1.56 91.80 2690196
aoULAV 18e6 2 246 - 1.64 99.62 2690196
aoD2AG 18e6 2 246 - 3.53 138.83 3950912
aoD2SG 18e6 2 246 - 3.36 162.74 4095464
dry 7e7 2 95 - 0.79 2.12 1397356
aoDLAV 7e7 2 95 - 5.93 409.87 10408940
aoULAV 7e7 2 95 - 7.92 453.22 10408940
aoD2AG 7e7 2 95 - 13.61 645.02 15304356
aoD2SG 7e7 2 95 - 14.44 730.65 15862120
dry 18e6 2 97 - 0.25 0.67 381740
aoDLAV 18e6 2 97 - 1.62 92.68 2690192
aoULAV 18e6 2 97 - 1.65 98.23 2690192
aoD2AG 18e6 2 97 - 3.13 145.10 3949840
aoD2SG 18e6 2 97 - 3.82 168.29 4094660
dry 1e4 2 55 - 0.02 0.12 28372
aoDLAV 1e4 2 55 - 0.02 0.18 31864
aoULAV 1e4 2 55 - 0.03 0.17 31876
aoD2AG 1e4 2 55 - 0.03 0.18 31876
aoD2SG 1e4 2 55 - 0.04 0.17 31992
moore 1e4 2 55 - 1.15 1096.51 2960576
nbpm 1e4 2 55 - 7.76 367.95 7889428
greedy 1e4 2 55 - 6.79 299.95 10968568
dry 50e2 2 22 - 0.03 0.13 26208
aoDLAV 50e2 2 22 - 0.02 0.17 30852
aoULAV 50e2 2 22 - 0.03 0.16 30864
aoD2AG 50e2 2 22 - 0.02 0.16 31776
aoD2SG 50e2 2 22 - 0.02 0.18 31896
moore 50e2 2 22 - 0.56 182.30 764596
nbpm 50e2 2 22 - 1.91 55.69 2011916
greedy 50e2 2 22 - 1.80 67.02 2764780
dry 50e2 2 197 - 0.03 0.12 26204
aoDLAV 50e2 2 197 - 0.03 0.16 30852
aoULAV 50e2 2 197 - 0.03 0.16 30864
aoD2AG 50e2 2 197 - 0.03 0.16 31776
aoD2SG 50e2 2 197 - 0.04 0.17 31872
moore 50e2 2 197 - 0.35 100.80 762972
nbpm 50e2 2 197 - 1.97 56.97 2011916
greedy 50e2 2 197 - 1.66 62.02 2764784
dry 1e4 2 120 - 0.03 0.12 26432
aoDLAV 1e4 2 120 - 0.01 0.19 31864
aoULAV 1e4 2 120 - 0.02 0.18 31876
aoD2AG 1e4 2 120 - 0.03 0.19 31880
aoD2SG 1e4 2 120 - 0.04 0.19 31992
moore 1e4 2 120 - 1.22 1105.07 2960580
nbpm 1e4 2 120 - 7.52 358.36 7889424
greedy 1e4 2 120 - 6.81 272.31 10968568
dry 50e2 2 212 - 0.02 0.12 26204
aoDLAV 50e2 2 212 - 0.04 0.15 30848
aoULAV 50e2 2 212 - 0.03 0.15 30860
aoD2AG 50e2 2 212 - 0.04 0.15 31776
aoD2SG 50e2 2 212 - 0.04 0.16 31884
moore 50e2 2 212 - 0.76 201.83 764624
nbpm 50e2 2 212 - 2.00 54.58 2011916
greedy 50e2 2 212 - 1.72 63.03 2764780
dry 1e4 5 123 - 0.03 0.13 28920
aoDLAV 1e4 5 123 - 0.03 0.23 31088
aoULAV 1e4 5 123 - 0.04 0.22 31096
aoD2AG 1e4 5 123 - 0.03 0.24 32108
aoD2SG 1e4 5 123 - 0.03 0.24 32108
moore 1e4 5 123 - 1.18 1054.37 2961736
nbpm 1e4 5 123 - 7.84 655.65 7811460
greedy 1e4 5 123 - 6.10 261.50 10959172
