dry 7e7 2 225 - 0.72 2.16 1397356
aoDLAV 7e7 2 225 - 5.31 426.67 10408936
aoULAV 7e7 2 225 - 7.42 460.77 10408940
aoD2AG 7e7 2 225 - 13.34 639.62 15301424
aoD2SG 7e7 2 225 - 14.07 767.67 15859052
dry 2e7 2 215 - 0.24 0.75 420800
aoDLAV 2e7 2 215 - 1.71 108.68 2987072
aoULAV 2e7 2 215 - 1.88 113.94 2987068
aoD2AG 2e7 2 215 - 3.98 167.18 4385484
aoD2SG 2e7 2 215 - 3.69 191.26 4547756
dry 56e6 2 49 - 0.68 1.78 1123924
aoDLAV 56e6 2 49 - 4.80 342.64 8330816
aoULAV 56e6 2 49 - 6.29 374.09 8330820
aoD2AG 56e6 2 49 - 11.06 517.64 12244848
aoD2SG 56e6 2 49 - 11.79 576.67 12693116
dry 1e4 2 233 - 0.03 0.12 26436
aoDLAV 1e4 2 233 - 0.03 0.18 31864
aoULAV 1e4 2 233 - 0.03 0.19 31876
aoD2AG 1e4 2 233 - 0.04 0.20 31876
aoD2SG 1e4 2 233 - 0.04 0.20 31988
moore 1e4 2 233 - 1.14 1269.12 2960572
nbpm 1e4 2 233 - 7.49 342.24 7889416
greedy 1e4 2 233 - 6.24 272.57 10968568
dry 1e4 5 216 - 0.03 0.12 26900
aoDLAV 1e4 5 216 - 0.03 0.21 31084
aoULAV 1e4 5 216 - 0.03 0.22 31096
aoD2AG 1e4 5 216 - 0.03 0.22 32108
aoD2SG 1e4 5 216 - 0.03 0.24 32108
moore 1e4 5 216 - 1.23 949.41 2961736
nbpm 1e4 5 216 - 7.62 589.69 7811456
greedy 1e4 5 216 - 6.79 293.01 10959172
dry 18e2 2 190 - 0.02 0.12 26048
aoDLAV 18e2 2 190 - 0.02 0.15 30376
aoULAV 18e2 2 190 - 0.03 0.14 30384
aoD2AG 18e2 2 190 - 0.02 0.15 30788
aoD2SG 18e2 2 190 - 0.03 0.15 30824
moore 18e2 2 190 - 0.08 10.93 125408
nbpm 18e2 2 190 - 0.20 7.54 334528
greedy 18e2 2 190 - 0.24 4.46 384356
dry 32e2 2 218 - 0.02 0.12 26116
aoDLAV 32e2 2 218 - 0.02 0.15 30540
aoULAV 32e2 2 218 - 0.02 0.15 30548
aoD2AG 32e2 2 218 - 0.03 0.14 31216
aoD2SG 32e2 2 218 - 0.02 0.16 31284
moore 32e2 2 218 - 0.22 53.63 330512
nbpm 32e2 2 218 - 0.89 20.18 854776
greedy 32e2 2 218 - 0.61 20.63 1150164
dry 50e2 2 230 - 0.02 0.11 26204
aoDLAV 50e2 2 230 - 0.03 0.15 30852
aoULAV 50e2 2 230 - 0.03 0.15 30864
aoD2AG 50e2 2 230 - 0.02 0.16 31776
aoD2SG 50e2 2 230 - 0.02 0.17 31860
moore 50e2 2 230 - 0.33 122.66 762972
nbpm 50e2 2 230 - 1.93 54.63 2011912
greedy 50e2 2 230 - 1.83 62.62 2764780
dry 18e2 2 51 - 0.03 0.11 26052
aoDLAV 18e2 2 51 - 0.02 0.15 30372
aoULAV 18e2 2 51 - 0.02 0.15 30388
aoD2AG 18e2 2 51 - 0.03 0.14 30784
aoD2SG 18e2 2 51 - 0.03 0.15 30820
moore 18e2 2 51 - 0.06 9.65 125436
nbpm 18e2 2 51 - 0.15 7.44 334528
greedy 18e2 2 51 - 0.23 3.77 384352
dry 32e6 2 58 - 0.35 1.09 655176
aoDLAV 32e6 2 58 - 2.66 184.36 4768324
aoULAV 32e6 2 58 - 3.52 197.89 4768324
aoD2AG 32e6 2 58 - 5.78 319.03 7006584
aoD2SG 32e6 2 58 - 6.88 365.04 7261244
dry 2e7 2 198 - 0.25 0.74 420796
aoDLAV 2e7 2 198 - 1.65 113.32 2987072
aoULAV 2e7 2 198 - 1.73 113.94 2987068
aoD2AG 2e7 2 198 - 3.88 163.13 4387872
aoD2SG 2e7 2 198 - 3.48 191.94 4548636
dry 1e4 5 15 - 0.02 0.12 26900
aoDLAV 1e4 5 15 - 0.03 0.21 31088
aoULAV 1e4 5 15 - 0.03 0.21 31100
aoD2AG 1e4 5 15 - 0.04 0.22 32108
aoD2SG 1e4 5 15 - 0.03 0.25 32112
moore 1e4 5 15 - 1.14 1086.65 2961732
nbpm 1e4 5 15 - 7.49 609.76 7811452
greedy 1e4 5 15 - 7.00 304.89 10959176
dry 5e7 2 57 - 0.57 1.62 1006736
aoDLAV 5e7 2 57 - 4.36 303.29 7440192
aoULAV 5e7 2 57 - 5.58 408.06 7440192
aoD2AG 5e7 2 57 - 9.73 432.69 10936476
aoD2SG 5e7 2 57 - 10.70 530.88 11332872
dry 25e2 2 47 - 0.03 0.11 26080
aoDLAV 25e2 2 47 - 0.03 0.15 30456
aoULAV 25e2 2 47 - 0.03 0.16 30464
aoD2AG 25e2 2 47 - 0.02 0.16 30980
aoD2SG 25e2 2 47 - 0.03 0.16 31020
moore 25e2 2 47 - 0.11 16.83 213636
nbpm 25e2 2 47 - 0.64 12.64 541644
greedy 25e2 2 47 - 0.48 9.69 713664
dry 56e6 2 18 - 0.66 1.81 1123928
aoDLAV 56e6 2 18 - 4.80 386.39 8330816
aoULAV 56e6 2 18 - 6.00 355.10 8330820
aoD2AG 56e6 2 18 - 11.31 496.51 12247580
aoD2SG 56e6 2 18 - 12.20 604.88 12694520
dry 32e6 2 43 - 0.40 1.11 655176
aoDLAV 32e6 2 43 - 2.81 185.07 4768324
aoULAV 32e6 2 43 - 2.90 193.66 4768324
aoD2AG 32e6 2 43 - 6.31 275.22 7004664
aoD2SG 32e6 2 43 - 6.79 311.89 7263504
dry 1e4 10 8 - 0.03 0.12 27692
aoDLAV 1e4 10 8 - 0.04 0.70 32764
aoULAV 1e4 10 8 - 0.03 0.68 32780
aoD2AG 1e4 10 8 - 0.04 0.70 32744
aoD2SG 1e4 10 8 - 0.02 0.80 34176
moore 1e4 10 8 - 1.09 1186.77 2963856
nbpm 1e4 10 8 - 7.54 702.25 7764384
greedy 1e4 10 8 - 6.49 267.79 10961108
dry 18e6 2 133 - 0.24 0.67 381736
aoDLAV 18e6 2 133 - 1.51 94.68 2690196
aoULAV 18e6 2 133 - 2.09 104.48 2690192
aoD2AG 18e6 2 133 - 3.01 142.93 3949264
aoD2SG 18e6 2 133 - 3.49 165.43 4095072
dry 2e7 2 72 - 0.25 0.75 420856
aoDLAV 2e7 2 72 - 1.73 108.54 2987068
aoULAV 2e7 2 72 - 1.75 115.89 2987068
aoD2AG 2e7 2 72 - 4.00 208.62 4387380
aoD2SG 2e7 2 72 - 3.97 185.36 4547084
dry 1e4 10 186 - 0.03 0.11 27688
aoDLAV 1e4 10 186 - 0.04 0.66 32764
aoULAV 1e4 10 186 - 0.03 0.67 32776
aoD2AG 1e4 10 186 - 0.03 0.70 32744
aoD2SG 1e4 10 186 - 0.03 0.76 34176
moore 1e4 10 186 - 1.13 1086.07 2963896
nbpm 1e4 10 186 - 7.54 976.02 7764384
greedy 1e4 10 186 - 7.08 275.15 10961108
dry 7e7 2 73 - 0.87 2.19 1397356
aoDLAV 7e7 2 73 - 5.98 406.26 10408940
aoULAV 7e7 2 73 - 7.54 426.34 10408936
aoD2AG 7e7 2 73 - 13.35 637.45 15303096
aoD2SG 7e7 2 73 - 14.45 754.81 15860420
dry 56e6 2 67 - 0.63 1.78 1123928
aoDLAV 56e6 2 67 - 4.64 328.63 8330820
aoULAV 56e6 2 67 - 5.94 347.92 8330820
aoD2AG 56e6 2 67 - 11.47 494.40 12248336
aoD2SG 56e6 2 67 - 11.79 597.98 12695932
dry 7e7 2 76 - 0.90 2.21 1397356
aoDLAV 7e7 2 76 - 5.71 427.77 10408952
aoULAV 7e7 2 76 - 7.56 453.57 10408936
aoD2AG 7e7 2 76 - 13.57 656.58 15307112
aoD2SG 7e7 2 76 - 14.78 764.70 15862900
dry 32e2 2 137 - 0.03 0.12 26112
aoDLAV 32e2 2 137 - 0.03 0.16 30540
aoULAV 32e2 2 137 - 0.03 0.15 30548
aoD2AG 32e2 2 137 - 0.04 0.15 31208
aoD2SG 32e2 2 137 - 0.03 0.15 31252
moore 32e2 2 137 - 0.34 82.66 330520
nbpm 32e2 2 137 - 0.89 20.66 854764
greedy 32e2 2 137 - 0.71 22.13 1150168
dry 5e7 2 75 - 0.54 1.62 1006736
aoDLAV 5e7 2 75 - 4.14 294.30 7440192
aoULAV 5e7 2 75 - 5.37 321.95 7440196
aoD2AG 5e7 2 75 - 9.68 441.33 10938116
aoD2SG 5e7 2 75 - 10.56 518.25 11334664
dry 2e7 2 49 - 0.28 0.76 420796
aoDLAV 2e7 2 49 - 1.74 107.14 2987068
aoULAV 2e7 2 49 - 1.65 114.42 2987068
aoD2AG 2e7 2 49 - 3.42 163.07 4388316
aoD2SG 2e7 2 49 - 4.16 190.26 4547416
dry 18e6 2 96 - 0.26 0.67 381740
aoDLAV 18e6 2 96 - 1.59 93.88 2690192
aoULAV 18e6 2 96 - 1.57 97.98 2690192
aoD2AG 18e6 2 96 - 3.12 143.63 3951272
aoD2SG 18e6 2 96 - 3.61 166.85 4093636
dry 56e6 2 14 - 0.60 1.80 1123924
aoDLAV 56e6 2 14 - 4.78 347.20 8330820
aoULAV 56e6 2 14 - 6.26 360.88 8330816
aoD2AG 56e6 2 14 - 11.20 502.05 12247180
aoD2SG 56e6 2 14 - 12.03 571.86 12691392
dry 7e7 2 173 - 0.87 2.19 1397360
aoDLAV 7e7 2 173 - 5.95 418.57 10408936
aoULAV 7e7 2 173 - 7.60 445.94 10408964
aoD2AG 7e7 2 173 - 13.94 660.54 15304044
aoD2SG 7e7 2 173 - 15.04 935.87 15860164
dry 2e7 2 220 - 0.25 0.77 420796
aoDLAV 2e7 2 220 - 1.82 110.24 2987068
aoULAV 2e7 2 220 - 1.78 112.04 2987068
aoD2AG 2e7 2 220 - 4.16 158.33 4389684
aoD2SG 2e7 2 220 - 3.85 190.29 4549400
dry 3e7 2 23 - 0.36 1.03 616108
aoDLAV 3e7 2 23 - 2.49 166.65 4471432
aoULAV 3e7 2 23 - 2.49 173.03 4471428
aoD2AG 3e7 2 23 - 6.09 247.07 6569308
aoD2SG 3e7 2 23 - 6.29 292.10 6808420
dry 32e6 2 203 - 0.39 1.09 655176
aoDLAV 32e6 2 203 - 2.82 184.81 4768324
aoULAV 32e6 2 203 - 2.73 192.22 4768360
aoD2AG 32e6 2 203 - 6.29 276.36 7006788
aoD2SG 32e6 2 203 - 6.74 326.89 7263556
dry 5e7 2 83 - 0.57 1.63 1006736
aoDLAV 5e7 2 83 - 4.39 305.24 7440192
aoULAV 5e7 2 83 - 5.83 396.27 7440192
aoD2AG 5e7 2 83 - 10.15 440.39 10937760
aoD2SG 5e7 2 83 - 10.54 522.66 11337652
dry 18e6 2 201 - 0.24 0.70 381736
aoDLAV 18e6 2 201 - 1.51 96.64 2690196
aoULAV 18e6 2 201 - 1.65 107.16 2690192
aoD2AG 18e6 2 201 - 3.68 147.14 3951744
aoD2SG 18e6 2 201 - 3.52 173.88 4095120
dry 1e4 5 87 - 0.03 0.13 26900
aoDLAV 1e4 5 87 - 0.05 0.21 31084
aoULAV 1e4 5 87 - 0.04 0.22 31096
aoD2AG 1e4 5 87 - 0.03 0.23 32108
aoD2SG 1e4 5 87 - 0.04 0.23 32108
moore 1e4 5 87 - 1.31 921.42 2961736
nbpm 1e4 5 87 - 7.37 598.62 7811448
greedy 1e4 5 87 - 6.70 292.99 10959176
dry 75e2 2 158 - 0.03 0.12 26328
aoDLAV 75e2 2 158 - 0.03 0.16 31428
aoULAV 75e2 2 158 - 0.04 0.15 31392
aoD2AG 75e2 2 158 - 0.03 0.18 31384
aoD2SG 75e2 2 158 - 0.02 0.19 31380
moore 75e2 2 158 - 1.08 461.33 1688784
nbpm 75e2 2 158 - 4.11 156.91 4242124
greedy 75e2 2 158 - 3.77 189.40 6183096
dry 1e4 2 80 - 0.03 0.12 26436
aoDLAV 1e4 2 80 - 0.03 0.17 31864
aoULAV 1e4 2 80 - 0.02 0.19 31876
aoD2AG 1e4 2 80 - 0.03 0.18 31876
aoD2SG 1e4 2 80 - 0.02 0.19 31992
moore 1e4 2 80 - 1.24 998.08 2960628
nbpm 1e4 2 80 - 7.56 348.21 7889416
greedy 1e4 2 80 - 6.67 276.29 10968568
dry 5e7 2 16 - 0.58 1.64 1006740
aoDLAV 5e7 2 16 - 4.25 307.56 7440192
aoULAV 5e7 2 16 - 5.61 367.15 7440192
aoD2AG 5e7 2 16 - 10.25 553.20 10938328
aoD2SG 5e7 2 16 - 10.57 532.56 11333904
dry 56e2 2 23 - 0.02 0.13 26240
aoDLAV 56e2 2 23 - 0.05 0.14 30976
aoULAV 56e2 2 23 - 0.03 0.16 30988
aoD2AG 56e2 2 23 - 0.04 0.18 31988
aoD2SG 56e2 2 23 - 0.04 0.18 31124
moore 56e2 2 23 - 0.50 183.48 952716
nbpm 56e2 2 23 - 2.47 75.74 2388080
greedy 56e2 2 23 - 2.21 80.81 3460488
dry 4e7 2 99 - 0.52 1.34 811424
aoDLAV 4e7 2 99 - 3.44 232.31 5955816
aoULAV 4e7 2 99 - 4.38 249.31 5955820
aoD2AG 4e7 2 99 - 8.15 352.21 8753788
aoD2SG 4e7 2 99 - 8.55 404.58 9071036
dry 18e6 2 170 - 0.58 0.69 381740
aoDLAV 18e6 2 170 - 1.68 94.91 2690196
aoULAV 18e6 2 170 - 1.57 99.39 2690196
aoD2AG 18e6 2 170 - 3.12 147.28 3949920
aoD2SG 18e6 2 170 - 3.60 168.92 4095052
dry 75e2 2 214 - 0.02 0.12 26328
aoDLAV 75e2 2 214 - 0.03 0.16 31376
aoULAV 75e2 2 214 - 0.03 0.15 31388
aoD2AG 75e2 2 214 - 0.02 0.18 31380
aoD2SG 75e2 2 214 - 0.03 0.18 31380
moore 75e2 2 214 - 1.58 551.10 1688788
nbpm 75e2 2 214 - 4.49 162.74 4242120
greedy 75e2 2 214 - 3.80 156.27 6183088
dry 56e6 2 99 - 0.69 1.74 1123928
aoDLAV 56e6 2 99 - 4.92 333.80 8330816
aoULAV 56e6 2 99 - 6.42 366.39 8330816
aoD2AG 56e6 2 99 - 10.96 511.01 12249588
aoD2SG 56e6 2 99 - 11.46 600.09 12692324
dry 2e7 2 41 - 0.25 0.76 420800
aoDLAV 2e7 2 41 - 1.85 112.33 2987068
aoULAV 2e7 2 41 - 2.32 120.28 2987072
aoD2AG 2e7 2 41 - 3.61 162.49 4386592
aoD2SG 2e7 2 41 - 4.29 187.26 4544196
dry 32e2 2 3 - 0.03 0.11 26116
aoDLAV 32e2 2 3 - 0.03 0.16 30540
aoULAV 32e2 2 3 - 0.04 0.15 30548
aoD2AG 32e2 2 3 - 0.03 0.15 31212
aoD2SG 32e2 2 3 - 0.02 0.16 31264
moore 32e2 2 3 - 0.21 54.58 330512
nbpm 32e2 2 3 - 0.87 20.35 854752
greedy 32e2 2 3 - 0.70 21.21 1150168
dry 32e2 2 19 - 0.03 0.12 26116
aoDLAV 32e2 2 19 - 0.03 0.15 30540
aoULAV 32e2 2 19 - 0.03 0.15 30552
aoD2AG 32e2 2 19 - 0.04 0.14 31216
aoD2SG 32e2 2 19 - 0.04 0.15 31284
moore 32e2 2 19 - 0.16 40.28 330516
nbpm 32e2 2 19 - 0.90 21.49 854752
greedy 32e2 2 19 - 0.61 20.91 1150164
dry 18e6 2 166 - 0.21 0.73 381736
aoDLAV 18e6 2 166 - 1.51 98.98 2690192
aoULAV 18e6 2 166 - 1.68 107.16 2690192
aoD2AG 18e6 2 166 - 3.51 143.54 3951488
aoD2SG 18e6 2 166 - 3.49 165.22 4095640
dry 5e7 2 194 - 0.58 1.59 1006736
aoDLAV 5e7 2 194 - 4.24 283.55 7440196
aoULAV 5e7 2 194 - 5.49 359.51 7440192
aoD2AG 5e7 2 194 - 9.55 455.96 10938520
aoD2SG 5e7 2 194 - 10.29 536.57 11338100
dry 32e2 2 46 - 0.03 0.11 26116
aoDLAV 32e2 2 46 - 0.03 0.15 30540
aoULAV 32e2 2 46 - 0.02 0.16 30552
aoD2AG 32e2 2 46 - 0.02 0.16 31204
aoD2SG 32e2 2 46 - 0.02 0.16 31256
moore 32e2 2 46 - 0.18 28.29 330512
nbpm 32e2 2 46 - 0.94 19.88 854756
greedy 32e2 2 46 - 0.74 21.38 1150164
dry 2e7 2 11 - 0.25 0.75 420796
aoDLAV 2e7 2 11 - 1.71 116.06 2987068
aoULAV 2e7 2 11 - 1.73 121.50 2987068
aoD2AG 2e7 2 11 - 4.11 166.10 4387248
aoD2SG 2e7 2 11 - 3.83 191.11 4547100
dry 6e7 2 180 - 0.75 1.95 1202044
aoDLAV 6e7 2 180 - 5.29 364.34 8924560
aoULAV 6e7 2 180 - 6.14 374.19 8924560
aoD2AG 6e7 2 180 - 11.15 537.64 13118536
aoD2SG 6e7 2 180 - 12.29 623.12 13598944
dry 7e7 2 210 - 0.79 2.22 1397356
aoDLAV 7e7 2 210 - 5.85 431.12 10408936
aoULAV 7e7 2 210 - 7.51 455.40 10408940
aoD2AG 7e7 2 210 - 13.58 638.30 15303128
aoD2SG 7e7 2 210 - 14.21 754.72 15862364
dry 2e7 2 238 - 0.24 0.76 420796
aoDLAV 2e7 2 238 - 1.75 112.74 2987072
aoULAV 2e7 2 238 - 2.33 116.97 2987072
aoD2AG 2e7 2 238 - 3.56 161.29 4388000
aoD2SG 2e7 2 238 - 3.87 191.65 4544068
dry 18e2 2 78 - 0.02 0.13 26048
aoDLAV 18e2 2 78 - 0.03 0.14 30376
aoULAV 18e2 2 78 - 0.03 0.15 30384
aoD2AG 18e2 2 78 - 0.02 0.16 30792
aoD2SG 18e2 2 78 - 0.03 0.16 30832
moore 18e2 2 78 - 0.07 6.70 125448
nbpm 18e2 2 78 - 0.22 7.87 334536
greedy 18e2 2 78 - 0.26 4.48 384352
dry 25e2 2 109 - 0.03 0.12 26084
aoDLAV 25e2 2 109 - 0.02 0.16 30456
aoULAV 25e2 2 109 - 0.03 0.16 30464
aoD2AG 25e2 2 109 - 0.03 0.15 30976
aoD2SG 25e2 2 109 - 0.03 0.16 31012
moore 25e2 2 109 - 0.11 38.37 213604
nbpm 25e2 2 109 - 0.56 12.29 541644
greedy 25e2 2 109 - 0.46 10.63 713664
dry 32e6 2 175 - 0.37 1.11 655176
aoDLAV 32e6 2 175 - 2.75 180.13 4768324
aoULAV 32e6 2 175 - 3.72 193.99 4768324
aoD2AG 32e6 2 175 - 6.52 270.21 7007776
aoD2SG 32e6 2 175 - 6.87 293.92 7259964
