dry 1e4 5 227 - 0.02 0.12 26904
aoDLAV 1e4 5 227 - 0.01 0.22 31084
aoULAV 1e4 5 227 - 0.03 0.20 31100
aoD2AG 1e4 5 227 - 0.02 0.22 32108
aoD2SG 1e4 5 227 - 0.03 0.23 32108
moore 1e4 5 227 - 1.11 1065.44 2961736
nbpm 1e4 5 227 - 7.57 588.20 7811456
greedy 1e4 5 227 - 6.54 299.68 10959172
dry 50e2 2 181 - 0.03 0.12 26204
aoDLAV 50e2 2 181 - 0.03 0.16 30848
aoULAV 50e2 2 181 - 0.03 0.15 30864
aoD2AG 50e2 2 181 - 0.04 0.15 31776
aoD2SG 50e2 2 181 - 0.04 0.18 31888
moore 50e2 2 181 - 0.34 106.96 762972
nbpm 50e2 2 181 - 2.01 56.06 2011912
greedy 50e2 2 181 - 1.62 61.77 2764828
dry 6e7 2 78 - 0.63 1.89 1202044
aoDLAV 6e7 2 78 - 5.13 355.99 8924564
aoULAV 6e7 2 78 - 6.35 379.42 8924560
aoD2AG 6e7 2 78 - 11.67 544.20 13118752
aoD2SG 6e7 2 78 - 12.46 636.30 13598916
dry 18e6 2 80 - 0.22 0.69 381736
aoDLAV 18e6 2 80 - 1.61 100.09 2690192
aoULAV 18e6 2 80 - 1.57 101.68 2690192
aoD2AG 18e6 2 80 - 3.51 141.77 3950624
aoD2SG 18e6 2 80 - 3.36 165.39 4094428
dry 3e7 2 176 - 0.34 1.03 616104
aoDLAV 3e7 2 176 - 2.51 170.35 4471428
aoULAV 3e7 2 176 - 2.67 183.29 4471428
aoD2AG 3e7 2 176 - 6.07 254.49 6571632
aoD2SG 3e7 2 176 - 6.56 289.92 6809796
dry 1e4 2 226 - 0.03 0.11 26436
aoDLAV 1e4 2 226 - 0.03 0.17 31868
aoULAV 1e4 2 226 - 0.04 0.16 31876
aoD2AG 1e4 2 226 - 0.03 0.18 31876
aoD2SG 1e4 2 226 - 0.03 0.19 31988
moore 1e4 2 226 - 1.15 1258.86 2960580
nbpm 1e4 2 226 - 7.64 372.40 7889424
greedy 1e4 2 226 - 6.44 265.72 10968572
dry 75e2 2 23 - 0.02 0.12 26328
aoDLAV 75e2 2 23 - 0.03 0.16 31376
aoULAV 75e2 2 23 - 0.03 0.15 31388
aoD2AG 75e2 2 23 - 0.03 0.17 31380
aoD2SG 75e2 2 23 - 0.03 0.18 31380
moore 75e2 2 23 - 1.44 522.19 1688788
nbpm 75e2 2 23 - 4.06 170.38 4242124
greedy 75e2 2 23 - 4.00 154.73 6183092
dry 56e6 2 20 - 0.64 1.77 1123928
aoDLAV 56e6 2 20 - 4.68 331.99 8330816
aoULAV 56e6 2 20 - 6.24 422.37 8330816
aoD2AG 56e6 2 20 - 11.24 503.94 12245584
aoD2SG 56e6 2 20 - 11.62 590.68 12692504
dry 7e7 2 132 - 0.82 2.21 1397360
aoDLAV 7e7 2 132 - 5.85 432.35 10408936
aoULAV 7e7 2 132 - 7.62 443.50 10408936
aoD2AG 7e7 2 132 - 14.10 753.09 15305744
aoD2SG 7e7 2 132 - 14.97 870.66 15862408
dry 25e2 2 131 - 0.02 0.12 26080
aoDLAV 25e2 2 131 - 0.03 0.15 30452
aoULAV 25e2 2 131 - 0.02 0.16 30464
aoD2AG 25e2 2 131 - 0.03 0.15 30980
aoD2SG 25e2 2 131 - 0.03 0.15 31024
moore 25e2 2 131 - 0.09 22.68 213636
nbpm 25e2 2 131 - 0.51 12.68 541644
greedy 25e2 2 131 - 0.41 10.83 713668
dry 1e4 5 13 - 0.03 0.12 28548
aoDLAV 1e4 5 13 - 0.03 0.22 31084
aoULAV 1e4 5 13 - 0.03 0.23 31096
aoD2AG 1e4 5 13 - 0.03 0.23 32108
aoD2SG 1e4 5 13 - 0.03 0.23 32108
moore 1e4 5 13 - 1.24 809.06 2961792
nbpm 1e4 5 13 - 7.49 591.83 7811452
greedy 1e4 5 13 - 6.25 290.25 10959172
dry 32e6 2 222 - 0.42 1.10 655176
aoDLAV 32e6 2 222 - 2.73 179.12 4768324
aoULAV 32e6 2 222 - 3.64 184.54 4768328
aoD2AG 32e6 2 222 - 5.54 273.86 7008104
aoD2SG 32e6 2 222 - 6.84 310.52 7263384
dry 3e7 2 69 - 0.40 1.03 616104
aoDLAV 3e7 2 69 - 2.59 165.93 4471432
aoULAV 3e7 2 69 - 3.41 183.03 4471428
aoD2AG 3e7 2 69 - 5.39 256.12 6571208
aoD2SG 3e7 2 69 - 6.05 293.05 6811944
dry 50e2 2 51 - 0.02 0.13 26204
aoDLAV 50e2 2 51 - 0.02 0.16 30892
aoULAV 50e2 2 51 - 0.03 0.15 30864
aoD2AG 50e2 2 51 - 0.03 0.16 31792
aoD2SG 50e2 2 51 - 0.03 0.18 31888
moore 50e2 2 51 - 0.87 245.31 764600
nbpm 50e2 2 51 - 1.99 64.84 2011924
greedy 50e2 2 51 - 1.84 65.25 2764780
dry 5e7 2 95 - 0.65 1.57 1006736
aoDLAV 5e7 2 95 - 4.32 294.00 7440196
aoULAV 5e7 2 95 - 5.47 310.91 7440196
aoD2AG 5e7 2 95 - 10.32 444.65 10937300
aoD2SG 5e7 2 95 - 10.52 518.73 11335260
dry 75e2 2 126 - 0.03 0.12 26328
aoDLAV 75e2 2 126 - 0.03 0.16 31376
aoULAV 75e2 2 126 - 0.03 0.16 31392
aoD2AG 75e2 2 126 - 0.03 0.19 31384
aoD2SG 75e2 2 126 - 0.04 0.18 31380
moore 75e2 2 126 - 1.46 532.32 1688784
nbpm 75e2 2 126 - 4.28 154.40 4242124
greedy 75e2 2 126 - 3.63 151.97 6183092
dry 1e4 10 120 - 0.03 0.12 27688
aoDLAV 1e4 10 120 - 0.03 0.68 32764
aoULAV 1e4 10 120 - 0.03 0.67 32776
aoD2AG 1e4 10 120 - 0.03 0.70 32748
aoD2SG 1e4 10 120 - 0.04 0.82 34176
moore 1e4 10 120 - 1.13 1011.59 2963852
nbpm 1e4 10 120 - 7.42 767.55 7764392
greedy 1e4 10 120 - 6.26 275.23 10961108
dry 18e6 2 240 - 0.24 0.69 381736
aoDLAV 18e6 2 240 - 1.55 95.87 2690196
aoULAV 18e6 2 240 - 1.58 100.43 2690192
aoD2AG 18e6 2 240 - 3.15 144.59 3949816
aoD2SG 18e6 2 240 - 3.89 176.42 4094324
dry 32e2 2 131 - 0.02 0.12 26112
aoDLAV 32e2 2 131 - 0.03 0.14 30540
aoULAV 32e2 2 131 - 0.03 0.14 30556
aoD2AG 32e2 2 131 - 0.04 0.14 31192
aoD2SG 32e2 2 131 - 0.03 0.15 31260
moore 32e2 2 131 - 0.17 48.11 330516
nbpm 32e2 2 131 - 0.87 18.76 854756
greedy 32e2 2 131 - 0.77 21.23 1150168
dry 32e6 2 173 - 0.37 1.11 655176
aoDLAV 32e6 2 173 - 2.92 212.78 4768324
aoULAV 32e6 2 173 - 3.44 187.81 4768324
aoD2AG 32e6 2 173 - 5.67 267.16 7007928
aoD2SG 32e6 2 173 - 6.72 304.49 7263212
dry 1e4 10 92 - 0.02 0.13 27688
aoDLAV 1e4 10 92 - 0.04 0.66 32764
aoULAV 1e4 10 92 - 0.03 0.67 32780
aoD2AG 1e4 10 92 - 0.03 0.69 32744
aoD2SG 1e4 10 92 - 0.04 0.76 34180
moore 1e4 10 92 - 1.38 1073.60 2963856
nbpm 1e4 10 92 - 7.48 701.99 7764384
greedy 1e4 10 92 - 6.47 271.54 10961108
dry 32e2 2 112 - 0.02 0.13 26112
aoDLAV 32e2 2 112 - 0.03 0.14 30564
aoULAV 32e2 2 112 - 0.02 0.15 30548
aoD2AG 32e2 2 112 - 0.03 0.15 31208
aoD2SG 32e2 2 112 - 0.03 0.16 31272
moore 32e2 2 112 - 0.38 92.27 330512
nbpm 32e2 2 112 - 0.97 19.98 854752
greedy 32e2 2 112 - 0.74 24.03 1150164
dry 6e7 2 134 - 0.77 1.95 1202044
aoDLAV 6e7 2 134 - 5.13 364.92 8924564
aoULAV 6e7 2 134 - 6.59 382.09 8924560
aoD2AG 6e7 2 134 - 11.50 629.06 13119416
aoD2SG 6e7 2 134 - 12.83 827.40 13599120
dry 56e2 2 115 - 0.02 0.12 26236
aoDLAV 56e2 2 115 - 0.03 0.16 30980
aoULAV 56e2 2 115 - 0.03 0.15 30988
aoD2AG 56e2 2 115 - 0.03 0.19 32000
aoD2SG 56e2 2 115 - 0.02 0.19 31124
moore 56e2 2 115 - 0.42 154.27 949988
nbpm 56e2 2 115 - 2.43 96.85 2388092
greedy 56e2 2 115 - 2.07 76.60 3460488
dry 32e6 2 60 - 0.40 1.10 655176
aoDLAV 32e6 2 60 - 2.77 177.12 4768324
aoULAV 32e6 2 60 - 3.42 185.77 4768328
aoD2AG 32e6 2 60 - 5.87 265.78 7005688
aoD2SG 32e6 2 60 - 6.85 321.33 7261440
dry 6e7 2 155 - 0.68 1.91 1202044
aoDLAV 6e7 2 155 - 6.32 419.63 8924560
aoULAV 6e7 2 155 - 6.66 382.28 8924564
aoD2AG 6e7 2 155 - 12.60 545.89 13120876
aoD2SG 6e7 2 155 - 12.66 624.00 13600192
dry 5e7 2 207 - 0.54 1.64 1006736
aoDLAV 5e7 2 207 - 4.22 283.42 7440192
aoULAV 5e7 2 207 - 5.53 308.68 7440192
aoD2AG 5e7 2 207 - 10.50 450.53 10937260
aoD2SG 5e7 2 207 - 10.66 530.93 11334644
dry 75e2 2 40 - 0.02 0.13 26332
aoDLAV 75e2 2 40 - 0.03 0.17 31376
aoULAV 75e2 2 40 - 0.03 0.16 31392
aoD2AG 75e2 2 40 - 0.03 0.18 31380
aoD2SG 75e2 2 40 - 0.02 0.18 31380
moore 75e2 2 40 - 0.83 419.42 1688788
nbpm 75e2 2 40 - 4.19 159.12 4242124
greedy 75e2 2 40 - 3.85 158.21 6183088
dry 25e2 2 223 - 0.03 0.11 26084
aoDLAV 25e2 2 223 - 0.03 0.15 30456
aoULAV 25e2 2 223 - 0.03 0.15 30464
aoD2AG 25e2 2 223 - 0.03 0.15 30980
aoD2SG 25e2 2 223 - 0.02 0.16 31036
moore 25e2 2 223 - 0.11 24.39 213596
nbpm 25e2 2 223 - 0.55 13.85 541636
greedy 25e2 2 223 - 0.41 10.32 713664
dry 4e7 2 112 - 0.51 1.37 811424
aoDLAV 4e7 2 112 - 3.49 228.20 5955820
aoULAV 4e7 2 112 - 4.21 296.97 5955820
aoD2AG 4e7 2 112 - 8.00 351.39 8751988
aoD2SG 4e7 2 112 - 8.45 404.22 9072680
dry 56e2 2 174 - 0.03 0.12 26240
aoDLAV 56e2 2 174 - 0.03 0.15 30980
aoULAV 56e2 2 174 - 0.04 0.15 30988
aoD2AG 56e2 2 174 - 0.04 0.17 31988
aoD2SG 56e2 2 174 - 0.03 0.18 31128
moore 56e2 2 174 - 0.48 147.79 949980
nbpm 56e2 2 174 - 2.47 71.95 2388080
greedy 56e2 2 174 - 2.15 79.25 3460552
dry 32e2 2 203 - 0.02 0.13 26112
aoDLAV 32e2 2 203 - 0.03 0.15 30540
aoULAV 32e2 2 203 - 0.03 0.15 30552
aoD2AG 32e2 2 203 - 0.02 0.16 31212
aoD2SG 32e2 2 203 - 0.03 0.15 31272
moore 32e2 2 203 - 0.44 94.48 330512
nbpm 32e2 2 203 - 0.96 20.96 854752
greedy 32e2 2 203 - 0.76 24.47 1150164
dry 18e2 2 106 - 0.03 0.13 26048
aoDLAV 18e2 2 106 - 0.03 0.17 30372
aoULAV 18e2 2 106 - 0.02 0.17 30384
aoD2AG 18e2 2 106 - 0.03 0.16 30788
aoD2SG 18e2 2 106 - 0.04 0.15 30824
moore 18e2 2 106 - 0.07 9.03 125560
nbpm 18e2 2 106 - 0.20 8.50 334536
greedy 18e2 2 106 - 0.21 3.78 384352
dry 6e7 2 51 - 0.64 1.93 1202048
aoDLAV 6e7 2 51 - 4.98 365.26 8924560
aoULAV 6e7 2 51 - 6.43 373.62 8924560
aoD2AG 6e7 2 51 - 11.91 545.80 13119592
aoD2SG 6e7 2 51 - 12.70 682.96 13599336
dry 56e6 2 178 - 0.63 1.78 1123924
aoDLAV 56e6 2 178 - 4.72 334.50 8330816
aoULAV 56e6 2 178 - 6.26 364.76 8330820
aoD2AG 56e6 2 178 - 11.46 515.17 12249060
aoD2SG 56e6 2 178 - 11.43 588.35 12694392
dry 1e4 2 23 - 0.03 0.12 26436
aoDLAV 1e4 2 23 - 0.02 0.18 31864
aoULAV 1e4 2 23 - 0.03 0.17 31880
aoD2AG 1e4 2 23 - 0.03 0.18 31880
aoD2SG 1e4 2 23 - 0.03 0.19 31992
moore 1e4 2 23 - 1.28 1100.01 2960572
nbpm 1e4 2 23 - 7.67 358.93 7889416
greedy 1e4 2 23 - 6.64 276.10 10968568
dry 1e4 2 134 - 0.03 0.13 26432
aoDLAV 1e4 2 134 - 0.03 0.17 31864
aoULAV 1e4 2 134 - 0.02 0.18 31880
aoD2AG 1e4 2 134 - 0.04 0.17 31876
aoD2SG 1e4 2 134 - 0.02 0.19 31988
moore 1e4 2 134 - 1.15 972.46 2960572
nbpm 1e4 2 134 - 7.40 359.72 7889416
greedy 1e4 2 134 - 6.27 342.38 10968568
dry 50e2 2 93 - 0.02 0.13 26204
aoDLAV 50e2 2 93 - 0.04 0.15 30848
aoULAV 50e2 2 93 - 0.04 0.16 30864
aoD2AG 50e2 2 93 - 0.04 0.16 31768
aoD2SG 50e2 2 93 - 0.03 0.17 31876
moore 50e2 2 93 - 0.65 189.93 764632
nbpm 50e2 2 93 - 1.96 56.49 2011924
greedy 50e2 2 93 - 1.69 62.52 2764780
dry 7e7 2 178 - 0.73 2.16 1397356
aoDLAV 7e7 2 178 - 5.85 420.79 10408940
aoULAV 7e7 2 178 - 7.67 452.33 10408936
aoD2AG 7e7 2 178 - 14.14 760.71 15303144
aoD2SG 7e7 2 178 - 15.03 782.51 15863948
dry 7e7 2 162 - 0.84 2.21 1397356
aoDLAV 7e7 2 162 - 6.14 430.42 10408936
aoULAV 7e7 2 162 - 7.95 450.04 10408936
aoD2AG 7e7 2 162 - 13.97 650.30 15306232
aoD2SG 7e7 2 162 - 14.46 961.12 15865792
dry 25e2 2 174 - 0.03 0.13 26084
aoDLAV 25e2 2 174 - 0.02 0.16 30452
aoULAV 25e2 2 174 - 0.03 0.16 30468
aoD2AG 25e2 2 174 - 0.03 0.15 30980
aoD2SG 25e2 2 174 - 0.03 0.15 31016
moore 25e2 2 174 - 0.10 16.71 213624
nbpm 25e2 2 174 - 0.53 12.85 541636
greedy 25e2 2 174 - 0.41 11.35 713664
dry 56e6 2 243 - 0.67 1.83 1123924
aoDLAV 56e6 2 243 - 4.64 388.99 8330820
aoULAV 56e6 2 243 - 6.20 349.99 8330816
aoD2AG 56e6 2 243 - 11.30 510.78 12245352
aoD2SG 56e6 2 243 - 12.12 792.56 12693472
dry 1e4 2 52 - 0.02 0.13 26432
aoDLAV 1e4 2 52 - 0.03 0.17 31864
aoULAV 1e4 2 52 - 0.03 0.17 31876
aoD2AG 1e4 2 52 - 0.02 0.19 31876
aoD2SG 1e4 2 52 - 0.03 0.19 31988
moore 1e4 2 52 - 1.21 1034.66 2960580
nbpm 1e4 2 52 - 7.66 368.07 7889428
greedy 1e4 2 52 - 6.38 270.23 10968568
dry 50e2 2 82 - 0.03 0.11 26204
aoDLAV 50e2 2 82 - 0.04 0.14 30852
aoULAV 50e2 2 82 - 0.04 0.14 30864
aoD2AG 50e2 2 82 - 0.03 0.15 31788
aoD2SG 50e2 2 82 - 0.03 0.17 31884
moore 50e2 2 82 - 0.76 225.93 764628
nbpm 50e2 2 82 - 2.17 57.98 2011928
greedy 50e2 2 82 - 1.74 65.53 2764780
dry 18e6 2 91 - 0.24 0.70 381740
aoDLAV 18e6 2 91 - 1.52 96.43 2690192
aoULAV 18e6 2 91 - 1.52 100.55 2690192
aoD2AG 18e6 2 91 - 3.01 148.52 3949176
aoD2SG 18e6 2 91 - 3.72 167.27 4093844
dry 5e7 2 29 - 0.63 1.64 1006736
aoDLAV 5e7 2 29 - 4.37 295.10 7440196
aoULAV 5e7 2 29 - 5.64 318.77 7440196
aoD2AG 5e7 2 29 - 10.04 448.94 10937960
aoD2SG 5e7 2 29 - 10.32 527.89 11338500
dry 2e7 2 97 - 0.24 0.75 420796
aoDLAV 2e7 2 97 - 1.66 106.63 2987068
aoULAV 2e7 2 97 - 1.63 117.11 2987092
aoD2AG 2e7 2 97 - 4.01 160.40 4388164
aoD2SG 2e7 2 97 - 3.70 193.00 4549328
dry 25e2 2 116 - 0.02 0.12 26084
aoDLAV 25e2 2 116 - 0.02 0.15 30452
aoULAV 25e2 2 116 - 0.02 0.15 30464
aoD2AG 25e2 2 116 - 0.03 0.16 30988
aoD2SG 25e2 2 116 - 0.03 0.15 31016
moore 25e2 2 116 - 0.12 34.04 213596
nbpm 25e2 2 116 - 0.54 13.24 541640
greedy 25e2 2 116 - 0.41 11.38 713664
dry 18e2 2 154 - 0.02 0.12 26048
aoDLAV 18e2 2 154 - 0.02 0.15 30372
aoULAV 18e2 2 154 - 0.02 0.15 30388
aoD2AG 18e2 2 154 - 0.03 0.15 30852
aoD2SG 18e2 2 154 - 0.02 0.15 30824
moore 18e2 2 154 - 0.07 29.33 125416
nbpm 18e2 2 154 - 0.20 7.86 334536
greedy 18e2 2 154 - 0.21 4.57 384356
dry 1e4 5 161 - 0.02 0.12 26904
aoDLAV 1e4 5 161 - 0.02 0.22 31084
aoULAV 1e4 5 161 - 0.03 0.21 31096
aoD2AG 1e4 5 161 - 0.03 0.25 32108
aoD2SG 1e4 5 161 - 0.03 0.24 32112
moore 1e4 5 161 - 1.19 1077.47 2961736
nbpm 1e4 5 161 - 7.24 638.66 7811564
greedy 1e4 5 161 - 7.23 307.94 10959176
dry 18e6 2 208 - 0.28 0.71 381736
aoDLAV 18e6 2 208 - 1.55 94.38 2690192
aoULAV 18e6 2 208 - 1.47 101.19 2690192
aoD2AG 18e6 2 208 - 3.49 150.42 3951776
aoD2SG 18e6 2 208 - 3.50 165.22 4094276
dry 1e4 10 51 - 0.03 0.12 29552
aoDLAV 1e4 10 51 - 0.04 0.67 32764
aoULAV 1e4 10 51 - 0.04 0.66 32776
aoD2AG 1e4 10 51 - 0.03 0.69 32744
aoD2SG 1e4 10 51 - 0.04 0.76 34176
moore 1e4 10 51 - 1.16 988.10 2963856
nbpm 1e4 10 51 - 7.69 847.52 7764384
greedy 1e4 10 51 - 6.31 291.59 10961108
dry 56e2 2 99 - 0.02 0.12 26236
aoDLAV 56e2 2 99 - 0.02 0.16 30976
aoULAV 56e2 2 99 - 0.04 0.14 30988
aoD2AG 56e2 2 99 - 0.04 0.17 31976
aoD2SG 56e2 2 99 - 0.03 0.17 31124
moore 56e2 2 99 - 0.40 135.72 949992
nbpm 56e2 2 99 - 2.41 88.79 2388088
greedy 56e2 2 99 - 2.20 79.64 3460492
dry 2e7 2 159 - 0.26 0.76 420800
aoDLAV 2e7 2 159 - 1.79 109.48 2987072
aoULAV 2e7 2 159 - 1.70 111.15 2987068
aoD2AG 2e7 2 159 - 3.96 154.91 4388100
aoD2SG 2e7 2 159 - 3.62 184.90 4546680
dry 1e4 10 93 - 0.02 0.12 27692
aoDLAV 1e4 10 93 - 0.03 0.70 32764
aoULAV 1e4 10 93 - 0.03 0.71 32776
aoD2AG 1e4 10 93 - 0.02 0.78 32748
aoD2SG 1e4 10 93 - 0.03 0.81 34180
moore 1e4 10 93 - 1.13 896.58 2963856
nbpm 1e4 10 93 - 7.40 717.12 7764396
greedy 1e4 10 93 - 6.43 256.10 10961108
