dry 56e5 2 29 - 0.08 0.28 139544
aoDLAV 56e5 2 29 - 0.43 27.58 849556
aoULAV 56e5 2 29 - 0.42 24.46 849556
aoD2AG 56e5 2 29 - 0.70 34.41 1241448
aoD2SG 56e5 2 29 - 0.74 39.42 1287204
dry 1e7 10 153 - 0.41 1.36 850508
aoDLAV 1e7 10 153 - 1.54 4827.31 3533960
aoULAV 1e7 10 153 - 2.46 4793.75 3533956
aoD2AG 1e7 10 153 - 3.58 4796.30 4337440
aoD2SG 1e7 10 153 - 3.77 5728.86 4425820
dry 56e5 2 193 - 0.09 0.31 139544
aoDLAV 56e5 2 193 - 0.47 22.72 849556
aoULAV 56e5 2 193 - 0.47 24.06 849556
aoD2AG 56e5 2 193 - 0.77 34.65 1242972
aoD2SG 56e5 2 193 - 0.81 39.65 1286316
dry 1e7 2 77 - 0.12 0.45 225484
aoDLAV 1e7 2 77 - 0.85 52.27 1502684
aoULAV 1e7 2 77 - 0.77 46.92 1502684
aoD2AG 1e7 2 77 - 1.65 65.53 2202632
aoD2SG 1e7 2 77 - 1.82 74.81 2282104
dry 1e7 10 185 - 0.42 1.36 850508
aoDLAV 1e7 10 185 - 1.58 4701.69 3533952
aoULAV 1e7 10 185 - 2.35 4709.50 3533960
aoD2AG 1e7 10 185 - 3.49 4826.16 4337480
aoD2SG 1e7 10 185 - 3.76 6219.85 4428760
dry 1e7 10 157 - 0.42 1.37 850508
aoDLAV 1e7 10 157 - 1.53 4714.46 3533956
aoULAV 1e7 10 157 - 2.45 4744.56 3533952
aoD2AG 1e7 10 157 - 3.58 4727.09 4337428
aoD2SG 1e7 10 157 - 3.72 8301.78 4428372
dry 32e5 2 14 - 0.06 0.25 92680
aoDLAV 32e5 2 14 - 0.27 12.01 493328
aoULAV 32e5 2 14 - 0.25 12.82 493336
aoD2AG 32e5 2 14 - 0.40 18.46 718724
aoD2SG 32e5 2 14 - 0.40 21.11 743024
dry 32e5 2 80 - 0.05 0.25 92676
aoDLAV 32e5 2 80 - 0.24 12.01 493324
aoULAV 32e5 2 80 - 0.28 12.89 493336
aoD2AG 32e5 2 80 - 0.41 18.75 716988
aoD2SG 32e5 2 80 - 0.39 21.25 742880
dry 1e7 5 202 - 0.25 0.78 459868
aoDLAV 1e7 5 202 - 1.08 209.52 2323020
aoULAV 1e7 5 202 - 1.08 212.47 2323020
aoD2AG 1e7 5 202 - 2.51 231.70 3064152
aoD2SG 1e7 5 202 - 2.52 274.04 3151924
dry 1e7 10 235 - 0.41 1.37 850512
aoDLAV 1e7 10 235 - 1.55 4690.15 3533956
aoULAV 1e7 10 235 - 2.36 4734.62 3533956
aoD2AG 1e7 10 235 - 3.62 4779.21 4339048
aoD2SG 1e7 10 235 - 3.64 5797.76 4426944
dry 18e5 2 111 - 0.05 0.23 65328
aoDLAV 18e5 2 111 - 0.19 8.38 285512
aoULAV 18e5 2 111 - 0.18 8.76 285520
aoD2AG 18e5 2 111 - 0.27 11.36 412732
aoD2SG 18e5 2 111 - 0.32 14.45 427612
dry 1e7 10 180 - 0.46 1.46 850508
aoDLAV 1e7 10 180 - 1.62 4812.36 3533960
aoULAV 1e7 10 180 - 2.42 4735.65 3533956
aoD2AG 1e7 10 180 - 3.63 4788.48 4339644
aoD2SG 1e7 10 180 - 3.76 5893.12 4426892
dry 1e7 2 214 - 0.13 0.44 225484
aoDLAV 1e7 2 214 - 0.78 44.04 1502684
aoULAV 1e7 2 214 - 0.75 46.74 1502688
aoD2AG 1e7 2 214 - 1.53 66.07 2204704
aoD2SG 1e7 2 214 - 1.94 76.29 2284216
dry 1e7 2 210 - 0.12 0.44 225484
aoDLAV 1e7 2 210 - 0.78 44.26 1502684
aoULAV 1e7 2 210 - 0.82 46.75 1502688
aoD2AG 1e7 2 210 - 1.58 66.17 2204292
aoD2SG 1e7 2 210 - 1.64 77.56 2282480
dry 1e7 2 132 - 0.13 0.47 225484
aoDLAV 1e7 2 132 - 0.75 44.17 1502684
aoULAV 1e7 2 132 - 0.77 46.71 1502684
aoD2AG 1e7 2 132 - 1.57 66.11 2205684
aoD2SG 1e7 2 132 - 1.71 76.31 2282896
dry 1e7 2 217 - 0.13 0.43 225488
aoDLAV 1e7 2 217 - 0.78 44.22 1502684
aoULAV 1e7 2 217 - 0.97 46.58 1502688
aoD2AG 1e7 2 217 - 1.59 66.07 2205256
aoD2SG 1e7 2 217 - 1.62 76.33 2284200
dry 32e5 2 230 - 0.06 0.25 92676
aoDLAV 32e5 2 230 - 0.29 11.86 493324
aoULAV 32e5 2 230 - 0.25 12.64 493368
aoD2AG 32e5 2 230 - 0.42 18.14 717924
aoD2SG 32e5 2 230 - 0.43 20.78 742596
dry 32e5 2 165 - 0.07 0.24 92676
aoDLAV 32e5 2 165 - 0.28 11.66 493328
aoULAV 32e5 2 165 - 0.26 12.44 493336
aoD2AG 32e5 2 165 - 0.40 17.96 718100
aoD2SG 32e5 2 165 - 0.41 20.50 743124
dry 1e7 5 154 - 0.24 0.79 459868
aoDLAV 1e7 5 154 - 1.06 214.85 2323016
aoULAV 1e7 5 154 - 1.11 216.21 2323016
aoD2AG 1e7 5 154 - 2.56 238.82 3065856
aoD2SG 1e7 5 154 - 2.54 282.87 3151964
dry 32e5 2 138 - 0.05 0.26 92680
aoDLAV 32e5 2 138 - 0.24 12.12 493408
aoULAV 32e5 2 138 - 0.26 12.88 493336
aoD2AG 32e5 2 138 - 0.38 18.51 718260
aoD2SG 32e5 2 138 - 0.40 21.19 744852
dry 1e7 10 145 - 0.41 1.38 850512
aoDLAV 1e7 10 145 - 1.86 6150.03 3533956
aoULAV 1e7 10 145 - 2.38 4757.93 3534052
aoD2AG 1e7 10 145 - 3.62 4693.39 4337820
aoD2SG 1e7 10 145 - 3.61 5660.82 4427744
dry 1e7 2 80 - 0.13 0.43 225484
aoDLAV 1e7 2 80 - 0.77 42.03 1502684
aoULAV 1e7 2 80 - 0.75 44.65 1502688
aoD2AG 1e7 2 80 - 1.56 63.07 2202604
aoD2SG 1e7 2 80 - 1.83 72.90 2281336
dry 18e5 2 221 - 0.05 0.20 65328
aoDLAV 18e5 2 221 - 0.15 6.06 285536
aoULAV 18e5 2 221 - 0.15 6.46 285520
aoD2AG 18e5 2 221 - 0.22 9.37 411552
aoD2SG 18e5 2 221 - 0.25 10.62 427404
dry 32e5 2 219 - 0.06 0.24 92676
aoDLAV 32e5 2 219 - 0.24 11.33 493328
aoULAV 32e5 2 219 - 0.25 12.02 493336
aoD2AG 32e5 2 219 - 0.38 17.41 718540
aoD2SG 32e5 2 219 - 0.42 19.76 743448
dry 56e5 2 178 - 0.07 0.32 139548
aoDLAV 56e5 2 178 - 0.44 21.76 849556
aoULAV 56e5 2 178 - 0.43 25.30 849556
aoD2AG 56e5 2 178 - 0.74 35.55 1243016
aoD2SG 56e5 2 178 - 0.89 40.60 1286336
dry 1e7 2 114 - 0.11 0.45 225484
aoDLAV 1e7 2 114 - 0.76 45.37 1502684
aoULAV 1e7 2 114 - 0.74 48.18 1502688
aoD2AG 1e7 2 114 - 1.57 68.24 2202220
aoD2SG 1e7 2 114 - 1.64 78.93 2284144
dry 1e7 10 167 - 0.42 1.39 850512
aoDLAV 1e7 10 167 - 1.70 5693.30 3533952
aoULAV 1e7 10 167 - 2.39 5217.57 3533956
aoD2AG 1e7 10 167 - 3.38 5434.90 4336692
aoD2SG 1e7 10 167 - 3.51 6412.53 4426736
