dry 2e4 10 94 - 0.03 0.11 29364
aoDLAV 2e4 10 94 - 0.03 1.72 34836
aoULAV 2e4 10 94 - 0.03 1.70 34852
aoD2AG 2e4 10 94 - 0.04 2.36 36076
aoD2SG 2e4 10 94 - 0.02 2.01 36076
moore 2e4 10 94 - 3.43 6947.36 11770836
nbpm 2e4 10 94 - 28.62 5532.25 30880144
greedy 2e4 10 94 - 23.64 1309.00 43775820
dry 2e4 10 49 - 0.03 0.12 30536
aoDLAV 2e4 10 49 - 0.03 1.70 34840
aoULAV 2e4 10 49 - 0.03 1.70 34852
aoD2AG 2e4 10 49 - 0.04 1.78 36080
aoD2SG 2e4 10 49 - 0.04 1.99 36076
moore 2e4 10 49 - 3.47 7415.04 11770836
nbpm 2e4 10 49 - 31.74 5596.11 30880040
greedy 2e4 10 49 - 24.61 1393.88 43775824
dry 1e8 5 119 - 2.35 6.25 4327052
aoDLAV 1e8 5 119 - 11.77 2700.33 23065204
aoULAV 1e8 5 119 - 16.09 2716.35 23065204
aoD2AG 1e8 5 119 - 25.92 2991.25 30454880
aoD2SG 1e8 5 119 - 27.45 4204.15 31311132
dry 2e4 2 17 - 0.02 0.12 28744
aoDLAV 2e4 2 17 - 0.03 0.19 30812
aoULAV 2e4 2 17 - 0.05 0.18 30808
aoD2AG 2e4 2 17 - 0.03 0.21 32284
aoD2SG 2e4 2 17 - 0.03 0.21 32292
moore 2e4 2 17 - 3.52 8291.66 11765552
nbpm 2e4 2 17 - 28.71 2664.38 31402196
greedy 2e4 2 17 - 24.78 1124.70 43771040
dry 1e8 5 176 - 2.41 6.36 4327052
aoDLAV 1e8 5 176 - 11.51 2500.01 23065208
aoULAV 1e8 5 176 - 16.59 2894.52 23065208
aoD2AG 1e8 5 176 - 25.99 2899.18 30456976
aoD2SG 1e8 5 176 - 28.60 3508.97 31311232
dry 125e2 2 94 - 0.03 0.11 28500
aoDLAV 125e2 2 94 - 0.02 0.18 30712
aoULAV 125e2 2 94 - 0.03 0.17 30708
aoD2AG 125e2 2 94 - 0.02 0.19 31376
aoD2SG 125e2 2 94 - 0.03 0.19 31376
moore 125e2 2 94 - 1.62 2101.81 4611548
nbpm 125e2 2 94 - 11.25 647.67 12302328
greedy 125e2 2 94 - 9.64 501.09 17109964
dry 1e8 2 22 - 1.14 3.02 1983296
aoDLAV 1e8 2 22 - 8.37 589.17 14862072
aoULAV 1e8 2 22 - 10.39 646.52 14862072
aoD2AG 1e8 2 22 - 18.85 920.41 21856368
aoD2SG 1e8 2 22 - 19.72 1073.14 22655052
dry 1e8 5 55 - 2.30 6.27 4327052
aoDLAV 1e8 5 55 - 11.54 2681.68 23065204
aoULAV 1e8 5 55 - 17.01 2908.52 23065208
aoD2AG 1e8 5 55 - 26.22 2842.38 30450992
aoD2SG 1e8 5 55 - 28.14 4922.66 31311272
dry 1e8 2 180 - 1.04 3.04 1983296
aoDLAV 1e8 2 180 - 8.22 726.68 14862068
aoULAV 1e8 2 180 - 10.45 849.93 14862072
aoD2AG 1e8 2 180 - 18.94 1171.92 21854484
aoD2SG 1e8 2 180 - 20.31 1033.46 22653888
dry 1e8 5 241 - 2.17 6.21 4327052
aoDLAV 1e8 5 241 - 10.78 2721.22 23065204
aoULAV 1e8 5 241 - 16.00 2758.76 23065204
aoD2AG 1e8 5 241 - 27.54 3107.12 30457836
aoD2SG 1e8 5 241 - 29.06 3771.37 31313320
dry 2e4 5 108 - 0.03 0.12 29544
aoDLAV 2e4 5 108 - 0.04 0.28 32756
aoULAV 2e4 5 108 - 0.04 0.28 32768
aoD2AG 2e4 5 108 - 0.03 0.33 33344
aoD2SG 2e4 5 108 - 0.03 0.34 32860
moore 2e4 5 108 - 3.52 6411.57 11768084
nbpm 2e4 5 108 - 28.68 4807.58 34200496
greedy 2e4 5 108 - 23.74 1370.25 43774004
dry 2e4 2 58 - 0.02 0.12 26828
aoDLAV 2e4 2 58 - 0.02 0.19 30812
aoULAV 2e4 2 58 - 0.03 0.19 30812
aoD2AG 2e4 2 58 - 0.04 0.20 32284
aoD2SG 2e4 2 58 - 0.04 0.21 32292
moore 2e4 2 58 - 5.05 7261.10 11765548
nbpm 2e4 2 58 - 39.69 2719.31 31402188
greedy 2e4 2 58 - 24.51 1200.30 43771040
dry 175e2 2 22 - 0.03 0.12 26732
aoDLAV 175e2 2 22 - 0.03 0.18 30720
aoULAV 175e2 2 22 - 0.03 0.19 30716
aoD2AG 175e2 2 22 - 0.03 0.20 31756
aoD2SG 175e2 2 22 - 0.03 0.22 31760
moore 175e2 2 22 - 4.24 6063.75 9014024
nbpm 175e2 2 22 - 20.93 1811.31 22863136
greedy 175e2 2 22 - 19.63 940.84 33516976
dry 1e8 5 80 - 2.97 6.42 4327056
aoDLAV 1e8 5 80 - 13.93 3193.07 23065204
aoULAV 1e8 5 80 - 16.48 3515.44 23065208
aoD2AG 1e8 5 80 - 27.23 3263.87 30455792
aoD2SG 1e8 5 80 - 27.44 5081.08 31308852
dry 125e2 2 198 - 0.02 0.11 26536
aoDLAV 125e2 2 198 - 0.04 0.16 30708
aoULAV 125e2 2 198 - 0.02 0.17 30708
aoD2AG 125e2 2 198 - 0.02 0.19 31376
aoD2SG 125e2 2 198 - 0.03 0.18 31376
moore 125e2 2 198 - 1.71 1841.65 4611540
nbpm 125e2 2 198 - 11.78 679.76 12302320
greedy 125e2 2 198 - 9.64 448.88 17109964
dry 175e2 2 232 - 0.02 0.12 26732
aoDLAV 175e2 2 232 - 0.02 0.19 30724
aoULAV 175e2 2 232 - 0.03 0.19 30720
aoD2AG 175e2 2 232 - 0.04 0.19 31752
aoD2SG 175e2 2 232 - 0.04 0.20 31760
moore 175e2 2 232 - 2.76 4544.99 9014032
nbpm 175e2 2 232 - 21.57 1932.92 22863140
greedy 175e2 2 232 - 18.53 917.54 33516976
dry 1e8 2 53 - 1.14 3.11 1983296
aoDLAV 1e8 2 53 - 8.75 621.81 14862068
aoULAV 1e8 2 53 - 11.26 660.01 14862068
aoD2AG 1e8 2 53 - 18.62 865.16 21854452
aoD2SG 1e8 2 53 - 20.79 1099.36 22651772
dry 2e4 5 185 - 0.03 0.12 29268
aoDLAV 2e4 5 185 - 0.04 0.28 32760
aoULAV 2e4 5 185 - 0.03 0.28 32768
aoD2AG 2e4 5 185 - 0.03 0.31 33344
aoD2SG 2e4 5 185 - 0.03 0.33 32860
moore 2e4 5 185 - 3.50 6815.97 11768080
nbpm 2e4 5 185 - 29.86 4913.85 34200500
greedy 2e4 5 185 - 24.89 1599.35 43774000
dry 150e2 2 157 - 0.03 0.12 26632
aoDLAV 150e2 2 157 - 0.03 0.18 30824
aoULAV 150e2 2 157 - 0.03 0.18 30824
aoD2AG 150e2 2 157 - 0.03 0.19 31608
aoD2SG 150e2 2 157 - 0.02 0.20 31608
moore 150e2 2 157 - 2.24 4060.43 6629356
nbpm 150e2 2 157 - 15.09 1147.45 16814176
greedy 150e2 2 157 - 14.21 712.96 24630024
dry 8e7 2 164 - 0.88 2.45 1592676
aoDLAV 8e7 2 164 - 6.67 488.66 11893324
aoULAV 8e7 2 164 - 8.66 516.74 11893324
aoD2AG 8e7 2 164 - 16.17 741.36 17491336
aoD2SG 8e7 2 164 - 16.73 884.05 18127560
dry 18e3 2 85 - 0.03 0.12 26748
aoDLAV 18e3 2 85 - 0.03 0.18 30744
aoULAV 18e3 2 85 - 0.03 0.19 30744
aoD2AG 18e3 2 85 - 0.03 0.20 31840
aoD2SG 18e3 2 85 - 0.03 0.21 31812
moore 18e3 2 85 - 2.91 5192.42 9534976
nbpm 18e3 2 85 - 23.89 1940.61 25451056
greedy 18e3 2 85 - 20.12 1020.62 35458368
dry 18e3 2 152 - 0.04 0.11 26748
aoDLAV 18e3 2 152 - 0.03 0.19 30740
aoULAV 18e3 2 152 - 0.02 0.20 30744
aoD2AG 18e3 2 152 - 0.04 0.19 31812
aoD2SG 18e3 2 152 - 0.03 0.23 31816
moore 18e3 2 152 - 2.87 5002.23 9534976
nbpm 18e3 2 152 - 24.09 2023.61 25451056
greedy 18e3 2 152 - 19.72 969.05 35458364
dry 9e7 2 237 - 0.94 2.72 1787984
aoDLAV 9e7 2 237 - 7.28 653.83 13377684
aoULAV 9e7 2 237 - 9.47 549.34 13377688
aoD2AG 9e7 2 237 - 17.23 778.82 19671644
aoD2SG 9e7 2 237 - 18.41 956.86 20388412
dry 1e8 2 77 - 1.05 3.03 1983300
aoDLAV 1e8 2 77 - 8.06 598.83 14862068
aoULAV 1e8 2 77 - 10.49 629.75 14862072
aoD2AG 1e8 2 77 - 18.32 894.48 21855904
aoD2SG 1e8 2 77 - 20.19 1066.32 22652380
dry 2e4 2 216 - 0.02 0.12 26828
aoDLAV 2e4 2 216 - 0.03 0.19 30808
aoULAV 2e4 2 216 - 0.03 0.19 30844
aoD2AG 2e4 2 216 - 0.03 0.21 32284
aoD2SG 2e4 2 216 - 0.04 0.21 32292
moore 2e4 2 216 - 3.56 6502.04 11765544
nbpm 2e4 2 216 - 33.79 2809.97 31402188
greedy 2e4 2 216 - 25.31 1212.53 43771040
dry 2e4 5 15 - 0.03 0.12 27776
aoDLAV 2e4 5 15 - 0.04 0.30 32760
aoULAV 2e4 5 15 - 0.03 0.29 32768
aoD2AG 2e4 5 15 - 0.04 0.34 33348
aoD2SG 2e4 5 15 - 0.03 0.37 32860
moore 2e4 5 15 - 3.51 6960.39 11768084
nbpm 2e4 5 15 - 29.68 4956.87 34200500
greedy 2e4 5 15 - 24.00 1322.31 43774004
dry 150e2 2 189 - 0.02 0.12 26632
aoDLAV 150e2 2 189 - 0.03 0.18 30824
aoULAV 150e2 2 189 - 0.04 0.18 30828
aoD2AG 150e2 2 189 - 0.03 0.20 31608
aoD2SG 150e2 2 189 - 0.04 0.19 31612
moore 150e2 2 189 - 3.16 2569.66 6629344
nbpm 150e2 2 189 - 14.84 1111.14 16814168
greedy 150e2 2 189 - 12.75 684.04 24630024
dry 150e2 2 200 - 0.03 0.11 26628
aoDLAV 150e2 2 200 - 0.03 0.17 30828
aoULAV 150e2 2 200 - 0.03 0.17 30828
aoD2AG 150e2 2 200 - 0.03 0.18 31608
aoD2SG 150e2 2 200 - 0.03 0.19 31608
moore 150e2 2 200 - 2.10 2572.79 6629352
nbpm 150e2 2 200 - 14.51 1168.16 16814180
greedy 150e2 2 200 - 13.40 706.39 24630024
dry 150e2 2 7 - 0.03 0.12 26628
aoDLAV 150e2 2 7 - 0.03 0.18 30824
aoULAV 150e2 2 7 - 0.03 0.18 30828
aoD2AG 150e2 2 7 - 0.03 0.20 31608
aoD2SG 150e2 2 7 - 0.03 0.19 31608
moore 150e2 2 7 - 2.19 2976.09 6629412
nbpm 150e2 2 7 - 14.94 1184.10 16814176
greedy 150e2 2 7 - 14.24 695.79 24630024
dry 2e4 10 150 - 0.03 0.12 30188
aoDLAV 2e4 10 150 - 0.03 1.91 34840
aoULAV 2e4 10 150 - 0.03 2.16 34848
aoD2AG 2e4 10 150 - 0.04 1.95 36076
aoD2SG 2e4 10 150 - 0.04 2.17 36076
moore 2e4 10 150 - 3.62 7296.86 11770832
nbpm 2e4 10 150 - 29.61 5471.94 30880036
