dry 3e7 2 134 - 0.29 1.00 616104
aoDLAV 3e7 2 134 - 2.45 204.17 4471432
aoULAV 3e7 2 134 - 3.07 223.92 4471428
aoD2AG 3e7 2 134 - 5.90 274.23 6570308
aoD2SG 3e7 2 134 - 6.04 317.37 6809316
dry 50e2 2 116 - 0.02 0.12 26204
aoDLAV 50e2 2 116 - 0.02 0.16 30848
aoULAV 50e2 2 116 - 0.04 0.15 30864
aoD2AG 50e2 2 116 - 0.02 0.17 31780
aoD2SG 50e2 2 116 - 0.03 0.17 31868
moore 50e2 2 116 - 0.53 180.20 764620
nbpm 50e2 2 116 - 2.08 55.92 2011920
greedy 50e2 2 116 - 1.58 60.55 2764780
dry 7e7 2 223 - 0.76 2.20 1397356
aoDLAV 7e7 2 223 - 5.89 450.67 10408936
aoULAV 7e7 2 223 - 7.79 552.90 10408936
aoD2AG 7e7 2 223 - 14.18 722.65 15306420
aoD2SG 7e7 2 223 - 14.96 751.59 15863420
dry 3e7 2 11 - 0.38 1.06 616104
aoDLAV 3e7 2 11 - 2.57 172.12 4471428
aoULAV 3e7 2 11 - 3.53 181.39 4471432
aoD2AG 3e7 2 11 - 5.29 248.60 6569312
aoD2SG 3e7 2 11 - 6.13 291.27 6808868
dry 1e4 10 29 - 0.03 0.12 29552
aoDLAV 1e4 10 29 - 0.03 0.67 32764
aoULAV 1e4 10 29 - 0.03 0.67 32776
aoD2AG 1e4 10 29 - 0.03 0.70 32748
aoD2SG 1e4 10 29 - 0.03 0.77 34176
moore 1e4 10 29 - 1.18 897.37 2963852
nbpm 1e4 10 29 - 7.42 673.65 7764384
greedy 1e4 10 29 - 6.63 266.92 10961108
dry 3e7 2 147 - 0.38 1.04 616108
aoDLAV 3e7 2 147 - 2.60 172.48 4471432
aoULAV 3e7 2 147 - 3.03 178.77 4471432
aoD2AG 3e7 2 147 - 5.92 266.06 6571568
aoD2SG 3e7 2 147 - 6.38 290.88 6809972
dry 50e2 2 2 - 0.03 0.11 26204
aoDLAV 50e2 2 2 - 0.03 0.15 30852
aoULAV 50e2 2 2 - 0.03 0.16 30860
aoD2AG 50e2 2 2 - 0.03 0.17 31776
aoD2SG 50e2 2 2 - 0.04 0.17 31872
moore 50e2 2 2 - 0.37 138.96 764632
nbpm 50e2 2 2 - 1.84 54.89 2011928
greedy 50e2 2 2 - 1.73 62.94 2764784
dry 1e4 5 53 - 0.02 0.13 26900
aoDLAV 1e4 5 53 - 0.02 0.23 31084
aoULAV 1e4 5 53 - 0.03 0.22 31096
aoD2AG 1e4 5 53 - 0.03 0.23 32108
aoD2SG 1e4 5 53 - 0.03 0.26 32108
moore 1e4 5 53 - 1.16 1068.91 2961736
nbpm 1e4 5 53 - 7.57 616.34 7811452
greedy 1e4 5 53 - 7.04 285.40 10959172
dry 32e6 2 197 - 0.42 1.10 655180
aoDLAV 32e6 2 197 - 2.92 176.93 4768328
aoULAV 32e6 2 197 - 3.62 190.17 4768328
aoD2AG 32e6 2 197 - 5.52 269.16 7007840
aoD2SG 32e6 2 197 - 6.64 312.88 7262064
dry 25e2 2 95 - 0.03 0.11 26080
aoDLAV 25e2 2 95 - 0.04 0.14 30452
aoULAV 25e2 2 95 - 0.03 0.15 30464
aoD2AG 25e2 2 95 - 0.03 0.16 30968
aoD2SG 25e2 2 95 - 0.03 0.15 31028
moore 25e2 2 95 - 0.09 35.29 213596
nbpm 25e2 2 95 - 0.54 12.31 541640
greedy 25e2 2 95 - 0.39 10.08 713668
dry 2e7 2 147 - 0.29 0.73 420796
aoDLAV 2e7 2 147 - 1.81 108.53 2987072
aoULAV 2e7 2 147 - 1.75 114.43 2987068
aoD2AG 2e7 2 147 - 3.35 158.94 4387596
aoD2SG 2e7 2 147 - 4.07 188.61 4545992
dry 25e2 2 200 - 0.02 0.13 26080
aoDLAV 25e2 2 200 - 0.03 0.16 30452
aoULAV 25e2 2 200 - 0.04 0.15 30464
aoD2AG 25e2 2 200 - 0.03 0.16 30984
aoD2SG 25e2 2 200 - 0.03 0.16 31032
moore 25e2 2 200 - 0.11 23.63 213596
nbpm 25e2 2 200 - 0.52 12.15 541632
greedy 25e2 2 200 - 0.41 10.09 713664
dry 56e6 2 222 - 0.66 1.82 1123924
aoDLAV 56e6 2 222 - 4.80 329.38 8330816
aoULAV 56e6 2 222 - 5.98 350.38 8330820
aoD2AG 56e6 2 222 - 11.04 561.37 12246324
aoD2SG 56e6 2 222 - 11.16 591.84 12692976
dry 25e2 2 81 - 0.03 0.11 26084
aoDLAV 25e2 2 81 - 0.03 0.14 30456
aoULAV 25e2 2 81 - 0.03 0.15 30464
aoD2AG 25e2 2 81 - 0.02 0.16 30984
aoD2SG 25e2 2 81 - 0.02 0.15 31020
moore 25e2 2 81 - 0.09 31.37 213596
nbpm 25e2 2 81 - 0.55 12.47 541636
greedy 25e2 2 81 - 0.39 9.37 713664
dry 32e2 2 98 - 0.02 0.12 26112
aoDLAV 32e2 2 98 - 0.03 0.16 30540
aoULAV 32e2 2 98 - 0.02 0.16 30552
aoD2AG 32e2 2 98 - 0.03 0.15 31216
aoD2SG 32e2 2 98 - 0.03 0.16 31272
moore 32e2 2 98 - 0.19 45.65 330512
nbpm 32e2 2 98 - 0.87 19.86 854752
greedy 32e2 2 98 - 0.66 21.80 1150164
dry 56e2 2 117 - 0.02 0.12 26240
aoDLAV 56e2 2 117 - 0.03 0.16 30980
aoULAV 56e2 2 117 - 0.03 0.15 30992
aoD2AG 56e2 2 117 - 0.03 0.17 31980
aoD2SG 56e2 2 117 - 0.03 0.17 31128
moore 56e2 2 117 - 0.97 281.43 952716
nbpm 56e2 2 117 - 2.34 76.13 2388084
greedy 56e2 2 117 - 2.09 78.73 3460492
dry 1e4 5 113 - 0.02 0.12 28636
aoDLAV 1e4 5 113 - 0.04 0.21 31084
aoULAV 1e4 5 113 - 0.03 0.21 31100
aoD2AG 1e4 5 113 - 0.04 0.21 32108
aoD2SG 1e4 5 113 - 0.03 0.23 32108
moore 1e4 5 113 - 1.12 944.06 2961736
nbpm 1e4 5 113 - 7.62 702.90 7811452
greedy 1e4 5 113 - 6.69 297.83 10959176
dry 18e6 2 42 - 0.22 0.71 381736
aoDLAV 18e6 2 42 - 1.62 95.83 2690192
aoULAV 18e6 2 42 - 2.02 106.55 2690196
aoD2AG 18e6 2 42 - 3.23 139.09 3950672
aoD2SG 18e6 2 42 - 3.88 172.65 4095488
dry 75e2 2 56 - 0.02 0.13 28284
aoDLAV 75e2 2 56 - 0.03 0.16 31376
aoULAV 75e2 2 56 - 0.03 0.15 31392
aoD2AG 75e2 2 56 - 0.03 0.17 31432
aoD2SG 75e2 2 56 - 0.04 0.17 31384
moore 75e2 2 56 - 1.87 603.72 1688784
nbpm 75e2 2 56 - 4.12 161.37 4242124
greedy 75e2 2 56 - 3.73 149.99 6183092
dry 6e7 2 77 - 0.70 1.91 1202048
aoDLAV 6e7 2 77 - 5.17 360.87 8924560
aoULAV 6e7 2 77 - 6.52 383.86 8924560
aoD2AG 6e7 2 77 - 11.60 547.98 13119224
aoD2SG 6e7 2 77 - 12.78 652.49 13599556
dry 18e2 2 21 - 0.02 0.12 26048
aoDLAV 18e2 2 21 - 0.02 0.15 30376
aoULAV 18e2 2 21 - 0.03 0.15 30384
aoD2AG 18e2 2 21 - 0.02 0.16 30808
aoD2SG 18e2 2 21 - 0.03 0.15 30820
moore 18e2 2 21 - 0.06 11.20 125416
nbpm 18e2 2 21 - 0.19 7.59 334532
greedy 18e2 2 21 - 0.24 3.97 384352
dry 18e6 2 242 - 0.23 0.70 381736
aoDLAV 18e6 2 242 - 1.66 99.62 2690192
aoULAV 18e6 2 242 - 1.75 102.41 2690192
aoD2AG 18e6 2 242 - 3.63 147.52 3951868
aoD2SG 18e6 2 242 - 3.46 171.26 4095456
dry 1e4 5 3 - 0.02 0.13 28844
aoDLAV 1e4 5 3 - 0.04 0.22 31084
aoULAV 1e4 5 3 - 0.03 0.22 31096
aoD2AG 1e4 5 3 - 0.03 0.23 32108
aoD2SG 1e4 5 3 - 0.03 0.23 32108
moore 1e4 5 3 - 1.11 1188.18 2961780
nbpm 1e4 5 3 - 7.71 802.39 7811460
greedy 1e4 5 3 - 7.01 307.25 10959176
dry 56e6 2 120 - 0.66 1.78 1123932
aoDLAV 56e6 2 120 - 4.91 335.68 8330816
aoULAV 56e6 2 120 - 5.92 344.40 8330816
aoD2AG 56e6 2 120 - 10.91 636.34 12246832
aoD2SG 56e6 2 120 - 11.72 618.45 12694304
dry 56e2 2 107 - 0.02 0.13 26236
aoDLAV 56e2 2 107 - 0.03 0.15 30976
aoULAV 56e2 2 107 - 0.03 0.16 30988
aoD2AG 56e2 2 107 - 0.03 0.17 31972
aoD2SG 56e2 2 107 - 0.03 0.18 31120
moore 56e2 2 107 - 0.49 186.90 952724
nbpm 56e2 2 107 - 2.26 79.79 2388088
greedy 56e2 2 107 - 1.97 80.31 3460488
dry 32e6 2 223 - 0.35 1.12 655180
aoDLAV 32e6 2 223 - 2.89 185.32 4768328
aoULAV 32e6 2 223 - 3.39 192.24 4768324
aoD2AG 32e6 2 223 - 6.63 273.12 7007544
aoD2SG 32e6 2 223 - 6.90 307.52 7262972
dry 2e7 2 206 - 0.27 0.73 420800
aoDLAV 2e7 2 206 - 1.76 106.54 2987072
aoULAV 2e7 2 206 - 1.82 109.05 2987068
aoD2AG 2e7 2 206 - 3.44 159.95 4387568
aoD2SG 2e7 2 206 - 4.25 189.50 4545176
dry 3e7 2 38 - 0.32 1.04 616104
aoDLAV 3e7 2 38 - 2.39 166.34 4471428
aoULAV 3e7 2 38 - 2.60 184.87 4471428
aoD2AG 3e7 2 38 - 5.89 252.94 6570500
aoD2SG 3e7 2 38 - 6.46 312.55 6811692
dry 5e7 2 172 - 0.56 1.62 1006736
aoDLAV 5e7 2 172 - 4.33 295.85 7440192
aoULAV 5e7 2 172 - 5.67 318.30 7440192
aoD2AG 5e7 2 172 - 9.79 442.26 10938564
aoD2SG 5e7 2 172 - 10.07 515.99 11334820
dry 50e2 2 215 - 0.03 0.11 26204
aoDLAV 50e2 2 215 - 0.02 0.15 30848
aoULAV 50e2 2 215 - 0.03 0.14 30864
aoD2AG 50e2 2 215 - 0.03 0.15 31792
aoD2SG 50e2 2 215 - 0.03 0.16 31884
moore 50e2 2 215 - 0.31 117.43 762972
nbpm 50e2 2 215 - 1.95 56.49 2011920
greedy 50e2 2 215 - 1.73 67.60 2764780
dry 56e6 2 28 - 0.61 1.79 1123924
aoDLAV 56e6 2 28 - 4.57 333.83 8330820
aoULAV 56e6 2 28 - 6.12 355.75 8330820
aoD2AG 56e6 2 28 - 10.60 498.72 12250636
aoD2SG 56e6 2 28 - 11.81 593.32 12695076
dry 56e2 2 37 - 0.02 0.13 26240
aoDLAV 56e2 2 37 - 0.03 0.16 30976
aoULAV 56e2 2 37 - 0.02 0.17 30988
aoD2AG 56e2 2 37 - 0.03 0.17 32000
aoD2SG 56e2 2 37 - 0.02 0.18 31124
moore 56e2 2 37 - 0.44 148.81 949980
nbpm 56e2 2 37 - 2.46 77.48 2388080
greedy 56e2 2 37 - 1.97 78.50 3460492
dry 25e2 2 100 - 0.02 0.12 26084
aoDLAV 25e2 2 100 - 0.03 0.14 30456
aoULAV 25e2 2 100 - 0.03 0.14 30464
aoD2AG 25e2 2 100 - 0.03 0.14 30992
aoD2SG 25e2 2 100 - 0.02 0.16 31040
moore 25e2 2 100 - 0.11 38.88 213600
nbpm 25e2 2 100 - 0.58 12.80 541636
greedy 25e2 2 100 - 0.49 10.66 713664
dry 32e2 2 23 - 0.02 0.12 26112
aoDLAV 32e2 2 23 - 0.04 0.15 30544
aoULAV 32e2 2 23 - 0.03 0.14 30548
aoD2AG 32e2 2 23 - 0.02 0.16 31212
aoD2SG 32e2 2 23 - 0.04 0.14 31268
moore 32e2 2 23 - 0.37 74.69 330512
nbpm 32e2 2 23 - 0.93 19.42 854752
greedy 32e2 2 23 - 0.80 22.31 1150168
dry 56e2 2 245 - 0.03 0.12 26236
aoDLAV 56e2 2 245 - 0.03 0.15 30976
aoULAV 56e2 2 245 - 0.03 0.15 30988
aoD2AG 56e2 2 245 - 0.03 0.17 31996
aoD2SG 56e2 2 245 - 0.03 0.17 31120
moore 56e2 2 245 - 0.54 194.27 952728
nbpm 56e2 2 245 - 2.47 73.76 2388092
greedy 56e2 2 245 - 2.08 80.82 3460488
dry 7e7 2 90 - 0.72 2.18 1397356
aoDLAV 7e7 2 90 - 5.69 412.46 10408936
aoULAV 7e7 2 90 - 7.61 444.08 10408940
aoD2AG 7e7 2 90 - 13.53 637.58 15302356
aoD2SG 7e7 2 90 - 15.17 937.07 15862096
dry 7e7 2 5 - 0.76 2.18 1397360
aoDLAV 7e7 2 5 - 5.88 425.28 10408936
aoULAV 7e7 2 5 - 7.86 476.05 10408952
aoD2AG 7e7 2 5 - 14.45 646.65 15303488
aoD2SG 7e7 2 5 - 15.17 767.79 15865084
dry 7e7 2 108 - 0.87 2.20 1397356
aoDLAV 7e7 2 108 - 6.02 419.06 10408936
aoULAV 7e7 2 108 - 7.28 450.02 10408936
aoD2AG 7e7 2 108 - 13.35 624.00 15305896
aoD2SG 7e7 2 108 - 14.77 759.79 15864824
dry 25e2 2 122 - 0.02 0.12 26080
aoDLAV 25e2 2 122 - 0.05 0.14 30456
aoULAV 25e2 2 122 - 0.02 0.16 30512
aoD2AG 25e2 2 122 - 0.04 0.15 30984
aoD2SG 25e2 2 122 - 0.03 0.16 31084
moore 25e2 2 122 - 0.09 19.53 213636
nbpm 25e2 2 122 - 0.60 12.32 541644
greedy 25e2 2 122 - 0.45 10.53 713664
dry 25e2 2 134 - 0.03 0.12 26080
aoDLAV 25e2 2 134 - 0.03 0.15 30452
aoULAV 25e2 2 134 - 0.04 0.15 30468
aoD2AG 25e2 2 134 - 0.03 0.16 30980
aoD2SG 25e2 2 134 - 0.03 0.16 31020
moore 25e2 2 134 - 0.11 35.93 213600
nbpm 25e2 2 134 - 0.59 12.88 541636
greedy 25e2 2 134 - 0.47 11.43 713668
dry 2e7 2 187 - 0.24 0.76 420800
aoDLAV 2e7 2 187 - 1.73 106.68 2987068
aoULAV 2e7 2 187 - 2.35 111.61 2987072
aoD2AG 2e7 2 187 - 3.69 161.42 4387256
aoD2SG 2e7 2 187 - 4.32 190.51 4548172
dry 18e6 2 150 - 0.24 0.70 381736
aoDLAV 18e6 2 150 - 1.55 93.82 2690192
aoULAV 18e6 2 150 - 2.03 99.19 2690196
aoD2AG 18e6 2 150 - 3.30 149.27 3951536
aoD2SG 18e6 2 150 - 3.74 166.72 4095940
dry 18e6 2 60 - 0.25 0.71 381740
aoDLAV 18e6 2 60 - 1.57 129.38 2690192
aoULAV 18e6 2 60 - 1.99 98.36 2690192
aoD2AG 18e6 2 60 - 3.13 140.13 3950236
aoD2SG 18e6 2 60 - 3.59 168.08 4094048
dry 56e6 2 140 - 0.60 1.78 1123924
aoDLAV 56e6 2 140 - 4.93 335.14 8330820
aoULAV 56e6 2 140 - 5.83 346.89 8330816
aoD2AG 56e6 2 140 - 11.21 517.57 12248388
aoD2SG 56e6 2 140 - 11.53 606.41 12692640
dry 18e2 2 223 - 0.02 0.12 26048
aoDLAV 18e2 2 223 - 0.03 0.15 30372
aoULAV 18e2 2 223 - 0.03 0.14 30388
aoD2AG 18e2 2 223 - 0.02 0.15 30792
aoD2SG 18e2 2 223 - 0.03 0.15 30824
moore 18e2 2 223 - 0.06 16.22 125408
nbpm 18e2 2 223 - 0.19 7.62 334528
greedy 18e2 2 223 - 0.25 3.82 384356
dry 56e2 2 39 - 0.03 0.12 26236
aoDLAV 56e2 2 39 - 0.03 0.15 30980
aoULAV 56e2 2 39 - 0.03 0.15 30992
aoD2AG 56e2 2 39 - 0.03 0.18 31976
aoD2SG 56e2 2 39 - 0.04 0.17 31120
moore 56e2 2 39 - 0.70 227.28 952716
nbpm 56e2 2 39 - 2.36 70.93 2388080
greedy 56e2 2 39 - 1.99 79.59 3460488
dry 1e4 2 27 - 0.02 0.12 26432
aoDLAV 1e4 2 27 - 0.03 0.17 31864
aoULAV 1e4 2 27 - 0.03 0.17 31876
aoD2AG 1e4 2 27 - 0.04 0.17 31880
aoD2SG 1e4 2 27 - 0.03 0.19 31992
moore 1e4 2 27 - 1.16 982.69 2960580
nbpm 1e4 2 27 - 7.48 360.65 7889424
greedy 1e4 2 27 - 6.59 266.42 10968572
dry 32e2 2 188 - 0.04 0.12 26112
aoDLAV 32e2 2 188 - 0.03 0.16 30544
aoULAV 32e2 2 188 - 0.03 0.16 30548
aoD2AG 32e2 2 188 - 0.03 0.16 31204
aoD2SG 32e2 2 188 - 0.03 0.16 31252
moore 32e2 2 188 - 0.16 34.10 330520
nbpm 32e2 2 188 - 0.93 21.73 854760
greedy 32e2 2 188 - 0.69 23.08 1150168
dry 1e4 10 132 - 0.03 0.12 29380
aoDLAV 1e4 10 132 - 0.04 0.72 32768
aoULAV 1e4 10 132 - 0.03 0.68 32776
aoD2AG 1e4 10 132 - 0.02 0.72 32744
aoD2SG 1e4 10 132 - 0.03 0.78 34176
moore 1e4 10 132 - 1.15 923.54 2963852
nbpm 1e4 10 132 - 7.52 730.97 7764380
greedy 1e4 10 132 - 6.45 276.34 10961112
dry 56e2 2 52 - 0.02 0.13 26240
aoDLAV 56e2 2 52 - 0.02 0.16 30976
aoULAV 56e2 2 52 - 0.03 0.15 30988
aoD2AG 56e2 2 52 - 0.03 0.17 31980
aoD2SG 56e2 2 52 - 0.02 0.18 31120
moore 56e2 2 52 - 0.54 182.03 952716
nbpm 56e2 2 52 - 2.42 92.54 2388080
greedy 56e2 2 52 - 2.02 77.36 3460492
dry 25e2 2 49 - 0.02 0.12 26080
aoDLAV 25e2 2 49 - 0.02 0.16 30452
aoULAV 25e2 2 49 - 0.03 0.14 30484
aoD2AG 25e2 2 49 - 0.02 0.15 30980
aoD2SG 25e2 2 49 - 0.02 0.15 31032
moore 25e2 2 49 - 0.13 29.17 213604
nbpm 25e2 2 49 - 0.52 12.36 541644
greedy 25e2 2 49 - 0.40 9.77 713664
dry 18e2 2 249 - 0.03 0.11 26048
aoDLAV 18e2 2 249 - 0.03 0.15 30376
aoULAV 18e2 2 249 - 0.03 0.15 30384
aoD2AG 18e2 2 249 - 0.04 0.14 30784
aoD2SG 18e2 2 249 - 0.02 0.16 30816
moore 18e2 2 249 - 0.07 20.67 125416
nbpm 18e2 2 249 - 0.19 7.78 334536
greedy 18e2 2 249 - 0.23 4.64 384352
dry 18e6 2 101 - 0.24 0.71 381740
aoDLAV 18e6 2 101 - 1.53 121.44 2690248
aoULAV 18e6 2 101 - 1.91 102.68 2690192
aoD2AG 18e6 2 101 - 3.28 146.86 3950812
aoD2SG 18e6 2 101 - 3.91 168.17 4095336
dry 18e2 2 202 - 0.02 0.13 26048
aoDLAV 18e2 2 202 - 0.02 0.15 30372
aoULAV 18e2 2 202 - 0.03 0.15 30388
aoD2AG 18e2 2 202 - 0.03 0.15 30800
aoD2SG 18e2 2 202 - 0.03 0.16 30828
moore 18e2 2 202 - 0.07 15.47 125416
nbpm 18e2 2 202 - 0.21 8.66 334540
greedy 18e2 2 202 - 0.26 4.35 384352
dry 6e7 2 109 - 0.68 1.90 1202048
aoDLAV 6e7 2 109 - 5.16 353.93 8924564
aoULAV 6e7 2 109 - 6.46 388.36 8924564
aoD2AG 6e7 2 109 - 11.82 554.75 13119408
aoD2SG 6e7 2 109 - 12.25 645.35 13599252
dry 1e4 2 155 - 0.02 0.12 26436
aoDLAV 1e4 2 155 - 0.03 0.17 31864
aoULAV 1e4 2 155 - 0.02 0.18 31876
aoD2AG 1e4 2 155 - 0.03 0.18 31880
aoD2SG 1e4 2 155 - 0.03 0.18 31992
moore 1e4 2 155 - 1.23 1112.88 2960580
nbpm 1e4 2 155 - 7.53 359.90 7889424
greedy 1e4 2 155 - 6.49 275.74 10968568
dry 56e2 2 94 - 0.02 0.13 26236
aoDLAV 56e2 2 94 - 0.03 0.15 30980
aoULAV 56e2 2 94 - 0.02 0.16 30992
aoD2AG 56e2 2 94 - 0.03 0.17 31968
aoD2SG 56e2 2 94 - 0.03 0.16 31124
moore 56e2 2 94 - 0.58 194.65 952724
nbpm 56e2 2 94 - 2.42 73.77 2388088
greedy 56e2 2 94 - 1.99 77.94 3460488
dry 1e4 5 10 - 0.03 0.11 26900
aoDLAV 1e4 5 10 - 0.03 0.21 31084
aoULAV 1e4 5 10 - 0.03 0.21 31096
aoD2AG 1e4 5 10 - 0.02 0.22 32144
aoD2SG 1e4 5 10 - 0.03 0.23 32152
moore 1e4 5 10 - 1.14 855.32 2961728
nbpm 1e4 5 10 - 7.80 881.74 7811456
greedy 1e4 5 10 - 6.38 298.12 10959176
dry 50e2 2 81 - 0.02 0.12 26204
aoDLAV 50e2 2 81 - 0.03 0.15 30852
aoULAV 50e2 2 81 - 0.03 0.15 30860
aoD2AG 50e2 2 81 - 0.03 0.15 31780
aoD2SG 50e2 2 81 - 0.03 0.16 31868
moore 50e2 2 81 - 0.52 167.30 764620
nbpm 50e2 2 81 - 2.00 55.34 2011916
greedy 50e2 2 81 - 1.83 64.78 2764784
dry 1e4 2 208 - 0.03 0.12 26432
aoDLAV 1e4 2 208 - 0.04 0.17 31864
aoULAV 1e4 2 208 - 0.03 0.18 31876
aoD2AG 1e4 2 208 - 0.03 0.18 31876
aoD2SG 1e4 2 208 - 0.03 0.19 31988
moore 1e4 2 208 - 1.33 1386.19 2960572
nbpm 1e4 2 208 - 7.65 354.76 7889416
greedy 1e4 2 208 - 6.83 274.91 10968568
dry 1e4 10 7 - 0.02 0.13 27688
aoDLAV 1e4 10 7 - 0.03 0.69 32764
aoULAV 1e4 10 7 - 0.04 0.71 32776
aoD2AG 1e4 10 7 - 0.04 0.73 32744
aoD2SG 1e4 10 7 - 0.04 0.80 34176
moore 1e4 10 7 - 1.18 1323.07 2963856
nbpm 1e4 10 7 - 7.51 692.35 7764392
greedy 1e4 10 7 - 6.88 282.57 10961108
dry 56e2 2 152 - 0.03 0.13 26236
aoDLAV 56e2 2 152 - 0.04 0.16 30976
aoULAV 56e2 2 152 - 0.05 0.16 30988
aoD2AG 56e2 2 152 - 0.03 0.20 31984
aoD2SG 56e2 2 152 - 0.04 0.17 31124
moore 56e2 2 152 - 0.48 188.06 952716
nbpm 56e2 2 152 - 2.36 72.82 2388080
greedy 56e2 2 152 - 2.09 78.39 3460496
dry 56e6 2 76 - 0.72 1.82 1123924
aoDLAV 56e6 2 76 - 4.62 333.05 8330816
aoULAV 56e6 2 76 - 6.12 358.99 8330820
aoD2AG 56e6 2 76 - 11.30 502.07 12247016
aoD2SG 56e6 2 76 - 11.90 577.71 12693200
dry 50e2 2 140 - 0.04 0.10 26204
aoDLAV 50e2 2 140 - 0.02 0.16 30852
aoULAV 50e2 2 140 - 0.03 0.15 30864
aoD2AG 50e2 2 140 - 0.03 0.15 31788
aoD2SG 50e2 2 140 - 0.03 0.17 31876
moore 50e2 2 140 - 0.52 170.41 764632
nbpm 50e2 2 140 - 1.98 57.97 2011924
greedy 50e2 2 140 - 1.89 64.01 2764780
dry 25e2 2 87 - 0.03 0.11 26080
aoDLAV 25e2 2 87 - 0.03 0.14 30456
aoULAV 25e2 2 87 - 0.04 0.14 30504
aoD2AG 25e2 2 87 - 0.03 0.15 30988
aoD2SG 25e2 2 87 - 0.03 0.15 31036
moore 25e2 2 87 - 0.10 26.61 213596
nbpm 25e2 2 87 - 0.51 12.03 541636
greedy 25e2 2 87 - 0.39 9.41 713668
dry 1e4 5 141 - 0.02 0.12 28568
aoDLAV 1e4 5 141 - 0.02 0.22 31084
aoULAV 1e4 5 141 - 0.03 0.21 31096
aoD2AG 1e4 5 141 - 0.03 0.22 32156
aoD2SG 1e4 5 141 - 0.03 0.23 32112
moore 1e4 5 141 - 1.22 909.16 2961736
nbpm 1e4 5 141 - 7.44 624.82 7811464
greedy 1e4 5 141 - 5.88 235.15 10959172
