dry 1e3 2 232 - 0.02 0.11 26024
aoDLAV 1e3 2 232 - 0.02 0.14 30280
aoULAV 1e3 2 232 - 0.03 0.13 30296
aoD2AG 1e3 2 232 - 0.02 0.14 30544
aoD2SG 1e3 2 232 - 0.02 0.14 30560
moore 1e3 2 232 - 0.04 2.70 59804
nbpm 1e3 2 232 - 0.14 4.21 138560
greedy 1e3 2 232 - 0.07 0.98 139248
dry 1e3 10 146 - 0.02 0.11 26136
aoDLAV 1e3 10 146 - 0.03 0.16 30652
aoULAV 1e3 10 146 - 0.03 0.15 30668
aoD2AG 1e3 10 146 - 0.03 0.16 31068
aoD2SG 1e3 10 146 - 0.03 0.15 31084
moore 1e3 10 146 - 0.04 6.23 59840
nbpm 1e3 10 146 - 0.11 5.08 136140
greedy 1e3 10 146 - 0.08 0.99 139616
dry 375e2 2 67 - 0.03 0.11 27516
aoDLAV 375e2 2 67 - 0.02 0.21 31784
aoULAV 375e2 2 67 - 0.02 0.22 32604
aoD2AG 375e2 2 67 - 0.02 0.26 35516
aoD2SG 375e2 2 67 - 0.03 0.27 35528
dry 400e2 2 145 - 0.02 0.12 30928
aoDLAV 400e2 2 145 - 0.02 0.25 32236
aoULAV 400e2 2 145 - 0.03 0.23 33112
aoD2AG 400e2 2 145 - 0.03 0.27 36068
aoD2SG 400e2 2 145 - 0.04 0.30 35928
dry 56e1 2 26 - 0.03 0.11 26008
aoDLAV 56e1 2 26 - 0.03 0.14 30220
aoULAV 56e1 2 26 - 0.02 0.15 30236
aoD2AG 56e1 2 26 - 0.03 0.14 30416
aoD2SG 56e1 2 26 - 0.03 0.15 30428
moore 56e1 2 26 - 0.03 1.35 39660
nbpm 56e1 2 26 - 0.09 3.28 78712
greedy 56e1 2 26 - 0.05 0.39 64104
dry 325e2 2 235 - 0.03 0.11 27316
aoDLAV 325e2 2 235 - 0.03 0.21 31372
aoULAV 325e2 2 235 - 0.02 0.22 32088
aoD2AG 325e2 2 235 - 0.03 0.24 35004
aoD2SG 325e2 2 235 - 0.03 0.26 34764
dry 32e4 2 78 - 0.03 0.16 36424
aoDLAV 32e4 2 78 - 0.05 1.20 70828
aoULAV 32e4 2 78 - 0.05 1.23 70844
aoD2AG 32e4 2 78 - 0.07 1.69 88692
aoD2SG 32e4 2 78 - 0.07 1.91 90860
dry 1e5 10 194 - 0.03 0.17 38396
aoDLAV 1e5 10 194 - 0.04 23.87 53536
aoULAV 1e5 10 194 - 0.05 22.29 55312
aoD2AG 1e5 10 194 - 0.05 21.72 62804
aoD2SG 1e5 10 194 - 0.05 23.86 66832
dry 225e2 2 34 - 0.02 0.12 26920
aoDLAV 225e2 2 34 - 0.03 0.20 30980
aoULAV 225e2 2 34 - 0.02 0.21 30992
aoD2AG 225e2 2 34 - 0.03 0.21 33368
aoD2SG 225e2 2 34 - 0.03 0.22 33464
dry 1e2 10 22 - 0.02 0.12 26004
aoDLAV 1e2 10 22 - 0.02 0.15 30260
aoULAV 1e2 10 22 - 0.03 0.13 30276
aoD2AG 1e2 10 22 - 0.03 0.15 30440
aoD2SG 1e2 10 22 - 0.02 0.14 30452
moore 1e2 10 22 - 0.02 0.23 30496
nbpm 1e2 10 22 - 0.08 2.14 53076
greedy 1e2 10 22 - 0.02 0.14 30972
dry 1e1 2 209 - 0.02 0.12 25992
aoDLAV 1e1 2 209 - 0.03 0.13 30160
aoULAV 1e1 2 209 - 0.03 0.13 30172
aoD2AG 1e1 2 209 - 0.03 0.14 30316
aoD2SG 1e1 2 209 - 0.03 0.14 30320
moore 1e1 2 209 - 0.03 0.18 30480
nbpm 1e1 2 209 - 0.08 2.25 49816
greedy 1e1 2 209 - 0.03 0.14 30124
dry 1e5 5 237 - 0.03 0.12 34480
aoDLAV 1e5 5 237 - 0.06 1.61 41820
aoULAV 1e5 5 237 - 0.06 1.61 43572
aoD2AG 1e5 5 237 - 0.04 1.98 53564
aoD2SG 1e5 5 237 - 0.05 1.80 53200
dry 1e6 2 106 - 0.04 0.20 49704
aoDLAV 1e6 2 106 - 0.10 3.65 178460
aoULAV 1e6 2 106 - 0.13 3.77 178460
aoD2AG 1e6 2 106 - 0.16 7.01 234072
aoD2SG 1e6 2 106 - 0.17 5.98 242476
dry 300e2 2 132 - 0.02 0.12 30724
aoDLAV 300e2 2 132 - 0.03 0.21 31300
aoULAV 300e2 2 132 - 0.03 0.21 31896
aoD2AG 300e2 2 132 - 0.03 0.24 35060
aoD2SG 300e2 2 132 - 0.04 0.24 34716
dry 400e2 2 72 - 0.03 0.11 29552
aoDLAV 400e2 2 72 - 0.03 0.23 32236
aoULAV 400e2 2 72 - 0.03 0.24 33116
aoD2AG 400e2 2 72 - 0.03 0.28 36072
aoD2SG 400e2 2 72 - 0.04 0.28 35928
dry 350e2 2 185 - 0.02 0.12 29216
aoDLAV 350e2 2 185 - 0.02 0.23 31480
aoULAV 350e2 2 185 - 0.02 0.24 32260
aoD2AG 350e2 2 185 - 0.03 0.27 34848
aoD2SG 350e2 2 185 - 0.04 0.28 35136
dry 1e3 10 216 - 0.03 0.11 26140
aoDLAV 1e3 10 216 - 0.03 0.17 30652
aoULAV 1e3 10 216 - 0.02 0.17 30668
aoD2AG 1e3 10 216 - 0.03 0.17 31048
aoD2SG 1e3 10 216 - 0.03 0.16 31084
moore 1e3 10 216 - 0.03 3.42 59996
nbpm 1e3 10 216 - 0.14 5.27 136140
greedy 1e3 10 216 - 0.07 1.05 139616
dry 5e4 2 137 - 0.02 0.12 31116
aoDLAV 5e4 2 137 - 0.03 0.27 33008
aoULAV 5e4 2 137 - 0.03 0.27 33312
aoD2AG 5e4 2 137 - 0.03 0.33 36408
aoD2SG 5e4 2 137 - 0.03 0.35 36420
dry 1e5 10 123 - 0.03 0.18 38396
aoDLAV 1e5 10 123 - 0.25 21.69 53536
aoULAV 1e5 10 123 - 0.32 21.87 55308
aoD2AG 1e5 10 123 - 0.28 22.10 62756
aoD2SG 1e5 10 123 - 0.18 25.74 66832
dry 56e1 2 169 - 0.02 0.12 26008
aoDLAV 56e1 2 169 - 0.03 0.15 30220
aoULAV 56e1 2 169 - 0.03 0.15 30236
aoD2AG 56e1 2 169 - 0.02 0.16 30416
aoD2SG 56e1 2 169 - 0.03 0.15 30428
moore 56e1 2 169 - 0.03 1.54 39660
nbpm 56e1 2 169 - 0.10 2.94 78712
greedy 56e1 2 169 - 0.04 0.39 64108
dry 18e4 2 227 - 0.03 0.14 33104
aoDLAV 18e4 2 227 - 0.05 0.79 47860
aoULAV 18e4 2 227 - 0.05 0.79 47860
aoD2AG 18e4 2 227 - 0.06 1.03 58640
aoD2SG 18e4 2 227 - 0.06 1.13 60012
dry 18e1 2 97 - 0.01 0.12 26004
aoDLAV 18e1 2 97 - 0.02 0.15 30188
aoULAV 18e1 2 97 - 0.02 0.14 30200
aoD2AG 18e1 2 97 - 0.02 0.14 30360
aoD2SG 18e1 2 97 - 0.02 0.15 30364
moore 18e1 2 97 - 0.03 0.30 30492
nbpm 18e1 2 97 - 0.07 2.20 54436
greedy 18e1 2 97 - 0.03 0.16 33352
dry 32e3 2 195 - 0.03 0.12 27296
aoDLAV 32e3 2 195 - 0.03 0.22 31436
aoULAV 32e3 2 195 - 0.03 0.23 32144
aoD2AG 32e3 2 195 - 0.03 0.25 35020
aoD2SG 32e3 2 195 - 0.03 0.26 34792
dry 18e1 2 6 - 0.02 0.12 26008
aoDLAV 18e1 2 6 - 0.02 0.15 30184
aoULAV 18e1 2 6 - 0.03 0.15 30200
aoD2AG 18e1 2 6 - 0.02 0.15 30356
aoD2SG 18e1 2 6 - 0.02 0.15 30364
moore 18e1 2 6 - 0.03 0.24 30496
nbpm 18e1 2 6 - 0.08 2.18 54448
greedy 18e1 2 6 - 0.03 0.16 33352
dry 32e3 2 128 - 0.03 0.11 27296
aoDLAV 32e3 2 128 - 0.03 0.23 31436
aoULAV 32e3 2 128 - 0.03 0.23 32148
aoD2AG 32e3 2 128 - 0.04 0.26 35024
aoD2SG 32e3 2 128 - 0.04 0.28 34788
dry 18e1 2 41 - 0.03 0.12 26008
aoDLAV 18e1 2 41 - 0.02 0.15 30184
aoULAV 18e1 2 41 - 0.03 0.15 30196
aoD2AG 18e1 2 41 - 0.02 0.15 30356
aoD2SG 18e1 2 41 - 0.02 0.14 30364
moore 18e1 2 41 - 0.03 0.30 30496
nbpm 18e1 2 41 - 0.09 2.30 54444
greedy 18e1 2 41 - 0.03 0.15 33352
dry 1e6 10 160 - 0.09 0.40 112232
aoDLAV 1e6 10 160 - 0.20 377.76 369888
aoULAV 1e6 10 160 - 0.99 372.75 369884
aoD2AG 1e6 10 160 - 0.63 513.16 447684
aoD2SG 1e6 10 160 - 0.38 423.24 457040
dry 32e1 2 44 - 0.01 0.12 26000
aoDLAV 32e1 2 44 - 0.02 0.15 30196
aoULAV 32e1 2 44 - 0.03 0.14 30208
aoD2AG 32e1 2 44 - 0.02 0.14 30380
aoD2SG 32e1 2 44 - 0.02 0.14 30384
moore 32e1 2 44 - 0.02 0.60 33680
nbpm 32e1 2 44 - 0.10 2.39 58304
greedy 32e1 2 44 - 0.03 0.21 40976
dry 400e2 2 39 - 0.03 0.11 27616
aoDLAV 400e2 2 39 - 0.03 0.24 32236
aoULAV 400e2 2 39 - 0.03 0.25 33112
aoD2AG 400e2 2 39 - 0.03 0.29 36072
aoD2SG 400e2 2 39 - 0.04 0.28 35932
dry 350e2 2 81 - 0.03 0.11 27416
aoDLAV 350e2 2 81 - 0.03 0.23 31484
aoULAV 350e2 2 81 - 0.03 0.22 32264
aoD2AG 350e2 2 81 - 0.02 0.26 34852
aoD2SG 350e2 2 81 - 0.04 0.26 35132
dry 32e1 2 96 - 0.02 0.11 26000
aoDLAV 32e1 2 96 - 0.03 0.14 30196
aoULAV 32e1 2 96 - 0.02 0.15 30208
aoD2AG 32e1 2 96 - 0.02 0.15 30376
aoD2SG 32e1 2 96 - 0.02 0.15 30384
moore 32e1 2 96 - 0.03 0.35 33684
nbpm 32e1 2 96 - 0.07 2.28 58308
greedy 32e1 2 96 - 0.04 0.20 40976
dry 5e4 2 61 - 0.02 0.12 29416
aoDLAV 5e4 2 61 - 0.03 0.27 33008
aoULAV 5e4 2 61 - 0.04 0.26 33312
aoD2AG 5e4 2 61 - 0.03 0.35 36412
aoD2SG 5e4 2 61 - 0.03 0.34 36424
dry 1e5 2 188 - 0.03 0.13 32124
aoDLAV 1e5 2 188 - 0.04 0.45 34800
aoULAV 1e5 2 188 - 0.03 0.46 35324
aoD2AG 1e5 2 188 - 0.03 0.59 42600
aoD2SG 1e5 2 188 - 0.04 0.61 43800
dry 250e2 2 157 - 0.02 0.12 27020
aoDLAV 250e2 2 157 - 0.03 0.21 31112
aoULAV 250e2 2 157 - 0.03 0.21 31212
aoD2AG 250e2 2 157 - 0.03 0.23 33860
aoD2SG 250e2 2 157 - 0.03 0.22 33968
dry 1e3 5 171 - 0.02 0.12 26056
aoDLAV 1e3 5 171 - 0.02 0.15 30428
aoULAV 1e3 5 171 - 0.02 0.15 30436
aoD2AG 1e3 5 171 - 0.03 0.15 30744
aoD2SG 1e3 5 171 - 0.02 0.15 30776
moore 1e3 5 171 - 0.06 2.22 59832
nbpm 1e3 5 171 - 0.14 5.01 129244
greedy 1e3 5 171 - 0.09 0.95 139388
dry 1e2 5 130 - 0.02 0.12 25996
aoDLAV 1e2 5 130 - 0.02 0.15 30216
aoULAV 1e2 5 130 - 0.03 0.15 30228
aoD2AG 1e2 5 130 - 0.03 0.14 30384
aoD2SG 1e2 5 130 - 0.03 0.14 30388
moore 1e2 5 130 - 0.03 0.22 30492
nbpm 1e2 5 130 - 0.10 2.32 53016
greedy 1e2 5 130 - 0.03 0.15 30920
dry 1e2 10 35 - 0.03 0.11 26004
aoDLAV 1e2 10 35 - 0.03 0.15 30260
aoULAV 1e2 10 35 - 0.02 0.15 30272
aoD2AG 1e2 10 35 - 0.03 0.15 30444
aoD2SG 1e2 10 35 - 0.03 0.15 30444
moore 1e2 10 35 - 0.03 0.26 30496
nbpm 1e2 10 35 - 0.07 2.20 53076
greedy 1e2 10 35 - 0.04 0.14 30976
dry 1e1 2 130 - 0.02 0.12 25992
aoDLAV 1e1 2 130 - 0.03 0.14 30164
aoULAV 1e1 2 130 - 0.03 0.14 30172
aoD2AG 1e1 2 130 - 0.03 0.14 30312
aoD2SG 1e1 2 130 - 0.02 0.14 30312
moore 1e1 2 130 - 0.03 0.18 30476
nbpm 1e1 2 130 - 0.07 2.21 49816
greedy 1e1 2 130 - 0.03 0.14 30128
dry 275e2 2 149 - 0.02 0.12 27120
aoDLAV 275e2 2 149 - 0.03 0.21 31256
aoULAV 275e2 2 149 - 0.03 0.21 31572
aoD2AG 275e2 2 149 - 0.03 0.23 34700
aoD2SG 275e2 2 149 - 0.03 0.23 34808
dry 1e2 10 132 - 0.02 0.12 26004
aoDLAV 1e2 10 132 - 0.03 0.15 30260
aoULAV 1e2 10 132 - 0.02 0.15 30272
aoD2AG 1e2 10 132 - 0.03 0.15 30440
aoD2SG 1e2 10 132 - 0.03 0.14 30448
moore 1e2 10 132 - 0.04 0.22 30500
nbpm 1e2 10 132 - 0.09 2.10 53076
greedy 1e2 10 132 - 0.03 0.15 30972
dry 400e2 2 199 - 0.03 0.11 29612
aoDLAV 400e2 2 199 - 0.03 0.24 32236
aoULAV 400e2 2 199 - 0.04 0.22 33112
aoD2AG 400e2 2 199 - 0.04 0.26 36072
aoD2SG 400e2 2 199 - 0.04 0.28 35932
dry 1e3 5 135 - 0.02 0.12 26056
aoDLAV 1e3 5 135 - 0.03 0.15 30424
aoULAV 1e3 5 135 - 0.03 0.15 30436
aoD2AG 1e3 5 135 - 0.03 0.14 30736
aoD2SG 1e3 5 135 - 0.03 0.15 30764
moore 1e3 5 135 - 0.05 8.35 59800
nbpm 1e3 5 135 - 0.11 4.40 129244
greedy 1e3 5 135 - 0.07 0.99 139388
dry 1e3 10 134 - 0.03 0.11 26140
aoDLAV 1e3 10 134 - 0.02 0.16 30656
aoULAV 1e3 10 134 - 0.02 0.17 30664
aoD2AG 1e3 10 134 - 0.03 0.16 31068
aoD2SG 1e3 10 134 - 0.03 0.16 31096
moore 1e3 10 134 - 0.04 5.14 59844
nbpm 1e3 10 134 - 0.13 4.63 136144
greedy 1e3 10 134 - 0.07 1.07 139620
dry 1e2 10 89 - 0.01 0.12 26004
aoDLAV 1e2 10 89 - 0.03 0.13 30260
aoULAV 1e2 10 89 - 0.03 0.14 30272
aoD2AG 1e2 10 89 - 0.02 0.15 30440
aoD2SG 1e2 10 89 - 0.02 0.15 30448
moore 1e2 10 89 - 0.03 0.21 30496
nbpm 1e2 10 89 - 0.06 2.19 53080
greedy 1e2 10 89 - 0.03 0.14 30976
dry 275e2 2 107 - 0.03 0.11 30680
aoDLAV 275e2 2 107 - 0.03 0.20 31244
aoULAV 275e2 2 107 - 0.02 0.21 31572
aoD2AG 275e2 2 107 - 0.03 0.22 34700
aoD2SG 275e2 2 107 - 0.02 0.24 34812
dry 275e2 2 160 - 0.02 0.12 27120
aoDLAV 275e2 2 160 - 0.03 0.20 31240
aoULAV 275e2 2 160 - 0.03 0.20 31572
aoD2AG 275e2 2 160 - 0.03 0.23 34700
aoD2SG 275e2 2 160 - 0.03 0.24 34808
dry 1e2 5 93 - 0.02 0.12 26000
aoDLAV 1e2 5 93 - 0.02 0.15 30216
aoULAV 1e2 5 93 - 0.02 0.14 30224
aoD2AG 1e2 5 93 - 0.02 0.15 30388
aoD2SG 1e2 5 93 - 0.03 0.15 30388
moore 1e2 5 93 - 0.03 0.22 30492
nbpm 1e2 5 93 - 0.10 2.21 53020
greedy 1e2 5 93 - 0.02 0.15 30920
dry 1e5 2 166 - 0.02 0.13 32124
aoDLAV 1e5 2 166 - 0.03 0.46 34800
aoULAV 1e5 2 166 - 0.03 0.48 35320
aoD2AG 1e5 2 166 - 0.04 0.60 42600
aoD2SG 1e5 2 166 - 0.05 0.67 43804
dry 5e4 2 246 - 0.02 0.12 28004
aoDLAV 5e4 2 246 - 0.03 0.27 33008
aoULAV 5e4 2 246 - 0.04 0.27 33312
aoD2AG 5e4 2 246 - 0.04 0.33 36412
aoD2SG 5e4 2 246 - 0.03 0.36 36424
dry 1e1 2 69 - 0.03 0.11 25996
aoDLAV 1e1 2 69 - 0.02 0.14 30160
aoULAV 1e1 2 69 - 0.01 0.15 30172
aoD2AG 1e1 2 69 - 0.03 0.14 30316
aoD2SG 1e1 2 69 - 0.03 0.14 30324
moore 1e1 2 69 - 0.03 0.18 30484
nbpm 1e1 2 69 - 0.09 2.10 49828
greedy 1e1 2 69 - 0.03 0.14 30124
dry 1e3 5 191 - 0.02 0.12 26056
aoDLAV 1e3 5 191 - 0.03 0.15 30424
aoULAV 1e3 5 191 - 0.02 0.15 30436
aoD2AG 1e3 5 191 - 0.03 0.15 30744
aoD2SG 1e3 5 191 - 0.02 0.16 30776
moore 1e3 5 191 - 0.04 5.12 59800
nbpm 1e3 5 191 - 0.10 4.49 129340
greedy 1e3 5 191 - 0.08 1.03 139388
dry 375e2 2 109 - 0.02 0.12 27520
aoDLAV 375e2 2 109 - 0.02 0.23 31784
aoULAV 375e2 2 109 - 0.02 0.23 32608
aoD2AG 375e2 2 109 - 0.02 0.27 35516
aoD2SG 375e2 2 109 - 0.03 0.28 35528
dry 56e3 2 135 - 0.03 0.12 30008
aoDLAV 56e3 2 135 - 0.03 0.28 33476
aoULAV 56e3 2 135 - 0.02 0.30 34700
aoD2AG 56e3 2 135 - 0.03 0.35 37284
aoD2SG 56e3 2 135 - 0.04 0.38 37304
dry 275e2 2 154 - 0.02 0.12 27120
aoDLAV 275e2 2 154 - 0.03 0.20 31240
aoULAV 275e2 2 154 - 0.03 0.20 31568
aoD2AG 275e2 2 154 - 0.03 0.22 34696
aoD2SG 275e2 2 154 - 0.03 0.23 34812
dry 250e2 2 250 - 0.02 0.12 27024
aoDLAV 250e2 2 250 - 0.02 0.20 31112
aoULAV 250e2 2 250 - 0.02 0.21 31212
aoD2AG 250e2 2 250 - 0.03 0.22 33864
aoD2SG 250e2 2 250 - 0.03 0.23 33964
dry 1e6 10 217 - 0.07 0.41 112232
aoDLAV 1e6 10 217 - 0.21 389.10 369884
aoULAV 1e6 10 217 - 0.27 376.69 369904
aoD2AG 1e6 10 217 - 0.39 375.27 447340
aoD2SG 1e6 10 217 - 0.42 455.49 457812
dry 32e4 2 75 - 0.04 0.17 36428
aoDLAV 32e4 2 75 - 0.05 1.21 70832
aoULAV 32e4 2 75 - 0.07 1.24 70840
aoD2AG 32e4 2 75 - 0.07 1.72 88916
aoD2SG 32e4 2 75 - 0.07 1.92 90880
dry 1e6 2 208 - 0.04 0.20 49708
aoDLAV 1e6 2 208 - 0.13 3.62 178456
aoULAV 1e6 2 208 - 0.13 3.84 178460
aoD2AG 1e6 2 208 - 0.17 5.52 233460
aoD2SG 1e6 2 208 - 0.20 6.28 241688
dry 350e2 2 142 - 0.03 0.12 27416
aoDLAV 350e2 2 142 - 0.03 0.23 31480
aoULAV 350e2 2 142 - 0.03 0.24 32260
aoD2AG 350e2 2 142 - 0.02 0.29 34848
aoD2SG 350e2 2 142 - 0.03 0.28 35132
dry 1e6 5 216 - 0.07 0.27 73156
aoDLAV 1e6 5 216 - 0.19 19.77 252692
aoULAV 1e6 5 216 - 0.13 20.19 252708
aoD2AG 1e6 5 216 - 0.34 21.82 323984
aoD2SG 1e6 5 216 - 0.21 25.36 332120
dry 350e2 2 5 - 0.04 0.11 27420
aoDLAV 350e2 2 5 - 0.02 0.25 31480
aoULAV 350e2 2 5 - 0.03 0.24 32256
aoD2AG 350e2 2 5 - 0.03 0.27 34848
aoD2SG 350e2 2 5 - 0.04 0.27 35128
dry 1e6 5 94 - 0.05 0.27 73156
aoDLAV 1e6 5 94 - 0.14 19.48 252688
aoULAV 1e6 5 94 - 0.15 19.86 252688
aoD2AG 1e6 5 94 - 0.22 21.81 322932
aoD2SG 1e6 5 94 - 0.21 25.06 332560
dry 325e2 2 118 - 0.02 0.12 27316
aoDLAV 325e2 2 118 - 0.03 0.21 31372
aoULAV 325e2 2 118 - 0.02 0.23 32084
aoD2AG 325e2 2 118 - 0.03 0.25 35000
aoD2SG 325e2 2 118 - 0.04 0.26 34760
dry 275e2 2 175 - 0.03 0.12 27124
aoDLAV 275e2 2 175 - 0.03 0.20 31244
aoULAV 275e2 2 175 - 0.03 0.21 31572
aoD2AG 275e2 2 175 - 0.02 0.24 34692
aoD2SG 275e2 2 175 - 0.03 0.24 34812
dry 350e2 2 3 - 0.03 0.11 27416
aoDLAV 350e2 2 3 - 0.03 0.22 31480
aoULAV 350e2 2 3 - 0.03 0.23 32268
aoD2AG 350e2 2 3 - 0.03 0.25 34848
aoD2SG 350e2 2 3 - 0.03 0.27 35188
dry 1e3 2 201 - 0.01 0.13 26024
aoDLAV 1e3 2 201 - 0.03 0.14 30284
aoULAV 1e3 2 201 - 0.03 0.14 30336
aoD2AG 1e3 2 201 - 0.03 0.14 30544
aoD2SG 1e3 2 201 - 0.02 0.15 30556
moore 1e3 2 201 - 0.05 4.31 59768
nbpm 1e3 2 201 - 0.14 4.04 138560
greedy 1e3 2 201 - 0.09 1.01 139244
dry 18e4 2 102 - 0.03 0.14 33104
aoDLAV 18e4 2 102 - 0.04 0.73 47860
aoULAV 18e4 2 102 - 0.05 0.75 47860
aoD2AG 18e4 2 102 - 0.05 0.99 58640
aoD2SG 18e4 2 102 - 0.06 1.11 59892
dry 18e4 2 70 - 0.02 0.14 33104
aoDLAV 18e4 2 70 - 0.04 0.78 47860
aoULAV 18e4 2 70 - 0.05 0.84 47860
aoD2AG 18e4 2 70 - 0.06 1.09 58640
aoD2SG 18e4 2 70 - 0.05 1.17 59956
dry 1e3 2 85 - 0.02 0.12 26020
aoDLAV 1e3 2 85 - 0.03 0.14 30280
aoULAV 1e3 2 85 - 0.03 0.14 30292
aoD2AG 1e3 2 85 - 0.02 0.15 30544
aoD2SG 1e3 2 85 - 0.02 0.15 30572
moore 1e3 2 85 - 0.04 4.94 59856
nbpm 1e3 2 85 - 0.16 4.27 138560
greedy 1e3 2 85 - 0.08 1.02 139244
dry 250e2 2 68 - 0.02 0.12 28992
aoDLAV 250e2 2 68 - 0.04 0.20 31108
aoULAV 250e2 2 68 - 0.03 0.20 31212
aoD2AG 250e2 2 68 - 0.03 0.22 33856
aoD2SG 250e2 2 68 - 0.03 0.24 33964
dry 1e5 10 70 - 0.03 0.18 38396
aoDLAV 1e5 10 70 - 0.05 20.72 53536
aoULAV 1e5 10 70 - 0.05 19.98 55312
aoD2AG 1e5 10 70 - 0.06 20.30 62632
aoD2SG 1e5 10 70 - 0.05 23.05 66868
dry 1e1 2 72 - 0.01 0.13 25996
aoDLAV 1e1 2 72 - 0.03 0.14 30160
aoULAV 1e1 2 72 - 0.02 0.15 30172
aoD2AG 1e1 2 72 - 0.03 0.14 30316
aoD2SG 1e1 2 72 - 0.03 0.14 30312
moore 1e1 2 72 - 0.02 0.18 30484
nbpm 1e1 2 72 - 0.08 2.17 49824
greedy 1e1 2 72 - 0.02 0.15 30124
dry 1e3 5 82 - 0.02 0.12 26056
aoDLAV 1e3 5 82 - 0.03 0.15 30424
aoULAV 1e3 5 82 - 0.03 0.14 30476
aoD2AG 1e3 5 82 - 0.03 0.15 30744
aoD2SG 1e3 5 82 - 0.03 0.15 30768
moore 1e3 5 82 - 0.05 3.51 59832
nbpm 1e3 5 82 - 0.10 4.73 129244
greedy 1e3 5 82 - 0.08 1.07 139392
dry 325e2 2 247 - 0.03 0.12 27952
aoDLAV 325e2 2 247 - 0.03 0.23 31376
aoULAV 325e2 2 247 - 0.02 0.24 32084
aoD2AG 325e2 2 247 - 0.03 0.25 35000
aoD2SG 325e2 2 247 - 0.03 0.27 34760
dry 375e2 2 207 - 0.02 0.12 27516
aoDLAV 375e2 2 207 - 0.03 0.24 31784
aoULAV 375e2 2 207 - 0.03 0.25 32604
aoD2AG 375e2 2 207 - 0.03 0.28 35516
aoD2SG 375e2 2 207 - 0.03 0.29 35524
dry 250e2 2 220 - 0.02 0.12 27020
aoDLAV 250e2 2 220 - 0.02 0.21 31108
aoULAV 250e2 2 220 - 0.02 0.22 31212
aoD2AG 250e2 2 220 - 0.02 0.23 33860
aoD2SG 250e2 2 220 - 0.03 0.23 33960
dry 1e2 5 213 - 0.03 0.11 25996
aoDLAV 1e2 5 213 - 0.03 0.15 30212
aoULAV 1e2 5 213 - 0.03 0.14 30224
aoD2AG 1e2 5 213 - 0.02 0.15 30376
aoD2SG 1e2 5 213 - 0.02 0.15 30388
moore 1e2 5 213 - 0.03 0.23 30492
nbpm 1e2 5 213 - 0.10 2.21 53016
greedy 1e2 5 213 - 0.03 0.15 30920
dry 32e1 2 184 - 0.02 0.12 26000
aoDLAV 32e1 2 184 - 0.03 0.15 30196
aoULAV 32e1 2 184 - 0.03 0.14 30208
aoD2AG 32e1 2 184 - 0.03 0.15 30380
aoD2SG 32e1 2 184 - 0.03 0.14 30384
moore 32e1 2 184 - 0.03 0.38 33688
nbpm 32e1 2 184 - 0.09 2.37 58308
greedy 32e1 2 184 - 0.04 0.21 40972
dry 1e5 5 129 - 0.04 0.13 34488
aoDLAV 1e5 5 129 - 0.04 1.50 41816
aoULAV 1e5 5 129 - 0.04 1.46 43576
aoD2AG 1e5 5 129 - 0.04 1.56 53564
aoD2SG 1e5 5 129 - 0.04 1.73 53200
dry 5e4 10 77 - 0.03 0.13 33888
aoDLAV 5e4 10 77 - 0.04 7.01 40200
aoULAV 5e4 10 77 - 0.04 7.30 40200
aoD2AG 5e4 10 77 - 0.05 8.36 44984
aoD2SG 5e4 10 77 - 0.05 9.05 44996
dry 325e2 2 87 - 0.03 0.12 29096
aoDLAV 325e2 2 87 - 0.03 0.21 31372
aoULAV 325e2 2 87 - 0.02 0.22 32084
aoD2AG 325e2 2 87 - 0.03 0.25 35004
aoD2SG 325e2 2 87 - 0.03 0.25 34760
dry 18e4 2 65 - 0.03 0.14 33280
aoDLAV 18e4 2 65 - 0.04 0.74 47860
aoULAV 18e4 2 65 - 0.05 0.91 47864
aoD2AG 18e4 2 65 - 0.08 1.01 58644
aoD2SG 18e4 2 65 - 0.05 1.18 59844
dry 32e3 2 144 - 0.02 0.12 27296
aoDLAV 32e3 2 144 - 0.04 0.21 31440
aoULAV 32e3 2 144 - 0.04 0.22 32148
aoD2AG 32e3 2 144 - 0.04 0.25 35024
aoD2SG 32e3 2 144 - 0.03 0.25 34784
dry 32e1 2 27 - 0.03 0.11 26004
aoDLAV 32e1 2 27 - 0.03 0.13 30196
aoULAV 32e1 2 27 - 0.03 0.14 30212
aoD2AG 32e1 2 27 - 0.03 0.15 30384
aoD2SG 32e1 2 27 - 0.03 0.15 30388
moore 32e1 2 27 - 0.03 0.65 33676
nbpm 32e1 2 27 - 0.09 2.39 58300
greedy 32e1 2 27 - 0.03 0.22 40972
dry 300e2 2 245 - 0.02 0.12 27216
aoDLAV 300e2 2 245 - 0.03 0.21 31296
aoULAV 300e2 2 245 - 0.02 0.21 31896
aoD2AG 300e2 2 245 - 0.03 0.23 35056
aoD2SG 300e2 2 245 - 0.03 0.24 34716
dry 250e2 2 22 - 0.02 0.12 27020
aoDLAV 250e2 2 22 - 0.03 0.21 31112
aoULAV 250e2 2 22 - 0.03 0.20 31212
aoD2AG 250e2 2 22 - 0.04 0.21 33860
aoD2SG 250e2 2 22 - 0.05 0.23 33968
dry 32e4 2 16 - 0.02 0.17 36424
aoDLAV 32e4 2 16 - 0.06 1.41 70828
aoULAV 32e4 2 16 - 0.06 1.30 70840
aoD2AG 32e4 2 16 - 0.08 1.80 89268
aoD2SG 32e4 2 16 - 0.07 1.97 91036
dry 1e1 2 32 - 0.02 0.13 25992
aoDLAV 1e1 2 32 - 0.03 0.13 30164
aoULAV 1e1 2 32 - 0.02 0.15 30172
aoD2AG 1e1 2 32 - 0.02 0.15 30316
aoD2SG 1e1 2 32 - 0.02 0.15 30324
moore 1e1 2 32 - 0.03 0.18 30484
nbpm 1e1 2 32 - 0.07 2.21 49824
greedy 1e1 2 32 - 0.03 0.14 30128
dry 56e4 2 227 - 0.04 0.18 41104
aoDLAV 56e4 2 227 - 0.07 1.99 107984
aoULAV 56e4 2 227 - 0.09 2.03 107984
aoD2AG 56e4 2 227 - 0.10 3.52 140068
aoD2SG 56e4 2 227 - 0.13 3.62 145204
dry 32e3 2 48 - 0.03 0.11 27296
aoDLAV 32e3 2 48 - 0.03 0.22 31436
aoULAV 32e3 2 48 - 0.03 0.21 32152
aoD2AG 32e3 2 48 - 0.03 0.24 35024
aoD2SG 32e3 2 48 - 0.03 0.28 34788
dry 32e1 2 163 - 0.02 0.11 26000
aoDLAV 32e1 2 163 - 0.03 0.14 30200
aoULAV 32e1 2 163 - 0.02 0.14 30208
aoD2AG 32e1 2 163 - 0.02 0.15 30376
aoD2SG 32e1 2 163 - 0.03 0.15 30384
moore 32e1 2 163 - 0.03 0.73 33680
nbpm 32e1 2 163 - 0.08 2.61 58304
greedy 32e1 2 163 - 0.03 0.22 40976
dry 400e2 2 153 - 0.02 0.12 27616
aoDLAV 400e2 2 153 - 0.03 0.24 32240
aoULAV 400e2 2 153 - 0.03 0.24 33116
aoD2AG 400e2 2 153 - 0.03 0.29 36072
aoD2SG 400e2 2 153 - 0.03 0.30 35928
dry 1e6 10 179 - 0.07 0.43 112236
aoDLAV 1e6 10 179 - 0.24 383.42 369884
aoULAV 1e6 10 179 - 0.30 501.92 369892
aoD2AG 1e6 10 179 - 0.39 359.44 447228
aoD2SG 1e6 10 179 - 0.39 425.44 458648
dry 250e2 2 69 - 0.02 0.11 27020
aoDLAV 250e2 2 69 - 0.02 0.20 31112
aoULAV 250e2 2 69 - 0.03 0.20 31212
aoD2AG 250e2 2 69 - 0.03 0.21 33860
aoD2SG 250e2 2 69 - 0.03 0.22 33964
dry 275e2 2 21 - 0.02 0.12 29028
aoDLAV 275e2 2 21 - 0.02 0.21 31240
aoULAV 275e2 2 21 - 0.03 0.21 31572
aoD2AG 275e2 2 21 - 0.03 0.22 34696
aoD2SG 275e2 2 21 - 0.02 0.24 34812
dry 1e6 10 136 - 0.08 0.40 112232
aoDLAV 1e6 10 136 - 0.24 561.15 370016
aoULAV 1e6 10 136 - 0.30 358.72 369888
aoD2AG 1e6 10 136 - 0.40 353.82 447104
aoD2SG 1e6 10 136 - 0.42 403.68 457444
