dry 32e6 2 125 - 0.29 0.93 655176
aoDLAV 32e6 2 125 - 2.20 171.11 4768324
aoULAV 32e6 2 125 - 2.61 196.46 4768324
aoD2AG 32e6 2 125 - 6.07 296.12 7007444
aoD2SG 32e6 2 125 - 6.61 422.46 7262084
dry 18e6 2 130 - 0.23 0.67 381736
aoDLAV 18e6 2 130 - 1.51 90.13 2690192
aoULAV 18e6 2 130 - 1.55 97.37 2690192
aoD2AG 18e6 2 130 - 3.12 141.10 3951012
aoD2SG 18e6 2 130 - 3.68 168.68 4095720
dry 50e2 2 62 - 0.03 0.12 26204
aoDLAV 50e2 2 62 - 0.03 0.15 30848
aoULAV 50e2 2 62 - 0.03 0.15 30864
aoD2AG 50e2 2 62 - 0.03 0.16 31792
aoD2SG 50e2 2 62 - 0.04 0.17 31880
moore 50e2 2 62 - 0.64 193.90 764628
nbpm 50e2 2 62 - 1.91 54.59 2011924
greedy 50e2 2 62 - 1.64 63.00 2764780
dry 2e7 2 152 - 0.31 0.79 420796
aoDLAV 2e7 2 152 - 1.71 111.76 2987068
aoULAV 2e7 2 152 - 2.13 114.57 2987068
aoD2AG 2e7 2 152 - 3.48 163.41 4385116
aoD2SG 2e7 2 152 - 4.21 188.32 4546516
dry 18e6 2 32 - 0.24 0.71 381736
aoDLAV 18e6 2 32 - 1.52 101.43 2690252
aoULAV 18e6 2 32 - 1.91 103.87 2690192
aoD2AG 18e6 2 32 - 3.15 143.58 3949272
aoD2SG 18e6 2 32 - 3.71 168.01 4094456
dry 50e2 2 131 - 0.02 0.14 27952
aoDLAV 50e2 2 131 - 0.03 0.16 30848
aoULAV 50e2 2 131 - 0.04 0.16 30860
aoD2AG 50e2 2 131 - 0.03 0.16 31784
aoD2SG 50e2 2 131 - 0.04 0.17 31880
moore 50e2 2 131 - 0.86 231.90 764628
nbpm 50e2 2 131 - 1.98 55.17 2011924
greedy 50e2 2 131 - 1.43 60.47 2764780
dry 18e2 2 243 - 0.03 0.11 26052
aoDLAV 18e2 2 243 - 0.03 0.14 30376
aoULAV 18e2 2 243 - 0.03 0.14 30388
aoD2AG 18e2 2 243 - 0.03 0.14 30788
aoD2SG 18e2 2 243 - 0.03 0.14 30824
moore 18e2 2 243 - 0.06 18.01 125416
nbpm 18e2 2 243 - 0.20 7.58 334536
greedy 18e2 2 243 - 0.19 3.84 384352
dry 1e4 10 109 - 0.02 0.12 27688
aoDLAV 1e4 10 109 - 0.02 0.68 32768
aoULAV 1e4 10 109 - 0.02 0.68 32776
aoD2AG 1e4 10 109 - 0.02 0.71 32748
aoD2SG 1e4 10 109 - 0.02 0.77 34176
moore 1e4 10 109 - 1.14 1040.39 2963852
nbpm 1e4 10 109 - 7.66 718.04 7764384
greedy 1e4 10 109 - 6.35 277.88 10961112
dry 32e6 2 161 - 0.41 1.09 655176
aoDLAV 32e6 2 161 - 2.82 183.84 4768324
aoULAV 32e6 2 161 - 3.41 191.66 4768340
aoD2AG 32e6 2 161 - 6.24 271.81 7008028
aoD2SG 32e6 2 161 - 6.95 315.24 7262804
dry 3e7 2 8 - 0.34 1.03 616104
aoDLAV 3e7 2 8 - 2.49 171.42 4471432
aoULAV 3e7 2 8 - 2.56 183.03 4471428
aoD2AG 3e7 2 8 - 5.95 254.61 6572340
aoD2SG 3e7 2 8 - 6.54 297.92 6811472
dry 4e7 2 134 - 0.45 1.32 811424
aoDLAV 4e7 2 134 - 3.38 227.19 5955816
aoULAV 4e7 2 134 - 4.06 243.49 5955816
aoD2AG 4e7 2 134 - 6.85 347.32 8753960
aoD2SG 4e7 2 134 - 8.64 416.02 9074576
dry 32e2 2 220 - 0.03 0.11 26112
aoDLAV 32e2 2 220 - 0.03 0.14 30540
aoULAV 32e2 2 220 - 0.03 0.15 30548
aoD2AG 32e2 2 220 - 0.03 0.14 31208
aoD2SG 32e2 2 220 - 0.03 0.15 31260
moore 32e2 2 220 - 0.21 51.83 330512
nbpm 32e2 2 220 - 0.89 20.73 854752
greedy 32e2 2 220 - 0.71 21.75 1150164
dry 32e6 2 71 - 0.42 1.12 655176
aoDLAV 32e6 2 71 - 2.82 184.20 4768324
aoULAV 32e6 2 71 - 3.45 184.78 4768324
aoD2AG 32e6 2 71 - 6.46 265.69 7006760
aoD2SG 32e6 2 71 - 6.04 308.45 7262772
dry 56e6 2 77 - 0.65 1.81 1123924
aoDLAV 56e6 2 77 - 4.74 343.12 8330820
aoULAV 56e6 2 77 - 5.95 346.46 8330816
aoD2AG 56e6 2 77 - 10.91 498.43 12246960
aoD2SG 56e6 2 77 - 11.74 584.49 12695404
dry 1e4 10 135 - 0.02 0.12 27688
aoDLAV 1e4 10 135 - 0.04 0.67 32764
aoULAV 1e4 10 135 - 0.03 0.69 32776
aoD2AG 1e4 10 135 - 0.04 0.70 32744
aoD2SG 1e4 10 135 - 0.04 0.76 34176
moore 1e4 10 135 - 1.17 1104.44 2963852
nbpm 1e4 10 135 - 7.53 1230.08 7764388
greedy 1e4 10 135 - 6.36 265.30 10961108
dry 3e7 2 217 - 0.36 1.06 616104
aoDLAV 3e7 2 217 - 2.67 165.38 4471428
aoULAV 3e7 2 217 - 3.42 185.33 4471428
aoD2AG 3e7 2 217 - 6.06 304.85 6571292
aoD2SG 3e7 2 217 - 6.33 287.22 6811216
dry 6e7 2 3 - 0.65 1.90 1202044
aoDLAV 6e7 2 3 - 4.93 358.85 8924568
aoULAV 6e7 2 3 - 6.44 385.34 8924560
aoD2AG 6e7 2 3 - 12.12 538.34 13123928
aoD2SG 6e7 2 3 - 12.73 634.48 13601712
dry 5e7 2 162 - 0.60 1.60 1006736
aoDLAV 5e7 2 162 - 4.22 341.81 7440192
aoULAV 5e7 2 162 - 5.52 314.72 7440192
aoD2AG 5e7 2 162 - 10.14 443.08 10935860
aoD2SG 5e7 2 162 - 10.58 556.56 11337040
dry 4e7 2 238 - 0.50 1.32 811424
aoDLAV 4e7 2 238 - 3.53 234.77 5955820
aoULAV 4e7 2 238 - 4.57 252.03 5955820
aoD2AG 4e7 2 238 - 8.27 355.39 8751068
aoD2SG 4e7 2 238 - 8.54 412.71 9069752
dry 5e7 2 65 - 0.58 1.62 1006736
aoDLAV 5e7 2 65 - 4.48 300.42 7440192
aoULAV 5e7 2 65 - 5.55 302.67 7440192
aoD2AG 5e7 2 65 - 10.05 429.96 10938444
aoD2SG 5e7 2 65 - 10.38 515.71 11336060
dry 18e2 2 43 - 0.03 0.12 26048
aoDLAV 18e2 2 43 - 0.03 0.15 30376
aoULAV 18e2 2 43 - 0.03 0.16 30388
aoD2AG 18e2 2 43 - 0.03 0.16 30796
aoD2SG 18e2 2 43 - 0.03 0.16 30824
moore 18e2 2 43 - 0.07 6.63 125436
nbpm 18e2 2 43 - 0.21 8.30 334528
greedy 18e2 2 43 - 0.22 4.61 384352
dry 18e2 2 170 - 0.03 0.13 26048
aoDLAV 18e2 2 170 - 0.04 0.14 30376
aoULAV 18e2 2 170 - 0.03 0.15 30388
aoD2AG 18e2 2 170 - 0.03 0.15 30796
aoD2SG 18e2 2 170 - 0.02 0.16 30820
moore 18e2 2 170 - 0.07 23.69 125416
nbpm 18e2 2 170 - 0.20 7.60 334536
greedy 18e2 2 170 - 0.22 4.31 384352
dry 1e4 2 181 - 0.03 0.12 28408
aoDLAV 1e4 2 181 - 0.03 0.18 31864
aoULAV 1e4 2 181 - 0.03 0.17 31876
aoD2AG 1e4 2 181 - 0.03 0.18 31880
aoD2SG 1e4 2 181 - 0.03 0.19 31988
moore 1e4 2 181 - 1.16 1046.70 2960580
nbpm 1e4 2 181 - 7.40 365.10 7889424
greedy 1e4 2 181 - 6.59 284.71 10968568
dry 2e7 2 17 - 0.29 0.74 420796
aoDLAV 2e7 2 17 - 1.83 112.61 2987068
aoULAV 2e7 2 17 - 2.28 126.68 2987068
aoD2AG 2e7 2 17 - 3.46 155.87 4386516
aoD2SG 2e7 2 17 - 4.16 185.52 4544244
dry 6e7 2 42 - 0.77 1.94 1202044
aoDLAV 6e7 2 42 - 6.52 349.20 8924560
aoULAV 6e7 2 42 - 6.48 385.89 8924612
aoD2AG 6e7 2 42 - 11.74 541.97 13119604
aoD2SG 6e7 2 42 - 12.80 616.75 13599832
dry 32e2 2 65 - 0.02 0.12 26112
aoDLAV 32e2 2 65 - 0.03 0.15 30540
aoULAV 32e2 2 65 - 0.03 0.14 30548
aoD2AG 32e2 2 65 - 0.03 0.15 31216
aoD2SG 32e2 2 65 - 0.03 0.15 31256
moore 32e2 2 65 - 0.18 43.61 330516
nbpm 32e2 2 65 - 0.88 20.45 854756
greedy 32e2 2 65 - 0.63 22.19 1150168
dry 18e6 2 191 - 0.21 0.69 381744
aoDLAV 18e6 2 191 - 1.40 97.05 2690192
aoULAV 18e6 2 191 - 1.94 99.30 2690192
aoD2AG 18e6 2 191 - 3.26 145.17 3949372
aoD2SG 18e6 2 191 - 3.42 173.91 4093864
dry 1e4 2 228 - 0.03 0.12 26432
aoDLAV 1e4 2 228 - 0.02 0.18 31868
aoULAV 1e4 2 228 - 0.02 0.18 31876
aoD2AG 1e4 2 228 - 0.02 0.18 31880
aoD2SG 1e4 2 228 - 0.02 0.19 31988
moore 1e4 2 228 - 1.22 1276.17 2960576
nbpm 1e4 2 228 - 7.47 367.07 7889416
greedy 1e4 2 228 - 6.22 275.53 10968572
dry 56e2 2 228 - 0.02 0.12 26236
aoDLAV 56e2 2 228 - 0.03 0.15 30976
aoULAV 56e2 2 228 - 0.03 0.15 30988
aoD2AG 56e2 2 228 - 0.02 0.18 31988
aoD2SG 56e2 2 228 - 0.03 0.17 31120
moore 56e2 2 228 - 0.96 284.27 952716
nbpm 56e2 2 228 - 2.42 76.47 2388080
greedy 56e2 2 228 - 2.00 81.04 3460492
dry 3e7 2 78 - 0.34 1.09 616104
aoDLAV 3e7 2 78 - 2.61 170.48 4471428
aoULAV 3e7 2 78 - 3.24 176.61 4471432
aoD2AG 3e7 2 78 - 5.29 244.82 6571520
aoD2SG 3e7 2 78 - 6.34 313.85 6811348
dry 1e4 2 100 - 0.02 0.12 26436
aoDLAV 1e4 2 100 - 0.03 0.17 31868
aoULAV 1e4 2 100 - 0.03 0.18 31876
aoD2AG 1e4 2 100 - 0.03 0.18 31876
aoD2SG 1e4 2 100 - 0.03 0.19 32040
moore 1e4 2 100 - 1.09 1127.91 2960576
nbpm 1e4 2 100 - 7.63 351.76 7889416
greedy 1e4 2 100 - 6.75 276.13 10968572
dry 4e7 2 213 - 0.49 1.36 811428
aoDLAV 4e7 2 213 - 3.51 231.61 5955816
aoULAV 4e7 2 213 - 4.22 245.47 5955816
aoD2AG 4e7 2 213 - 8.04 352.10 8753800
aoD2SG 4e7 2 213 - 8.61 459.58 9073200
dry 25e2 2 148 - 0.02 0.13 26080
aoDLAV 25e2 2 148 - 0.03 0.16 30452
aoULAV 25e2 2 148 - 0.03 0.15 30464
aoD2AG 25e2 2 148 - 0.03 0.16 30988
aoD2SG 25e2 2 148 - 0.02 0.16 31032
moore 25e2 2 148 - 0.10 38.46 213596
nbpm 25e2 2 148 - 0.59 14.01 541640
greedy 25e2 2 148 - 0.51 10.00 713664
dry 6e7 2 65 - 0.73 1.94 1202044
aoDLAV 6e7 2 65 - 5.23 403.77 8924564
aoULAV 6e7 2 65 - 6.65 386.57 8924560
aoD2AG 6e7 2 65 - 11.86 540.45 13120764
aoD2SG 6e7 2 65 - 12.75 612.18 13600800
dry 2e7 2 235 - 0.25 0.74 420796
aoDLAV 2e7 2 235 - 1.68 108.30 2987068
aoULAV 2e7 2 235 - 2.13 112.59 2987068
aoD2AG 2e7 2 235 - 3.33 164.82 4388048
aoD2SG 2e7 2 235 - 4.36 185.86 4547688
dry 2e7 2 105 - 0.28 0.72 420796
aoDLAV 2e7 2 105 - 1.76 110.38 2987068
aoULAV 2e7 2 105 - 2.14 111.98 2987068
aoD2AG 2e7 2 105 - 3.38 162.93 4387688
aoD2SG 2e7 2 105 - 4.04 187.00 4545584
dry 1e4 10 202 - 0.02 0.12 29364
aoDLAV 1e4 10 202 - 0.03 0.66 32768
aoULAV 1e4 10 202 - 0.03 0.67 32776
aoD2AG 1e4 10 202 - 0.02 0.72 32744
aoD2SG 1e4 10 202 - 0.04 0.78 34176
moore 1e4 10 202 - 1.24 879.88 2963856
nbpm 1e4 10 202 - 7.77 699.24 7764392
greedy 1e4 10 202 - 6.82 273.50 10961108
dry 25e2 2 7 - 0.03 0.11 26084
aoDLAV 25e2 2 7 - 0.03 0.15 30456
aoULAV 25e2 2 7 - 0.03 0.15 30464
aoD2AG 25e2 2 7 - 0.03 0.15 30984
aoD2SG 25e2 2 7 - 0.04 0.15 31044
moore 25e2 2 7 - 0.10 22.58 213704
nbpm 25e2 2 7 - 0.57 12.71 541648
greedy 25e2 2 7 - 0.46 11.14 713664
dry 3e7 2 3 - 0.39 1.03 616148
aoDLAV 3e7 2 3 - 2.49 166.94 4471428
aoULAV 3e7 2 3 - 2.66 180.70 4471428
aoD2AG 3e7 2 3 - 6.16 255.79 6569316
aoD2SG 3e7 2 3 - 6.26 299.24 6807880
dry 32e6 2 3 - 0.38 1.10 655180
aoDLAV 32e6 2 3 - 2.72 181.01 4768324
aoULAV 32e6 2 3 - 3.54 201.20 4768324
aoD2AG 32e6 2 3 - 5.69 268.87 7008936
aoD2SG 32e6 2 3 - 6.65 320.60 7263240
dry 32e2 2 99 - 0.03 0.12 26112
aoDLAV 32e2 2 99 - 0.02 0.16 30544
aoULAV 32e2 2 99 - 0.03 0.15 30552
aoD2AG 32e2 2 99 - 0.04 0.15 31232
aoD2SG 32e2 2 99 - 0.02 0.16 31260
moore 32e2 2 99 - 0.20 49.68 330512
nbpm 32e2 2 99 - 0.90 20.11 854752
greedy 32e2 2 99 - 0.77 25.73 1150164
dry 56e6 2 64 - 0.65 1.79 1123924
aoDLAV 56e6 2 64 - 4.88 336.85 8330816
aoULAV 56e6 2 64 - 6.29 350.42 8330816
aoD2AG 56e6 2 64 - 10.93 525.95 12245892
aoD2SG 56e6 2 64 - 11.54 571.75 12694532
dry 5e7 2 117 - 0.61 1.59 1006736
aoDLAV 5e7 2 117 - 4.17 306.81 7440196
aoULAV 5e7 2 117 - 5.19 316.15 7440192
aoD2AG 5e7 2 117 - 9.80 452.38 10937800
aoD2SG 5e7 2 117 - 10.66 539.08 11339028
dry 32e6 2 144 - 0.38 1.12 655176
aoDLAV 32e6 2 144 - 2.83 180.94 4768324
aoULAV 32e6 2 144 - 3.55 189.47 4768324
aoD2AG 32e6 2 144 - 6.37 277.71 7008340
aoD2SG 32e6 2 144 - 6.07 356.99 7264252
dry 7e7 2 194 - 0.73 2.20 1397360
aoDLAV 7e7 2 194 - 5.67 419.75 10408936
aoULAV 7e7 2 194 - 7.51 449.95 10408940
aoD2AG 7e7 2 194 - 14.15 638.17 15304408
aoD2SG 7e7 2 194 - 14.47 755.13 15863456
dry 3e7 2 162 - 0.35 1.04 616104
aoDLAV 3e7 2 162 - 2.64 167.49 4471432
aoULAV 3e7 2 162 - 3.27 182.99 4471428
aoD2AG 3e7 2 162 - 5.93 254.81 6570440
aoD2SG 3e7 2 162 - 6.23 292.97 6808252
dry 32e2 2 1 - 0.02 0.13 26112
aoDLAV 32e2 2 1 - 0.03 0.15 30544
aoULAV 32e2 2 1 - 0.03 0.15 30552
aoD2AG 32e2 2 1 - 0.03 0.16 31204
aoD2SG 32e2 2 1 - 0.03 0.16 31268
moore 32e2 2 1 - 0.19 45.37 330520
nbpm 32e2 2 1 - 0.88 20.17 854760
greedy 32e2 2 1 - 0.62 22.48 1150164
dry 32e6 2 13 - 0.35 1.13 655176
aoDLAV 32e6 2 13 - 2.76 182.95 4768324
aoULAV 32e6 2 13 - 2.79 198.32 4768328
aoD2AG 32e6 2 13 - 6.44 277.49 7010216
aoD2SG 32e6 2 13 - 6.74 320.46 7261976
dry 3e7 2 148 - 0.33 1.03 616104
aoDLAV 3e7 2 148 - 2.57 215.02 4471428
aoULAV 3e7 2 148 - 3.17 175.48 4471428
aoD2AG 3e7 2 148 - 5.77 246.92 6571728
aoD2SG 3e7 2 148 - 5.81 295.62 6810896
dry 56e6 2 50 - 0.70 1.77 1123940
aoDLAV 56e6 2 50 - 4.85 339.45 8330816
aoULAV 56e6 2 50 - 6.23 351.69 8330816
aoD2AG 56e6 2 50 - 11.03 539.54 12250256
aoD2SG 56e6 2 50 - 11.75 589.36 12695940
dry 3e7 2 57 - 0.39 1.05 616104
aoDLAV 3e7 2 57 - 2.64 174.77 4471432
aoULAV 3e7 2 57 - 2.72 182.97 4471428
aoD2AG 3e7 2 57 - 6.09 251.87 6571392
aoD2SG 3e7 2 57 - 6.42 377.37 6810772
dry 25e2 2 90 - 0.02 0.12 26080
aoDLAV 25e2 2 90 - 0.03 0.15 30452
aoULAV 25e2 2 90 - 0.03 0.14 30464
aoD2AG 25e2 2 90 - 0.02 0.15 30988
aoD2SG 25e2 2 90 - 0.03 0.15 31016
moore 25e2 2 90 - 0.09 29.74 213596
nbpm 25e2 2 90 - 0.59 12.47 541636
greedy 25e2 2 90 - 0.41 9.91 713668
dry 75e2 2 239 - 0.03 0.11 26328
aoDLAV 75e2 2 239 - 0.02 0.16 31376
aoULAV 75e2 2 239 - 0.02 0.16 31388
aoD2AG 75e2 2 239 - 0.03 0.17 31380
aoD2SG 75e2 2 239 - 0.03 0.18 31380
moore 75e2 2 239 - 0.90 417.92 1688796
nbpm 75e2 2 239 - 4.30 251.66 4242132
greedy 75e2 2 239 - 3.68 153.55 6183092
dry 4e7 2 119 - 0.46 1.34 811424
aoDLAV 4e7 2 119 - 3.44 275.19 5955820
aoULAV 4e7 2 119 - 4.41 255.50 5955820
aoD2AG 4e7 2 119 - 7.68 361.90 8752080
aoD2SG 4e7 2 119 - 8.16 395.15 9072064
dry 32e2 2 49 - 0.02 0.12 26112
aoDLAV 32e2 2 49 - 0.02 0.15 30540
aoULAV 32e2 2 49 - 0.02 0.15 30572
aoD2AG 32e2 2 49 - 0.02 0.15 31200
aoD2SG 32e2 2 49 - 0.03 0.14 31260
moore 32e2 2 49 - 0.38 94.85 330512
nbpm 32e2 2 49 - 0.91 18.72 854748
greedy 32e2 2 49 - 0.67 23.97 1150168
dry 56e2 2 68 - 0.03 0.11 26236
aoDLAV 56e2 2 68 - 0.03 0.16 30976
aoULAV 56e2 2 68 - 0.04 0.15 30992
aoD2AG 56e2 2 68 - 0.03 0.17 31996
aoD2SG 56e2 2 68 - 0.03 0.17 31128
moore 56e2 2 68 - 0.39 169.31 949988
nbpm 56e2 2 68 - 2.35 79.86 2388092
greedy 56e2 2 68 - 2.10 94.64 3460492
dry 1e4 5 174 - 0.03 0.12 26900
aoDLAV 1e4 5 174 - 0.04 0.21 31084
aoULAV 1e4 5 174 - 0.03 0.21 31100
aoD2AG 1e4 5 174 - 0.03 0.23 32108
aoD2SG 1e4 5 174 - 0.03 0.23 32108
moore 1e4 5 174 - 1.21 960.84 2961732
nbpm 1e4 5 174 - 7.90 651.06 7811452
greedy 1e4 5 174 - 6.58 297.74 10959172
dry 25e2 2 197 - 0.03 0.11 26084
aoDLAV 25e2 2 197 - 0.03 0.15 30456
aoULAV 25e2 2 197 - 0.03 0.15 30464
aoD2AG 25e2 2 197 - 0.04 0.14 30976
aoD2SG 25e2 2 197 - 0.02 0.16 31012
moore 25e2 2 197 - 0.10 31.65 213596
nbpm 25e2 2 197 - 0.54 12.31 541636
greedy 25e2 2 197 - 0.50 11.77 713664
dry 3e7 2 36 - 0.35 1.03 616104
aoDLAV 3e7 2 36 - 2.65 165.64 4471428
aoULAV 3e7 2 36 - 2.71 175.03 4471428
aoD2AG 3e7 2 36 - 5.69 246.02 6571152
aoD2SG 3e7 2 36 - 6.28 305.83 6808056
dry 5e7 2 210 - 0.55 1.61 1006736
aoDLAV 5e7 2 210 - 4.11 353.91 7440196
aoULAV 5e7 2 210 - 5.33 318.05 7440192
aoD2AG 5e7 2 210 - 9.85 439.31 10937192
aoD2SG 5e7 2 210 - 10.47 526.45 11337384
dry 18e2 2 89 - 0.02 0.12 26048
aoDLAV 18e2 2 89 - 0.03 0.14 30416
aoULAV 18e2 2 89 - 0.04 0.15 30388
aoD2AG 18e2 2 89 - 0.02 0.16 30788
aoD2SG 18e2 2 89 - 0.03 0.16 30828
moore 18e2 2 89 - 0.07 9.02 125456
nbpm 18e2 2 89 - 0.20 8.10 334536
greedy 18e2 2 89 - 0.24 5.15 384352
dry 56e6 2 139 - 0.63 1.85 1123924
aoDLAV 56e6 2 139 - 4.66 338.07 8330816
aoULAV 56e6 2 139 - 5.98 355.41 8330816
aoD2AG 56e6 2 139 - 11.18 492.29 12249060
aoD2SG 56e6 2 139 - 11.68 561.43 12693796
