dry 1e7 10 213 - 0.32 1.18 850508
aoDLAV 1e7 10 213 - 1.31 4717.20 3533956
aoULAV 1e7 10 213 - 2.59 5393.43 3534060
aoD2AG 1e7 10 213 - 4.62 6232.29 4337800
aoD2SG 1e7 10 213 - 3.87 7276.27 4429540
dry 32e5 2 128 - 0.05 0.25 92680
aoDLAV 32e5 2 128 - 0.27 11.83 493432
aoULAV 32e5 2 128 - 0.25 12.64 493336
aoD2AG 32e5 2 128 - 0.40 18.17 717944
aoD2SG 32e5 2 128 - 0.42 20.83 742436
dry 32e5 2 12 - 0.06 0.24 92676
aoDLAV 32e5 2 12 - 0.26 11.88 493324
aoULAV 32e5 2 12 - 0.25 12.82 493336
aoD2AG 32e5 2 12 - 0.41 18.12 718512
aoD2SG 32e5 2 12 - 0.37 20.90 744040
dry 1e7 2 156 - 0.11 0.45 225488
aoDLAV 1e7 2 156 - 0.75 44.36 1502688
aoULAV 1e7 2 156 - 0.73 47.06 1502684
aoD2AG 1e7 2 156 - 1.56 66.58 2202960
aoD2SG 1e7 2 156 - 1.87 77.03 2283524
dry 1e7 2 7 - 0.12 0.45 225484
aoDLAV 1e7 2 7 - 0.76 45.34 1502684
aoULAV 1e7 2 7 - 0.79 47.89 1502684
aoD2AG 1e7 2 7 - 1.58 67.26 2204932
aoD2SG 1e7 2 7 - 1.67 78.41 2284144
dry 1e7 10 53 - 0.43 1.38 850512
aoDLAV 1e7 10 53 - 1.56 4759.72 3533956
aoULAV 1e7 10 53 - 2.37 4737.10 3533952
aoD2AG 1e7 10 53 - 3.59 4836.44 4338556
aoD2SG 1e7 10 53 - 3.59 5817.99 4427416
dry 32e5 2 114 - 0.05 0.25 92680
aoDLAV 32e5 2 114 - 0.25 11.89 493324
aoULAV 32e5 2 114 - 0.27 12.71 493340
aoD2AG 32e5 2 114 - 0.40 18.48 719092
aoD2SG 32e5 2 114 - 0.41 21.21 742608
dry 1e7 10 27 - 0.41 1.38 850508
aoDLAV 1e7 10 27 - 1.55 4896.19 3533956
aoULAV 1e7 10 27 - 2.37 4812.32 3534060
aoD2AG 1e7 10 27 - 3.49 4814.64 4336440
aoD2SG 1e7 10 27 - 3.67 7311.61 4427468
dry 18e5 2 237 - 0.05 0.20 65324
aoDLAV 18e5 2 237 - 0.17 6.36 285512
aoULAV 18e5 2 237 - 0.16 6.77 285524
aoD2AG 18e5 2 237 - 0.28 10.04 412472
aoD2SG 18e5 2 237 - 0.24 11.54 425800
dry 1e7 5 166 - 0.23 0.79 459872
aoDLAV 1e7 5 166 - 1.08 248.12 2323016
aoULAV 1e7 5 166 - 1.48 250.54 2323016
aoD2AG 1e7 5 166 - 2.70 281.24 3065136
aoD2SG 1e7 5 166 - 2.67 326.58 3150028
dry 1e7 10 93 - 0.41 1.37 850508
aoDLAV 1e7 10 93 - 1.53 4754.58 3533952
aoULAV 1e7 10 93 - 2.38 4817.12 3533952
aoD2AG 1e7 10 93 - 3.75 5046.28 4337864
aoD2SG 1e7 10 93 - 3.55 5753.52 4425788
dry 1e7 2 238 - 0.10 0.45 225484
aoDLAV 1e7 2 238 - 0.69 43.79 1502688
aoULAV 1e7 2 238 - 0.77 46.46 1502684
aoD2AG 1e7 2 238 - 1.45 65.89 2202532
aoD2SG 1e7 2 238 - 1.60 75.60 2283900
dry 1e7 10 47 - 0.41 1.36 850508
aoDLAV 1e7 10 47 - 1.54 4776.95 3533952
aoULAV 1e7 10 47 - 2.35 4659.31 3533956
aoD2AG 1e7 10 47 - 3.56 5412.85 4339008
aoD2SG 1e7 10 47 - 3.61 5766.71 4427628
dry 32e5 2 103 - 0.06 0.25 92676
aoDLAV 32e5 2 103 - 0.28 11.59 493324
aoULAV 32e5 2 103 - 0.32 12.49 493340
aoD2AG 32e5 2 103 - 0.41 17.94 717520
aoD2SG 32e5 2 103 - 0.39 20.51 743320
dry 56e5 2 181 - 0.08 0.31 139544
aoDLAV 56e5 2 181 - 0.41 22.61 849556
aoULAV 56e5 2 181 - 0.45 24.04 849556
aoD2AG 56e5 2 181 - 0.73 34.29 1241924
aoD2SG 56e5 2 181 - 0.73 39.52 1287464
dry 32e5 2 150 - 0.06 0.25 92676
aoDLAV 32e5 2 150 - 0.27 11.83 493324
aoULAV 32e5 2 150 - 0.27 12.64 493336
aoD2AG 32e5 2 150 - 0.39 18.16 718732
aoD2SG 32e5 2 150 - 0.40 20.79 744372
dry 18e5 2 96 - 0.05 0.21 65328
aoDLAV 18e5 2 96 - 0.14 6.35 285508
aoULAV 18e5 2 96 - 0.13 6.80 285524
aoD2AG 18e5 2 96 - 0.25 9.73 412008
aoD2SG 18e5 2 96 - 0.25 11.08 427476
dry 1e7 2 15 - 0.12 0.44 225484
aoDLAV 1e7 2 15 - 0.76 44.08 1502684
aoULAV 1e7 2 15 - 0.97 46.85 1502684
aoD2AG 1e7 2 15 - 1.51 66.49 2203984
aoD2SG 1e7 2 15 - 1.63 76.28 2285540
dry 1e7 10 168 - 0.41 1.37 850508
aoDLAV 1e7 10 168 - 1.59 4756.92 3533952
aoULAV 1e7 10 168 - 2.73 5723.89 3533952
aoD2AG 1e7 10 168 - 4.06 5711.69 4339660
aoD2SG 1e7 10 168 - 3.89 7852.96 4426712
