dry 1e4 2 193 - 0.02 0.12 26432
aoDLAV 1e4 2 193 - 0.02 0.16 31864
aoULAV 1e4 2 193 - 0.02 0.17 31876
aoD2AG 1e4 2 193 - 0.03 0.17 31876
aoD2SG 1e4 2 193 - 0.03 0.17 31992
moore 1e4 2 193 - 1.12 837.10 2960580
nbpm 1e4 2 193 - 7.48 365.07 7889424
greedy 1e4 2 193 - 6.33 274.26 10968568
dry 1e4 5 235 - 0.03 0.12 26900
aoDLAV 1e4 5 235 - 0.03 0.22 31088
aoULAV 1e4 5 235 - 0.03 0.22 31096
aoD2AG 1e4 5 235 - 0.03 0.22 32108
aoD2SG 1e4 5 235 - 0.04 0.23 32112
moore 1e4 5 235 - 1.14 999.59 2961736
nbpm 1e4 5 235 - 7.81 565.78 7811452
greedy 1e4 5 235 - 7.14 291.30 10959172
dry 1e4 10 60 - 0.02 0.13 29200
aoDLAV 1e4 10 60 - 0.03 0.69 32768
aoULAV 1e4 10 60 - 0.03 0.70 32776
aoD2AG 1e4 10 60 - 0.03 0.71 32744
aoD2SG 1e4 10 60 - 0.04 0.78 34176
moore 1e4 10 60 - 1.09 1492.65 2963852
nbpm 1e4 10 60 - 7.67 731.09 7764384
greedy 1e4 10 60 - 6.74 279.30 10961108
dry 7e7 2 103 - 0.81 2.19 1397356
aoDLAV 7e7 2 103 - 5.96 499.79 10408936
aoULAV 7e7 2 103 - 7.54 458.32 10408940
aoD2AG 7e7 2 103 - 13.28 671.17 15304480
aoD2SG 7e7 2 103 - 14.78 749.51 15861876
dry 32e2 2 60 - 0.02 0.12 26116
aoDLAV 32e2 2 60 - 0.03 0.14 30540
aoULAV 32e2 2 60 - 0.02 0.15 30548
aoD2AG 32e2 2 60 - 0.03 0.15 31204
aoD2SG 32e2 2 60 - 0.03 0.15 31256
moore 32e2 2 60 - 0.29 63.99 330512
nbpm 32e2 2 60 - 0.89 20.07 854752
greedy 32e2 2 60 - 0.63 21.84 1150164
dry 18e2 2 172 - 0.02 0.12 26048
aoDLAV 18e2 2 172 - 0.02 0.15 30372
aoULAV 18e2 2 172 - 0.02 0.14 30388
aoD2AG 18e2 2 172 - 0.03 0.14 30792
aoD2SG 18e2 2 172 - 0.02 0.15 30824
moore 18e2 2 172 - 0.07 6.03 125436
nbpm 18e2 2 172 - 0.18 7.56 334528
greedy 18e2 2 172 - 0.21 3.85 384352
dry 56e2 2 42 - 0.03 0.11 26236
aoDLAV 56e2 2 42 - 0.03 0.14 30980
aoULAV 56e2 2 42 - 0.02 0.16 30988
aoD2AG 56e2 2 42 - 0.03 0.17 31988
aoD2SG 56e2 2 42 - 0.03 0.16 31124
moore 56e2 2 42 - 0.81 253.40 952724
nbpm 56e2 2 42 - 2.41 83.71 2388092
greedy 56e2 2 42 - 2.22 80.35 3460488
dry 1e4 10 59 - 0.03 0.12 27688
aoDLAV 1e4 10 59 - 0.03 0.69 32764
aoULAV 1e4 10 59 - 0.03 0.68 32776
aoD2AG 1e4 10 59 - 0.04 0.70 32744
aoD2SG 1e4 10 59 - 0.03 0.77 34176
moore 1e4 10 59 - 1.17 1433.30 2963856
nbpm 1e4 10 59 - 7.59 825.75 7764384
greedy 1e4 10 59 - 6.46 271.79 10961108
dry 4e7 2 242 - 0.51 1.32 811428
aoDLAV 4e7 2 242 - 3.54 232.37 5955820
aoULAV 4e7 2 242 - 4.44 245.14 5955816
aoD2AG 4e7 2 242 - 8.05 456.22 8756672
aoD2SG 4e7 2 242 - 8.50 413.04 9075668
dry 25e2 2 218 - 0.02 0.12 26080
aoDLAV 25e2 2 218 - 0.03 0.15 30452
aoULAV 25e2 2 218 - 0.03 0.15 30464
aoD2AG 25e2 2 218 - 0.03 0.16 30972
aoD2SG 25e2 2 218 - 0.04 0.15 31020
moore 25e2 2 218 - 0.08 22.09 213632
nbpm 25e2 2 218 - 0.59 13.01 541640
greedy 25e2 2 218 - 0.42 10.05 713668
dry 56e6 2 106 - 0.59 1.77 1123924
aoDLAV 56e6 2 106 - 4.69 335.33 8330816
aoULAV 56e6 2 106 - 6.09 346.95 8330816
aoD2AG 56e6 2 106 - 10.97 510.83 12244928
aoD2SG 56e6 2 106 - 11.56 587.31 12693400
dry 1e4 2 15 - 0.02 0.12 26432
aoDLAV 1e4 2 15 - 0.03 0.17 31868
aoULAV 1e4 2 15 - 0.03 0.17 31880
aoD2AG 1e4 2 15 - 0.03 0.18 31880
aoD2SG 1e4 2 15 - 0.03 0.18 31988
moore 1e4 2 15 - 1.12 940.94 2960576
nbpm 1e4 2 15 - 7.67 333.74 7889416
greedy 1e4 2 15 - 6.80 273.93 10968568
dry 1e4 10 175 - 0.03 0.12 27688
aoDLAV 1e4 10 175 - 0.03 0.69 32768
aoULAV 1e4 10 175 - 0.03 0.71 32780
aoD2AG 1e4 10 175 - 0.03 0.71 32760
aoD2SG 1e4 10 175 - 0.03 0.81 34180
moore 1e4 10 175 - 1.23 1042.47 2963856
nbpm 1e4 10 175 - 7.51 682.44 7764384
greedy 1e4 10 175 - 6.74 272.68 10961108
dry 18e6 2 196 - 0.25 0.70 381736
aoDLAV 18e6 2 196 - 1.50 97.37 2690192
aoULAV 18e6 2 196 - 1.65 107.20 2690192
aoD2AG 18e6 2 196 - 3.58 149.53 3949560
aoD2SG 18e6 2 196 - 3.40 167.38 4092692
dry 2e7 2 151 - 0.24 0.77 420848
aoDLAV 2e7 2 151 - 1.73 109.09 2987068
aoULAV 2e7 2 151 - 1.84 113.45 2987068
aoD2AG 2e7 2 151 - 3.79 164.63 4387360
aoD2SG 2e7 2 151 - 3.54 183.37 4544556
dry 75e2 2 102 - 0.03 0.12 28264
aoDLAV 75e2 2 102 - 0.03 0.15 31376
aoULAV 75e2 2 102 - 0.02 0.16 31388
aoD2AG 75e2 2 102 - 0.03 0.18 31380
aoD2SG 75e2 2 102 - 0.03 0.17 31380
moore 75e2 2 102 - 0.66 349.87 1683872
nbpm 75e2 2 102 - 4.05 156.27 4242124
greedy 75e2 2 102 - 3.87 153.67 6183088
dry 18e2 2 219 - 0.02 0.12 26048
aoDLAV 18e2 2 219 - 0.04 0.14 30372
aoULAV 18e2 2 219 - 0.03 0.15 30388
aoD2AG 18e2 2 219 - 0.02 0.15 30796
aoD2SG 18e2 2 219 - 0.04 0.14 30836
moore 18e2 2 219 - 0.06 16.60 125416
nbpm 18e2 2 219 - 0.16 7.70 334536
greedy 18e2 2 219 - 0.23 3.58 384356
dry 18e6 2 51 - 0.21 0.68 381736
aoDLAV 18e6 2 51 - 1.46 92.78 2690192
aoULAV 18e6 2 51 - 1.98 99.71 2690216
aoD2AG 18e6 2 51 - 3.09 144.49 3950220
aoD2SG 18e6 2 51 - 3.25 168.12 4094896
dry 3e7 2 67 - 0.36 1.05 616104
aoDLAV 3e7 2 67 - 2.62 169.27 4471428
aoULAV 3e7 2 67 - 3.41 180.83 4471428
aoD2AG 3e7 2 67 - 5.06 252.98 6572780
aoD2SG 3e7 2 67 - 6.27 296.34 6812300
dry 32e6 2 30 - 0.38 1.09 655176
aoDLAV 32e6 2 30 - 2.64 183.78 4768324
aoULAV 32e6 2 30 - 3.39 194.15 4768324
aoD2AG 32e6 2 30 - 5.66 269.56 7005768
aoD2SG 32e6 2 30 - 6.93 313.88 7262216
dry 25e2 2 71 - 0.03 0.12 26080
aoDLAV 25e2 2 71 - 0.04 0.15 30452
aoULAV 25e2 2 71 - 0.03 0.16 30464
aoD2AG 25e2 2 71 - 0.03 0.15 30988
aoD2SG 25e2 2 71 - 0.04 0.15 31048
moore 25e2 2 71 - 0.11 39.76 213596
nbpm 25e2 2 71 - 0.57 12.52 541636
greedy 25e2 2 71 - 0.40 11.37 713664
dry 25e2 2 119 - 0.03 0.11 26080
aoDLAV 25e2 2 119 - 0.03 0.16 30452
aoULAV 25e2 2 119 - 0.02 0.17 30468
aoD2AG 25e2 2 119 - 0.04 0.15 30980
aoD2SG 25e2 2 119 - 0.03 0.16 31036
moore 25e2 2 119 - 0.10 15.80 213624
nbpm 25e2 2 119 - 0.59 12.56 541640
greedy 25e2 2 119 - 0.46 11.05 713664
dry 4e7 2 148 - 0.54 1.36 811424
aoDLAV 4e7 2 148 - 3.62 234.90 5955816
aoULAV 4e7 2 148 - 4.43 250.27 5955820
aoD2AG 4e7 2 148 - 6.79 354.58 8752660
aoD2SG 4e7 2 148 - 8.51 410.24 9074744
dry 6e7 2 185 - 0.67 1.93 1202044
aoDLAV 6e7 2 185 - 5.06 360.65 8924564
aoULAV 6e7 2 185 - 6.66 387.49 8924564
aoD2AG 6e7 2 185 - 11.73 551.79 13121956
aoD2SG 6e7 2 185 - 12.54 644.51 13598416
dry 2e7 2 197 - 0.25 0.76 420796
aoDLAV 2e7 2 197 - 1.74 107.62 2987072
aoULAV 2e7 2 197 - 1.69 114.14 2987068
aoD2AG 2e7 2 197 - 3.43 162.82 4387452
aoD2SG 2e7 2 197 - 4.15 193.72 4545616
dry 18e2 2 53 - 0.03 0.11 26048
aoDLAV 18e2 2 53 - 0.03 0.14 30376
aoULAV 18e2 2 53 - 0.03 0.14 30384
aoD2AG 18e2 2 53 - 0.02 0.15 30796
aoD2SG 18e2 2 53 - 0.03 0.14 30824
moore 18e2 2 53 - 0.07 19.63 125412
nbpm 18e2 2 53 - 0.19 7.80 334528
greedy 18e2 2 53 - 0.19 4.04 384364
dry 3e7 2 202 - 0.36 1.06 616104
aoDLAV 3e7 2 202 - 2.50 169.29 4471428
aoULAV 3e7 2 202 - 2.80 184.13 4471428
aoD2AG 3e7 2 202 - 6.08 251.26 6571652
aoD2SG 3e7 2 202 - 6.55 286.51 6809260
dry 25e2 2 65 - 0.03 0.12 26080
aoDLAV 25e2 2 65 - 0.02 0.16 30452
aoULAV 25e2 2 65 - 0.04 0.14 30464
aoD2AG 25e2 2 65 - 0.02 0.16 30984
aoD2SG 25e2 2 65 - 0.03 0.16 31040
moore 25e2 2 65 - 0.11 23.52 213596
nbpm 25e2 2 65 - 0.53 13.18 541632
greedy 25e2 2 65 - 0.44 10.92 713664
dry 1e4 5 12 - 0.02 0.13 26900
aoDLAV 1e4 5 12 - 0.03 0.22 31084
aoULAV 1e4 5 12 - 0.02 0.22 31096
aoD2AG 1e4 5 12 - 0.02 0.23 32108
aoD2SG 1e4 5 12 - 0.03 0.24 32140
moore 1e4 5 12 - 1.25 795.87 2961736
nbpm 1e4 5 12 - 7.54 628.12 7811452
greedy 1e4 5 12 - 6.77 293.86 10959172
dry 56e6 2 210 - 0.73 1.80 1123924
aoDLAV 56e6 2 210 - 4.68 330.29 8330816
aoULAV 56e6 2 210 - 6.17 356.32 8330816
aoD2AG 56e6 2 210 - 11.29 496.45 12248784
aoD2SG 56e6 2 210 - 11.87 598.47 12695168
dry 3e7 2 81 - 0.34 1.08 616104
aoDLAV 3e7 2 81 - 2.67 167.48 4471428
aoULAV 3e7 2 81 - 3.44 192.54 4471428
aoD2AG 3e7 2 81 - 5.21 255.48 6570480
aoD2SG 3e7 2 81 - 6.45 319.61 6809564
dry 56e6 2 154 - 0.71 1.83 1123924
aoDLAV 56e6 2 154 - 4.82 336.39 8330820
aoULAV 56e6 2 154 - 6.31 354.83 8330816
aoD2AG 56e6 2 154 - 11.08 508.55 12247148
aoD2SG 56e6 2 154 - 11.29 572.98 12693640
dry 32e2 2 136 - 0.02 0.12 26112
aoDLAV 32e2 2 136 - 0.03 0.15 30544
aoULAV 32e2 2 136 - 0.03 0.14 30548
aoD2AG 32e2 2 136 - 0.03 0.15 31224
aoD2SG 32e2 2 136 - 0.04 0.14 31264
moore 32e2 2 136 - 0.27 67.85 330512
nbpm 32e2 2 136 - 0.86 19.20 854752
greedy 32e2 2 136 - 0.59 19.92 1150164
dry 6e7 2 115 - 0.66 1.86 1202044
aoDLAV 6e7 2 115 - 4.71 360.00 8924608
aoULAV 6e7 2 115 - 6.00 381.57 8924564
aoD2AG 6e7 2 115 - 11.42 551.23 13120264
aoD2SG 6e7 2 115 - 12.26 759.01 13599008
dry 56e6 2 233 - 0.68 1.78 1123924
aoDLAV 56e6 2 233 - 4.68 329.39 8330816
aoULAV 56e6 2 233 - 6.27 349.80 8330816
aoD2AG 56e6 2 233 - 11.27 499.87 12246240
aoD2SG 56e6 2 233 - 11.93 571.45 12696396
dry 5e7 2 102 - 0.65 1.62 1006740
aoDLAV 5e7 2 102 - 4.30 295.68 7440192
aoULAV 5e7 2 102 - 5.50 315.86 7440192
aoD2AG 5e7 2 102 - 10.12 456.28 10939848
aoD2SG 5e7 2 102 - 10.42 543.29 11337340
dry 1e4 10 208 - 0.02 0.13 27688
aoDLAV 1e4 10 208 - 0.03 0.73 32764
aoULAV 1e4 10 208 - 0.03 0.70 32776
aoD2AG 1e4 10 208 - 0.03 0.73 32744
aoD2SG 1e4 10 208 - 0.03 0.82 34180
moore 1e4 10 208 - 1.08 1072.21 2963856
nbpm 1e4 10 208 - 7.93 824.81 7764392
greedy 1e4 10 208 - 6.93 274.51 10961108
dry 1e4 5 226 - 0.02 0.12 26900
aoDLAV 1e4 5 226 - 0.03 0.22 31088
aoULAV 1e4 5 226 - 0.03 0.22 31096
aoD2AG 1e4 5 226 - 0.04 0.22 32108
aoD2SG 1e4 5 226 - 0.04 0.23 32108
moore 1e4 5 226 - 1.23 991.15 2961736
nbpm 1e4 5 226 - 7.66 587.96 7811452
greedy 1e4 5 226 - 6.89 298.06 10959176
dry 50e2 2 243 - 0.03 0.11 26204
aoDLAV 50e2 2 243 - 0.03 0.15 30848
aoULAV 50e2 2 243 - 0.03 0.16 30860
aoD2AG 50e2 2 243 - 0.03 0.15 31772
aoD2SG 50e2 2 243 - 0.03 0.18 31856
moore 50e2 2 243 - 0.42 137.73 764628
nbpm 50e2 2 243 - 1.98 54.28 2011924
greedy 50e2 2 243 - 1.78 61.28 2764784
dry 1e4 2 35 - 0.02 0.12 26432
aoDLAV 1e4 2 35 - 0.03 0.17 31864
aoULAV 1e4 2 35 - 0.03 0.17 31876
aoD2AG 1e4 2 35 - 0.03 0.18 31880
aoD2SG 1e4 2 35 - 0.03 0.18 31988
moore 1e4 2 35 - 1.18 936.24 2960572
nbpm 1e4 2 35 - 7.42 346.84 7889416
greedy 1e4 2 35 - 6.73 264.68 10968568
dry 75e2 2 34 - 0.03 0.12 26328
aoDLAV 75e2 2 34 - 0.03 0.16 31376
aoULAV 75e2 2 34 - 0.04 0.16 31392
aoD2AG 75e2 2 34 - 0.03 0.19 31380
aoD2SG 75e2 2 34 - 0.03 0.18 31380
moore 75e2 2 34 - 1.59 516.04 1688792
nbpm 75e2 2 34 - 4.21 160.08 4242132
greedy 75e2 2 34 - 3.57 155.80 6183092
dry 3e7 2 123 - 0.37 1.03 616104
aoDLAV 3e7 2 123 - 2.59 213.41 4471428
aoULAV 3e7 2 123 - 3.55 185.21 4471432
aoD2AG 3e7 2 123 - 5.49 256.00 6570480
aoD2SG 3e7 2 123 - 6.46 291.58 6807848
dry 75e2 2 53 - 0.04 0.12 26328
aoDLAV 75e2 2 53 - 0.04 0.17 31416
aoULAV 75e2 2 53 - 0.04 0.18 31388
aoD2AG 75e2 2 53 - 0.05 0.18 31384
aoD2SG 75e2 2 53 - 0.04 0.19 31380
moore 75e2 2 53 - 1.58 538.00 1688792
nbpm 75e2 2 53 - 4.33 161.15 4242132
greedy 75e2 2 53 - 4.04 156.51 6183096
dry 6e7 2 210 - 0.75 1.91 1202044
aoDLAV 6e7 2 210 - 5.32 468.65 8924560
aoULAV 6e7 2 210 - 6.43 381.22 8924564
aoD2AG 6e7 2 210 - 11.54 673.25 13118356
aoD2SG 6e7 2 210 - 12.71 630.99 13596300
dry 56e2 2 54 - 0.02 0.13 26240
aoDLAV 56e2 2 54 - 0.02 0.16 30980
aoULAV 56e2 2 54 - 0.02 0.15 30988
aoD2AG 56e2 2 54 - 0.02 0.17 31960
aoD2SG 56e2 2 54 - 0.02 0.18 31124
moore 56e2 2 54 - 0.40 171.91 949980
nbpm 56e2 2 54 - 2.44 119.80 2388084
greedy 56e2 2 54 - 2.07 80.00 3460496
dry 1e4 10 232 - 0.03 0.12 27688
aoDLAV 1e4 10 232 - 0.03 0.75 32768
aoULAV 1e4 10 232 - 0.03 0.70 32780
aoD2AG 1e4 10 232 - 0.04 0.73 32804
aoD2SG 1e4 10 232 - 0.04 0.81 34176
moore 1e4 10 232 - 1.23 840.85 2963852
nbpm 1e4 10 232 - 7.60 718.23 7764392
greedy 1e4 10 232 - 7.22 285.32 10961112
dry 56e2 2 239 - 0.02 0.12 26236
aoDLAV 56e2 2 239 - 0.02 0.16 30980
aoULAV 56e2 2 239 - 0.03 0.17 30988
aoD2AG 56e2 2 239 - 0.02 0.19 31976
aoD2SG 56e2 2 239 - 0.03 0.18 31128
moore 56e2 2 239 - 0.55 198.42 952716
nbpm 56e2 2 239 - 2.57 75.80 2388076
greedy 56e2 2 239 - 2.11 79.33 3460524
dry 50e2 2 38 - 0.02 0.12 26204
aoDLAV 50e2 2 38 - 0.03 0.14 30848
aoULAV 50e2 2 38 - 0.03 0.15 30864
aoD2AG 50e2 2 38 - 0.03 0.15 31788
aoD2SG 50e2 2 38 - 0.03 0.17 31876
moore 50e2 2 38 - 0.38 133.87 762976
nbpm 50e2 2 38 - 2.06 53.86 2011916
greedy 50e2 2 38 - 1.61 59.02 2764780
dry 32e6 2 90 - 0.38 1.08 655176
aoDLAV 32e6 2 90 - 2.71 176.89 4768324
aoULAV 32e6 2 90 - 2.75 193.72 4768324
aoD2AG 32e6 2 90 - 6.10 360.49 7009120
aoD2SG 32e6 2 90 - 6.42 309.74 7263080
dry 32e6 2 172 - 0.45 1.13 655176
aoDLAV 32e6 2 172 - 3.00 221.47 4768324
aoULAV 32e6 2 172 - 3.54 188.10 4768356
aoD2AG 32e6 2 172 - 6.28 263.90 7004852
aoD2SG 32e6 2 172 - 6.74 307.92 7260208
dry 1e4 2 124 - 0.02 0.12 26432
aoDLAV 1e4 2 124 - 0.04 0.17 31864
aoULAV 1e4 2 124 - 0.03 0.18 31880
aoD2AG 1e4 2 124 - 0.02 0.19 31880
aoD2SG 1e4 2 124 - 0.03 0.19 31988
moore 1e4 2 124 - 1.21 860.01 2960580
nbpm 1e4 2 124 - 8.19 364.00 7889428
greedy 1e4 2 124 - 6.67 283.68 10968576
dry 18e6 2 129 - 0.25 0.70 381736
aoDLAV 18e6 2 129 - 1.61 97.62 2690192
aoULAV 18e6 2 129 - 1.63 105.16 2690192
aoD2AG 18e6 2 129 - 3.81 147.91 3949984
aoD2SG 18e6 2 129 - 3.52 167.71 4093964
dry 32e6 2 72 - 0.40 1.10 655176
aoDLAV 32e6 2 72 - 2.67 204.23 4768324
aoULAV 32e6 2 72 - 2.88 248.22 4768328
aoD2AG 32e6 2 72 - 6.11 272.18 7007836
aoD2SG 32e6 2 72 - 6.55 320.69 7264280
dry 4e7 2 17 - 0.48 1.33 811424
aoDLAV 4e7 2 17 - 3.43 233.25 5955816
aoULAV 4e7 2 17 - 4.50 249.81 5955816
aoD2AG 4e7 2 17 - 8.15 347.63 8755872
aoD2SG 4e7 2 17 - 8.34 408.65 9076224
dry 32e2 2 51 - 0.02 0.12 26112
aoDLAV 32e2 2 51 - 0.03 0.15 30540
aoULAV 32e2 2 51 - 0.03 0.15 30548
aoD2AG 32e2 2 51 - 0.02 0.16 31228
aoD2SG 32e2 2 51 - 0.03 0.15 31264
moore 32e2 2 51 - 0.27 67.96 330520
nbpm 32e2 2 51 - 0.86 19.33 854760
greedy 32e2 2 51 - 0.63 20.89 1150164
dry 2e7 2 138 - 0.22 0.75 420796
aoDLAV 2e7 2 138 - 1.55 106.01 2987072
aoULAV 2e7 2 138 - 1.81 113.90 2987068
aoD2AG 2e7 2 138 - 3.95 165.11 4387760
aoD2SG 2e7 2 138 - 3.79 185.17 4545084
dry 18e2 2 153 - 0.03 0.12 26052
aoDLAV 18e2 2 153 - 0.03 0.15 30376
aoULAV 18e2 2 153 - 0.03 0.15 30384
aoD2AG 18e2 2 153 - 0.02 0.16 30788
aoD2SG 18e2 2 153 - 0.02 0.15 30820
moore 18e2 2 153 - 0.09 21.92 125408
nbpm 18e2 2 153 - 0.19 7.47 334528
greedy 18e2 2 153 - 0.23 4.07 384348
dry 18e6 2 151 - 0.24 0.72 381740
aoDLAV 18e6 2 151 - 1.53 100.01 2690192
aoULAV 18e6 2 151 - 1.62 104.78 2690192
aoD2AG 18e6 2 151 - 3.76 146.07 3951764
aoD2SG 18e6 2 151 - 3.40 164.47 4094076
dry 56e2 2 45 - 0.02 0.12 26236
aoDLAV 56e2 2 45 - 0.03 0.15 30976
aoULAV 56e2 2 45 - 0.03 0.15 30988
aoD2AG 56e2 2 45 - 0.03 0.17 31980
aoD2SG 56e2 2 45 - 0.02 0.18 31120
moore 56e2 2 45 - 0.73 236.21 952728
nbpm 56e2 2 45 - 2.40 72.01 2388092
greedy 56e2 2 45 - 1.97 79.85 3460488
dry 3e7 2 210 - 0.36 1.04 616120
aoDLAV 3e7 2 210 - 2.57 172.45 4471428
aoULAV 3e7 2 210 - 3.43 177.57 4471428
aoD2AG 3e7 2 210 - 5.37 273.81 6569888
aoD2SG 3e7 2 210 - 6.31 277.13 6811952
