dry 400e2 2 42 - 0.02 0.11 30932
aoDLAV 400e2 2 42 - 0.03 0.23 32236
aoULAV 400e2 2 42 - 0.03 0.23 33112
aoD2AG 400e2 2 42 - 0.03 0.27 36076
aoD2SG 400e2 2 42 - 0.03 0.28 35928
dry 32e4 2 77 - 0.04 0.14 36424
aoDLAV 32e4 2 77 - 0.05 1.13 70828
aoULAV 32e4 2 77 - 0.05 1.18 70840
aoD2AG 32e4 2 77 - 0.06 1.57 88864
aoD2SG 32e4 2 77 - 0.07 1.71 90944
dry 400e2 2 117 - 0.02 0.11 29132
aoDLAV 400e2 2 117 - 0.02 0.23 32280
aoULAV 400e2 2 117 - 0.03 0.22 33112
aoD2AG 400e2 2 117 - 0.03 0.25 36072
aoD2SG 400e2 2 117 - 0.03 0.27 35928
dry 32e4 2 127 - 0.03 0.15 36424
aoDLAV 32e4 2 127 - 0.06 1.12 70828
aoULAV 32e4 2 127 - 0.07 1.17 70844
aoD2AG 32e4 2 127 - 0.07 1.56 88272
aoD2SG 32e4 2 127 - 0.06 1.69 91244
dry 300e2 2 174 - 0.02 0.12 27216
aoDLAV 300e2 2 174 - 0.02 0.20 31300
aoULAV 300e2 2 174 - 0.03 0.19 31892
aoD2AG 300e2 2 174 - 0.02 0.23 35056
aoD2SG 300e2 2 174 - 0.03 0.24 34716
dry 1e5 10 180 - 0.03 0.17 38400
aoDLAV 1e5 10 180 - 0.04 20.42 53536
aoULAV 1e5 10 180 - 0.05 21.92 55312
aoD2AG 1e5 10 180 - 0.05 23.00 62620
aoD2SG 1e5 10 180 - 0.05 25.71 66832
dry 32e3 2 106 - 0.02 0.12 27300
aoDLAV 32e3 2 106 - 0.03 0.22 31436
aoULAV 32e3 2 106 - 0.03 0.21 32152
aoD2AG 32e3 2 106 - 0.03 0.25 35020
aoD2SG 32e3 2 106 - 0.03 0.26 34788
dry 32e1 2 37 - 0.02 0.12 26000
aoDLAV 32e1 2 37 - 0.02 0.14 30196
aoULAV 32e1 2 37 - 0.02 0.15 30208
aoD2AG 32e1 2 37 - 0.03 0.14 30368
aoD2SG 32e1 2 37 - 0.02 0.14 30384
moore 32e1 2 37 - 0.03 0.46 33688
nbpm 32e1 2 37 - 0.07 2.37 58312
greedy 32e1 2 37 - 0.04 0.21 40972
dry 32e1 2 106 - 0.02 0.11 26004
aoDLAV 32e1 2 106 - 0.02 0.14 30196
aoULAV 32e1 2 106 - 0.02 0.15 30208
aoD2AG 32e1 2 106 - 0.04 0.14 30376
aoD2SG 32e1 2 106 - 0.03 0.14 30388
moore 32e1 2 106 - 0.03 0.63 33676
nbpm 32e1 2 106 - 0.07 2.45 58300
greedy 32e1 2 106 - 0.02 0.21 40972
dry 1e6 10 235 - 0.07 0.39 112236
aoDLAV 1e6 10 235 - 0.20 345.56 369892
aoULAV 1e6 10 235 - 0.29 359.10 369936
aoD2AG 1e6 10 235 - 0.42 367.50 447144
aoD2SG 1e6 10 235 - 0.43 425.23 458856
dry 32e4 2 72 - 0.03 0.16 36424
aoDLAV 32e4 2 72 - 0.06 1.16 70828
aoULAV 32e4 2 72 - 0.06 1.18 70844
aoD2AG 32e4 2 72 - 0.06 1.62 88244
aoD2SG 32e4 2 72 - 0.06 1.80 90932
dry 1e3 5 108 - 0.03 0.11 26056
aoDLAV 1e3 5 108 - 0.03 0.13 30424
aoULAV 1e3 5 108 - 0.03 0.14 30436
aoD2AG 1e3 5 108 - 0.02 0.15 30756
aoD2SG 1e3 5 108 - 0.03 0.14 30780
moore 1e3 5 108 - 0.04 2.71 59828
nbpm 1e3 5 108 - 0.13 4.30 129244
greedy 1e3 5 108 - 0.07 0.99 139392
dry 18e1 2 190 - 0.03 0.11 26004
aoDLAV 18e1 2 190 - 0.03 0.14 30184
aoULAV 18e1 2 190 - 0.03 0.14 30196
aoD2AG 18e1 2 190 - 0.03 0.13 30348
aoD2SG 18e1 2 190 - 0.03 0.14 30364
moore 18e1 2 190 - 0.03 0.23 30488
nbpm 18e1 2 190 - 0.07 2.12 54436
greedy 18e1 2 190 - 0.03 0.15 33348
dry 18e4 2 138 - 0.04 0.12 33456
aoDLAV 18e4 2 138 - 0.04 0.73 47904
aoULAV 18e4 2 138 - 0.04 0.76 47864
aoD2AG 18e4 2 138 - 0.06 0.96 58640
aoD2SG 18e4 2 138 - 0.06 1.05 59948
dry 1e6 2 130 - 0.05 0.18 49704
aoDLAV 1e6 2 130 - 0.10 3.52 178456
aoULAV 1e6 2 130 - 0.12 3.75 178456
aoD2AG 1e6 2 130 - 0.20 5.23 233288
aoD2SG 1e6 2 130 - 0.19 5.94 242752
dry 375e2 2 24 - 0.03 0.12 29036
aoDLAV 375e2 2 24 - 0.03 0.22 31796
aoULAV 375e2 2 24 - 0.04 0.22 32600
aoD2AG 375e2 2 24 - 0.04 0.25 35516
aoD2SG 375e2 2 24 - 0.03 0.27 35528
dry 1e3 5 7 - 0.03 0.11 26056
aoDLAV 1e3 5 7 - 0.03 0.14 30424
aoULAV 1e3 5 7 - 0.03 0.14 30436
aoD2AG 1e3 5 7 - 0.02 0.15 30760
aoD2SG 1e3 5 7 - 0.02 0.15 30780
moore 1e3 5 7 - 0.05 5.98 59800
nbpm 1e3 5 7 - 0.10 4.54 129240
greedy 1e3 5 7 - 0.08 1.05 139388
dry 1e5 10 164 - 0.04 0.18 38396
aoDLAV 1e5 10 164 - 0.04 23.00 53576
aoULAV 1e5 10 164 - 0.05 22.13 55312
aoD2AG 1e5 10 164 - 0.05 23.11 62684
aoD2SG 1e5 10 164 - 0.06 26.23 66832
dry 1e2 10 112 - 0.02 0.12 26004
aoDLAV 1e2 10 112 - 0.03 0.14 30260
aoULAV 1e2 10 112 - 0.02 0.14 30276
aoD2AG 1e2 10 112 - 0.03 0.14 30444
aoD2SG 1e2 10 112 - 0.03 0.14 30448
moore 1e2 10 112 - 0.03 0.22 30496
nbpm 1e2 10 112 - 0.09 2.11 53076
greedy 1e2 10 112 - 0.03 0.14 30972
dry 56e4 2 238 - 0.03 0.18 41104
aoDLAV 56e4 2 238 - 0.07 2.02 107984
aoULAV 56e4 2 238 - 0.09 2.06 107984
aoD2AG 56e4 2 238 - 0.11 2.87 138744
aoD2SG 56e4 2 238 - 0.11 3.26 145564
dry 56e3 2 33 - 0.03 0.11 29996
aoDLAV 56e3 2 33 - 0.03 0.27 33476
aoULAV 56e3 2 33 - 0.04 0.28 34696
aoD2AG 56e3 2 33 - 0.04 0.35 37284
aoD2SG 56e3 2 33 - 0.04 0.40 37296
dry 1e2 10 203 - 0.03 0.11 26004
aoDLAV 1e2 10 203 - 0.03 0.14 30260
aoULAV 1e2 10 203 - 0.03 0.14 30272
aoD2AG 1e2 10 203 - 0.04 0.13 30440
aoD2SG 1e2 10 203 - 0.03 0.14 30448
moore 1e2 10 203 - 0.03 0.20 30496
nbpm 1e2 10 203 - 0.08 2.15 53076
greedy 1e2 10 203 - 0.03 0.14 30972
dry 1e3 2 238 - 0.02 0.12 26020
aoDLAV 1e3 2 238 - 0.03 0.14 30280
aoULAV 1e3 2 238 - 0.03 0.14 30332
aoD2AG 1e3 2 238 - 0.03 0.14 30540
aoD2SG 1e3 2 238 - 0.02 0.15 30552
moore 1e3 2 238 - 0.04 1.97 59804
nbpm 1e3 2 238 - 0.14 3.94 138560
greedy 1e3 2 238 - 0.10 0.99 139248
dry 32e4 2 156 - 0.02 0.17 36424
aoDLAV 32e4 2 156 - 0.07 1.20 70828
aoULAV 32e4 2 156 - 0.06 1.19 70840
aoD2AG 32e4 2 156 - 0.07 1.66 88792
aoD2SG 32e4 2 156 - 0.08 1.82 90776
dry 275e2 2 53 - 0.03 0.11 27120
aoDLAV 275e2 2 53 - 0.03 0.20 31240
aoULAV 275e2 2 53 - 0.02 0.21 31576
aoD2AG 275e2 2 53 - 0.03 0.23 34696
aoD2SG 275e2 2 53 - 0.02 0.25 34812
dry 1e1 2 40 - 0.04 0.10 25992
aoDLAV 1e1 2 40 - 0.03 0.14 30160
aoULAV 1e1 2 40 - 0.02 0.14 30176
aoD2AG 1e1 2 40 - 0.02 0.15 30316
aoD2SG 1e1 2 40 - 0.03 0.14 30312
moore 1e1 2 40 - 0.03 0.17 30484
nbpm 1e1 2 40 - 0.07 2.08 49824
greedy 1e1 2 40 - 0.03 0.13 30128
dry 325e2 2 167 - 0.02 0.12 27316
aoDLAV 325e2 2 167 - 0.03 0.22 31376
aoULAV 325e2 2 167 - 0.03 0.22 32084
aoD2AG 325e2 2 167 - 0.03 0.24 35000
aoD2SG 325e2 2 167 - 0.03 0.25 34788
dry 5e4 10 48 - 0.04 0.12 33888
aoDLAV 5e4 10 48 - 0.03 8.11 40200
aoULAV 5e4 10 48 - 0.05 7.96 40204
aoD2AG 5e4 10 48 - 0.05 7.91 44984
aoD2SG 5e4 10 48 - 0.04 8.98 45000
dry 275e2 2 61 - 0.02 0.12 27124
aoDLAV 275e2 2 61 - 0.04 0.20 31244
aoULAV 275e2 2 61 - 0.02 0.22 31572
aoD2AG 275e2 2 61 - 0.03 0.23 34696
aoD2SG 275e2 2 61 - 0.03 0.24 34812
dry 5e4 2 211 - 0.03 0.11 28000
aoDLAV 5e4 2 211 - 0.03 0.27 33012
aoULAV 5e4 2 211 - 0.03 0.28 33312
aoD2AG 5e4 2 211 - 0.03 0.35 36408
aoD2SG 5e4 2 211 - 0.03 0.36 36424
dry 56e1 2 238 - 0.02 0.11 26008
aoDLAV 56e1 2 238 - 0.03 0.14 30220
aoULAV 56e1 2 238 - 0.04 0.13 30232
aoD2AG 56e1 2 238 - 0.02 0.15 30416
aoD2SG 56e1 2 238 - 0.02 0.14 30432
moore 56e1 2 238 - 0.03 1.00 39684
nbpm 56e1 2 238 - 0.11 2.92 78704
greedy 56e1 2 238 - 0.04 0.39 64108
dry 1e2 5 23 - 0.03 0.11 25996
aoDLAV 1e2 5 23 - 0.02 0.15 30212
aoULAV 1e2 5 23 - 0.02 0.14 30224
aoD2AG 1e2 5 23 - 0.02 0.14 30388
aoD2SG 1e2 5 23 - 0.03 0.14 30392
moore 1e2 5 23 - 0.04 0.24 30492
nbpm 1e2 5 23 - 0.09 2.10 53016
greedy 1e2 5 23 - 0.02 0.15 30920
dry 56e1 2 113 - 0.02 0.11 26008
aoDLAV 56e1 2 113 - 0.03 0.14 30224
aoULAV 56e1 2 113 - 0.02 0.14 30232
aoD2AG 56e1 2 113 - 0.02 0.14 30420
aoD2SG 56e1 2 113 - 0.02 0.14 30428
moore 56e1 2 113 - 0.02 1.58 39652
nbpm 56e1 2 113 - 0.10 2.93 78704
greedy 56e1 2 113 - 0.05 0.38 64104
dry 1e5 2 177 - 0.03 0.13 30528
aoDLAV 1e5 2 177 - 0.03 0.44 34800
aoULAV 1e5 2 177 - 0.03 0.45 35320
aoD2AG 1e5 2 177 - 0.04 0.58 42604
aoD2SG 1e5 2 177 - 0.04 0.65 44084
dry 250e2 2 87 - 0.02 0.12 27020
aoDLAV 250e2 2 87 - 0.03 0.20 31108
aoULAV 250e2 2 87 - 0.03 0.20 31212
aoD2AG 250e2 2 87 - 0.03 0.22 33860
aoD2SG 250e2 2 87 - 0.02 0.24 33964
dry 400e2 2 190 - 0.02 0.12 27620
aoDLAV 400e2 2 190 - 0.03 0.24 32236
aoULAV 400e2 2 190 - 0.03 0.25 33116
aoD2AG 400e2 2 190 - 0.03 0.28 36076
aoD2SG 400e2 2 190 - 0.03 0.30 35928
dry 325e2 2 111 - 0.02 0.12 27316
aoDLAV 325e2 2 111 - 0.03 0.22 31372
aoULAV 325e2 2 111 - 0.02 0.24 32088
aoD2AG 325e2 2 111 - 0.03 0.26 35000
aoD2SG 325e2 2 111 - 0.03 0.27 34764
dry 400e2 2 127 - 0.03 0.11 27956
aoDLAV 400e2 2 127 - 0.02 0.25 32240
aoULAV 400e2 2 127 - 0.04 0.24 33112
aoD2AG 400e2 2 127 - 0.04 0.28 36072
aoD2SG 400e2 2 127 - 0.04 0.30 35924
dry 350e2 2 71 - 0.03 0.12 29232
aoDLAV 350e2 2 71 - 0.03 0.23 31480
aoULAV 350e2 2 71 - 0.03 0.23 32260
aoD2AG 350e2 2 71 - 0.02 0.27 34856
aoD2SG 350e2 2 71 - 0.03 0.28 35136
dry 1e3 10 72 - 0.02 0.12 26140
aoDLAV 1e3 10 72 - 0.03 0.16 30652
aoULAV 1e3 10 72 - 0.02 0.16 30664
aoD2AG 1e3 10 72 - 0.03 0.16 31064
aoD2SG 1e3 10 72 - 0.03 0.16 31092
moore 1e3 10 72 - 0.05 4.07 59844
nbpm 1e3 10 72 - 0.13 4.71 136144
greedy 1e3 10 72 - 0.08 1.01 139620
dry 1e6 2 202 - 0.03 0.20 49708
aoDLAV 1e6 2 202 - 0.11 3.56 178456
aoULAV 1e6 2 202 - 0.10 3.75 178460
aoD2AG 1e6 2 202 - 0.15 5.44 234336
aoD2SG 1e6 2 202 - 0.18 6.42 242660
dry 325e2 2 176 - 0.02 0.12 27316
aoDLAV 325e2 2 176 - 0.02 0.23 31376
aoULAV 325e2 2 176 - 0.03 0.23 32088
aoD2AG 325e2 2 176 - 0.03 0.26 35000
aoD2SG 325e2 2 176 - 0.04 0.25 34756
dry 1e3 2 102 - 0.02 0.12 26020
aoDLAV 1e3 2 102 - 0.03 0.14 30280
aoULAV 1e3 2 102 - 0.03 0.13 30296
aoD2AG 1e3 2 102 - 0.03 0.14 30544
aoD2SG 1e3 2 102 - 0.02 0.15 30564
moore 1e3 2 102 - 0.05 4.07 59772
nbpm 1e3 2 102 - 0.13 4.05 138552
greedy 1e3 2 102 - 0.08 1.01 139244
dry 350e2 2 120 - 0.02 0.12 27416
aoDLAV 350e2 2 120 - 0.03 0.23 31480
aoULAV 350e2 2 120 - 0.03 0.23 32288
aoD2AG 350e2 2 120 - 0.03 0.27 34852
aoD2SG 350e2 2 120 - 0.02 0.29 35128
dry 1e5 2 238 - 0.02 0.13 31388
aoDLAV 1e5 2 238 - 0.03 0.44 34800
aoULAV 1e5 2 238 - 0.03 0.44 35324
aoD2AG 1e5 2 238 - 0.04 0.56 42600
aoD2SG 1e5 2 238 - 0.04 0.63 43800
dry 300e2 2 47 - 0.02 0.12 27216
aoDLAV 300e2 2 47 - 0.03 0.21 31296
aoULAV 300e2 2 47 - 0.03 0.21 31896
aoD2AG 300e2 2 47 - 0.02 0.24 35064
aoD2SG 300e2 2 47 - 0.03 0.26 34720
dry 1e3 10 45 - 0.02 0.11 26140
aoDLAV 1e3 10 45 - 0.02 0.16 30656
aoULAV 1e3 10 45 - 0.03 0.16 30664
aoD2AG 1e3 10 45 - 0.02 0.16 31068
aoD2SG 1e3 10 45 - 0.02 0.16 31088
moore 1e3 10 45 - 0.04 4.74 59840
nbpm 1e3 10 45 - 0.11 4.87 136144
greedy 1e3 10 45 - 0.08 1.04 139616
dry 18e4 2 225 - 0.03 0.13 33104
aoDLAV 18e4 2 225 - 0.04 0.75 47864
aoULAV 18e4 2 225 - 0.04 0.76 47860
aoD2AG 18e4 2 225 - 0.06 1.00 58644
aoD2SG 18e4 2 225 - 0.06 1.39 60332
dry 56e4 2 94 - 0.03 0.19 41104
aoDLAV 56e4 2 94 - 0.06 2.07 107984
aoULAV 56e4 2 94 - 0.08 2.19 107988
aoD2AG 56e4 2 94 - 0.13 3.06 140320
aoD2SG 56e4 2 94 - 0.11 3.42 143588
dry 375e2 2 27 - 0.02 0.12 28828
aoDLAV 375e2 2 27 - 0.03 0.24 31784
aoULAV 375e2 2 27 - 0.03 0.24 32604
aoD2AG 375e2 2 27 - 0.04 0.26 35516
aoD2SG 375e2 2 27 - 0.03 0.29 35532
dry 275e2 2 135 - 0.02 0.12 27120
aoDLAV 275e2 2 135 - 0.02 0.21 31240
aoULAV 275e2 2 135 - 0.03 0.20 31572
aoD2AG 275e2 2 135 - 0.03 0.24 34696
aoD2SG 275e2 2 135 - 0.03 0.24 34812
dry 18e4 2 189 - 0.03 0.13 33104
aoDLAV 18e4 2 189 - 0.04 0.77 47864
aoULAV 18e4 2 189 - 0.04 0.77 47864
aoD2AG 18e4 2 189 - 0.06 0.99 58640
aoD2SG 18e4 2 189 - 0.05 1.09 60520
dry 400e2 2 31 - 0.02 0.12 27616
aoDLAV 400e2 2 31 - 0.02 0.23 32236
aoULAV 400e2 2 31 - 0.03 0.23 33116
aoD2AG 400e2 2 31 - 0.04 0.28 36076
aoD2SG 400e2 2 31 - 0.03 0.30 35928
dry 1e6 2 35 - 0.05 0.19 49704
aoDLAV 1e6 2 35 - 0.12 3.66 178456
aoULAV 1e6 2 35 - 0.10 3.82 178456
aoD2AG 1e6 2 35 - 0.17 5.59 234716
aoD2SG 1e6 2 35 - 0.20 6.31 244516
dry 5e4 2 43 - 0.02 0.13 29680
aoDLAV 5e4 2 43 - 0.03 0.26 33012
aoULAV 5e4 2 43 - 0.03 0.26 33336
aoD2AG 5e4 2 43 - 0.03 0.33 36408
aoD2SG 5e4 2 43 - 0.04 0.35 36424
dry 325e2 2 155 - 0.01 0.12 27316
aoDLAV 325e2 2 155 - 0.03 0.21 31376
aoULAV 325e2 2 155 - 0.02 0.23 32084
aoD2AG 325e2 2 155 - 0.03 0.25 35000
aoD2SG 325e2 2 155 - 0.03 0.26 34764
dry 275e2 2 64 - 0.02 0.12 27952
aoDLAV 275e2 2 64 - 0.02 0.21 31240
aoULAV 275e2 2 64 - 0.03 0.21 31576
aoD2AG 275e2 2 64 - 0.02 0.24 34700
aoD2SG 275e2 2 64 - 0.03 0.25 34812
dry 1e2 2 2 - 0.02 0.12 25992
aoDLAV 1e2 2 2 - 0.02 0.14 30168
aoULAV 1e2 2 2 - 0.03 0.14 30180
aoD2AG 1e2 2 2 - 0.02 0.15 30336
aoD2SG 1e2 2 2 - 0.02 0.14 30344
moore 1e2 2 2 - 0.03 0.21 30488
nbpm 1e2 2 2 - 0.06 2.15 53008
greedy 1e2 2 2 - 0.03 0.15 30880
dry 1e6 2 142 - 0.04 0.20 49704
aoDLAV 1e6 2 142 - 0.10 3.83 178456
aoULAV 1e6 2 142 - 0.16 3.96 178456
aoD2AG 1e6 2 142 - 0.18 5.68 233032
aoD2SG 1e6 2 142 - 0.20 6.41 242568
dry 1e3 10 21 - 0.02 0.12 26140
aoDLAV 1e3 10 21 - 0.04 0.16 30652
aoULAV 1e3 10 21 - 0.04 0.16 30664
aoD2AG 1e3 10 21 - 0.03 0.17 31060
aoD2SG 1e3 10 21 - 0.04 0.16 31092
moore 1e3 10 21 - 0.05 3.95 59840
nbpm 1e3 10 21 - 0.11 4.80 136140
greedy 1e3 10 21 - 0.09 1.03 139616
dry 32e4 2 13 - 0.03 0.17 36428
aoDLAV 32e4 2 13 - 0.05 1.27 70828
aoULAV 32e4 2 13 - 0.07 1.25 70840
aoD2AG 32e4 2 13 - 0.07 1.78 88724
aoD2SG 32e4 2 13 - 0.08 1.92 91584
dry 32e1 2 248 - 0.03 0.11 26000
aoDLAV 32e1 2 248 - 0.02 0.14 30196
aoULAV 32e1 2 248 - 0.03 0.14 30208
aoD2AG 32e1 2 248 - 0.02 0.15 30380
aoD2SG 32e1 2 248 - 0.02 0.15 30384
moore 32e1 2 248 - 0.03 0.31 33680
nbpm 32e1 2 248 - 0.09 2.33 58300
greedy 32e1 2 248 - 0.03 0.21 40972
dry 32e1 2 213 - 0.02 0.11 26000
aoDLAV 32e1 2 213 - 0.02 0.14 30200
aoULAV 32e1 2 213 - 0.03 0.13 30208
aoD2AG 32e1 2 213 - 0.03 0.14 30376
aoD2SG 32e1 2 213 - 0.03 0.14 30388
moore 32e1 2 213 - 0.03 0.28 33684
nbpm 32e1 2 213 - 0.08 2.36 58308
greedy 32e1 2 213 - 0.03 0.21 40972
dry 1e2 5 237 - 0.03 0.11 26000
aoDLAV 1e2 5 237 - 0.02 0.14 30212
aoULAV 1e2 5 237 - 0.02 0.14 30224
aoD2AG 1e2 5 237 - 0.02 0.15 30384
aoD2SG 1e2 5 237 - 0.02 0.15 30388
moore 1e2 5 237 - 0.03 0.22 30492
nbpm 1e2 5 237 - 0.08 2.15 53016
greedy 1e2 5 237 - 0.04 0.13 30920
dry 18e4 2 164 - 0.03 0.14 33108
aoDLAV 18e4 2 164 - 0.04 0.79 47860
aoULAV 18e4 2 164 - 0.05 0.75 47860
aoD2AG 18e4 2 164 - 0.05 0.97 58648
aoD2SG 18e4 2 164 - 0.05 1.08 59828
dry 1e2 2 94 - 0.03 0.11 25992
aoDLAV 1e2 2 94 - 0.03 0.13 30168
aoULAV 1e2 2 94 - 0.03 0.14 30180
aoD2AG 1e2 2 94 - 0.02 0.15 30364
aoD2SG 1e2 2 94 - 0.02 0.15 30344
moore 1e2 2 94 - 0.03 0.21 30480
nbpm 1e2 2 94 - 0.07 2.13 53000
greedy 1e2 2 94 - 0.02 0.14 30880
dry 1e5 10 178 - 0.04 0.17 38396
aoDLAV 1e5 10 178 - 0.04 20.79 53536
aoULAV 1e5 10 178 - 0.06 20.99 55312
aoD2AG 1e5 10 178 - 0.06 21.25 62664
aoD2SG 1e5 10 178 - 0.06 24.46 66832
dry 32e3 2 247 - 0.02 0.12 27300
aoDLAV 32e3 2 247 - 0.03 0.22 31436
aoULAV 32e3 2 247 - 0.03 0.22 32144
aoD2AG 32e3 2 247 - 0.03 0.26 35024
aoD2SG 32e3 2 247 - 0.03 0.27 34788
dry 5e4 2 100 - 0.03 0.12 28000
aoDLAV 5e4 2 100 - 0.03 0.27 33008
aoULAV 5e4 2 100 - 0.03 0.28 33312
aoD2AG 5e4 2 100 - 0.04 0.34 36408
aoD2SG 5e4 2 100 - 0.03 0.37 36428
dry 1e3 2 160 - 0.02 0.12 26024
aoDLAV 1e3 2 160 - 0.02 0.15 30280
aoULAV 1e3 2 160 - 0.03 0.14 30292
aoD2AG 1e3 2 160 - 0.02 0.15 30536
aoD2SG 1e3 2 160 - 0.03 0.14 30568
moore 1e3 2 160 - 0.04 1.65 59804
nbpm 1e3 2 160 - 0.15 4.11 138560
greedy 1e3 2 160 - 0.08 1.03 139248
dry 5e4 2 29 - 0.03 0.11 28000
aoDLAV 5e4 2 29 - 0.03 0.27 33012
aoULAV 5e4 2 29 - 0.03 0.28 33312
aoD2AG 5e4 2 29 - 0.03 0.35 36408
aoD2SG 5e4 2 29 - 0.03 0.36 36424
dry 32e1 2 234 - 0.02 0.12 26004
aoDLAV 32e1 2 234 - 0.03 0.14 30196
aoULAV 32e1 2 234 - 0.03 0.14 30208
aoD2AG 32e1 2 234 - 0.03 0.14 30376
aoD2SG 32e1 2 234 - 0.02 0.15 30388
moore 32e1 2 234 - 0.03 0.62 33676
nbpm 32e1 2 234 - 0.07 2.37 58300
greedy 32e1 2 234 - 0.03 0.21 40972
dry 32e4 2 85 - 0.03 0.17 36424
aoDLAV 32e4 2 85 - 0.06 1.26 70828
aoULAV 32e4 2 85 - 0.05 1.30 70840
aoD2AG 32e4 2 85 - 0.08 1.70 88984
aoD2SG 32e4 2 85 - 0.08 1.92 90892
dry 350e2 2 33 - 0.03 0.11 27416
aoDLAV 350e2 2 33 - 0.03 0.22 31480
aoULAV 350e2 2 33 - 0.02 0.23 32264
aoD2AG 350e2 2 33 - 0.03 0.27 34848
aoD2SG 350e2 2 33 - 0.03 0.27 35136
dry 400e2 2 202 - 0.02 0.12 27616
aoDLAV 400e2 2 202 - 0.03 0.23 32260
aoULAV 400e2 2 202 - 0.03 0.24 33112
aoD2AG 400e2 2 202 - 0.04 0.27 36068
aoD2SG 400e2 2 202 - 0.03 0.30 35928
dry 300e2 2 126 - 0.02 0.12 27220
aoDLAV 300e2 2 126 - 0.02 0.22 31296
aoULAV 300e2 2 126 - 0.02 0.22 31896
aoD2AG 300e2 2 126 - 0.03 0.24 35060
aoD2SG 300e2 2 126 - 0.03 0.25 34720
dry 5e4 5 7 - 0.03 0.13 30696
aoDLAV 5e4 5 7 - 0.03 0.74 34704
aoULAV 5e4 5 7 - 0.03 0.75 34704
aoD2AG 5e4 5 7 - 0.04 0.80 37724
aoD2SG 5e4 5 7 - 0.04 0.87 37932
dry 275e2 2 130 - 0.02 0.12 27124
aoDLAV 275e2 2 130 - 0.03 0.21 31240
aoULAV 275e2 2 130 - 0.03 0.21 31572
aoD2AG 275e2 2 130 - 0.02 0.24 34696
aoD2SG 275e2 2 130 - 0.02 0.25 34812
dry 225e2 2 67 - 0.03 0.11 26920
aoDLAV 225e2 2 67 - 0.04 0.19 30984
aoULAV 225e2 2 67 - 0.03 0.20 30992
aoD2AG 225e2 2 67 - 0.03 0.22 33372
aoD2SG 225e2 2 67 - 0.03 0.23 33464
dry 5e4 2 226 - 0.03 0.12 29712
aoDLAV 5e4 2 226 - 0.03 0.27 33008
aoULAV 5e4 2 226 - 0.03 0.28 33312
aoD2AG 5e4 2 226 - 0.02 0.35 36408
aoD2SG 5e4 2 226 - 0.03 0.36 36424
dry 1e5 10 43 - 0.03 0.18 38396
aoDLAV 1e5 10 43 - 0.04 22.49 53536
aoULAV 1e5 10 43 - 0.04 22.52 55312
aoD2AG 1e5 10 43 - 0.04 22.52 62588
aoD2SG 1e5 10 43 - 0.06 24.96 66876
dry 350e2 2 227 - 0.03 0.11 27416
aoDLAV 350e2 2 227 - 0.02 0.23 31480
aoULAV 350e2 2 227 - 0.03 0.22 32264
aoD2AG 350e2 2 227 - 0.02 0.26 34852
aoD2SG 350e2 2 227 - 0.03 0.27 35132
dry 325e2 2 42 - 0.03 0.11 27316
aoDLAV 325e2 2 42 - 0.03 0.21 31372
aoULAV 325e2 2 42 - 0.03 0.22 32088
aoD2AG 325e2 2 42 - 0.02 0.25 35004
aoD2SG 325e2 2 42 - 0.03 0.26 34760
dry 5e4 5 186 - 0.02 0.14 31928
aoDLAV 5e4 5 186 - 0.03 0.72 34704
aoULAV 5e4 5 186 - 0.04 0.73 34708
aoD2AG 5e4 5 186 - 0.04 0.78 37724
aoD2SG 5e4 5 186 - 0.04 0.85 37940
dry 400e2 2 82 - 0.03 0.12 29472
aoDLAV 400e2 2 82 - 0.03 0.24 32236
aoULAV 400e2 2 82 - 0.03 0.24 33116
aoD2AG 400e2 2 82 - 0.04 0.28 36068
aoD2SG 400e2 2 82 - 0.03 0.30 35924
dry 225e2 2 234 - 0.03 0.12 26920
aoDLAV 225e2 2 234 - 0.03 0.19 30980
aoULAV 225e2 2 234 - 0.03 0.19 30992
aoD2AG 225e2 2 234 - 0.03 0.22 33368
aoD2SG 225e2 2 234 - 0.03 0.22 33460
dry 1e3 2 71 - 0.03 0.11 26020
aoDLAV 1e3 2 71 - 0.02 0.15 30280
aoULAV 1e3 2 71 - 0.03 0.14 30292
aoD2AG 1e3 2 71 - 0.03 0.14 30588
aoD2SG 1e3 2 71 - 0.02 0.15 30564
moore 1e3 2 71 - 0.04 3.80 59776
nbpm 1e3 2 71 - 0.14 4.02 138560
greedy 1e3 2 71 - 0.08 1.04 139244
dry 56e1 2 6 - 0.02 0.12 26008
aoDLAV 56e1 2 6 - 0.03 0.13 30220
aoULAV 56e1 2 6 - 0.04 0.13 30232
aoD2AG 56e1 2 6 - 0.03 0.14 30420
aoD2SG 56e1 2 6 - 0.02 0.15 30428
moore 56e1 2 6 - 0.04 1.24 39652
nbpm 56e1 2 6 - 0.11 2.89 78704
greedy 56e1 2 6 - 0.05 0.37 64108
dry 18e1 2 229 - 0.03 0.11 26008
aoDLAV 18e1 2 229 - 0.04 0.13 30184
aoULAV 18e1 2 229 - 0.03 0.14 30196
aoD2AG 18e1 2 229 - 0.02 0.15 30356
aoD2SG 18e1 2 229 - 0.03 0.14 30364
moore 18e1 2 229 - 0.03 0.27 30496
nbpm 18e1 2 229 - 0.08 2.14 54448
greedy 18e1 2 229 - 0.02 0.16 33348
dry 32e3 2 57 - 0.02 0.12 27296
aoDLAV 32e3 2 57 - 0.03 0.21 31436
aoULAV 32e3 2 57 - 0.03 0.21 32148
aoD2AG 32e3 2 57 - 0.03 0.24 35020
aoD2SG 32e3 2 57 - 0.03 0.26 34784
dry 1e6 2 57 - 0.04 0.19 49704
aoDLAV 1e6 2 57 - 0.11 3.64 178460
aoULAV 1e6 2 57 - 0.12 3.84 178456
aoD2AG 1e6 2 57 - 0.19 5.46 233192
aoD2SG 1e6 2 57 - 0.22 6.13 242576
dry 5e4 2 243 - 0.03 0.11 28000
aoDLAV 5e4 2 243 - 0.03 0.27 33008
aoULAV 5e4 2 243 - 0.02 0.28 33312
aoD2AG 5e4 2 243 - 0.03 0.33 36408
aoD2SG 5e4 2 243 - 0.04 0.34 36420
dry 1e5 2 121 - 0.03 0.13 30968
aoDLAV 1e5 2 121 - 0.04 0.43 34804
aoULAV 1e5 2 121 - 0.03 0.44 35320
aoD2AG 1e5 2 121 - 0.04 0.55 42604
aoD2SG 1e5 2 121 - 0.05 0.62 43800
dry 32e4 2 178 - 0.03 0.16 36424
aoDLAV 32e4 2 178 - 0.07 1.21 70828
aoULAV 32e4 2 178 - 0.06 1.23 70840
aoD2AG 32e4 2 178 - 0.08 1.70 88764
aoD2SG 32e4 2 178 - 0.08 1.89 90764
dry 1e6 5 15 - 0.05 0.28 73152
aoDLAV 1e6 5 15 - 0.18 19.90 252688
aoULAV 1e6 5 15 - 0.15 19.01 252688
aoD2AG 1e6 5 15 - 0.25 22.41 323572
aoD2SG 1e6 5 15 - 0.27 25.95 331900
dry 300e2 2 242 - 0.03 0.11 30724
aoDLAV 300e2 2 242 - 0.03 0.21 31296
aoULAV 300e2 2 242 - 0.02 0.21 31892
aoD2AG 300e2 2 242 - 0.03 0.24 35064
aoD2SG 300e2 2 242 - 0.03 0.24 34716
dry 1e2 10 4 - 0.03 0.11 26004
aoDLAV 1e2 10 4 - 0.02 0.15 30260
aoULAV 1e2 10 4 - 0.03 0.14 30272
aoD2AG 1e2 10 4 - 0.03 0.14 30440
aoD2SG 1e2 10 4 - 0.03 0.14 30448
moore 1e2 10 4 - 0.03 0.22 30496
nbpm 1e2 10 4 - 0.08 2.34 53076
greedy 1e2 10 4 - 0.03 0.15 30976
dry 32e3 2 209 - 0.02 0.12 27296
aoDLAV 32e3 2 209 - 0.03 0.22 31440
aoULAV 32e3 2 209 - 0.02 0.23 32144
aoD2AG 32e3 2 209 - 0.04 0.24 35020
aoD2SG 32e3 2 209 - 0.03 0.26 34784
dry 18e4 2 61 - 0.02 0.14 33104
aoDLAV 18e4 2 61 - 0.05 0.78 47860
aoULAV 18e4 2 61 - 0.04 0.80 47860
aoD2AG 18e4 2 61 - 0.06 1.04 58636
aoD2SG 18e4 2 61 - 0.06 1.12 59912
dry 1e3 10 172 - 0.02 0.12 26136
aoDLAV 1e3 10 172 - 0.03 0.16 30652
aoULAV 1e3 10 172 - 0.02 0.16 30704
aoD2AG 1e3 10 172 - 0.02 0.17 31068
aoD2SG 1e3 10 172 - 0.02 0.17 31096
moore 1e3 10 172 - 0.04 2.81 59868
nbpm 1e3 10 172 - 0.12 4.90 136140
greedy 1e3 10 172 - 0.08 1.06 139616
dry 1e3 10 94 - 0.03 0.11 26136
aoDLAV 1e3 10 94 - 0.03 0.16 30656
aoULAV 1e3 10 94 - 0.03 0.16 30664
aoD2AG 1e3 10 94 - 0.03 0.17 31064
aoD2SG 1e3 10 94 - 0.03 0.16 31092
moore 1e3 10 94 - 0.05 5.00 59920
nbpm 1e3 10 94 - 0.12 4.73 136140
greedy 1e3 10 94 - 0.10 1.06 139620
dry 1e2 5 54 - 0.03 0.11 25996
aoDLAV 1e2 5 54 - 0.03 0.14 30216
aoULAV 1e2 5 54 - 0.03 0.14 30224
aoD2AG 1e2 5 54 - 0.03 0.14 30384
aoD2SG 1e2 5 54 - 0.04 0.13 30388
moore 1e2 5 54 - 0.02 0.23 30492
nbpm 1e2 5 54 - 0.08 2.18 53012
greedy 1e2 5 54 - 0.03 0.15 30920
dry 1e3 10 46 - 0.02 0.12 26136
aoDLAV 1e3 10 46 - 0.03 0.15 30652
aoULAV 1e3 10 46 - 0.03 0.16 30668
aoD2AG 1e3 10 46 - 0.03 0.16 31052
aoD2SG 1e3 10 46 - 0.03 0.17 31088
moore 1e3 10 46 - 0.06 3.75 59868
nbpm 1e3 10 46 - 0.12 4.82 136140
greedy 1e3 10 46 - 0.08 1.06 139616
dry 1e5 2 76 - 0.03 0.13 30836
aoDLAV 1e5 2 76 - 0.03 0.44 34800
aoULAV 1e5 2 76 - 0.04 0.48 35324
aoD2AG 1e5 2 76 - 0.04 0.60 42600
aoD2SG 1e5 2 76 - 0.04 0.65 43804
dry 1e2 2 178 - 0.03 0.11 25992
aoDLAV 1e2 2 178 - 0.03 0.14 30172
aoULAV 1e2 2 178 - 0.02 0.14 30180
aoD2AG 1e2 2 178 - 0.03 0.14 30328
aoD2SG 1e2 2 178 - 0.02 0.14 30340
moore 1e2 2 178 - 0.02 0.22 30492
nbpm 1e2 2 178 - 0.09 2.15 53008
greedy 1e2 2 178 - 0.03 0.14 30880
dry 300e2 2 54 - 0.02 0.12 28964
aoDLAV 300e2 2 54 - 0.03 0.21 31300
aoULAV 300e2 2 54 - 0.02 0.22 31892
aoD2AG 300e2 2 54 - 0.03 0.25 35060
aoD2SG 300e2 2 54 - 0.03 0.26 34716
dry 1e2 2 165 - 0.02 0.12 25996
aoDLAV 1e2 2 165 - 0.02 0.14 30168
aoULAV 1e2 2 165 - 0.03 0.14 30180
aoD2AG 1e2 2 165 - 0.02 0.15 30328
aoD2SG 1e2 2 165 - 0.02 0.15 30344
moore 1e2 2 165 - 0.03 0.20 30488
nbpm 1e2 2 165 - 0.07 2.18 53008
greedy 1e2 2 165 - 0.02 0.15 30880
dry 5e4 5 20 - 0.03 0.13 29984
aoDLAV 5e4 5 20 - 0.04 0.76 34708
aoULAV 5e4 5 20 - 0.04 0.76 34704
aoD2AG 5e4 5 20 - 0.04 0.82 37728
aoD2SG 5e4 5 20 - 0.04 0.91 37936
dry 56e3 2 55 - 0.03 0.11 28236
aoDLAV 56e3 2 55 - 0.03 0.29 33476
aoULAV 56e3 2 55 - 0.03 0.29 34696
aoD2AG 56e3 2 55 - 0.03 0.37 37288
aoD2SG 56e3 2 55 - 0.03 0.39 37300
dry 250e2 2 240 - 0.02 0.12 27020
aoDLAV 250e2 2 240 - 0.03 0.20 31108
aoULAV 250e2 2 240 - 0.03 0.20 31212
aoD2AG 250e2 2 240 - 0.03 0.22 33860
aoD2SG 250e2 2 240 - 0.02 0.24 33968
dry 1e2 10 5 - 0.02 0.11 26008
aoDLAV 1e2 10 5 - 0.02 0.14 30260
aoULAV 1e2 10 5 - 0.02 0.15 30272
aoD2AG 1e2 10 5 - 0.02 0.15 30440
aoD2SG 1e2 10 5 - 0.02 0.15 30452
moore 1e2 10 5 - 0.02 0.24 30556
nbpm 1e2 10 5 - 0.08 2.17 53080
greedy 1e2 10 5 - 0.02 0.15 30976
dry 350e2 2 62 - 0.03 0.11 29052
aoDLAV 350e2 2 62 - 0.03 0.22 31480
aoULAV 350e2 2 62 - 0.03 0.23 32260
aoD2AG 350e2 2 62 - 0.03 0.26 34852
aoD2SG 350e2 2 62 - 0.03 0.27 35136
dry 1e5 5 75 - 0.03 0.13 34476
aoDLAV 1e5 5 75 - 0.04 1.58 41816
aoULAV 1e5 5 75 - 0.04 1.58 43572
aoD2AG 1e5 5 75 - 0.04 1.73 53560
aoD2SG 1e5 5 75 - 0.03 2.05 53204
dry 1e6 10 139 - 0.07 0.40 112232
aoDLAV 1e6 10 139 - 0.24 377.34 369960
aoULAV 1e6 10 139 - 0.91 385.50 369916
aoD2AG 1e6 10 139 - 0.43 370.91 448072
aoD2SG 1e6 10 139 - 0.46 455.62 459592
dry 250e2 2 23 - 0.02 0.12 27020
aoDLAV 250e2 2 23 - 0.03 0.20 31108
aoULAV 250e2 2 23 - 0.03 0.20 31212
aoD2AG 250e2 2 23 - 0.03 0.24 33856
aoD2SG 250e2 2 23 - 0.04 0.24 33960
dry 1e3 5 64 - 0.03 0.11 26056
aoDLAV 1e3 5 64 - 0.02 0.15 30428
aoULAV 1e3 5 64 - 0.03 0.15 30436
aoD2AG 1e3 5 64 - 0.02 0.15 30752
aoD2SG 1e3 5 64 - 0.02 0.15 30772
moore 1e3 5 64 - 0.04 4.44 59804
nbpm 1e3 5 64 - 0.12 4.37 129244
greedy 1e3 5 64 - 0.09 1.02 139388
dry 1e1 2 138 - 0.02 0.12 25992
aoDLAV 1e1 2 138 - 0.03 0.14 30164
aoULAV 1e1 2 138 - 0.03 0.14 30176
aoD2AG 1e1 2 138 - 0.02 0.14 30312
aoD2SG 1e1 2 138 - 0.02 0.15 30316
moore 1e1 2 138 - 0.02 0.20 30488
nbpm 1e1 2 138 - 0.08 2.19 49824
greedy 1e1 2 138 - 0.03 0.13 30124
dry 275e2 2 29 - 0.02 0.12 30676
aoDLAV 275e2 2 29 - 0.02 0.21 31244
aoULAV 275e2 2 29 - 0.04 0.20 31568
aoD2AG 275e2 2 29 - 0.03 0.23 34696
aoD2SG 275e2 2 29 - 0.03 0.25 34812
dry 5e4 2 30 - 0.03 0.11 28000
aoDLAV 5e4 2 30 - 0.03 0.27 33008
aoULAV 5e4 2 30 - 0.04 0.27 33312
aoD2AG 5e4 2 30 - 0.03 0.34 36412
aoD2SG 5e4 2 30 - 0.03 0.36 36424
dry 1e5 10 157 - 0.03 0.18 38396
aoDLAV 1e5 10 157 - 0.05 21.03 53536
aoULAV 1e5 10 157 - 0.17 26.27 55308
aoD2AG 1e5 10 157 - 0.05 22.42 62716
aoD2SG 1e5 10 157 - 0.04 25.97 66836
dry 1e6 10 247 - 0.07 0.41 112232
aoDLAV 1e6 10 247 - 0.19 367.92 369992
aoULAV 1e6 10 247 - 0.32 363.45 369888
aoD2AG 1e6 10 247 - 0.41 386.73 447076
aoD2SG 1e6 10 247 - 0.44 631.03 456784
dry 1e6 10 164 - 0.07 0.40 112232
aoDLAV 1e6 10 164 - 0.20 358.64 369884
aoULAV 1e6 10 164 - 0.30 361.97 369888
aoD2AG 1e6 10 164 - 0.47 395.01 448156
aoD2SG 1e6 10 164 - 0.46 493.37 458480
dry 18e4 2 98 - 0.02 0.14 33108
aoDLAV 18e4 2 98 - 0.04 0.74 47860
aoULAV 18e4 2 98 - 0.04 0.77 47908
aoD2AG 18e4 2 98 - 0.05 0.98 58640
aoD2SG 18e4 2 98 - 0.06 1.08 59808
dry 1e6 10 44 - 0.09 0.43 112232
aoDLAV 1e6 10 44 - 0.20 385.10 369892
aoULAV 1e6 10 44 - 0.30 385.79 369884
aoD2AG 1e6 10 44 - 0.42 374.66 450712
aoD2SG 1e6 10 44 - 0.41 424.87 456584
