dry 1e7 10 226 - 0.40 1.37 850508
aoDLAV 1e7 10 226 - 1.70 5118.08 3533956
aoULAV 1e7 10 226 - 2.36 4790.09 3533956
aoD2AG 1e7 10 226 - 3.41 4824.27 4336336
aoD2SG 1e7 10 226 - 3.56 5808.19 4425808
dry 32e5 2 91 - 0.07 0.25 92676
aoDLAV 32e5 2 91 - 0.23 12.04 493324
aoULAV 32e5 2 91 - 0.27 12.85 493336
aoD2AG 32e5 2 91 - 0.40 18.42 718584
aoD2SG 32e5 2 91 - 0.43 20.75 744292
dry 1e7 5 171 - 0.24 0.77 459872
aoDLAV 1e7 5 171 - 1.01 288.62 2323020
aoULAV 1e7 5 171 - 1.52 218.16 2323016
aoD2AG 1e7 5 171 - 2.44 241.07 3063812
aoD2SG 1e7 5 171 - 2.06 284.79 3148272
dry 32e5 2 118 - 0.06 0.25 92676
aoDLAV 32e5 2 118 - 0.24 11.96 493324
aoULAV 32e5 2 118 - 0.24 12.77 493336
aoD2AG 32e5 2 118 - 0.41 18.33 717544
aoD2SG 32e5 2 118 - 0.41 21.05 743224
dry 32e5 2 166 - 0.06 0.25 92676
aoDLAV 32e5 2 166 - 0.26 12.07 493324
aoULAV 32e5 2 166 - 0.27 12.77 493340
aoD2AG 32e5 2 166 - 0.39 18.16 718472
aoD2SG 32e5 2 166 - 0.41 21.17 743492
dry 56e5 2 239 - 0.08 0.31 139544
aoDLAV 56e5 2 239 - 0.44 22.64 849556
aoULAV 56e5 2 239 - 0.43 24.49 849560
aoD2AG 56e5 2 239 - 0.69 34.35 1242876
aoD2SG 56e5 2 239 - 0.73 39.88 1286536
dry 56e5 2 230 - 0.08 0.31 139548
aoDLAV 56e5 2 230 - 0.44 22.74 849560
aoULAV 56e5 2 230 - 0.44 24.43 849556
aoD2AG 56e5 2 230 - 0.72 35.23 1241516
aoD2SG 56e5 2 230 - 0.76 39.39 1288188
dry 56e5 2 88 - 0.08 0.32 139544
aoDLAV 56e5 2 88 - 0.46 22.66 849556
aoULAV 56e5 2 88 - 0.44 23.95 849556
aoD2AG 56e5 2 88 - 0.69 34.06 1241312
aoD2SG 56e5 2 88 - 0.77 39.30 1287072
dry 56e5 2 240 - 0.08 0.32 139548
aoDLAV 56e5 2 240 - 0.46 26.50 849560
aoULAV 56e5 2 240 - 0.44 23.97 849556
aoD2AG 56e5 2 240 - 0.71 33.86 1242032
aoD2SG 56e5 2 240 - 0.76 39.12 1287104
dry 32e5 2 24 - 0.06 0.25 92676
aoDLAV 32e5 2 24 - 0.27 11.78 493324
aoULAV 32e5 2 24 - 0.34 12.48 493336
aoD2AG 32e5 2 24 - 0.44 18.02 718980
aoD2SG 32e5 2 24 - 0.40 20.66 744164
dry 1e7 5 20 - 0.22 0.80 459868
aoDLAV 1e7 5 20 - 1.09 289.63 2323016
aoULAV 1e7 5 20 - 1.56 215.32 2323016
aoD2AG 1e7 5 20 - 1.98 237.33 3064760
aoD2SG 1e7 5 20 - 2.54 288.04 3150336
dry 1e7 2 180 - 0.12 0.44 225484
aoDLAV 1e7 2 180 - 0.76 44.48 1502684
aoULAV 1e7 2 180 - 0.81 47.47 1502684
aoD2AG 1e7 2 180 - 1.55 67.21 2203588
aoD2SG 1e7 2 180 - 1.86 77.43 2284208
dry 18e5 2 71 - 0.04 0.21 65324
aoDLAV 18e5 2 71 - 0.19 6.35 285516
aoULAV 18e5 2 71 - 0.17 6.77 285520
aoD2AG 18e5 2 71 - 0.26 9.81 412620
aoD2SG 18e5 2 71 - 0.26 11.25 426940
dry 56e5 2 153 - 0.08 0.31 139544
aoDLAV 56e5 2 153 - 0.46 23.10 849556
aoULAV 56e5 2 153 - 0.48 24.33 849556
aoD2AG 56e5 2 153 - 0.76 34.64 1242500
aoD2SG 56e5 2 153 - 0.81 39.74 1287904
dry 1e7 10 128 - 0.42 1.40 850508
aoDLAV 1e7 10 128 - 1.49 4803.88 3533952
aoULAV 1e7 10 128 - 2.40 4760.29 3533956
aoD2AG 1e7 10 128 - 3.59 4773.92 4337812
aoD2SG 1e7 10 128 - 4.74 7370.87 4428412
dry 1e7 2 203 - 0.12 0.44 225488
aoDLAV 1e7 2 203 - 0.74 44.21 1502684
aoULAV 1e7 2 203 - 0.71 46.96 1502684
aoD2AG 1e7 2 203 - 1.49 67.41 2202136
aoD2SG 1e7 2 203 - 1.81 76.83 2282824
dry 56e5 2 15 - 0.08 0.32 139544
aoDLAV 56e5 2 15 - 0.47 22.74 849556
aoULAV 56e5 2 15 - 0.48 24.17 849560
aoD2AG 56e5 2 15 - 0.72 34.45 1241656
aoD2SG 56e5 2 15 - 0.80 40.09 1286212
dry 1e7 2 151 - 0.12 0.44 225484
aoDLAV 1e7 2 151 - 0.75 44.23 1502684
aoULAV 1e7 2 151 - 0.73 47.00 1502684
aoD2AG 1e7 2 151 - 1.80 66.50 2205540
aoD2SG 1e7 2 151 - 1.61 77.67 2283684
dry 32e5 2 85 - 0.06 0.25 92676
aoDLAV 32e5 2 85 - 0.25 11.91 493328
aoULAV 32e5 2 85 - 0.28 12.71 493336
aoD2AG 32e5 2 85 - 0.42 18.25 718884
aoD2SG 32e5 2 85 - 0.42 20.88 744864
dry 1e7 10 82 - 0.43 1.37 850508
aoDLAV 1e7 10 82 - 1.52 4798.47 3533960
aoULAV 1e7 10 82 - 2.71 4827.22 3533960
aoD2AG 1e7 10 82 - 3.69 6541.26 4336852
aoD2SG 1e7 10 82 - 3.60 5623.91 4424252
dry 1e7 5 212 - 0.22 0.78 459868
aoDLAV 1e7 5 212 - 1.05 206.80 2323016
aoULAV 1e7 5 212 - 1.48 209.30 2323020
aoD2AG 1e7 5 212 - 1.98 227.60 3064568
aoD2SG 1e7 5 212 - 2.54 288.59 3150340
dry 1e7 5 200 - 0.25 0.78 459868
aoDLAV 1e7 5 200 - 1.09 219.70 2323056
aoULAV 1e7 5 200 - 1.49 221.78 2323016
aoD2AG 1e7 5 200 - 2.51 242.36 3063336
aoD2SG 1e7 5 200 - 2.27 285.37 3149500
dry 32e5 2 13 - 0.06 0.25 92676
aoDLAV 32e5 2 13 - 0.26 11.73 493324
aoULAV 32e5 2 13 - 0.27 12.44 493336
aoD2AG 32e5 2 13 - 0.41 18.01 718008
aoD2SG 32e5 2 13 - 0.48 20.52 744256
dry 1e7 5 221 - 0.24 0.78 459868
aoDLAV 1e7 5 221 - 1.16 215.25 2323016
aoULAV 1e7 5 221 - 1.09 215.18 2323016
aoD2AG 1e7 5 221 - 2.46 236.48 3064132
aoD2SG 1e7 5 221 - 2.54 280.77 3149376
dry 1e7 2 53 - 0.12 0.43 225484
aoDLAV 1e7 2 53 - 0.76 43.77 1502724
aoULAV 1e7 2 53 - 0.75 46.40 1502684
aoD2AG 1e7 2 53 - 1.56 65.46 2203508
aoD2SG 1e7 2 53 - 1.65 77.40 2285004
dry 1e7 2 40 - 0.12 0.44 225488
aoDLAV 1e7 2 40 - 0.76 44.18 1502684
aoULAV 1e7 2 40 - 0.78 46.85 1502684
aoD2AG 1e7 2 40 - 1.46 66.32 2203252
aoD2SG 1e7 2 40 - 1.68 76.13 2284160
dry 1e7 10 136 - 0.41 1.38 850508
aoDLAV 1e7 10 136 - 1.81 4807.22 3533956
aoULAV 1e7 10 136 - 2.36 4740.63 3533952
aoD2AG 1e7 10 136 - 3.62 4855.26 4334512
aoD2SG 1e7 10 136 - 3.70 5900.28 4426056
dry 56e5 2 144 - 0.08 0.31 139544
aoDLAV 56e5 2 144 - 0.43 22.80 849556
aoULAV 56e5 2 144 - 0.44 24.34 849560
aoD2AG 56e5 2 144 - 0.69 35.30 1242164
aoD2SG 56e5 2 144 - 0.72 39.91 1286048
dry 56e5 2 130 - 0.08 0.31 139544
aoDLAV 56e5 2 130 - 0.45 22.96 849556
aoULAV 56e5 2 130 - 0.48 24.41 849556
aoD2AG 56e5 2 130 - 0.73 35.13 1242152
aoD2SG 56e5 2 130 - 0.77 39.71 1286596
dry 1e7 5 236 - 0.24 0.79 459868
aoDLAV 1e7 5 236 - 1.02 217.53 2323020
aoULAV 1e7 5 236 - 1.53 222.68 2323016
aoD2AG 1e7 5 236 - 2.48 244.50 3064516
aoD2SG 1e7 5 236 - 2.14 289.97 3148868
dry 56e5 2 209 - 0.08 0.31 139544
aoDLAV 56e5 2 209 - 0.45 22.95 849560
aoULAV 56e5 2 209 - 0.47 24.94 849560
aoD2AG 56e5 2 209 - 0.74 34.99 1241580
aoD2SG 56e5 2 209 - 0.89 40.03 1287196
dry 32e5 2 8 - 0.06 0.25 92680
aoDLAV 32e5 2 8 - 0.27 12.09 493324
aoULAV 32e5 2 8 - 0.26 13.27 493336
aoD2AG 32e5 2 8 - 0.41 18.70 717232
aoD2SG 32e5 2 8 - 0.41 21.03 743168
dry 32e5 2 31 - 0.06 0.25 92676
aoDLAV 32e5 2 31 - 0.24 12.01 493324
aoULAV 32e5 2 31 - 0.25 12.80 493336
aoD2AG 32e5 2 31 - 0.44 18.33 717868
aoD2SG 32e5 2 31 - 0.41 21.15 743016
dry 1e7 2 247 - 0.12 0.44 225484
aoDLAV 1e7 2 247 - 0.79 44.88 1502684
aoULAV 1e7 2 247 - 0.71 47.39 1502688
aoD2AG 1e7 2 247 - 1.77 67.80 2203100
aoD2SG 1e7 2 247 - 1.67 77.56 2282788
dry 18e5 2 228 - 0.05 0.21 65324
aoDLAV 18e5 2 228 - 0.17 6.55 285508
aoULAV 18e5 2 228 - 0.16 7.05 285520
aoD2AG 18e5 2 228 - 0.25 10.10 412888
aoD2SG 18e5 2 228 - 0.24 11.24 427892
dry 32e5 2 104 - 0.06 0.24 92676
aoDLAV 32e5 2 104 - 0.24 12.05 493328
aoULAV 32e5 2 104 - 0.25 12.80 493336
aoD2AG 32e5 2 104 - 0.40 18.43 717712
aoD2SG 32e5 2 104 - 0.42 21.10 743572
dry 18e5 2 134 - 0.05 0.20 65324
aoDLAV 18e5 2 134 - 0.16 6.35 285512
aoULAV 18e5 2 134 - 0.14 7.09 285524
aoD2AG 18e5 2 134 - 0.26 9.95 412688
aoD2SG 18e5 2 134 - 0.26 11.21 426744
dry 56e5 2 237 - 0.09 0.31 139548
aoDLAV 56e5 2 237 - 0.41 23.00 849556
aoULAV 56e5 2 237 - 0.53 25.47 849560
aoD2AG 56e5 2 237 - 0.75 35.11 1242760
aoD2SG 56e5 2 237 - 0.73 40.03 1286072
dry 56e5 2 116 - 0.08 0.31 139544
aoDLAV 56e5 2 116 - 0.47 22.92 849556
aoULAV 56e5 2 116 - 0.46 24.57 849556
aoD2AG 56e5 2 116 - 0.74 35.35 1241712
aoD2SG 56e5 2 116 - 0.74 39.66 1287060
dry 32e5 2 163 - 0.05 0.25 92676
aoDLAV 32e5 2 163 - 0.27 12.31 493324
aoULAV 32e5 2 163 - 0.25 13.00 493336
aoD2AG 32e5 2 163 - 0.39 18.36 716860
aoD2SG 32e5 2 163 - 0.43 20.93 744308
dry 1e7 2 107 - 0.13 0.43 225484
aoDLAV 1e7 2 107 - 0.82 44.37 1502724
aoULAV 1e7 2 107 - 0.76 47.09 1502684
aoD2AG 1e7 2 107 - 1.50 67.02 2203868
aoD2SG 1e7 2 107 - 1.65 77.25 2282520
dry 1e7 10 92 - 0.43 1.37 850508
aoDLAV 1e7 10 92 - 1.55 4776.38 3533956
aoULAV 1e7 10 92 - 2.29 4749.69 3533956
aoD2AG 1e7 10 92 - 3.56 5224.41 4338408
aoD2SG 1e7 10 92 - 3.62 5792.56 4424812
dry 18e5 2 201 - 0.04 0.21 65324
aoDLAV 18e5 2 201 - 0.17 6.33 285508
aoULAV 18e5 2 201 - 0.16 6.78 285524
aoD2AG 18e5 2 201 - 0.24 9.79 413168
aoD2SG 18e5 2 201 - 0.24 11.12 427812
dry 18e5 2 17 - 0.05 0.20 65328
aoDLAV 18e5 2 17 - 0.14 6.37 285512
aoULAV 18e5 2 17 - 0.15 6.79 285520
aoD2AG 18e5 2 17 - 0.24 9.79 411860
aoD2SG 18e5 2 17 - 0.26 11.10 427012
dry 32e5 2 16 - 0.05 0.26 92676
aoDLAV 32e5 2 16 - 0.24 11.92 493324
aoULAV 32e5 2 16 - 0.26 12.69 493336
aoD2AG 32e5 2 16 - 0.39 18.14 718476
aoD2SG 32e5 2 16 - 0.39 20.89 743852
dry 56e5 2 152 - 0.08 0.32 139544
aoDLAV 56e5 2 152 - 0.46 22.86 849556
aoULAV 56e5 2 152 - 0.43 24.31 849556
aoD2AG 56e5 2 152 - 0.83 34.89 1242100
aoD2SG 56e5 2 152 - 0.76 39.67 1287696
dry 56e5 2 143 - 0.07 0.32 139544
aoDLAV 56e5 2 143 - 0.44 22.82 849560
aoULAV 56e5 2 143 - 0.45 24.32 849556
aoD2AG 56e5 2 143 - 0.73 34.60 1243692
aoD2SG 56e5 2 143 - 0.76 39.66 1286976
dry 32e5 2 7 - 0.05 0.25 92676
aoDLAV 32e5 2 7 - 0.25 12.11 493324
aoULAV 32e5 2 7 - 0.25 12.87 493420
aoD2AG 32e5 2 7 - 0.40 18.29 719016
aoD2SG 32e5 2 7 - 0.40 21.27 742920
dry 18e5 2 57 - 0.04 0.22 65324
aoDLAV 18e5 2 57 - 0.15 6.40 285508
aoULAV 18e5 2 57 - 0.15 6.82 285524
aoD2AG 18e5 2 57 - 0.27 9.91 412868
aoD2SG 18e5 2 57 - 0.30 11.14 427560
dry 18e5 2 80 - 0.04 0.21 65324
aoDLAV 18e5 2 80 - 0.15 6.40 285508
aoULAV 18e5 2 80 - 0.16 6.99 285524
aoD2AG 18e5 2 80 - 0.24 9.86 412156
aoD2SG 18e5 2 80 - 0.25 11.41 427008
dry 1e7 5 231 - 0.22 0.80 459872
aoDLAV 1e7 5 231 - 1.09 217.02 2323052
aoULAV 1e7 5 231 - 1.13 217.84 2323016
aoD2AG 1e7 5 231 - 2.52 241.07 3065080
aoD2SG 1e7 5 231 - 2.61 286.49 3151232
dry 1e7 5 67 - 0.23 0.79 459868
aoDLAV 1e7 5 67 - 1.10 217.80 2323028
aoULAV 1e7 5 67 - 1.55 221.00 2323020
aoD2AG 1e7 5 67 - 2.05 241.92 3063788
aoD2SG 1e7 5 67 - 2.49 287.29 3149220
dry 56e5 2 110 - 0.09 0.32 139548
aoDLAV 56e5 2 110 - 0.46 23.20 849556
aoULAV 56e5 2 110 - 0.45 24.61 849560
aoD2AG 56e5 2 110 - 0.72 34.82 1241668
aoD2SG 56e5 2 110 - 0.87 39.81 1286992
dry 1e7 10 104 - 0.41 1.40 850556
aoDLAV 1e7 10 104 - 1.46 5005.42 3533960
aoULAV 1e7 10 104 - 2.43 4759.58 3533952
aoD2AG 1e7 10 104 - 3.67 4750.39 4336848
aoD2SG 1e7 10 104 - 3.88 6859.77 4425696
