dry 32e3 2 24 - 0.02 0.12 27296
aoDLAV 32e3 2 24 - 0.03 0.19 31440
aoULAV 32e3 2 24 - 0.02 0.20 32152
aoD2AG 32e3 2 24 - 0.03 0.23 35024
aoD2SG 32e3 2 24 - 0.03 0.25 34788
dry 1e3 2 66 - 0.02 0.11 27952
aoDLAV 1e3 2 66 - 0.02 0.14 30284
aoULAV 1e3 2 66 - 0.02 0.14 30296
aoD2AG 1e3 2 66 - 0.02 0.15 30536
aoD2SG 1e3 2 66 - 0.03 0.14 30552
moore 1e3 2 66 - 0.03 4.53 59776
nbpm 1e3 2 66 - 0.11 4.15 138564
greedy 1e3 2 66 - 0.07 1.01 139244
dry 32e4 2 146 - 0.03 0.15 36424
aoDLAV 32e4 2 146 - 0.06 1.18 70832
aoULAV 32e4 2 146 - 0.06 1.09 70844
aoD2AG 32e4 2 146 - 0.07 1.51 88812
aoD2SG 32e4 2 146 - 0.08 1.58 90896
dry 56e3 2 206 - 0.02 0.12 30148
aoDLAV 56e3 2 206 - 0.03 0.28 33476
aoULAV 56e3 2 206 - 0.02 0.28 34696
aoD2AG 56e3 2 206 - 0.03 0.30 37284
aoD2SG 56e3 2 206 - 0.03 0.38 37304
dry 18e4 2 124 - 0.03 0.13 33104
aoDLAV 18e4 2 124 - 0.05 0.75 47864
aoULAV 18e4 2 124 - 0.04 0.72 47860
aoD2AG 18e4 2 124 - 0.05 0.94 58644
aoD2SG 18e4 2 124 - 0.05 1.04 59920
dry 1e5 5 216 - 0.03 0.13 34476
aoDLAV 1e5 5 216 - 0.05 1.41 41820
aoULAV 1e5 5 216 - 0.04 1.52 43572
aoD2AG 1e5 5 216 - 0.05 1.37 53584
aoD2SG 1e5 5 216 - 0.05 1.54 53200
dry 300e2 2 153 - 0.03 0.11 27216
aoDLAV 300e2 2 153 - 0.02 0.21 31296
aoULAV 300e2 2 153 - 0.02 0.22 31892
aoD2AG 300e2 2 153 - 0.04 0.22 35060
aoD2SG 300e2 2 153 - 0.03 0.24 34716
dry 1e2 10 104 - 0.03 0.11 27952
aoDLAV 1e2 10 104 - 0.03 0.13 30260
aoULAV 1e2 10 104 - 0.03 0.13 30272
aoD2AG 1e2 10 104 - 0.02 0.14 30440
aoD2SG 1e2 10 104 - 0.02 0.14 30480
moore 1e2 10 104 - 0.02 0.21 30496
nbpm 1e2 10 104 - 0.06 2.09 53072
greedy 1e2 10 104 - 0.03 0.14 30972
dry 5e4 5 23 - 0.03 0.12 31144
aoDLAV 5e4 5 23 - 0.03 0.65 34708
aoULAV 5e4 5 23 - 0.03 0.67 34704
aoD2AG 5e4 5 23 - 0.04 0.67 37732
aoD2SG 5e4 5 23 - 0.03 0.77 37940
dry 1e2 2 196 - 0.01 0.12 25996
aoDLAV 1e2 2 196 - 0.02 0.13 30168
aoULAV 1e2 2 196 - 0.02 0.14 30180
aoD2AG 1e2 2 196 - 0.03 0.13 30336
aoD2SG 1e2 2 196 - 0.02 0.14 30340
moore 1e2 2 196 - 0.01 0.23 30492
nbpm 1e2 2 196 - 0.07 2.07 53008
greedy 1e2 2 196 - 0.03 0.13 30880
dry 250e2 2 191 - 0.02 0.11 27020
aoDLAV 250e2 2 191 - 0.02 0.19 31108
aoULAV 250e2 2 191 - 0.02 0.20 31212
aoD2AG 250e2 2 191 - 0.02 0.21 33860
aoD2SG 250e2 2 191 - 0.03 0.22 33964
dry 1e1 2 158 - 0.02 0.11 25992
aoDLAV 1e1 2 158 - 0.02 0.14 30160
aoULAV 1e1 2 158 - 0.03 0.13 30172
aoD2AG 1e1 2 158 - 0.02 0.14 30316
aoD2SG 1e1 2 158 - 0.03 0.14 30320
moore 1e1 2 158 - 0.02 0.17 30484
nbpm 1e1 2 158 - 0.07 2.06 49824
greedy 1e1 2 158 - 0.02 0.15 30124
dry 1e3 10 101 - 0.02 0.12 26140
aoDLAV 1e3 10 101 - 0.03 0.16 30652
aoULAV 1e3 10 101 - 0.02 0.16 30664
aoD2AG 1e3 10 101 - 0.03 0.15 31076
aoD2SG 1e3 10 101 - 0.02 0.17 31088
moore 1e3 10 101 - 0.04 5.50 59844
nbpm 1e3 10 101 - 0.10 4.75 136140
greedy 1e3 10 101 - 0.08 1.03 139616
dry 5e4 10 99 - 0.04 0.13 33892
aoDLAV 5e4 10 99 - 0.04 7.34 40200
aoULAV 5e4 10 99 - 0.03 7.92 40200
aoD2AG 5e4 10 99 - 0.05 7.95 44984
aoD2SG 5e4 10 99 - 0.05 9.04 44996
dry 1e2 2 59 - 0.02 0.12 25992
aoDLAV 1e2 2 59 - 0.02 0.15 30168
aoULAV 1e2 2 59 - 0.02 0.14 30184
aoD2AG 1e2 2 59 - 0.03 0.14 30336
aoD2SG 1e2 2 59 - 0.03 0.13 30344
moore 1e2 2 59 - 0.03 0.20 30488
nbpm 1e2 2 59 - 0.08 2.27 53008
greedy 1e2 2 59 - 0.03 0.14 30884
dry 1e6 2 32 - 0.04 0.21 49704
aoDLAV 1e6 2 32 - 0.12 3.94 178456
aoULAV 1e6 2 32 - 0.15 4.05 178460
aoD2AG 1e6 2 32 - 0.22 5.91 233252
aoD2SG 1e6 2 32 - 0.22 6.67 241924
dry 5e4 5 74 - 0.03 0.13 31056
aoDLAV 5e4 5 74 - 0.03 0.70 34708
aoULAV 5e4 5 74 - 0.03 0.69 34704
aoD2AG 5e4 5 74 - 0.04 0.72 37728
aoD2SG 5e4 5 74 - 0.04 0.78 37940
dry 1e3 2 38 - 0.02 0.12 26020
aoDLAV 1e3 2 38 - 0.03 0.14 30280
aoULAV 1e3 2 38 - 0.02 0.14 30292
aoD2AG 1e3 2 38 - 0.03 0.14 30532
aoD2SG 1e3 2 38 - 0.03 0.13 30556
moore 1e3 2 38 - 0.04 3.40 59820
nbpm 1e3 2 38 - 0.13 4.05 138564
greedy 1e3 2 38 - 0.08 0.99 139244
dry 1e2 5 163 - 0.03 0.11 25996
aoDLAV 1e2 5 163 - 0.02 0.14 30212
aoULAV 1e2 5 163 - 0.03 0.14 30224
aoD2AG 1e2 5 163 - 0.02 0.15 30388
aoD2SG 1e2 5 163 - 0.02 0.15 30392
moore 1e2 5 163 - 0.03 0.22 30492
nbpm 1e2 5 163 - 0.08 2.18 53012
greedy 1e2 5 163 - 0.02 0.15 30924
dry 400e2 2 141 - 0.02 0.12 29660
aoDLAV 400e2 2 141 - 0.03 0.24 32240
aoULAV 400e2 2 141 - 0.03 0.24 33116
aoD2AG 400e2 2 141 - 0.04 0.28 36068
aoD2SG 400e2 2 141 - 0.03 0.30 35924
dry 1e3 10 159 - 0.02 0.11 26136
aoDLAV 1e3 10 159 - 0.03 0.15 30656
aoULAV 1e3 10 159 - 0.03 0.16 30664
aoD2AG 1e3 10 159 - 0.02 0.16 31056
aoD2SG 1e3 10 159 - 0.03 0.16 31084
moore 1e3 10 159 - 0.04 7.59 59840
nbpm 1e3 10 159 - 0.12 4.73 136140
greedy 1e3 10 159 - 0.07 1.00 139620
dry 225e2 2 95 - 0.02 0.12 28860
aoDLAV 225e2 2 95 - 0.03 0.20 30984
aoULAV 225e2 2 95 - 0.03 0.19 30992
aoD2AG 225e2 2 95 - 0.03 0.21 33368
aoD2SG 225e2 2 95 - 0.03 0.22 33464
dry 32e3 2 85 - 0.02 0.12 27300
aoDLAV 32e3 2 85 - 0.03 0.22 31436
aoULAV 32e3 2 85 - 0.02 0.23 32144
aoD2AG 32e3 2 85 - 0.02 0.26 35020
aoD2SG 32e3 2 85 - 0.02 0.27 34788
dry 56e4 2 32 - 0.03 0.19 41104
aoDLAV 56e4 2 32 - 0.08 2.09 107984
aoULAV 56e4 2 32 - 0.08 2.18 107984
aoD2AG 56e4 2 32 - 0.12 3.15 138608
aoD2SG 56e4 2 32 - 0.11 3.40 143704
dry 1e3 2 32 - 0.02 0.12 26020
aoDLAV 1e3 2 32 - 0.02 0.15 30280
aoULAV 1e3 2 32 - 0.03 0.14 30292
aoD2AG 1e3 2 32 - 0.03 0.14 30532
aoD2SG 1e3 2 32 - 0.03 0.14 30544
moore 1e3 2 32 - 0.04 4.46 59768
nbpm 1e3 2 32 - 0.12 4.02 138548
greedy 1e3 2 32 - 0.09 0.99 139244
dry 1e5 5 82 - 0.03 0.14 34480
aoDLAV 1e5 5 82 - 0.05 1.66 41816
aoULAV 1e5 5 82 - 0.03 1.60 43572
aoD2AG 1e5 5 82 - 0.04 1.80 53564
aoD2SG 1e5 5 82 - 0.04 2.00 53200
dry 1e2 2 202 - 0.02 0.12 25996
aoDLAV 1e2 2 202 - 0.02 0.14 30168
aoULAV 1e2 2 202 - 0.02 0.15 30184
aoD2AG 1e2 2 202 - 0.03 0.14 30336
aoD2SG 1e2 2 202 - 0.02 0.15 30340
moore 1e2 2 202 - 0.03 0.22 30484
nbpm 1e2 2 202 - 0.07 2.16 53000
greedy 1e2 2 202 - 0.03 0.14 30880
dry 32e4 2 64 - 0.04 0.16 36428
aoDLAV 32e4 2 64 - 0.07 1.21 70828
aoULAV 32e4 2 64 - 0.04 1.33 70844
aoD2AG 32e4 2 64 - 0.08 1.73 88212
aoD2SG 32e4 2 64 - 0.07 1.95 90748
dry 1e3 2 224 - 0.02 0.12 26020
aoDLAV 1e3 2 224 - 0.03 0.14 30280
aoULAV 1e3 2 224 - 0.03 0.14 30292
aoD2AG 1e3 2 224 - 0.03 0.14 30540
aoD2SG 1e3 2 224 - 0.03 0.14 30560
moore 1e3 2 224 - 0.05 4.33 59768
nbpm 1e3 2 224 - 0.11 4.08 138552
greedy 1e3 2 224 - 0.08 1.00 139244
dry 18e1 2 135 - 0.02 0.12 26004
aoDLAV 18e1 2 135 - 0.02 0.14 30188
aoULAV 18e1 2 135 - 0.03 0.14 30196
aoD2AG 18e1 2 135 - 0.03 0.14 30356
aoD2SG 18e1 2 135 - 0.02 0.15 30368
moore 18e1 2 135 - 0.02 0.31 30496
nbpm 18e1 2 135 - 0.07 2.15 54444
greedy 18e1 2 135 - 0.03 0.15 33348
dry 325e2 2 102 - 0.02 0.11 27320
aoDLAV 325e2 2 102 - 0.03 0.21 31372
aoULAV 325e2 2 102 - 0.02 0.22 32084
aoD2AG 325e2 2 102 - 0.03 0.25 35004
aoD2SG 325e2 2 102 - 0.03 0.26 34760
dry 56e1 2 236 - 0.02 0.11 27952
aoDLAV 56e1 2 236 - 0.03 0.14 30220
aoULAV 56e1 2 236 - 0.03 0.14 30232
aoD2AG 56e1 2 236 - 0.03 0.14 30416
aoD2SG 56e1 2 236 - 0.03 0.14 30428
moore 56e1 2 236 - 0.03 1.58 39664
nbpm 56e1 2 236 - 0.09 2.96 78716
greedy 56e1 2 236 - 0.05 0.37 64108
dry 32e3 2 6 - 0.03 0.11 27956
aoDLAV 32e3 2 6 - 0.02 0.22 31436
aoULAV 32e3 2 6 - 0.03 0.23 32144
aoD2AG 32e3 2 6 - 0.03 0.25 35020
aoD2SG 32e3 2 6 - 0.03 0.26 34792
dry 225e2 2 210 - 0.03 0.11 26920
aoDLAV 225e2 2 210 - 0.03 0.19 30980
aoULAV 225e2 2 210 - 0.02 0.20 30996
aoD2AG 225e2 2 210 - 0.03 0.21 33368
aoD2SG 225e2 2 210 - 0.03 0.23 33464
dry 300e2 2 71 - 0.02 0.12 27216
aoDLAV 300e2 2 71 - 0.02 0.23 31300
aoULAV 300e2 2 71 - 0.03 0.21 31892
aoD2AG 300e2 2 71 - 0.03 0.24 35056
aoD2SG 300e2 2 71 - 0.03 0.25 34712
dry 1e6 10 64 - 0.07 0.40 112232
aoDLAV 1e6 10 64 - 0.21 378.63 369944
aoULAV 1e6 10 64 - 0.30 376.70 369884
aoD2AG 1e6 10 64 - 0.39 372.18 447988
aoD2SG 1e6 10 64 - 0.43 458.15 457492
dry 1e6 10 218 - 0.07 0.38 112232
aoDLAV 1e6 10 218 - 0.19 355.54 369884
aoULAV 1e6 10 218 - 0.31 376.86 369884
aoD2AG 1e6 10 218 - 0.40 381.37 448320
aoD2SG 1e6 10 218 - 0.41 454.92 460192
dry 5e4 10 157 - 0.02 0.14 33888
aoDLAV 5e4 10 157 - 0.04 7.88 40200
aoULAV 5e4 10 157 - 0.04 7.87 40200
aoD2AG 5e4 10 157 - 0.05 8.25 44988
aoD2SG 5e4 10 157 - 0.04 8.63 45000
dry 1e6 5 199 - 0.05 0.27 73152
aoDLAV 1e6 5 199 - 0.14 18.72 252692
aoULAV 1e6 5 199 - 0.13 19.00 252688
aoD2AG 1e6 5 199 - 0.23 20.78 323720
aoD2SG 1e6 5 199 - 0.29 24.97 332908
dry 375e2 2 113 - 0.03 0.12 27516
aoDLAV 375e2 2 113 - 0.03 0.23 31784
aoULAV 375e2 2 113 - 0.03 0.24 32608
aoD2AG 375e2 2 113 - 0.03 0.27 35520
aoD2SG 375e2 2 113 - 0.04 0.31 35532
dry 5e4 5 67 - 0.03 0.13 30364
aoDLAV 5e4 5 67 - 0.05 0.79 34704
aoULAV 5e4 5 67 - 0.04 0.77 34708
aoD2AG 5e4 5 67 - 0.04 0.80 37728
aoD2SG 5e4 5 67 - 0.03 0.88 37936
dry 400e2 2 46 - 0.03 0.11 27620
aoDLAV 400e2 2 46 - 0.03 0.24 32236
aoULAV 400e2 2 46 - 0.03 0.24 33116
aoD2AG 400e2 2 46 - 0.03 0.28 36072
aoD2SG 400e2 2 46 - 0.04 0.29 35928
dry 1e6 10 227 - 0.09 0.39 112232
aoDLAV 1e6 10 227 - 1.00 485.81 369892
aoULAV 1e6 10 227 - 0.30 364.62 369884
aoD2AG 1e6 10 227 - 0.39 368.51 447832
aoD2SG 1e6 10 227 - 0.41 432.53 461684
dry 300e2 2 105 - 0.02 0.12 30724
aoDLAV 300e2 2 105 - 0.03 0.21 31296
aoULAV 300e2 2 105 - 0.03 0.21 31892
aoD2AG 300e2 2 105 - 0.03 0.24 35060
aoD2SG 300e2 2 105 - 0.04 0.24 34716
dry 1e1 2 121 - 0.02 0.12 25992
aoDLAV 1e1 2 121 - 0.02 0.14 30160
aoULAV 1e1 2 121 - 0.03 0.14 30176
aoD2AG 1e1 2 121 - 0.03 0.14 30316
aoD2SG 1e1 2 121 - 0.02 0.14 30324
moore 1e1 2 121 - 0.03 0.18 30484
nbpm 1e1 2 121 - 0.07 2.25 49824
greedy 1e1 2 121 - 0.03 0.15 30124
dry 250e2 2 98 - 0.03 0.11 27020
aoDLAV 250e2 2 98 - 0.03 0.21 31108
aoULAV 250e2 2 98 - 0.03 0.21 31212
aoD2AG 250e2 2 98 - 0.03 0.23 33860
aoD2SG 250e2 2 98 - 0.03 0.25 33964
dry 400e2 2 118 - 0.03 0.11 30928
aoDLAV 400e2 2 118 - 0.03 0.24 32240
aoULAV 400e2 2 118 - 0.04 0.23 33116
aoD2AG 400e2 2 118 - 0.04 0.30 36076
aoD2SG 400e2 2 118 - 0.02 0.32 35928
dry 32e1 2 222 - 0.04 0.11 26000
aoDLAV 32e1 2 222 - 0.02 0.15 30196
aoULAV 32e1 2 222 - 0.02 0.15 30212
aoD2AG 32e1 2 222 - 0.03 0.14 30376
aoD2SG 32e1 2 222 - 0.02 0.15 30388
moore 32e1 2 222 - 0.03 0.61 33680
nbpm 32e1 2 222 - 0.10 2.49 58300
greedy 32e1 2 222 - 0.03 0.22 40972
dry 5e4 2 178 - 0.02 0.12 29604
aoDLAV 5e4 2 178 - 0.04 0.27 33008
aoULAV 5e4 2 178 - 0.03 0.32 33312
aoD2AG 5e4 2 178 - 0.05 0.37 36412
aoD2SG 5e4 2 178 - 0.03 0.38 36424
dry 32e3 2 53 - 0.02 0.12 30764
aoDLAV 32e3 2 53 - 0.03 0.22 31436
aoULAV 32e3 2 53 - 0.03 0.22 32148
aoD2AG 32e3 2 53 - 0.02 0.26 35024
aoD2SG 32e3 2 53 - 0.03 0.27 34792
dry 1e3 2 183 - 0.02 0.12 26020
aoDLAV 1e3 2 183 - 0.02 0.15 30280
aoULAV 1e3 2 183 - 0.02 0.15 30292
aoD2AG 1e3 2 183 - 0.03 0.14 30532
aoD2SG 1e3 2 183 - 0.02 0.15 30548
moore 1e3 2 183 - 0.03 3.17 59804
nbpm 1e3 2 183 - 0.15 4.13 138560
greedy 1e3 2 183 - 0.08 1.05 139244
dry 225e2 2 122 - 0.02 0.12 28932
aoDLAV 225e2 2 122 - 0.03 0.19 30980
aoULAV 225e2 2 122 - 0.03 0.19 30992
aoD2AG 225e2 2 122 - 0.03 0.21 33368
aoD2SG 225e2 2 122 - 0.03 0.22 33468
dry 18e4 2 99 - 0.03 0.14 33104
aoDLAV 18e4 2 99 - 0.05 0.75 47864
aoULAV 18e4 2 99 - 0.05 0.83 47860
aoD2AG 18e4 2 99 - 0.06 1.00 58644
aoD2SG 18e4 2 99 - 0.06 1.11 60000
dry 18e4 2 246 - 0.03 0.13 33476
aoDLAV 18e4 2 246 - 0.03 0.78 47860
aoULAV 18e4 2 246 - 0.05 0.80 47860
aoD2AG 18e4 2 246 - 0.06 1.02 58648
aoD2SG 18e4 2 246 - 0.05 1.18 59816
dry 1e3 5 66 - 0.02 0.12 26060
aoDLAV 1e3 5 66 - 0.03 0.14 30428
aoULAV 1e3 5 66 - 0.02 0.15 30440
aoD2AG 1e3 5 66 - 0.03 0.14 30740
aoD2SG 1e3 5 66 - 0.03 0.14 30752
moore 1e3 5 66 - 0.04 3.99 59836
nbpm 1e3 5 66 - 0.12 4.46 129248
greedy 1e3 5 66 - 0.08 1.06 139392
dry 18e1 2 110 - 0.02 0.12 26004
aoDLAV 18e1 2 110 - 0.03 0.14 30184
aoULAV 18e1 2 110 - 0.02 0.15 30196
aoD2AG 18e1 2 110 - 0.03 0.13 30356
aoD2SG 18e1 2 110 - 0.02 0.15 30364
moore 18e1 2 110 - 0.03 0.31 30500
nbpm 18e1 2 110 - 0.06 2.18 54440
greedy 18e1 2 110 - 0.02 0.16 33348
dry 1e3 10 9 - 0.02 0.11 26136
aoDLAV 1e3 10 9 - 0.02 0.17 30652
aoULAV 1e3 10 9 - 0.03 0.16 30664
aoD2AG 1e3 10 9 - 0.02 0.16 31076
aoD2SG 1e3 10 9 - 0.03 0.16 31104
moore 1e3 10 9 - 0.04 4.30 59844
nbpm 1e3 10 9 - 0.17 4.95 136136
greedy 1e3 10 9 - 0.08 1.07 139616
dry 1e6 2 175 - 0.04 0.20 49708
aoDLAV 1e6 2 175 - 0.10 3.79 178460
aoULAV 1e6 2 175 - 0.11 4.04 178460
aoD2AG 1e6 2 175 - 0.18 5.83 234580
aoD2SG 1e6 2 175 - 0.20 6.49 241888
dry 1e5 2 180 - 0.03 0.13 30916
aoDLAV 1e5 2 180 - 0.04 0.44 34800
aoULAV 1e5 2 180 - 0.02 0.46 35324
aoD2AG 1e5 2 180 - 0.04 0.58 42600
aoD2SG 1e5 2 180 - 0.05 0.65 43800
dry 1e6 5 113 - 0.05 0.29 73156
aoDLAV 1e6 5 113 - 0.14 19.99 252688
aoULAV 1e6 5 113 - 0.19 20.50 252692
aoD2AG 1e6 5 113 - 0.40 22.71 324404
aoD2SG 1e6 5 113 - 0.22 34.11 331364
dry 32e1 2 72 - 0.02 0.11 26000
aoDLAV 32e1 2 72 - 0.03 0.14 30196
aoULAV 32e1 2 72 - 0.02 0.14 30208
aoD2AG 32e1 2 72 - 0.03 0.13 30376
aoD2SG 32e1 2 72 - 0.03 0.13 30388
moore 32e1 2 72 - 0.03 0.42 33728
nbpm 32e1 2 72 - 0.08 2.37 58300
greedy 32e1 2 72 - 0.03 0.22 41016
dry 5e4 5 118 - 0.02 0.14 30872
aoDLAV 5e4 5 118 - 0.04 0.81 34704
aoULAV 5e4 5 118 - 0.05 0.77 34704
aoD2AG 5e4 5 118 - 0.03 0.83 37724
aoD2SG 5e4 5 118 - 0.05 0.90 37936
dry 56e4 2 142 - 0.03 0.20 41104
aoDLAV 56e4 2 142 - 0.08 2.20 107984
aoULAV 56e4 2 142 - 0.07 2.34 107984
aoD2AG 56e4 2 142 - 0.17 3.23 139476
aoD2SG 56e4 2 142 - 0.14 3.60 144700
dry 250e2 2 67 - 0.03 0.11 27024
aoDLAV 250e2 2 67 - 0.02 0.20 31112
aoULAV 250e2 2 67 - 0.04 0.19 31212
aoD2AG 250e2 2 67 - 0.03 0.22 33860
aoD2SG 250e2 2 67 - 0.03 0.23 33968
dry 325e2 2 46 - 0.03 0.11 27316
aoDLAV 325e2 2 46 - 0.03 0.20 31372
aoULAV 325e2 2 46 - 0.03 0.20 32084
aoD2AG 325e2 2 46 - 0.02 0.27 35004
aoD2SG 325e2 2 46 - 0.03 0.27 34760
dry 1e3 2 115 - 0.02 0.12 26024
aoDLAV 1e3 2 115 - 0.03 0.14 30280
aoULAV 1e3 2 115 - 0.03 0.15 30296
aoD2AG 1e3 2 115 - 0.02 0.15 30592
aoD2SG 1e3 2 115 - 0.03 0.15 30556
moore 1e3 2 115 - 0.05 2.55 59812
nbpm 1e3 2 115 - 0.15 4.47 138560
greedy 1e3 2 115 - 0.08 1.06 139244
dry 250e2 2 122 - 0.03 0.12 27020
aoDLAV 250e2 2 122 - 0.03 0.21 31108
aoULAV 250e2 2 122 - 0.03 0.21 31216
aoD2AG 250e2 2 122 - 0.03 0.22 33860
aoD2SG 250e2 2 122 - 0.03 0.23 33968
dry 56e1 2 199 - 0.03 0.11 26012
aoDLAV 56e1 2 199 - 0.02 0.14 30220
aoULAV 56e1 2 199 - 0.03 0.14 30236
aoD2AG 56e1 2 199 - 0.03 0.14 30416
aoD2SG 56e1 2 199 - 0.03 0.15 30428
moore 56e1 2 199 - 0.05 1.04 39684
nbpm 56e1 2 199 - 0.10 3.16 78732
greedy 56e1 2 199 - 0.04 0.40 64108
dry 18e1 2 151 - 0.03 0.11 26008
aoDLAV 18e1 2 151 - 0.02 0.14 30184
aoULAV 18e1 2 151 - 0.02 0.14 30196
aoD2AG 18e1 2 151 - 0.02 0.14 30356
aoD2SG 18e1 2 151 - 0.02 0.14 30364
moore 18e1 2 151 - 0.03 0.34 30492
nbpm 18e1 2 151 - 0.08 2.34 54436
greedy 18e1 2 151 - 0.03 0.16 33348
dry 18e1 2 80 - 0.03 0.11 26004
aoDLAV 18e1 2 80 - 0.03 0.14 30188
aoULAV 18e1 2 80 - 0.03 0.14 30196
aoD2AG 18e1 2 80 - 0.03 0.15 30356
aoD2SG 18e1 2 80 - 0.03 0.14 30368
moore 18e1 2 80 - 0.02 0.30 30496
nbpm 18e1 2 80 - 0.07 2.29 54444
greedy 18e1 2 80 - 0.03 0.15 33348
dry 56e3 2 2 - 0.03 0.12 28236
aoDLAV 56e3 2 2 - 0.04 0.30 33476
aoULAV 56e3 2 2 - 0.04 0.30 34700
aoD2AG 56e3 2 2 - 0.04 0.36 37324
aoD2SG 56e3 2 2 - 0.03 0.38 37308
dry 1e3 10 113 - 0.02 0.12 26136
aoDLAV 1e3 10 113 - 0.03 0.15 30652
aoULAV 1e3 10 113 - 0.03 0.16 30668
aoD2AG 1e3 10 113 - 0.02 0.16 31056
aoD2SG 1e3 10 113 - 0.03 0.16 31076
moore 1e3 10 113 - 0.05 4.61 59848
nbpm 1e3 10 113 - 0.11 4.92 136140
greedy 1e3 10 113 - 0.08 1.10 139616
dry 1e3 10 18 - 0.03 0.12 26136
aoDLAV 1e3 10 18 - 0.03 0.16 30652
aoULAV 1e3 10 18 - 0.02 0.17 30668
aoD2AG 1e3 10 18 - 0.03 0.16 31064
aoD2SG 1e3 10 18 - 0.03 0.17 31092
moore 1e3 10 18 - 0.06 3.83 59840
nbpm 1e3 10 18 - 0.12 4.78 136140
greedy 1e3 10 18 - 0.08 1.07 139616
dry 1e6 5 155 - 0.05 0.28 73152
aoDLAV 1e6 5 155 - 0.15 20.80 252688
aoULAV 1e6 5 155 - 0.15 20.86 252692
aoD2AG 1e6 5 155 - 0.21 22.63 324816
aoD2SG 1e6 5 155 - 0.20 25.77 332608
dry 400e2 2 5 - 0.03 0.10 27616
aoDLAV 400e2 2 5 - 0.02 0.24 32240
aoULAV 400e2 2 5 - 0.03 0.24 33112
aoD2AG 400e2 2 5 - 0.03 0.28 36076
aoD2SG 400e2 2 5 - 0.02 0.30 35932
dry 250e2 2 140 - 0.02 0.12 30628
aoDLAV 250e2 2 140 - 0.02 0.20 31108
aoULAV 250e2 2 140 - 0.03 0.19 31212
aoD2AG 250e2 2 140 - 0.03 0.22 33864
aoD2SG 250e2 2 140 - 0.03 0.22 33968
dry 5e4 10 7 - 0.03 0.13 33888
aoDLAV 5e4 10 7 - 0.03 7.40 40204
aoULAV 5e4 10 7 - 0.05 8.00 40200
aoD2AG 5e4 10 7 - 0.04 7.99 44984
aoD2SG 5e4 10 7 - 0.05 9.01 45000
dry 325e2 2 133 - 0.03 0.11 27320
aoDLAV 325e2 2 133 - 0.02 0.22 31376
aoULAV 325e2 2 133 - 0.02 0.22 32084
aoD2AG 325e2 2 133 - 0.03 0.25 35000
aoD2SG 325e2 2 133 - 0.02 0.27 34760
dry 1e2 10 180 - 0.02 0.11 26004
aoDLAV 1e2 10 180 - 0.03 0.14 30260
aoULAV 1e2 10 180 - 0.02 0.15 30272
aoD2AG 1e2 10 180 - 0.03 0.13 30444
aoD2SG 1e2 10 180 - 0.04 0.13 30448
moore 1e2 10 180 - 0.03 0.22 30500
nbpm 1e2 10 180 - 0.06 2.20 53076
greedy 1e2 10 180 - 0.03 0.14 30972
dry 1e3 5 248 - 0.01 0.12 26056
aoDLAV 1e3 5 248 - 0.03 0.14 30456
aoULAV 1e3 5 248 - 0.03 0.14 30436
aoD2AG 1e3 5 248 - 0.03 0.14 30744
aoD2SG 1e3 5 248 - 0.03 0.14 30768
moore 1e3 5 248 - 0.04 6.08 59800
nbpm 1e3 5 248 - 0.11 4.55 129244
greedy 1e3 5 248 - 0.08 1.07 139388
dry 1e5 5 171 - 0.03 0.13 34476
aoDLAV 1e5 5 171 - 0.05 1.53 41820
aoULAV 1e5 5 171 - 0.04 1.66 43576
aoD2AG 1e5 5 171 - 0.04 1.60 53724
aoD2SG 1e5 5 171 - 0.05 1.95 53200
dry 32e4 2 138 - 0.03 0.16 36424
aoDLAV 32e4 2 138 - 0.05 1.28 70828
aoULAV 32e4 2 138 - 0.06 1.34 70844
aoD2AG 32e4 2 138 - 0.07 1.81 88248
aoD2SG 32e4 2 138 - 0.07 1.96 91560
dry 32e4 2 240 - 0.04 0.16 36424
aoDLAV 32e4 2 240 - 0.06 1.26 70828
aoULAV 32e4 2 240 - 0.06 1.31 70844
aoD2AG 32e4 2 240 - 0.07 1.79 88964
aoD2SG 32e4 2 240 - 0.08 2.02 91492
dry 56e1 2 246 - 0.02 0.12 26008
aoDLAV 56e1 2 246 - 0.03 0.14 30220
aoULAV 56e1 2 246 - 0.02 0.15 30232
aoD2AG 56e1 2 246 - 0.03 0.15 30416
aoD2SG 56e1 2 246 - 0.03 0.14 30428
moore 56e1 2 246 - 0.05 1.22 39684
nbpm 56e1 2 246 - 0.09 3.13 78704
greedy 56e1 2 246 - 0.04 0.40 64104
dry 275e2 2 236 - 0.02 0.12 27124
aoDLAV 275e2 2 236 - 0.03 0.20 31240
aoULAV 275e2 2 236 - 0.03 0.21 31568
aoD2AG 275e2 2 236 - 0.03 0.24 34696
aoD2SG 275e2 2 236 - 0.03 0.25 34856
dry 1e5 2 82 - 0.03 0.13 32124
aoDLAV 1e5 2 82 - 0.03 0.44 34800
aoULAV 1e5 2 82 - 0.03 0.46 35320
aoD2AG 1e5 2 82 - 0.04 0.58 42600
aoD2SG 1e5 2 82 - 0.05 0.64 43808
dry 1e3 5 69 - 0.02 0.12 26056
aoDLAV 1e3 5 69 - 0.03 0.14 30424
aoULAV 1e3 5 69 - 0.02 0.15 30436
aoD2AG 1e3 5 69 - 0.02 0.15 30752
aoD2SG 1e3 5 69 - 0.02 0.16 30768
moore 1e3 5 69 - 0.04 1.30 59828
nbpm 1e3 5 69 - 0.10 4.54 129244
greedy 1e3 5 69 - 0.08 1.05 139388
dry 56e3 2 71 - 0.03 0.11 29804
aoDLAV 56e3 2 71 - 0.02 0.30 33480
aoULAV 56e3 2 71 - 0.03 0.29 34700
aoD2AG 56e3 2 71 - 0.03 0.36 37288
aoD2SG 56e3 2 71 - 0.03 0.38 37300
dry 18e1 2 249 - 0.02 0.11 26004
aoDLAV 18e1 2 249 - 0.02 0.15 30188
aoULAV 18e1 2 249 - 0.03 0.14 30200
aoD2AG 18e1 2 249 - 0.03 0.14 30360
aoD2SG 18e1 2 249 - 0.03 0.14 30364
moore 18e1 2 249 - 0.03 0.26 30488
nbpm 18e1 2 249 - 0.09 2.18 54432
greedy 18e1 2 249 - 0.03 0.15 33348
dry 56e4 2 106 - 0.03 0.18 41108
aoDLAV 56e4 2 106 - 0.10 2.13 107988
aoULAV 56e4 2 106 - 0.07 2.25 107984
aoD2AG 56e4 2 106 - 0.12 3.16 140288
aoD2SG 56e4 2 106 - 0.11 3.50 143432
dry 1e6 2 104 - 0.04 0.20 49708
aoDLAV 1e6 2 104 - 0.10 3.81 178460
aoULAV 1e6 2 104 - 0.12 4.05 178456
aoD2AG 1e6 2 104 - 0.18 5.83 234180
aoD2SG 1e6 2 104 - 0.18 5.69 242680
dry 1e6 5 34 - 0.06 0.27 73156
aoDLAV 1e6 5 34 - 0.13 20.45 252708
aoULAV 1e6 5 34 - 0.13 20.21 252692
aoD2AG 1e6 5 34 - 0.21 22.71 324572
aoD2SG 1e6 5 34 - 0.21 26.21 333280
dry 375e2 2 89 - 0.02 0.12 27520
aoDLAV 375e2 2 89 - 0.02 0.24 31784
aoULAV 375e2 2 89 - 0.03 0.24 32604
aoD2AG 375e2 2 89 - 0.03 0.28 35516
aoD2SG 375e2 2 89 - 0.03 0.29 35528
dry 1e3 2 144 - 0.02 0.12 26020
aoDLAV 1e3 2 144 - 0.02 0.15 30280
aoULAV 1e3 2 144 - 0.02 0.16 30296
aoD2AG 1e3 2 144 - 0.03 0.15 30544
aoD2SG 1e3 2 144 - 0.03 0.15 30572
moore 1e3 2 144 - 0.04 5.68 59768
nbpm 1e3 2 144 - 0.12 4.15 138556
greedy 1e3 2 144 - 0.08 1.05 139244
dry 56e3 2 149 - 0.03 0.11 30056
aoDLAV 56e3 2 149 - 0.03 0.29 33476
aoULAV 56e3 2 149 - 0.03 0.29 34696
aoD2AG 56e3 2 149 - 0.03 0.37 37288
aoD2SG 56e3 2 149 - 0.05 0.38 37304
dry 1e6 5 63 - 0.06 0.27 73152
aoDLAV 1e6 5 63 - 0.23 20.13 252688
aoULAV 1e6 5 63 - 0.17 20.43 252688
aoD2AG 1e6 5 63 - 0.23 22.57 324268
aoD2SG 1e6 5 63 - 0.22 26.29 332764
dry 325e2 2 106 - 0.03 0.11 30776
aoDLAV 325e2 2 106 - 0.03 0.22 31376
aoULAV 325e2 2 106 - 0.02 0.24 32088
aoD2AG 325e2 2 106 - 0.03 0.26 35004
aoD2SG 325e2 2 106 - 0.03 0.27 34760
dry 32e4 2 246 - 0.04 0.16 36424
aoDLAV 32e4 2 246 - 0.06 1.28 70828
aoULAV 32e4 2 246 - 0.06 1.33 70844
aoD2AG 32e4 2 246 - 0.07 1.79 89412
aoD2SG 32e4 2 246 - 0.07 2.04 91812
dry 225e2 2 43 - 0.02 0.12 26920
aoDLAV 225e2 2 43 - 0.03 0.19 30980
aoULAV 225e2 2 43 - 0.02 0.21 30996
aoD2AG 225e2 2 43 - 0.03 0.22 33368
aoD2SG 225e2 2 43 - 0.03 0.22 33464
dry 32e1 2 225 - 0.02 0.12 26000
aoDLAV 32e1 2 225 - 0.02 0.15 30196
aoULAV 32e1 2 225 - 0.03 0.14 30212
aoD2AG 32e1 2 225 - 0.03 0.14 30376
aoD2SG 32e1 2 225 - 0.03 0.14 30384
moore 32e1 2 225 - 0.03 0.42 33676
nbpm 32e1 2 225 - 0.08 2.41 58304
greedy 32e1 2 225 - 0.03 0.21 40992
dry 1e3 5 137 - 0.02 0.12 26056
aoDLAV 1e3 5 137 - 0.03 0.14 30428
aoULAV 1e3 5 137 - 0.03 0.14 30436
aoD2AG 1e3 5 137 - 0.02 0.15 30736
aoD2SG 1e3 5 137 - 0.01 0.16 30748
moore 1e3 5 137 - 0.04 4.16 59800
nbpm 1e3 5 137 - 0.13 4.43 129248
greedy 1e3 5 137 - 0.08 1.06 139388
dry 1e5 10 230 - 0.03 0.18 38396
aoDLAV 1e5 10 230 - 0.04 23.32 53536
aoULAV 1e5 10 230 - 0.04 23.24 55312
aoD2AG 1e5 10 230 - 0.07 23.08 62792
aoD2SG 1e5 10 230 - 0.04 23.58 66832
dry 56e4 2 213 - 0.03 0.19 41108
aoDLAV 56e4 2 213 - 0.07 2.03 107988
aoULAV 56e4 2 213 - 0.08 2.09 107984
aoD2AG 56e4 2 213 - 0.11 2.89 138768
aoD2SG 56e4 2 213 - 0.11 3.24 144688
dry 56e1 2 140 - 0.02 0.11 26008
aoDLAV 56e1 2 140 - 0.02 0.14 30220
aoULAV 56e1 2 140 - 0.02 0.14 30232
aoD2AG 56e1 2 140 - 0.02 0.14 30416
aoD2SG 56e1 2 140 - 0.03 0.13 30424
moore 56e1 2 140 - 0.03 1.67 39652
nbpm 56e1 2 140 - 0.10 2.85 78700
greedy 56e1 2 140 - 0.04 0.39 64104
dry 250e2 2 72 - 0.03 0.11 27020
aoDLAV 250e2 2 72 - 0.02 0.20 31108
aoULAV 250e2 2 72 - 0.02 0.20 31216
aoD2AG 250e2 2 72 - 0.03 0.22 33856
aoD2SG 250e2 2 72 - 0.03 0.23 33964
dry 1e6 2 66 - 0.04 0.19 49704
aoDLAV 1e6 2 66 - 0.12 3.63 178460
aoULAV 1e6 2 66 - 0.12 3.82 178456
aoD2AG 1e6 2 66 - 0.17 5.54 234452
aoD2SG 1e6 2 66 - 0.17 6.32 241740
dry 1e3 2 4 - 0.02 0.12 26024
aoDLAV 1e3 2 4 - 0.03 0.14 30284
aoULAV 1e3 2 4 - 0.03 0.14 30296
aoD2AG 1e3 2 4 - 0.02 0.15 30540
aoD2SG 1e3 2 4 - 0.02 0.15 30560
moore 1e3 2 4 - 0.04 5.20 59832
nbpm 1e3 2 4 - 0.12 4.17 138560
greedy 1e3 2 4 - 0.06 1.03 139244
dry 300e2 2 4 - 0.02 0.12 27216
aoDLAV 300e2 2 4 - 0.03 0.20 31296
aoULAV 300e2 2 4 - 0.03 0.21 31892
aoD2AG 300e2 2 4 - 0.04 0.23 35064
aoD2SG 300e2 2 4 - 0.03 0.25 34716
dry 400e2 2 186 - 0.03 0.11 29468
aoDLAV 400e2 2 186 - 0.03 0.24 32236
aoULAV 400e2 2 186 - 0.02 0.25 33116
aoD2AG 400e2 2 186 - 0.04 0.27 36068
aoD2SG 400e2 2 186 - 0.04 0.29 35924
dry 1e6 10 46 - 0.08 0.39 112232
aoDLAV 1e6 10 46 - 0.20 358.50 369884
aoULAV 1e6 10 46 - 0.28 358.47 369892
aoD2AG 1e6 10 46 - 0.40 339.61 448072
aoD2SG 1e6 10 46 - 0.42 410.26 456604
dry 250e2 2 189 - 0.02 0.12 27024
aoDLAV 250e2 2 189 - 0.03 0.20 31112
aoULAV 250e2 2 189 - 0.03 0.20 31212
aoD2AG 250e2 2 189 - 0.04 0.22 33860
aoD2SG 250e2 2 189 - 0.04 0.23 33964
dry 1e5 5 58 - 0.03 0.14 34476
aoDLAV 1e5 5 58 - 0.04 1.64 41816
aoULAV 1e5 5 58 - 0.04 1.65 43572
aoD2AG 1e5 5 58 - 0.05 1.79 53560
aoD2SG 1e5 5 58 - 0.05 2.00 53408
dry 350e2 2 54 - 0.03 0.11 27420
aoDLAV 350e2 2 54 - 0.04 0.22 31484
aoULAV 350e2 2 54 - 0.03 0.22 32260
aoD2AG 350e2 2 54 - 0.03 0.26 34844
aoD2SG 350e2 2 54 - 0.03 0.27 35128
dry 32e4 2 70 - 0.03 0.16 36424
aoDLAV 32e4 2 70 - 0.06 1.21 70828
aoULAV 32e4 2 70 - 0.06 1.21 70840
aoD2AG 32e4 2 70 - 0.07 1.70 89124
aoD2SG 32e4 2 70 - 0.07 1.92 91460
dry 56e1 2 157 - 0.01 0.13 26008
aoDLAV 56e1 2 157 - 0.03 0.14 30220
aoULAV 56e1 2 157 - 0.03 0.14 30232
aoD2AG 56e1 2 157 - 0.02 0.15 30416
aoD2SG 56e1 2 157 - 0.03 0.14 30424
moore 56e1 2 157 - 0.04 1.46 39660
nbpm 56e1 2 157 - 0.11 2.90 78712
greedy 56e1 2 157 - 0.04 0.39 64104
dry 1e5 2 144 - 0.02 0.14 32124
aoDLAV 1e5 2 144 - 0.03 0.44 34804
aoULAV 1e5 2 144 - 0.03 0.45 35320
aoD2AG 1e5 2 144 - 0.03 0.58 42600
aoD2SG 1e5 2 144 - 0.04 0.69 43804
dry 1e6 5 121 - 0.06 0.26 73156
aoDLAV 1e6 5 121 - 0.14 19.72 252688
aoULAV 1e6 5 121 - 0.16 20.07 252688
aoD2AG 1e6 5 121 - 0.22 21.81 324744
aoD2SG 1e6 5 121 - 0.21 25.63 331620
dry 1e2 5 244 - 0.03 0.11 25996
aoDLAV 1e2 5 244 - 0.02 0.15 30216
aoULAV 1e2 5 244 - 0.02 0.15 30224
aoD2AG 1e2 5 244 - 0.02 0.15 30384
aoD2SG 1e2 5 244 - 0.03 0.14 30400
moore 1e2 5 244 - 0.02 0.20 30496
nbpm 1e2 5 244 - 0.07 2.17 53016
greedy 1e2 5 244 - 0.03 0.14 30920
dry 18e4 2 56 - 0.04 0.13 33104
aoDLAV 18e4 2 56 - 0.04 0.76 47864
aoULAV 18e4 2 56 - 0.05 0.77 47864
aoD2AG 18e4 2 56 - 0.05 1.00 58652
aoD2SG 18e4 2 56 - 0.05 1.10 59856
dry 56e3 2 138 - 0.02 0.12 28236
aoDLAV 56e3 2 138 - 0.03 0.29 33476
aoULAV 56e3 2 138 - 0.03 0.29 34696
aoD2AG 56e3 2 138 - 0.04 0.35 37284
aoD2SG 56e3 2 138 - 0.03 0.38 37304
dry 350e2 2 163 - 0.02 0.12 27416
aoDLAV 350e2 2 163 - 0.02 0.25 31484
aoULAV 350e2 2 163 - 0.03 0.24 32264
aoD2AG 350e2 2 163 - 0.03 0.27 34848
aoD2SG 350e2 2 163 - 0.03 0.28 35128
dry 1e2 10 141 - 0.02 0.12 26008
aoDLAV 1e2 10 141 - 0.02 0.14 30264
aoULAV 1e2 10 141 - 0.02 0.15 30272
aoD2AG 1e2 10 141 - 0.03 0.14 30432
aoD2SG 1e2 10 141 - 0.02 0.15 30444
moore 1e2 10 141 - 0.03 0.21 30500
nbpm 1e2 10 141 - 0.08 2.15 53076
greedy 1e2 10 141 - 0.02 0.15 30976
dry 1e2 10 226 - 0.03 0.11 26004
aoDLAV 1e2 10 226 - 0.03 0.14 30264
aoULAV 1e2 10 226 - 0.03 0.14 30272
aoD2AG 1e2 10 226 - 0.03 0.14 30444
aoD2SG 1e2 10 226 - 0.02 0.15 30444
moore 1e2 10 226 - 0.03 0.23 30496
nbpm 1e2 10 226 - 0.08 2.24 53072
greedy 1e2 10 226 - 0.03 0.14 30976
dry 400e2 2 213 - 0.03 0.12 27616
aoDLAV 400e2 2 213 - 0.03 0.24 32236
aoULAV 400e2 2 213 - 0.03 0.24 33120
aoD2AG 400e2 2 213 - 0.04 0.28 36076
aoD2SG 400e2 2 213 - 0.03 0.30 35928
dry 1e2 10 197 - 0.02 0.12 26004
aoDLAV 1e2 10 197 - 0.03 0.14 30260
aoULAV 1e2 10 197 - 0.03 0.13 30272
aoD2AG 1e2 10 197 - 0.03 0.14 30440
aoD2SG 1e2 10 197 - 0.03 0.14 30448
moore 1e2 10 197 - 0.03 0.19 30500
nbpm 1e2 10 197 - 0.09 2.16 53076
greedy 1e2 10 197 - 0.02 0.15 30972
dry 18e4 2 185 - 0.02 0.14 33104
aoDLAV 18e4 2 185 - 0.04 0.83 47860
aoULAV 18e4 2 185 - 0.05 0.79 47864
aoD2AG 18e4 2 185 - 0.06 1.03 58644
aoD2SG 18e4 2 185 - 0.04 1.13 59904
dry 400e2 2 32 - 0.03 0.11 27952
aoDLAV 400e2 2 32 - 0.03 0.24 32236
aoULAV 400e2 2 32 - 0.03 0.24 33116
aoD2AG 400e2 2 32 - 0.03 0.29 36076
aoD2SG 400e2 2 32 - 0.03 0.30 35928
dry 32e3 2 1 - 0.02 0.12 27296
aoDLAV 32e3 2 1 - 0.03 0.22 31436
aoULAV 32e3 2 1 - 0.03 0.22 32148
aoD2AG 32e3 2 1 - 0.03 0.25 35024
aoD2SG 32e3 2 1 - 0.03 0.26 34788
dry 300e2 2 140 - 0.02 0.12 27216
aoDLAV 300e2 2 140 - 0.03 0.21 31300
aoULAV 300e2 2 140 - 0.03 0.21 31892
aoD2AG 300e2 2 140 - 0.03 0.25 35060
aoD2SG 300e2 2 140 - 0.03 0.26 34716
dry 18e1 2 177 - 0.02 0.12 26004
aoDLAV 18e1 2 177 - 0.02 0.15 30188
aoULAV 18e1 2 177 - 0.03 0.14 30196
aoD2AG 18e1 2 177 - 0.02 0.14 30348
aoD2SG 18e1 2 177 - 0.03 0.14 30368
moore 18e1 2 177 - 0.03 0.27 30500
nbpm 18e1 2 177 - 0.07 2.20 54444
greedy 18e1 2 177 - 0.03 0.16 33348
dry 32e3 2 161 - 0.02 0.12 27296
aoDLAV 32e3 2 161 - 0.03 0.22 31436
aoULAV 32e3 2 161 - 0.02 0.23 32148
aoD2AG 32e3 2 161 - 0.03 0.26 35020
aoD2SG 32e3 2 161 - 0.03 0.27 34792
dry 275e2 2 23 - 0.03 0.11 29132
aoDLAV 275e2 2 23 - 0.03 0.21 31240
aoULAV 275e2 2 23 - 0.03 0.21 31568
aoD2AG 275e2 2 23 - 0.03 0.23 34696
aoD2SG 275e2 2 23 - 0.03 0.24 34812
dry 1e6 2 218 - 0.03 0.20 49704
aoDLAV 1e6 2 218 - 0.12 3.83 178456
aoULAV 1e6 2 218 - 0.12 4.02 178456
aoD2AG 1e6 2 218 - 0.20 5.64 233768
aoD2SG 1e6 2 218 - 0.18 6.37 241420
dry 18e1 2 158 - 0.02 0.11 26008
aoDLAV 18e1 2 158 - 0.02 0.14 30188
aoULAV 18e1 2 158 - 0.03 0.14 30196
aoD2AG 18e1 2 158 - 0.03 0.14 30356
aoD2SG 18e1 2 158 - 0.03 0.14 30368
moore 18e1 2 158 - 0.03 0.31 30496
nbpm 18e1 2 158 - 0.06 2.20 54444
greedy 18e1 2 158 - 0.03 0.16 33348
dry 32e3 2 215 - 0.03 0.11 27300
aoDLAV 32e3 2 215 - 0.03 0.21 31436
aoULAV 32e3 2 215 - 0.02 0.22 32148
aoD2AG 32e3 2 215 - 0.03 0.24 35020
aoD2SG 32e3 2 215 - 0.03 0.27 34788
dry 18e1 2 153 - 0.02 0.12 26004
aoDLAV 18e1 2 153 - 0.02 0.14 30184
aoULAV 18e1 2 153 - 0.02 0.14 30196
aoD2AG 18e1 2 153 - 0.03 0.14 30356
aoD2SG 18e1 2 153 - 0.03 0.14 30364
moore 18e1 2 153 - 0.02 0.24 30492
nbpm 18e1 2 153 - 0.08 2.17 54440
greedy 18e1 2 153 - 0.03 0.16 33348
dry 350e2 2 173 - 0.02 0.12 27416
aoDLAV 350e2 2 173 - 0.02 0.24 31480
aoULAV 350e2 2 173 - 0.03 0.23 32260
aoD2AG 350e2 2 173 - 0.03 0.26 34848
aoD2SG 350e2 2 173 - 0.03 0.27 35132
dry 5e4 10 94 - 0.03 0.13 33888
aoDLAV 5e4 10 94 - 0.03 8.15 40232
aoULAV 5e4 10 94 - 0.04 8.42 40204
aoD2AG 5e4 10 94 - 0.05 8.44 44980
aoD2SG 5e4 10 94 - 0.04 9.16 45000
dry 1e5 5 187 - 0.02 0.14 34476
aoDLAV 1e5 5 187 - 0.05 1.64 41816
aoULAV 1e5 5 187 - 0.04 1.63 43568
aoD2AG 1e5 5 187 - 0.05 1.77 53564
aoD2SG 1e5 5 187 - 0.06 1.92 53200
dry 350e2 2 109 - 0.02 0.12 27416
aoDLAV 350e2 2 109 - 0.02 0.23 31480
aoULAV 350e2 2 109 - 0.03 0.22 32264
aoD2AG 350e2 2 109 - 0.02 0.26 34848
aoD2SG 350e2 2 109 - 0.03 0.27 35128
dry 56e3 2 204 - 0.02 0.12 28236
aoDLAV 56e3 2 204 - 0.02 0.29 33476
aoULAV 56e3 2 204 - 0.03 0.29 34696
aoD2AG 56e3 2 204 - 0.04 0.35 37284
aoD2SG 56e3 2 204 - 0.03 0.38 37304
dry 18e1 2 53 - 0.02 0.11 26004
aoDLAV 18e1 2 53 - 0.02 0.14 30184
aoULAV 18e1 2 53 - 0.03 0.14 30196
aoD2AG 18e1 2 53 - 0.02 0.15 30356
aoD2SG 18e1 2 53 - 0.03 0.13 30368
moore 18e1 2 53 - 0.03 0.26 30492
nbpm 18e1 2 53 - 0.08 2.18 54432
greedy 18e1 2 53 - 0.02 0.16 33352
dry 250e2 2 37 - 0.03 0.11 27020
aoDLAV 250e2 2 37 - 0.03 0.20 31108
aoULAV 250e2 2 37 - 0.03 0.20 31216
aoD2AG 250e2 2 37 - 0.03 0.22 33860
aoD2SG 250e2 2 37 - 0.03 0.23 33960
dry 1e3 2 155 - 0.02 0.12 26020
aoDLAV 1e3 2 155 - 0.03 0.14 30280
aoULAV 1e3 2 155 - 0.03 0.14 30292
aoD2AG 1e3 2 155 - 0.02 0.15 30536
aoD2SG 1e3 2 155 - 0.02 0.14 30552
moore 1e3 2 155 - 0.03 5.36 59768
nbpm 1e3 2 155 - 0.12 4.44 138552
greedy 1e3 2 155 - 0.08 1.04 139244
dry 275e2 2 102 - 0.02 0.12 27124
aoDLAV 275e2 2 102 - 0.02 0.21 31240
aoULAV 275e2 2 102 - 0.02 0.21 31572
aoD2AG 275e2 2 102 - 0.03 0.22 34696
aoD2SG 275e2 2 102 - 0.02 0.24 34812
dry 1e6 10 65 - 0.07 0.40 112232
aoDLAV 1e6 10 65 - 0.21 513.49 369888
aoULAV 1e6 10 65 - 0.29 361.72 369888
aoD2AG 1e6 10 65 - 0.40 349.37 447860
aoD2SG 1e6 10 65 - 0.41 405.59 458052
