dry 6e7 2 124 - 0.62 1.89 1202044
aoDLAV 6e7 2 124 - 4.60 367.98 8924560
aoULAV 6e7 2 124 - 6.29 397.02 8924560
aoD2AG 6e7 2 124 - 11.68 622.76 13118156
aoD2SG 6e7 2 124 - 12.32 635.49 13597364
dry 5e7 2 41 - 0.57 1.59 1006736
aoDLAV 5e7 2 41 - 4.14 293.26 7440196
aoULAV 5e7 2 41 - 5.35 372.11 7440192
aoD2AG 5e7 2 41 - 9.75 450.43 10935344
aoD2SG 5e7 2 41 - 10.66 529.99 11335700
dry 1e4 2 19 - 0.02 0.13 26432
aoDLAV 1e4 2 19 - 0.03 0.18 31864
aoULAV 1e4 2 19 - 0.04 0.17 31880
aoD2AG 1e4 2 19 - 0.04 0.18 31880
aoD2SG 1e4 2 19 - 0.02 0.19 31984
moore 1e4 2 19 - 1.10 938.22 2960572
nbpm 1e4 2 19 - 7.69 360.07 7889416
greedy 1e4 2 19 - 6.62 277.83 10968572
dry 32e2 2 236 - 0.02 0.12 26112
aoDLAV 32e2 2 236 - 0.03 0.16 30540
aoULAV 32e2 2 236 - 0.03 0.15 30548
aoD2AG 32e2 2 236 - 0.03 0.16 31212
aoD2SG 32e2 2 236 - 0.04 0.15 31272
moore 32e2 2 236 - 0.19 35.89 330512
nbpm 32e2 2 236 - 0.94 20.70 854752
greedy 32e2 2 236 - 0.73 22.71 1150168
dry 18e2 2 194 - 0.03 0.12 26048
aoDLAV 18e2 2 194 - 0.03 0.16 30372
aoULAV 18e2 2 194 - 0.03 0.15 30384
aoD2AG 18e2 2 194 - 0.04 0.14 30788
aoD2SG 18e2 2 194 - 0.03 0.15 30820
moore 18e2 2 194 - 0.09 13.41 125416
nbpm 18e2 2 194 - 0.21 8.26 334536
greedy 18e2 2 194 - 0.22 3.89 384352
dry 32e6 2 146 - 0.37 1.09 655180
aoDLAV 32e6 2 146 - 2.86 183.22 4768324
aoULAV 32e6 2 146 - 3.62 253.06 4768324
aoD2AG 32e6 2 146 - 6.62 268.24 7007420
aoD2SG 32e6 2 146 - 6.85 317.98 7262924
dry 18e6 2 146 - 0.25 0.67 381736
aoDLAV 18e6 2 146 - 1.52 94.00 2690192
aoULAV 18e6 2 146 - 1.65 100.22 2690196
aoD2AG 18e6 2 146 - 3.60 142.13 3949092
aoD2SG 18e6 2 146 - 3.45 161.05 4093200
dry 25e2 2 187 - 0.03 0.11 26084
aoDLAV 25e2 2 187 - 0.03 0.15 30456
aoULAV 25e2 2 187 - 0.03 0.15 30468
aoD2AG 25e2 2 187 - 0.03 0.15 30980
aoD2SG 25e2 2 187 - 0.04 0.14 31004
moore 25e2 2 187 - 0.10 37.89 213696
nbpm 25e2 2 187 - 0.58 12.24 541636
greedy 25e2 2 187 - 0.44 8.66 713664
dry 1e4 2 18 - 0.02 0.12 28444
aoDLAV 1e4 2 18 - 0.03 0.17 31868
aoULAV 1e4 2 18 - 0.03 0.17 31876
aoD2AG 1e4 2 18 - 0.03 0.18 31876
aoD2SG 1e4 2 18 - 0.02 0.19 31988
moore 1e4 2 18 - 1.15 795.54 2960584
nbpm 1e4 2 18 - 7.76 366.03 7889424
greedy 1e4 2 18 - 6.41 277.21 10968572
dry 75e2 2 206 - 0.02 0.12 26332
aoDLAV 75e2 2 206 - 0.03 0.15 31380
aoULAV 75e2 2 206 - 0.03 0.16 31388
aoD2AG 75e2 2 206 - 0.02 0.18 31380
aoD2SG 75e2 2 206 - 0.03 0.17 31380
moore 75e2 2 206 - 1.77 566.95 1688792
nbpm 75e2 2 206 - 4.25 156.97 4242136
greedy 75e2 2 206 - 3.68 159.35 6183092
dry 1e4 5 221 - 0.02 0.12 26904
aoDLAV 1e4 5 221 - 0.02 0.22 31084
aoULAV 1e4 5 221 - 0.03 0.21 31096
aoD2AG 1e4 5 221 - 0.03 0.24 32108
aoD2SG 1e4 5 221 - 0.04 0.25 32108
moore 1e4 5 221 - 1.20 963.16 2961736
nbpm 1e4 5 221 - 7.50 615.29 7811452
greedy 1e4 5 221 - 6.77 297.88 10959172
dry 32e6 2 122 - 0.39 1.08 655180
aoDLAV 32e6 2 122 - 2.79 188.90 4768324
aoULAV 32e6 2 122 - 3.32 190.79 4768324
aoD2AG 32e6 2 122 - 5.65 273.80 7008880
aoD2SG 32e6 2 122 - 6.47 326.99 7262944
dry 3e7 2 155 - 0.35 1.04 616104
aoDLAV 3e7 2 155 - 2.62 176.54 4471428
aoULAV 3e7 2 155 - 3.65 187.70 4471428
aoD2AG 3e7 2 155 - 6.17 259.30 6569720
aoD2SG 3e7 2 155 - 5.97 306.07 6810956
dry 50e2 2 7 - 0.03 0.12 26204
aoDLAV 50e2 2 7 - 0.04 0.15 30848
aoULAV 50e2 2 7 - 0.03 0.16 30864
aoD2AG 50e2 2 7 - 0.03 0.17 31776
aoD2SG 50e2 2 7 - 0.03 0.18 31876
moore 50e2 2 7 - 0.71 190.46 764632
nbpm 50e2 2 7 - 2.06 57.10 2011952
greedy 50e2 2 7 - 1.98 64.79 2764780
dry 75e2 2 10 - 0.03 0.12 26328
aoDLAV 75e2 2 10 - 0.04 0.16 31376
aoULAV 75e2 2 10 - 0.03 0.16 31388
aoD2AG 75e2 2 10 - 0.03 0.18 31384
aoD2SG 75e2 2 10 - 0.03 0.18 31380
moore 75e2 2 10 - 1.46 527.13 1688784
nbpm 75e2 2 10 - 4.28 158.24 4242128
greedy 75e2 2 10 - 3.82 147.91 6183088
dry 32e6 2 126 - 0.46 1.14 655176
aoDLAV 32e6 2 126 - 2.88 191.21 4768324
aoULAV 32e6 2 126 - 3.45 196.70 4768324
aoD2AG 32e6 2 126 - 6.68 302.63 7005932
aoD2SG 32e6 2 126 - 6.98 312.55 7260740
dry 7e7 2 134 - 0.87 2.21 1397360
aoDLAV 7e7 2 134 - 5.98 424.02 10408936
aoULAV 7e7 2 134 - 7.81 454.54 10408940
aoD2AG 7e7 2 134 - 14.08 655.18 15306040
aoD2SG 7e7 2 134 - 14.77 754.95 15862716
dry 1e4 2 66 - 0.02 0.13 26432
aoDLAV 1e4 2 66 - 0.03 0.18 31864
aoULAV 1e4 2 66 - 0.03 0.18 31876
aoD2AG 1e4 2 66 - 0.03 0.19 31880
aoD2SG 1e4 2 66 - 0.02 0.20 31988
moore 1e4 2 66 - 1.23 1074.52 2960576
nbpm 1e4 2 66 - 7.47 366.07 7889420
greedy 1e4 2 66 - 6.30 269.47 10968572
dry 75e2 2 44 - 0.02 0.12 26328
aoDLAV 75e2 2 44 - 0.03 0.16 31380
aoULAV 75e2 2 44 - 0.04 0.15 31388
aoD2AG 75e2 2 44 - 0.03 0.18 31380
aoD2SG 75e2 2 44 - 0.03 0.17 31384
moore 75e2 2 44 - 1.16 475.95 1688792
nbpm 75e2 2 44 - 4.14 162.99 4242132
greedy 75e2 2 44 - 3.49 151.58 6183092
dry 4e7 2 141 - 0.47 1.35 811424
aoDLAV 4e7 2 141 - 3.25 272.78 5955816
aoULAV 4e7 2 141 - 4.24 241.06 5955816
aoD2AG 4e7 2 141 - 7.43 343.35 8753028
aoD2SG 4e7 2 141 - 7.85 403.48 9071124
dry 1e4 5 208 - 0.02 0.13 26900
aoDLAV 1e4 5 208 - 0.03 0.22 31084
aoULAV 1e4 5 208 - 0.03 0.22 31100
aoD2AG 1e4 5 208 - 0.04 0.23 32108
aoD2SG 1e4 5 208 - 0.03 0.25 32108
moore 1e4 5 208 - 1.16 1044.53 2961736
nbpm 1e4 5 208 - 7.43 651.42 7811532
greedy 1e4 5 208 - 7.09 327.65 10959172
dry 7e7 2 68 - 0.91 2.13 1397356
aoDLAV 7e7 2 68 - 6.15 425.74 10408940
aoULAV 7e7 2 68 - 7.97 450.25 10408940
aoD2AG 7e7 2 68 - 13.71 626.51 15306188
aoD2SG 7e7 2 68 - 15.26 920.20 15864240
dry 7e7 2 62 - 0.83 2.21 1397360
aoDLAV 7e7 2 62 - 5.78 422.64 10408936
aoULAV 7e7 2 62 - 7.91 448.92 10408940
aoD2AG 7e7 2 62 - 14.27 645.27 15305656
aoD2SG 7e7 2 62 - 14.55 789.01 15865216
dry 75e2 2 31 - 0.03 0.11 26328
aoDLAV 75e2 2 31 - 0.02 0.16 31376
aoULAV 75e2 2 31 - 0.03 0.15 31388
aoD2AG 75e2 2 31 - 0.03 0.18 31380
aoD2SG 75e2 2 31 - 0.03 0.18 31380
moore 75e2 2 31 - 0.92 420.08 1688764
nbpm 75e2 2 31 - 4.35 163.68 4242136
greedy 75e2 2 31 - 4.00 150.55 6183088
dry 32e6 2 204 - 0.38 1.09 655180
aoDLAV 32e6 2 204 - 2.65 182.80 4768324
aoULAV 32e6 2 204 - 3.71 191.78 4768328
aoD2AG 32e6 2 204 - 5.83 276.10 7008020
aoD2SG 32e6 2 204 - 7.15 318.04 7260724
dry 50e2 2 137 - 0.02 0.12 26204
aoDLAV 50e2 2 137 - 0.03 0.15 30848
aoULAV 50e2 2 137 - 0.03 0.16 30860
aoD2AG 50e2 2 137 - 0.03 0.16 31776
aoD2SG 50e2 2 137 - 0.04 0.17 31872
moore 50e2 2 137 - 0.58 173.54 764628
nbpm 50e2 2 137 - 1.95 55.88 2011924
greedy 50e2 2 137 - 1.70 57.76 2764780
dry 56e6 2 44 - 0.66 1.81 1123924
aoDLAV 56e6 2 44 - 4.70 327.18 8330820
aoULAV 56e6 2 44 - 6.11 351.65 8330820
aoD2AG 56e6 2 44 - 11.12 508.59 12246624
aoD2SG 56e6 2 44 - 11.69 585.29 12693876
dry 50e2 2 44 - 0.02 0.12 27952
aoDLAV 50e2 2 44 - 0.03 0.15 30852
aoULAV 50e2 2 44 - 0.03 0.14 30860
aoD2AG 50e2 2 44 - 0.03 0.15 31776
aoD2SG 50e2 2 44 - 0.03 0.18 31844
moore 50e2 2 44 - 0.73 185.15 764632
nbpm 50e2 2 44 - 1.86 53.98 2011928
greedy 50e2 2 44 - 1.51 57.87 2764780
dry 56e2 2 180 - 0.02 0.12 27952
aoDLAV 56e2 2 180 - 0.02 0.15 30976
aoULAV 56e2 2 180 - 0.03 0.15 30988
aoD2AG 56e2 2 180 - 0.03 0.17 31992
aoD2SG 56e2 2 180 - 0.03 0.17 31124
moore 56e2 2 180 - 0.72 227.53 952724
nbpm 56e2 2 180 - 2.47 74.80 2388088
greedy 56e2 2 180 - 2.09 81.85 3460492
dry 75e2 2 41 - 0.03 0.12 28308
aoDLAV 75e2 2 41 - 0.04 0.15 31376
aoULAV 75e2 2 41 - 0.03 0.16 31388
aoD2AG 75e2 2 41 - 0.04 0.18 31380
aoD2SG 75e2 2 41 - 0.03 0.19 31384
moore 75e2 2 41 - 1.21 483.20 1688784
nbpm 75e2 2 41 - 4.25 162.04 4242124
greedy 75e2 2 41 - 3.86 151.69 6183092
dry 75e2 2 66 - 0.03 0.12 26328
aoDLAV 75e2 2 66 - 0.03 0.17 31376
aoULAV 75e2 2 66 - 0.03 0.16 31388
aoD2AG 75e2 2 66 - 0.02 0.18 31380
aoD2SG 75e2 2 66 - 0.04 0.18 31380
moore 75e2 2 66 - 0.70 388.44 1683876
nbpm 75e2 2 66 - 4.08 162.16 4242124
greedy 75e2 2 66 - 3.81 151.64 6183092
dry 2e7 2 3 - 0.25 0.75 420800
aoDLAV 2e7 2 3 - 1.61 106.30 2987068
aoULAV 2e7 2 3 - 1.72 111.41 2987068
aoD2AG 2e7 2 3 - 3.81 209.86 4387728
aoD2SG 2e7 2 3 - 3.79 198.85 4545872
dry 7e7 2 13 - 0.83 2.21 1397356
aoDLAV 7e7 2 13 - 6.08 432.16 10408940
aoULAV 7e7 2 13 - 8.01 457.47 10408936
aoD2AG 7e7 2 13 - 14.14 660.19 15305472
aoD2SG 7e7 2 13 - 15.08 766.04 15861856
dry 75e2 2 27 - 0.02 0.13 26332
aoDLAV 75e2 2 27 - 0.04 0.15 31376
aoULAV 75e2 2 27 - 0.03 0.16 31392
aoD2AG 75e2 2 27 - 0.03 0.17 31380
aoD2SG 75e2 2 27 - 0.03 0.18 31380
moore 75e2 2 27 - 1.03 444.56 1688784
nbpm 75e2 2 27 - 4.33 163.40 4242128
greedy 75e2 2 27 - 3.80 154.81 6183096
dry 32e2 2 211 - 0.02 0.12 26116
aoDLAV 32e2 2 211 - 0.03 0.14 30540
aoULAV 32e2 2 211 - 0.02 0.15 30552
aoD2AG 32e2 2 211 - 0.03 0.14 31208
aoD2SG 32e2 2 211 - 0.03 0.14 31264
moore 32e2 2 211 - 0.17 34.52 330524
nbpm 32e2 2 211 - 0.90 20.01 854764
greedy 32e2 2 211 - 0.66 21.13 1150168
dry 7e7 2 147 - 0.78 2.17 1397356
aoDLAV 7e7 2 147 - 5.84 426.66 10408936
aoULAV 7e7 2 147 - 7.75 524.29 10408936
aoD2AG 7e7 2 147 - 14.01 634.84 15303500
aoD2SG 7e7 2 147 - 15.07 751.33 15861428
dry 5e7 2 55 - 0.61 1.63 1006740
aoDLAV 5e7 2 55 - 4.27 302.56 7440192
aoULAV 5e7 2 55 - 5.77 311.39 7440192
aoD2AG 5e7 2 55 - 9.97 436.24 10935328
aoD2SG 5e7 2 55 - 11.05 651.79 11335660
dry 56e6 2 70 - 0.72 1.84 1123924
aoDLAV 56e6 2 70 - 4.75 412.82 8330816
aoULAV 56e6 2 70 - 6.01 357.22 8330816
aoD2AG 56e6 2 70 - 10.99 502.50 12246500
aoD2SG 56e6 2 70 - 11.67 578.36 12695016
dry 56e2 2 179 - 0.03 0.13 26240
aoDLAV 56e2 2 179 - 0.02 0.17 30976
aoULAV 56e2 2 179 - 0.03 0.16 30988
aoD2AG 56e2 2 179 - 0.03 0.18 32004
aoD2SG 56e2 2 179 - 0.04 0.18 31128
moore 56e2 2 179 - 0.65 222.02 952724
nbpm 56e2 2 179 - 2.46 74.67 2388088
greedy 56e2 2 179 - 2.21 80.63 3460488
dry 1e4 5 211 - 0.03 0.12 26900
aoDLAV 1e4 5 211 - 0.03 0.22 31084
aoULAV 1e4 5 211 - 0.04 0.21 31100
aoD2AG 1e4 5 211 - 0.04 0.22 32112
aoD2SG 1e4 5 211 - 0.03 0.24 32108
moore 1e4 5 211 - 1.19 1019.02 2961736
nbpm 1e4 5 211 - 7.55 657.17 7811452
greedy 1e4 5 211 - 6.50 295.97 10959172
dry 3e7 2 236 - 0.35 1.04 616108
aoDLAV 3e7 2 236 - 2.62 213.53 4471428
aoULAV 3e7 2 236 - 3.25 184.72 4471428
aoD2AG 3e7 2 236 - 5.66 251.87 6567280
aoD2SG 3e7 2 236 - 6.41 379.04 6807128
dry 1e4 2 40 - 0.03 0.12 26432
aoDLAV 1e4 2 40 - 0.02 0.20 31868
aoULAV 1e4 2 40 - 0.03 0.17 31876
aoD2AG 1e4 2 40 - 0.03 0.19 31876
aoD2SG 1e4 2 40 - 0.03 0.20 31992
moore 1e4 2 40 - 1.11 1059.29 2960584
nbpm 1e4 2 40 - 7.55 337.70 7889424
greedy 1e4 2 40 - 6.63 293.40 10968568
dry 4e7 2 233 - 0.47 1.34 811460
aoDLAV 4e7 2 233 - 3.61 248.12 5955820
aoULAV 4e7 2 233 - 4.49 252.32 5955820
aoD2AG 4e7 2 233 - 8.00 355.32 8750900
aoD2SG 4e7 2 233 - 8.71 501.44 9071084
dry 6e7 2 111 - 0.76 1.94 1202044
aoDLAV 6e7 2 111 - 5.12 357.03 8924560
aoULAV 6e7 2 111 - 6.62 387.01 8924564
aoD2AG 6e7 2 111 - 12.04 551.15 13119456
aoD2SG 6e7 2 111 - 12.59 650.61 13599504
dry 2e7 2 154 - 0.26 0.75 420800
aoDLAV 2e7 2 154 - 1.73 108.21 2987068
aoULAV 2e7 2 154 - 1.86 114.26 2987068
aoD2AG 2e7 2 154 - 3.55 165.64 4388216
aoD2SG 2e7 2 154 - 4.52 194.95 4548536
dry 4e7 2 2 - 0.54 1.32 811424
aoDLAV 4e7 2 2 - 3.58 226.04 5955816
aoULAV 4e7 2 2 - 3.42 241.38 5955816
aoD2AG 4e7 2 2 - 8.01 336.17 8752444
aoD2SG 4e7 2 2 - 8.47 395.54 9072632
dry 1e4 5 152 - 0.03 0.11 26900
aoDLAV 1e4 5 152 - 0.04 0.21 31088
aoULAV 1e4 5 152 - 0.03 0.22 31096
aoD2AG 1e4 5 152 - 0.04 0.22 32132
aoD2SG 1e4 5 152 - 0.03 0.23 32108
moore 1e4 5 152 - 1.17 846.42 2961736
nbpm 1e4 5 152 - 7.66 650.94 7811460
greedy 1e4 5 152 - 6.77 303.03 10959172
dry 18e2 2 13 - 0.03 0.11 26052
aoDLAV 18e2 2 13 - 0.03 0.14 30376
aoULAV 18e2 2 13 - 0.03 0.15 30388
aoD2AG 18e2 2 13 - 0.02 0.16 30784
aoD2SG 18e2 2 13 - 0.03 0.15 30848
moore 18e2 2 13 - 0.08 14.70 125408
nbpm 18e2 2 13 - 0.20 7.70 334524
greedy 18e2 2 13 - 0.22 4.44 384352
dry 75e2 2 215 - 0.02 0.13 26332
aoDLAV 75e2 2 215 - 0.03 0.17 31376
aoULAV 75e2 2 215 - 0.02 0.17 31388
aoD2AG 75e2 2 215 - 0.03 0.19 31396
aoD2SG 75e2 2 215 - 0.03 0.18 31380
moore 75e2 2 215 - 0.86 418.39 1688788
nbpm 75e2 2 215 - 4.17 166.35 4242124
greedy 75e2 2 215 - 3.84 164.29 6183096
dry 25e2 2 4 - 0.02 0.12 27952
aoDLAV 25e2 2 4 - 0.03 0.15 30452
aoULAV 25e2 2 4 - 0.02 0.16 30464
aoD2AG 25e2 2 4 - 0.03 0.15 30988
aoD2SG 25e2 2 4 - 0.04 0.14 31024
moore 25e2 2 4 - 0.10 26.83 213604
nbpm 25e2 2 4 - 0.62 13.31 541644
greedy 25e2 2 4 - 0.46 10.25 713672
dry 50e2 2 238 - 0.03 0.12 28224
aoDLAV 50e2 2 238 - 0.03 0.16 30848
aoULAV 50e2 2 238 - 0.03 0.15 30860
aoD2AG 50e2 2 238 - 0.03 0.15 31796
aoD2SG 50e2 2 238 - 0.04 0.17 31872
moore 50e2 2 238 - 0.59 188.72 764620
nbpm 50e2 2 238 - 1.97 53.67 2011916
greedy 50e2 2 238 - 1.75 62.41 2764780
dry 4e7 2 194 - 0.56 1.38 811428
aoDLAV 4e7 2 194 - 3.53 242.92 5955816
aoULAV 4e7 2 194 - 3.83 257.21 5955816
aoD2AG 4e7 2 194 - 8.27 355.41 8754848
aoD2SG 4e7 2 194 - 8.46 412.45 9073416
dry 1e4 5 169 - 0.02 0.13 28920
aoDLAV 1e4 5 169 - 0.03 0.22 31088
aoULAV 1e4 5 169 - 0.03 0.22 31096
aoD2AG 1e4 5 169 - 0.04 0.22 32112
aoD2SG 1e4 5 169 - 0.03 0.23 32112
moore 1e4 5 169 - 1.14 1133.40 2961736
nbpm 1e4 5 169 - 7.34 601.46 7811452
greedy 1e4 5 169 - 6.29 310.93 10959172
dry 18e6 2 14 - 0.24 0.68 381736
aoDLAV 18e6 2 14 - 1.54 94.54 2690192
aoULAV 18e6 2 14 - 1.49 98.43 2690192
aoD2AG 18e6 2 14 - 3.58 145.29 3952892
aoD2SG 18e6 2 14 - 3.39 165.75 4093476
