dry 7e7 2 203 - 0.71 2.19 1397356
aoDLAV 7e7 2 203 - 5.64 524.84 10408936
aoULAV 7e7 2 203 - 7.37 438.85 10408936
aoD2AG 7e7 2 203 - 13.23 632.87 15304336
aoD2SG 7e7 2 203 - 14.50 801.59 15862168
dry 18e6 2 46 - 0.21 0.71 381736
aoDLAV 18e6 2 46 - 1.51 96.37 2690192
aoULAV 18e6 2 46 - 1.96 102.39 2690192
aoD2AG 18e6 2 46 - 3.31 141.51 3949992
aoD2SG 18e6 2 46 - 3.76 169.35 4094464
dry 56e2 2 241 - 0.03 0.11 26236
aoDLAV 56e2 2 241 - 0.03 0.15 30976
aoULAV 56e2 2 241 - 0.03 0.15 31008
aoD2AG 56e2 2 241 - 0.03 0.17 31976
aoD2SG 56e2 2 241 - 0.02 0.19 31120
moore 56e2 2 241 - 0.48 183.05 952716
nbpm 56e2 2 241 - 2.35 72.18 2388080
greedy 56e2 2 241 - 2.12 79.30 3460488
dry 50e2 2 179 - 0.02 0.12 28172
aoDLAV 50e2 2 179 - 0.03 0.15 30852
aoULAV 50e2 2 179 - 0.03 0.16 30864
aoD2AG 50e2 2 179 - 0.04 0.15 31844
aoD2SG 50e2 2 179 - 0.03 0.17 31880
moore 50e2 2 179 - 0.40 141.03 764620
nbpm 50e2 2 179 - 2.02 62.63 2011916
greedy 50e2 2 179 - 1.69 66.43 2764784
dry 32e2 2 202 - 0.02 0.12 26112
aoDLAV 32e2 2 202 - 0.02 0.16 30544
aoULAV 32e2 2 202 - 0.03 0.15 30548
aoD2AG 32e2 2 202 - 0.03 0.15 31204
aoD2SG 32e2 2 202 - 0.03 0.15 31264
moore 32e2 2 202 - 0.30 68.54 330520
nbpm 32e2 2 202 - 0.94 19.97 854764
greedy 32e2 2 202 - 0.81 23.53 1150168
dry 50e2 2 190 - 0.03 0.13 26204
aoDLAV 50e2 2 190 - 0.03 0.15 30848
aoULAV 50e2 2 190 - 0.03 0.16 30860
aoD2AG 50e2 2 190 - 0.03 0.15 31772
aoD2SG 50e2 2 190 - 0.03 0.17 31864
moore 50e2 2 190 - 0.37 120.10 762984
nbpm 50e2 2 190 - 1.93 53.67 2011924
greedy 50e2 2 190 - 1.75 60.07 2764780
dry 75e2 2 87 - 0.02 0.12 26328
aoDLAV 75e2 2 87 - 0.04 0.15 31380
aoULAV 75e2 2 87 - 0.02 0.17 31388
aoD2AG 75e2 2 87 - 0.03 0.17 31380
aoD2SG 75e2 2 87 - 0.04 0.17 31380
moore 75e2 2 87 - 1.36 538.60 1688760
nbpm 75e2 2 87 - 4.17 153.84 4242120
greedy 75e2 2 87 - 3.66 147.91 6183088
dry 32e2 2 193 - 0.02 0.12 26112
aoDLAV 32e2 2 193 - 0.03 0.14 30544
aoULAV 32e2 2 193 - 0.03 0.14 30556
aoD2AG 32e2 2 193 - 0.03 0.15 31188
aoD2SG 32e2 2 193 - 0.03 0.15 31248
moore 32e2 2 193 - 0.22 56.59 330524
nbpm 32e2 2 193 - 0.81 19.45 854760
greedy 32e2 2 193 - 0.75 21.26 1150164
dry 6e7 2 164 - 0.63 1.93 1202044
aoDLAV 6e7 2 164 - 4.78 353.14 8924560
aoULAV 6e7 2 164 - 6.75 502.00 8924560
aoD2AG 6e7 2 164 - 11.63 543.22 13119552
aoD2SG 6e7 2 164 - 12.33 624.89 13599808
dry 56e2 2 48 - 0.03 0.12 26236
aoDLAV 56e2 2 48 - 0.03 0.15 30976
aoULAV 56e2 2 48 - 0.03 0.16 30988
aoD2AG 56e2 2 48 - 0.03 0.17 32008
aoD2SG 56e2 2 48 - 0.02 0.18 31128
moore 56e2 2 48 - 0.56 203.38 952716
nbpm 56e2 2 48 - 2.41 122.52 2388080
greedy 56e2 2 48 - 2.33 78.83 3460488
dry 75e2 2 118 - 0.02 0.13 26328
aoDLAV 75e2 2 118 - 0.03 0.16 31380
aoULAV 75e2 2 118 - 0.03 0.15 31388
aoD2AG 75e2 2 118 - 0.03 0.18 31380
aoD2SG 75e2 2 118 - 0.03 0.18 31380
moore 75e2 2 118 - 0.62 393.28 1683872
nbpm 75e2 2 118 - 4.38 160.89 4242124
greedy 75e2 2 118 - 3.97 152.32 6183092
dry 2e7 2 103 - 0.26 0.76 420796
aoDLAV 2e7 2 103 - 1.80 108.54 2987068
aoULAV 2e7 2 103 - 2.34 142.62 2987068
aoD2AG 2e7 2 103 - 3.56 159.15 4386472
aoD2SG 2e7 2 103 - 4.43 188.88 4549936
dry 4e7 2 229 - 0.49 1.30 811424
aoDLAV 4e7 2 229 - 3.50 239.39 5955820
aoULAV 4e7 2 229 - 4.24 251.28 5955816
aoD2AG 4e7 2 229 - 8.11 357.18 8752512
aoD2SG 4e7 2 229 - 8.86 423.41 9072600
dry 7e7 2 229 - 0.83 2.18 1397356
aoDLAV 7e7 2 229 - 5.76 438.69 10408936
aoULAV 7e7 2 229 - 7.70 445.02 10408936
aoD2AG 7e7 2 229 - 13.88 632.32 15303624
aoD2SG 7e7 2 229 - 14.67 742.44 15865484
dry 2e7 2 157 - 0.25 0.77 420800
aoDLAV 2e7 2 157 - 1.82 113.46 2987068
aoULAV 2e7 2 157 - 2.23 115.94 2987068
aoD2AG 2e7 2 157 - 3.68 162.97 4388024
aoD2SG 2e7 2 157 - 4.11 190.89 4546536
dry 1e4 5 43 - 0.02 0.12 28564
aoDLAV 1e4 5 43 - 0.03 0.22 31084
aoULAV 1e4 5 43 - 0.03 0.21 31096
aoD2AG 1e4 5 43 - 0.03 0.22 32108
aoD2SG 1e4 5 43 - 0.03 0.23 32108
moore 1e4 5 43 - 1.12 1113.59 2961732
nbpm 1e4 5 43 - 7.48 757.44 7811464
greedy 1e4 5 43 - 7.34 300.25 10959176
dry 4e7 2 101 - 0.50 1.37 811424
aoDLAV 4e7 2 101 - 3.53 226.44 5955816
aoULAV 4e7 2 101 - 4.40 245.50 5955816
aoD2AG 4e7 2 101 - 7.11 344.26 8752740
aoD2SG 4e7 2 101 - 8.59 475.82 9072568
dry 5e7 2 242 - 0.55 1.62 1006736
aoDLAV 5e7 2 242 - 4.48 307.21 7440192
aoULAV 5e7 2 242 - 5.54 315.63 7440192
aoD2AG 5e7 2 242 - 9.97 454.77 10935852
aoD2SG 5e7 2 242 - 10.24 518.59 11334880
dry 18e6 2 25 - 0.23 0.67 381736
aoDLAV 18e6 2 25 - 1.53 95.33 2690192
aoULAV 18e6 2 25 - 1.56 100.05 2690192
aoD2AG 18e6 2 25 - 3.17 155.93 3953164
aoD2SG 18e6 2 25 - 4.02 168.62 4095980
dry 1e4 5 45 - 0.03 0.12 26900
aoDLAV 1e4 5 45 - 0.02 0.23 31084
aoULAV 1e4 5 45 - 0.03 0.22 31100
aoD2AG 1e4 5 45 - 0.04 0.23 32112
aoD2SG 1e4 5 45 - 0.03 0.24 32108
moore 1e4 5 45 - 1.22 1068.24 2961732
nbpm 1e4 5 45 - 7.36 610.46 7811452
greedy 1e4 5 45 - 6.45 314.07 10959172
dry 1e4 10 5 - 0.04 0.12 27688
aoDLAV 1e4 10 5 - 0.03 0.79 32764
aoULAV 1e4 10 5 - 0.04 0.71 32776
aoD2AG 1e4 10 5 - 0.03 0.73 32744
aoD2SG 1e4 10 5 - 0.04 0.79 34180
moore 1e4 10 5 - 1.18 1611.13 2963852
nbpm 1e4 10 5 - 7.40 713.41 7764392
greedy 1e4 10 5 - 6.31 277.27 10961112
dry 50e2 2 48 - 0.02 0.12 26208
aoDLAV 50e2 2 48 - 0.03 0.14 30848
aoULAV 50e2 2 48 - 0.03 0.15 30860
aoD2AG 50e2 2 48 - 0.02 0.16 31788
aoD2SG 50e2 2 48 - 0.02 0.18 31880
moore 50e2 2 48 - 0.77 217.09 764628
nbpm 50e2 2 48 - 1.96 52.48 2011924
greedy 50e2 2 48 - 1.70 62.65 2764816
dry 18e2 2 79 - 0.03 0.12 26048
aoDLAV 18e2 2 79 - 0.04 0.14 30372
aoULAV 18e2 2 79 - 0.03 0.14 30388
aoD2AG 18e2 2 79 - 0.03 0.15 30784
aoD2SG 18e2 2 79 - 0.03 0.14 30824
moore 18e2 2 79 - 0.07 12.48 125416
nbpm 18e2 2 79 - 0.20 8.64 334536
greedy 18e2 2 79 - 0.24 4.15 384352
dry 32e2 2 200 - 0.02 0.11 28156
aoDLAV 32e2 2 200 - 0.02 0.15 30540
aoULAV 32e2 2 200 - 0.03 0.15 30552
aoD2AG 32e2 2 200 - 0.03 0.15 31252
aoD2SG 32e2 2 200 - 0.03 0.15 31264
moore 32e2 2 200 - 0.23 52.94 330512
nbpm 32e2 2 200 - 0.98 19.74 854780
greedy 32e2 2 200 - 0.84 25.89 1150164
dry 1e4 2 200 - 0.02 0.12 26436
aoDLAV 1e4 2 200 - 0.04 0.17 31868
aoULAV 1e4 2 200 - 0.03 0.18 31876
aoD2AG 1e4 2 200 - 0.03 0.18 31880
aoD2SG 1e4 2 200 - 0.03 0.18 31988
moore 1e4 2 200 - 1.15 791.88 2960576
nbpm 1e4 2 200 - 7.37 352.38 7889416
greedy 1e4 2 200 - 6.30 275.59 10968568
dry 18e6 2 82 - 0.26 0.67 381736
aoDLAV 18e6 2 82 - 1.66 99.06 2690192
aoULAV 18e6 2 82 - 1.93 102.66 2690192
aoD2AG 18e6 2 82 - 3.29 140.45 3951240
aoD2SG 18e6 2 82 - 3.72 165.06 4095052
dry 32e2 2 117 - 0.03 0.12 26112
aoDLAV 32e2 2 117 - 0.03 0.15 30540
aoULAV 32e2 2 117 - 0.03 0.15 30552
aoD2AG 32e2 2 117 - 0.03 0.15 31216
aoD2SG 32e2 2 117 - 0.04 0.14 31272
moore 32e2 2 117 - 0.17 47.72 330520
nbpm 32e2 2 117 - 0.82 18.77 854760
greedy 32e2 2 117 - 0.66 19.40 1150164
dry 75e2 2 140 - 0.02 0.12 26332
aoDLAV 75e2 2 140 - 0.03 0.15 31376
aoULAV 75e2 2 140 - 0.03 0.14 31388
aoD2AG 75e2 2 140 - 0.02 0.18 31380
aoD2SG 75e2 2 140 - 0.03 0.17 31380
moore 75e2 2 140 - 0.68 388.43 1683880
nbpm 75e2 2 140 - 4.08 165.25 4242136
greedy 75e2 2 140 - 3.64 144.48 6183096
dry 1e4 2 46 - 0.03 0.11 26432
aoDLAV 1e4 2 46 - 0.03 0.17 31864
aoULAV 1e4 2 46 - 0.03 0.17 31876
aoD2AG 1e4 2 46 - 0.03 0.18 31888
aoD2SG 1e4 2 46 - 0.03 0.18 31988
moore 1e4 2 46 - 1.35 1173.30 2960572
nbpm 1e4 2 46 - 7.48 355.11 7889416
greedy 1e4 2 46 - 6.42 264.65 10968568
dry 2e7 2 112 - 0.28 0.76 420796
aoDLAV 2e7 2 112 - 1.90 105.08 2987068
aoULAV 2e7 2 112 - 1.79 113.00 2987068
aoD2AG 2e7 2 112 - 4.33 161.89 4387628
aoD2SG 2e7 2 112 - 3.82 196.74 4545652
dry 25e2 2 194 - 0.03 0.11 26080
aoDLAV 25e2 2 194 - 0.03 0.15 30456
aoULAV 25e2 2 194 - 0.03 0.15 30464
aoD2AG 25e2 2 194 - 0.02 0.16 30992
aoD2SG 25e2 2 194 - 0.03 0.15 31032
moore 25e2 2 194 - 0.10 41.92 213596
nbpm 25e2 2 194 - 0.56 13.18 541640
greedy 25e2 2 194 - 0.41 9.78 713664
dry 75e2 2 67 - 0.02 0.11 26328
aoDLAV 75e2 2 67 - 0.02 0.17 31376
aoULAV 75e2 2 67 - 0.02 0.16 31388
aoD2AG 75e2 2 67 - 0.02 0.17 31380
aoD2SG 75e2 2 67 - 0.03 0.18 31380
moore 75e2 2 67 - 0.91 424.30 1688792
nbpm 75e2 2 67 - 4.19 171.53 4242128
greedy 75e2 2 67 - 3.63 155.55 6183092
dry 6e7 2 24 - 0.67 1.93 1202044
aoDLAV 6e7 2 24 - 5.17 365.26 8924560
aoULAV 6e7 2 24 - 6.14 374.42 8924560
aoD2AG 6e7 2 24 - 11.81 599.26 13119348
aoD2SG 6e7 2 24 - 12.89 639.81 13597164
dry 56e6 2 126 - 0.63 1.79 1123924
aoDLAV 56e6 2 126 - 5.09 342.54 8330816
aoULAV 56e6 2 126 - 6.43 364.01 8330816
aoD2AG 56e6 2 126 - 11.18 506.00 12249396
aoD2SG 56e6 2 126 - 11.83 601.85 12694104
dry 4e7 2 75 - 0.47 1.33 811428
aoDLAV 4e7 2 75 - 3.39 228.76 5955816
aoULAV 4e7 2 75 - 3.66 260.53 5955816
aoD2AG 4e7 2 75 - 8.63 344.42 8754368
aoD2SG 4e7 2 75 - 8.52 412.16 9071704
dry 4e7 2 49 - 0.51 1.31 811424
aoDLAV 4e7 2 49 - 3.27 228.86 5955816
aoULAV 4e7 2 49 - 4.38 248.89 5955816
aoD2AG 4e7 2 49 - 7.93 340.51 8752452
aoD2SG 4e7 2 49 - 8.00 398.29 9071252
dry 3e7 2 243 - 0.36 1.04 616104
aoDLAV 3e7 2 243 - 2.62 174.70 4471428
aoULAV 3e7 2 243 - 3.43 179.41 4471428
aoD2AG 3e7 2 243 - 4.93 249.83 6572500
aoD2SG 3e7 2 243 - 6.16 285.18 6811208
dry 18e6 2 126 - 0.22 0.68 381736
aoDLAV 18e6 2 126 - 1.55 98.70 2690192
aoULAV 18e6 2 126 - 1.60 101.37 2690192
aoD2AG 18e6 2 126 - 3.58 146.24 3950472
aoD2SG 18e6 2 126 - 3.39 172.60 4094308
dry 18e2 2 205 - 0.02 0.12 26052
aoDLAV 18e2 2 205 - 0.02 0.15 30372
aoULAV 18e2 2 205 - 0.02 0.15 30388
aoD2AG 18e2 2 205 - 0.03 0.15 30776
aoD2SG 18e2 2 205 - 0.03 0.15 30816
moore 18e2 2 205 - 0.07 16.22 125408
nbpm 18e2 2 205 - 0.22 7.56 334528
greedy 18e2 2 205 - 0.24 3.64 384356
dry 3e7 2 140 - 0.33 1.05 616104
aoDLAV 3e7 2 140 - 2.54 175.91 4471428
aoULAV 3e7 2 140 - 3.32 187.19 4471428
aoD2AG 3e7 2 140 - 5.56 256.31 6572592
aoD2SG 3e7 2 140 - 6.28 290.56 6810848
dry 32e6 2 80 - 0.45 1.07 655176
aoDLAV 32e6 2 80 - 2.79 178.17 4768324
aoULAV 32e6 2 80 - 3.61 192.88 4768324
aoD2AG 32e6 2 80 - 5.56 268.53 7006580
aoD2SG 32e6 2 80 - 6.95 311.85 7262800
dry 2e7 2 201 - 0.28 0.74 420796
aoDLAV 2e7 2 201 - 1.72 107.49 2987100
aoULAV 2e7 2 201 - 2.17 113.43 2987068
aoD2AG 2e7 2 201 - 3.69 159.14 4388132
aoD2SG 2e7 2 201 - 4.31 190.92 4545976
dry 56e6 2 179 - 0.69 1.77 1123924
aoDLAV 56e6 2 179 - 5.00 372.93 8330820
aoULAV 56e6 2 179 - 6.08 362.14 8330816
aoD2AG 56e6 2 179 - 11.39 512.67 12246556
aoD2SG 56e6 2 179 - 11.81 575.62 12694592
dry 2e7 2 88 - 0.28 0.75 420796
aoDLAV 2e7 2 88 - 1.65 106.33 2987072
aoULAV 2e7 2 88 - 1.73 114.15 2987068
aoD2AG 2e7 2 88 - 3.47 158.65 4388816
aoD2SG 2e7 2 88 - 4.26 187.75 4549348
dry 32e2 2 59 - 0.03 0.12 26112
aoDLAV 32e2 2 59 - 0.03 0.15 30540
aoULAV 32e2 2 59 - 0.02 0.15 30548
aoD2AG 32e2 2 59 - 0.03 0.15 31204
aoD2SG 32e2 2 59 - 0.03 0.15 31252
moore 32e2 2 59 - 0.16 46.85 330520
nbpm 32e2 2 59 - 0.83 20.86 854760
greedy 32e2 2 59 - 0.72 21.63 1150164
dry 18e2 2 120 - 0.02 0.12 26048
aoDLAV 18e2 2 120 - 0.03 0.15 30372
aoULAV 18e2 2 120 - 0.03 0.15 30388
aoD2AG 18e2 2 120 - 0.03 0.16 30792
aoD2SG 18e2 2 120 - 0.03 0.16 30828
moore 18e2 2 120 - 0.07 5.76 125444
nbpm 18e2 2 120 - 0.18 7.42 334536
greedy 18e2 2 120 - 0.23 4.08 384352
dry 2e7 2 244 - 0.25 0.75 420800
aoDLAV 2e7 2 244 - 1.64 107.98 2987068
aoULAV 2e7 2 244 - 1.68 113.25 2987068
aoD2AG 2e7 2 244 - 3.98 160.17 4387832
aoD2SG 2e7 2 244 - 3.67 190.03 4545856
dry 3e7 2 179 - 0.34 1.04 616104
aoDLAV 3e7 2 179 - 2.43 166.97 4471432
aoULAV 3e7 2 179 - 3.47 174.61 4471428
aoD2AG 3e7 2 179 - 5.28 254.40 6570256
aoD2SG 3e7 2 179 - 6.08 289.36 6810180
dry 32e2 2 149 - 0.03 0.12 26116
aoDLAV 32e2 2 149 - 0.02 0.15 30540
aoULAV 32e2 2 149 - 0.03 0.15 30548
aoD2AG 32e2 2 149 - 0.03 0.15 31232
aoD2SG 32e2 2 149 - 0.02 0.16 31272
moore 32e2 2 149 - 0.46 99.99 330520
nbpm 32e2 2 149 - 0.91 20.19 854756
greedy 32e2 2 149 - 0.83 25.94 1150168
dry 7e7 2 174 - 0.79 2.26 1397356
aoDLAV 7e7 2 174 - 5.83 433.39 10408940
aoULAV 7e7 2 174 - 8.18 479.79 10408940
aoD2AG 7e7 2 174 - 13.70 645.05 15307352
aoD2SG 7e7 2 174 - 14.90 794.12 15864536
dry 5e7 2 10 - 0.61 1.60 1006736
aoDLAV 5e7 2 10 - 4.21 337.65 7440196
aoULAV 5e7 2 10 - 5.21 306.73 7440196
aoD2AG 5e7 2 10 - 9.48 444.67 10937108
aoD2SG 5e7 2 10 - 10.41 533.04 11336640
dry 50e2 2 231 - 0.02 0.12 26208
aoDLAV 50e2 2 231 - 0.03 0.15 30848
aoULAV 50e2 2 231 - 0.03 0.15 30860
aoD2AG 50e2 2 231 - 0.03 0.15 31772
aoD2SG 50e2 2 231 - 0.03 0.17 31908
moore 50e2 2 231 - 0.80 233.86 764620
nbpm 50e2 2 231 - 1.89 57.81 2011964
greedy 50e2 2 231 - 1.57 61.19 2764784
dry 1e4 10 174 - 0.03 0.11 27688
aoDLAV 1e4 10 174 - 0.04 0.67 32764
aoULAV 1e4 10 174 - 0.03 0.67 32776
aoD2AG 1e4 10 174 - 0.03 0.70 32748
aoD2SG 1e4 10 174 - 0.03 0.77 34176
moore 1e4 10 174 - 1.13 1543.53 2963856
nbpm 1e4 10 174 - 7.76 764.52 7764384
greedy 1e4 10 174 - 6.43 270.89 10961112
dry 1e4 10 241 - 0.03 0.12 27688
aoDLAV 1e4 10 241 - 0.04 0.67 32768
aoULAV 1e4 10 241 - 0.03 0.72 32776
aoD2AG 1e4 10 241 - 0.02 0.71 32748
aoD2SG 1e4 10 241 - 0.03 0.77 34176
moore 1e4 10 241 - 1.17 1317.49 2963856
nbpm 1e4 10 241 - 7.81 670.96 7764388
greedy 1e4 10 241 - 6.76 272.25 10961108
dry 1e4 2 89 - 0.03 0.11 26432
aoDLAV 1e4 2 89 - 0.03 0.17 31868
aoULAV 1e4 2 89 - 0.02 0.18 31876
aoD2AG 1e4 2 89 - 0.03 0.20 31876
aoD2SG 1e4 2 89 - 0.03 0.20 31988
moore 1e4 2 89 - 1.16 1081.20 2960572
nbpm 1e4 2 89 - 7.43 351.76 7889416
greedy 1e4 2 89 - 6.78 269.62 10968568
dry 2e7 2 175 - 0.27 0.74 420796
aoDLAV 2e7 2 175 - 1.84 133.51 2987072
aoULAV 2e7 2 175 - 2.23 116.50 2987068
aoD2AG 2e7 2 175 - 3.53 158.02 4385652
aoD2SG 2e7 2 175 - 4.26 187.87 4546216
dry 32e2 2 133 - 0.03 0.11 26116
aoDLAV 32e2 2 133 - 0.03 0.15 30540
aoULAV 32e2 2 133 - 0.02 0.15 30552
aoD2AG 32e2 2 133 - 0.03 0.16 31188
aoD2SG 32e2 2 133 - 0.03 0.16 31244
moore 32e2 2 133 - 0.17 37.02 330520
nbpm 32e2 2 133 - 0.90 19.19 854760
greedy 32e2 2 133 - 0.73 26.88 1150168
dry 2e7 2 202 - 0.27 0.76 420800
aoDLAV 2e7 2 202 - 1.72 112.77 2987068
aoULAV 2e7 2 202 - 1.73 115.68 2987068
aoD2AG 2e7 2 202 - 4.08 159.13 4388152
aoD2SG 2e7 2 202 - 3.73 190.21 4546140
dry 56e2 2 69 - 0.02 0.12 26236
aoDLAV 56e2 2 69 - 0.02 0.16 30976
aoULAV 56e2 2 69 - 0.03 0.15 30992
aoD2AG 56e2 2 69 - 0.02 0.18 31972
aoD2SG 56e2 2 69 - 0.03 0.17 31120
moore 56e2 2 69 - 0.46 183.74 952724
nbpm 56e2 2 69 - 2.40 74.00 2388092
greedy 56e2 2 69 - 1.99 81.07 3460488
dry 2e7 2 199 - 0.26 0.78 420796
aoDLAV 2e7 2 199 - 1.67 112.61 2987072
aoULAV 2e7 2 199 - 1.87 117.55 2987072
aoD2AG 2e7 2 199 - 4.19 172.74 4384104
aoD2SG 2e7 2 199 - 3.80 193.55 4547836
dry 25e2 2 154 - 0.02 0.12 26084
aoDLAV 25e2 2 154 - 0.03 0.15 30452
aoULAV 25e2 2 154 - 0.03 0.14 30464
aoD2AG 25e2 2 154 - 0.03 0.15 30980
aoD2SG 25e2 2 154 - 0.02 0.15 31024
moore 25e2 2 154 - 0.09 34.34 213604
nbpm 25e2 2 154 - 0.60 12.63 541648
greedy 25e2 2 154 - 0.42 10.60 713664
dry 6e7 2 126 - 0.67 1.90 1202044
aoDLAV 6e7 2 126 - 5.07 376.45 8924560
aoULAV 6e7 2 126 - 6.77 373.61 8924564
aoD2AG 6e7 2 126 - 11.92 534.66 13123208
aoD2SG 6e7 2 126 - 13.04 632.91 13601944
dry 3e7 2 110 - 0.39 1.03 616104
aoDLAV 3e7 2 110 - 2.64 169.64 4471428
aoULAV 3e7 2 110 - 2.68 177.33 4471456
aoD2AG 3e7 2 110 - 5.98 246.33 6570920
aoD2SG 3e7 2 110 - 6.36 284.47 6810280
dry 18e6 2 194 - 0.23 0.69 381740
aoDLAV 18e6 2 194 - 1.54 94.38 2690196
aoULAV 18e6 2 194 - 1.41 100.44 2690192
aoD2AG 18e6 2 194 - 3.16 144.03 3951920
aoD2SG 18e6 2 194 - 3.94 169.11 4094536
dry 18e6 2 83 - 0.24 0.70 381736
aoDLAV 18e6 2 83 - 1.66 95.11 2690192
aoULAV 18e6 2 83 - 1.95 101.66 2690192
aoD2AG 18e6 2 83 - 3.32 141.11 3948552
aoD2SG 18e6 2 83 - 3.80 169.83 4094296
