dry 1e3 10 31 - 0.02 0.11 26136
aoDLAV 1e3 10 31 - 0.01 0.16 30652
aoULAV 1e3 10 31 - 0.03 0.15 30664
aoD2AG 1e3 10 31 - 0.02 0.16 31060
aoD2SG 1e3 10 31 - 0.02 0.16 31084
moore 1e3 10 31 - 0.04 4.10 59840
nbpm 1e3 10 31 - 0.12 5.20 136140
greedy 1e3 10 31 - 0.09 0.96 139616
dry 1e5 2 98 - 0.03 0.12 30800
aoDLAV 1e5 2 98 - 0.03 0.39 34804
aoULAV 1e5 2 98 - 0.02 0.37 35320
aoD2AG 1e5 2 98 - 0.04 0.46 42600
aoD2SG 1e5 2 98 - 0.04 0.53 43796
dry 18e1 2 69 - 0.02 0.11 26004
aoDLAV 18e1 2 69 - 0.03 0.14 30184
aoULAV 18e1 2 69 - 0.02 0.14 30200
aoD2AG 18e1 2 69 - 0.02 0.13 30356
aoD2SG 18e1 2 69 - 0.03 0.13 30364
moore 18e1 2 69 - 0.02 0.25 30496
nbpm 18e1 2 69 - 0.08 2.09 54444
greedy 18e1 2 69 - 0.03 0.15 33348
dry 5e4 5 146 - 0.02 0.13 31808
aoDLAV 5e4 5 146 - 0.03 0.58 34704
aoULAV 5e4 5 146 - 0.03 0.57 34708
aoD2AG 5e4 5 146 - 0.03 0.67 37728
aoD2SG 5e4 5 146 - 0.04 0.78 37936
dry 325e2 2 130 - 0.03 0.11 27316
aoDLAV 325e2 2 130 - 0.03 0.21 31372
aoULAV 325e2 2 130 - 0.03 0.21 32084
aoD2AG 325e2 2 130 - 0.03 0.25 35000
aoD2SG 325e2 2 130 - 0.03 0.24 34756
dry 56e1 2 175 - 0.02 0.11 26008
aoDLAV 56e1 2 175 - 0.03 0.13 30220
aoULAV 56e1 2 175 - 0.03 0.13 30232
aoD2AG 56e1 2 175 - 0.02 0.14 30416
aoD2SG 56e1 2 175 - 0.02 0.14 30424
moore 56e1 2 175 - 0.03 0.82 39684
nbpm 56e1 2 175 - 0.11 2.79 78704
greedy 56e1 2 175 - 0.04 0.37 64104
dry 56e3 2 185 - 0.02 0.12 30208
aoDLAV 56e3 2 185 - 0.03 0.26 33476
aoULAV 56e3 2 185 - 0.02 0.27 34696
aoD2AG 56e3 2 185 - 0.02 0.33 37284
aoD2SG 56e3 2 185 - 0.03 0.36 37304
dry 1e5 2 26 - 0.02 0.13 30568
aoDLAV 1e5 2 26 - 0.03 0.42 34800
aoULAV 1e5 2 26 - 0.03 0.43 35320
aoD2AG 1e5 2 26 - 0.04 0.53 42600
aoD2SG 1e5 2 26 - 0.03 0.60 43800
dry 1e5 5 56 - 0.03 0.13 34476
aoDLAV 1e5 5 56 - 0.05 1.43 41820
aoULAV 1e5 5 56 - 0.04 1.41 43572
aoD2AG 1e5 5 56 - 0.04 1.54 53560
aoD2SG 1e5 5 56 - 0.06 1.79 53196
dry 18e1 2 62 - 0.02 0.11 26004
aoDLAV 18e1 2 62 - 0.03 0.13 30184
aoULAV 18e1 2 62 - 0.03 0.13 30196
aoD2AG 18e1 2 62 - 0.02 0.14 30360
aoD2SG 18e1 2 62 - 0.03 0.14 30364
moore 18e1 2 62 - 0.03 0.30 30488
nbpm 18e1 2 62 - 0.07 2.30 54436
greedy 18e1 2 62 - 0.02 0.16 33348
dry 1e6 10 244 - 0.08 0.43 112232
aoDLAV 1e6 10 244 - 0.20 362.19 369888
aoULAV 1e6 10 244 - 0.29 358.44 369884
aoD2AG 1e6 10 244 - 0.38 350.10 447992
aoD2SG 1e6 10 244 - 0.40 414.93 457008
dry 1e6 10 32 - 0.07 0.39 112232
aoDLAV 1e6 10 32 - 0.19 350.95 369884
aoULAV 1e6 10 32 - 0.29 380.59 369988
aoD2AG 1e6 10 32 - 0.38 381.88 447844
aoD2SG 1e6 10 32 - 0.44 456.32 459576
dry 1e5 10 35 - 0.03 0.18 38400
aoDLAV 1e5 10 35 - 0.05 20.57 53540
aoULAV 1e5 10 35 - 0.04 21.06 55308
aoD2AG 1e5 10 35 - 0.05 21.02 62648
aoD2SG 1e5 10 35 - 0.05 23.49 66832
dry 1e5 10 195 - 0.03 0.18 38400
aoDLAV 1e5 10 195 - 0.05 20.19 53536
aoULAV 1e5 10 195 - 0.04 19.44 55312
aoD2AG 1e5 10 195 - 0.06 19.42 62652
aoD2SG 1e5 10 195 - 0.05 22.21 66832
dry 56e4 2 246 - 0.03 0.18 41104
aoDLAV 56e4 2 246 - 0.08 1.93 107984
aoULAV 56e4 2 246 - 0.08 2.00 107984
aoD2AG 56e4 2 246 - 0.11 2.89 139080
aoD2SG 56e4 2 246 - 0.12 3.22 143988
dry 1e3 5 208 - 0.03 0.11 26060
aoDLAV 1e3 5 208 - 0.02 0.15 30424
aoULAV 1e3 5 208 - 0.02 0.15 30440
aoD2AG 1e3 5 208 - 0.02 0.15 30756
aoD2SG 1e3 5 208 - 0.03 0.14 30772
moore 1e3 5 208 - 0.04 5.19 59800
nbpm 1e3 5 208 - 0.15 4.98 129244
greedy 1e3 5 208 - 0.08 1.05 139388
dry 1e6 10 34 - 0.07 0.41 112232
aoDLAV 1e6 10 34 - 0.26 390.47 369888
aoULAV 1e6 10 34 - 0.31 385.92 369884
aoD2AG 1e6 10 34 - 0.41 378.94 447188
aoD2SG 1e6 10 34 - 0.43 450.13 458944
dry 1e5 5 97 - 0.03 0.13 34480
aoDLAV 1e5 5 97 - 0.04 1.59 41820
aoULAV 1e5 5 97 - 0.04 1.59 43568
aoD2AG 1e5 5 97 - 0.04 1.74 54012
aoD2SG 1e5 5 97 - 0.07 1.94 53196
dry 32e3 2 231 - 0.02 0.12 27296
aoDLAV 32e3 2 231 - 0.03 0.24 31440
aoULAV 32e3 2 231 - 0.03 0.24 32148
aoD2AG 32e3 2 231 - 0.03 0.24 35024
aoD2SG 32e3 2 231 - 0.04 0.27 34788
dry 400e2 2 212 - 0.02 0.12 27616
aoDLAV 400e2 2 212 - 0.03 0.24 32236
aoULAV 400e2 2 212 - 0.02 0.27 33112
aoD2AG 400e2 2 212 - 0.03 0.29 36076
aoD2SG 400e2 2 212 - 0.03 0.29 35928
dry 1e6 5 183 - 0.07 0.25 73156
aoDLAV 1e6 5 183 - 0.15 18.21 252688
aoULAV 1e6 5 183 - 0.14 18.69 252772
aoD2AG 1e6 5 183 - 0.22 20.41 323180
aoD2SG 1e6 5 183 - 0.20 23.47 333268
dry 32e1 2 250 - 0.02 0.12 26004
aoDLAV 32e1 2 250 - 0.02 0.15 30200
aoULAV 32e1 2 250 - 0.02 0.14 30212
aoD2AG 32e1 2 250 - 0.03 0.14 30376
aoD2SG 32e1 2 250 - 0.03 0.14 30388
moore 32e1 2 250 - 0.03 0.71 33688
nbpm 32e1 2 250 - 0.09 2.29 58308
greedy 32e1 2 250 - 0.03 0.21 40972
dry 1e5 10 115 - 0.04 0.18 38400
aoDLAV 1e5 10 115 - 0.05 23.01 53536
aoULAV 1e5 10 115 - 0.05 23.48 55316
aoD2AG 1e5 10 115 - 0.06 23.36 62704
aoD2SG 1e5 10 115 - 0.06 26.51 66832
dry 1e3 2 218 - 0.02 0.11 26020
aoDLAV 1e3 2 218 - 0.03 0.14 30280
aoULAV 1e3 2 218 - 0.03 0.14 30292
aoD2AG 1e3 2 218 - 0.03 0.14 30540
aoD2SG 1e3 2 218 - 0.03 0.14 30560
moore 1e3 2 218 - 0.04 5.14 59776
nbpm 1e3 2 218 - 0.11 4.17 138560
greedy 1e3 2 218 - 0.06 1.08 139244
dry 375e2 2 25 - 0.03 0.11 29036
aoDLAV 375e2 2 25 - 0.03 0.23 31784
aoULAV 375e2 2 25 - 0.03 0.24 32608
aoD2AG 375e2 2 25 - 0.03 0.28 35516
aoD2SG 375e2 2 25 - 0.03 0.29 35532
dry 225e2 2 72 - 0.02 0.12 28748
aoDLAV 225e2 2 72 - 0.03 0.19 30980
aoULAV 225e2 2 72 - 0.03 0.19 30992
aoD2AG 225e2 2 72 - 0.02 0.22 33372
aoD2SG 225e2 2 72 - 0.03 0.22 33460
dry 18e4 2 58 - 0.03 0.13 33104
aoDLAV 18e4 2 58 - 0.04 0.80 47864
aoULAV 18e4 2 58 - 0.03 0.81 47896
aoD2AG 18e4 2 58 - 0.05 1.03 58752
aoD2SG 18e4 2 58 - 0.06 1.13 59792
dry 56e1 2 144 - 0.02 0.11 26008
aoDLAV 56e1 2 144 - 0.02 0.14 30220
aoULAV 56e1 2 144 - 0.03 0.14 30232
aoD2AG 56e1 2 144 - 0.03 0.14 30416
aoD2SG 56e1 2 144 - 0.03 0.14 30424
moore 56e1 2 144 - 0.04 1.64 39664
nbpm 56e1 2 144 - 0.11 2.98 78716
greedy 56e1 2 144 - 0.04 0.40 64104
dry 1e5 10 90 - 0.04 0.18 38396
aoDLAV 1e5 10 90 - 0.09 22.49 53536
aoULAV 1e5 10 90 - 0.05 24.00 55308
aoD2AG 1e5 10 90 - 0.09 23.52 62608
aoD2SG 1e5 10 90 - 0.13 27.02 66832
dry 32e4 2 218 - 0.03 0.17 36424
aoDLAV 32e4 2 218 - 0.06 1.36 70828
aoULAV 32e4 2 218 - 0.06 1.32 70840
aoD2AG 32e4 2 218 - 0.07 1.82 88216
aoD2SG 32e4 2 218 - 0.09 1.98 91536
dry 325e2 2 210 - 0.02 0.12 30776
aoDLAV 325e2 2 210 - 0.03 0.23 31372
aoULAV 325e2 2 210 - 0.03 0.23 32088
aoD2AG 325e2 2 210 - 0.03 0.26 35000
aoD2SG 325e2 2 210 - 0.03 0.27 34760
dry 1e3 2 233 - 0.02 0.11 26020
aoDLAV 1e3 2 233 - 0.03 0.14 30280
aoULAV 1e3 2 233 - 0.03 0.14 30296
aoD2AG 1e3 2 233 - 0.02 0.15 30540
aoD2SG 1e3 2 233 - 0.02 0.15 30548
moore 1e3 2 233 - 0.04 2.35 59804
nbpm 1e3 2 233 - 0.13 4.14 138560
greedy 1e3 2 233 - 0.08 1.06 139248
dry 56e1 2 122 - 0.02 0.12 26012
aoDLAV 56e1 2 122 - 0.02 0.15 30220
aoULAV 56e1 2 122 - 0.03 0.14 30232
aoD2AG 56e1 2 122 - 0.02 0.15 30452
aoD2SG 56e1 2 122 - 0.02 0.15 30428
moore 56e1 2 122 - 0.04 2.34 39652
nbpm 56e1 2 122 - 0.10 2.99 78704
greedy 56e1 2 122 - 0.04 0.40 64104
dry 1e6 5 153 - 0.06 0.28 73156
aoDLAV 1e6 5 153 - 0.14 20.34 252688
aoULAV 1e6 5 153 - 0.13 20.50 252692
aoD2AG 1e6 5 153 - 0.32 22.37 323688
aoD2SG 1e6 5 153 - 0.34 25.90 333568
dry 56e1 2 80 - 0.02 0.12 26012
aoDLAV 56e1 2 80 - 0.03 0.14 30220
aoULAV 56e1 2 80 - 0.03 0.14 30232
aoD2AG 56e1 2 80 - 0.03 0.13 30416
aoD2SG 56e1 2 80 - 0.02 0.15 30424
moore 56e1 2 80 - 0.04 1.13 39684
nbpm 56e1 2 80 - 0.13 2.97 78704
greedy 56e1 2 80 - 0.05 0.39 64104
dry 225e2 2 188 - 0.02 0.12 28860
aoDLAV 225e2 2 188 - 0.02 0.21 30980
aoULAV 225e2 2 188 - 0.02 0.21 30992
aoD2AG 225e2 2 188 - 0.03 0.21 33372
aoD2SG 225e2 2 188 - 0.03 0.22 33464
dry 18e1 2 208 - 0.02 0.12 26004
aoDLAV 18e1 2 208 - 0.02 0.15 30184
aoULAV 18e1 2 208 - 0.03 0.14 30196
aoD2AG 18e1 2 208 - 0.03 0.14 30356
aoD2SG 18e1 2 208 - 0.03 0.14 30364
moore 18e1 2 208 - 0.04 0.38 30496
nbpm 18e1 2 208 - 0.07 2.21 54444
greedy 18e1 2 208 - 0.03 0.16 33352
dry 1e3 2 205 - 0.02 0.12 26020
aoDLAV 1e3 2 205 - 0.03 0.14 30284
aoULAV 1e3 2 205 - 0.03 0.15 30292
aoD2AG 1e3 2 205 - 0.03 0.15 30540
aoD2SG 1e3 2 205 - 0.02 0.15 30556
moore 1e3 2 205 - 0.04 4.15 59776
nbpm 1e3 2 205 - 0.11 4.18 138564
greedy 1e3 2 205 - 0.09 1.05 139244
dry 32e4 2 48 - 0.04 0.16 36424
aoDLAV 32e4 2 48 - 0.06 1.28 70828
aoULAV 32e4 2 48 - 0.06 1.34 70844
aoD2AG 32e4 2 48 - 0.07 1.81 88820
aoD2SG 32e4 2 48 - 0.07 2.03 90768
dry 1e6 10 20 - 0.08 0.41 112232
aoDLAV 1e6 10 20 - 1.12 381.16 369888
aoULAV 1e6 10 20 - 0.46 543.46 369992
aoD2AG 1e6 10 20 - 0.41 386.47 448100
aoD2SG 1e6 10 20 - 0.44 470.65 459996
dry 56e4 2 63 - 0.04 0.18 41104
aoDLAV 56e4 2 63 - 0.09 2.06 107984
aoULAV 56e4 2 63 - 0.08 2.18 107984
aoD2AG 56e4 2 63 - 0.12 3.17 140236
aoD2SG 56e4 2 63 - 0.10 3.55 144068
dry 400e2 2 111 - 0.02 0.12 27616
aoDLAV 400e2 2 111 - 0.04 0.22 32236
aoULAV 400e2 2 111 - 0.03 0.23 33112
aoD2AG 400e2 2 111 - 0.03 0.27 36080
aoD2SG 400e2 2 111 - 0.03 0.29 35928
dry 275e2 2 143 - 0.01 0.12 29012
aoDLAV 275e2 2 143 - 0.03 0.20 31240
aoULAV 275e2 2 143 - 0.02 0.22 31576
aoD2AG 275e2 2 143 - 0.03 0.22 34696
aoD2SG 275e2 2 143 - 0.04 0.23 34812
dry 1e5 10 234 - 0.04 0.17 38400
aoDLAV 1e5 10 234 - 0.05 22.88 53540
aoULAV 1e5 10 234 - 0.06 23.08 55312
aoD2AG 1e5 10 234 - 0.05 20.21 62668
aoD2SG 1e5 10 234 - 0.06 22.68 66836
dry 1e6 5 237 - 0.06 0.27 73152
aoDLAV 1e6 5 237 - 0.14 17.94 252692
aoULAV 1e6 5 237 - 0.15 18.22 252688
aoD2AG 1e6 5 237 - 0.21 20.40 324756
aoD2SG 1e6 5 237 - 0.21 23.39 332176
dry 400e2 2 119 - 0.03 0.11 27620
aoDLAV 400e2 2 119 - 0.02 0.24 32236
aoULAV 400e2 2 119 - 0.02 0.24 33116
aoD2AG 400e2 2 119 - 0.03 0.28 36076
aoD2SG 400e2 2 119 - 0.03 0.28 35928
dry 1e5 5 122 - 0.03 0.13 34480
aoDLAV 1e5 5 122 - 0.04 1.46 41820
aoULAV 1e5 5 122 - 0.04 1.47 43568
aoD2AG 1e5 5 122 - 0.06 1.60 53560
aoD2SG 1e5 5 122 - 0.05 2.01 53200
dry 5e4 5 8 - 0.03 0.13 30508
aoDLAV 5e4 5 8 - 0.04 0.72 34704
aoULAV 5e4 5 8 - 0.03 0.73 34704
aoD2AG 5e4 5 8 - 0.04 0.78 37728
aoD2SG 5e4 5 8 - 0.04 0.93 37936
dry 1e6 10 168 - 0.07 0.42 112236
aoDLAV 1e6 10 168 - 0.18 380.43 369884
aoULAV 1e6 10 168 - 0.32 444.08 369892
aoD2AG 1e6 10 168 - 0.39 358.53 447244
aoD2SG 1e6 10 168 - 0.41 419.40 459632
