dry 1e6 2 189 - 0.05 0.23 49704
aoDLAV 1e6 2 189 - 0.15 2.78 178456
aoULAV 1e6 2 189 - 0.12 2.61 178460
aoD2AG 1e6 2 189 - 0.17 3.92 233164
aoD2SG 1e6 2 189 - 0.19 4.46 242912
dry 350e2 2 7 - 0.03 0.19 27416
aoDLAV 350e2 2 7 - 0.04 0.24 31484
aoULAV 350e2 2 7 - 0.03 0.28 32260
aoD2AG 350e2 2 7 - 0.05 0.31 34848
aoD2SG 350e2 2 7 - 0.05 0.28 35132
dry 1e2 10 61 - 0.03 0.13 26012
aoDLAV 1e2 10 61 - 0.03 0.17 30260
aoULAV 1e2 10 61 - 0.04 0.16 30272
aoD2AG 1e2 10 61 - 0.03 0.17 30440
aoD2SG 1e2 10 61 - 0.03 0.17 30448
moore 1e2 10 61 - 0.03 0.25 30496
nbpm 1e2 10 61 - 0.10 2.26 53076
greedy 1e2 10 61 - 0.03 0.16 30972
dry 1e3 2 100 - 0.02 0.14 26020
aoDLAV 1e3 2 100 - 0.03 0.17 30280
aoULAV 1e3 2 100 - 0.03 0.17 30292
aoD2AG 1e3 2 100 - 0.03 0.16 30544
aoD2SG 1e3 2 100 - 0.02 0.16 30560
moore 1e3 2 100 - 0.04 4.01 59768
nbpm 1e3 2 100 - 0.12 3.64 138552
greedy 1e3 2 100 - 0.08 0.92 139248
dry 1e6 5 171 - 0.04 0.21 73152
aoDLAV 1e6 5 171 - 0.12 14.36 252688
aoULAV 1e6 5 171 - 0.12 24.38 252688
aoD2AG 1e6 5 171 - 0.21 18.99 324748
aoD2SG 1e6 5 171 - 0.20 22.94 333372
dry 1e6 10 9 - 0.08 0.39 112232
aoDLAV 1e6 10 9 - 0.19 342.36 369924
aoULAV 1e6 10 9 - 0.30 345.18 369884
aoD2AG 1e6 10 9 - 0.40 362.07 447896
aoD2SG 1e6 10 9 - 0.41 411.38 457588
dry 375e2 2 23 - 0.03 0.11 29172
aoDLAV 375e2 2 23 - 0.04 0.22 31784
aoULAV 375e2 2 23 - 0.03 0.23 32604
aoD2AG 375e2 2 23 - 0.03 0.27 35516
aoD2SG 375e2 2 23 - 0.03 0.28 35528
dry 56e4 2 194 - 0.03 0.18 41104
aoDLAV 56e4 2 194 - 0.07 1.94 107988
aoULAV 56e4 2 194 - 0.08 2.04 107984
aoD2AG 56e4 2 194 - 0.11 2.88 139672
aoD2SG 56e4 2 194 - 0.12 3.18 143724
dry 5e4 2 72 - 0.02 0.12 29580
aoDLAV 5e4 2 72 - 0.03 0.27 33012
aoULAV 5e4 2 72 - 0.04 0.26 33316
aoD2AG 5e4 2 72 - 0.03 0.33 36412
aoD2SG 5e4 2 72 - 0.04 0.34 36424
dry 375e2 2 34 - 0.03 0.11 30876
aoDLAV 375e2 2 34 - 0.02 0.24 31788
aoULAV 375e2 2 34 - 0.03 0.22 32604
aoD2AG 375e2 2 34 - 0.04 0.26 35520
aoD2SG 375e2 2 34 - 0.04 0.28 35528
dry 250e2 2 34 - 0.03 0.12 27020
aoDLAV 250e2 2 34 - 0.03 0.20 31112
aoULAV 250e2 2 34 - 0.03 0.20 31212
aoD2AG 250e2 2 34 - 0.03 0.22 33860
aoD2SG 250e2 2 34 - 0.03 0.23 33968
dry 1e5 5 60 - 0.04 0.13 34476
aoDLAV 1e5 5 60 - 0.04 1.46 41816
aoULAV 1e5 5 60 - 0.04 1.46 43568
aoD2AG 1e5 5 60 - 0.05 1.58 53564
aoD2SG 1e5 5 60 - 0.04 1.79 53196
dry 5e4 2 134 - 0.03 0.12 29464
aoDLAV 5e4 2 134 - 0.04 0.26 33008
aoULAV 5e4 2 134 - 0.03 0.27 33344
aoD2AG 5e4 2 134 - 0.03 0.33 36408
aoD2SG 5e4 2 134 - 0.04 0.34 36424
dry 56e3 2 241 - 0.03 0.12 28236
aoDLAV 56e3 2 241 - 0.04 0.27 33480
aoULAV 56e3 2 241 - 0.03 0.29 34696
aoD2AG 56e3 2 241 - 0.04 0.34 37280
aoD2SG 56e3 2 241 - 0.04 0.37 37296
dry 1e2 2 216 - 0.03 0.11 25996
aoDLAV 1e2 2 216 - 0.02 0.15 30168
aoULAV 1e2 2 216 - 0.03 0.14 30180
aoD2AG 1e2 2 216 - 0.03 0.14 30336
aoD2SG 1e2 2 216 - 0.03 0.14 30344
moore 1e2 2 216 - 0.04 0.21 30492
nbpm 1e2 2 216 - 0.07 2.24 53012
greedy 1e2 2 216 - 0.02 0.15 30880
dry 1e3 2 195 - 0.02 0.12 26020
aoDLAV 1e3 2 195 - 0.03 0.14 30280
aoULAV 1e3 2 195 - 0.03 0.15 30292
aoD2AG 1e3 2 195 - 0.03 0.15 30540
aoD2SG 1e3 2 195 - 0.03 0.14 30564
moore 1e3 2 195 - 0.05 2.95 59800
nbpm 1e3 2 195 - 0.12 4.15 138552
greedy 1e3 2 195 - 0.09 1.06 139244
dry 1e2 5 91 - 0.03 0.11 26000
aoDLAV 1e2 5 91 - 0.03 0.14 30216
aoULAV 1e2 5 91 - 0.03 0.14 30224
aoD2AG 1e2 5 91 - 0.03 0.14 30388
aoD2SG 1e2 5 91 - 0.02 0.15 30388
moore 1e2 5 91 - 0.03 0.23 30492
nbpm 1e2 5 91 - 0.07 2.21 53056
greedy 1e2 5 91 - 0.02 0.15 30920
dry 400e2 2 108 - 0.02 0.12 29240
aoDLAV 400e2 2 108 - 0.03 0.25 32236
aoULAV 400e2 2 108 - 0.03 0.26 33116
aoD2AG 400e2 2 108 - 0.03 0.30 36072
aoD2SG 400e2 2 108 - 0.05 0.30 35924
dry 1e2 5 121 - 0.03 0.11 26000
aoDLAV 1e2 5 121 - 0.02 0.15 30212
aoULAV 1e2 5 121 - 0.03 0.15 30224
aoD2AG 1e2 5 121 - 0.03 0.15 30384
aoD2SG 1e2 5 121 - 0.03 0.15 30388
moore 1e2 5 121 - 0.03 0.25 30492
nbpm 1e2 5 121 - 0.09 2.23 53016
greedy 1e2 5 121 - 0.03 0.16 30920
dry 32e3 2 153 - 0.03 0.11 27300
aoDLAV 32e3 2 153 - 0.03 0.24 31436
aoULAV 32e3 2 153 - 0.04 0.22 32148
aoD2AG 32e3 2 153 - 0.03 0.27 35020
aoD2SG 32e3 2 153 - 0.03 0.28 34784
dry 1e3 5 72 - 0.02 0.12 26056
aoDLAV 1e3 5 72 - 0.03 0.15 30428
aoULAV 1e3 5 72 - 0.03 0.15 30440
aoD2AG 1e3 5 72 - 0.03 0.15 30756
aoD2SG 1e3 5 72 - 0.03 0.15 30772
moore 1e3 5 72 - 0.05 2.03 59832
nbpm 1e3 5 72 - 0.10 4.66 129244
greedy 1e3 5 72 - 0.09 1.07 139388
dry 32e3 2 107 - 0.03 0.11 27296
aoDLAV 32e3 2 107 - 0.03 0.22 31436
aoULAV 32e3 2 107 - 0.03 0.23 32148
aoD2AG 32e3 2 107 - 0.03 0.26 35024
aoD2SG 32e3 2 107 - 0.03 0.28 34788
dry 325e2 2 58 - 0.03 0.12 27316
aoDLAV 325e2 2 58 - 0.03 0.22 31372
aoULAV 325e2 2 58 - 0.03 0.23 32084
aoD2AG 325e2 2 58 - 0.03 0.26 35004
aoD2SG 325e2 2 58 - 0.03 0.27 34764
dry 275e2 2 7 - 0.02 0.12 27120
aoDLAV 275e2 2 7 - 0.03 0.22 31240
aoULAV 275e2 2 7 - 0.03 0.22 31572
aoD2AG 275e2 2 7 - 0.03 0.24 34696
aoD2SG 275e2 2 7 - 0.02 0.26 34816
dry 1e6 5 193 - 0.05 0.28 73152
aoDLAV 1e6 5 193 - 0.13 20.45 252688
aoULAV 1e6 5 193 - 0.16 20.20 252692
aoD2AG 1e6 5 193 - 0.21 22.17 324820
aoD2SG 1e6 5 193 - 0.31 25.51 332356
dry 18e1 2 111 - 0.02 0.12 26008
aoDLAV 18e1 2 111 - 0.02 0.15 30184
aoULAV 18e1 2 111 - 0.02 0.15 30196
aoD2AG 18e1 2 111 - 0.03 0.15 30356
aoD2SG 18e1 2 111 - 0.03 0.15 30364
moore 18e1 2 111 - 0.03 0.36 30496
nbpm 18e1 2 111 - 0.11 2.30 54444
greedy 18e1 2 111 - 0.02 0.18 33348
dry 56e3 2 158 - 0.03 0.12 28252
aoDLAV 56e3 2 158 - 0.03 0.30 33476
aoULAV 56e3 2 158 - 0.03 0.33 34700
aoD2AG 56e3 2 158 - 0.04 0.38 37288
aoD2SG 56e3 2 158 - 0.04 0.40 37304
dry 1e5 10 60 - 0.04 0.18 38396
aoDLAV 1e5 10 60 - 0.06 22.52 53536
aoULAV 1e5 10 60 - 0.05 22.80 55308
aoD2AG 1e5 10 60 - 0.06 22.73 62940
aoD2SG 1e5 10 60 - 0.13 25.82 66836
dry 18e1 2 143 - 0.03 0.11 27956
aoDLAV 18e1 2 143 - 0.03 0.14 30184
aoULAV 18e1 2 143 - 0.03 0.14 30196
aoD2AG 18e1 2 143 - 0.04 0.14 30356
aoD2SG 18e1 2 143 - 0.02 0.15 30400
moore 18e1 2 143 - 0.03 0.43 30496
nbpm 18e1 2 143 - 0.09 2.21 54444
greedy 18e1 2 143 - 0.03 0.16 33352
dry 400e2 2 49 - 0.03 0.11 27616
aoDLAV 400e2 2 49 - 0.03 0.24 32236
aoULAV 400e2 2 49 - 0.03 0.25 33112
aoD2AG 400e2 2 49 - 0.03 0.29 36072
aoD2SG 400e2 2 49 - 0.03 0.30 35928
dry 1e5 5 173 - 0.03 0.13 34476
aoDLAV 1e5 5 173 - 0.05 1.60 41816
aoULAV 1e5 5 173 - 0.05 1.67 43576
aoD2AG 1e5 5 173 - 0.05 1.75 53980
aoD2SG 1e5 5 173 - 0.04 1.99 53200
dry 1e6 2 50 - 0.05 0.19 49704
aoDLAV 1e6 2 50 - 0.11 3.85 178456
aoULAV 1e6 2 50 - 0.13 4.02 178460
aoD2AG 1e6 2 50 - 0.18 5.58 233788
aoD2SG 1e6 2 50 - 0.17 6.37 242576
dry 1e5 5 142 - 0.03 0.14 34476
aoDLAV 1e5 5 142 - 0.05 1.61 41816
aoULAV 1e5 5 142 - 0.04 1.62 43568
aoD2AG 1e5 5 142 - 0.06 1.75 53620
aoD2SG 1e5 5 142 - 0.06 1.98 53208
dry 32e1 2 208 - 0.03 0.11 26000
aoDLAV 32e1 2 208 - 0.03 0.14 30196
aoULAV 32e1 2 208 - 0.02 0.15 30208
aoD2AG 32e1 2 208 - 0.02 0.14 30376
aoD2SG 32e1 2 208 - 0.03 0.14 30384
moore 32e1 2 208 - 0.03 0.48 33684
nbpm 32e1 2 208 - 0.09 2.35 58308
greedy 32e1 2 208 - 0.04 0.20 40972
dry 1e6 5 226 - 0.05 0.27 73156
aoDLAV 1e6 5 226 - 0.20 19.30 252688
aoULAV 1e6 5 226 - 0.20 19.68 252688
aoD2AG 1e6 5 226 - 0.40 21.33 322952
aoD2SG 1e6 5 226 - 0.21 24.32 332804
dry 1e3 10 156 - 0.03 0.11 26140
aoDLAV 1e3 10 156 - 0.03 0.16 30652
aoULAV 1e3 10 156 - 0.03 0.17 30664
aoD2AG 1e3 10 156 - 0.03 0.17 31064
aoD2SG 1e3 10 156 - 0.02 0.18 31076
moore 1e3 10 156 - 0.04 4.20 59844
nbpm 1e3 10 156 - 0.14 4.77 136140
greedy 1e3 10 156 - 0.09 1.05 139620
dry 1e6 5 108 - 0.06 0.27 73156
aoDLAV 1e6 5 108 - 0.14 19.42 252692
aoULAV 1e6 5 108 - 0.15 19.61 252688
aoD2AG 1e6 5 108 - 0.26 20.68 324348
aoD2SG 1e6 5 108 - 0.21 23.93 333220
dry 1e3 10 248 - 0.02 0.12 26136
aoDLAV 1e3 10 248 - 0.03 0.17 30656
aoULAV 1e3 10 248 - 0.03 0.16 30664
aoD2AG 1e3 10 248 - 0.04 0.15 31068
aoD2SG 1e3 10 248 - 0.03 0.17 31088
moore 1e3 10 248 - 0.05 4.22 59840
nbpm 1e3 10 248 - 0.12 4.95 136196
greedy 1e3 10 248 - 0.08 1.02 139620
dry 1e3 5 214 - 0.03 0.11 26056
aoDLAV 1e3 5 214 - 0.03 0.15 30424
aoULAV 1e3 5 214 - 0.02 0.16 30436
aoD2AG 1e3 5 214 - 0.04 0.14 30748
aoD2SG 1e3 5 214 - 0.03 0.15 30776
moore 1e3 5 214 - 0.04 5.66 59800
nbpm 1e3 5 214 - 0.11 4.46 129244
greedy 1e3 5 214 - 0.09 0.96 139388
dry 1e5 5 100 - 0.03 0.14 34480
aoDLAV 1e5 5 100 - 0.04 1.35 41816
aoULAV 1e5 5 100 - 0.04 1.40 43572
aoD2AG 1e5 5 100 - 0.04 1.48 53564
aoD2SG 1e5 5 100 - 0.04 1.67 53200
dry 5e4 5 158 - 0.02 0.13 31192
aoDLAV 5e4 5 158 - 0.03 0.65 34704
aoULAV 5e4 5 158 - 0.03 0.70 34704
aoD2AG 5e4 5 158 - 0.04 0.67 37728
aoD2SG 5e4 5 158 - 0.04 0.77 37936
dry 1e2 10 27 - 0.03 0.11 26004
aoDLAV 1e2 10 27 - 0.02 0.16 30264
aoULAV 1e2 10 27 - 0.03 0.14 30272
aoD2AG 1e2 10 27 - 0.03 0.15 30444
aoD2SG 1e2 10 27 - 0.03 0.14 30448
moore 1e2 10 27 - 0.03 0.22 30496
nbpm 1e2 10 27 - 0.09 2.08 53076
greedy 1e2 10 27 - 0.03 0.15 30972
dry 32e4 2 193 - 0.02 0.17 36424
aoDLAV 32e4 2 193 - 0.06 1.31 70828
aoULAV 32e4 2 193 - 0.06 1.29 70840
aoD2AG 32e4 2 193 - 0.06 1.81 88628
aoD2SG 32e4 2 193 - 0.06 1.96 90772
dry 1e1 2 180 - 0.02 0.12 25992
aoDLAV 1e1 2 180 - 0.03 0.14 30164
aoULAV 1e1 2 180 - 0.03 0.14 30172
aoD2AG 1e1 2 180 - 0.03 0.15 30316
aoD2SG 1e1 2 180 - 0.02 0.15 30320
moore 1e1 2 180 - 0.02 0.19 30484
nbpm 1e1 2 180 - 0.08 2.17 49824
greedy 1e1 2 180 - 0.03 0.14 30128
dry 350e2 2 162 - 0.02 0.12 27416
aoDLAV 350e2 2 162 - 0.02 0.23 31480
aoULAV 350e2 2 162 - 0.03 0.23 32264
aoD2AG 350e2 2 162 - 0.04 0.26 34848
aoD2SG 350e2 2 162 - 0.03 0.27 35132
dry 1e2 5 177 - 0.02 0.12 25996
aoDLAV 1e2 5 177 - 0.03 0.14 30212
aoULAV 1e2 5 177 - 0.02 0.15 30228
aoD2AG 1e2 5 177 - 0.03 0.14 30384
aoD2SG 1e2 5 177 - 0.03 0.14 30388
moore 1e2 5 177 - 0.01 0.21 30492
nbpm 1e2 5 177 - 0.07 2.30 53016
greedy 1e2 5 177 - 0.03 0.15 30920
dry 225e2 2 94 - 0.02 0.12 26920
aoDLAV 225e2 2 94 - 0.03 0.18 30980
aoULAV 225e2 2 94 - 0.03 0.19 30992
aoD2AG 225e2 2 94 - 0.04 0.20 33372
aoD2SG 225e2 2 94 - 0.03 0.21 33464
dry 18e1 2 34 - 0.02 0.11 26004
aoDLAV 18e1 2 34 - 0.02 0.14 30188
aoULAV 18e1 2 34 - 0.03 0.14 30200
aoD2AG 18e1 2 34 - 0.02 0.14 30356
aoD2SG 18e1 2 34 - 0.04 0.14 30364
moore 18e1 2 34 - 0.03 0.25 30496
nbpm 18e1 2 34 - 0.08 2.10 54444
greedy 18e1 2 34 - 0.03 0.16 33348
dry 1e2 2 124 - 0.02 0.12 25992
aoDLAV 1e2 2 124 - 0.03 0.14 30168
aoULAV 1e2 2 124 - 0.03 0.14 30184
aoD2AG 1e2 2 124 - 0.03 0.14 30340
aoD2SG 1e2 2 124 - 0.02 0.15 30340
moore 1e2 2 124 - 0.03 0.21 30488
nbpm 1e2 2 124 - 0.08 2.22 53008
greedy 1e2 2 124 - 0.02 0.15 30884
dry 375e2 2 32 - 0.02 0.12 27516
aoDLAV 375e2 2 32 - 0.03 0.24 31788
aoULAV 375e2 2 32 - 0.02 0.25 32604
aoD2AG 375e2 2 32 - 0.03 0.27 35516
aoD2SG 375e2 2 32 - 0.03 0.29 35528
dry 300e2 2 85 - 0.03 0.12 27216
aoDLAV 300e2 2 85 - 0.03 0.21 31300
aoULAV 300e2 2 85 - 0.02 0.23 31892
aoD2AG 300e2 2 85 - 0.04 0.24 35060
aoD2SG 300e2 2 85 - 0.03 0.27 34720
dry 1e3 5 183 - 0.03 0.10 26060
aoDLAV 1e3 5 183 - 0.02 0.15 30424
aoULAV 1e3 5 183 - 0.03 0.14 30440
aoD2AG 1e3 5 183 - 0.03 0.14 30736
aoD2SG 1e3 5 183 - 0.03 0.15 30756
moore 1e3 5 183 - 0.04 5.71 59800
nbpm 1e3 5 183 - 0.10 4.60 129244
greedy 1e3 5 183 - 0.09 1.03 139388
dry 32e4 2 66 - 0.03 0.16 36428
aoDLAV 32e4 2 66 - 0.05 1.21 70828
aoULAV 32e4 2 66 - 0.06 1.25 70840
aoD2AG 32e4 2 66 - 0.06 1.65 88324
aoD2SG 32e4 2 66 - 0.07 1.89 90828
dry 1e3 5 233 - 0.02 0.11 26056
aoDLAV 1e3 5 233 - 0.02 0.14 30424
aoULAV 1e3 5 233 - 0.02 0.14 30440
aoD2AG 1e3 5 233 - 0.02 0.15 30744
aoD2SG 1e3 5 233 - 0.03 0.14 30780
moore 1e3 5 233 - 0.04 4.92 59800
nbpm 1e3 5 233 - 0.12 4.98 129244
greedy 1e3 5 233 - 0.07 1.06 139392
dry 1e6 5 96 - 0.06 0.29 73152
aoDLAV 1e6 5 96 - 0.16 17.51 252688
aoULAV 1e6 5 96 - 0.15 17.95 252688
aoD2AG 1e6 5 96 - 0.20 19.46 323560
aoD2SG 1e6 5 96 - 0.21 22.60 333548
dry 375e2 2 77 - 0.03 0.11 29296
aoDLAV 375e2 2 77 - 0.03 0.24 31784
aoULAV 375e2 2 77 - 0.02 0.24 32604
aoD2AG 375e2 2 77 - 0.03 0.28 35520
aoD2SG 375e2 2 77 - 0.03 0.30 35528
dry 32e3 2 133 - 0.02 0.12 27296
aoDLAV 32e3 2 133 - 0.03 0.22 31436
aoULAV 32e3 2 133 - 0.03 0.22 32148
aoD2AG 32e3 2 133 - 0.04 0.24 35020
aoD2SG 32e3 2 133 - 0.03 0.25 34792
dry 1e3 10 138 - 0.02 0.12 26140
aoDLAV 1e3 10 138 - 0.03 0.16 30652
aoULAV 1e3 10 138 - 0.03 0.16 30664
aoD2AG 1e3 10 138 - 0.02 0.16 31072
aoD2SG 1e3 10 138 - 0.02 0.17 31108
moore 1e3 10 138 - 0.04 3.53 59964
nbpm 1e3 10 138 - 0.13 4.85 136140
greedy 1e3 10 138 - 0.08 1.08 139620
dry 1e5 5 91 - 0.03 0.14 34476
aoDLAV 1e5 5 91 - 0.05 1.74 41816
aoULAV 1e5 5 91 - 0.04 1.75 43568
aoD2AG 1e5 5 91 - 0.04 1.81 54008
aoD2SG 1e5 5 91 - 0.06 1.99 53200
dry 1e3 2 114 - 0.02 0.12 26020
aoDLAV 1e3 2 114 - 0.03 0.15 30280
aoULAV 1e3 2 114 - 0.02 0.14 30292
aoD2AG 1e3 2 114 - 0.02 0.15 30536
aoD2SG 1e3 2 114 - 0.03 0.15 30552
moore 1e3 2 114 - 0.06 6.03 59776
nbpm 1e3 2 114 - 0.13 4.19 138560
greedy 1e3 2 114 - 0.08 0.98 139244
dry 400e2 2 25 - 0.02 0.12 27620
aoDLAV 400e2 2 25 - 0.03 0.23 32236
aoULAV 400e2 2 25 - 0.04 0.23 33112
aoD2AG 400e2 2 25 - 0.03 0.28 36080
aoD2SG 400e2 2 25 - 0.04 0.29 35924
dry 1e5 10 141 - 0.03 0.17 38396
aoDLAV 1e5 10 141 - 0.05 19.30 53536
aoULAV 1e5 10 141 - 0.16 23.78 55308
aoD2AG 1e5 10 141 - 0.16 24.05 62824
aoD2SG 1e5 10 141 - 0.04 37.35 66836
dry 1e5 5 65 - 0.03 0.14 34480
aoDLAV 1e5 5 65 - 0.04 1.34 41816
aoULAV 1e5 5 65 - 0.05 1.32 43572
aoD2AG 1e5 5 65 - 0.05 1.55 53564
aoD2SG 1e5 5 65 - 0.04 1.69 53332
dry 18e1 2 12 - 0.02 0.12 26008
aoDLAV 18e1 2 12 - 0.02 0.14 30184
aoULAV 18e1 2 12 - 0.02 0.14 30196
aoD2AG 18e1 2 12 - 0.02 0.14 30356
aoD2SG 18e1 2 12 - 0.03 0.14 30364
moore 18e1 2 12 - 0.02 0.23 30496
nbpm 18e1 2 12 - 0.07 2.09 54444
greedy 18e1 2 12 - 0.02 0.17 33348
dry 56e1 2 86 - 0.02 0.12 26008
aoDLAV 56e1 2 86 - 0.03 0.14 30220
aoULAV 56e1 2 86 - 0.03 0.14 30236
aoD2AG 56e1 2 86 - 0.04 0.14 30420
aoD2SG 56e1 2 86 - 0.03 0.14 30424
moore 56e1 2 86 - 0.03 1.14 39684
nbpm 56e1 2 86 - 0.10 3.01 78704
greedy 56e1 2 86 - 0.04 0.40 64104
dry 1e6 10 93 - 0.07 0.39 112236
aoDLAV 1e6 10 93 - 0.21 349.37 369888
aoULAV 1e6 10 93 - 0.30 363.24 369892
aoD2AG 1e6 10 93 - 0.39 367.22 446672
aoD2SG 1e6 10 93 - 0.41 426.75 457252
dry 325e2 2 59 - 0.03 0.11 27316
aoDLAV 325e2 2 59 - 0.02 0.25 31372
aoULAV 325e2 2 59 - 0.03 0.23 32084
aoD2AG 325e2 2 59 - 0.04 0.27 35000
aoD2SG 325e2 2 59 - 0.03 0.30 34760
dry 5e4 5 168 - 0.03 0.13 30732
aoDLAV 5e4 5 168 - 0.04 0.78 34704
aoULAV 5e4 5 168 - 0.04 0.77 34704
aoD2AG 5e4 5 168 - 0.04 0.86 37728
aoD2SG 5e4 5 168 - 0.04 0.91 37936
dry 5e4 2 15 - 0.02 0.12 29068
aoDLAV 5e4 2 15 - 0.03 0.28 33008
aoULAV 5e4 2 15 - 0.04 0.28 33316
aoD2AG 5e4 2 15 - 0.03 0.34 36408
aoD2SG 5e4 2 15 - 0.04 0.36 36424
dry 56e1 2 195 - 0.02 0.12 26008
aoDLAV 56e1 2 195 - 0.03 0.14 30220
aoULAV 56e1 2 195 - 0.02 0.15 30236
aoD2AG 56e1 2 195 - 0.03 0.15 30416
aoD2SG 56e1 2 195 - 0.02 0.15 30428
moore 56e1 2 195 - 0.03 1.92 39652
nbpm 56e1 2 195 - 0.09 2.99 78704
greedy 56e1 2 195 - 0.05 0.39 64108
dry 1e3 5 213 - 0.02 0.12 26056
aoDLAV 1e3 5 213 - 0.02 0.15 30460
aoULAV 1e3 5 213 - 0.04 0.14 30476
aoD2AG 1e3 5 213 - 0.03 0.15 30740
aoD2SG 1e3 5 213 - 0.03 0.15 30768
moore 1e3 5 213 - 0.04 3.93 59800
nbpm 1e3 5 213 - 0.11 4.50 129276
greedy 1e3 5 213 - 0.09 1.04 139392
dry 1e1 2 7 - 0.02 0.12 25992
aoDLAV 1e1 2 7 - 0.03 0.15 30160
aoULAV 1e1 2 7 - 0.03 0.14 30176
aoD2AG 1e1 2 7 - 0.03 0.14 30316
aoD2SG 1e1 2 7 - 0.03 0.14 30320
moore 1e1 2 7 - 0.04 0.18 30476
nbpm 1e1 2 7 - 0.10 2.16 49816
greedy 1e1 2 7 - 0.02 0.15 30124
dry 1e6 2 122 - 0.05 0.20 49704
aoDLAV 1e6 2 122 - 0.10 3.85 178456
aoULAV 1e6 2 122 - 0.13 4.04 178456
aoD2AG 1e6 2 122 - 0.19 5.82 233164
aoD2SG 1e6 2 122 - 0.19 6.50 240936
dry 250e2 2 201 - 0.03 0.12 27020
aoDLAV 250e2 2 201 - 0.03 0.21 31112
aoULAV 250e2 2 201 - 0.03 0.21 31212
aoD2AG 250e2 2 201 - 0.03 0.23 33856
aoD2SG 250e2 2 201 - 0.04 0.23 33964
dry 1e2 2 107 - 0.03 0.11 25992
aoDLAV 1e2 2 107 - 0.03 0.14 30168
aoULAV 1e2 2 107 - 0.03 0.15 30180
aoD2AG 1e2 2 107 - 0.04 0.14 30340
aoD2SG 1e2 2 107 - 0.03 0.14 30344
moore 1e2 2 107 - 0.04 0.19 30480
nbpm 1e2 2 107 - 0.08 2.21 53000
greedy 1e2 2 107 - 0.03 0.15 30884
dry 32e1 2 160 - 0.02 0.13 26000
aoDLAV 32e1 2 160 - 0.03 0.14 30196
aoULAV 32e1 2 160 - 0.02 0.15 30208
aoD2AG 32e1 2 160 - 0.02 0.15 30376
aoD2SG 32e1 2 160 - 0.02 0.15 30384
moore 32e1 2 160 - 0.04 0.59 33684
nbpm 32e1 2 160 - 0.10 2.63 58308
greedy 32e1 2 160 - 0.03 0.22 40972
dry 350e2 2 198 - 0.03 0.12 29348
aoDLAV 350e2 2 198 - 0.03 0.23 31480
aoULAV 350e2 2 198 - 0.04 0.22 32260
aoD2AG 350e2 2 198 - 0.03 0.26 34848
aoD2SG 350e2 2 198 - 0.03 0.26 35136
dry 375e2 2 130 - 0.02 0.12 27516
aoDLAV 375e2 2 130 - 0.02 0.24 31784
aoULAV 375e2 2 130 - 0.03 0.23 32608
aoD2AG 375e2 2 130 - 0.03 0.27 35516
aoD2SG 375e2 2 130 - 0.04 0.28 35528
dry 1e2 5 155 - 0.03 0.11 25996
aoDLAV 1e2 5 155 - 0.03 0.14 30212
aoULAV 1e2 5 155 - 0.03 0.14 30224
aoD2AG 1e2 5 155 - 0.03 0.14 30376
aoD2SG 1e2 5 155 - 0.03 0.14 30392
moore 1e2 5 155 - 0.02 0.23 30492
nbpm 1e2 5 155 - 0.11 2.27 53016
greedy 1e2 5 155 - 0.03 0.14 30924
dry 18e1 2 154 - 0.02 0.13 26004
aoDLAV 18e1 2 154 - 0.03 0.14 30184
aoULAV 18e1 2 154 - 0.03 0.14 30196
aoD2AG 18e1 2 154 - 0.02 0.16 30360
aoD2SG 18e1 2 154 - 0.03 0.15 30364
moore 18e1 2 154 - 0.03 0.32 30528
nbpm 18e1 2 154 - 0.09 2.27 54436
greedy 18e1 2 154 - 0.02 0.17 33348
dry 350e2 2 46 - 0.02 0.12 27416
aoDLAV 350e2 2 46 - 0.03 0.24 31484
aoULAV 350e2 2 46 - 0.03 0.22 32264
aoD2AG 350e2 2 46 - 0.04 0.25 34848
aoD2SG 350e2 2 46 - 0.03 0.28 35136
dry 32e1 2 112 - 0.02 0.12 26000
aoDLAV 32e1 2 112 - 0.02 0.15 30196
aoULAV 32e1 2 112 - 0.03 0.14 30208
aoD2AG 32e1 2 112 - 0.03 0.15 30376
aoD2SG 32e1 2 112 - 0.03 0.15 30384
moore 32e1 2 112 - 0.03 0.25 33684
nbpm 32e1 2 112 - 0.09 2.54 58308
greedy 32e1 2 112 - 0.03 0.21 40972
dry 1e5 10 40 - 0.04 0.17 38400
aoDLAV 1e5 10 40 - 0.05 24.94 53536
aoULAV 1e5 10 40 - 0.06 25.02 55312
aoD2AG 1e5 10 40 - 0.06 21.26 62652
aoD2SG 1e5 10 40 - 0.08 37.15 66832
dry 1e3 5 118 - 0.03 0.12 26056
aoDLAV 1e3 5 118 - 0.04 0.14 30424
aoULAV 1e3 5 118 - 0.02 0.15 30436
aoD2AG 1e3 5 118 - 0.03 0.15 30740
aoD2SG 1e3 5 118 - 0.02 0.16 30752
moore 1e3 5 118 - 0.05 2.47 59828
nbpm 1e3 5 118 - 0.13 4.31 129244
greedy 1e3 5 118 - 0.09 1.06 139388
dry 1e5 10 41 - 0.03 0.18 38396
aoDLAV 1e5 10 41 - 0.04 22.46 53536
aoULAV 1e5 10 41 - 0.05 26.05 55316
aoD2AG 1e5 10 41 - 0.05 20.43 62680
aoD2SG 1e5 10 41 - 0.07 22.47 66832
dry 18e4 2 207 - 0.03 0.14 33112
aoDLAV 18e4 2 207 - 0.06 0.80 47864
aoULAV 18e4 2 207 - 0.04 0.78 47860
aoD2AG 18e4 2 207 - 0.06 1.02 58652
aoD2SG 18e4 2 207 - 0.05 1.28 59844
dry 275e2 2 245 - 0.02 0.12 27120
aoDLAV 275e2 2 245 - 0.03 0.19 31240
aoULAV 275e2 2 245 - 0.02 0.21 31576
aoD2AG 275e2 2 245 - 0.04 0.22 34696
aoD2SG 275e2 2 245 - 0.03 0.26 34812
dry 32e4 2 113 - 0.03 0.16 36424
aoDLAV 32e4 2 113 - 0.06 1.45 70828
aoULAV 32e4 2 113 - 0.06 1.25 70844
aoD2AG 32e4 2 113 - 0.06 1.61 88448
aoD2SG 32e4 2 113 - 0.08 2.33 91284
dry 275e2 2 240 - 0.03 0.11 27120
aoDLAV 275e2 2 240 - 0.03 0.22 31244
aoULAV 275e2 2 240 - 0.03 0.22 31568
aoD2AG 275e2 2 240 - 0.04 0.22 34696
aoD2SG 275e2 2 240 - 0.02 0.24 34836
dry 56e4 2 120 - 0.03 0.19 41108
aoDLAV 56e4 2 120 - 0.07 2.12 107984
aoULAV 56e4 2 120 - 0.08 2.19 107984
aoD2AG 56e4 2 120 - 0.17 3.09 138716
aoD2SG 56e4 2 120 - 0.11 3.44 143476
dry 56e4 2 249 - 0.04 0.19 41104
aoDLAV 56e4 2 249 - 0.10 2.19 107984
aoULAV 56e4 2 249 - 0.07 2.61 107984
aoD2AG 56e4 2 249 - 0.10 3.51 138740
aoD2SG 56e4 2 249 - 0.11 3.58 145812
dry 1e3 2 208 - 0.03 0.12 26020
aoDLAV 1e3 2 208 - 0.02 0.15 30280
aoULAV 1e3 2 208 - 0.02 0.15 30292
aoD2AG 1e3 2 208 - 0.02 0.15 30544
aoD2SG 1e3 2 208 - 0.03 0.15 30568
moore 1e3 2 208 - 0.03 3.41 59808
nbpm 1e3 2 208 - 0.12 4.42 138564
greedy 1e3 2 208 - 0.09 1.04 139244
dry 1e5 2 173 - 0.03 0.13 31748
aoDLAV 1e5 2 173 - 0.04 0.44 34800
aoULAV 1e5 2 173 - 0.03 0.46 35324
aoD2AG 1e5 2 173 - 0.03 0.59 42624
aoD2SG 1e5 2 173 - 0.04 0.67 43808
dry 325e2 2 26 - 0.03 0.12 27320
aoDLAV 325e2 2 26 - 0.03 0.26 31372
aoULAV 325e2 2 26 - 0.04 0.23 32096
aoD2AG 325e2 2 26 - 0.02 0.27 35000
aoD2SG 325e2 2 26 - 0.04 0.26 34756
dry 275e2 2 250 - 0.03 0.12 27124
aoDLAV 275e2 2 250 - 0.02 0.22 31240
aoULAV 275e2 2 250 - 0.03 0.21 31576
aoD2AG 275e2 2 250 - 0.03 0.24 34700
aoD2SG 275e2 2 250 - 0.03 0.25 34812
dry 1e1 2 86 - 0.02 0.13 25992
aoDLAV 1e1 2 86 - 0.02 0.15 30160
aoULAV 1e1 2 86 - 0.02 0.15 30172
aoD2AG 1e1 2 86 - 0.02 0.15 30316
aoD2SG 1e1 2 86 - 0.03 0.14 30324
moore 1e1 2 86 - 0.03 0.18 30476
nbpm 1e1 2 86 - 0.09 2.18 49812
greedy 1e1 2 86 - 0.03 0.15 30124
dry 225e2 2 182 - 0.03 0.11 26920
aoDLAV 225e2 2 182 - 0.04 0.19 31032
aoULAV 225e2 2 182 - 0.03 0.20 30992
aoD2AG 225e2 2 182 - 0.04 0.21 33368
aoD2SG 225e2 2 182 - 0.03 0.22 33468
dry 1e6 10 150 - 0.08 0.41 112236
aoDLAV 1e6 10 150 - 0.20 350.60 369884
aoULAV 1e6 10 150 - 0.32 358.94 369996
aoD2AG 1e6 10 150 - 0.42 360.07 448416
aoD2SG 1e6 10 150 - 0.41 431.01 459036
dry 375e2 2 168 - 0.02 0.13 27516
aoDLAV 375e2 2 168 - 0.03 0.24 31788
aoULAV 375e2 2 168 - 0.02 0.24 32604
aoD2AG 375e2 2 168 - 0.03 0.28 35516
aoD2SG 375e2 2 168 - 0.02 0.29 35528
dry 32e3 2 118 - 0.02 0.12 29168
aoDLAV 32e3 2 118 - 0.02 0.23 31436
aoULAV 32e3 2 118 - 0.02 0.22 32148
aoD2AG 32e3 2 118 - 0.02 0.25 35024
aoD2SG 32e3 2 118 - 0.03 0.26 34792
dry 400e2 2 189 - 0.02 0.12 27616
aoDLAV 400e2 2 189 - 0.03 0.24 32236
aoULAV 400e2 2 189 - 0.03 0.24 33112
aoD2AG 400e2 2 189 - 0.02 0.29 36068
aoD2SG 400e2 2 189 - 0.03 0.29 35924
dry 1e2 10 45 - 0.02 0.11 26004
aoDLAV 1e2 10 45 - 0.03 0.14 30264
aoULAV 1e2 10 45 - 0.02 0.15 30272
aoD2AG 1e2 10 45 - 0.03 0.15 30440
aoD2SG 1e2 10 45 - 0.03 0.14 30448
moore 1e2 10 45 - 0.03 0.24 30496
nbpm 1e2 10 45 - 0.08 2.16 53076
greedy 1e2 10 45 - 0.03 0.14 30972
dry 1e5 2 200 - 0.03 0.14 31976
aoDLAV 1e5 2 200 - 0.04 0.42 34800
aoULAV 1e5 2 200 - 0.03 0.45 35320
aoD2AG 1e5 2 200 - 0.05 0.54 42640
aoD2SG 1e5 2 200 - 0.03 0.61 43800
dry 1e3 2 61 - 0.03 0.11 26024
aoDLAV 1e3 2 61 - 0.03 0.14 30280
aoULAV 1e3 2 61 - 0.03 0.15 30324
aoD2AG 1e3 2 61 - 0.03 0.14 30536
aoD2SG 1e3 2 61 - 0.02 0.15 30552
moore 1e3 2 61 - 0.04 1.72 59808
nbpm 1e3 2 61 - 0.14 4.02 138560
greedy 1e3 2 61 - 0.08 1.02 139260
dry 1e6 2 188 - 0.04 0.20 49704
aoDLAV 1e6 2 188 - 0.11 3.56 178460
aoULAV 1e6 2 188 - 0.12 3.76 178460
aoD2AG 1e6 2 188 - 0.18 5.34 234324
aoD2SG 1e6 2 188 - 0.17 5.98 242040
dry 5e4 2 190 - 0.02 0.13 29292
aoDLAV 5e4 2 190 - 0.02 0.28 33012
aoULAV 5e4 2 190 - 0.03 0.28 33312
aoD2AG 5e4 2 190 - 0.03 0.34 36412
aoD2SG 5e4 2 190 - 0.03 0.36 36428
dry 325e2 2 3 - 0.02 0.12 27316
aoDLAV 325e2 2 3 - 0.03 0.22 31372
aoULAV 325e2 2 3 - 0.03 0.22 32084
aoD2AG 325e2 2 3 - 0.03 0.25 35004
aoD2SG 325e2 2 3 - 0.04 0.26 34760
dry 5e4 5 28 - 0.03 0.13 30488
aoDLAV 5e4 5 28 - 0.04 0.73 34708
aoULAV 5e4 5 28 - 0.03 0.74 34704
aoD2AG 5e4 5 28 - 0.04 0.79 37728
aoD2SG 5e4 5 28 - 0.03 0.89 37940
dry 5e4 2 7 - 0.02 0.12 28000
aoDLAV 5e4 2 7 - 0.02 0.28 33008
aoULAV 5e4 2 7 - 0.03 0.29 33316
aoD2AG 5e4 2 7 - 0.03 0.35 36408
aoD2SG 5e4 2 7 - 0.04 0.35 36424
dry 56e1 2 81 - 0.02 0.12 26012
aoDLAV 56e1 2 81 - 0.02 0.15 30220
aoULAV 56e1 2 81 - 0.03 0.14 30232
aoD2AG 56e1 2 81 - 0.03 0.14 30416
aoD2SG 56e1 2 81 - 0.02 0.14 30424
moore 56e1 2 81 - 0.04 1.87 39660
nbpm 56e1 2 81 - 0.09 2.97 78712
greedy 56e1 2 81 - 0.04 0.38 64104
dry 32e3 2 68 - 0.03 0.11 27300
aoDLAV 32e3 2 68 - 0.03 0.22 31436
aoULAV 32e3 2 68 - 0.04 0.22 32148
aoD2AG 32e3 2 68 - 0.03 0.25 35020
aoD2SG 32e3 2 68 - 0.02 0.27 34784
dry 32e3 2 240 - 0.02 0.12 29024
aoDLAV 32e3 2 240 - 0.04 0.21 31436
aoULAV 32e3 2 240 - 0.04 0.21 32148
aoD2AG 32e3 2 240 - 0.03 0.25 35024
aoD2SG 32e3 2 240 - 0.04 0.25 34788
dry 5e4 5 76 - 0.03 0.13 31932
aoDLAV 5e4 5 76 - 0.03 0.70 34704
aoULAV 5e4 5 76 - 0.02 0.69 34708
aoD2AG 5e4 5 76 - 0.03 0.75 37728
aoD2SG 5e4 5 76 - 0.03 0.83 37932
dry 32e4 2 24 - 0.04 0.16 36424
aoDLAV 32e4 2 24 - 0.07 1.33 70832
aoULAV 32e4 2 24 - 0.05 1.30 70840
aoD2AG 32e4 2 24 - 0.08 1.85 88396
aoD2SG 32e4 2 24 - 0.09 2.08 91616
dry 375e2 2 225 - 0.02 0.12 29488
aoDLAV 375e2 2 225 - 0.03 0.24 31784
aoULAV 375e2 2 225 - 0.03 0.24 32604
aoD2AG 375e2 2 225 - 0.03 0.27 35516
aoD2SG 375e2 2 225 - 0.04 0.27 35528
dry 300e2 2 96 - 0.03 0.12 27216
aoDLAV 300e2 2 96 - 0.03 0.20 31300
aoULAV 300e2 2 96 - 0.03 0.22 31892
aoD2AG 300e2 2 96 - 0.04 0.23 35056
aoD2SG 300e2 2 96 - 0.02 0.25 34772
dry 56e4 2 155 - 0.03 0.19 41104
aoDLAV 56e4 2 155 - 0.07 2.10 107984
aoULAV 56e4 2 155 - 0.07 2.20 107984
aoD2AG 56e4 2 155 - 0.11 3.09 139288
aoD2SG 56e4 2 155 - 0.10 3.46 144436
dry 18e1 2 103 - 0.02 0.12 26004
aoDLAV 18e1 2 103 - 0.03 0.14 30188
aoULAV 18e1 2 103 - 0.03 0.14 30196
aoD2AG 18e1 2 103 - 0.03 0.14 30356
aoD2SG 18e1 2 103 - 0.02 0.14 30364
moore 18e1 2 103 - 0.03 0.29 30496
nbpm 18e1 2 103 - 0.09 2.15 54444
greedy 18e1 2 103 - 0.03 0.16 33348
dry 225e2 2 236 - 0.02 0.13 30576
aoDLAV 225e2 2 236 - 0.03 0.20 30980
aoULAV 225e2 2 236 - 0.04 0.19 30992
aoD2AG 225e2 2 236 - 0.03 0.24 33368
aoD2SG 225e2 2 236 - 0.03 0.23 33464
dry 400e2 2 63 - 0.02 0.12 27616
aoDLAV 400e2 2 63 - 0.03 0.23 32236
aoULAV 400e2 2 63 - 0.03 0.24 33116
aoD2AG 400e2 2 63 - 0.02 0.28 36072
aoD2SG 400e2 2 63 - 0.04 0.29 35924
dry 1e5 2 170 - 0.03 0.13 30696
aoDLAV 1e5 2 170 - 0.04 0.43 34800
aoULAV 1e5 2 170 - 0.03 0.45 35320
aoD2AG 1e5 2 170 - 0.03 0.57 42600
aoD2SG 1e5 2 170 - 0.05 0.63 43804
dry 56e4 2 235 - 0.04 0.18 41108
aoDLAV 56e4 2 235 - 0.07 2.07 107988
aoULAV 56e4 2 235 - 0.08 2.20 107984
aoD2AG 56e4 2 235 - 0.11 3.16 138440
aoD2SG 56e4 2 235 - 0.12 3.53 143988
dry 300e2 2 11 - 0.02 0.12 27216
aoDLAV 300e2 2 11 - 0.03 0.21 31300
aoULAV 300e2 2 11 - 0.04 0.22 31892
aoD2AG 300e2 2 11 - 0.03 0.25 35060
aoD2SG 300e2 2 11 - 0.03 0.25 34720
dry 1e3 10 49 - 0.02 0.12 26136
aoDLAV 1e3 10 49 - 0.03 0.16 30652
aoULAV 1e3 10 49 - 0.02 0.16 30664
aoD2AG 1e3 10 49 - 0.03 0.16 31064
aoD2SG 1e3 10 49 - 0.02 0.17 31088
moore 1e3 10 49 - 0.04 6.45 59840
nbpm 1e3 10 49 - 0.13 4.76 136136
greedy 1e3 10 49 - 0.08 0.99 139616
dry 1e6 10 148 - 0.07 0.38 112232
aoDLAV 1e6 10 148 - 0.19 345.03 369884
aoULAV 1e6 10 148 - 0.30 398.11 369888
aoD2AG 1e6 10 148 - 0.38 360.13 447336
aoD2SG 1e6 10 148 - 0.41 430.00 459036
