dry 2e7 2 95 - 0.23 0.73 420796
aoDLAV 2e7 2 95 - 1.62 108.36 2987068
aoULAV 2e7 2 95 - 2.12 114.00 2987068
aoD2AG 2e7 2 95 - 3.33 157.33 4388380
aoD2SG 2e7 2 95 - 4.14 190.93 4546524
dry 7e7 2 105 - 0.76 2.21 1397356
aoDLAV 7e7 2 105 - 5.64 427.21 10408936
aoULAV 7e7 2 105 - 7.25 457.21 10408936
aoD2AG 7e7 2 105 - 13.44 793.77 15305268
aoD2SG 7e7 2 105 - 14.44 750.53 15861096
dry 4e7 2 226 - 0.52 1.36 811424
aoDLAV 4e7 2 226 - 3.33 233.02 5955816
aoULAV 4e7 2 226 - 3.49 239.03 5955816
aoD2AG 4e7 2 226 - 7.83 376.20 8753536
aoD2SG 4e7 2 226 - 8.47 526.95 9071368
dry 5e7 2 225 - 0.54 1.63 1006736
aoDLAV 5e7 2 225 - 4.50 358.74 7440192
aoULAV 5e7 2 225 - 5.52 310.52 7440192
aoD2AG 5e7 2 225 - 10.30 443.82 10936916
aoD2SG 5e7 2 225 - 10.57 520.98 11335940
dry 32e6 2 7 - 0.38 1.13 655176
aoDLAV 32e6 2 7 - 2.68 187.48 4768324
aoULAV 32e6 2 7 - 3.54 195.18 4768328
aoD2AG 32e6 2 7 - 5.75 271.07 7007276
aoD2SG 32e6 2 7 - 6.74 328.82 7264260
dry 7e7 2 100 - 0.79 2.20 1397356
aoDLAV 7e7 2 100 - 5.98 436.20 10408940
aoULAV 7e7 2 100 - 7.95 450.76 10408936
aoD2AG 7e7 2 100 - 14.03 639.26 15305052
aoD2SG 7e7 2 100 - 14.94 754.39 15863940
dry 1e4 5 109 - 0.03 0.12 26900
aoDLAV 1e4 5 109 - 0.04 0.21 31084
aoULAV 1e4 5 109 - 0.04 0.21 31096
aoD2AG 1e4 5 109 - 0.03 0.24 32108
aoD2SG 1e4 5 109 - 0.04 0.25 32112
moore 1e4 5 109 - 1.12 899.33 2961736
nbpm 1e4 5 109 - 7.68 585.27 7811452
greedy 1e4 5 109 - 6.77 297.36 10959176
dry 2e7 2 21 - 0.29 0.77 420796
aoDLAV 2e7 2 21 - 1.77 108.78 2987072
aoULAV 2e7 2 21 - 1.78 113.14 2987072
aoD2AG 2e7 2 21 - 3.97 158.02 4385140
aoD2SG 2e7 2 21 - 3.82 193.36 4548376
dry 75e2 2 191 - 0.02 0.13 26328
aoDLAV 75e2 2 191 - 0.03 0.15 31376
aoULAV 75e2 2 191 - 0.03 0.16 31388
aoD2AG 75e2 2 191 - 0.03 0.17 31380
aoD2SG 75e2 2 191 - 0.03 0.18 31384
moore 75e2 2 191 - 0.84 402.97 1688784
nbpm 75e2 2 191 - 4.44 153.18 4242124
greedy 75e2 2 191 - 4.16 154.64 6183088
dry 1e4 10 149 - 0.02 0.13 27688
aoDLAV 1e4 10 149 - 0.03 0.68 32764
aoULAV 1e4 10 149 - 0.03 0.78 32776
aoD2AG 1e4 10 149 - 0.03 0.76 32748
aoD2SG 1e4 10 149 - 0.04 0.79 34176
moore 1e4 10 149 - 1.16 924.33 2963856
nbpm 1e4 10 149 - 7.85 877.64 7764496
greedy 1e4 10 149 - 6.39 275.31 10961112
dry 50e2 2 246 - 0.02 0.12 26204
aoDLAV 50e2 2 246 - 0.02 0.15 30852
aoULAV 50e2 2 246 - 0.02 0.15 30860
aoD2AG 50e2 2 246 - 0.02 0.16 31788
aoD2SG 50e2 2 246 - 0.03 0.17 31876
moore 50e2 2 246 - 0.98 245.97 764628
nbpm 50e2 2 246 - 2.01 59.15 2011924
greedy 50e2 2 246 - 1.79 61.21 2764780
dry 18e6 2 249 - 0.25 0.70 381736
aoDLAV 18e6 2 249 - 1.57 94.72 2690196
aoULAV 18e6 2 249 - 1.49 102.89 2690192
aoD2AG 18e6 2 249 - 3.29 151.75 3950540
aoD2SG 18e6 2 249 - 3.86 171.83 4095676
dry 18e6 2 20 - 0.22 0.69 381736
aoDLAV 18e6 2 20 - 1.41 99.71 2690196
aoULAV 18e6 2 20 - 1.49 104.35 2690192
aoD2AG 18e6 2 20 - 3.22 145.91 3951092
aoD2SG 18e6 2 20 - 3.84 167.20 4093152
dry 32e6 2 76 - 0.37 1.09 655176
aoDLAV 32e6 2 76 - 2.63 179.68 4768324
aoULAV 32e6 2 76 - 3.55 191.04 4768324
aoD2AG 32e6 2 76 - 6.47 270.25 7006084
aoD2SG 32e6 2 76 - 6.85 318.56 7264592
dry 1e4 5 33 - 0.04 0.11 26900
aoDLAV 1e4 5 33 - 0.03 0.22 31088
aoULAV 1e4 5 33 - 0.04 0.22 31096
aoD2AG 1e4 5 33 - 0.02 0.25 32108
aoD2SG 1e4 5 33 - 0.03 0.24 32108
moore 1e4 5 33 - 1.28 929.91 2961736
nbpm 1e4 5 33 - 7.45 654.42 7811452
greedy 1e4 5 33 - 6.35 296.00 10959176
dry 56e2 2 41 - 0.02 0.12 28208
aoDLAV 56e2 2 41 - 0.04 0.15 30976
aoULAV 56e2 2 41 - 0.04 0.15 30988
aoD2AG 56e2 2 41 - 0.03 0.19 31976
aoD2SG 56e2 2 41 - 0.02 0.19 31120
moore 56e2 2 41 - 0.66 211.83 952728
nbpm 56e2 2 41 - 2.31 75.04 2388088
greedy 56e2 2 41 - 1.97 78.83 3460492
dry 50e2 2 108 - 0.02 0.12 26204
aoDLAV 50e2 2 108 - 0.03 0.16 30848
aoULAV 50e2 2 108 - 0.03 0.16 30864
aoD2AG 50e2 2 108 - 0.03 0.15 31764
aoD2SG 50e2 2 108 - 0.04 0.17 31864
moore 50e2 2 108 - 0.30 114.64 762972
nbpm 50e2 2 108 - 2.01 51.12 2011916
greedy 50e2 2 108 - 1.81 63.43 2764784
dry 6e7 2 212 - 0.67 1.92 1202044
aoDLAV 6e7 2 212 - 5.31 369.36 8924564
aoULAV 6e7 2 212 - 6.83 398.38 8924560
aoD2AG 6e7 2 212 - 12.01 542.89 13122444
aoD2SG 6e7 2 212 - 12.48 628.90 13596812
dry 50e2 2 120 - 0.02 0.12 26208
aoDLAV 50e2 2 120 - 0.03 0.15 30848
aoULAV 50e2 2 120 - 0.04 0.15 30860
aoD2AG 50e2 2 120 - 0.03 0.15 31772
aoD2SG 50e2 2 120 - 0.02 0.18 31848
moore 50e2 2 120 - 0.80 215.50 764620
nbpm 50e2 2 120 - 1.92 77.49 2011916
greedy 50e2 2 120 - 1.76 62.85 2764780
dry 2e7 2 126 - 0.25 0.78 420796
aoDLAV 2e7 2 126 - 1.81 106.36 2987068
aoULAV 2e7 2 126 - 1.64 109.90 2987068
aoD2AG 2e7 2 126 - 3.91 175.22 4388372
aoD2SG 2e7 2 126 - 3.76 181.01 4548756
dry 75e2 2 105 - 0.03 0.12 26328
aoDLAV 75e2 2 105 - 0.02 0.17 31376
aoULAV 75e2 2 105 - 0.04 0.15 31392
aoD2AG 75e2 2 105 - 0.02 0.18 31380
aoD2SG 75e2 2 105 - 0.02 0.18 31380
moore 75e2 2 105 - 0.93 429.69 1688784
nbpm 75e2 2 105 - 4.21 157.86 4242124
greedy 75e2 2 105 - 3.48 153.52 6183092
dry 56e2 2 237 - 0.02 0.12 26236
aoDLAV 56e2 2 237 - 0.03 0.15 30980
aoULAV 56e2 2 237 - 0.03 0.14 30988
aoD2AG 56e2 2 237 - 0.04 0.16 31968
aoD2SG 56e2 2 237 - 0.03 0.17 31124
moore 56e2 2 237 - 0.52 194.19 952764
nbpm 56e2 2 237 - 2.36 106.08 2388088
greedy 56e2 2 237 - 2.15 80.14 3460492
dry 1e4 10 95 - 0.02 0.12 27688
aoDLAV 1e4 10 95 - 0.03 0.69 32764
aoULAV 1e4 10 95 - 0.03 0.67 32776
aoD2AG 1e4 10 95 - 0.03 0.70 32744
aoD2SG 1e4 10 95 - 0.04 0.77 34176
moore 1e4 10 95 - 1.26 886.16 2963856
nbpm 1e4 10 95 - 7.53 675.72 7764392
greedy 1e4 10 95 - 6.85 284.83 10961108
dry 1e4 5 242 - 0.03 0.12 26900
aoDLAV 1e4 5 242 - 0.03 0.22 31088
aoULAV 1e4 5 242 - 0.02 0.24 31096
aoD2AG 1e4 5 242 - 0.03 0.24 32108
aoD2SG 1e4 5 242 - 0.03 0.24 32108
moore 1e4 5 242 - 1.21 1105.09 2961736
nbpm 1e4 5 242 - 7.38 617.09 7811452
greedy 1e4 5 242 - 6.23 297.41 10959172
dry 5e7 2 212 - 0.56 1.62 1006736
aoDLAV 5e7 2 212 - 4.22 333.62 7440192
aoULAV 5e7 2 212 - 5.13 306.26 7440208
aoD2AG 5e7 2 212 - 10.00 452.25 10936404
aoD2SG 5e7 2 212 - 10.60 516.76 11335448
dry 25e2 2 51 - 0.02 0.12 26080
aoDLAV 25e2 2 51 - 0.03 0.15 30452
aoULAV 25e2 2 51 - 0.03 0.15 30464
aoD2AG 25e2 2 51 - 0.02 0.16 31024
aoD2SG 25e2 2 51 - 0.03 0.15 31040
moore 25e2 2 51 - 0.10 26.51 213600
nbpm 25e2 2 51 - 0.58 12.37 541632
greedy 25e2 2 51 - 0.41 9.36 713668
dry 56e6 2 121 - 0.66 1.79 1123924
aoDLAV 56e6 2 121 - 4.82 330.39 8330820
aoULAV 56e6 2 121 - 5.84 358.18 8330816
aoD2AG 56e6 2 121 - 11.08 498.72 12247960
aoD2SG 56e6 2 121 - 11.88 611.11 12694496
dry 25e2 2 153 - 0.03 0.12 26080
aoDLAV 25e2 2 153 - 0.03 0.15 30452
aoULAV 25e2 2 153 - 0.02 0.16 30464
aoD2AG 25e2 2 153 - 0.03 0.15 30972
aoD2SG 25e2 2 153 - 0.03 0.16 31012
moore 25e2 2 153 - 0.10 54.65 213604
nbpm 25e2 2 153 - 0.56 12.33 541644
greedy 25e2 2 153 - 0.42 10.06 713660
dry 1e4 5 44 - 0.03 0.12 26900
aoDLAV 1e4 5 44 - 0.03 0.22 31084
aoULAV 1e4 5 44 - 0.03 0.21 31096
aoD2AG 1e4 5 44 - 0.03 0.22 32108
aoD2SG 1e4 5 44 - 0.04 0.22 32108
moore 1e4 5 44 - 1.11 1170.52 2961736
nbpm 1e4 5 44 - 7.57 645.67 7811456
greedy 1e4 5 44 - 6.29 297.03 10959172
dry 56e6 2 234 - 0.66 1.79 1123928
aoDLAV 56e6 2 234 - 4.76 430.35 8330816
aoULAV 56e6 2 234 - 6.34 358.81 8330816
aoD2AG 56e6 2 234 - 10.99 595.99 12247792
aoD2SG 56e6 2 234 - 11.74 595.28 12695156
dry 1e4 5 199 - 0.02 0.12 26904
aoDLAV 1e4 5 199 - 0.03 0.22 31084
aoULAV 1e4 5 199 - 0.02 0.23 31096
aoD2AG 1e4 5 199 - 0.03 0.23 32112
aoD2SG 1e4 5 199 - 0.03 0.25 32112
moore 1e4 5 199 - 1.15 1101.35 2961736
nbpm 1e4 5 199 - 7.54 694.21 7811452
greedy 1e4 5 199 - 6.71 293.69 10959172
dry 6e7 2 110 - 0.73 1.89 1202084
aoDLAV 6e7 2 110 - 5.08 365.79 8924560
aoULAV 6e7 2 110 - 6.71 399.12 8924560
aoD2AG 6e7 2 110 - 11.74 542.06 13121852
aoD2SG 6e7 2 110 - 13.16 632.35 13600740
dry 4e7 2 224 - 0.48 1.34 811424
aoDLAV 4e7 2 224 - 3.78 256.53 5955816
aoULAV 4e7 2 224 - 4.63 247.68 5955816
aoD2AG 4e7 2 224 - 7.94 346.38 8755460
aoD2SG 4e7 2 224 - 8.32 402.14 9072504
dry 18e6 2 109 - 0.26 0.71 381740
aoDLAV 18e6 2 109 - 1.67 95.15 2690192
aoULAV 18e6 2 109 - 1.65 103.93 2690192
aoD2AG 18e6 2 109 - 3.17 144.07 3950188
aoD2SG 18e6 2 109 - 3.88 219.88 4094088
dry 6e7 2 195 - 0.76 1.98 1202044
aoDLAV 6e7 2 195 - 5.23 359.15 8924560
aoULAV 6e7 2 195 - 6.51 380.76 8924564
aoD2AG 6e7 2 195 - 11.88 538.94 13124240
aoD2SG 6e7 2 195 - 12.52 833.17 13602612
dry 32e6 2 120 - 0.38 1.09 655176
aoDLAV 32e6 2 120 - 2.56 182.43 4768324
aoULAV 32e6 2 120 - 3.49 194.25 4768324
aoD2AG 32e6 2 120 - 5.47 272.36 7008564
aoD2SG 32e6 2 120 - 6.36 310.50 7264016
dry 3e7 2 198 - 0.33 1.02 616104
aoDLAV 3e7 2 198 - 2.61 191.08 4471432
aoULAV 3e7 2 198 - 3.25 180.86 4471428
aoD2AG 3e7 2 198 - 6.04 253.68 6572132
aoD2SG 3e7 2 198 - 5.77 295.24 6808880
dry 3e7 2 145 - 0.40 1.06 616108
aoDLAV 3e7 2 145 - 2.72 165.92 4471428
aoULAV 3e7 2 145 - 3.32 172.93 4471428
aoD2AG 3e7 2 145 - 5.99 251.83 6571420
aoD2SG 3e7 2 145 - 5.95 307.15 6808984
dry 7e7 2 34 - 0.90 2.18 1397356
aoDLAV 7e7 2 34 - 5.92 426.74 10408936
aoULAV 7e7 2 34 - 7.83 440.59 10408940
aoD2AG 7e7 2 34 - 14.08 630.63 15303792
aoD2SG 7e7 2 34 - 15.04 902.86 15863964
dry 75e2 2 224 - 0.02 0.12 26328
aoDLAV 75e2 2 224 - 0.02 0.16 31376
aoULAV 75e2 2 224 - 0.02 0.16 31388
aoD2AG 75e2 2 224 - 0.03 0.17 31384
aoD2SG 75e2 2 224 - 0.02 0.18 31380
moore 75e2 2 224 - 1.47 535.82 1688824
nbpm 75e2 2 224 - 4.60 162.16 4242128
greedy 75e2 2 224 - 3.98 154.84 6183096
dry 25e2 2 10 - 0.03 0.12 26080
aoDLAV 25e2 2 10 - 0.03 0.15 30452
aoULAV 25e2 2 10 - 0.03 0.15 30468
aoD2AG 25e2 2 10 - 0.03 0.16 30984
aoD2SG 25e2 2 10 - 0.03 0.16 31028
moore 25e2 2 10 - 0.10 44.61 213600
nbpm 25e2 2 10 - 0.55 12.31 541640
greedy 25e2 2 10 - 0.44 9.87 713668
dry 6e7 2 40 - 0.72 1.94 1202044
aoDLAV 6e7 2 40 - 5.47 362.76 8924560
aoULAV 6e7 2 40 - 6.86 379.02 8924560
aoD2AG 6e7 2 40 - 12.22 535.43 13119672
aoD2SG 6e7 2 40 - 13.06 645.92 13598232
dry 75e2 2 171 - 0.03 0.13 26328
aoDLAV 75e2 2 171 - 0.03 0.16 31380
aoULAV 75e2 2 171 - 0.04 0.15 31388
aoD2AG 75e2 2 171 - 0.03 0.18 31380
aoD2SG 75e2 2 171 - 0.03 0.18 31380
moore 75e2 2 171 - 1.45 534.63 1688784
nbpm 75e2 2 171 - 4.21 172.96 4242140
greedy 75e2 2 171 - 3.75 145.01 6183096
dry 1e4 10 52 - 0.03 0.12 27688
aoDLAV 1e4 10 52 - 0.03 0.67 32764
aoULAV 1e4 10 52 - 0.03 0.68 32776
aoD2AG 1e4 10 52 - 0.03 0.69 32748
aoD2SG 1e4 10 52 - 0.03 0.75 34180
moore 1e4 10 52 - 1.12 1314.45 2963856
nbpm 1e4 10 52 - 7.30 737.86 7764384
greedy 1e4 10 52 - 6.76 266.22 10961108
dry 56e2 2 98 - 0.03 0.12 26240
aoDLAV 56e2 2 98 - 0.03 0.16 30976
aoULAV 56e2 2 98 - 0.03 0.15 30992
aoD2AG 56e2 2 98 - 0.03 0.18 31984
aoD2SG 56e2 2 98 - 0.03 0.18 31120
moore 56e2 2 98 - 0.64 205.20 952716
nbpm 56e2 2 98 - 2.39 74.68 2388080
greedy 56e2 2 98 - 2.06 75.00 3460508
dry 56e6 2 151 - 0.54 1.90 1123924
aoDLAV 56e6 2 151 - 4.97 335.21 8330816
aoULAV 56e6 2 151 - 6.06 352.95 8330820
aoD2AG 56e6 2 151 - 11.00 506.57 12247828
aoD2SG 56e6 2 151 - 11.69 693.90 12692248
dry 5e7 2 131 - 0.60 1.62 1006740
aoDLAV 5e7 2 131 - 4.34 305.93 7440192
aoULAV 5e7 2 131 - 5.70 325.67 7440192
aoD2AG 5e7 2 131 - 10.05 460.28 10937620
aoD2SG 5e7 2 131 - 10.48 501.63 11335408
dry 25e2 2 239 - 0.02 0.13 26080
aoDLAV 25e2 2 239 - 0.04 0.15 30452
aoULAV 25e2 2 239 - 0.03 0.15 30464
aoD2AG 25e2 2 239 - 0.03 0.16 30976
aoD2SG 25e2 2 239 - 0.02 0.16 31016
moore 25e2 2 239 - 0.09 27.58 213608
nbpm 25e2 2 239 - 0.51 12.46 541644
greedy 25e2 2 239 - 0.45 10.25 713668
dry 18e2 2 107 - 0.02 0.12 26048
aoDLAV 18e2 2 107 - 0.02 0.15 30372
aoULAV 18e2 2 107 - 0.02 0.15 30384
aoD2AG 18e2 2 107 - 0.03 0.15 30792
aoD2SG 18e2 2 107 - 0.02 0.15 30812
moore 18e2 2 107 - 0.06 9.85 125444
nbpm 18e2 2 107 - 0.18 7.75 334536
greedy 18e2 2 107 - 0.20 4.22 384356
dry 4e7 2 136 - 0.46 1.36 811424
aoDLAV 4e7 2 136 - 3.23 229.25 5955816
aoULAV 4e7 2 136 - 3.64 253.56 5955820
aoD2AG 4e7 2 136 - 7.78 353.78 8751756
aoD2SG 4e7 2 136 - 8.31 421.32 9074580
dry 5e7 2 27 - 0.55 1.61 1006736
aoDLAV 5e7 2 27 - 4.02 292.34 7440192
aoULAV 5e7 2 27 - 5.27 302.13 7440192
aoD2AG 5e7 2 27 - 9.30 438.56 10936392
aoD2SG 5e7 2 27 - 9.95 499.97 11336536
