dry 18e5 2 115 - 0.04 0.19 65324
aoDLAV 18e5 2 115 - 0.14 7.14 285536
aoULAV 18e5 2 115 - 0.18 8.15 285524
aoD2AG 18e5 2 115 - 0.24 8.52 412152
aoD2SG 18e5 2 115 - 0.28 11.11 426224
dry 1e7 10 20 - 0.40 1.32 850512
aoDLAV 1e7 10 20 - 1.55 4748.17 3533956
aoULAV 1e7 10 20 - 2.35 6160.01 3533952
aoD2AG 1e7 10 20 - 3.61 6042.12 4337564
aoD2SG 1e7 10 20 - 3.90 6966.99 4428680
dry 1e7 5 159 - 0.22 0.81 459868
aoDLAV 1e7 5 159 - 1.04 219.26 2323016
aoULAV 1e7 5 159 - 1.50 221.03 2323016
aoD2AG 1e7 5 159 - 2.10 236.80 3064080
aoD2SG 1e7 5 159 - 2.55 278.41 3149188
dry 32e5 2 232 - 0.06 0.25 92680
aoDLAV 32e5 2 232 - 0.27 11.92 493324
aoULAV 32e5 2 232 - 0.26 12.65 493336
aoD2AG 32e5 2 232 - 0.44 18.22 718304
aoD2SG 32e5 2 232 - 0.46 20.90 744464
dry 32e5 2 210 - 0.06 0.26 92676
aoDLAV 32e5 2 210 - 0.27 11.83 493324
aoULAV 32e5 2 210 - 0.28 12.72 493340
aoD2AG 32e5 2 210 - 0.42 18.34 718500
aoD2SG 32e5 2 210 - 0.42 20.98 742752
dry 1e7 10 64 - 0.43 1.38 850508
aoDLAV 1e7 10 64 - 1.59 4771.60 3533956
aoULAV 1e7 10 64 - 2.37 4878.27 3533956
aoD2AG 1e7 10 64 - 3.66 4868.94 4339524
aoD2SG 1e7 10 64 - 3.63 5818.63 4427616
dry 1e7 2 198 - 0.12 0.44 225484
aoDLAV 1e7 2 198 - 0.80 44.49 1502688
aoULAV 1e7 2 198 - 0.94 47.18 1502688
aoD2AG 1e7 2 198 - 1.50 66.52 2204728
aoD2SG 1e7 2 198 - 1.63 76.81 2283340
dry 1e7 2 73 - 0.13 0.43 225484
aoDLAV 1e7 2 73 - 0.76 44.95 1502684
aoULAV 1e7 2 73 - 0.76 47.00 1502684
aoD2AG 1e7 2 73 - 1.70 66.72 2203900
aoD2SG 1e7 2 73 - 1.72 76.96 2285208
dry 1e7 2 224 - 0.12 0.45 225484
aoDLAV 1e7 2 224 - 0.83 45.20 1502684
aoULAV 1e7 2 224 - 0.80 47.02 1502688
aoD2AG 1e7 2 224 - 1.56 66.49 2203400
aoD2SG 1e7 2 224 - 1.90 76.91 2283824
dry 1e7 10 196 - 0.43 1.39 850508
aoDLAV 1e7 10 196 - 1.46 4857.05 3533956
aoULAV 1e7 10 196 - 2.43 4777.27 3533956
aoD2AG 1e7 10 196 - 3.53 4785.46 4336228
aoD2SG 1e7 10 196 - 3.67 5733.18 4426844
dry 56e5 2 100 - 0.08 0.32 139544
aoDLAV 56e5 2 100 - 0.45 22.26 849556
aoULAV 56e5 2 100 - 0.43 23.84 849556
aoD2AG 56e5 2 100 - 0.76 33.64 1242420
aoD2SG 56e5 2 100 - 0.74 38.62 1286376
dry 1e7 2 234 - 0.11 0.45 225488
aoDLAV 1e7 2 234 - 0.82 43.52 1502684
aoULAV 1e7 2 234 - 1.01 46.22 1502684
aoD2AG 1e7 2 234 - 1.58 65.24 2205380
aoD2SG 1e7 2 234 - 1.66 75.48 2283948
dry 1e7 5 141 - 0.23 0.80 459868
aoDLAV 1e7 5 141 - 1.03 212.51 2323020
aoULAV 1e7 5 141 - 1.52 214.06 2323068
aoD2AG 1e7 5 141 - 2.42 236.62 3065280
aoD2SG 1e7 5 141 - 2.57 285.42 3151820
dry 1e7 2 162 - 0.13 0.43 225484
aoDLAV 1e7 2 162 - 0.81 44.34 1502688
aoULAV 1e7 2 162 - 0.97 47.17 1502688
aoD2AG 1e7 2 162 - 1.54 66.89 2205148
aoD2SG 1e7 2 162 - 1.66 76.81 2285624
dry 56e5 2 39 - 0.09 0.31 139544
aoDLAV 56e5 2 39 - 0.42 22.83 849556
aoULAV 56e5 2 39 - 0.46 24.29 849556
aoD2AG 56e5 2 39 - 0.73 34.55 1242464
aoD2SG 56e5 2 39 - 0.90 39.53 1286264
dry 18e5 2 233 - 0.04 0.22 65324
aoDLAV 18e5 2 233 - 0.16 6.34 285508
aoULAV 18e5 2 233 - 0.15 6.78 285520
aoD2AG 18e5 2 233 - 0.26 9.76 411640
aoD2SG 18e5 2 233 - 0.27 11.08 426900
dry 32e5 2 75 - 0.05 0.26 92696
aoDLAV 32e5 2 75 - 0.25 11.95 493324
aoULAV 32e5 2 75 - 0.25 12.72 493336
aoD2AG 32e5 2 75 - 0.42 18.33 718180
aoD2SG 32e5 2 75 - 0.43 20.98 744532
dry 1e7 5 45 - 0.24 0.79 459868
aoDLAV 1e7 5 45 - 1.10 271.37 2323020
aoULAV 1e7 5 45 - 1.55 214.93 2323016
aoD2AG 1e7 5 45 - 2.44 237.05 3063668
aoD2SG 1e7 5 45 - 2.11 281.25 3148724
dry 1e7 5 4 - 0.23 0.79 459868
aoDLAV 1e7 5 4 - 1.09 211.79 2323016
aoULAV 1e7 5 4 - 1.54 214.56 2323016
aoD2AG 1e7 5 4 - 2.48 236.41 3065280
aoD2SG 1e7 5 4 - 2.57 283.46 3150252
dry 1e7 2 195 - 0.12 0.44 225484
aoDLAV 1e7 2 195 - 0.75 44.06 1502684
aoULAV 1e7 2 195 - 0.77 46.64 1502684
aoD2AG 1e7 2 195 - 1.59 65.93 2203264
aoD2SG 1e7 2 195 - 1.65 76.37 2284292
dry 18e5 2 60 - 0.05 0.20 65324
aoDLAV 18e5 2 60 - 0.17 6.32 285508
aoULAV 18e5 2 60 - 0.17 6.76 285520
aoD2AG 18e5 2 60 - 0.24 9.77 413296
aoD2SG 18e5 2 60 - 0.30 11.05 427560
dry 1e7 2 94 - 0.13 0.43 225488
aoDLAV 1e7 2 94 - 0.75 44.04 1502684
aoULAV 1e7 2 94 - 0.78 46.65 1502696
aoD2AG 1e7 2 94 - 1.53 66.04 2202872
aoD2SG 1e7 2 94 - 1.59 76.29 2281388
dry 1e7 5 37 - 0.24 0.80 459868
aoDLAV 1e7 5 37 - 1.13 212.71 2323016
aoULAV 1e7 5 37 - 1.55 215.48 2323016
aoD2AG 1e7 5 37 - 2.52 238.57 3064184
aoD2SG 1e7 5 37 - 2.59 281.49 3149304
dry 56e5 2 222 - 0.09 0.31 139544
aoDLAV 56e5 2 222 - 0.45 22.75 849556
aoULAV 56e5 2 222 - 0.46 24.22 849560
aoD2AG 56e5 2 222 - 0.76 34.43 1243264
aoD2SG 56e5 2 222 - 0.76 39.57 1286508
dry 18e5 2 124 - 0.04 0.21 65328
aoDLAV 18e5 2 124 - 0.16 6.38 285508
aoULAV 18e5 2 124 - 0.17 6.77 285520
aoD2AG 18e5 2 124 - 0.27 9.79 412124
aoD2SG 18e5 2 124 - 0.26 11.13 426620
dry 56e5 2 223 - 0.09 0.31 139548
aoDLAV 56e5 2 223 - 0.46 22.81 849556
aoULAV 56e5 2 223 - 0.43 24.27 849556
aoD2AG 56e5 2 223 - 0.73 34.49 1243732
aoD2SG 56e5 2 223 - 0.77 39.54 1286472
dry 1e7 5 225 - 0.24 0.79 459868
aoDLAV 1e7 5 225 - 1.11 213.73 2323016
aoULAV 1e7 5 225 - 1.08 217.28 2323016
aoD2AG 1e7 5 225 - 2.50 234.95 3064896
aoD2SG 1e7 5 225 - 2.66 281.67 3149780
dry 32e5 2 25 - 0.05 0.26 92680
aoDLAV 32e5 2 25 - 0.27 11.77 493324
aoULAV 32e5 2 25 - 0.27 12.54 493340
aoD2AG 32e5 2 25 - 0.44 18.08 717392
aoD2SG 32e5 2 25 - 0.44 20.72 743016
dry 56e5 2 154 - 0.07 0.32 139544
aoDLAV 56e5 2 154 - 0.45 22.60 849560
aoULAV 56e5 2 154 - 0.48 24.10 849556
aoD2AG 56e5 2 154 - 0.75 34.25 1241344
aoD2SG 56e5 2 154 - 0.79 39.40 1286280
dry 1e7 2 115 - 0.14 0.43 225484
aoDLAV 1e7 2 115 - 0.83 44.05 1502684
aoULAV 1e7 2 115 - 0.97 46.86 1502688
aoD2AG 1e7 2 115 - 1.59 66.16 2205620
aoD2SG 1e7 2 115 - 1.73 76.78 2285344
dry 32e5 2 51 - 0.06 0.24 92676
aoDLAV 32e5 2 51 - 0.28 11.78 493324
aoULAV 32e5 2 51 - 0.26 12.58 493344
aoD2AG 32e5 2 51 - 0.41 18.05 717680
aoD2SG 32e5 2 51 - 0.43 20.70 743820
dry 1e7 5 156 - 0.24 0.80 459868
aoDLAV 1e7 5 156 - 1.02 213.13 2323040
aoULAV 1e7 5 156 - 1.48 215.19 2323020
aoD2AG 1e7 5 156 - 2.60 237.98 3063920
aoD2SG 1e7 5 156 - 2.61 282.27 3152840
dry 1e7 5 226 - 0.24 0.79 459868
aoDLAV 1e7 5 226 - 1.08 210.83 2323016
aoULAV 1e7 5 226 - 1.05 213.69 2323016
aoD2AG 1e7 5 226 - 2.54 236.72 3062052
aoD2SG 1e7 5 226 - 2.68 280.72 3148224
dry 1e7 2 12 - 0.13 0.43 225484
aoDLAV 1e7 2 12 - 0.78 43.93 1502684
aoULAV 1e7 2 12 - 0.80 46.48 1502684
aoD2AG 1e7 2 12 - 1.59 65.72 2203352
aoD2SG 1e7 2 12 - 1.69 76.08 2284700
dry 32e5 2 176 - 0.05 0.26 92676
aoDLAV 32e5 2 176 - 0.26 11.84 493324
aoULAV 32e5 2 176 - 0.29 12.56 493340
aoD2AG 32e5 2 176 - 0.43 18.10 719020
aoD2SG 32e5 2 176 - 0.41 20.74 743848
dry 1e7 5 134 - 0.25 0.79 459872
aoDLAV 1e7 5 134 - 1.08 211.54 2323020
aoULAV 1e7 5 134 - 1.55 242.39 2323076
aoD2AG 1e7 5 134 - 2.30 269.42 3064568
aoD2SG 1e7 5 134 - 2.86 314.37 3150308
dry 1e7 2 212 - 0.14 0.44 225484
aoDLAV 1e7 2 212 - 0.78 44.66 1502684
aoULAV 1e7 2 212 - 0.83 47.32 1502688
aoD2AG 1e7 2 212 - 1.88 67.62 2204752
aoD2SG 1e7 2 212 - 1.78 78.09 2284660
dry 1e7 5 244 - 0.26 0.78 459868
aoDLAV 1e7 5 244 - 1.16 248.49 2323016
aoULAV 1e7 5 244 - 1.54 218.98 2323016
aoD2AG 1e7 5 244 - 2.60 248.06 3061288
aoD2SG 1e7 5 244 - 2.67 286.01 3151940
dry 1e7 10 158 - 0.44 1.37 850512
aoDLAV 1e7 10 158 - 2.23 5761.82 3533960
aoULAV 1e7 10 158 - 2.85 4800.15 3533952
aoD2AG 1e7 10 158 - 3.57 5936.79 4336244
aoD2SG 1e7 10 158 - 3.67 5785.54 4425928
dry 1e7 10 232 - 0.41 1.38 850508
aoDLAV 1e7 10 232 - 1.64 6049.07 3533956
aoULAV 1e7 10 232 - 2.96 7165.75 3533956
aoD2AG 1e7 10 232 - 3.70 6811.56 4338060
aoD2SG 1e7 10 232 - 3.60 5809.99 4426284
dry 32e5 2 126 - 0.06 0.24 92676
aoDLAV 32e5 2 126 - 0.24 11.82 493324
aoULAV 32e5 2 126 - 0.26 12.57 493336
aoD2AG 32e5 2 126 - 0.42 18.07 718280
aoD2SG 32e5 2 126 - 0.39 20.70 743772
dry 18e5 2 11 - 0.04 0.21 65324
aoDLAV 18e5 2 11 - 0.19 6.28 285588
aoULAV 18e5 2 11 - 0.15 6.74 285520
aoD2AG 18e5 2 11 - 0.24 9.72 412792
aoD2SG 18e5 2 11 - 0.26 11.04 426640
dry 1e7 5 204 - 0.22 0.79 459868
aoDLAV 1e7 5 204 - 1.07 209.11 2323020
aoULAV 1e7 5 204 - 1.39 210.50 2323020
aoD2AG 1e7 5 204 - 2.47 232.37 3065600
aoD2SG 1e7 5 204 - 2.57 276.67 3151628
dry 18e5 2 200 - 0.05 0.21 65324
aoDLAV 18e5 2 200 - 0.16 6.26 285512
aoULAV 18e5 2 200 - 0.17 6.66 285524
aoD2AG 18e5 2 200 - 0.25 9.64 412700
aoD2SG 18e5 2 200 - 0.26 11.00 427116
dry 18e5 2 143 - 0.05 0.21 65324
aoDLAV 18e5 2 143 - 0.15 6.27 285508
aoULAV 18e5 2 143 - 0.14 6.68 285520
aoD2AG 18e5 2 143 - 0.24 9.63 413440
aoD2SG 18e5 2 143 - 0.24 11.00 425852
dry 1e7 10 14 - 0.42 1.37 850512
aoDLAV 1e7 10 14 - 1.52 4756.58 3533984
aoULAV 1e7 10 14 - 2.69 5796.66 3533952
aoD2AG 1e7 10 14 - 3.32 5625.68 4336428
aoD2SG 1e7 10 14 - 3.50 5657.07 4427252
