dry 1e7 5 146 - 0.20 0.75 459868
aoDLAV 1e7 5 146 - 1.05 268.53 2323016
aoULAV 1e7 5 146 - 1.50 217.77 2323016
aoD2AG 1e7 5 146 - 2.47 239.24 3064784
aoD2SG 1e7 5 146 - 2.10 282.28 3152092
dry 18e5 2 133 - 0.04 0.21 65328
aoDLAV 18e5 2 133 - 0.17 6.40 285508
aoULAV 18e5 2 133 - 0.17 6.70 285520
aoD2AG 18e5 2 133 - 0.26 9.67 413484
aoD2SG 18e5 2 133 - 0.29 10.96 427072
dry 56e5 2 229 - 0.10 0.30 139544
aoDLAV 56e5 2 229 - 0.49 22.50 849556
aoULAV 56e5 2 229 - 0.46 23.93 849560
aoD2AG 56e5 2 229 - 0.77 33.90 1242728
aoD2SG 56e5 2 229 - 0.78 38.97 1288520
dry 1e7 10 59 - 0.41 1.38 850508
aoDLAV 1e7 10 59 - 1.97 6269.27 3533956
aoULAV 1e7 10 59 - 2.44 4763.89 3533956
aoD2AG 1e7 10 59 - 3.60 4816.13 4337384
aoD2SG 1e7 10 59 - 3.71 5719.05 4427848
dry 1e7 5 26 - 0.22 0.79 459868
aoDLAV 1e7 5 26 - 1.06 210.40 2323020
aoULAV 1e7 5 26 - 1.46 212.54 2323016
aoD2AG 1e7 5 26 - 1.98 234.24 3064544
aoD2SG 1e7 5 26 - 2.51 282.35 3151088
dry 32e5 2 94 - 0.06 0.24 92676
aoDLAV 32e5 2 94 - 0.27 11.99 493324
aoULAV 32e5 2 94 - 0.25 12.58 493336
aoD2AG 32e5 2 94 - 0.42 18.20 717644
aoD2SG 32e5 2 94 - 0.44 20.91 743472
dry 18e5 2 244 - 0.04 0.21 65328
aoDLAV 18e5 2 244 - 0.15 6.24 285540
aoULAV 18e5 2 244 - 0.15 6.61 285520
aoD2AG 18e5 2 244 - 0.23 9.77 413188
aoD2SG 18e5 2 244 - 0.26 11.17 426624
dry 32e5 2 60 - 0.06 0.24 92676
aoDLAV 32e5 2 60 - 0.24 11.84 493324
aoULAV 32e5 2 60 - 0.24 12.58 493364
aoD2AG 32e5 2 60 - 0.46 18.19 718180
aoD2SG 32e5 2 60 - 0.43 21.06 744072
dry 56e5 2 11 - 0.08 0.31 139544
aoDLAV 56e5 2 11 - 0.44 22.69 849556
aoULAV 56e5 2 11 - 0.43 24.41 849556
aoD2AG 56e5 2 11 - 0.76 35.48 1242256
aoD2SG 56e5 2 11 - 0.77 40.08 1287116
dry 56e5 2 36 - 0.08 0.32 139544
aoDLAV 56e5 2 36 - 0.46 22.99 849556
aoULAV 56e5 2 36 - 0.44 24.84 849612
aoD2AG 56e5 2 36 - 0.72 34.92 1242772
aoD2SG 56e5 2 36 - 0.74 40.58 1286928
dry 56e5 2 21 - 0.08 0.31 139548
aoDLAV 56e5 2 21 - 0.43 23.04 849556
aoULAV 56e5 2 21 - 0.58 25.41 849556
aoD2AG 56e5 2 21 - 0.72 35.62 1241040
aoD2SG 56e5 2 21 - 0.74 40.25 1285920
dry 56e5 2 18 - 0.07 0.33 139544
aoDLAV 56e5 2 18 - 0.46 23.16 849556
aoULAV 56e5 2 18 - 0.47 24.40 849560
aoD2AG 56e5 2 18 - 0.71 35.11 1243056
aoD2SG 56e5 2 18 - 0.76 40.43 1285788
dry 1e7 5 248 - 0.23 0.78 459868
aoDLAV 1e7 5 248 - 1.06 211.59 2323020
aoULAV 1e7 5 248 - 1.54 214.54 2323016
aoD2AG 1e7 5 248 - 2.41 236.25 3065172
aoD2SG 1e7 5 248 - 2.56 280.73 3150284
dry 18e5 2 37 - 0.05 0.20 65324
aoDLAV 18e5 2 37 - 0.15 6.27 285512
aoULAV 18e5 2 37 - 0.14 6.69 285520
aoD2AG 18e5 2 37 - 0.26 9.57 412724
aoD2SG 18e5 2 37 - 0.24 10.89 427000
dry 1e7 2 120 - 0.12 0.44 225484
aoDLAV 1e7 2 120 - 0.78 43.47 1502684
aoULAV 1e7 2 120 - 0.76 46.19 1502684
aoD2AG 1e7 2 120 - 1.49 65.22 2205464
aoD2SG 1e7 2 120 - 1.64 75.34 2284244
dry 1e7 2 172 - 0.12 0.43 225484
aoDLAV 1e7 2 172 - 0.76 43.54 1502688
aoULAV 1e7 2 172 - 0.95 46.21 1502688
aoD2AG 1e7 2 172 - 1.51 65.24 2202524
aoD2SG 1e7 2 172 - 1.66 75.29 2283032
dry 1e7 10 62 - 0.42 1.36 850508
aoDLAV 1e7 10 62 - 1.81 5100.34 3533964
aoULAV 1e7 10 62 - 2.30 4798.82 3534064
aoD2AG 1e7 10 62 - 3.47 4732.84 4336280
aoD2SG 1e7 10 62 - 3.65 5664.17 4424304
dry 56e5 2 74 - 0.09 0.30 139548
aoDLAV 56e5 2 74 - 0.45 22.16 849556
aoULAV 56e5 2 74 - 0.48 23.62 849556
aoD2AG 56e5 2 74 - 0.79 33.51 1242980
aoD2SG 56e5 2 74 - 0.79 38.38 1286216
dry 1e7 10 36 - 0.43 1.37 850512
aoDLAV 1e7 10 36 - 1.57 4636.68 3533952
aoULAV 1e7 10 36 - 2.34 4762.55 3533960
aoD2AG 1e7 10 36 - 4.11 4786.85 4336384
aoD2SG 1e7 10 36 - 3.93 6665.44 4425448
dry 1e7 5 160 - 0.23 0.78 459868
aoDLAV 1e7 5 160 - 1.01 215.84 2323020
aoULAV 1e7 5 160 - 1.51 216.19 2323016
aoD2AG 1e7 5 160 - 2.06 236.82 3065144
aoD2SG 1e7 5 160 - 2.55 280.28 3151344
dry 32e5 2 77 - 0.06 0.25 92676
aoDLAV 32e5 2 77 - 0.26 11.78 493324
aoULAV 32e5 2 77 - 0.27 12.52 493336
aoD2AG 32e5 2 77 - 0.38 18.01 718664
aoD2SG 32e5 2 77 - 0.42 20.58 742528
dry 18e5 2 154 - 0.04 0.21 65324
aoDLAV 18e5 2 154 - 0.17 6.29 285508
aoULAV 18e5 2 154 - 0.17 6.67 285520
aoD2AG 18e5 2 154 - 0.26 9.98 411912
aoD2SG 18e5 2 154 - 0.25 11.41 427560
dry 1e7 10 247 - 0.41 1.37 850508
aoDLAV 1e7 10 247 - 1.57 4801.78 3533952
aoULAV 1e7 10 247 - 2.34 4742.44 3533960
aoD2AG 1e7 10 247 - 3.51 4854.97 4335568
aoD2SG 1e7 10 247 - 3.63 5786.67 4426020
dry 1e7 5 21 - 0.23 0.79 459868
aoDLAV 1e7 5 21 - 1.03 214.31 2323020
aoULAV 1e7 5 21 - 1.46 216.93 2323016
aoD2AG 1e7 5 21 - 2.05 236.31 3063404
aoD2SG 1e7 5 21 - 2.45 279.05 3149688
dry 18e5 2 137 - 0.04 0.22 65324
aoDLAV 18e5 2 137 - 0.14 6.27 285508
aoULAV 18e5 2 137 - 0.14 6.66 285520
aoD2AG 18e5 2 137 - 0.24 9.63 412984
aoD2SG 18e5 2 137 - 0.26 10.86 426904
dry 1e7 5 180 - 0.23 0.78 459868
aoDLAV 1e7 5 180 - 1.04 212.10 2323048
aoULAV 1e7 5 180 - 1.47 216.58 2323016
aoD2AG 1e7 5 180 - 2.50 236.93 3064024
aoD2SG 1e7 5 180 - 2.12 280.63 3151496
dry 18e5 2 36 - 0.05 0.21 65328
aoDLAV 18e5 2 36 - 0.16 6.26 285508
aoULAV 18e5 2 36 - 0.17 6.65 285520
aoD2AG 18e5 2 36 - 0.26 9.67 412572
aoD2SG 18e5 2 36 - 0.26 10.96 426808
dry 1e7 10 148 - 0.41 1.37 850512
aoDLAV 1e7 10 148 - 1.51 4802.99 3533960
aoULAV 1e7 10 148 - 2.37 4821.65 3533952
aoD2AG 1e7 10 148 - 3.58 4800.19 4337860
aoD2SG 1e7 10 148 - 3.59 5751.07 4429260
dry 1e7 10 210 - 0.51 1.37 850508
aoDLAV 1e7 10 210 - 2.02 5761.67 3533956
aoULAV 1e7 10 210 - 2.48 4796.93 3533952
aoD2AG 1e7 10 210 - 3.56 4967.29 4337656
aoD2SG 1e7 10 210 - 4.58 7312.61 4424548
