dry 2e4 5 118 - 0.02 0.11 27776
aoDLAV 2e4 5 118 - 0.02 0.27 32756
aoULAV 2e4 5 118 - 0.03 0.27 32772
aoD2AG 2e4 5 118 - 0.04 0.29 33344
aoD2SG 2e4 5 118 - 0.03 0.32 32860
moore 2e4 5 118 - 3.57 7995.39 11768092
nbpm 2e4 5 118 - 29.81 4931.63 34200596
greedy 2e4 5 118 - 24.36 1312.66 43774004
dry 18e3 2 183 - 0.03 0.12 26748
aoDLAV 18e3 2 183 - 0.03 0.20 30740
aoULAV 18e3 2 183 - 0.03 0.19 30744
aoD2AG 18e3 2 183 - 0.04 0.20 31804
aoD2SG 18e3 2 183 - 0.03 0.21 31808
moore 18e3 2 183 - 2.96 5253.47 9534980
nbpm 18e3 2 183 - 24.12 1982.02 25451056
greedy 18e3 2 183 - 20.14 1011.39 35458364
dry 175e2 2 146 - 0.02 0.12 28620
aoDLAV 175e2 2 146 - 0.03 0.18 30716
aoULAV 175e2 2 146 - 0.03 0.19 30716
aoD2AG 175e2 2 146 - 0.02 0.20 31752
aoD2SG 175e2 2 146 - 0.04 0.20 31760
moore 175e2 2 146 - 2.74 4610.85 9014028
nbpm 175e2 2 146 - 21.02 1886.93 22863148
greedy 175e2 2 146 - 18.80 917.64 33516980
dry 175e2 2 25 - 0.03 0.11 27956
aoDLAV 175e2 2 25 - 0.04 0.17 30716
aoULAV 175e2 2 25 - 0.03 0.18 30716
aoD2AG 175e2 2 25 - 0.03 0.20 31752
aoD2SG 175e2 2 25 - 0.03 0.20 31760
moore 175e2 2 25 - 2.69 4965.26 9014028
nbpm 175e2 2 25 - 21.13 1814.40 22863148
greedy 175e2 2 25 - 18.61 975.66 33516976
dry 150e2 2 136 - 0.03 0.11 26628
aoDLAV 150e2 2 136 - 0.04 0.17 30824
aoULAV 150e2 2 136 - 0.02 0.19 30824
aoD2AG 150e2 2 136 - 0.03 0.19 31612
aoD2SG 150e2 2 136 - 0.03 0.20 31612
moore 150e2 2 136 - 2.13 3233.62 6629348
nbpm 150e2 2 136 - 14.86 1162.39 16814168
greedy 150e2 2 136 - 13.11 665.48 24630024
dry 9e7 2 207 - 1.04 2.80 1787984
aoDLAV 9e7 2 207 - 7.16 538.79 13377688
aoULAV 9e7 2 207 - 9.45 562.53 13377684
aoD2AG 9e7 2 207 - 16.93 810.92 19672304
aoD2SG 9e7 2 207 - 18.31 1054.77 20390628
dry 8e7 2 114 - 0.87 2.46 1592676
aoDLAV 8e7 2 114 - 6.63 460.28 11893324
aoULAV 8e7 2 114 - 8.55 488.92 11893328
aoD2AG 8e7 2 114 - 14.67 676.33 17486636
aoD2SG 8e7 2 114 - 15.74 839.47 18124732
dry 1e8 5 156 - 2.14 6.20 4327056
aoDLAV 1e8 5 156 - 12.24 2956.33 23065208
aoULAV 1e8 5 156 - 17.11 2819.89 23065204
aoD2AG 1e8 5 156 - 27.01 3042.64 30456308
aoD2SG 1e8 5 156 - 27.39 3502.14 31312280
dry 175e2 2 241 - 0.03 0.12 26732
aoDLAV 175e2 2 241 - 0.03 0.18 30720
aoULAV 175e2 2 241 - 0.03 0.19 30716
aoD2AG 175e2 2 241 - 0.03 0.20 31752
aoD2SG 175e2 2 241 - 0.03 0.21 31756
moore 175e2 2 241 - 2.95 4595.09 9014024
nbpm 175e2 2 241 - 21.87 1901.39 22863136
greedy 175e2 2 241 - 17.47 957.39 33516976
dry 2e4 2 109 - 0.02 0.12 26828
aoDLAV 2e4 2 109 - 0.03 0.19 30808
aoULAV 2e4 2 109 - 0.03 0.19 30808
aoD2AG 2e4 2 109 - 0.02 0.21 32284
aoD2SG 2e4 2 109 - 0.03 0.21 32288
moore 2e4 2 109 - 3.43 6775.15 11765544
nbpm 2e4 2 109 - 28.62 4558.91 31402196
greedy 2e4 2 109 - 25.58 1351.20 43771040
dry 175e2 2 94 - 0.04 0.11 28760
aoDLAV 175e2 2 94 - 0.04 0.19 30716
aoULAV 175e2 2 94 - 0.04 0.18 30720
aoD2AG 175e2 2 94 - 0.04 0.20 31760
aoD2SG 175e2 2 94 - 0.03 0.22 31760
moore 175e2 2 94 - 2.86 4391.79 9014028
nbpm 175e2 2 94 - 25.09 1767.50 22863144
greedy 175e2 2 94 - 19.40 968.87 33516980
dry 175e2 2 86 - 0.03 0.12 26736
aoDLAV 175e2 2 86 - 0.04 0.18 30716
aoULAV 175e2 2 86 - 0.03 0.19 30716
aoD2AG 175e2 2 86 - 0.03 0.19 31752
aoD2SG 175e2 2 86 - 0.04 0.20 31756
moore 175e2 2 86 - 2.75 4270.53 9014036
nbpm 175e2 2 86 - 21.53 1794.75 22863144
greedy 175e2 2 86 - 20.40 1037.78 33516976
dry 18e3 2 154 - 0.03 0.11 26748
aoDLAV 18e3 2 154 - 0.04 0.18 30740
aoULAV 18e3 2 154 - 0.03 0.19 30744
aoD2AG 18e3 2 154 - 0.03 0.20 31808
aoD2SG 18e3 2 154 - 0.04 0.20 31816
moore 18e3 2 154 - 2.91 4785.26 9534988
nbpm 18e3 2 154 - 24.08 1926.73 25451068
greedy 18e3 2 154 - 22.25 1100.01 35458364
dry 8e7 2 152 - 0.97 2.48 1592676
aoDLAV 8e7 2 152 - 6.35 452.25 11893324
aoULAV 8e7 2 152 - 8.54 477.79 11893324
aoD2AG 8e7 2 152 - 15.52 671.29 17486232
aoD2SG 8e7 2 152 - 16.19 800.60 18127200
dry 2e4 5 198 - 0.03 0.12 27780
aoDLAV 2e4 5 198 - 0.04 0.29 32756
aoULAV 2e4 5 198 - 0.04 0.29 32768
aoD2AG 2e4 5 198 - 0.04 0.32 33340
aoD2SG 2e4 5 198 - 0.04 0.34 32860
moore 2e4 5 198 - 3.35 6374.27 11768080
nbpm 2e4 5 198 - 29.86 6820.16 34200496
greedy 2e4 5 198 - 24.20 1495.71 43774004
dry 2e4 10 218 - 0.03 0.12 31388
aoDLAV 2e4 10 218 - 0.04 1.83 34836
aoULAV 2e4 10 218 - 0.04 1.87 34848
aoD2AG 2e4 10 218 - 0.03 1.89 36076
aoD2SG 2e4 10 218 - 0.04 2.25 36080
moore 2e4 10 218 - 5.20 7393.52 11770832
nbpm 2e4 10 218 - 29.74 7129.90 30880036
greedy 2e4 10 218 - 24.02 1254.61 43775820
dry 150e2 2 233 - 0.02 0.12 28436
aoDLAV 150e2 2 233 - 0.03 0.18 30828
aoULAV 150e2 2 233 - 0.03 0.18 30828
aoD2AG 150e2 2 233 - 0.03 0.19 31612
aoD2SG 150e2 2 233 - 0.03 0.19 31612
moore 150e2 2 233 - 2.20 2810.25 6629352
nbpm 150e2 2 233 - 14.64 1118.63 16814176
greedy 150e2 2 233 - 13.35 655.67 24630024
dry 2e4 5 3 - 0.03 0.12 29492
aoDLAV 2e4 5 3 - 0.03 0.29 32756
aoULAV 2e4 5 3 - 0.03 0.28 32768
aoD2AG 2e4 5 3 - 0.02 0.32 33344
aoD2SG 2e4 5 3 - 0.03 0.33 32860
moore 2e4 5 3 - 4.89 7086.28 11768084
nbpm 2e4 5 3 - 32.14 4550.28 34200496
greedy 2e4 5 3 - 24.75 1362.36 43774008
dry 125e2 2 103 - 0.02 0.12 26532
aoDLAV 125e2 2 103 - 0.04 0.17 30708
aoULAV 125e2 2 103 - 0.03 0.18 30708
aoD2AG 125e2 2 103 - 0.03 0.19 31376
aoD2SG 125e2 2 103 - 0.03 0.20 31376
moore 125e2 2 103 - 1.69 1729.95 4611540
nbpm 125e2 2 103 - 11.97 678.75 12302320
greedy 125e2 2 103 - 10.78 440.33 17109964
dry 1e8 5 234 - 2.35 6.26 4327052
aoDLAV 1e8 5 234 - 11.63 2802.17 23065204
aoULAV 1e8 5 234 - 16.89 2530.78 23065208
aoD2AG 1e8 5 234 - 25.84 3077.40 30455456
aoD2SG 1e8 5 234 - 29.69 3796.19 31312460
dry 2e4 5 20 - 0.03 0.11 27776
aoDLAV 2e4 5 20 - 0.04 0.30 32756
aoULAV 2e4 5 20 - 0.04 0.29 32768
aoD2AG 2e4 5 20 - 0.03 0.33 33344
aoD2SG 2e4 5 20 - 0.04 0.35 32860
moore 2e4 5 20 - 3.50 6512.82 11768108
nbpm 2e4 5 20 - 29.93 5024.41 34200496
greedy 2e4 5 20 - 24.98 1317.82 43774004
dry 8e7 2 6 - 1.17 2.46 1592676
aoDLAV 8e7 2 6 - 6.57 581.50 11893384
aoULAV 8e7 2 6 - 8.74 477.84 11893324
aoD2AG 8e7 2 6 - 15.11 676.76 17490944
aoD2SG 8e7 2 6 - 16.27 868.16 18127292
dry 150e2 2 167 - 0.03 0.12 26628
aoDLAV 150e2 2 167 - 0.03 0.18 30824
aoULAV 150e2 2 167 - 0.02 0.19 30824
aoD2AG 150e2 2 167 - 0.03 0.19 31608
aoD2SG 150e2 2 167 - 0.03 0.20 31608
moore 150e2 2 167 - 2.19 3456.12 6629352
nbpm 150e2 2 167 - 14.85 1246.32 16814176
greedy 150e2 2 167 - 14.13 661.63 24630028
dry 2e4 2 144 - 0.04 0.11 26828
aoDLAV 2e4 2 144 - 0.03 0.20 30808
aoULAV 2e4 2 144 - 0.03 0.19 30808
aoD2AG 2e4 2 144 - 0.03 0.21 32288
aoD2SG 2e4 2 144 - 0.04 0.21 32296
moore 2e4 2 144 - 3.47 8010.78 11765552
nbpm 2e4 2 144 - 29.71 2757.80 31402192
greedy 2e4 2 144 - 24.51 1139.65 43771044
dry 9e7 2 22 - 0.93 2.71 1787984
aoDLAV 9e7 2 22 - 7.39 517.53 13377684
aoULAV 9e7 2 22 - 9.86 554.65 13377684
aoD2AG 9e7 2 22 - 17.62 806.50 19668980
aoD2SG 9e7 2 22 - 17.93 944.24 20387456
dry 2e4 2 157 - 0.03 0.11 26828
aoDLAV 2e4 2 157 - 0.03 0.18 30860
aoULAV 2e4 2 157 - 0.04 0.18 30808
aoD2AG 2e4 2 157 - 0.04 0.20 32288
aoD2SG 2e4 2 157 - 0.03 0.22 32292
moore 2e4 2 157 - 3.58 6948.29 11765544
nbpm 2e4 2 157 - 30.09 2675.91 31402188
greedy 2e4 2 157 - 25.79 1259.11 43771040
dry 2e4 5 119 - 0.03 0.11 29480
aoDLAV 2e4 5 119 - 0.04 0.28 32756
aoULAV 2e4 5 119 - 0.03 0.28 32768
aoD2AG 2e4 5 119 - 0.03 0.32 33344
aoD2SG 2e4 5 119 - 0.04 0.33 32864
moore 2e4 5 119 - 3.46 7457.14 11768080
nbpm 2e4 5 119 - 29.96 5042.83 34200496
greedy 2e4 5 119 - 25.41 1341.60 43774004
dry 2e4 10 45 - 0.03 0.12 30420
aoDLAV 2e4 10 45 - 0.03 1.56 34836
aoULAV 2e4 10 45 - 0.03 1.54 34852
aoD2AG 2e4 10 45 - 0.03 1.57 36076
aoD2SG 2e4 10 45 - 0.03 1.85 36076
moore 2e4 10 45 - 3.44 7534.57 11770836
nbpm 2e4 10 45 - 30.35 6052.58 30880036
greedy 2e4 10 45 - 24.00 1311.91 43775820
dry 8e7 2 83 - 0.86 2.44 1592680
aoDLAV 8e7 2 83 - 6.34 465.22 11893328
aoULAV 8e7 2 83 - 8.58 494.86 11893324
aoD2AG 8e7 2 83 - 15.33 903.67 17489712
aoD2SG 8e7 2 83 - 16.30 855.56 18127680
dry 9e7 2 70 - 0.97 2.73 1787984
aoDLAV 9e7 2 70 - 7.23 542.41 13377684
aoULAV 9e7 2 70 - 9.64 581.80 13377688
aoD2AG 9e7 2 70 - 17.77 848.00 19671892
aoD2SG 9e7 2 70 - 17.83 926.80 20386568
dry 9e7 2 152 - 0.95 2.75 1787984
aoDLAV 9e7 2 152 - 7.19 517.90 13377684
aoULAV 9e7 2 152 - 9.12 556.46 13377684
aoD2AG 9e7 2 152 - 16.75 824.56 19671164
aoD2SG 9e7 2 152 - 18.35 984.35 20387148
dry 150e2 2 36 - 0.03 0.11 26628
aoDLAV 150e2 2 36 - 0.04 0.17 30828
aoULAV 150e2 2 36 - 0.02 0.19 30824
aoD2AG 150e2 2 36 - 0.03 0.19 31608
aoD2SG 150e2 2 36 - 0.03 0.20 31652
moore 150e2 2 36 - 2.12 2652.13 6629356
nbpm 150e2 2 36 - 15.71 1122.24 16814176
greedy 150e2 2 36 - 13.77 654.26 24630028
dry 18e3 2 101 - 0.02 0.12 26752
aoDLAV 18e3 2 101 - 0.03 0.18 30744
aoULAV 18e3 2 101 - 0.03 0.18 30740
aoD2AG 18e3 2 101 - 0.03 0.20 31804
aoD2SG 18e3 2 101 - 0.04 0.20 31808
