dry 1e3 2 124 - 0.02 0.12 26020
aoDLAV 1e3 2 124 - 0.02 0.15 30280
aoULAV 1e3 2 124 - 0.02 0.15 30296
aoD2AG 1e3 2 124 - 0.03 0.13 30540
aoD2SG 1e3 2 124 - 0.03 0.14 30560
moore 1e3 2 124 - 0.04 5.29 59772
nbpm 1e3 2 124 - 0.12 3.88 138552
greedy 1e3 2 124 - 0.09 0.97 139248
dry 1e5 5 121 - 0.03 0.13 34476
aoDLAV 1e5 5 121 - 0.04 1.43 41816
aoULAV 1e5 5 121 - 0.04 1.47 43568
aoD2AG 1e5 5 121 - 0.05 1.59 53560
aoD2SG 1e5 5 121 - 0.03 1.89 53200
dry 18e4 2 11 - 0.03 0.13 33108
aoDLAV 18e4 2 11 - 0.04 0.77 47860
aoULAV 18e4 2 11 - 0.04 0.74 47860
aoD2AG 18e4 2 11 - 0.05 0.95 59032
aoD2SG 18e4 2 11 - 0.04 1.12 60400
dry 1e2 10 145 - 0.02 0.12 26004
aoDLAV 1e2 10 145 - 0.02 0.14 30260
aoULAV 1e2 10 145 - 0.03 0.14 30272
aoD2AG 1e2 10 145 - 0.03 0.14 30440
aoD2SG 1e2 10 145 - 0.02 0.14 30444
moore 1e2 10 145 - 0.03 0.20 30496
nbpm 1e2 10 145 - 0.09 2.12 53072
greedy 1e2 10 145 - 0.03 0.14 30972
dry 1e5 5 92 - 0.03 0.14 34480
aoDLAV 1e5 5 92 - 0.05 1.54 41816
aoULAV 1e5 5 92 - 0.04 1.49 43568
aoD2AG 1e5 5 92 - 0.05 1.61 53944
aoD2SG 1e5 5 92 - 0.05 1.82 53200
dry 275e2 2 45 - 0.02 0.12 27120
aoDLAV 275e2 2 45 - 0.02 0.21 31240
aoULAV 275e2 2 45 - 0.04 0.20 31572
aoD2AG 275e2 2 45 - 0.04 0.23 34708
aoD2SG 275e2 2 45 - 0.03 0.25 34808
dry 1e6 2 52 - 0.03 0.20 49704
aoDLAV 1e6 2 52 - 0.10 3.82 178460
aoULAV 1e6 2 52 - 0.13 3.82 178456
aoD2AG 1e6 2 52 - 0.15 5.51 233420
aoD2SG 1e6 2 52 - 0.19 6.21 241704
dry 1e1 2 52 - 0.02 0.12 25992
aoDLAV 1e1 2 52 - 0.02 0.14 30164
aoULAV 1e1 2 52 - 0.02 0.15 30176
aoD2AG 1e1 2 52 - 0.03 0.14 30320
aoD2SG 1e1 2 52 - 0.02 0.15 30328
moore 1e1 2 52 - 0.03 0.18 30476
nbpm 1e1 2 52 - 0.09 2.11 49816
greedy 1e1 2 52 - 0.03 0.14 30124
dry 275e2 2 24 - 0.02 0.12 30676
aoDLAV 275e2 2 24 - 0.03 0.20 31240
aoULAV 275e2 2 24 - 0.02 0.22 31576
aoD2AG 275e2 2 24 - 0.02 0.24 34700
aoD2SG 275e2 2 24 - 0.02 0.24 34808
dry 325e2 2 83 - 0.04 0.10 30776
aoDLAV 325e2 2 83 - 0.04 0.21 31372
aoULAV 325e2 2 83 - 0.03 0.22 32084
aoD2AG 325e2 2 83 - 0.03 0.25 35004
aoD2SG 325e2 2 83 - 0.03 0.27 34760
dry 1e1 2 142 - 0.01 0.13 25992
aoDLAV 1e1 2 142 - 0.03 0.14 30160
aoULAV 1e1 2 142 - 0.03 0.14 30176
aoD2AG 1e1 2 142 - 0.03 0.14 30312
aoD2SG 1e1 2 142 - 0.03 0.14 30312
moore 1e1 2 142 - 0.03 0.18 30480
nbpm 1e1 2 142 - 0.09 2.14 49816
greedy 1e1 2 142 - 0.03 0.14 30128
dry 18e4 2 91 - 0.03 0.14 33104
aoDLAV 18e4 2 91 - 0.04 0.76 47864
aoULAV 18e4 2 91 - 0.04 0.79 47860
aoD2AG 18e4 2 91 - 0.05 1.00 58648
aoD2SG 18e4 2 91 - 0.07 1.09 60316
dry 18e1 2 210 - 0.02 0.12 26008
aoDLAV 18e1 2 210 - 0.03 0.14 30184
aoULAV 18e1 2 210 - 0.03 0.14 30196
aoD2AG 18e1 2 210 - 0.03 0.14 30356
aoD2SG 18e1 2 210 - 0.03 0.14 30364
moore 18e1 2 210 - 0.03 0.24 30496
nbpm 18e1 2 210 - 0.07 2.13 54440
greedy 18e1 2 210 - 0.02 0.16 33348
dry 1e2 10 171 - 0.03 0.11 26004
aoDLAV 1e2 10 171 - 0.04 0.13 30260
aoULAV 1e2 10 171 - 0.02 0.14 30276
aoD2AG 1e2 10 171 - 0.02 0.14 30444
aoD2SG 1e2 10 171 - 0.02 0.14 30448
moore 1e2 10 171 - 0.03 0.20 30496
nbpm 1e2 10 171 - 0.06 2.10 53072
greedy 1e2 10 171 - 0.03 0.14 30972
dry 1e3 2 113 - 0.03 0.11 26020
aoDLAV 1e3 2 113 - 0.02 0.14 30280
aoULAV 1e3 2 113 - 0.03 0.14 30292
aoD2AG 1e3 2 113 - 0.03 0.14 30540
aoD2SG 1e3 2 113 - 0.04 0.14 30560
moore 1e3 2 113 - 0.04 2.69 59800
nbpm 1e3 2 113 - 0.11 4.07 138552
greedy 1e3 2 113 - 0.07 1.02 139248
dry 325e2 2 113 - 0.02 0.12 27316
aoDLAV 325e2 2 113 - 0.02 0.22 31372
aoULAV 325e2 2 113 - 0.03 0.22 32084
aoD2AG 325e2 2 113 - 0.02 0.25 35000
aoD2SG 325e2 2 113 - 0.02 0.26 34760
dry 1e3 5 245 - 0.02 0.11 26056
aoDLAV 1e3 5 245 - 0.03 0.14 30428
aoULAV 1e3 5 245 - 0.02 0.15 30436
aoD2AG 1e3 5 245 - 0.03 0.14 30756
aoD2SG 1e3 5 245 - 0.02 0.15 30784
moore 1e3 5 245 - 0.05 3.44 59832
nbpm 1e3 5 245 - 0.12 4.43 129244
greedy 1e3 5 245 - 0.08 1.01 139388
dry 5e4 2 88 - 0.03 0.11 29336
aoDLAV 5e4 2 88 - 0.03 0.27 33008
aoULAV 5e4 2 88 - 0.04 0.26 33316
aoD2AG 5e4 2 88 - 0.04 0.32 36412
aoD2SG 5e4 2 88 - 0.04 0.35 36428
dry 400e2 2 232 - 0.02 0.12 27620
aoDLAV 400e2 2 232 - 0.03 0.23 32236
aoULAV 400e2 2 232 - 0.03 0.24 33112
aoD2AG 400e2 2 232 - 0.03 0.28 36076
aoD2SG 400e2 2 232 - 0.03 0.29 35928
dry 1e2 2 10 - 0.02 0.12 25992
aoDLAV 1e2 2 10 - 0.03 0.14 30168
aoULAV 1e2 2 10 - 0.04 0.13 30180
aoD2AG 1e2 2 10 - 0.02 0.15 30328
aoD2SG 1e2 2 10 - 0.02 0.15 30332
moore 1e2 2 10 - 0.03 0.23 30484
nbpm 1e2 2 10 - 0.09 2.10 53000
greedy 1e2 2 10 - 0.03 0.14 30880
dry 18e1 2 216 - 0.02 0.11 26004
aoDLAV 18e1 2 216 - 0.03 0.14 30188
aoULAV 18e1 2 216 - 0.03 0.13 30196
aoD2AG 18e1 2 216 - 0.03 0.14 30388
aoD2SG 18e1 2 216 - 0.02 0.14 30364
moore 18e1 2 216 - 0.03 0.37 30496
nbpm 18e1 2 216 - 0.07 2.18 54444
greedy 18e1 2 216 - 0.04 0.15 33348
dry 1e2 2 67 - 0.02 0.12 25992
aoDLAV 1e2 2 67 - 0.03 0.14 30172
aoULAV 1e2 2 67 - 0.02 0.14 30180
aoD2AG 1e2 2 67 - 0.04 0.13 30336
aoD2SG 1e2 2 67 - 0.02 0.14 30344
moore 1e2 2 67 - 0.03 0.20 30484
nbpm 1e2 2 67 - 0.07 2.12 52996
greedy 1e2 2 67 - 0.03 0.15 30880
dry 275e2 2 229 - 0.02 0.11 28940
aoDLAV 275e2 2 229 - 0.03 0.20 31240
aoULAV 275e2 2 229 - 0.04 0.19 31572
aoD2AG 275e2 2 229 - 0.03 0.22 34700
aoD2SG 275e2 2 229 - 0.03 0.24 34812
dry 300e2 2 143 - 0.02 0.12 27220
aoDLAV 300e2 2 143 - 0.03 0.21 31296
aoULAV 300e2 2 143 - 0.03 0.20 31892
aoD2AG 300e2 2 143 - 0.02 0.25 35056
aoD2SG 300e2 2 143 - 0.03 0.24 34716
dry 1e2 5 162 - 0.03 0.11 25996
aoDLAV 1e2 5 162 - 0.04 0.13 30212
aoULAV 1e2 5 162 - 0.03 0.13 30228
aoD2AG 1e2 5 162 - 0.02 0.14 30384
aoD2SG 1e2 5 162 - 0.02 0.14 30388
moore 1e2 5 162 - 0.03 0.24 30496
nbpm 1e2 5 162 - 0.09 2.12 53016
greedy 1e2 5 162 - 0.03 0.14 30920
dry 375e2 2 80 - 0.02 0.12 30876
aoDLAV 375e2 2 80 - 0.03 0.23 31784
aoULAV 375e2 2 80 - 0.03 0.23 32604
aoD2AG 375e2 2 80 - 0.03 0.26 35520
aoD2SG 375e2 2 80 - 0.03 0.29 35528
dry 1e6 10 114 - 0.07 0.40 112232
aoDLAV 1e6 10 114 - 0.20 521.90 369888
aoULAV 1e6 10 114 - 0.29 363.80 369888
aoD2AG 1e6 10 114 - 0.42 356.11 447052
aoD2SG 1e6 10 114 - 0.43 414.09 457752
dry 275e2 2 2 - 0.03 0.11 27124
aoDLAV 275e2 2 2 - 0.03 0.21 31244
aoULAV 275e2 2 2 - 0.04 0.19 31568
aoD2AG 275e2 2 2 - 0.03 0.24 34700
aoD2SG 275e2 2 2 - 0.03 0.24 34812
dry 18e4 2 109 - 0.03 0.13 33108
aoDLAV 18e4 2 109 - 0.05 0.77 47860
aoULAV 18e4 2 109 - 0.06 0.80 47860
aoD2AG 18e4 2 109 - 0.06 1.19 58692
aoD2SG 18e4 2 109 - 0.05 1.13 59836
dry 1e2 5 169 - 0.02 0.11 25996
aoDLAV 1e2 5 169 - 0.04 0.13 30212
aoULAV 1e2 5 169 - 0.03 0.14 30224
aoD2AG 1e2 5 169 - 0.03 0.14 30384
aoD2SG 1e2 5 169 - 0.03 0.14 30388
moore 1e2 5 169 - 0.03 0.21 30492
nbpm 1e2 5 169 - 0.07 2.15 53016
greedy 1e2 5 169 - 0.03 0.14 30920
dry 1e2 10 124 - 0.02 0.11 26004
aoDLAV 1e2 10 124 - 0.03 0.13 30260
aoULAV 1e2 10 124 - 0.03 0.13 30272
aoD2AG 1e2 10 124 - 0.03 0.14 30440
aoD2SG 1e2 10 124 - 0.02 0.15 30444
moore 1e2 10 124 - 0.03 0.23 30496
nbpm 1e2 10 124 - 0.07 2.13 53076
greedy 1e2 10 124 - 0.02 0.15 30976
dry 32e3 2 148 - 0.03 0.11 27296
aoDLAV 32e3 2 148 - 0.03 0.21 31436
aoULAV 32e3 2 148 - 0.03 0.22 32144
aoD2AG 32e3 2 148 - 0.04 0.25 35020
aoD2SG 32e3 2 148 - 0.02 0.26 34788
dry 1e2 10 83 - 0.03 0.11 26004
aoDLAV 1e2 10 83 - 0.03 0.14 30260
aoULAV 1e2 10 83 - 0.02 0.14 30272
aoD2AG 1e2 10 83 - 0.02 0.15 30440
aoD2SG 1e2 10 83 - 0.02 0.15 30448
moore 1e2 10 83 - 0.03 0.21 30496
nbpm 1e2 10 83 - 0.08 2.14 53080
greedy 1e2 10 83 - 0.03 0.15 30976
dry 1e6 2 7 - 0.04 0.19 49708
aoDLAV 1e6 2 7 - 0.11 3.64 178456
aoULAV 1e6 2 7 - 0.13 3.73 178456
aoD2AG 1e6 2 7 - 0.18 5.27 234004
aoD2SG 1e6 2 7 - 0.20 6.12 243684
dry 325e2 2 36 - 0.03 0.11 30780
aoDLAV 325e2 2 36 - 0.03 0.22 31372
aoULAV 325e2 2 36 - 0.03 0.23 32084
aoD2AG 325e2 2 36 - 0.03 0.26 35004
aoD2SG 325e2 2 36 - 0.04 0.26 34764
dry 18e4 2 243 - 0.03 0.14 33108
aoDLAV 18e4 2 243 - 0.05 0.78 47860
aoULAV 18e4 2 243 - 0.05 0.79 47860
aoD2AG 18e4 2 243 - 0.05 1.05 58728
aoD2SG 18e4 2 243 - 0.05 1.02 59740
dry 56e4 2 140 - 0.02 0.19 41104
aoDLAV 56e4 2 140 - 0.08 2.08 107984
aoULAV 56e4 2 140 - 0.08 2.56 107988
aoD2AG 56e4 2 140 - 0.11 3.24 139228
aoD2SG 56e4 2 140 - 0.14 3.45 143624
dry 400e2 2 181 - 0.03 0.12 29488
aoDLAV 400e2 2 181 - 0.03 0.24 32236
aoULAV 400e2 2 181 - 0.03 0.24 33112
aoD2AG 400e2 2 181 - 0.03 0.27 36068
aoD2SG 400e2 2 181 - 0.02 0.30 35928
dry 32e4 2 135 - 0.04 0.16 36428
aoDLAV 32e4 2 135 - 0.06 1.28 70828
aoULAV 32e4 2 135 - 0.07 1.27 70840
aoD2AG 32e4 2 135 - 0.08 1.87 88640
aoD2SG 32e4 2 135 - 0.07 2.00 90828
dry 1e3 10 131 - 0.03 0.11 26140
aoDLAV 1e3 10 131 - 0.02 0.17 30652
aoULAV 1e3 10 131 - 0.03 0.16 30664
aoD2AG 1e3 10 131 - 0.03 0.16 31080
aoD2SG 1e3 10 131 - 0.03 0.17 31112
moore 1e3 10 131 - 0.05 5.93 59844
nbpm 1e3 10 131 - 0.14 4.76 136140
greedy 1e3 10 131 - 0.09 1.00 139620
dry 1e5 2 75 - 0.03 0.13 30476
aoDLAV 1e5 2 75 - 0.03 0.43 34800
aoULAV 1e5 2 75 - 0.04 0.44 35320
aoD2AG 1e5 2 75 - 0.03 0.57 42600
aoD2SG 1e5 2 75 - 0.04 0.62 43804
dry 1e3 2 247 - 0.02 0.12 26020
aoDLAV 1e3 2 247 - 0.03 0.14 30280
aoULAV 1e3 2 247 - 0.03 0.14 30296
aoD2AG 1e3 2 247 - 0.02 0.15 30544
aoD2SG 1e3 2 247 - 0.03 0.14 30564
moore 1e3 2 247 - 0.04 8.20 59768
nbpm 1e3 2 247 - 0.12 4.03 138552
greedy 1e3 2 247 - 0.08 1.00 139244
dry 5e4 10 73 - 0.03 0.14 33888
aoDLAV 5e4 10 73 - 0.03 8.00 40200
aoULAV 5e4 10 73 - 0.03 7.82 40200
aoD2AG 5e4 10 73 - 0.05 8.07 44980
aoD2SG 5e4 10 73 - 0.05 9.09 45000
dry 250e2 2 113 - 0.03 0.12 28796
aoDLAV 250e2 2 113 - 0.03 0.20 31112
aoULAV 250e2 2 113 - 0.04 0.19 31212
aoD2AG 250e2 2 113 - 0.02 0.24 33864
aoD2SG 250e2 2 113 - 0.03 0.23 33968
dry 1e2 5 181 - 0.02 0.12 26000
aoDLAV 1e2 5 181 - 0.03 0.14 30212
aoULAV 1e2 5 181 - 0.03 0.15 30224
aoD2AG 1e2 5 181 - 0.03 0.14 30384
aoD2SG 1e2 5 181 - 0.02 0.15 30392
moore 1e2 5 181 - 0.03 0.22 30496
nbpm 1e2 5 181 - 0.07 2.17 53012
greedy 1e2 5 181 - 0.02 0.15 30924
dry 5e4 2 160 - 0.03 0.12 29944
aoDLAV 5e4 2 160 - 0.03 0.27 33008
aoULAV 5e4 2 160 - 0.02 0.29 33316
aoD2AG 5e4 2 160 - 0.04 0.33 36408
aoD2SG 5e4 2 160 - 0.03 0.36 36420
dry 18e1 2 205 - 0.02 0.12 26004
aoDLAV 18e1 2 205 - 0.02 0.15 30184
aoULAV 18e1 2 205 - 0.03 0.14 30196
aoD2AG 18e1 2 205 - 0.03 0.14 30360
aoD2SG 18e1 2 205 - 0.03 0.14 30368
moore 18e1 2 205 - 0.03 0.25 30488
nbpm 18e1 2 205 - 0.08 2.18 54440
greedy 18e1 2 205 - 0.03 0.15 33348
dry 1e5 5 235 - 0.03 0.13 34476
aoDLAV 1e5 5 235 - 0.04 1.52 41816
aoULAV 1e5 5 235 - 0.04 1.58 43572
aoD2AG 1e5 5 235 - 0.05 1.72 53564
aoD2SG 1e5 5 235 - 0.04 1.85 53200
dry 56e1 2 96 - 0.03 0.11 26008
aoDLAV 56e1 2 96 - 0.02 0.15 30220
aoULAV 56e1 2 96 - 0.02 0.15 30232
aoD2AG 56e1 2 96 - 0.03 0.14 30416
aoD2SG 56e1 2 96 - 0.04 0.13 30428
moore 56e1 2 96 - 0.04 1.59 39660
nbpm 56e1 2 96 - 0.09 2.89 78712
greedy 56e1 2 96 - 0.05 0.38 64104
dry 1e5 2 97 - 0.02 0.14 32124
aoDLAV 1e5 2 97 - 0.03 0.44 34804
aoULAV 1e5 2 97 - 0.03 0.43 35320
aoD2AG 1e5 2 97 - 0.05 0.52 42744
aoD2SG 1e5 2 97 - 0.04 0.63 43800
dry 1e5 2 239 - 0.03 0.13 32124
aoDLAV 1e5 2 239 - 0.04 0.41 34800
aoULAV 1e5 2 239 - 0.04 0.44 35320
aoD2AG 1e5 2 239 - 0.04 0.55 42604
aoD2SG 1e5 2 239 - 0.04 0.62 43804
dry 350e2 2 147 - 0.02 0.12 29048
aoDLAV 350e2 2 147 - 0.03 0.22 31480
aoULAV 350e2 2 147 - 0.03 0.22 32260
aoD2AG 350e2 2 147 - 0.04 0.24 34848
aoD2SG 350e2 2 147 - 0.03 0.27 35136
dry 225e2 2 75 - 0.02 0.12 26924
aoDLAV 225e2 2 75 - 0.03 0.19 30980
aoULAV 225e2 2 75 - 0.03 0.19 30996
aoD2AG 225e2 2 75 - 0.03 0.20 33368
aoD2SG 225e2 2 75 - 0.03 0.22 33468
dry 250e2 2 76 - 0.02 0.12 27024
aoDLAV 250e2 2 76 - 0.03 0.20 31112
aoULAV 250e2 2 76 - 0.02 0.20 31212
aoD2AG 250e2 2 76 - 0.03 0.22 33860
aoD2SG 250e2 2 76 - 0.03 0.23 33964
dry 32e1 2 99 - 0.03 0.11 26000
aoDLAV 32e1 2 99 - 0.03 0.14 30196
aoULAV 32e1 2 99 - 0.02 0.15 30208
aoD2AG 32e1 2 99 - 0.03 0.14 30376
aoD2SG 32e1 2 99 - 0.03 0.13 30384
moore 32e1 2 99 - 0.02 0.41 33680
nbpm 32e1 2 99 - 0.08 2.50 58300
greedy 32e1 2 99 - 0.03 0.20 40972
dry 1e3 5 147 - 0.02 0.11 26056
aoDLAV 1e3 5 147 - 0.02 0.14 30428
aoULAV 1e3 5 147 - 0.03 0.14 30436
aoD2AG 1e3 5 147 - 0.03 0.14 30736
aoD2SG 1e3 5 147 - 0.02 0.15 30764
moore 1e3 5 147 - 0.05 2.72 59832
nbpm 1e3 5 147 - 0.11 4.67 129240
greedy 1e3 5 147 - 0.07 1.04 139388
dry 1e5 10 124 - 0.04 0.17 38396
aoDLAV 1e5 10 124 - 0.05 21.33 53536
aoULAV 1e5 10 124 - 0.05 18.59 55312
aoD2AG 1e5 10 124 - 0.06 19.64 62644
aoD2SG 1e5 10 124 - 0.05 27.66 66832
dry 1e1 2 70 - 0.02 0.11 25992
aoDLAV 1e1 2 70 - 0.02 0.14 30160
aoULAV 1e1 2 70 - 0.02 0.14 30172
aoD2AG 1e1 2 70 - 0.03 0.14 30324
aoD2SG 1e1 2 70 - 0.03 0.14 30328
moore 1e1 2 70 - 0.03 0.17 30488
nbpm 1e1 2 70 - 0.07 2.10 49828
greedy 1e1 2 70 - 0.03 0.14 30128
dry 225e2 2 63 - 0.02 0.11 30576
aoDLAV 225e2 2 63 - 0.03 0.19 30980
aoULAV 225e2 2 63 - 0.03 0.18 30992
aoD2AG 225e2 2 63 - 0.03 0.21 33372
aoD2SG 225e2 2 63 - 0.03 0.22 33460
dry 1e3 10 97 - 0.02 0.11 26140
aoDLAV 1e3 10 97 - 0.02 0.16 30652
aoULAV 1e3 10 97 - 0.03 0.16 30664
aoD2AG 1e3 10 97 - 0.02 0.17 31056
aoD2SG 1e3 10 97 - 0.03 0.16 31096
moore 1e3 10 97 - 0.04 5.84 59840
nbpm 1e3 10 97 - 0.13 4.76 136140
greedy 1e3 10 97 - 0.06 1.07 139616
dry 32e4 2 195 - 0.03 0.16 36424
aoDLAV 32e4 2 195 - 0.05 1.15 70828
aoULAV 32e4 2 195 - 0.06 1.16 70840
aoD2AG 32e4 2 195 - 0.07 1.63 88220
aoD2SG 32e4 2 195 - 0.08 1.97 90888
dry 5e4 10 126 - 0.03 0.13 33888
aoDLAV 5e4 10 126 - 0.04 7.62 40200
aoULAV 5e4 10 126 - 0.04 6.98 40200
aoD2AG 5e4 10 126 - 0.04 6.42 44980
aoD2SG 5e4 10 126 - 0.03 10.17 45000
dry 32e3 2 3 - 0.03 0.11 27296
aoDLAV 32e3 2 3 - 0.02 0.21 31436
aoULAV 32e3 2 3 - 0.03 0.21 32144
aoD2AG 32e3 2 3 - 0.03 0.23 35024
aoD2SG 32e3 2 3 - 0.03 0.26 34788
dry 400e2 2 15 - 0.03 0.12 27620
aoDLAV 400e2 2 15 - 0.02 0.23 32236
aoULAV 400e2 2 15 - 0.03 0.23 33112
aoD2AG 400e2 2 15 - 0.03 0.27 36072
aoD2SG 400e2 2 15 - 0.03 0.29 35928
dry 32e4 2 163 - 0.03 0.15 36424
aoDLAV 32e4 2 163 - 0.07 1.19 70828
aoULAV 32e4 2 163 - 0.06 1.33 70840
aoD2AG 32e4 2 163 - 0.08 1.85 88616
aoD2SG 32e4 2 163 - 0.08 1.85 91840
dry 5e4 10 240 - 0.03 0.13 33888
aoDLAV 5e4 10 240 - 0.05 6.85 40204
aoULAV 5e4 10 240 - 0.04 10.04 40200
aoD2AG 5e4 10 240 - 0.05 7.53 44980
aoD2SG 5e4 10 240 - 0.06 8.14 45000
dry 1e2 2 52 - 0.02 0.12 25996
aoDLAV 1e2 2 52 - 0.02 0.15 30172
aoULAV 1e2 2 52 - 0.03 0.14 30184
aoD2AG 1e2 2 52 - 0.03 0.14 30340
aoD2SG 1e2 2 52 - 0.03 0.14 30340
moore 1e2 2 52 - 0.03 0.20 30480
nbpm 1e2 2 52 - 0.08 2.25 52996
greedy 1e2 2 52 - 0.03 0.14 30880
dry 400e2 2 211 - 0.02 0.12 27616
aoDLAV 400e2 2 211 - 0.04 0.25 32236
aoULAV 400e2 2 211 - 0.03 0.24 33112
aoD2AG 400e2 2 211 - 0.03 0.29 36072
aoD2SG 400e2 2 211 - 0.04 0.30 35932
dry 1e2 10 40 - 0.02 0.12 26004
aoDLAV 1e2 10 40 - 0.04 0.13 30268
aoULAV 1e2 10 40 - 0.02 0.15 30272
aoD2AG 1e2 10 40 - 0.04 0.14 30440
aoD2SG 1e2 10 40 - 0.02 0.15 30444
moore 1e2 10 40 - 0.03 0.21 30496
nbpm 1e2 10 40 - 0.08 2.23 53080
greedy 1e2 10 40 - 0.03 0.14 30972
dry 1e2 5 212 - 0.02 0.11 25996
aoDLAV 1e2 5 212 - 0.03 0.14 30212
aoULAV 1e2 5 212 - 0.02 0.15 30228
aoD2AG 1e2 5 212 - 0.03 0.14 30384
aoD2SG 1e2 5 212 - 0.02 0.15 30392
moore 1e2 5 212 - 0.03 0.20 30492
nbpm 1e2 5 212 - 0.08 2.09 53016
greedy 1e2 5 212 - 0.03 0.14 30920
dry 1e2 5 175 - 0.03 0.12 25996
aoDLAV 1e2 5 175 - 0.02 0.15 30212
aoULAV 1e2 5 175 - 0.03 0.15 30224
aoD2AG 1e2 5 175 - 0.03 0.14 30380
aoD2SG 1e2 5 175 - 0.02 0.15 30388
moore 1e2 5 175 - 0.04 0.19 30492
nbpm 1e2 5 175 - 0.08 2.22 53020
greedy 1e2 5 175 - 0.02 0.15 30920
dry 1e2 2 47 - 0.03 0.11 25992
aoDLAV 1e2 2 47 - 0.02 0.15 30168
aoULAV 1e2 2 47 - 0.03 0.14 30180
aoD2AG 1e2 2 47 - 0.02 0.15 30340
aoD2SG 1e2 2 47 - 0.03 0.14 30348
moore 1e2 2 47 - 0.03 0.19 30480
nbpm 1e2 2 47 - 0.08 2.22 53000
greedy 1e2 2 47 - 0.02 0.15 30880
dry 250e2 2 222 - 0.02 0.12 27020
aoDLAV 250e2 2 222 - 0.02 0.21 31108
aoULAV 250e2 2 222 - 0.04 0.19 31216
aoD2AG 250e2 2 222 - 0.02 0.23 33856
aoD2SG 250e2 2 222 - 0.03 0.26 33960
dry 1e3 2 193 - 0.02 0.12 26020
aoDLAV 1e3 2 193 - 0.03 0.15 30280
aoULAV 1e3 2 193 - 0.02 0.15 30292
aoD2AG 1e3 2 193 - 0.03 0.15 30544
aoD2SG 1e3 2 193 - 0.02 0.15 30564
moore 1e3 2 193 - 0.04 7.63 59768
nbpm 1e3 2 193 - 0.13 4.01 138552
greedy 1e3 2 193 - 0.07 1.09 139244
dry 250e2 2 123 - 0.02 0.12 27020
aoDLAV 250e2 2 123 - 0.03 0.19 31108
aoULAV 250e2 2 123 - 0.04 0.19 31236
aoD2AG 250e2 2 123 - 0.02 0.23 33864
aoD2SG 250e2 2 123 - 0.03 0.23 33968
dry 32e1 2 109 - 0.03 0.11 26004
aoDLAV 32e1 2 109 - 0.03 0.14 30200
aoULAV 32e1 2 109 - 0.02 0.15 30208
aoD2AG 32e1 2 109 - 0.03 0.15 30376
aoD2SG 32e1 2 109 - 0.03 0.15 30388
moore 32e1 2 109 - 0.03 0.52 33688
nbpm 32e1 2 109 - 0.09 2.44 58304
greedy 32e1 2 109 - 0.04 0.21 40972
dry 32e3 2 121 - 0.03 0.12 27300
aoDLAV 32e3 2 121 - 0.03 0.22 31436
aoULAV 32e3 2 121 - 0.02 0.23 32144
aoD2AG 32e3 2 121 - 0.03 0.26 35020
aoD2SG 32e3 2 121 - 0.03 0.27 34788
dry 1e2 10 85 - 0.03 0.11 26008
aoDLAV 1e2 10 85 - 0.03 0.14 30264
aoULAV 1e2 10 85 - 0.03 0.14 30272
aoD2AG 1e2 10 85 - 0.03 0.14 30444
aoD2SG 1e2 10 85 - 0.03 0.15 30436
moore 1e2 10 85 - 0.03 0.21 30500
nbpm 1e2 10 85 - 0.08 2.21 53076
greedy 1e2 10 85 - 0.03 0.14 30976
dry 56e3 2 120 - 0.02 0.13 28240
aoDLAV 56e3 2 120 - 0.03 0.28 33476
aoULAV 56e3 2 120 - 0.04 0.29 34696
aoD2AG 56e3 2 120 - 0.04 0.36 37280
aoD2SG 56e3 2 120 - 0.03 0.39 37300
dry 1e5 5 164 - 0.04 0.13 34480
aoDLAV 1e5 5 164 - 0.06 1.61 41816
aoULAV 1e5 5 164 - 0.04 1.72 43576
aoD2AG 1e5 5 164 - 0.06 1.84 53560
aoD2SG 1e5 5 164 - 0.04 2.56 53196
dry 18e1 2 224 - 0.02 0.12 26004
aoDLAV 18e1 2 224 - 0.03 0.14 30184
aoULAV 18e1 2 224 - 0.02 0.15 30196
aoD2AG 18e1 2 224 - 0.03 0.14 30356
aoD2SG 18e1 2 224 - 0.03 0.14 30364
moore 18e1 2 224 - 0.02 0.36 30488
nbpm 18e1 2 224 - 0.08 2.27 54440
greedy 18e1 2 224 - 0.04 0.15 33348
dry 275e2 2 128 - 0.02 0.12 27120
aoDLAV 275e2 2 128 - 0.03 0.21 31244
aoULAV 275e2 2 128 - 0.03 0.21 31572
aoD2AG 275e2 2 128 - 0.03 0.24 34696
aoD2SG 275e2 2 128 - 0.03 0.25 34816
dry 325e2 2 30 - 0.03 0.12 27316
aoDLAV 325e2 2 30 - 0.03 0.22 31372
aoULAV 325e2 2 30 - 0.03 0.23 32088
aoD2AG 325e2 2 30 - 0.04 0.26 35004
aoD2SG 325e2 2 30 - 0.04 0.28 34760
dry 1e5 2 136 - 0.02 0.14 32124
aoDLAV 1e5 2 136 - 0.04 0.41 34800
aoULAV 1e5 2 136 - 0.04 0.47 35324
aoD2AG 1e5 2 136 - 0.04 0.52 42604
aoD2SG 1e5 2 136 - 0.05 0.58 43800
dry 300e2 2 25 - 0.03 0.11 27216
aoDLAV 300e2 2 25 - 0.02 0.21 31300
aoULAV 300e2 2 25 - 0.03 0.20 31892
aoD2AG 300e2 2 25 - 0.03 0.24 35056
aoD2SG 300e2 2 25 - 0.03 0.25 34712
dry 1e2 10 148 - 0.03 0.11 26004
aoDLAV 1e2 10 148 - 0.02 0.15 30260
aoULAV 1e2 10 148 - 0.02 0.14 30272
aoD2AG 1e2 10 148 - 0.02 0.15 30444
aoD2SG 1e2 10 148 - 0.02 0.14 30444
moore 1e2 10 148 - 0.02 0.23 30496
nbpm 1e2 10 148 - 0.06 2.19 53076
greedy 1e2 10 148 - 0.02 0.15 30972
dry 32e3 2 137 - 0.02 0.12 27300
aoDLAV 32e3 2 137 - 0.03 0.22 31440
aoULAV 32e3 2 137 - 0.03 0.24 32148
aoD2AG 32e3 2 137 - 0.03 0.25 35024
aoD2SG 32e3 2 137 - 0.04 0.25 34788
dry 1e3 2 184 - 0.02 0.12 26020
aoDLAV 1e3 2 184 - 0.02 0.15 30280
aoULAV 1e3 2 184 - 0.02 0.15 30292
aoD2AG 1e3 2 184 - 0.02 0.15 30544
aoD2SG 1e3 2 184 - 0.03 0.14 30564
moore 1e3 2 184 - 0.05 5.97 59780
nbpm 1e3 2 184 - 0.12 4.15 138556
greedy 1e3 2 184 - 0.09 0.97 139248
dry 1e2 10 17 - 0.03 0.11 26008
aoDLAV 1e2 10 17 - 0.02 0.15 30260
aoULAV 1e2 10 17 - 0.03 0.14 30276
aoD2AG 1e2 10 17 - 0.03 0.14 30440
aoD2SG 1e2 10 17 - 0.02 0.15 30444
moore 1e2 10 17 - 0.03 0.21 30496
nbpm 1e2 10 17 - 0.08 2.10 53076
greedy 1e2 10 17 - 0.02 0.15 30972
dry 1e5 10 117 - 0.04 0.17 38396
aoDLAV 1e5 10 117 - 0.06 19.34 53540
aoULAV 1e5 10 117 - 0.06 19.47 55312
aoD2AG 1e5 10 117 - 0.12 25.70 62596
aoD2SG 1e5 10 117 - 0.06 37.49 66836
dry 1e1 2 250 - 0.03 0.11 25992
aoDLAV 1e1 2 250 - 0.03 0.14 30160
aoULAV 1e1 2 250 - 0.03 0.13 30172
aoD2AG 1e1 2 250 - 0.03 0.14 30316
aoD2SG 1e1 2 250 - 0.03 0.14 30320
moore 1e1 2 250 - 0.02 0.18 30488
nbpm 1e1 2 250 - 0.06 2.32 49820
greedy 1e1 2 250 - 0.02 0.15 30128
dry 18e1 2 46 - 0.02 0.12 26004
aoDLAV 18e1 2 46 - 0.03 0.13 30184
aoULAV 18e1 2 46 - 0.03 0.14 30196
aoD2AG 18e1 2 46 - 0.02 0.15 30356
aoD2SG 18e1 2 46 - 0.02 0.15 30364
moore 18e1 2 46 - 0.03 0.24 30496
nbpm 18e1 2 46 - 0.08 2.12 54444
greedy 18e1 2 46 - 0.03 0.16 33348
dry 1e6 2 71 - 0.05 0.18 49704
aoDLAV 1e6 2 71 - 0.12 3.37 178460
aoULAV 1e6 2 71 - 0.13 5.19 178508
aoD2AG 1e6 2 71 - 0.18 5.89 233624
aoD2SG 1e6 2 71 - 0.21 6.70 242868
dry 18e1 2 225 - 0.02 0.12 26004
aoDLAV 18e1 2 225 - 0.03 0.14 30184
aoULAV 18e1 2 225 - 0.04 0.14 30196
aoD2AG 18e1 2 225 - 0.03 0.14 30360
aoD2SG 18e1 2 225 - 0.02 0.15 30364
moore 18e1 2 225 - 0.03 0.20 30492
nbpm 18e1 2 225 - 0.08 2.34 54436
greedy 18e1 2 225 - 0.02 0.17 33348
dry 1e2 5 108 - 0.02 0.13 25996
aoDLAV 1e2 5 108 - 0.02 0.15 30212
aoULAV 1e2 5 108 - 0.03 0.15 30224
aoD2AG 1e2 5 108 - 0.03 0.14 30384
aoD2SG 1e2 5 108 - 0.03 0.15 30388
moore 1e2 5 108 - 0.04 0.21 30492
nbpm 1e2 5 108 - 0.09 2.21 53016
greedy 1e2 5 108 - 0.03 0.15 30920
dry 1e5 5 175 - 0.03 0.14 34480
aoDLAV 1e5 5 175 - 0.05 1.40 41820
aoULAV 1e5 5 175 - 0.04 1.38 43572
aoD2AG 1e5 5 175 - 0.05 1.50 53564
aoD2SG 1e5 5 175 - 0.04 1.75 53204
dry 275e2 2 133 - 0.02 0.12 29056
aoDLAV 275e2 2 133 - 0.04 0.20 31240
aoULAV 275e2 2 133 - 0.03 0.21 31572
aoD2AG 275e2 2 133 - 0.04 0.23 34700
aoD2SG 275e2 2 133 - 0.03 0.25 34812
dry 56e3 2 37 - 0.02 0.12 31240
aoDLAV 56e3 2 37 - 0.03 0.29 33532
aoULAV 56e3 2 37 - 0.03 0.29 34696
aoD2AG 56e3 2 37 - 0.04 0.35 37288
aoD2SG 56e3 2 37 - 0.03 0.40 37304
dry 1e1 2 183 - 0.03 0.11 25992
aoDLAV 1e1 2 183 - 0.03 0.14 30160
aoULAV 1e1 2 183 - 0.03 0.14 30172
aoD2AG 1e1 2 183 - 0.03 0.14 30320
aoD2SG 1e1 2 183 - 0.02 0.15 30328
moore 1e1 2 183 - 0.03 0.18 30484
nbpm 1e1 2 183 - 0.07 2.18 49832
greedy 1e1 2 183 - 0.03 0.14 30124
dry 350e2 2 127 - 0.02 0.12 27416
aoDLAV 350e2 2 127 - 0.03 0.23 31480
aoULAV 350e2 2 127 - 0.04 0.22 32260
aoD2AG 350e2 2 127 - 0.04 0.26 34848
aoD2SG 350e2 2 127 - 0.04 0.28 35132
dry 400e2 2 178 - 0.02 0.12 27620
aoDLAV 400e2 2 178 - 0.03 0.24 32236
aoULAV 400e2 2 178 - 0.03 0.25 33112
aoD2AG 400e2 2 178 - 0.04 0.28 36068
aoD2SG 400e2 2 178 - 0.04 0.30 35924
dry 56e4 2 104 - 0.04 0.19 41104
aoDLAV 56e4 2 104 - 0.08 2.17 107988
aoULAV 56e4 2 104 - 0.10 2.26 107984
aoD2AG 56e4 2 104 - 0.11 2.87 139708
aoD2SG 56e4 2 104 - 0.12 3.17 144300
dry 1e6 10 99 - 0.08 0.39 112232
aoDLAV 1e6 10 99 - 0.22 391.97 369944
aoULAV 1e6 10 99 - 0.29 488.21 369892
aoD2AG 1e6 10 99 - 0.40 356.90 447812
aoD2SG 1e6 10 99 - 0.53 559.89 457756
dry 1e5 2 244 - 0.03 0.13 31304
aoDLAV 1e5 2 244 - 0.03 0.43 34800
aoULAV 1e5 2 244 - 0.03 0.44 35320
aoD2AG 1e5 2 244 - 0.03 0.60 42600
aoD2SG 1e5 2 244 - 0.04 0.59 43800
dry 56e4 2 62 - 0.03 0.19 41104
aoDLAV 56e4 2 62 - 0.08 1.99 107984
aoULAV 56e4 2 62 - 0.10 2.12 107984
aoD2AG 56e4 2 62 - 0.14 3.05 140616
aoD2SG 56e4 2 62 - 0.13 3.34 144032
dry 300e2 2 83 - 0.03 0.11 30724
aoDLAV 300e2 2 83 - 0.03 0.22 31296
aoULAV 300e2 2 83 - 0.03 0.21 31896
aoD2AG 300e2 2 83 - 0.03 0.23 35060
aoD2SG 300e2 2 83 - 0.03 0.25 34716
dry 325e2 2 15 - 0.02 0.12 29108
aoDLAV 325e2 2 15 - 0.02 0.23 31376
aoULAV 325e2 2 15 - 0.04 0.21 32092
aoD2AG 325e2 2 15 - 0.04 0.25 35004
aoD2SG 325e2 2 15 - 0.03 0.26 34764
dry 5e4 2 231 - 0.02 0.12 28004
aoDLAV 5e4 2 231 - 0.03 0.27 33008
aoULAV 5e4 2 231 - 0.03 0.26 33316
aoD2AG 5e4 2 231 - 0.04 0.32 36408
aoD2SG 5e4 2 231 - 0.03 0.34 36424
dry 1e2 10 189 - 0.03 0.11 26008
aoDLAV 1e2 10 189 - 0.03 0.15 30260
aoULAV 1e2 10 189 - 0.02 0.16 30288
aoD2AG 1e2 10 189 - 0.04 0.14 30440
aoD2SG 1e2 10 189 - 0.03 0.15 30448
moore 1e2 10 189 - 0.03 0.23 30496
nbpm 1e2 10 189 - 0.09 2.25 53076
greedy 1e2 10 189 - 0.02 0.15 30976
dry 56e4 2 68 - 0.04 0.18 41108
aoDLAV 56e4 2 68 - 0.07 2.02 107984
aoULAV 56e4 2 68 - 0.09 2.08 107984
aoD2AG 56e4 2 68 - 0.13 3.07 138764
aoD2SG 56e4 2 68 - 0.14 3.33 146064
dry 225e2 2 166 - 0.02 0.13 26920
aoDLAV 225e2 2 166 - 0.03 0.19 30980
aoULAV 225e2 2 166 - 0.03 0.19 30996
aoD2AG 225e2 2 166 - 0.03 0.21 33368
aoD2SG 225e2 2 166 - 0.04 0.21 33460
dry 32e1 2 86 - 0.02 0.12 26000
aoDLAV 32e1 2 86 - 0.03 0.14 30196
aoULAV 32e1 2 86 - 0.03 0.14 30208
aoD2AG 32e1 2 86 - 0.03 0.14 30380
aoD2SG 32e1 2 86 - 0.04 0.13 30384
moore 32e1 2 86 - 0.03 0.29 33684
nbpm 32e1 2 86 - 0.08 2.35 58308
greedy 32e1 2 86 - 0.03 0.21 41008
dry 1e3 5 99 - 0.02 0.11 26056
aoDLAV 1e3 5 99 - 0.03 0.14 30424
aoULAV 1e3 5 99 - 0.03 0.14 30440
aoD2AG 1e3 5 99 - 0.03 0.14 30740
aoD2SG 1e3 5 99 - 0.04 0.13 30760
moore 1e3 5 99 - 0.04 3.44 59828
nbpm 1e3 5 99 - 0.11 4.83 129244
greedy 1e3 5 99 - 0.08 1.04 139388
dry 1e6 5 106 - 0.06 0.26 73152
aoDLAV 1e6 5 106 - 0.16 19.17 252688
aoULAV 1e6 5 106 - 0.14 19.08 252688
aoD2AG 1e6 5 106 - 0.21 21.40 322972
aoD2SG 1e6 5 106 - 0.22 26.56 332020
dry 18e1 2 75 - 0.02 0.12 26004
aoDLAV 18e1 2 75 - 0.03 0.14 30184
aoULAV 18e1 2 75 - 0.03 0.14 30196
aoD2AG 18e1 2 75 - 0.02 0.15 30360
aoD2SG 18e1 2 75 - 0.03 0.14 30364
moore 18e1 2 75 - 0.03 0.37 30496
nbpm 18e1 2 75 - 0.09 2.13 54444
greedy 18e1 2 75 - 0.04 0.15 33348
dry 1e6 5 89 - 0.05 0.26 73152
aoDLAV 1e6 5 89 - 0.15 17.67 252688
aoULAV 1e6 5 89 - 0.16 18.58 252692
aoD2AG 1e6 5 89 - 0.21 20.99 323908
aoD2SG 1e6 5 89 - 0.24 24.08 332372
dry 400e2 2 229 - 0.02 0.12 29056
aoDLAV 400e2 2 229 - 0.03 0.23 32236
aoULAV 400e2 2 229 - 0.03 0.23 33112
aoD2AG 400e2 2 229 - 0.03 0.27 36068
aoD2SG 400e2 2 229 - 0.03 0.28 35928
dry 1e2 10 146 - 0.02 0.12 26008
aoDLAV 1e2 10 146 - 0.03 0.14 30260
aoULAV 1e2 10 146 - 0.03 0.14 30276
aoD2AG 1e2 10 146 - 0.03 0.13 30440
aoD2SG 1e2 10 146 - 0.02 0.15 30448
moore 1e2 10 146 - 0.03 0.19 30496
nbpm 1e2 10 146 - 0.08 2.31 53076
greedy 1e2 10 146 - 0.03 0.14 30972
dry 300e2 2 128 - 0.03 0.11 27216
aoDLAV 300e2 2 128 - 0.02 0.22 31296
aoULAV 300e2 2 128 - 0.03 0.22 31896
aoD2AG 300e2 2 128 - 0.03 0.25 35056
aoD2SG 300e2 2 128 - 0.04 0.25 34712
dry 32e4 2 139 - 0.03 0.17 36424
aoDLAV 32e4 2 139 - 0.06 1.21 70828
aoULAV 32e4 2 139 - 0.05 1.32 70844
aoD2AG 32e4 2 139 - 0.10 1.83 88840
aoD2SG 32e4 2 139 - 0.12 2.02 90852
dry 18e1 2 247 - 0.02 0.12 26004
aoDLAV 18e1 2 247 - 0.03 0.14 30188
aoULAV 18e1 2 247 - 0.03 0.14 30196
aoD2AG 18e1 2 247 - 0.03 0.14 30360
aoD2SG 18e1 2 247 - 0.02 0.15 30364
moore 18e1 2 247 - 0.04 0.34 30488
nbpm 18e1 2 247 - 0.09 2.25 54432
greedy 18e1 2 247 - 0.04 0.15 33348
dry 32e3 2 58 - 0.03 0.11 30764
aoDLAV 32e3 2 58 - 0.03 0.22 31436
aoULAV 32e3 2 58 - 0.03 0.22 32148
aoD2AG 32e3 2 58 - 0.04 0.24 35024
aoD2SG 32e3 2 58 - 0.03 0.26 34784
dry 1e6 5 61 - 0.06 0.30 73152
aoDLAV 1e6 5 61 - 0.14 20.68 252688
aoULAV 1e6 5 61 - 0.22 20.72 252688
aoD2AG 1e6 5 61 - 0.20 23.21 324452
aoD2SG 1e6 5 61 - 0.21 27.54 331880
dry 1e6 10 101 - 0.07 0.43 112232
aoDLAV 1e6 10 101 - 0.24 400.63 369884
aoULAV 1e6 10 101 - 0.30 368.89 369888
aoD2AG 1e6 10 101 - 0.39 376.57 447320
aoD2SG 1e6 10 101 - 0.43 423.14 456032
