dry 1e3 10 152 - 0.02 0.12 26136
aoDLAV 1e3 10 152 - 0.02 0.16 30652
aoULAV 1e3 10 152 - 0.03 0.16 30664
aoD2AG 1e3 10 152 - 0.03 0.16 31084
aoD2SG 1e3 10 152 - 0.03 0.16 31104
moore 1e3 10 152 - 0.04 3.15 59960
nbpm 1e3 10 152 - 0.12 4.67 136140
greedy 1e3 10 152 - 0.09 1.03 139632
dry 1e6 10 149 - 0.08 0.43 112232
aoDLAV 1e6 10 149 - 0.20 506.48 369888
aoULAV 1e6 10 149 - 0.29 370.00 369888
aoD2AG 1e6 10 149 - 0.41 383.10 448408
aoD2SG 1e6 10 149 - 0.41 455.93 457744
dry 1e3 5 240 - 0.04 0.11 26056
aoDLAV 1e3 5 240 - 0.02 0.16 30428
aoULAV 1e3 5 240 - 0.03 0.14 30436
aoD2AG 1e3 5 240 - 0.04 0.15 30740
aoD2SG 1e3 5 240 - 0.03 0.15 30768
moore 1e3 5 240 - 0.08 4.10 59800
nbpm 1e3 5 240 - 0.13 4.75 129244
greedy 1e3 5 240 - 0.09 1.04 139392
dry 32e3 2 7 - 0.03 0.11 27300
aoDLAV 32e3 2 7 - 0.03 0.21 31436
aoULAV 32e3 2 7 - 0.03 0.22 32148
aoD2AG 32e3 2 7 - 0.04 0.24 35020
aoD2SG 32e3 2 7 - 0.03 0.25 34788
dry 5e4 5 165 - 0.02 0.14 31560
aoDLAV 5e4 5 165 - 0.03 0.75 34704
aoULAV 5e4 5 165 - 0.04 0.75 34708
aoD2AG 5e4 5 165 - 0.03 0.74 37728
aoD2SG 5e4 5 165 - 0.03 0.84 37936
dry 1e6 2 100 - 0.04 0.20 49708
aoDLAV 1e6 2 100 - 0.10 3.58 178460
aoULAV 1e6 2 100 - 0.11 3.71 178460
aoD2AG 1e6 2 100 - 0.17 5.25 234740
aoD2SG 1e6 2 100 - 0.21 5.94 241520
dry 1e3 10 192 - 0.03 0.11 26140
aoDLAV 1e3 10 192 - 0.03 0.16 30652
aoULAV 1e3 10 192 - 0.03 0.16 30668
aoD2AG 1e3 10 192 - 0.03 0.16 31068
aoD2SG 1e3 10 192 - 0.03 0.16 31080
moore 1e3 10 192 - 0.04 7.11 59860
nbpm 1e3 10 192 - 0.14 5.35 136140
greedy 1e3 10 192 - 0.08 1.05 139620
dry 5e4 2 154 - 0.03 0.12 30012
aoDLAV 5e4 2 154 - 0.02 0.28 33008
aoULAV 5e4 2 154 - 0.03 0.28 33312
aoD2AG 5e4 2 154 - 0.03 0.35 36416
aoD2SG 5e4 2 154 - 0.04 0.34 36424
dry 1e5 2 78 - 0.03 0.13 31536
aoDLAV 1e5 2 78 - 0.04 0.42 34800
aoULAV 1e5 2 78 - 0.03 0.44 35324
aoD2AG 1e5 2 78 - 0.04 0.57 42604
aoD2SG 1e5 2 78 - 0.04 0.65 43800
dry 18e4 2 27 - 0.03 0.14 33104
aoDLAV 18e4 2 27 - 0.04 0.82 47860
aoULAV 18e4 2 27 - 0.04 0.92 47860
aoD2AG 18e4 2 27 - 0.06 1.08 58644
aoD2SG 18e4 2 27 - 0.05 1.13 59860
dry 18e1 2 138 - 0.02 0.12 26004
aoDLAV 18e1 2 138 - 0.02 0.15 30188
aoULAV 18e1 2 138 - 0.03 0.14 30196
aoD2AG 18e1 2 138 - 0.03 0.14 30360
aoD2SG 18e1 2 138 - 0.04 0.13 30364
moore 18e1 2 138 - 0.02 0.24 30488
nbpm 18e1 2 138 - 0.08 2.18 54440
greedy 18e1 2 138 - 0.03 0.15 33348
dry 1e3 2 143 - 0.02 0.11 26020
aoDLAV 1e3 2 143 - 0.03 0.14 30284
aoULAV 1e3 2 143 - 0.02 0.14 30292
aoD2AG 1e3 2 143 - 0.03 0.14 30536
aoD2SG 1e3 2 143 - 0.02 0.15 30552
moore 1e3 2 143 - 0.04 3.99 59832
nbpm 1e3 2 143 - 0.12 3.95 138552
greedy 1e3 2 143 - 0.07 1.01 139244
dry 1e6 2 165 - 0.04 0.20 49704
aoDLAV 1e6 2 165 - 0.11 3.64 178456
aoULAV 1e6 2 165 - 0.13 3.78 178456
aoD2AG 1e6 2 165 - 0.17 5.72 234116
aoD2SG 1e6 2 165 - 0.20 6.11 241376
dry 56e1 2 107 - 0.02 0.11 26008
aoDLAV 56e1 2 107 - 0.03 0.14 30220
aoULAV 56e1 2 107 - 0.03 0.13 30232
aoD2AG 56e1 2 107 - 0.03 0.14 30416
aoD2SG 56e1 2 107 - 0.02 0.15 30428
moore 56e1 2 107 - 0.04 1.27 39660
nbpm 56e1 2 107 - 0.11 3.23 78712
greedy 56e1 2 107 - 0.04 0.37 64112
dry 375e2 2 154 - 0.02 0.12 27516
aoDLAV 375e2 2 154 - 0.03 0.22 31788
aoULAV 375e2 2 154 - 0.03 0.22 32604
aoD2AG 375e2 2 154 - 0.04 0.26 35516
aoD2SG 375e2 2 154 - 0.04 0.30 35528
dry 400e2 2 107 - 0.02 0.12 27616
aoDLAV 400e2 2 107 - 0.02 0.26 32236
aoULAV 400e2 2 107 - 0.03 0.25 33112
aoD2AG 400e2 2 107 - 0.03 0.29 36072
aoD2SG 400e2 2 107 - 0.04 0.31 35924
dry 1e6 10 63 - 0.08 0.42 112236
aoDLAV 1e6 10 63 - 0.21 374.41 369884
aoULAV 1e6 10 63 - 0.28 392.68 369888
aoD2AG 1e6 10 63 - 0.42 390.40 446612
aoD2SG 1e6 10 63 - 0.45 455.81 457812
dry 32e1 2 182 - 0.02 0.12 26000
aoDLAV 32e1 2 182 - 0.03 0.13 30196
aoULAV 32e1 2 182 - 0.03 0.14 30208
aoD2AG 32e1 2 182 - 0.03 0.14 30380
aoD2SG 32e1 2 182 - 0.03 0.15 30388
moore 32e1 2 182 - 0.04 0.60 33676
nbpm 32e1 2 182 - 0.09 2.36 58300
greedy 32e1 2 182 - 0.03 0.21 40972
dry 350e2 2 216 - 0.02 0.12 29052
aoDLAV 350e2 2 216 - 0.02 0.23 31480
aoULAV 350e2 2 216 - 0.03 0.22 32264
aoD2AG 350e2 2 216 - 0.03 0.26 34852
aoD2SG 350e2 2 216 - 0.03 0.27 35132
dry 5e4 10 29 - 0.04 0.12 33888
aoDLAV 5e4 10 29 - 0.04 7.58 40200
aoULAV 5e4 10 29 - 0.03 8.01 40200
aoD2AG 5e4 10 29 - 0.04 7.74 44988
aoD2SG 5e4 10 29 - 0.04 8.98 44996
dry 5e4 10 151 - 0.03 0.14 33888
aoDLAV 5e4 10 151 - 0.04 7.93 40200
aoULAV 5e4 10 151 - 0.04 8.03 40200
aoD2AG 5e4 10 151 - 0.04 8.01 44980
aoD2SG 5e4 10 151 - 0.04 9.01 44996
dry 56e4 2 157 - 0.04 0.19 41104
aoDLAV 56e4 2 157 - 0.08 2.14 107984
aoULAV 56e4 2 157 - 0.09 2.22 107984
aoD2AG 56e4 2 157 - 0.12 3.07 138856
aoD2SG 56e4 2 157 - 0.12 3.43 144436
dry 5e4 10 153 - 0.03 0.14 33888
aoDLAV 5e4 10 153 - 0.05 7.98 40200
aoULAV 5e4 10 153 - 0.04 7.97 40200
aoD2AG 5e4 10 153 - 0.05 7.69 44984
aoD2SG 5e4 10 153 - 0.04 8.18 45004
dry 275e2 2 147 - 0.02 0.12 27952
aoDLAV 275e2 2 147 - 0.02 0.20 31288
aoULAV 275e2 2 147 - 0.02 0.22 31572
aoD2AG 275e2 2 147 - 0.03 0.25 34696
aoD2SG 275e2 2 147 - 0.03 0.25 34812
dry 32e1 2 187 - 0.02 0.11 26000
aoDLAV 32e1 2 187 - 0.03 0.14 30200
aoULAV 32e1 2 187 - 0.03 0.14 30208
aoD2AG 32e1 2 187 - 0.03 0.14 30376
aoD2SG 32e1 2 187 - 0.03 0.14 30384
moore 32e1 2 187 - 0.02 0.27 33676
nbpm 32e1 2 187 - 0.07 2.36 58300
greedy 32e1 2 187 - 0.03 0.21 40972
dry 1e2 10 213 - 0.02 0.12 26004
aoDLAV 1e2 10 213 - 0.02 0.14 30260
aoULAV 1e2 10 213 - 0.03 0.14 30272
aoD2AG 1e2 10 213 - 0.03 0.14 30444
aoD2SG 1e2 10 213 - 0.02 0.15 30448
moore 1e2 10 213 - 0.04 0.19 30500
nbpm 1e2 10 213 - 0.07 2.16 53076
greedy 1e2 10 213 - 0.03 0.14 30972
dry 225e2 2 99 - 0.02 0.13 26924
aoDLAV 225e2 2 99 - 0.03 0.19 30980
aoULAV 225e2 2 99 - 0.03 0.19 31004
aoD2AG 225e2 2 99 - 0.02 0.22 33372
aoD2SG 225e2 2 99 - 0.03 0.22 33460
dry 1e5 10 85 - 0.04 0.18 38396
aoDLAV 1e5 10 85 - 0.05 33.00 53536
aoULAV 1e5 10 85 - 0.05 21.58 55308
aoD2AG 1e5 10 85 - 0.06 20.71 62644
aoD2SG 1e5 10 85 - 0.05 23.11 66832
dry 1e6 2 121 - 0.04 0.19 49704
aoDLAV 1e6 2 121 - 0.11 3.58 178460
aoULAV 1e6 2 121 - 0.13 3.72 178456
aoD2AG 1e6 2 121 - 0.16 5.32 234484
aoD2SG 1e6 2 121 - 0.19 5.98 241872
dry 1e2 10 199 - 0.01 0.12 26004
aoDLAV 1e2 10 199 - 0.03 0.14 30260
aoULAV 1e2 10 199 - 0.02 0.15 30272
aoD2AG 1e2 10 199 - 0.02 0.16 30444
aoD2SG 1e2 10 199 - 0.03 0.15 30448
moore 1e2 10 199 - 0.03 0.24 30496
nbpm 1e2 10 199 - 0.08 2.11 53076
greedy 1e2 10 199 - 0.02 0.15 30972
dry 1e5 10 196 - 0.04 0.17 38396
aoDLAV 1e5 10 196 - 0.05 20.13 53564
aoULAV 1e5 10 196 - 0.05 20.32 55312
aoD2AG 1e5 10 196 - 0.06 20.63 62784
aoD2SG 1e5 10 196 - 0.06 25.65 66832
dry 400e2 2 148 - 0.02 0.12 27620
aoDLAV 400e2 2 148 - 0.03 0.23 32240
aoULAV 400e2 2 148 - 0.03 0.25 33112
aoD2AG 400e2 2 148 - 0.04 0.29 36072
aoD2SG 400e2 2 148 - 0.03 0.31 35932
dry 1e1 2 17 - 0.02 0.12 25992
aoDLAV 1e1 2 17 - 0.02 0.15 30160
aoULAV 1e1 2 17 - 0.03 0.14 30172
aoD2AG 1e1 2 17 - 0.03 0.14 30316
aoD2SG 1e1 2 17 - 0.03 0.14 30320
moore 1e1 2 17 - 0.03 0.19 30476
nbpm 1e1 2 17 - 0.09 2.17 49820
greedy 1e1 2 17 - 0.02 0.14 30128
dry 56e3 2 233 - 0.03 0.11 30060
aoDLAV 56e3 2 233 - 0.03 0.29 33476
aoULAV 56e3 2 233 - 0.03 0.29 34696
aoD2AG 56e3 2 233 - 0.03 0.37 37288
aoD2SG 56e3 2 233 - 0.04 0.38 37300
dry 5e4 10 90 - 0.04 0.12 33892
aoDLAV 5e4 10 90 - 0.04 8.00 40204
aoULAV 5e4 10 90 - 0.08 7.84 40200
aoD2AG 5e4 10 90 - 0.12 8.06 44980
aoD2SG 5e4 10 90 - 0.07 8.92 44996
dry 1e5 5 95 - 0.03 0.14 34480
aoDLAV 1e5 5 95 - 0.04 1.65 41816
aoULAV 1e5 5 95 - 0.05 1.60 43568
aoD2AG 1e5 5 95 - 0.04 1.72 53560
aoD2SG 1e5 5 95 - 0.05 1.74 53200
dry 1e1 2 68 - 0.03 0.11 25992
aoDLAV 1e1 2 68 - 0.03 0.13 30160
aoULAV 1e1 2 68 - 0.03 0.13 30172
aoD2AG 1e1 2 68 - 0.03 0.14 30316
aoD2SG 1e1 2 68 - 0.03 0.14 30312
moore 1e1 2 68 - 0.03 0.17 30488
nbpm 1e1 2 68 - 0.08 2.20 49828
greedy 1e1 2 68 - 0.04 0.14 30124
dry 56e3 2 236 - 0.03 0.12 28236
aoDLAV 56e3 2 236 - 0.03 0.30 33476
aoULAV 56e3 2 236 - 0.03 0.27 34696
aoD2AG 56e3 2 236 - 0.03 0.33 37284
aoD2SG 56e3 2 236 - 0.03 0.39 37300
dry 225e2 2 246 - 0.01 0.12 26920
aoDLAV 225e2 2 246 - 0.02 0.20 30984
aoULAV 225e2 2 246 - 0.03 0.19 30992
aoD2AG 225e2 2 246 - 0.02 0.22 33368
aoD2SG 225e2 2 246 - 0.03 0.22 33464
dry 1e6 5 62 - 0.05 0.26 73152
aoDLAV 1e6 5 62 - 0.13 17.11 252688
aoULAV 1e6 5 62 - 0.15 17.62 252692
aoD2AG 1e6 5 62 - 0.21 21.83 323740
aoD2SG 1e6 5 62 - 0.21 25.35 331688
dry 1e3 10 217 - 0.02 0.11 26136
aoDLAV 1e3 10 217 - 0.03 0.16 30652
aoULAV 1e3 10 217 - 0.02 0.16 30664
aoD2AG 1e3 10 217 - 0.03 0.16 31052
aoD2SG 1e3 10 217 - 0.03 0.16 31068
moore 1e3 10 217 - 0.05 5.30 59840
nbpm 1e3 10 217 - 0.14 5.11 136136
greedy 1e3 10 217 - 0.09 1.04 139616
dry 1e5 10 241 - 0.05 0.17 38396
aoDLAV 1e5 10 241 - 0.06 32.19 53540
aoULAV 1e5 10 241 - 0.06 23.77 55308
aoD2AG 1e5 10 241 - 0.05 18.70 62592
aoD2SG 1e5 10 241 - 0.06 22.87 66836
dry 1e2 2 98 - 0.03 0.11 25996
aoDLAV 1e2 2 98 - 0.02 0.15 30168
aoULAV 1e2 2 98 - 0.03 0.14 30180
aoD2AG 1e2 2 98 - 0.03 0.14 30336
aoD2SG 1e2 2 98 - 0.03 0.14 30340
moore 1e2 2 98 - 0.03 0.22 30484
nbpm 1e2 2 98 - 0.09 2.16 53004
greedy 1e2 2 98 - 0.03 0.15 30880
dry 275e2 2 51 - 0.02 0.12 27124
aoDLAV 275e2 2 51 - 0.02 0.21 31240
aoULAV 275e2 2 51 - 0.03 0.20 31568
aoD2AG 275e2 2 51 - 0.03 0.22 34696
aoD2SG 275e2 2 51 - 0.03 0.24 34812
dry 350e2 2 31 - 0.02 0.12 27416
aoDLAV 350e2 2 31 - 0.03 0.22 31484
aoULAV 350e2 2 31 - 0.03 0.23 32260
aoD2AG 350e2 2 31 - 0.03 0.25 34852
aoD2SG 350e2 2 31 - 0.03 0.27 35132
dry 1e2 5 95 - 0.02 0.12 25996
aoDLAV 1e2 5 95 - 0.03 0.14 30216
aoULAV 1e2 5 95 - 0.03 0.14 30224
aoD2AG 1e2 5 95 - 0.03 0.14 30384
aoD2SG 1e2 5 95 - 0.02 0.15 30388
moore 1e2 5 95 - 0.02 0.21 30492
nbpm 1e2 5 95 - 0.08 2.17 53016
greedy 1e2 5 95 - 0.03 0.15 30924
dry 1e2 5 86 - 0.02 0.12 25996
aoDLAV 1e2 5 86 - 0.03 0.14 30216
aoULAV 1e2 5 86 - 0.03 0.14 30228
aoD2AG 1e2 5 86 - 0.02 0.15 30384
aoD2SG 1e2 5 86 - 0.03 0.14 30388
moore 1e2 5 86 - 0.03 0.21 30492
nbpm 1e2 5 86 - 0.08 2.16 53020
greedy 1e2 5 86 - 0.03 0.15 30920
dry 275e2 2 117 - 0.03 0.11 27120
aoDLAV 275e2 2 117 - 0.03 0.20 31240
aoULAV 275e2 2 117 - 0.03 0.20 31572
aoD2AG 275e2 2 117 - 0.03 0.23 34696
aoD2SG 275e2 2 117 - 0.03 0.24 34816
dry 1e2 5 176 - 0.03 0.11 25996
aoDLAV 1e2 5 176 - 0.03 0.14 30212
aoULAV 1e2 5 176 - 0.03 0.14 30224
aoD2AG 1e2 5 176 - 0.03 0.14 30384
aoD2SG 1e2 5 176 - 0.03 0.14 30388
moore 1e2 5 176 - 0.03 0.20 30492
nbpm 1e2 5 176 - 0.07 2.16 53016
greedy 1e2 5 176 - 0.03 0.14 30920
dry 400e2 2 2 - 0.02 0.12 27620
aoDLAV 400e2 2 2 - 0.02 0.25 32236
aoULAV 400e2 2 2 - 0.04 0.24 33112
aoD2AG 400e2 2 2 - 0.03 0.28 36076
aoD2SG 400e2 2 2 - 0.04 0.30 35928
dry 32e3 2 168 - 0.01 0.13 27296
aoDLAV 32e3 2 168 - 0.03 0.22 31436
aoULAV 32e3 2 168 - 0.04 0.21 32148
aoD2AG 32e3 2 168 - 0.03 0.25 35024
aoD2SG 32e3 2 168 - 0.03 0.26 34788
dry 250e2 2 77 - 0.03 0.11 27020
aoDLAV 250e2 2 77 - 0.03 0.20 31112
aoULAV 250e2 2 77 - 0.03 0.19 31212
aoD2AG 250e2 2 77 - 0.04 0.22 33860
aoD2SG 250e2 2 77 - 0.03 0.23 33960
dry 5e4 5 73 - 0.04 0.12 31832
aoDLAV 5e4 5 73 - 0.03 0.72 34708
aoULAV 5e4 5 73 - 0.03 0.72 34704
aoD2AG 5e4 5 73 - 0.04 0.78 37732
aoD2SG 5e4 5 73 - 0.04 0.87 37936
dry 250e2 2 185 - 0.02 0.12 27020
aoDLAV 250e2 2 185 - 0.03 0.20 31108
aoULAV 250e2 2 185 - 0.03 0.20 31240
aoD2AG 250e2 2 185 - 0.03 0.22 33864
aoD2SG 250e2 2 185 - 0.04 0.22 33964
dry 18e4 2 219 - 0.03 0.14 33104
aoDLAV 18e4 2 219 - 0.04 0.77 47860
aoULAV 18e4 2 219 - 0.04 0.74 47860
aoD2AG 18e4 2 219 - 0.05 0.99 58996
aoD2SG 18e4 2 219 - 0.06 1.09 60072
dry 350e2 2 154 - 0.03 0.11 27416
aoDLAV 350e2 2 154 - 0.03 0.22 31480
aoULAV 350e2 2 154 - 0.03 0.23 32260
aoD2AG 350e2 2 154 - 0.04 0.26 34852
aoD2SG 350e2 2 154 - 0.03 0.27 35132
dry 375e2 2 210 - 0.03 0.11 29280
aoDLAV 375e2 2 210 - 0.03 0.22 31788
aoULAV 375e2 2 210 - 0.03 0.23 32604
aoD2AG 375e2 2 210 - 0.03 0.26 35512
aoD2SG 375e2 2 210 - 0.04 0.27 35524
dry 1e2 10 75 - 0.02 0.12 26004
aoDLAV 1e2 10 75 - 0.02 0.16 30260
aoULAV 1e2 10 75 - 0.02 0.14 30272
aoD2AG 1e2 10 75 - 0.04 0.14 30440
aoD2SG 1e2 10 75 - 0.03 0.14 30448
moore 1e2 10 75 - 0.03 0.22 30496
nbpm 1e2 10 75 - 0.07 2.26 53076
greedy 1e2 10 75 - 0.04 0.14 30976
dry 56e1 2 163 - 0.02 0.13 26008
aoDLAV 56e1 2 163 - 0.03 0.14 30220
aoULAV 56e1 2 163 - 0.03 0.14 30236
aoD2AG 56e1 2 163 - 0.03 0.14 30416
aoD2SG 56e1 2 163 - 0.04 0.13 30428
moore 56e1 2 163 - 0.04 2.17 39652
nbpm 56e1 2 163 - 0.10 2.90 78704
greedy 56e1 2 163 - 0.05 0.38 64108
dry 225e2 2 123 - 0.02 0.11 30576
aoDLAV 225e2 2 123 - 0.02 0.19 30980
aoULAV 225e2 2 123 - 0.03 0.19 30992
aoD2AG 225e2 2 123 - 0.03 0.20 33368
aoD2SG 225e2 2 123 - 0.03 0.22 33460
dry 375e2 2 204 - 0.02 0.12 29256
aoDLAV 375e2 2 204 - 0.03 0.22 31784
aoULAV 375e2 2 204 - 0.03 0.23 32604
aoD2AG 375e2 2 204 - 0.03 0.27 35520
aoD2SG 375e2 2 204 - 0.04 0.28 35528
dry 1e1 2 159 - 0.02 0.12 25992
aoDLAV 1e1 2 159 - 0.02 0.14 30160
aoULAV 1e1 2 159 - 0.03 0.14 30176
aoD2AG 1e1 2 159 - 0.03 0.13 30316
aoD2SG 1e1 2 159 - 0.04 0.13 30324
moore 1e1 2 159 - 0.03 0.17 30480
nbpm 1e1 2 159 - 0.09 2.05 49816
greedy 1e1 2 159 - 0.02 0.15 30124
dry 18e4 2 144 - 0.03 0.13 33104
aoDLAV 18e4 2 144 - 0.05 0.73 47864
aoULAV 18e4 2 144 - 0.05 0.78 47864
aoD2AG 18e4 2 144 - 0.06 1.01 58788
aoD2SG 18e4 2 144 - 0.07 1.07 59700
dry 1e5 2 43 - 0.02 0.13 31508
aoDLAV 1e5 2 43 - 0.04 0.43 34800
aoULAV 1e5 2 43 - 0.03 0.45 35320
aoD2AG 1e5 2 43 - 0.04 0.55 42600
aoD2SG 1e5 2 43 - 0.04 0.60 43800
dry 18e1 2 48 - 0.02 0.12 26008
aoDLAV 18e1 2 48 - 0.03 0.15 30184
aoULAV 18e1 2 48 - 0.03 0.14 30196
aoD2AG 18e1 2 48 - 0.02 0.15 30360
aoD2SG 18e1 2 48 - 0.03 0.14 30368
moore 18e1 2 48 - 0.03 0.32 30496
nbpm 18e1 2 48 - 0.08 2.14 54444
greedy 18e1 2 48 - 0.03 0.15 33352
dry 375e2 2 72 - 0.03 0.11 27516
aoDLAV 375e2 2 72 - 0.03 0.23 31784
aoULAV 375e2 2 72 - 0.03 0.23 32604
aoD2AG 375e2 2 72 - 0.03 0.27 35516
aoD2SG 375e2 2 72 - 0.03 0.28 35528
dry 5e4 2 58 - 0.02 0.12 29924
aoDLAV 5e4 2 58 - 0.03 0.26 33008
aoULAV 5e4 2 58 - 0.03 0.26 33312
aoD2AG 5e4 2 58 - 0.03 0.32 36408
aoD2SG 5e4 2 58 - 0.04 0.34 36424
dry 5e4 10 101 - 0.03 0.14 33888
aoDLAV 5e4 10 101 - 0.04 7.31 40204
aoULAV 5e4 10 101 - 0.04 7.02 40200
aoD2AG 5e4 10 101 - 0.04 7.28 44980
aoD2SG 5e4 10 101 - 0.05 7.32 44996
dry 56e3 2 93 - 0.02 0.12 28236
aoDLAV 56e3 2 93 - 0.03 0.27 33476
aoULAV 56e3 2 93 - 0.04 0.27 34696
aoD2AG 56e3 2 93 - 0.03 0.34 37288
aoD2SG 56e3 2 93 - 0.04 0.39 37300
dry 1e1 2 206 - 0.02 0.12 25992
aoDLAV 1e1 2 206 - 0.03 0.14 30160
aoULAV 1e1 2 206 - 0.03 0.14 30176
aoD2AG 1e1 2 206 - 0.03 0.13 30312
aoD2SG 1e1 2 206 - 0.03 0.14 30312
moore 1e1 2 206 - 0.02 0.18 30484
nbpm 1e1 2 206 - 0.07 2.08 49824
greedy 1e1 2 206 - 0.02 0.14 30128
dry 225e2 2 136 - 0.02 0.12 28796
aoDLAV 225e2 2 136 - 0.03 0.19 30984
aoULAV 225e2 2 136 - 0.04 0.19 30992
aoD2AG 225e2 2 136 - 0.03 0.23 33372
aoD2SG 225e2 2 136 - 0.02 0.24 33464
dry 32e3 2 189 - 0.02 0.12 30764
aoDLAV 32e3 2 189 - 0.02 0.22 31436
aoULAV 32e3 2 189 - 0.03 0.22 32148
aoD2AG 32e3 2 189 - 0.03 0.26 35020
aoD2SG 32e3 2 189 - 0.03 0.25 34784
dry 56e1 2 42 - 0.02 0.12 27952
aoDLAV 56e1 2 42 - 0.02 0.14 30220
aoULAV 56e1 2 42 - 0.02 0.14 30232
aoD2AG 56e1 2 42 - 0.02 0.15 30416
aoD2SG 56e1 2 42 - 0.03 0.14 30424
moore 56e1 2 42 - 0.03 1.71 39660
nbpm 56e1 2 42 - 0.08 2.91 78712
greedy 56e1 2 42 - 0.04 0.38 64104
dry 56e1 2 160 - 0.02 0.11 26008
aoDLAV 56e1 2 160 - 0.03 0.14 30220
aoULAV 56e1 2 160 - 0.03 0.15 30232
aoD2AG 56e1 2 160 - 0.02 0.14 30416
aoD2SG 56e1 2 160 - 0.02 0.14 30424
moore 56e1 2 160 - 0.03 1.43 39660
nbpm 56e1 2 160 - 0.09 2.94 78712
greedy 56e1 2 160 - 0.03 0.41 64108
dry 5e4 10 191 - 0.03 0.14 33888
aoDLAV 5e4 10 191 - 0.03 7.64 40200
aoULAV 5e4 10 191 - 0.03 7.21 40200
aoD2AG 5e4 10 191 - 0.05 7.38 44980
aoD2SG 5e4 10 191 - 0.05 8.59 44996
dry 1e3 5 110 - 0.02 0.12 26056
aoDLAV 1e3 5 110 - 0.02 0.15 30424
aoULAV 1e3 5 110 - 0.03 0.14 30436
aoD2AG 1e3 5 110 - 0.03 0.15 30756
aoD2SG 1e3 5 110 - 0.02 0.15 30772
moore 1e3 5 110 - 0.04 1.74 59828
nbpm 1e3 5 110 - 0.14 4.50 129240
greedy 1e3 5 110 - 0.09 1.04 139388
dry 1e1 2 210 - 0.03 0.11 25996
aoDLAV 1e1 2 210 - 0.03 0.14 30160
aoULAV 1e1 2 210 - 0.03 0.14 30172
aoD2AG 1e1 2 210 - 0.02 0.15 30324
aoD2SG 1e1 2 210 - 0.03 0.14 30332
moore 1e1 2 210 - 0.03 0.18 30484
nbpm 1e1 2 210 - 0.08 2.14 49824
greedy 1e1 2 210 - 0.02 0.15 30124
dry 56e3 2 191 - 0.03 0.11 29856
aoDLAV 56e3 2 191 - 0.04 0.31 33476
aoULAV 56e3 2 191 - 0.04 0.34 34700
aoD2AG 56e3 2 191 - 0.03 0.37 37288
aoD2SG 56e3 2 191 - 0.04 0.37 37300
dry 1e5 5 110 - 0.03 0.14 34480
aoDLAV 1e5 5 110 - 0.05 1.59 41816
aoULAV 1e5 5 110 - 0.05 1.58 43568
aoD2AG 1e5 5 110 - 0.05 1.74 53560
aoD2SG 1e5 5 110 - 0.06 1.87 53244
dry 56e4 2 85 - 0.04 0.19 41104
aoDLAV 56e4 2 85 - 0.07 2.04 107988
aoULAV 56e4 2 85 - 0.09 2.09 107988
aoD2AG 56e4 2 85 - 0.12 3.69 139012
aoD2SG 56e4 2 85 - 0.12 3.23 144156
dry 56e3 2 67 - 0.02 0.12 30132
aoDLAV 56e3 2 67 - 0.03 0.28 33476
aoULAV 56e3 2 67 - 0.03 0.29 34696
aoD2AG 56e3 2 67 - 0.03 0.36 37284
aoD2SG 56e3 2 67 - 0.03 0.40 37300
dry 1e2 2 138 - 0.02 0.11 25992
aoDLAV 1e2 2 138 - 0.03 0.14 30168
aoULAV 1e2 2 138 - 0.02 0.15 30180
aoD2AG 1e2 2 138 - 0.02 0.14 30336
aoD2SG 1e2 2 138 - 0.03 0.14 30340
moore 1e2 2 138 - 0.03 0.23 30480
nbpm 1e2 2 138 - 0.07 2.16 53004
greedy 1e2 2 138 - 0.02 0.15 30880
dry 350e2 2 217 - 0.02 0.12 27416
aoDLAV 350e2 2 217 - 0.02 0.23 31480
aoULAV 350e2 2 217 - 0.03 0.23 32264
aoD2AG 350e2 2 217 - 0.04 0.24 34848
aoD2SG 350e2 2 217 - 0.04 0.26 35128
dry 400e2 2 165 - 0.02 0.12 29472
aoDLAV 400e2 2 165 - 0.03 0.23 32236
aoULAV 400e2 2 165 - 0.04 0.24 33112
aoD2AG 400e2 2 165 - 0.04 0.28 36076
aoD2SG 400e2 2 165 - 0.03 0.29 35932
dry 400e2 2 104 - 0.02 0.12 30928
aoDLAV 400e2 2 104 - 0.02 0.24 32236
aoULAV 400e2 2 104 - 0.03 0.23 33116
aoD2AG 400e2 2 104 - 0.03 0.27 36072
aoD2SG 400e2 2 104 - 0.04 0.27 35928
dry 1e2 2 51 - 0.02 0.12 25992
aoDLAV 1e2 2 51 - 0.03 0.14 30172
aoULAV 1e2 2 51 - 0.03 0.14 30180
aoD2AG 1e2 2 51 - 0.02 0.14 30328
aoD2SG 1e2 2 51 - 0.03 0.14 30332
moore 1e2 2 51 - 0.03 0.23 30480
nbpm 1e2 2 51 - 0.07 2.16 53024
greedy 1e2 2 51 - 0.04 0.14 30884
dry 1e5 2 185 - 0.03 0.14 31180
aoDLAV 1e5 2 185 - 0.04 0.44 34804
aoULAV 1e5 2 185 - 0.03 0.47 35320
aoD2AG 1e5 2 185 - 0.04 0.58 42600
aoD2SG 1e5 2 185 - 0.05 0.64 43800
dry 32e1 2 246 - 0.02 0.11 26000
aoDLAV 32e1 2 246 - 0.03 0.14 30196
aoULAV 32e1 2 246 - 0.03 0.14 30208
aoD2AG 32e1 2 246 - 0.03 0.14 30376
aoD2SG 32e1 2 246 - 0.03 0.14 30388
moore 32e1 2 246 - 0.03 0.86 33684
nbpm 32e1 2 246 - 0.08 2.38 58308
greedy 32e1 2 246 - 0.04 0.20 40976
dry 1e6 5 232 - 0.05 0.27 73152
aoDLAV 1e6 5 232 - 0.15 18.76 252688
aoULAV 1e6 5 232 - 0.15 18.26 252688
aoD2AG 1e6 5 232 - 0.22 20.72 324808
aoD2SG 1e6 5 232 - 0.21 23.89 333092
dry 18e1 2 223 - 0.02 0.12 26004
aoDLAV 18e1 2 223 - 0.02 0.15 30184
aoULAV 18e1 2 223 - 0.03 0.14 30200
aoD2AG 18e1 2 223 - 0.03 0.14 30356
aoD2SG 18e1 2 223 - 0.03 0.14 30364
moore 18e1 2 223 - 0.04 0.32 30488
nbpm 18e1 2 223 - 0.10 2.15 54436
greedy 18e1 2 223 - 0.05 0.15 33352
dry 1e5 5 20 - 0.04 0.13 34476
aoDLAV 1e5 5 20 - 0.04 1.61 41816
aoULAV 1e5 5 20 - 0.04 1.62 43572
aoD2AG 1e5 5 20 - 0.04 1.78 53560
aoD2SG 1e5 5 20 - 0.05 2.01 53304
dry 325e2 2 246 - 0.03 0.12 30776
aoDLAV 325e2 2 246 - 0.02 0.23 31376
aoULAV 325e2 2 246 - 0.03 0.23 32116
aoD2AG 325e2 2 246 - 0.03 0.26 35000
aoD2SG 325e2 2 246 - 0.03 0.27 34760
dry 1e2 2 182 - 0.03 0.11 25992
aoDLAV 1e2 2 182 - 0.03 0.14 30168
aoULAV 1e2 2 182 - 0.02 0.15 30184
aoD2AG 1e2 2 182 - 0.03 0.14 30336
aoD2SG 1e2 2 182 - 0.03 0.14 30340
moore 1e2 2 182 - 0.03 0.22 30484
nbpm 1e2 2 182 - 0.07 2.17 53004
greedy 1e2 2 182 - 0.02 0.15 30880
dry 225e2 2 168 - 0.03 0.11 26924
aoDLAV 225e2 2 168 - 0.03 0.19 30980
aoULAV 225e2 2 168 - 0.03 0.19 30992
aoD2AG 225e2 2 168 - 0.02 0.21 33372
aoD2SG 225e2 2 168 - 0.03 0.22 33460
dry 5e4 2 119 - 0.02 0.12 28000
aoDLAV 5e4 2 119 - 0.04 0.26 33008
aoULAV 5e4 2 119 - 0.04 0.26 33312
aoD2AG 5e4 2 119 - 0.04 0.33 36408
aoD2SG 5e4 2 119 - 0.03 0.36 36424
dry 1e3 5 220 - 0.03 0.11 26060
aoDLAV 1e3 5 220 - 0.03 0.14 30468
aoULAV 1e3 5 220 - 0.03 0.14 30440
aoD2AG 1e3 5 220 - 0.03 0.14 30736
aoD2SG 1e3 5 220 - 0.03 0.14 30760
moore 1e3 5 220 - 0.04 3.34 59832
nbpm 1e3 5 220 - 0.14 4.56 129248
greedy 1e3 5 220 - 0.09 1.04 139388
dry 400e2 2 13 - 0.02 0.12 27616
aoDLAV 400e2 2 13 - 0.03 0.23 32236
aoULAV 400e2 2 13 - 0.02 0.24 33112
aoD2AG 400e2 2 13 - 0.04 0.27 36076
aoD2SG 400e2 2 13 - 0.03 0.28 35932
dry 275e2 2 200 - 0.03 0.11 27120
aoDLAV 275e2 2 200 - 0.03 0.20 31240
aoULAV 275e2 2 200 - 0.03 0.20 31608
aoD2AG 275e2 2 200 - 0.03 0.23 34700
aoD2SG 275e2 2 200 - 0.03 0.25 34812
dry 400e2 2 159 - 0.02 0.12 29216
aoDLAV 400e2 2 159 - 0.03 0.24 32240
aoULAV 400e2 2 159 - 0.03 0.24 33112
aoD2AG 400e2 2 159 - 0.03 0.28 36072
aoD2SG 400e2 2 159 - 0.03 0.30 35924
dry 1e2 10 140 - 0.02 0.12 26004
aoDLAV 1e2 10 140 - 0.02 0.15 30264
aoULAV 1e2 10 140 - 0.03 0.14 30272
aoD2AG 1e2 10 140 - 0.02 0.14 30440
aoD2SG 1e2 10 140 - 0.03 0.14 30448
moore 1e2 10 140 - 0.03 0.25 30496
nbpm 1e2 10 140 - 0.07 2.18 53076
greedy 1e2 10 140 - 0.03 0.14 30976
dry 56e3 2 31 - 0.02 0.12 31236
aoDLAV 56e3 2 31 - 0.03 0.30 33476
aoULAV 56e3 2 31 - 0.03 0.29 34696
aoD2AG 56e3 2 31 - 0.04 0.37 37284
aoD2SG 56e3 2 31 - 0.03 0.38 37300
dry 1e1 2 14 - 0.02 0.12 25996
aoDLAV 1e1 2 14 - 0.03 0.14 30160
aoULAV 1e1 2 14 - 0.04 0.14 30172
aoD2AG 1e1 2 14 - 0.03 0.14 30316
aoD2SG 1e1 2 14 - 0.03 0.14 30316
moore 1e1 2 14 - 0.02 0.19 30484
nbpm 1e1 2 14 - 0.07 2.17 49824
greedy 1e1 2 14 - 0.02 0.14 30124
dry 400e2 2 193 - 0.02 0.12 27616
aoDLAV 400e2 2 193 - 0.03 0.24 32236
aoULAV 400e2 2 193 - 0.02 0.25 33112
aoD2AG 400e2 2 193 - 0.04 0.27 36072
aoD2SG 400e2 2 193 - 0.03 0.30 35932
dry 18e1 2 35 - 0.03 0.12 26004
aoDLAV 18e1 2 35 - 0.03 0.14 30184
aoULAV 18e1 2 35 - 0.03 0.14 30196
aoD2AG 18e1 2 35 - 0.03 0.14 30356
aoD2SG 18e1 2 35 - 0.03 0.14 30368
moore 18e1 2 35 - 0.03 0.26 30500
nbpm 18e1 2 35 - 0.09 2.18 54444
greedy 18e1 2 35 - 0.03 0.16 33348
dry 1e5 5 3 - 0.04 0.13 34480
aoDLAV 1e5 5 3 - 0.05 1.52 41816
aoULAV 1e5 5 3 - 0.04 1.55 43572
aoD2AG 1e5 5 3 - 0.06 1.70 53932
aoD2SG 1e5 5 3 - 0.06 1.94 53252
dry 325e2 2 43 - 0.03 0.11 27320
aoDLAV 325e2 2 43 - 0.03 0.22 31372
aoULAV 325e2 2 43 - 0.03 0.22 32088
aoD2AG 325e2 2 43 - 0.03 0.25 35000
aoD2SG 325e2 2 43 - 0.03 0.27 34760
dry 1e2 2 112 - 0.02 0.12 25992
aoDLAV 1e2 2 112 - 0.02 0.15 30172
aoULAV 1e2 2 112 - 0.03 0.15 30184
aoD2AG 1e2 2 112 - 0.02 0.15 30336
aoD2SG 1e2 2 112 - 0.03 0.14 30344
moore 1e2 2 112 - 0.02 0.24 30480
nbpm 1e2 2 112 - 0.10 2.13 53000
greedy 1e2 2 112 - 0.03 0.14 30884
dry 250e2 2 224 - 0.03 0.11 27024
aoDLAV 250e2 2 224 - 0.02 0.20 31108
aoULAV 250e2 2 224 - 0.03 0.20 31212
aoD2AG 250e2 2 224 - 0.04 0.22 33864
aoD2SG 250e2 2 224 - 0.02 0.23 33964
dry 18e1 2 101 - 0.03 0.11 26008
aoDLAV 18e1 2 101 - 0.03 0.14 30188
aoULAV 18e1 2 101 - 0.03 0.14 30196
aoD2AG 18e1 2 101 - 0.02 0.15 30356
aoD2SG 18e1 2 101 - 0.03 0.14 30364
moore 18e1 2 101 - 0.03 0.36 30492
nbpm 18e1 2 101 - 0.07 2.23 54436
greedy 18e1 2 101 - 0.04 0.16 33348
dry 1e6 5 231 - 0.06 0.27 73152
aoDLAV 1e6 5 231 - 0.15 19.82 252712
aoULAV 1e6 5 231 - 0.14 20.35 252692
aoD2AG 1e6 5 231 - 0.21 28.04 324684
aoD2SG 1e6 5 231 - 0.26 21.61 333208
dry 400e2 2 185 - 0.02 0.12 29472
aoDLAV 400e2 2 185 - 0.03 0.24 32236
aoULAV 400e2 2 185 - 0.03 0.25 33112
aoD2AG 400e2 2 185 - 0.03 0.29 36072
aoD2SG 400e2 2 185 - 0.04 0.28 35928
dry 1e6 2 159 - 0.04 0.20 49704
aoDLAV 1e6 2 159 - 0.11 3.87 178456
aoULAV 1e6 2 159 - 0.14 4.20 178456
aoD2AG 1e6 2 159 - 0.16 6.85 234560
aoD2SG 1e6 2 159 - 0.20 6.93 242308
dry 56e1 2 135 - 0.02 0.12 26012
aoDLAV 56e1 2 135 - 0.03 0.15 30220
aoULAV 56e1 2 135 - 0.02 0.15 30232
aoD2AG 56e1 2 135 - 0.03 0.15 30416
aoD2SG 56e1 2 135 - 0.02 0.16 30428
moore 56e1 2 135 - 0.04 2.22 39660
nbpm 56e1 2 135 - 0.08 2.90 78708
greedy 56e1 2 135 - 0.04 0.37 64108
dry 1e2 5 35 - 0.03 0.11 25996
aoDLAV 1e2 5 35 - 0.03 0.14 30216
aoULAV 1e2 5 35 - 0.03 0.14 30224
aoD2AG 1e2 5 35 - 0.03 0.14 30384
aoD2SG 1e2 5 35 - 0.03 0.14 30388
moore 1e2 5 35 - 0.03 0.21 30492
nbpm 1e2 5 35 - 0.09 2.22 53020
greedy 1e2 5 35 - 0.03 0.15 30920
dry 56e4 2 98 - 0.03 0.19 41104
aoDLAV 56e4 2 98 - 0.08 2.24 107984
aoULAV 56e4 2 98 - 0.08 2.34 107984
aoD2AG 56e4 2 98 - 0.10 3.38 139680
aoD2SG 56e4 2 98 - 0.13 3.76 144596
dry 275e2 2 186 - 0.01 0.13 27124
aoDLAV 275e2 2 186 - 0.03 0.21 31240
aoULAV 275e2 2 186 - 0.04 0.21 31568
aoD2AG 275e2 2 186 - 0.03 0.23 34696
aoD2SG 275e2 2 186 - 0.03 0.25 34812
dry 32e4 2 161 - 0.04 0.16 36424
aoDLAV 32e4 2 161 - 0.07 1.35 70828
aoULAV 32e4 2 161 - 0.07 1.28 70840
aoD2AG 32e4 2 161 - 0.06 1.53 88324
aoD2SG 32e4 2 161 - 0.06 1.69 90904
dry 1e3 5 12 - 0.02 0.12 26056
aoDLAV 1e3 5 12 - 0.03 0.14 30428
aoULAV 1e3 5 12 - 0.03 0.14 30440
aoD2AG 1e3 5 12 - 0.02 0.16 30744
aoD2SG 1e3 5 12 - 0.03 0.14 30768
moore 1e3 5 12 - 0.04 3.78 59800
nbpm 1e3 5 12 - 0.13 4.60 129244
greedy 1e3 5 12 - 0.08 1.08 139388
dry 5e4 5 131 - 0.02 0.14 31656
aoDLAV 5e4 5 131 - 0.03 0.80 34704
aoULAV 5e4 5 131 - 0.05 0.75 34704
aoD2AG 5e4 5 131 - 0.03 0.66 37724
aoD2SG 5e4 5 131 - 0.03 0.73 37936
dry 56e3 2 199 - 0.03 0.11 29500
aoDLAV 56e3 2 199 - 0.03 0.30 33480
aoULAV 56e3 2 199 - 0.03 0.31 34696
aoD2AG 56e3 2 199 - 0.03 0.41 37288
aoD2SG 56e3 2 199 - 0.04 0.41 37300
dry 1e3 5 205 - 0.03 0.11 26056
aoDLAV 1e3 5 205 - 0.03 0.14 30424
aoULAV 1e3 5 205 - 0.03 0.14 30440
aoD2AG 1e3 5 205 - 0.02 0.15 30756
aoD2SG 1e3 5 205 - 0.03 0.15 30772
moore 1e3 5 205 - 0.05 4.04 59804
nbpm 1e3 5 205 - 0.11 4.66 129244
greedy 1e3 5 205 - 0.09 1.09 139388
dry 18e1 2 25 - 0.02 0.12 26008
aoDLAV 18e1 2 25 - 0.02 0.15 30184
aoULAV 18e1 2 25 - 0.04 0.14 30196
aoD2AG 18e1 2 25 - 0.03 0.14 30356
aoD2SG 18e1 2 25 - 0.02 0.15 30364
moore 18e1 2 25 - 0.03 0.26 30496
nbpm 18e1 2 25 - 0.08 2.27 54444
greedy 18e1 2 25 - 0.03 0.16 33348
dry 275e2 2 177 - 0.02 0.12 27120
aoDLAV 275e2 2 177 - 0.02 0.20 31240
aoULAV 275e2 2 177 - 0.03 0.20 31572
aoD2AG 275e2 2 177 - 0.03 0.22 34696
aoD2SG 275e2 2 177 - 0.03 0.23 34812
dry 56e3 2 197 - 0.03 0.12 31236
aoDLAV 56e3 2 197 - 0.03 0.28 33476
aoULAV 56e3 2 197 - 0.03 0.27 34696
aoD2AG 56e3 2 197 - 0.03 0.34 37284
aoD2SG 56e3 2 197 - 0.03 0.36 37300
dry 5e4 10 216 - 0.03 0.13 33888
aoDLAV 5e4 10 216 - 0.04 6.67 40200
aoULAV 5e4 10 216 - 0.03 6.65 40200
aoD2AG 5e4 10 216 - 0.05 6.34 44988
aoD2SG 5e4 10 216 - 0.04 9.50 44996
dry 56e1 2 84 - 0.02 0.11 26008
aoDLAV 56e1 2 84 - 0.03 0.14 30220
aoULAV 56e1 2 84 - 0.03 0.14 30232
aoD2AG 56e1 2 84 - 0.02 0.15 30416
aoD2SG 56e1 2 84 - 0.02 0.15 30424
moore 56e1 2 84 - 0.03 0.93 39684
nbpm 56e1 2 84 - 0.11 3.12 78704
greedy 56e1 2 84 - 0.05 0.41 64104
dry 1e2 5 8 - 0.03 0.11 26000
aoDLAV 1e2 5 8 - 0.02 0.15 30216
aoULAV 1e2 5 8 - 0.03 0.15 30228
aoD2AG 1e2 5 8 - 0.03 0.14 30384
aoD2SG 1e2 5 8 - 0.02 0.15 30392
moore 1e2 5 8 - 0.03 0.23 30492
nbpm 1e2 5 8 - 0.07 2.24 53016
greedy 1e2 5 8 - 0.04 0.14 30920
dry 350e2 2 126 - 0.02 0.12 28972
aoDLAV 350e2 2 126 - 0.03 0.23 31484
aoULAV 350e2 2 126 - 0.03 0.24 32260
aoD2AG 350e2 2 126 - 0.04 0.27 34848
aoD2SG 350e2 2 126 - 0.02 0.30 35136
dry 1e5 10 116 - 0.03 0.19 38396
aoDLAV 1e5 10 116 - 0.08 24.21 53540
aoULAV 1e5 10 116 - 0.13 23.51 55312
aoD2AG 1e5 10 116 - 0.06 23.26 62744
aoD2SG 1e5 10 116 - 0.06 21.00 66832
dry 1e6 10 125 - 0.08 0.42 112232
aoDLAV 1e6 10 125 - 0.54 401.01 369888
aoULAV 1e6 10 125 - 0.32 367.55 369884
aoD2AG 1e6 10 125 - 0.43 377.29 447928
aoD2SG 1e6 10 125 - 0.40 425.89 457840
