dry 32e3 2 16 - 0.02 0.11 27300
aoDLAV 32e3 2 16 - 0.03 0.18 31436
aoULAV 32e3 2 16 - 0.03 0.18 32148
aoD2AG 32e3 2 16 - 0.03 0.20 35020
aoD2SG 32e3 2 16 - 0.02 0.22 34788
dry 5e4 2 87 - 0.02 0.10 29652
aoDLAV 5e4 2 87 - 0.02 0.21 33012
aoULAV 5e4 2 87 - 0.02 0.22 33332
aoD2AG 5e4 2 87 - 0.02 0.26 36412
aoD2SG 5e4 2 87 - 0.03 0.30 36428
dry 56e4 2 179 - 0.03 0.15 41104
aoDLAV 56e4 2 179 - 0.07 1.63 107984
aoULAV 56e4 2 179 - 0.07 1.96 107984
aoD2AG 56e4 2 179 - 0.10 2.40 140052
aoD2SG 56e4 2 179 - 0.10 2.60 144104
dry 1e2 2 8 - 0.02 0.10 25992
aoDLAV 1e2 2 8 - 0.02 0.13 30168
aoULAV 1e2 2 8 - 0.03 0.12 30180
aoD2AG 1e2 2 8 - 0.02 0.13 30336
aoD2SG 1e2 2 8 - 0.02 0.13 30344
moore 1e2 2 8 - 0.03 0.18 30480
nbpm 1e2 2 8 - 0.08 1.87 53000
greedy 1e2 2 8 - 0.02 0.13 30880
dry 1e3 2 62 - 0.02 0.10 26020
aoDLAV 1e3 2 62 - 0.02 0.13 30280
aoULAV 1e3 2 62 - 0.03 0.12 30292
aoD2AG 1e3 2 62 - 0.02 0.13 30580
aoD2SG 1e3 2 62 - 0.03 0.12 30556
moore 1e3 2 62 - 0.04 4.50 59780
nbpm 1e3 2 62 - 0.13 4.20 138560
greedy 1e3 2 62 - 0.07 0.94 139244
dry 250e2 2 181 - 0.01 0.12 29032
aoDLAV 250e2 2 181 - 0.02 0.18 31108
aoULAV 250e2 2 181 - 0.02 0.19 31212
aoD2AG 250e2 2 181 - 0.02 0.20 33864
aoD2SG 250e2 2 181 - 0.03 0.22 33964
dry 1e5 2 190 - 0.02 0.13 32124
aoDLAV 1e5 2 190 - 0.03 0.39 34800
aoULAV 1e5 2 190 - 0.03 0.40 35324
aoD2AG 1e5 2 190 - 0.04 0.52 42872
aoD2SG 1e5 2 190 - 0.04 0.57 43804
dry 1e3 2 221 - 0.02 0.12 26024
aoDLAV 1e3 2 221 - 0.02 0.14 30280
aoULAV 1e3 2 221 - 0.02 0.14 30328
aoD2AG 1e3 2 221 - 0.03 0.14 30536
aoD2SG 1e3 2 221 - 0.02 0.15 30548
moore 1e3 2 221 - 0.04 1.48 59796
nbpm 1e3 2 221 - 0.13 3.63 138552
greedy 1e3 2 221 - 0.08 0.97 139244
dry 325e2 2 217 - 0.02 0.11 27316
aoDLAV 325e2 2 217 - 0.03 0.20 31372
aoULAV 325e2 2 217 - 0.02 0.21 32088
aoD2AG 325e2 2 217 - 0.03 0.24 35004
aoD2SG 325e2 2 217 - 0.03 0.25 34760
dry 5e4 5 177 - 0.03 0.13 31188
aoDLAV 5e4 5 177 - 0.04 0.52 34704
aoULAV 5e4 5 177 - 0.03 0.51 34704
aoD2AG 5e4 5 177 - 0.03 0.74 37728
aoD2SG 5e4 5 177 - 0.03 0.65 37936
dry 18e1 2 1 - 0.02 0.12 26004
aoDLAV 18e1 2 1 - 0.02 0.14 30184
aoULAV 18e1 2 1 - 0.02 0.13 30196
aoD2AG 18e1 2 1 - 0.02 0.14 30356
aoD2SG 18e1 2 1 - 0.02 0.13 30364
moore 18e1 2 1 - 0.02 0.24 30496
nbpm 18e1 2 1 - 0.07 2.26 54444
greedy 18e1 2 1 - 0.04 0.14 33348
dry 275e2 2 91 - 0.02 0.11 27120
aoDLAV 275e2 2 91 - 0.02 0.20 31240
aoULAV 275e2 2 91 - 0.02 0.20 31576
aoD2AG 275e2 2 91 - 0.03 0.22 34700
aoD2SG 275e2 2 91 - 0.03 0.23 34812
dry 1e6 2 87 - 0.05 0.19 49704
aoDLAV 1e6 2 87 - 0.10 3.39 178456
aoULAV 1e6 2 87 - 0.11 3.47 178464
aoD2AG 1e6 2 87 - 0.21 5.31 234640
aoD2SG 1e6 2 87 - 0.19 5.87 241448
dry 18e4 2 111 - 0.03 0.13 33260
aoDLAV 18e4 2 111 - 0.04 0.66 47860
aoULAV 18e4 2 111 - 0.04 0.70 47864
aoD2AG 18e4 2 111 - 0.05 0.91 58640
aoD2SG 18e4 2 111 - 0.05 1.00 59836
dry 325e2 2 239 - 0.02 0.12 29236
aoDLAV 325e2 2 239 - 0.03 0.20 31376
aoULAV 325e2 2 239 - 0.02 0.21 32088
aoD2AG 325e2 2 239 - 0.04 0.23 35004
aoD2SG 325e2 2 239 - 0.03 0.25 34760
dry 1e3 10 20 - 0.02 0.11 26140
aoDLAV 1e3 10 20 - 0.03 0.15 30652
aoULAV 1e3 10 20 - 0.02 0.16 30664
aoD2AG 1e3 10 20 - 0.03 0.16 31060
aoD2SG 1e3 10 20 - 0.03 0.15 31076
moore 1e3 10 20 - 0.04 5.58 59840
nbpm 1e3 10 20 - 0.13 4.78 136180
greedy 1e3 10 20 - 0.08 1.01 139616
dry 1e3 10 50 - 0.02 0.12 26136
aoDLAV 1e3 10 50 - 0.03 0.15 30652
aoULAV 1e3 10 50 - 0.03 0.15 30668
aoD2AG 1e3 10 50 - 0.02 0.16 31056
aoD2SG 1e3 10 50 - 0.03 0.16 31088
moore 1e3 10 50 - 0.04 4.70 59844
nbpm 1e3 10 50 - 0.12 4.97 136248
greedy 1e3 10 50 - 0.07 1.05 139616
dry 32e1 2 194 - 0.02 0.11 26000
aoDLAV 32e1 2 194 - 0.03 0.13 30196
aoULAV 32e1 2 194 - 0.03 0.13 30208
aoD2AG 32e1 2 194 - 0.03 0.13 30376
aoD2SG 32e1 2 194 - 0.03 0.14 30384
moore 32e1 2 194 - 0.03 0.33 33684
nbpm 32e1 2 194 - 0.08 2.30 58308
greedy 32e1 2 194 - 0.03 0.21 40972
dry 250e2 2 146 - 0.02 0.12 27024
aoDLAV 250e2 2 146 - 0.03 0.20 31112
aoULAV 250e2 2 146 - 0.03 0.19 31212
aoD2AG 250e2 2 146 - 0.03 0.21 33860
aoD2SG 250e2 2 146 - 0.04 0.23 33968
dry 56e4 2 169 - 0.03 0.19 41104
aoDLAV 56e4 2 169 - 0.09 2.09 107988
aoULAV 56e4 2 169 - 0.10 2.24 107984
aoD2AG 56e4 2 169 - 0.11 3.07 139884
aoD2SG 56e4 2 169 - 0.10 3.46 143108
dry 375e2 2 55 - 0.02 0.12 30876
aoDLAV 375e2 2 55 - 0.03 0.23 31784
aoULAV 375e2 2 55 - 0.03 0.24 32604
aoD2AG 375e2 2 55 - 0.03 0.28 35516
aoD2SG 375e2 2 55 - 0.02 0.30 35532
dry 1e6 5 147 - 0.05 0.27 73156
aoDLAV 1e6 5 147 - 0.15 19.88 252688
aoULAV 1e6 5 147 - 0.13 20.16 252692
aoD2AG 1e6 5 147 - 0.21 19.70 324192
aoD2SG 1e6 5 147 - 0.22 23.60 332524
dry 1e6 2 116 - 0.03 0.19 49704
aoDLAV 1e6 2 116 - 0.09 3.56 178480
aoULAV 1e6 2 116 - 0.11 3.77 178456
aoD2AG 1e6 2 116 - 0.21 5.67 234732
aoD2SG 1e6 2 116 - 0.21 6.23 242420
dry 56e1 2 224 - 0.02 0.11 26012
aoDLAV 56e1 2 224 - 0.02 0.14 30220
aoULAV 56e1 2 224 - 0.03 0.14 30232
aoD2AG 56e1 2 224 - 0.02 0.14 30440
aoD2SG 56e1 2 224 - 0.02 0.15 30424
moore 56e1 2 224 - 0.03 3.26 39652
nbpm 56e1 2 224 - 0.12 2.83 78704
greedy 56e1 2 224 - 0.04 0.39 64108
dry 275e2 2 226 - 0.02 0.12 29120
aoDLAV 275e2 2 226 - 0.03 0.20 31240
aoULAV 275e2 2 226 - 0.03 0.20 31572
aoD2AG 275e2 2 226 - 0.03 0.22 34692
aoD2SG 275e2 2 226 - 0.03 0.23 34812
dry 375e2 2 145 - 0.03 0.11 30876
aoDLAV 375e2 2 145 - 0.03 0.23 31784
aoULAV 375e2 2 145 - 0.03 0.23 32604
aoD2AG 375e2 2 145 - 0.03 0.27 35520
aoD2SG 375e2 2 145 - 0.03 0.29 35532
dry 1e2 10 60 - 0.02 0.12 26004
aoDLAV 1e2 10 60 - 0.02 0.14 30260
aoULAV 1e2 10 60 - 0.03 0.14 30272
aoD2AG 1e2 10 60 - 0.03 0.14 30440
aoD2SG 1e2 10 60 - 0.03 0.14 30448
moore 1e2 10 60 - 0.04 0.25 30500
nbpm 1e2 10 60 - 0.06 2.28 53076
greedy 1e2 10 60 - 0.03 0.14 30972
dry 1e3 2 127 - 0.02 0.11 26024
aoDLAV 1e3 2 127 - 0.03 0.14 30284
aoULAV 1e3 2 127 - 0.03 0.14 30296
aoD2AG 1e3 2 127 - 0.03 0.13 30540
aoD2SG 1e3 2 127 - 0.02 0.15 30572
moore 1e3 2 127 - 0.04 4.48 59776
nbpm 1e3 2 127 - 0.13 4.05 138576
greedy 1e3 2 127 - 0.08 1.06 139244
dry 375e2 2 31 - 0.02 0.11 27516
aoDLAV 375e2 2 31 - 0.04 0.22 31784
aoULAV 375e2 2 31 - 0.03 0.23 32604
aoD2AG 375e2 2 31 - 0.02 0.27 35520
aoD2SG 375e2 2 31 - 0.04 0.27 35528
dry 1e2 10 177 - 0.02 0.12 26004
aoDLAV 1e2 10 177 - 0.03 0.14 30264
aoULAV 1e2 10 177 - 0.02 0.14 30276
aoD2AG 1e2 10 177 - 0.03 0.14 30488
aoD2SG 1e2 10 177 - 0.03 0.14 30448
moore 1e2 10 177 - 0.02 0.23 30496
nbpm 1e2 10 177 - 0.08 2.13 53076
greedy 1e2 10 177 - 0.02 0.15 30972
dry 1e2 10 240 - 0.03 0.11 26004
aoDLAV 1e2 10 240 - 0.03 0.14 30264
aoULAV 1e2 10 240 - 0.02 0.15 30272
aoD2AG 1e2 10 240 - 0.02 0.14 30440
aoD2SG 1e2 10 240 - 0.03 0.14 30452
moore 1e2 10 240 - 0.03 0.23 30500
nbpm 1e2 10 240 - 0.09 2.15 53076
greedy 1e2 10 240 - 0.03 0.15 30972
dry 1e6 5 176 - 0.06 0.25 73152
aoDLAV 1e6 5 176 - 0.16 18.04 252688
aoULAV 1e6 5 176 - 0.13 18.24 252688
aoD2AG 1e6 5 176 - 0.21 19.94 324312
aoD2SG 1e6 5 176 - 0.21 23.42 332476
dry 400e2 2 215 - 0.03 0.11 27620
aoDLAV 400e2 2 215 - 0.02 0.24 32236
aoULAV 400e2 2 215 - 0.03 0.24 33112
aoD2AG 400e2 2 215 - 0.04 0.27 36132
aoD2SG 400e2 2 215 - 0.04 0.29 35928
dry 1e1 2 143 - 0.02 0.12 25996
aoDLAV 1e1 2 143 - 0.02 0.14 30164
aoULAV 1e1 2 143 - 0.03 0.14 30176
aoD2AG 1e1 2 143 - 0.02 0.14 30316
aoD2SG 1e1 2 143 - 0.03 0.13 30320
moore 1e1 2 143 - 0.03 0.18 30484
nbpm 1e1 2 143 - 0.06 2.15 49824
greedy 1e1 2 143 - 0.03 0.14 30124
dry 5e4 10 68 - 0.04 0.13 33920
aoDLAV 5e4 10 68 - 0.04 7.93 40200
aoULAV 5e4 10 68 - 0.05 7.98 40204
aoD2AG 5e4 10 68 - 0.04 7.76 44980
aoD2SG 5e4 10 68 - 0.05 8.38 45000
dry 32e1 2 175 - 0.02 0.12 26004
aoDLAV 32e1 2 175 - 0.02 0.15 30196
aoULAV 32e1 2 175 - 0.03 0.14 30208
aoD2AG 32e1 2 175 - 0.02 0.14 30376
aoD2SG 32e1 2 175 - 0.02 0.15 30384
moore 32e1 2 175 - 0.04 0.52 33684
nbpm 32e1 2 175 - 0.07 2.37 58308
greedy 32e1 2 175 - 0.04 0.20 40972
dry 400e2 2 140 - 0.02 0.12 29308
aoDLAV 400e2 2 140 - 0.03 0.24 32240
aoULAV 400e2 2 140 - 0.04 0.23 33112
aoD2AG 400e2 2 140 - 0.04 0.28 36068
aoD2SG 400e2 2 140 - 0.03 0.29 35924
dry 56e4 2 226 - 0.03 0.18 41108
aoDLAV 56e4 2 226 - 0.07 2.09 107984
aoULAV 56e4 2 226 - 0.08 2.19 107984
aoD2AG 56e4 2 226 - 0.12 3.12 138684
aoD2SG 56e4 2 226 - 0.10 3.58 144320
dry 350e2 2 182 - 0.03 0.11 27416
aoDLAV 350e2 2 182 - 0.03 0.22 31480
aoULAV 350e2 2 182 - 0.03 0.23 32260
aoD2AG 350e2 2 182 - 0.03 0.29 34848
aoD2SG 350e2 2 182 - 0.03 0.30 35132
dry 32e1 2 143 - 0.02 0.12 26004
aoDLAV 32e1 2 143 - 0.02 0.15 30200
aoULAV 32e1 2 143 - 0.03 0.14 30212
aoD2AG 32e1 2 143 - 0.01 0.15 30376
aoD2SG 32e1 2 143 - 0.03 0.14 30384
moore 32e1 2 143 - 0.04 0.57 33684
nbpm 32e1 2 143 - 0.08 2.39 58308
greedy 32e1 2 143 - 0.03 0.21 40976
dry 1e3 5 24 - 0.02 0.11 26056
aoDLAV 1e3 5 24 - 0.02 0.15 30428
aoULAV 1e3 5 24 - 0.03 0.14 30440
aoD2AG 1e3 5 24 - 0.03 0.14 30744
aoD2SG 1e3 5 24 - 0.03 0.15 30756
moore 1e3 5 24 - 0.04 4.85 59800
nbpm 1e3 5 24 - 0.12 4.54 129244
greedy 1e3 5 24 - 0.08 1.05 139436
dry 1e5 10 120 - 0.04 0.18 38396
aoDLAV 1e5 10 120 - 0.05 23.27 53540
aoULAV 1e5 10 120 - 0.04 23.33 55308
aoD2AG 1e5 10 120 - 0.05 23.31 62640
aoD2SG 1e5 10 120 - 0.05 26.10 66880
dry 1e2 2 48 - 0.03 0.11 25996
aoDLAV 1e2 2 48 - 0.03 0.14 30172
aoULAV 1e2 2 48 - 0.02 0.14 30180
aoD2AG 1e2 2 48 - 0.03 0.14 30336
aoD2SG 1e2 2 48 - 0.03 0.14 30344
moore 1e2 2 48 - 0.02 0.22 30488
nbpm 1e2 2 48 - 0.07 2.17 53008
greedy 1e2 2 48 - 0.02 0.15 30884
dry 1e3 5 16 - 0.02 0.12 26056
aoDLAV 1e3 5 16 - 0.02 0.15 30424
aoULAV 1e3 5 16 - 0.03 0.15 30440
aoD2AG 1e3 5 16 - 0.03 0.15 30740
aoD2SG 1e3 5 16 - 0.03 0.15 30760
moore 1e3 5 16 - 0.05 3.21 59828
nbpm 1e3 5 16 - 0.09 4.42 129248
greedy 1e3 5 16 - 0.11 1.00 139388
dry 56e4 2 189 - 0.04 0.18 41108
aoDLAV 56e4 2 189 - 0.07 2.09 107984
aoULAV 56e4 2 189 - 0.08 2.12 107984
aoD2AG 56e4 2 189 - 0.11 3.07 139200
aoD2SG 56e4 2 189 - 0.13 3.51 142860
dry 1e5 5 51 - 0.03 0.13 34476
aoDLAV 1e5 5 51 - 0.03 1.52 41816
aoULAV 1e5 5 51 - 0.04 1.52 43572
aoD2AG 1e5 5 51 - 0.05 1.65 53556
aoD2SG 1e5 5 51 - 0.05 1.83 53604
dry 5e4 10 171 - 0.03 0.13 33888
aoDLAV 5e4 10 171 - 0.04 7.28 40200
aoULAV 5e4 10 171 - 0.04 7.32 40204
aoD2AG 5e4 10 171 - 0.04 7.38 44988
aoD2SG 5e4 10 171 - 0.04 8.20 45000
dry 32e1 2 6 - 0.02 0.12 26000
aoDLAV 32e1 2 6 - 0.03 0.14 30196
aoULAV 32e1 2 6 - 0.03 0.14 30208
aoD2AG 32e1 2 6 - 0.03 0.14 30376
aoD2SG 32e1 2 6 - 0.02 0.15 30384
moore 32e1 2 6 - 0.04 0.97 33684
nbpm 32e1 2 6 - 0.08 2.36 58308
greedy 32e1 2 6 - 0.04 0.21 40972
dry 1e5 10 204 - 0.03 0.18 38396
aoDLAV 1e5 10 204 - 0.05 22.51 53536
aoULAV 1e5 10 204 - 0.04 22.62 55312
aoD2AG 1e5 10 204 - 0.05 22.86 62680
aoD2SG 1e5 10 204 - 0.06 25.78 66832
dry 300e2 2 107 - 0.03 0.11 28676
aoDLAV 300e2 2 107 - 0.03 0.21 31296
aoULAV 300e2 2 107 - 0.02 0.22 31896
aoD2AG 300e2 2 107 - 0.04 0.24 35064
aoD2SG 300e2 2 107 - 0.04 0.25 34712
dry 32e3 2 188 - 0.02 0.12 27296
aoDLAV 32e3 2 188 - 0.03 0.22 31440
aoULAV 32e3 2 188 - 0.03 0.22 32152
aoD2AG 32e3 2 188 - 0.03 0.25 35024
aoD2SG 32e3 2 188 - 0.03 0.26 34788
dry 1e2 10 34 - 0.02 0.12 26008
aoDLAV 1e2 10 34 - 0.02 0.15 30260
aoULAV 1e2 10 34 - 0.02 0.15 30276
aoD2AG 1e2 10 34 - 0.03 0.14 30440
aoD2SG 1e2 10 34 - 0.04 0.14 30448
moore 1e2 10 34 - 0.03 0.26 30500
nbpm 1e2 10 34 - 0.09 2.19 53076
greedy 1e2 10 34 - 0.02 0.15 30972
dry 1e5 5 102 - 0.03 0.13 34476
aoDLAV 1e5 5 102 - 0.03 1.63 41820
aoULAV 1e5 5 102 - 0.05 1.62 43568
aoD2AG 1e5 5 102 - 0.04 1.79 53612
aoD2SG 1e5 5 102 - 0.05 1.98 53200
dry 1e5 5 5 - 0.04 0.13 34480
aoDLAV 1e5 5 5 - 0.04 1.62 41816
aoULAV 1e5 5 5 - 0.05 1.63 43568
aoD2AG 1e5 5 5 - 0.05 1.77 53612
aoD2SG 1e5 5 5 - 0.04 2.09 53312
dry 300e2 2 124 - 0.03 0.11 27216
aoDLAV 300e2 2 124 - 0.03 0.22 31300
aoULAV 300e2 2 124 - 0.03 0.22 31892
aoD2AG 300e2 2 124 - 0.03 0.24 35060
aoD2SG 300e2 2 124 - 0.03 0.26 34716
dry 18e4 2 83 - 0.02 0.14 33104
aoDLAV 18e4 2 83 - 0.05 0.78 47860
aoULAV 18e4 2 83 - 0.05 0.79 47860
aoD2AG 18e4 2 83 - 0.06 1.02 58900
aoD2SG 18e4 2 83 - 0.06 1.14 60184
dry 325e2 2 208 - 0.02 0.12 27316
aoDLAV 325e2 2 208 - 0.03 0.23 31372
aoULAV 325e2 2 208 - 0.03 0.22 32088
aoD2AG 325e2 2 208 - 0.03 0.26 35000
aoD2SG 325e2 2 208 - 0.03 0.27 34764
dry 1e2 2 56 - 0.02 0.12 25992
aoDLAV 1e2 2 56 - 0.03 0.13 30168
aoULAV 1e2 2 56 - 0.03 0.14 30184
aoD2AG 1e2 2 56 - 0.02 0.14 30336
aoD2SG 1e2 2 56 - 0.02 0.15 30344
moore 1e2 2 56 - 0.03 0.24 30488
nbpm 1e2 2 56 - 0.06 2.12 53008
greedy 1e2 2 56 - 0.03 0.14 30884
dry 1e2 5 98 - 0.02 0.12 25996
aoDLAV 1e2 5 98 - 0.03 0.14 30212
aoULAV 1e2 5 98 - 0.03 0.14 30228
aoD2AG 1e2 5 98 - 0.02 0.14 30384
aoD2SG 1e2 5 98 - 0.03 0.14 30392
moore 1e2 5 98 - 0.03 0.20 30496
nbpm 1e2 5 98 - 0.06 2.13 53016
greedy 1e2 5 98 - 0.03 0.14 30924
dry 1e5 2 129 - 0.02 0.13 32124
aoDLAV 1e5 2 129 - 0.03 0.44 34804
aoULAV 1e5 2 129 - 0.03 0.45 35320
aoD2AG 1e5 2 129 - 0.04 0.56 42864
aoD2SG 1e5 2 129 - 0.03 0.64 43800
dry 18e4 2 76 - 0.02 0.14 33472
aoDLAV 18e4 2 76 - 0.04 0.76 47860
aoULAV 18e4 2 76 - 0.05 0.76 47860
aoD2AG 18e4 2 76 - 0.06 0.98 58640
aoD2SG 18e4 2 76 - 0.06 1.06 59932
dry 1e6 10 49 - 0.08 0.38 112236
aoDLAV 1e6 10 49 - 0.72 405.39 369888
aoULAV 1e6 10 49 - 0.33 366.56 369884
aoD2AG 1e6 10 49 - 0.65 485.73 447888
aoD2SG 1e6 10 49 - 0.44 435.32 457144
dry 32e3 2 143 - 0.02 0.12 29136
aoDLAV 32e3 2 143 - 0.03 0.21 31440
aoULAV 32e3 2 143 - 0.02 0.22 32144
aoD2AG 32e3 2 143 - 0.03 0.25 35020
aoD2SG 32e3 2 143 - 0.03 0.26 34788
dry 375e2 2 200 - 0.03 0.11 28996
aoDLAV 375e2 2 200 - 0.04 0.22 31784
aoULAV 375e2 2 200 - 0.04 0.22 32604
aoD2AG 375e2 2 200 - 0.03 0.27 35516
aoD2SG 375e2 2 200 - 0.04 0.28 35524
dry 32e4 2 128 - 0.03 0.16 36424
aoDLAV 32e4 2 128 - 0.07 1.20 70832
aoULAV 32e4 2 128 - 0.06 1.22 70844
aoD2AG 32e4 2 128 - 0.08 1.66 89040
aoD2SG 32e4 2 128 - 0.07 1.87 90556
dry 1e3 10 59 - 0.02 0.11 26140
aoDLAV 1e3 10 59 - 0.03 0.16 30652
aoULAV 1e3 10 59 - 0.03 0.16 30668
aoD2AG 1e3 10 59 - 0.02 0.17 31052
aoD2SG 1e3 10 59 - 0.03 0.16 31084
moore 1e3 10 59 - 0.04 2.14 59868
nbpm 1e3 10 59 - 0.14 5.02 136140
greedy 1e3 10 59 - 0.08 1.06 139620
dry 300e2 2 163 - 0.02 0.13 27216
aoDLAV 300e2 2 163 - 0.03 0.21 31300
aoULAV 300e2 2 163 - 0.02 0.22 31892
aoD2AG 300e2 2 163 - 0.03 0.24 35064
aoD2SG 300e2 2 163 - 0.03 0.26 34716
dry 32e4 2 215 - 0.03 0.16 36424
aoDLAV 32e4 2 215 - 0.05 1.28 70828
aoULAV 32e4 2 215 - 0.05 1.32 70840
aoD2AG 32e4 2 215 - 0.07 1.79 89260
aoD2SG 32e4 2 215 - 0.07 2.02 90736
dry 1e3 10 91 - 0.02 0.12 26136
aoDLAV 1e3 10 91 - 0.03 0.16 30652
aoULAV 1e3 10 91 - 0.04 0.16 30668
aoD2AG 1e3 10 91 - 0.03 0.15 31056
aoD2SG 1e3 10 91 - 0.03 0.16 31084
moore 1e3 10 91 - 0.04 3.10 59872
nbpm 1e3 10 91 - 0.14 4.87 136140
greedy 1e3 10 91 - 0.08 1.01 139660
dry 5e4 10 121 - 0.02 0.14 33892
aoDLAV 5e4 10 121 - 0.04 7.08 40200
aoULAV 5e4 10 121 - 0.04 7.10 40204
aoD2AG 5e4 10 121 - 0.04 7.15 44980
aoD2SG 5e4 10 121 - 0.04 7.96 45000
dry 325e2 2 138 - 0.03 0.11 27316
aoDLAV 325e2 2 138 - 0.03 0.21 31376
aoULAV 325e2 2 138 - 0.03 0.22 32088
aoD2AG 325e2 2 138 - 0.03 0.24 35004
aoD2SG 325e2 2 138 - 0.03 0.26 34760
dry 275e2 2 106 - 0.02 0.12 27124
aoDLAV 275e2 2 106 - 0.03 0.20 31244
aoULAV 275e2 2 106 - 0.03 0.20 31572
aoD2AG 275e2 2 106 - 0.03 0.23 34696
aoD2SG 275e2 2 106 - 0.03 0.23 34808
dry 1e3 2 139 - 0.02 0.11 26020
aoDLAV 1e3 2 139 - 0.02 0.15 30280
aoULAV 1e3 2 139 - 0.02 0.14 30292
aoD2AG 1e3 2 139 - 0.03 0.14 30536
aoD2SG 1e3 2 139 - 0.03 0.14 30568
moore 1e3 2 139 - 0.06 2.41 59804
nbpm 1e3 2 139 - 0.15 4.44 138560
greedy 1e3 2 139 - 0.09 1.05 139244
dry 18e1 2 52 - 0.02 0.12 26008
aoDLAV 18e1 2 52 - 0.02 0.15 30188
aoULAV 18e1 2 52 - 0.03 0.14 30200
aoD2AG 18e1 2 52 - 0.03 0.14 30360
aoD2SG 18e1 2 52 - 0.03 0.14 30368
moore 18e1 2 52 - 0.04 0.24 30488
nbpm 18e1 2 52 - 0.07 2.19 54436
greedy 18e1 2 52 - 0.02 0.16 33348
dry 275e2 2 94 - 0.03 0.11 27120
aoDLAV 275e2 2 94 - 0.03 0.21 31244
aoULAV 275e2 2 94 - 0.03 0.22 31572
aoD2AG 275e2 2 94 - 0.03 0.24 34696
aoD2SG 275e2 2 94 - 0.03 0.24 34816
dry 32e4 2 202 - 0.03 0.17 36424
aoDLAV 32e4 2 202 - 0.05 1.26 70828
aoULAV 32e4 2 202 - 0.07 1.26 70840
aoD2AG 32e4 2 202 - 0.08 1.82 89224
aoD2SG 32e4 2 202 - 0.09 2.00 91300
dry 5e4 2 18 - 0.03 0.12 28000
aoDLAV 5e4 2 18 - 0.03 0.27 33008
aoULAV 5e4 2 18 - 0.04 0.27 33312
aoD2AG 5e4 2 18 - 0.03 0.34 36412
aoD2SG 5e4 2 18 - 0.03 0.37 36424
dry 1e2 2 246 - 0.01 0.13 25992
aoDLAV 1e2 2 246 - 0.02 0.14 30168
aoULAV 1e2 2 246 - 0.03 0.14 30180
aoD2AG 1e2 2 246 - 0.02 0.15 30328
aoD2SG 1e2 2 246 - 0.02 0.15 30340
moore 1e2 2 246 - 0.03 0.21 30488
nbpm 1e2 2 246 - 0.08 2.18 53008
greedy 1e2 2 246 - 0.04 0.13 30880
dry 56e4 2 159 - 0.03 0.19 41104
aoDLAV 56e4 2 159 - 0.08 2.12 107984
aoULAV 56e4 2 159 - 0.07 2.23 107988
aoD2AG 56e4 2 159 - 0.13 3.06 139656
aoD2SG 56e4 2 159 - 0.13 3.55 143188
dry 400e2 2 155 - 0.03 0.11 27616
aoDLAV 400e2 2 155 - 0.03 0.24 32236
aoULAV 400e2 2 155 - 0.04 0.24 33112
aoD2AG 400e2 2 155 - 0.04 0.29 36072
aoD2SG 400e2 2 155 - 0.03 0.30 35928
dry 325e2 2 148 - 0.03 0.11 27316
aoDLAV 325e2 2 148 - 0.02 0.23 31376
aoULAV 325e2 2 148 - 0.03 0.22 32084
aoD2AG 325e2 2 148 - 0.03 0.27 35000
aoD2SG 325e2 2 148 - 0.04 0.27 34760
dry 32e1 2 4 - 0.02 0.12 26000
aoDLAV 32e1 2 4 - 0.03 0.15 30196
aoULAV 32e1 2 4 - 0.02 0.15 30212
aoD2AG 32e1 2 4 - 0.03 0.14 30376
aoD2SG 32e1 2 4 - 0.03 0.14 30388
moore 32e1 2 4 - 0.03 0.64 33680
nbpm 32e1 2 4 - 0.07 2.38 58300
greedy 32e1 2 4 - 0.04 0.21 40972
dry 1e5 5 243 - 0.03 0.14 34476
aoDLAV 1e5 5 243 - 0.03 1.62 41816
aoULAV 1e5 5 243 - 0.04 1.62 43572
aoD2AG 1e5 5 243 - 0.04 1.81 53568
aoD2SG 1e5 5 243 - 0.05 1.99 53436
dry 1e5 10 210 - 0.03 0.19 38396
aoDLAV 1e5 10 210 - 0.04 22.24 53536
aoULAV 1e5 10 210 - 0.05 21.96 55308
aoD2AG 1e5 10 210 - 0.06 22.91 62616
aoD2SG 1e5 10 210 - 0.07 24.59 66908
dry 1e5 10 228 - 0.04 0.18 38400
aoDLAV 1e5 10 228 - 0.05 21.67 53536
aoULAV 1e5 10 228 - 0.05 21.47 55308
aoD2AG 1e5 10 228 - 0.06 25.59 62724
aoD2SG 1e5 10 228 - 0.06 23.93 66836
dry 56e1 2 167 - 0.02 0.12 26008
aoDLAV 56e1 2 167 - 0.03 0.14 30220
aoULAV 56e1 2 167 - 0.03 0.14 30232
aoD2AG 56e1 2 167 - 0.03 0.14 30420
aoD2SG 56e1 2 167 - 0.02 0.15 30424
moore 56e1 2 167 - 0.04 1.67 39664
nbpm 56e1 2 167 - 0.09 2.89 78712
greedy 56e1 2 167 - 0.04 0.38 64104
dry 5e4 2 26 - 0.03 0.11 29332
aoDLAV 5e4 2 26 - 0.03 0.27 33012
aoULAV 5e4 2 26 - 0.02 0.28 33312
aoD2AG 5e4 2 26 - 0.04 0.32 36408
aoD2SG 5e4 2 26 - 0.03 0.36 36424
dry 250e2 2 173 - 0.03 0.11 27952
aoDLAV 250e2 2 173 - 0.03 0.20 31108
aoULAV 250e2 2 173 - 0.03 0.20 31212
aoD2AG 250e2 2 173 - 0.03 0.23 33860
aoD2SG 250e2 2 173 - 0.04 0.22 33968
dry 1e2 10 241 - 0.02 0.12 26004
aoDLAV 1e2 10 241 - 0.03 0.14 30260
aoULAV 1e2 10 241 - 0.03 0.14 30272
aoD2AG 1e2 10 241 - 0.03 0.14 30440
aoD2SG 1e2 10 241 - 0.02 0.15 30444
moore 1e2 10 241 - 0.03 0.22 30500
nbpm 1e2 10 241 - 0.08 2.16 53076
greedy 1e2 10 241 - 0.02 0.15 30972
dry 1e5 10 145 - 0.04 0.18 38400
aoDLAV 1e5 10 145 - 0.05 22.67 53536
aoULAV 1e5 10 145 - 0.06 22.67 55312
aoD2AG 1e5 10 145 - 0.06 22.77 62712
aoD2SG 1e5 10 145 - 0.05 23.43 66832
dry 225e2 2 127 - 0.03 0.11 26920
aoDLAV 225e2 2 127 - 0.02 0.19 30980
aoULAV 225e2 2 127 - 0.03 0.19 30996
aoD2AG 225e2 2 127 - 0.03 0.21 33372
aoD2SG 225e2 2 127 - 0.03 0.22 33464
dry 1e5 5 36 - 0.03 0.13 34476
aoDLAV 1e5 5 36 - 0.04 1.51 41820
aoULAV 1e5 5 36 - 0.04 1.51 43568
aoD2AG 1e5 5 36 - 0.04 1.78 53636
aoD2SG 1e5 5 36 - 0.03 1.97 53200
dry 5e4 5 184 - 0.02 0.14 29984
aoDLAV 5e4 5 184 - 0.02 0.75 34708
aoULAV 5e4 5 184 - 0.04 0.74 34708
aoD2AG 5e4 5 184 - 0.03 0.82 37728
aoD2SG 5e4 5 184 - 0.04 0.89 37936
dry 1e2 2 68 - 0.02 0.12 25992
aoDLAV 1e2 2 68 - 0.02 0.15 30168
aoULAV 1e2 2 68 - 0.02 0.14 30180
aoD2AG 1e2 2 68 - 0.02 0.15 30336
aoD2SG 1e2 2 68 - 0.03 0.14 30340
moore 1e2 2 68 - 0.02 0.22 30480
nbpm 1e2 2 68 - 0.07 2.18 53000
greedy 1e2 2 68 - 0.03 0.14 30880
dry 1e2 2 63 - 0.02 0.12 25996
aoDLAV 1e2 2 63 - 0.02 0.15 30168
aoULAV 1e2 2 63 - 0.02 0.14 30180
aoD2AG 1e2 2 63 - 0.03 0.14 30336
aoD2SG 1e2 2 63 - 0.02 0.15 30396
moore 1e2 2 63 - 0.02 0.23 30480
nbpm 1e2 2 63 - 0.07 2.16 53000
greedy 1e2 2 63 - 0.02 0.15 30880
dry 5e4 2 195 - 0.02 0.12 28000
aoDLAV 5e4 2 195 - 0.03 0.27 33008
aoULAV 5e4 2 195 - 0.03 0.28 33312
aoD2AG 5e4 2 195 - 0.03 0.34 36408
aoD2SG 5e4 2 195 - 0.04 0.36 36424
dry 1e2 10 228 - 0.03 0.11 28024
aoDLAV 1e2 10 228 - 0.03 0.14 30264
aoULAV 1e2 10 228 - 0.02 0.15 30272
aoD2AG 1e2 10 228 - 0.03 0.14 30440
aoD2SG 1e2 10 228 - 0.02 0.15 30448
moore 1e2 10 228 - 0.03 0.20 30496
nbpm 1e2 10 228 - 0.07 2.17 53076
greedy 1e2 10 228 - 0.02 0.15 30972
dry 1e6 10 21 - 0.07 0.41 112232
aoDLAV 1e6 10 21 - 0.23 384.82 369884
aoULAV 1e6 10 21 - 0.30 364.97 369884
aoD2AG 1e6 10 21 - 0.38 375.19 447264
aoD2SG 1e6 10 21 - 0.44 451.05 458208
dry 1e3 10 213 - 0.02 0.12 26136
aoDLAV 1e3 10 213 - 0.03 0.15 30652
aoULAV 1e3 10 213 - 0.02 0.16 30664
aoD2AG 1e3 10 213 - 0.03 0.16 31052
aoD2SG 1e3 10 213 - 0.03 0.17 31076
moore 1e3 10 213 - 0.04 3.09 59872
nbpm 1e3 10 213 - 0.12 5.30 136140
greedy 1e3 10 213 - 0.07 1.05 139616
dry 56e3 2 91 - 0.02 0.12 30196
aoDLAV 56e3 2 91 - 0.03 0.29 33476
aoULAV 56e3 2 91 - 0.03 0.30 34696
aoD2AG 56e3 2 91 - 0.03 0.36 37284
aoD2SG 56e3 2 91 - 0.04 0.37 37300
dry 1e6 5 93 - 0.05 0.27 73156
aoDLAV 1e6 5 93 - 0.13 19.15 252688
aoULAV 1e6 5 93 - 0.15 19.63 252688
aoD2AG 1e6 5 93 - 0.23 21.62 322728
aoD2SG 1e6 5 93 - 0.22 25.16 333468
dry 56e1 2 249 - 0.02 0.12 26012
aoDLAV 56e1 2 249 - 0.03 0.14 30220
aoULAV 56e1 2 249 - 0.03 0.14 30232
aoD2AG 56e1 2 249 - 0.03 0.14 30416
aoD2SG 56e1 2 249 - 0.03 0.14 30428
moore 56e1 2 249 - 0.04 1.19 39680
nbpm 56e1 2 249 - 0.08 2.92 78704
greedy 56e1 2 249 - 0.05 0.38 64104
dry 1e3 2 54 - 0.02 0.12 26020
aoDLAV 1e3 2 54 - 0.03 0.13 30280
aoULAV 1e3 2 54 - 0.03 0.14 30292
aoD2AG 1e3 2 54 - 0.03 0.14 30532
aoD2SG 1e3 2 54 - 0.03 0.14 30560
moore 1e3 2 54 - 0.04 4.64 59776
nbpm 1e3 2 54 - 0.12 4.04 138560
greedy 1e3 2 54 - 0.08 1.07 139248
dry 350e2 2 245 - 0.01 0.13 29108
aoDLAV 350e2 2 245 - 0.03 0.23 31480
aoULAV 350e2 2 245 - 0.02 0.24 32260
aoD2AG 350e2 2 245 - 0.03 0.27 34852
aoD2SG 350e2 2 245 - 0.04 0.28 35136
dry 1e2 5 218 - 0.02 0.12 25996
aoDLAV 1e2 5 218 - 0.02 0.14 30212
aoULAV 1e2 5 218 - 0.02 0.15 30228
aoD2AG 1e2 5 218 - 0.02 0.14 30388
aoD2SG 1e2 5 218 - 0.02 0.14 30388
moore 1e2 5 218 - 0.03 0.23 30492
nbpm 1e2 5 218 - 0.08 2.14 53012
greedy 1e2 5 218 - 0.02 0.15 30924
dry 1e5 5 125 - 0.03 0.13 34512
aoDLAV 1e5 5 125 - 0.04 1.61 41820
aoULAV 1e5 5 125 - 0.04 1.61 43576
aoD2AG 1e5 5 125 - 0.04 1.77 53564
aoD2SG 1e5 5 125 - 0.05 1.95 53544
dry 32e4 2 158 - 0.03 0.16 36424
aoDLAV 32e4 2 158 - 0.06 1.25 70832
aoULAV 32e4 2 158 - 0.06 1.26 70840
aoD2AG 32e4 2 158 - 0.07 1.72 88240
aoD2SG 32e4 2 158 - 0.08 1.89 90764
dry 56e4 2 153 - 0.03 0.18 41104
aoDLAV 56e4 2 153 - 0.08 2.11 107988
aoULAV 56e4 2 153 - 0.08 2.12 107984
aoD2AG 56e4 2 153 - 0.12 3.07 140484
aoD2SG 56e4 2 153 - 0.11 3.45 143964
dry 1e2 2 134 - 0.02 0.12 25992
aoDLAV 1e2 2 134 - 0.03 0.14 30168
aoULAV 1e2 2 134 - 0.02 0.15 30180
aoD2AG 1e2 2 134 - 0.02 0.15 30328
aoD2SG 1e2 2 134 - 0.03 0.14 30340
moore 1e2 2 134 - 0.03 0.19 30484
nbpm 1e2 2 134 - 0.07 2.17 53000
greedy 1e2 2 134 - 0.02 0.15 30880
dry 1e3 10 60 - 0.02 0.12 28144
aoDLAV 1e3 10 60 - 0.03 0.15 30652
aoULAV 1e3 10 60 - 0.03 0.16 30664
aoD2AG 1e3 10 60 - 0.03 0.16 31060
aoD2SG 1e3 10 60 - 0.03 0.16 31084
moore 1e3 10 60 - 0.05 2.52 59868
nbpm 1e3 10 60 - 0.12 4.87 136140
greedy 1e3 10 60 - 0.07 1.05 139620
dry 1e6 10 175 - 0.09 0.39 112232
aoDLAV 1e6 10 175 - 0.19 373.01 369884
aoULAV 1e6 10 175 - 0.43 513.00 369884
aoD2AG 1e6 10 175 - 0.38 330.84 447028
aoD2SG 1e6 10 175 - 0.43 417.82 457288
dry 1e2 2 219 - 0.02 0.12 25992
aoDLAV 1e2 2 219 - 0.03 0.14 30168
aoULAV 1e2 2 219 - 0.03 0.14 30180
aoD2AG 1e2 2 219 - 0.03 0.14 30328
aoD2SG 1e2 2 219 - 0.03 0.14 30332
moore 1e2 2 219 - 0.03 0.24 30488
nbpm 1e2 2 219 - 0.08 2.16 53008
greedy 1e2 2 219 - 0.03 0.14 30924
dry 375e2 2 247 - 0.02 0.12 29192
aoDLAV 375e2 2 247 - 0.03 0.23 31784
aoULAV 375e2 2 247 - 0.03 0.23 32604
aoD2AG 375e2 2 247 - 0.03 0.27 35520
aoD2SG 375e2 2 247 - 0.03 0.28 35532
dry 350e2 2 42 - 0.02 0.12 27416
aoDLAV 350e2 2 42 - 0.02 0.23 31480
aoULAV 350e2 2 42 - 0.03 0.23 32260
aoD2AG 350e2 2 42 - 0.03 0.26 34848
aoD2SG 350e2 2 42 - 0.02 0.28 35128
dry 1e6 2 207 - 0.04 0.19 49708
aoDLAV 1e6 2 207 - 0.11 3.62 178456
aoULAV 1e6 2 207 - 0.12 3.82 178456
aoD2AG 1e6 2 207 - 0.18 5.46 233476
aoD2SG 1e6 2 207 - 0.19 6.14 241828
dry 325e2 2 183 - 0.02 0.12 27316
aoDLAV 325e2 2 183 - 0.02 0.22 31372
aoULAV 325e2 2 183 - 0.03 0.22 32088
aoD2AG 325e2 2 183 - 0.03 0.25 35004
aoD2SG 325e2 2 183 - 0.03 0.26 34760
dry 300e2 2 8 - 0.03 0.11 27216
aoDLAV 300e2 2 8 - 0.03 0.21 31296
aoULAV 300e2 2 8 - 0.03 0.21 31892
aoD2AG 300e2 2 8 - 0.03 0.24 35060
aoD2SG 300e2 2 8 - 0.03 0.25 34712
dry 32e4 2 34 - 0.03 0.16 36424
aoDLAV 32e4 2 34 - 0.05 1.21 70828
aoULAV 32e4 2 34 - 0.05 1.24 70844
aoD2AG 32e4 2 34 - 0.07 1.73 88880
aoD2SG 32e4 2 34 - 0.08 1.87 91172
dry 5e4 10 192 - 0.03 0.13 33888
aoDLAV 5e4 10 192 - 0.05 7.51 40260
aoULAV 5e4 10 192 - 0.04 7.46 40200
aoD2AG 5e4 10 192 - 0.05 7.62 44984
aoD2SG 5e4 10 192 - 0.05 8.43 45000
dry 1e2 5 65 - 0.03 0.11 26000
aoDLAV 1e2 5 65 - 0.02 0.15 30212
aoULAV 1e2 5 65 - 0.03 0.14 30224
aoD2AG 1e2 5 65 - 0.03 0.14 30388
aoD2SG 1e2 5 65 - 0.04 0.13 30388
moore 1e2 5 65 - 0.04 0.19 30492
nbpm 1e2 5 65 - 0.08 2.14 53016
greedy 1e2 5 65 - 0.02 0.15 30924
dry 32e3 2 89 - 0.03 0.12 27952
aoDLAV 32e3 2 89 - 0.03 0.22 31436
aoULAV 32e3 2 89 - 0.03 0.22 32148
aoD2AG 32e3 2 89 - 0.03 0.25 35024
aoD2SG 32e3 2 89 - 0.03 0.26 34788
dry 32e4 2 185 - 0.03 0.16 36432
aoDLAV 32e4 2 185 - 0.06 1.23 70828
aoULAV 32e4 2 185 - 0.07 1.23 70840
aoD2AG 32e4 2 185 - 0.06 1.73 88808
aoD2SG 32e4 2 185 - 0.09 1.84 91856
dry 56e4 2 17 - 0.04 0.18 41104
aoDLAV 56e4 2 17 - 0.06 2.03 107984
aoULAV 56e4 2 17 - 0.08 2.11 107984
aoD2AG 56e4 2 17 - 0.11 3.03 140032
aoD2SG 56e4 2 17 - 0.12 3.32 144292
dry 5e4 10 80 - 0.03 0.13 33888
aoDLAV 5e4 10 80 - 0.05 7.45 40200
aoULAV 5e4 10 80 - 0.04 7.59 40204
aoD2AG 5e4 10 80 - 0.04 7.57 44984
aoD2SG 5e4 10 80 - 0.04 8.45 44996
dry 1e6 10 178 - 0.07 0.40 112232
aoDLAV 1e6 10 178 - 0.20 360.98 369884
aoULAV 1e6 10 178 - 0.30 338.14 369996
aoD2AG 1e6 10 178 - 0.39 348.00 446584
aoD2SG 1e6 10 178 - 0.41 420.72 456724
dry 1e5 10 167 - 0.04 0.18 38396
aoDLAV 1e5 10 167 - 0.06 21.16 53536
aoULAV 1e5 10 167 - 0.05 25.41 55308
aoD2AG 1e5 10 167 - 0.05 19.92 62980
aoD2SG 1e5 10 167 - 0.04 22.18 66832
dry 1e6 5 189 - 0.05 0.26 73152
aoDLAV 1e6 5 189 - 0.15 17.73 252688
aoULAV 1e6 5 189 - 0.12 17.77 252688
aoD2AG 1e6 5 189 - 0.22 20.66 324876
aoD2SG 1e6 5 189 - 0.22 23.22 332536
dry 250e2 2 226 - 0.03 0.11 27020
aoDLAV 250e2 2 226 - 0.03 0.20 31108
aoULAV 250e2 2 226 - 0.03 0.21 31212
aoD2AG 250e2 2 226 - 0.03 0.22 33860
aoD2SG 250e2 2 226 - 0.03 0.22 33964
dry 400e2 2 180 - 0.02 0.11 27616
aoDLAV 400e2 2 180 - 0.03 0.23 32236
aoULAV 400e2 2 180 - 0.03 0.23 33112
aoD2AG 400e2 2 180 - 0.02 0.27 36072
aoD2SG 400e2 2 180 - 0.03 0.29 35928
dry 5e4 10 144 - 0.03 0.13 33888
aoDLAV 5e4 10 144 - 0.04 6.89 40200
aoULAV 5e4 10 144 - 0.04 6.78 40200
aoD2AG 5e4 10 144 - 0.04 6.96 44984
aoD2SG 5e4 10 144 - 0.03 7.71 45000
dry 275e2 2 129 - 0.03 0.11 30676
aoDLAV 275e2 2 129 - 0.03 0.20 31240
aoULAV 275e2 2 129 - 0.02 0.21 31576
aoD2AG 275e2 2 129 - 0.03 0.23 34696
aoD2SG 275e2 2 129 - 0.03 0.23 34812
dry 300e2 2 162 - 0.02 0.12 27216
aoDLAV 300e2 2 162 - 0.02 0.21 31296
aoULAV 300e2 2 162 - 0.03 0.21 31896
aoD2AG 300e2 2 162 - 0.03 0.23 35092
aoD2SG 300e2 2 162 - 0.02 0.25 34712
dry 1e6 2 236 - 0.04 0.19 49704
aoDLAV 1e6 2 236 - 0.10 3.47 178456
aoULAV 1e6 2 236 - 0.11 3.64 178456
aoD2AG 1e6 2 236 - 0.16 5.20 233644
aoD2SG 1e6 2 236 - 0.18 5.86 241840
dry 1e5 10 189 - 0.03 0.17 38396
aoDLAV 1e5 10 189 - 0.05 19.58 53536
aoULAV 1e5 10 189 - 0.06 19.65 55312
aoD2AG 1e5 10 189 - 0.05 19.77 62760
aoD2SG 1e5 10 189 - 0.06 22.40 66836
dry 1e2 10 222 - 0.03 0.11 26004
aoDLAV 1e2 10 222 - 0.02 0.14 30260
aoULAV 1e2 10 222 - 0.02 0.15 30272
aoD2AG 1e2 10 222 - 0.03 0.14 30440
aoD2SG 1e2 10 222 - 0.03 0.14 30448
moore 1e2 10 222 - 0.03 0.23 30500
nbpm 1e2 10 222 - 0.09 2.09 53076
greedy 1e2 10 222 - 0.03 0.14 30972
dry 300e2 2 211 - 0.02 0.11 30724
aoDLAV 300e2 2 211 - 0.04 0.20 31296
aoULAV 300e2 2 211 - 0.03 0.21 31896
aoD2AG 300e2 2 211 - 0.03 0.24 35060
aoD2SG 300e2 2 211 - 0.03 0.24 34716
dry 325e2 2 84 - 0.02 0.12 30776
aoDLAV 325e2 2 84 - 0.03 0.22 31372
aoULAV 325e2 2 84 - 0.03 0.22 32084
aoD2AG 325e2 2 84 - 0.03 0.26 35000
aoD2SG 325e2 2 84 - 0.03 0.27 34760
dry 1e6 10 121 - 0.07 0.41 112232
aoDLAV 1e6 10 121 - 0.19 384.98 369952
aoULAV 1e6 10 121 - 0.30 372.66 369884
aoD2AG 1e6 10 121 - 0.42 363.48 447980
aoD2SG 1e6 10 121 - 0.40 359.66 456768
