dry 1e4 5 121 - 0.02 0.11 26900
aoDLAV 1e4 5 121 - 0.02 0.19 31088
aoULAV 1e4 5 121 - 0.03 0.20 31096
aoD2AG 1e4 5 121 - 0.02 0.20 32108
aoD2SG 1e4 5 121 - 0.02 0.21 32108
moore 1e4 5 121 - 1.06 824.57 2961736
nbpm 1e4 5 121 - 7.49 658.82 7811460
greedy 1e4 5 121 - 6.38 300.92 10959176
dry 5e7 2 221 - 0.58 1.61 1006736
aoDLAV 5e7 2 221 - 4.03 311.84 7440196
aoULAV 5e7 2 221 - 5.19 304.00 7440248
aoD2AG 5e7 2 221 - 10.00 545.51 10939112
aoD2SG 5e7 2 221 - 10.42 532.00 11336688
dry 18e6 2 218 - 0.27 0.68 381736
aoDLAV 18e6 2 218 - 1.65 94.75 2690192
aoULAV 18e6 2 218 - 1.69 105.74 2690192
aoD2AG 18e6 2 218 - 3.24 145.57 3949972
aoD2SG 18e6 2 218 - 3.74 164.92 4094212
dry 18e6 2 75 - 0.24 0.70 381736
aoDLAV 18e6 2 75 - 1.56 93.58 2690192
aoULAV 18e6 2 75 - 1.44 102.78 2690196
aoD2AG 18e6 2 75 - 3.14 138.80 3951776
aoD2SG 18e6 2 75 - 3.87 213.85 4094528
dry 6e7 2 225 - 0.73 1.91 1202044
aoDLAV 6e7 2 225 - 5.14 364.80 8924560
aoULAV 6e7 2 225 - 6.51 382.89 8924572
aoD2AG 6e7 2 225 - 11.75 561.30 13119020
aoD2SG 6e7 2 225 - 12.29 653.64 13596800
dry 5e7 2 43 - 0.59 1.63 1006736
aoDLAV 5e7 2 43 - 4.34 290.95 7440192
aoULAV 5e7 2 43 - 5.62 301.47 7440196
aoD2AG 5e7 2 43 - 9.80 426.88 10939868
aoD2SG 5e7 2 43 - 10.62 521.82 11339096
dry 32e6 2 135 - 0.37 1.09 655176
aoDLAV 32e6 2 135 - 2.74 179.28 4768328
aoULAV 32e6 2 135 - 3.71 204.06 4768328
aoD2AG 32e6 2 135 - 6.44 271.72 7007800
aoD2SG 32e6 2 135 - 6.96 322.19 7264924
dry 1e4 10 91 - 0.03 0.12 27692
aoDLAV 1e4 10 91 - 0.03 0.67 32768
aoULAV 1e4 10 91 - 0.03 0.68 32776
aoD2AG 1e4 10 91 - 0.03 0.70 32744
aoD2SG 1e4 10 91 - 0.03 0.77 34176
moore 1e4 10 91 - 1.13 1152.63 2963856
nbpm 1e4 10 91 - 7.29 708.38 7764392
greedy 1e4 10 91 - 6.98 284.83 10961112
dry 6e7 2 194 - 0.74 1.93 1202048
aoDLAV 6e7 2 194 - 5.04 369.77 8924564
aoULAV 6e7 2 194 - 6.67 372.80 8924564
aoD2AG 6e7 2 194 - 11.23 529.51 13122864
aoD2SG 6e7 2 194 - 12.26 645.59 13601692
dry 2e7 2 132 - 0.25 0.74 420796
aoDLAV 2e7 2 132 - 1.58 109.14 2987068
aoULAV 2e7 2 132 - 1.71 118.86 2987068
aoD2AG 2e7 2 132 - 3.48 161.02 4387416
aoD2SG 2e7 2 132 - 4.22 194.19 4546384
dry 50e2 2 203 - 0.02 0.12 28192
aoDLAV 50e2 2 203 - 0.02 0.15 30852
aoULAV 50e2 2 203 - 0.03 0.15 30860
aoD2AG 50e2 2 203 - 0.02 0.16 31780
aoD2SG 50e2 2 203 - 0.02 0.18 31876
moore 50e2 2 203 - 0.44 154.20 764628
nbpm 50e2 2 203 - 2.01 57.88 2011924
greedy 50e2 2 203 - 1.77 61.94 2764780
dry 7e7 2 140 - 0.84 2.27 1397356
aoDLAV 7e7 2 140 - 5.89 426.17 10408940
aoULAV 7e7 2 140 - 7.75 454.24 10408936
aoD2AG 7e7 2 140 - 13.89 628.87 15304236
aoD2SG 7e7 2 140 - 14.58 826.75 15865012
dry 6e7 2 106 - 0.65 1.89 1202044
aoDLAV 6e7 2 106 - 5.12 357.93 8924560
aoULAV 6e7 2 106 - 6.68 473.13 8924564
aoD2AG 6e7 2 106 - 11.49 566.64 13122824
aoD2SG 6e7 2 106 - 12.40 635.19 13598920
dry 75e2 2 60 - 0.03 0.12 26328
aoDLAV 75e2 2 60 - 0.02 0.17 31380
aoULAV 75e2 2 60 - 0.02 0.16 31388
aoD2AG 75e2 2 60 - 0.03 0.18 31384
aoD2SG 75e2 2 60 - 0.03 0.18 31380
moore 75e2 2 60 - 0.65 364.93 1683880
nbpm 75e2 2 60 - 4.45 157.01 4242132
greedy 75e2 2 60 - 3.79 152.23 6183092
dry 1e4 5 181 - 0.02 0.12 28832
aoDLAV 1e4 5 181 - 0.03 0.21 31084
aoULAV 1e4 5 181 - 0.03 0.21 31096
aoD2AG 1e4 5 181 - 0.03 0.22 32112
aoD2SG 1e4 5 181 - 0.03 0.23 32108
moore 1e4 5 181 - 1.10 977.00 2961732
nbpm 1e4 5 181 - 7.43 625.95 7811452
greedy 1e4 5 181 - 6.82 301.02 10959172
dry 2e7 2 79 - 0.23 0.77 420800
aoDLAV 2e7 2 79 - 1.72 107.17 2987072
aoULAV 2e7 2 79 - 2.17 113.45 2987068
aoD2AG 2e7 2 79 - 3.54 164.29 4385092
aoD2SG 2e7 2 79 - 4.28 194.79 4546256
dry 50e2 2 70 - 0.02 0.12 26208
aoDLAV 50e2 2 70 - 0.03 0.15 30848
aoULAV 50e2 2 70 - 0.02 0.16 30860
aoD2AG 50e2 2 70 - 0.03 0.15 31792
aoD2SG 50e2 2 70 - 0.03 0.17 31868
moore 50e2 2 70 - 0.65 199.80 764628
nbpm 50e2 2 70 - 2.03 53.99 2011928
greedy 50e2 2 70 - 1.68 63.59 2764780
dry 18e6 2 235 - 0.22 0.71 381736
aoDLAV 18e6 2 235 - 1.48 96.45 2690192
aoULAV 18e6 2 235 - 2.06 98.02 2690192
aoD2AG 18e6 2 235 - 3.16 140.92 3949636
aoD2SG 18e6 2 235 - 3.48 160.65 4095136
dry 3e7 2 229 - 0.33 1.03 616108
aoDLAV 3e7 2 229 - 2.41 168.56 4471428
aoULAV 3e7 2 229 - 3.38 176.51 4471428
aoD2AG 3e7 2 229 - 4.78 253.45 6570704
aoD2SG 3e7 2 229 - 6.33 295.03 6811720
dry 1e4 2 1 - 0.03 0.12 26432
aoDLAV 1e4 2 1 - 0.03 0.17 31864
aoULAV 1e4 2 1 - 0.03 0.17 31876
aoD2AG 1e4 2 1 - 0.03 0.18 31876
aoD2SG 1e4 2 1 - 0.03 0.19 31992
moore 1e4 2 1 - 1.16 1204.66 2960580
nbpm 1e4 2 1 - 7.40 476.84 7889424
greedy 1e4 2 1 - 6.68 274.42 10968568
dry 50e2 2 101 - 0.03 0.12 26204
aoDLAV 50e2 2 101 - 0.03 0.16 30852
aoULAV 50e2 2 101 - 0.03 0.15 30860
aoD2AG 50e2 2 101 - 0.03 0.16 31808
aoD2SG 50e2 2 101 - 0.03 0.17 31880
moore 50e2 2 101 - 0.81 226.85 764632
nbpm 50e2 2 101 - 1.96 56.58 2011924
greedy 50e2 2 101 - 1.56 59.85 2764780
dry 18e6 2 41 - 0.22 0.71 381736
aoDLAV 18e6 2 41 - 1.58 92.59 2690192
aoULAV 18e6 2 41 - 1.55 103.74 2690192
aoD2AG 18e6 2 41 - 3.63 142.40 3952248
aoD2SG 18e6 2 41 - 3.48 168.17 4094348
dry 6e7 2 145 - 0.70 1.93 1202048
aoDLAV 6e7 2 145 - 4.93 357.26 8924560
aoULAV 6e7 2 145 - 6.48 373.43 8924560
aoD2AG 6e7 2 145 - 11.56 547.71 13121352
aoD2SG 6e7 2 145 - 12.29 658.97 13601404
dry 56e2 2 135 - 0.02 0.12 26240
aoDLAV 56e2 2 135 - 0.02 0.16 30976
aoULAV 56e2 2 135 - 0.03 0.15 30992
aoD2AG 56e2 2 135 - 0.03 0.18 31964
aoD2SG 56e2 2 135 - 0.03 0.17 31120
moore 56e2 2 135 - 0.64 218.87 952688
nbpm 56e2 2 135 - 2.53 66.19 2388080
greedy 56e2 2 135 - 2.13 82.29 3460488
dry 32e2 2 54 - 0.04 0.12 26112
aoDLAV 32e2 2 54 - 0.03 0.15 30540
aoULAV 32e2 2 54 - 0.04 0.15 30548
aoD2AG 32e2 2 54 - 0.03 0.16 31224
aoD2SG 32e2 2 54 - 0.04 0.15 31272
moore 32e2 2 54 - 0.27 61.44 330512
nbpm 32e2 2 54 - 0.90 20.02 854752
greedy 32e2 2 54 - 0.64 20.47 1150168
dry 56e6 2 71 - 0.62 1.78 1123928
aoDLAV 56e6 2 71 - 4.68 331.60 8330820
aoULAV 56e6 2 71 - 6.26 351.49 8330816
aoD2AG 56e6 2 71 - 10.82 502.83 12246456
aoD2SG 56e6 2 71 - 11.56 600.12 12695588
dry 75e2 2 207 - 0.02 0.12 26332
aoDLAV 75e2 2 207 - 0.03 0.15 31376
aoULAV 75e2 2 207 - 0.02 0.16 31388
aoD2AG 75e2 2 207 - 0.03 0.18 31380
aoD2SG 75e2 2 207 - 0.02 0.18 31424
moore 75e2 2 207 - 1.41 529.15 1688784
nbpm 75e2 2 207 - 4.20 164.44 4242124
greedy 75e2 2 207 - 3.91 160.77 6183112
dry 18e6 2 69 - 0.23 0.72 381736
aoDLAV 18e6 2 69 - 1.56 95.53 2690196
aoULAV 18e6 2 69 - 1.53 98.88 2690196
aoD2AG 18e6 2 69 - 3.75 147.56 3952144
aoD2SG 18e6 2 69 - 3.47 169.83 4094256
dry 1e4 5 238 - 0.03 0.12 26904
aoDLAV 1e4 5 238 - 0.03 0.22 31084
aoULAV 1e4 5 238 - 0.03 0.22 31100
aoD2AG 1e4 5 238 - 0.03 0.25 32108
aoD2SG 1e4 5 238 - 0.03 0.24 32108
moore 1e4 5 238 - 1.15 1404.57 2961732
nbpm 1e4 5 238 - 7.54 627.19 7811452
greedy 1e4 5 238 - 6.28 291.33 10959176
dry 18e2 2 185 - 0.02 0.12 26048
aoDLAV 18e2 2 185 - 0.04 0.14 30372
aoULAV 18e2 2 185 - 0.03 0.16 30384
aoD2AG 18e2 2 185 - 0.03 0.16 30784
aoD2SG 18e2 2 185 - 0.03 0.16 30824
moore 18e2 2 185 - 0.06 7.67 125472
nbpm 18e2 2 185 - 0.19 7.88 334528
greedy 18e2 2 185 - 0.24 4.24 384352
dry 50e2 2 83 - 0.03 0.12 26204
aoDLAV 50e2 2 83 - 0.03 0.15 30848
aoULAV 50e2 2 83 - 0.03 0.15 30860
aoD2AG 50e2 2 83 - 0.04 0.15 31788
aoD2SG 50e2 2 83 - 0.03 0.17 31868
moore 50e2 2 83 - 0.54 174.98 764628
nbpm 50e2 2 83 - 1.98 53.74 2011924
greedy 50e2 2 83 - 1.72 66.83 2764780
dry 32e2 2 222 - 0.02 0.13 26112
aoDLAV 32e2 2 222 - 0.03 0.16 30540
aoULAV 32e2 2 222 - 0.03 0.16 30552
aoD2AG 32e2 2 222 - 0.03 0.15 31192
aoD2SG 32e2 2 222 - 0.03 0.16 31252
moore 32e2 2 222 - 0.22 51.40 330520
nbpm 32e2 2 222 - 0.90 21.66 854760
greedy 32e2 2 222 - 0.69 21.55 1150164
dry 1e4 10 183 - 0.02 0.12 29648
aoDLAV 1e4 10 183 - 0.03 0.69 32764
aoULAV 1e4 10 183 - 0.03 0.70 32776
aoD2AG 1e4 10 183 - 0.03 0.74 32748
aoD2SG 1e4 10 183 - 0.02 0.81 34180
moore 1e4 10 183 - 1.12 1389.74 2963852
nbpm 1e4 10 183 - 7.32 790.58 7764392
greedy 1e4 10 183 - 6.58 270.18 10961112
dry 1e4 5 73 - 0.02 0.12 26900
aoDLAV 1e4 5 73 - 0.03 0.21 31084
aoULAV 1e4 5 73 - 0.03 0.22 31100
aoD2AG 1e4 5 73 - 0.02 0.24 32112
aoD2SG 1e4 5 73 - 0.03 0.23 32108
moore 1e4 5 73 - 1.19 1070.24 2961736
nbpm 1e4 5 73 - 7.42 623.88 7811452
greedy 1e4 5 73 - 6.23 301.23 10959172
dry 3e7 2 128 - 0.37 1.03 616104
aoDLAV 3e7 2 128 - 2.37 171.61 4471428
aoULAV 3e7 2 128 - 2.62 178.66 4471428
aoD2AG 3e7 2 128 - 5.82 251.35 6569504
aoD2SG 3e7 2 128 - 5.96 293.54 6807676
dry 18e6 2 100 - 0.21 0.69 381736
aoDLAV 18e6 2 100 - 1.44 95.61 2690192
aoULAV 18e6 2 100 - 1.63 105.48 2690196
aoD2AG 18e6 2 100 - 3.65 150.22 3948952
aoD2SG 18e6 2 100 - 3.48 179.29 4094144
dry 5e7 2 249 - 0.58 1.61 1006736
aoDLAV 5e7 2 249 - 4.32 294.84 7440192
aoULAV 5e7 2 249 - 5.79 308.29 7440192
aoD2AG 5e7 2 249 - 9.86 443.24 10938104
aoD2SG 5e7 2 249 - 10.65 514.10 11335928
dry 5e7 2 87 - 0.57 1.59 1006736
aoDLAV 5e7 2 87 - 4.26 300.92 7440192
aoULAV 5e7 2 87 - 5.62 324.26 7440192
aoD2AG 5e7 2 87 - 10.56 453.86 10938872
aoD2SG 5e7 2 87 - 10.81 559.30 11339228
dry 1e4 5 35 - 0.03 0.12 26904
aoDLAV 1e4 5 35 - 0.04 0.20 31088
aoULAV 1e4 5 35 - 0.03 0.22 31100
aoD2AG 1e4 5 35 - 0.03 0.22 32108
aoD2SG 1e4 5 35 - 0.03 0.23 32108
moore 1e4 5 35 - 1.20 1060.75 2961736
nbpm 1e4 5 35 - 7.91 645.45 7811460
greedy 1e4 5 35 - 6.59 297.39 10959176
dry 50e2 2 161 - 0.02 0.12 26204
aoDLAV 50e2 2 161 - 0.02 0.16 30852
aoULAV 50e2 2 161 - 0.03 0.15 30860
aoD2AG 50e2 2 161 - 0.03 0.16 31780
aoD2SG 50e2 2 161 - 0.02 0.18 31864
moore 50e2 2 161 - 0.43 151.13 764632
nbpm 50e2 2 161 - 1.90 55.95 2011924
greedy 50e2 2 161 - 1.64 60.54 2764780
dry 7e7 2 101 - 1.77 2.20 1397356
aoDLAV 7e7 2 101 - 5.74 414.10 10408940
aoULAV 7e7 2 101 - 7.59 454.53 10408936
aoD2AG 7e7 2 101 - 14.19 632.66 15304144
aoD2SG 7e7 2 101 - 15.09 926.45 15865348
dry 18e2 2 160 - 0.02 0.12 26048
aoDLAV 18e2 2 160 - 0.03 0.15 30400
aoULAV 18e2 2 160 - 0.03 0.14 30388
aoD2AG 18e2 2 160 - 0.03 0.15 30784
aoD2SG 18e2 2 160 - 0.02 0.17 30828
moore 18e2 2 160 - 0.08 15.78 125408
nbpm 18e2 2 160 - 0.20 7.57 334528
greedy 18e2 2 160 - 0.23 4.25 384348
dry 75e2 2 187 - 0.02 0.12 26332
aoDLAV 75e2 2 187 - 0.02 0.16 31380
aoULAV 75e2 2 187 - 0.03 0.15 31388
aoD2AG 75e2 2 187 - 0.03 0.17 31384
aoD2SG 75e2 2 187 - 0.04 0.17 31384
moore 75e2 2 187 - 2.90 794.20 1688796
nbpm 75e2 2 187 - 4.46 164.90 4242132
greedy 75e2 2 187 - 3.48 147.85 6183088
dry 18e6 2 108 - 0.24 0.70 381736
aoDLAV 18e6 2 108 - 1.55 119.57 2690192
aoULAV 18e6 2 108 - 1.65 101.59 2690192
aoD2AG 18e6 2 108 - 3.28 140.01 3949224
aoD2SG 18e6 2 108 - 3.90 168.47 4094440
dry 50e2 2 216 - 0.03 0.12 26204
aoDLAV 50e2 2 216 - 0.04 0.14 30848
aoULAV 50e2 2 216 - 0.04 0.15 30864
aoD2AG 50e2 2 216 - 0.03 0.16 31784
aoD2SG 50e2 2 216 - 0.03 0.18 31868
moore 50e2 2 216 - 0.63 182.81 764620
nbpm 50e2 2 216 - 2.00 54.71 2011912
greedy 50e2 2 216 - 1.63 60.73 2764780
dry 18e6 2 239 - 0.27 0.70 381736
aoDLAV 18e6 2 239 - 1.60 94.41 2690192
aoULAV 18e6 2 239 - 1.65 100.79 2690192
aoD2AG 18e6 2 239 - 3.31 154.80 3951516
aoD2SG 18e6 2 239 - 3.74 169.00 4095060
dry 1e4 2 25 - 0.02 0.13 26436
aoDLAV 1e4 2 25 - 0.03 0.17 31864
aoULAV 1e4 2 25 - 0.03 0.18 31876
aoD2AG 1e4 2 25 - 0.03 0.18 31876
aoD2SG 1e4 2 25 - 0.03 0.19 31988
moore 1e4 2 25 - 1.15 936.01 2960572
nbpm 1e4 2 25 - 7.80 357.74 7889464
greedy 1e4 2 25 - 6.93 261.26 10968572
dry 56e2 2 221 - 0.03 0.12 26236
aoDLAV 56e2 2 221 - 0.03 0.15 30980
aoULAV 56e2 2 221 - 0.03 0.16 30988
aoD2AG 56e2 2 221 - 0.03 0.17 32004
aoD2SG 56e2 2 221 - 0.03 0.17 31124
moore 56e2 2 221 - 0.41 172.77 949988
nbpm 56e2 2 221 - 2.45 74.28 2388088
greedy 56e2 2 221 - 2.12 82.84 3460492
dry 18e6 2 206 - 0.23 0.69 381736
aoDLAV 18e6 2 206 - 1.58 96.44 2690196
aoULAV 18e6 2 206 - 1.55 99.66 2690192
aoD2AG 18e6 2 206 - 3.17 146.26 3949852
aoD2SG 18e6 2 206 - 3.71 166.23 4093860
dry 2e7 2 195 - 0.25 0.75 420796
aoDLAV 2e7 2 195 - 1.76 107.63 2987068
aoULAV 2e7 2 195 - 2.22 117.54 2987072
aoD2AG 2e7 2 195 - 3.58 158.29 4389708
aoD2SG 2e7 2 195 - 4.24 186.61 4549004
dry 18e2 2 242 - 0.03 0.12 26048
aoDLAV 18e2 2 242 - 0.03 0.15 30372
aoULAV 18e2 2 242 - 0.03 0.15 30384
aoD2AG 18e2 2 242 - 0.02 0.16 30784
aoD2SG 18e2 2 242 - 0.03 0.15 30832
moore 18e2 2 242 - 0.07 7.32 125440
nbpm 18e2 2 242 - 0.20 7.51 334532
greedy 18e2 2 242 - 0.27 4.20 384348
dry 75e2 2 5 - 0.02 0.13 26332
aoDLAV 75e2 2 5 - 0.02 0.16 31380
aoULAV 75e2 2 5 - 0.03 0.16 31388
aoD2AG 75e2 2 5 - 0.03 0.18 31380
aoD2SG 75e2 2 5 - 0.03 0.18 31384
moore 75e2 2 5 - 1.50 546.62 1688788
nbpm 75e2 2 5 - 4.23 150.92 4242120
greedy 75e2 2 5 - 4.07 145.48 6183088
dry 18e6 2 173 - 0.25 0.68 381740
aoDLAV 18e6 2 173 - 1.63 94.35 2690196
aoULAV 18e6 2 173 - 1.98 101.86 2690192
aoD2AG 18e6 2 173 - 3.09 146.23 3952940
aoD2SG 18e6 2 173 - 3.51 170.59 4095080
dry 1e4 10 79 - 0.03 0.13 27692
aoDLAV 1e4 10 79 - 0.03 0.73 32764
aoULAV 1e4 10 79 - 0.04 0.70 32780
aoD2AG 1e4 10 79 - 0.03 0.78 32744
aoD2SG 1e4 10 79 - 0.04 0.83 34176
moore 1e4 10 79 - 1.13 1103.88 2963852
nbpm 1e4 10 79 - 7.48 658.29 7764384
greedy 1e4 10 79 - 6.43 267.99 10961108
dry 1e4 2 241 - 0.03 0.12 26432
aoDLAV 1e4 2 241 - 0.03 0.18 31864
aoULAV 1e4 2 241 - 0.03 0.17 31876
aoD2AG 1e4 2 241 - 0.03 0.19 31876
aoD2SG 1e4 2 241 - 0.03 0.19 31988
moore 1e4 2 241 - 1.16 990.98 2960580
nbpm 1e4 2 241 - 7.54 346.18 7889424
greedy 1e4 2 241 - 6.66 275.91 10968568
dry 6e7 2 152 - 0.69 1.92 1202048
aoDLAV 6e7 2 152 - 5.08 345.57 8924584
aoULAV 6e7 2 152 - 6.68 365.51 8924560
aoD2AG 6e7 2 152 - 11.96 556.13 13120260
aoD2SG 6e7 2 152 - 13.06 649.22 13599184
dry 6e7 2 196 - 0.71 1.91 1202044
aoDLAV 6e7 2 196 - 5.36 337.92 8924560
aoULAV 6e7 2 196 - 6.63 330.69 8924564
aoD2AG 6e7 2 196 - 10.81 510.26 13123436
aoD2SG 6e7 2 196 - 11.60 550.33 13600592
