dry 18e3 2 226 - 0.02 0.11 30492
aoDLAV 18e3 2 226 - 0.03 0.18 30740
aoULAV 18e3 2 226 - 0.03 0.17 30744
aoD2AG 18e3 2 226 - 0.02 0.20 31808
aoD2SG 18e3 2 226 - 0.04 0.19 31812
moore 18e3 2 226 - 2.85 4978.58 9534976
nbpm 18e3 2 226 - 24.40 2003.38 25451056
greedy 18e3 2 226 - 19.49 1085.62 35458364
dry 18e3 2 132 - 0.03 0.11 26752
aoDLAV 18e3 2 132 - 0.03 0.19 30744
aoULAV 18e3 2 132 - 0.02 0.19 30740
aoD2AG 18e3 2 132 - 0.04 0.19 31808
aoD2SG 18e3 2 132 - 0.03 0.21 31812
moore 18e3 2 132 - 3.03 4962.01 9534988
nbpm 18e3 2 132 - 23.64 1947.90 25451068
greedy 18e3 2 132 - 19.31 1073.13 35458364
dry 2e4 2 243 - 0.02 0.12 26828
aoDLAV 2e4 2 243 - 0.02 0.20 30808
aoULAV 2e4 2 243 - 0.03 0.19 30808
aoD2AG 2e4 2 243 - 0.03 0.22 32288
aoD2SG 2e4 2 243 - 0.03 0.22 32292
moore 2e4 2 243 - 3.42 7169.42 11765552
nbpm 2e4 2 243 - 28.94 2613.86 31402196
greedy 2e4 2 243 - 24.29 1317.10 43771040
dry 125e2 2 189 - 0.03 0.11 28416
aoDLAV 125e2 2 189 - 0.02 0.18 30708
aoULAV 125e2 2 189 - 0.02 0.18 30708
aoD2AG 125e2 2 189 - 0.03 0.19 31376
aoD2SG 125e2 2 189 - 0.02 0.20 31376
moore 125e2 2 189 - 1.60 1803.74 4611552
nbpm 125e2 2 189 - 11.35 664.42 12302332
greedy 125e2 2 189 - 9.56 451.10 17109964
dry 150e2 2 113 - 0.03 0.12 26628
aoDLAV 150e2 2 113 - 0.03 0.18 30824
aoULAV 150e2 2 113 - 0.03 0.19 30824
aoD2AG 150e2 2 113 - 0.03 0.19 31608
aoD2SG 150e2 2 113 - 0.03 0.20 31608
moore 150e2 2 113 - 2.17 4008.32 6629344
nbpm 150e2 2 113 - 15.01 1203.38 16814168
greedy 150e2 2 113 - 13.89 709.39 24630024
dry 1e8 2 227 - 1.03 2.99 1983296
aoDLAV 1e8 2 227 - 8.59 761.28 14862068
aoULAV 1e8 2 227 - 10.59 609.75 14862068
aoD2AG 1e8 2 227 - 18.90 877.58 21854440
aoD2SG 1e8 2 227 - 20.28 1026.88 22653092
dry 18e3 2 126 - 0.02 0.13 26748
aoDLAV 18e3 2 126 - 0.03 0.19 30740
aoULAV 18e3 2 126 - 0.04 0.19 30740
aoD2AG 18e3 2 126 - 0.03 0.21 31804
aoD2SG 18e3 2 126 - 0.03 0.22 31808
moore 18e3 2 126 - 2.96 5191.89 9535036
nbpm 18e3 2 126 - 23.56 2298.28 25451056
greedy 18e3 2 126 - 21.77 1074.36 35458364
dry 9e7 2 199 - 0.98 2.73 1787984
aoDLAV 9e7 2 199 - 7.34 547.39 13377688
aoULAV 9e7 2 199 - 9.87 572.83 13377684
aoD2AG 9e7 2 199 - 17.03 763.58 19673648
aoD2SG 9e7 2 199 - 18.09 911.51 20389840
dry 8e7 2 210 - 0.85 2.43 1592676
aoDLAV 8e7 2 210 - 6.50 460.50 11893324
aoULAV 8e7 2 210 - 8.46 501.70 11893328
aoD2AG 8e7 2 210 - 16.19 696.01 17487524
aoD2SG 8e7 2 210 - 16.20 795.13 18126836
dry 2e4 5 19 - 0.03 0.11 27776
aoDLAV 2e4 5 19 - 0.04 0.26 32760
aoULAV 2e4 5 19 - 0.03 0.27 32768
aoD2AG 2e4 5 19 - 0.04 0.31 33340
aoD2SG 2e4 5 19 - 0.03 0.33 32860
moore 2e4 5 19 - 3.38 5880.21 11768080
nbpm 2e4 5 19 - 29.37 5072.37 34200504
greedy 2e4 5 19 - 24.33 1306.53 43774004
dry 18e3 2 177 - 0.03 0.13 26748
aoDLAV 18e3 2 177 - 0.03 0.18 30740
aoULAV 18e3 2 177 - 0.03 0.19 30740
aoD2AG 18e3 2 177 - 0.03 0.20 31808
aoD2SG 18e3 2 177 - 0.03 0.21 31812
moore 18e3 2 177 - 2.87 5068.88 9534988
nbpm 18e3 2 177 - 23.16 1954.71 25451064
greedy 18e3 2 177 - 20.37 1038.22 35458364
dry 2e4 10 2 - 0.04 0.11 29364
aoDLAV 2e4 10 2 - 0.03 1.74 34836
aoULAV 2e4 10 2 - 0.03 1.74 34848
aoD2AG 2e4 10 2 - 0.04 1.81 36076
aoD2SG 2e4 10 2 - 0.04 2.01 36076
moore 2e4 10 2 - 3.42 7157.66 11770836
nbpm 2e4 10 2 - 28.82 6270.66 30880036
greedy 2e4 10 2 - 23.65 1299.21 43775820
dry 18e3 2 41 - 0.03 0.11 26748
aoDLAV 18e3 2 41 - 0.02 0.19 30744
aoULAV 18e3 2 41 - 0.03 0.19 30744
aoD2AG 18e3 2 41 - 0.03 0.20 31808
aoD2SG 18e3 2 41 - 0.03 0.21 31808
moore 18e3 2 41 - 2.84 5799.93 9534976
nbpm 18e3 2 41 - 23.82 2146.67 25451056
greedy 18e3 2 41 - 22.01 1007.92 35458364
dry 1e8 2 94 - 1.19 3.01 1983300
aoDLAV 1e8 2 94 - 7.90 596.51 14862068
aoULAV 1e8 2 94 - 10.48 633.88 14862072
aoD2AG 1e8 2 94 - 19.46 1126.77 21851764
aoD2SG 1e8 2 94 - 21.55 1025.25 22654192
dry 1e8 5 186 - 2.35 6.20 4327052
aoDLAV 1e8 5 186 - 11.75 2568.09 23065204
aoULAV 1e8 5 186 - 16.05 2778.14 23065204
aoD2AG 1e8 5 186 - 26.01 3085.58 30453192
aoD2SG 1e8 5 186 - 28.12 3587.65 31312016
dry 150e2 2 219 - 0.03 0.11 26628
aoDLAV 150e2 2 219 - 0.02 0.19 30824
aoULAV 150e2 2 219 - 0.04 0.17 30824
aoD2AG 150e2 2 219 - 0.03 0.20 31612
aoD2SG 150e2 2 219 - 0.03 0.20 31612
moore 150e2 2 219 - 2.20 3347.11 6629356
nbpm 150e2 2 219 - 14.88 1189.01 16814176
greedy 150e2 2 219 - 14.11 673.38 24630024
dry 2e4 2 23 - 0.04 0.12 26828
aoDLAV 2e4 2 23 - 0.04 0.19 30808
aoULAV 2e4 2 23 - 0.04 0.19 30808
aoD2AG 2e4 2 23 - 0.03 0.21 32288
aoD2SG 2e4 2 23 - 0.05 0.21 32292
moore 2e4 2 23 - 3.47 7364.45 11765552
nbpm 2e4 2 23 - 29.21 2625.64 31402196
greedy 2e4 2 23 - 23.75 1295.55 43771044
dry 1e8 2 158 - 1.01 3.01 1983296
aoDLAV 1e8 2 158 - 7.72 592.39 14862068
aoULAV 1e8 2 158 - 10.25 646.52 14862068
aoD2AG 1e8 2 158 - 18.71 887.09 21854136
aoD2SG 1e8 2 158 - 19.51 1054.60 22652260
dry 18e3 2 193 - 0.03 0.12 26748
aoDLAV 18e3 2 193 - 0.03 0.18 30740
aoULAV 18e3 2 193 - 0.03 0.19 30744
aoD2AG 18e3 2 193 - 0.03 0.20 31804
aoD2SG 18e3 2 193 - 0.03 0.20 31808
moore 18e3 2 193 - 2.88 5253.56 9534984
nbpm 18e3 2 193 - 24.35 1956.05 25451060
greedy 18e3 2 193 - 19.41 1055.37 35458364
dry 150e2 2 2 - 0.02 0.12 26628
aoDLAV 150e2 2 2 - 0.03 0.18 30824
aoULAV 150e2 2 2 - 0.03 0.19 30824
aoD2AG 150e2 2 2 - 0.02 0.20 31608
aoD2SG 150e2 2 2 - 0.04 0.20 31608
moore 150e2 2 2 - 2.10 2952.11 6629352
nbpm 150e2 2 2 - 14.51 1195.67 16814176
greedy 150e2 2 2 - 14.37 720.90 24630024
dry 2e4 2 206 - 0.02 0.13 26828
aoDLAV 2e4 2 206 - 0.02 0.19 30844
aoULAV 2e4 2 206 - 0.03 0.19 30808
aoD2AG 2e4 2 206 - 0.04 0.21 32288
aoD2SG 2e4 2 206 - 0.04 0.21 32296
moore 2e4 2 206 - 3.52 6974.53 11765552
nbpm 2e4 2 206 - 28.91 2617.84 31402200
greedy 2e4 2 206 - 25.10 1256.97 43771040
dry 125e2 2 110 - 0.03 0.12 26532
aoDLAV 125e2 2 110 - 0.04 0.18 30712
aoULAV 125e2 2 110 - 0.04 0.17 30708
aoD2AG 125e2 2 110 - 0.03 0.19 31376
aoD2SG 125e2 2 110 - 0.04 0.20 31376
moore 125e2 2 110 - 1.64 1806.43 4611552
nbpm 125e2 2 110 - 11.18 704.72 12302328
greedy 125e2 2 110 - 9.55 442.92 17109964
dry 9e7 2 114 - 1.00 2.79 1787984
aoDLAV 9e7 2 114 - 7.35 689.17 13377688
aoULAV 9e7 2 114 - 9.14 543.60 13377684
aoD2AG 9e7 2 114 - 16.19 780.88 19670796
aoD2SG 9e7 2 114 - 18.09 906.93 20389884
dry 2e4 10 65 - 0.03 0.12 30388
aoDLAV 2e4 10 65 - 0.03 1.73 34840
aoULAV 2e4 10 65 - 0.04 1.68 34848
aoD2AG 2e4 10 65 - 0.05 2.09 36076
aoD2SG 2e4 10 65 - 0.04 1.95 36076
moore 2e4 10 65 - 3.46 7145.04 11770836
nbpm 2e4 10 65 - 28.81 5903.59 30880040
greedy 2e4 10 65 - 25.10 1305.14 43775852
dry 2e4 2 148 - 0.03 0.12 26832
aoDLAV 2e4 2 148 - 0.04 0.20 30808
aoULAV 2e4 2 148 - 0.04 0.20 30808
aoD2AG 2e4 2 148 - 0.03 0.20 32284
aoD2SG 2e4 2 148 - 0.03 0.21 32296
moore 2e4 2 148 - 3.56 6513.07 11765544
nbpm 2e4 2 148 - 29.08 3084.94 31402192
greedy 2e4 2 148 - 23.73 1230.95 43771040
dry 9e7 2 85 - 1.00 2.69 1787984
aoDLAV 9e7 2 85 - 7.69 533.52 13377684
aoULAV 9e7 2 85 - 8.93 565.77 13377684
aoD2AG 9e7 2 85 - 16.69 827.96 19669140
aoD2SG 9e7 2 85 - 17.47 950.41 20385456
dry 2e4 2 113 - 0.02 0.12 26828
aoDLAV 2e4 2 113 - 0.04 0.18 30812
aoULAV 2e4 2 113 - 0.04 0.19 30812
aoD2AG 2e4 2 113 - 0.04 0.20 32288
aoD2SG 2e4 2 113 - 0.03 0.21 32288
moore 2e4 2 113 - 3.64 9136.20 11765544
nbpm 2e4 2 113 - 29.38 2649.88 31402188
greedy 2e4 2 113 - 25.39 1260.29 43771040
dry 8e7 2 128 - 0.83 2.44 1592676
aoDLAV 8e7 2 128 - 6.15 451.97 11893324
aoULAV 8e7 2 128 - 8.69 490.66 11893328
aoD2AG 8e7 2 128 - 15.57 707.54 17487772
aoD2SG 8e7 2 128 - 16.39 835.48 18127920
dry 175e2 2 230 - 0.03 0.12 26732
aoDLAV 175e2 2 230 - 0.03 0.19 30716
aoULAV 175e2 2 230 - 0.02 0.19 30720
aoD2AG 175e2 2 230 - 0.03 0.21 31756
aoD2SG 175e2 2 230 - 0.03 0.21 31760
moore 175e2 2 230 - 2.95 4954.70 9014028
nbpm 175e2 2 230 - 21.51 1986.86 22863144
greedy 175e2 2 230 - 17.90 974.47 33516976
dry 150e2 2 227 - 0.03 0.11 28404
aoDLAV 150e2 2 227 - 0.03 0.18 30828
aoULAV 150e2 2 227 - 0.02 0.18 30824
aoD2AG 150e2 2 227 - 0.04 0.18 31608
aoD2SG 150e2 2 227 - 0.04 0.19 31608
moore 150e2 2 227 - 2.15 2992.12 6629344
nbpm 150e2 2 227 - 14.56 1163.24 16814168
greedy 150e2 2 227 - 13.61 711.57 24630024
dry 8e7 2 171 - 0.95 2.51 1592676
aoDLAV 8e7 2 171 - 6.68 479.97 11893324
aoULAV 8e7 2 171 - 8.56 513.47 11893324
aoD2AG 8e7 2 171 - 15.32 749.71 17487468
aoD2SG 8e7 2 171 - 16.16 884.32 18124460
dry 1e8 2 161 - 1.13 3.05 1983296
aoDLAV 1e8 2 161 - 8.08 615.30 14862072
aoULAV 1e8 2 161 - 10.59 661.83 14862072
aoD2AG 1e8 2 161 - 18.63 921.78 21855824
aoD2SG 1e8 2 161 - 19.57 1061.13 22652236
dry 2e4 5 70 - 0.02 0.13 27776
aoDLAV 2e4 5 70 - 0.03 0.29 32756
aoULAV 2e4 5 70 - 0.03 0.29 32768
aoD2AG 2e4 5 70 - 0.03 0.32 33340
aoD2SG 2e4 5 70 - 0.03 0.34 32860
moore 2e4 5 70 - 3.53 6876.98 11768084
nbpm 2e4 5 70 - 28.68 4965.97 34200492
greedy 2e4 5 70 - 25.67 1307.98 43774004
dry 1e8 5 142 - 2.29 6.20 4327052
aoDLAV 1e8 5 142 - 11.24 2579.45 23065204
aoULAV 1e8 5 142 - 16.48 2602.91 23065204
aoD2AG 1e8 5 142 - 26.83 3004.80 30454232
aoD2SG 1e8 5 142 - 28.69 3649.94 31313004
dry 2e4 2 72 - 0.03 0.11 26828
aoDLAV 2e4 2 72 - 0.03 0.19 30808
aoULAV 2e4 2 72 - 0.03 0.19 30808
aoD2AG 2e4 2 72 - 0.02 0.21 32284
aoD2SG 2e4 2 72 - 0.04 0.21 32296
moore 2e4 2 72 - 3.52 6368.37 11765544
