dry 2e4 10 51 - 0.03 0.09 31196
aoDLAV 2e4 10 51 - 0.02 1.24 34836
aoULAV 2e4 10 51 - 0.02 1.32 34848
aoD2AG 2e4 10 51 - 0.03 1.40 36080
aoD2SG 2e4 10 51 - 0.03 1.61 36076
moore 2e4 10 51 - 3.34 7556.12 11770836
nbpm 2e4 10 51 - 29.44 5677.08 30880036
greedy 2e4 10 51 - 23.52 1249.11 43775820
dry 175e2 2 67 - 0.03 0.11 26732
aoDLAV 175e2 2 67 - 0.03 0.19 30716
aoULAV 175e2 2 67 - 0.03 0.19 30716
aoD2AG 175e2 2 67 - 0.04 0.19 31756
aoD2SG 175e2 2 67 - 0.02 0.21 31760
moore 175e2 2 67 - 2.85 4890.54 9014028
nbpm 175e2 2 67 - 21.28 2065.23 22863144
greedy 175e2 2 67 - 19.23 947.86 33516976
dry 18e3 2 200 - 0.02 0.12 26748
aoDLAV 18e3 2 200 - 0.03 0.18 30740
aoULAV 18e3 2 200 - 0.04 0.17 30740
aoD2AG 18e3 2 200 - 0.02 0.21 31804
aoD2SG 18e3 2 200 - 0.03 0.20 31812
moore 18e3 2 200 - 2.90 6541.70 9534980
nbpm 18e3 2 200 - 23.83 1937.05 25451056
greedy 18e3 2 200 - 19.84 1049.68 35458368
dry 150e2 2 30 - 0.03 0.12 28604
aoDLAV 150e2 2 30 - 0.04 0.18 30824
aoULAV 150e2 2 30 - 0.03 0.19 30824
aoD2AG 150e2 2 30 - 0.03 0.19 31612
aoD2SG 150e2 2 30 - 0.04 0.19 31608
moore 150e2 2 30 - 2.15 4248.55 6629344
nbpm 150e2 2 30 - 14.58 1192.83 16814168
greedy 150e2 2 30 - 14.16 759.84 24630028
dry 2e4 2 147 - 0.04 0.11 26828
aoDLAV 2e4 2 147 - 0.03 0.20 30812
aoULAV 2e4 2 147 - 0.03 0.20 30808
aoD2AG 2e4 2 147 - 0.04 0.21 32284
aoD2SG 2e4 2 147 - 0.03 0.23 32288
moore 2e4 2 147 - 3.84 6774.95 11765544
nbpm 2e4 2 147 - 29.05 2882.43 31402188
greedy 2e4 2 147 - 25.25 1298.48 43771040
dry 150e2 2 126 - 0.04 0.11 26628
aoDLAV 150e2 2 126 - 0.03 0.18 30824
aoULAV 150e2 2 126 - 0.03 0.19 30824
aoD2AG 150e2 2 126 - 0.03 0.20 31608
aoD2SG 150e2 2 126 - 0.04 0.20 31608
moore 150e2 2 126 - 2.22 3657.93 6629344
nbpm 150e2 2 126 - 15.17 1171.58 16814172
greedy 150e2 2 126 - 13.55 678.99 24630024
dry 2e4 10 208 - 0.03 0.12 29368
aoDLAV 2e4 10 208 - 0.03 1.66 34836
aoULAV 2e4 10 208 - 0.04 1.68 34848
aoD2AG 2e4 10 208 - 0.04 1.80 36076
aoD2SG 2e4 10 208 - 0.04 1.91 36076
moore 2e4 10 208 - 3.39 7639.05 11770832
nbpm 2e4 10 208 - 28.84 5737.49 30880040
greedy 2e4 10 208 - 24.28 1289.26 43775820
dry 1e8 5 190 - 2.21 6.16 4327052
aoDLAV 1e8 5 190 - 11.39 2537.96 23065204
aoULAV 1e8 5 190 - 15.71 2806.07 23065204
aoD2AG 1e8 5 190 - 26.52 3097.07 30454308
aoD2SG 1e8 5 190 - 27.20 3597.08 31309288
dry 1e8 5 78 - 2.18 6.19 4327052
aoDLAV 1e8 5 78 - 10.92 2577.44 23065204
aoULAV 1e8 5 78 - 15.53 2653.58 23065208
aoD2AG 1e8 5 78 - 26.79 2984.52 30452924
aoD2SG 1e8 5 78 - 27.74 4503.77 31310732
dry 150e2 2 49 - 0.03 0.11 26632
aoDLAV 150e2 2 49 - 0.03 0.18 30828
aoULAV 150e2 2 49 - 0.02 0.18 30824
aoD2AG 150e2 2 49 - 0.03 0.19 31612
aoD2SG 150e2 2 49 - 0.03 0.19 31612
moore 150e2 2 49 - 2.10 3099.23 6629344
nbpm 150e2 2 49 - 16.61 1165.22 16814168
greedy 150e2 2 49 - 13.90 712.29 24630024
dry 1e8 5 31 - 2.41 6.32 4327052
aoDLAV 1e8 5 31 - 11.31 2659.90 23065204
aoULAV 1e8 5 31 - 16.56 2710.56 23065204
aoD2AG 1e8 5 31 - 27.30 3253.27 30454756
aoD2SG 1e8 5 31 - 28.31 3894.82 31311804
dry 2e4 10 232 - 0.04 0.11 29364
aoDLAV 2e4 10 232 - 0.04 1.79 34840
aoULAV 2e4 10 232 - 0.03 1.78 34852
aoD2AG 2e4 10 232 - 0.04 1.66 36076
aoD2SG 2e4 10 232 - 0.03 1.87 36076
moore 2e4 10 232 - 3.47 6669.30 11770832
nbpm 2e4 10 232 - 31.62 5660.51 30880032
greedy 2e4 10 232 - 24.22 1257.84 43775824
dry 1e8 5 28 - 2.38 6.21 4327052
aoDLAV 1e8 5 28 - 11.24 2600.07 23065208
aoULAV 1e8 5 28 - 15.86 2648.99 23065208
aoD2AG 1e8 5 28 - 25.64 2895.35 30456048
aoD2SG 1e8 5 28 - 27.18 3490.34 31308872
dry 1e8 5 133 - 2.29 6.25 4327052
aoDLAV 1e8 5 133 - 11.19 2573.49 23065204
aoULAV 1e8 5 133 - 16.67 2645.21 23065204
aoD2AG 1e8 5 133 - 25.94 2924.63 30454044
aoD2SG 1e8 5 133 - 27.54 4667.00 31308276
dry 125e2 2 65 - 0.03 0.12 26532
aoDLAV 125e2 2 65 - 0.03 0.18 30708
aoULAV 125e2 2 65 - 0.03 0.18 30708
aoD2AG 125e2 2 65 - 0.04 0.17 31380
aoD2SG 125e2 2 65 - 0.04 0.19 31376
moore 125e2 2 65 - 1.61 1639.71 4611548
nbpm 125e2 2 65 - 11.51 672.62 12302332
greedy 125e2 2 65 - 9.83 439.53 17109968
dry 125e2 2 54 - 0.03 0.11 26536
aoDLAV 125e2 2 54 - 0.03 0.17 30708
aoULAV 125e2 2 54 - 0.04 0.17 30712
aoD2AG 125e2 2 54 - 0.03 0.18 31376
aoD2SG 125e2 2 54 - 0.02 0.19 31380
moore 125e2 2 54 - 1.55 2223.67 4611552
nbpm 125e2 2 54 - 11.52 712.76 12302328
greedy 125e2 2 54 - 9.52 439.68 17109964
dry 150e2 2 180 - 0.03 0.12 28584
aoDLAV 150e2 2 180 - 0.03 0.18 30824
aoULAV 150e2 2 180 - 0.04 0.17 30828
aoD2AG 150e2 2 180 - 0.03 0.19 31612
aoD2SG 150e2 2 180 - 0.02 0.21 31608
moore 150e2 2 180 - 2.12 2935.43 6629352
nbpm 150e2 2 180 - 14.46 1168.95 16814196
greedy 150e2 2 180 - 14.77 699.02 24630024
dry 18e3 2 207 - 0.02 0.12 26752
aoDLAV 18e3 2 207 - 0.03 0.18 30740
aoULAV 18e3 2 207 - 0.02 0.20 30740
aoD2AG 18e3 2 207 - 0.03 0.20 31804
aoD2SG 18e3 2 207 - 0.03 0.20 31812
moore 18e3 2 207 - 3.10 5977.08 9534976
nbpm 18e3 2 207 - 23.88 2463.13 25451056
greedy 18e3 2 207 - 20.84 1004.62 35458368
dry 2e4 10 23 - 0.03 0.12 31128
aoDLAV 2e4 10 23 - 0.03 1.84 34836
aoULAV 2e4 10 23 - 0.04 1.88 34848
aoD2AG 2e4 10 23 - 0.05 1.57 36076
aoD2SG 2e4 10 23 - 0.04 2.15 36080
moore 2e4 10 23 - 3.62 6183.82 11770832
nbpm 2e4 10 23 - 28.88 5673.80 30880036
greedy 2e4 10 23 - 23.53 1248.37 43775820
dry 2e4 2 26 - 0.02 0.12 26832
aoDLAV 2e4 2 26 - 0.03 0.19 30808
aoULAV 2e4 2 26 - 0.03 0.19 30808
aoD2AG 2e4 2 26 - 0.03 0.20 32288
aoD2SG 2e4 2 26 - 0.03 0.21 32288
moore 2e4 2 26 - 3.42 6217.99 11765544
nbpm 2e4 2 26 - 28.97 3320.16 31402188
greedy 2e4 2 26 - 23.57 1168.20 43771040
dry 175e2 2 242 - 0.02 0.12 26732
aoDLAV 175e2 2 242 - 0.03 0.18 30716
aoULAV 175e2 2 242 - 0.03 0.18 30716
aoD2AG 175e2 2 242 - 0.03 0.19 31756
aoD2SG 175e2 2 242 - 0.03 0.20 31756
moore 175e2 2 242 - 2.69 4932.72 9014032
nbpm 175e2 2 242 - 20.88 1896.89 22863144
greedy 175e2 2 242 - 18.45 996.17 33516976
dry 1e8 2 129 - 1.07 3.03 1983296
aoDLAV 1e8 2 129 - 7.92 597.00 14862068
aoULAV 1e8 2 129 - 10.39 634.81 14862072
aoD2AG 1e8 2 129 - 17.69 904.20 21853176
aoD2SG 1e8 2 129 - 19.58 1069.33 22649688
dry 1e8 2 110 - 1.08 3.01 1983296
aoDLAV 1e8 2 110 - 7.98 593.07 14862072
aoULAV 1e8 2 110 - 9.96 623.34 14862068
aoD2AG 1e8 2 110 - 18.17 916.63 21854428
aoD2SG 1e8 2 110 - 19.87 1084.15 22651836
dry 150e2 2 114 - 0.02 0.12 26628
aoDLAV 150e2 2 114 - 0.03 0.18 30824
aoULAV 150e2 2 114 - 0.04 0.17 30824
aoD2AG 150e2 2 114 - 0.03 0.19 31612
aoD2SG 150e2 2 114 - 0.02 0.21 31608
moore 150e2 2 114 - 2.16 2650.50 6629344
nbpm 150e2 2 114 - 14.95 1080.07 16814168
greedy 150e2 2 114 - 14.32 671.44 24630024
dry 18e3 2 229 - 0.02 0.12 26748
aoDLAV 18e3 2 229 - 0.03 0.19 30744
aoULAV 18e3 2 229 - 0.02 0.19 30744
aoD2AG 18e3 2 229 - 0.03 0.20 31804
aoD2SG 18e3 2 229 - 0.04 0.21 31812
moore 18e3 2 229 - 2.91 4612.30 9534980
nbpm 18e3 2 229 - 23.54 2048.50 25451056
greedy 18e3 2 229 - 19.46 1070.03 35458364
dry 8e7 2 115 - 0.81 2.42 1592676
aoDLAV 8e7 2 115 - 6.47 461.70 11893324
aoULAV 8e7 2 115 - 8.36 499.48 11893328
aoD2AG 8e7 2 115 - 14.60 689.74 17485924
aoD2SG 8e7 2 115 - 15.84 857.37 18124388
dry 9e7 2 117 - 0.95 2.77 1787984
aoDLAV 9e7 2 117 - 7.06 543.82 13377684
aoULAV 9e7 2 117 - 9.93 575.28 13377684
aoD2AG 9e7 2 117 - 17.13 814.33 19672168
aoD2SG 9e7 2 117 - 17.67 1208.77 20389744
dry 2e4 10 128 - 0.02 0.13 31156
aoDLAV 2e4 10 128 - 0.04 1.72 34840
aoULAV 2e4 10 128 - 0.02 1.69 34848
aoD2AG 2e4 10 128 - 0.03 1.76 36076
aoD2SG 2e4 10 128 - 0.05 1.94 36080
moore 2e4 10 128 - 3.48 6962.44 11770832
nbpm 2e4 10 128 - 28.98 5689.74 30880044
greedy 2e4 10 128 - 25.47 1667.46 43775824
dry 2e4 2 21 - 0.02 0.11 26828
aoDLAV 2e4 2 21 - 0.03 0.18 30808
aoULAV 2e4 2 21 - 0.03 0.18 30808
aoD2AG 2e4 2 21 - 0.03 0.19 32284
aoD2SG 2e4 2 21 - 0.03 0.20 32292
moore 2e4 2 21 - 3.47 6239.11 11765544
nbpm 2e4 2 21 - 29.62 2605.71 31402192
greedy 2e4 2 21 - 25.76 1266.81 43771040
dry 2e4 5 110 - 0.02 0.12 27780
aoDLAV 2e4 5 110 - 0.03 0.30 32760
aoULAV 2e4 5 110 - 0.02 0.29 32772
aoD2AG 2e4 5 110 - 0.02 0.35 33344
aoD2SG 2e4 5 110 - 0.03 0.35 32860
