dry 2e4 2 118 - 0.02 0.12 30532
aoDLAV 2e4 2 118 - 0.03 0.17 30812
aoULAV 2e4 2 118 - 0.03 0.18 30808
aoD2AG 2e4 2 118 - 0.02 0.20 32288
aoD2SG 2e4 2 118 - 0.03 0.20 32292
moore 2e4 2 118 - 3.50 7420.73 11765556
nbpm 2e4 2 118 - 28.57 2601.33 31402192
greedy 2e4 2 118 - 24.76 1281.99 43771044
dry 2e4 5 6 - 0.02 0.12 27776
aoDLAV 2e4 5 6 - 0.05 0.28 32760
aoULAV 2e4 5 6 - 0.03 0.28 32772
aoD2AG 2e4 5 6 - 0.04 0.30 33348
aoD2SG 2e4 5 6 - 0.03 0.33 32860
moore 2e4 5 6 - 3.50 7366.96 11768080
nbpm 2e4 5 6 - 28.92 4474.76 34200500
greedy 2e4 5 6 - 22.69 1291.34 43774008
dry 18e3 2 35 - 0.02 0.12 30496
aoDLAV 18e3 2 35 - 0.03 0.19 30740
aoULAV 18e3 2 35 - 0.03 0.19 30740
aoD2AG 18e3 2 35 - 0.03 0.21 31808
aoD2SG 18e3 2 35 - 0.04 0.21 31828
moore 18e3 2 35 - 2.88 6017.37 9534984
nbpm 18e3 2 35 - 23.59 1975.24 25451064
greedy 18e3 2 35 - 20.80 1040.43 35458364
dry 2e4 10 215 - 0.03 0.12 31816
aoDLAV 2e4 10 215 - 0.03 1.65 34836
aoULAV 2e4 10 215 - 0.04 1.62 34884
aoD2AG 2e4 10 215 - 0.05 1.66 36076
aoD2SG 2e4 10 215 - 0.05 1.87 36076
moore 2e4 10 215 - 3.49 6202.98 11770836
nbpm 2e4 10 215 - 28.93 5784.02 30880036
greedy 2e4 10 215 - 22.94 1316.90 43775824
dry 1e8 2 96 - 1.13 3.06 1983332
aoDLAV 1e8 2 96 - 8.17 595.47 14862088
aoULAV 1e8 2 96 - 10.81 649.08 14862068
aoD2AG 1e8 2 96 - 18.35 865.03 21854180
aoD2SG 1e8 2 96 - 20.15 1042.67 22650244
dry 2e4 10 131 - 0.04 0.11 30064
aoDLAV 2e4 10 131 - 0.04 1.86 34836
aoULAV 2e4 10 131 - 0.04 1.85 34852
aoD2AG 2e4 10 131 - 0.05 1.91 36076
aoD2SG 2e4 10 131 - 0.03 2.13 36076
moore 2e4 10 131 - 3.50 6975.34 11770836
nbpm 2e4 10 131 - 28.58 5596.33 30880036
greedy 2e4 10 131 - 24.59 1306.54 43775820
dry 2e4 2 42 - 0.04 0.11 26832
aoDLAV 2e4 2 42 - 0.02 0.20 30808
aoULAV 2e4 2 42 - 0.03 0.18 30808
aoD2AG 2e4 2 42 - 0.03 0.21 32288
aoD2SG 2e4 2 42 - 0.03 0.22 32288
moore 2e4 2 42 - 3.37 6548.02 11765544
nbpm 2e4 2 42 - 29.57 2668.80 31402188
greedy 2e4 2 42 - 24.32 1239.01 43771040
dry 2e4 10 63 - 0.03 0.12 31328
aoDLAV 2e4 10 63 - 0.03 1.72 34836
aoULAV 2e4 10 63 - 0.03 1.75 34848
aoD2AG 2e4 10 63 - 0.03 1.78 36076
aoD2SG 2e4 10 63 - 0.05 1.97 36076
moore 2e4 10 63 - 3.66 8671.96 11770836
nbpm 2e4 10 63 - 29.42 5725.61 30880036
greedy 2e4 10 63 - 22.60 1300.97 43775820
dry 2e4 5 226 - 0.03 0.11 27776
aoDLAV 2e4 5 226 - 0.03 0.28 32760
aoULAV 2e4 5 226 - 0.03 0.28 32768
aoD2AG 2e4 5 226 - 0.03 0.31 33344
aoD2SG 2e4 5 226 - 0.03 0.34 32860
moore 2e4 5 226 - 3.50 8043.85 11768084
nbpm 2e4 5 226 - 29.16 4968.84 34200608
greedy 2e4 5 226 - 24.29 1377.36 43774004
dry 1e8 2 87 - 1.14 3.06 1983296
aoDLAV 1e8 2 87 - 8.50 592.40 14862072
aoULAV 1e8 2 87 - 10.94 639.42 14862072
aoD2AG 1e8 2 87 - 19.00 898.47 21852992
aoD2SG 1e8 2 87 - 19.92 1080.85 22649264
dry 2e4 5 96 - 0.02 0.12 27776
aoDLAV 2e4 5 96 - 0.03 0.30 32756
aoULAV 2e4 5 96 - 0.03 0.30 32768
aoD2AG 2e4 5 96 - 0.03 0.33 33348
aoD2SG 2e4 5 96 - 0.04 0.35 32860
moore 2e4 5 96 - 3.42 7470.80 11768080
nbpm 2e4 5 96 - 29.05 4971.32 34200500
greedy 2e4 5 96 - 24.29 1256.55 43774004
dry 9e7 2 188 - 0.90 2.69 1787984
aoDLAV 9e7 2 188 - 6.88 532.77 13377684
aoULAV 9e7 2 188 - 9.38 588.61 13377688
aoD2AG 9e7 2 188 - 16.60 768.95 19673132
aoD2SG 9e7 2 188 - 18.23 1079.52 20387936
dry 2e4 10 64 - 0.03 0.12 30100
aoDLAV 2e4 10 64 - 0.03 1.70 34840
aoULAV 2e4 10 64 - 0.03 1.89 34852
aoD2AG 2e4 10 64 - 0.05 2.17 36076
aoD2SG 2e4 10 64 - 0.03 2.79 36076
moore 2e4 10 64 - 3.45 8065.35 11770836
nbpm 2e4 10 64 - 28.76 5435.63 30880040
greedy 2e4 10 64 - 23.75 1370.71 43775820
dry 150e2 2 175 - 0.03 0.11 26628
aoDLAV 150e2 2 175 - 0.04 0.17 30828
aoULAV 150e2 2 175 - 0.02 0.18 30828
aoD2AG 150e2 2 175 - 0.04 0.18 31608
aoD2SG 150e2 2 175 - 0.03 0.19 31608
moore 150e2 2 175 - 2.25 3015.52 6629344
nbpm 150e2 2 175 - 14.81 1112.97 16814168
greedy 150e2 2 175 - 13.87 663.73 24630024
dry 1e8 2 189 - 1.18 3.04 1983296
aoDLAV 1e8 2 189 - 7.73 595.65 14862072
aoULAV 1e8 2 189 - 9.90 632.97 14862068
aoD2AG 1e8 2 189 - 18.98 918.44 21855256
aoD2SG 1e8 2 189 - 20.25 1052.31 22651396
dry 1e8 2 176 - 1.12 2.98 1983300
aoDLAV 1e8 2 176 - 8.07 588.34 14862072
aoULAV 1e8 2 176 - 10.25 616.24 14862068
aoD2AG 1e8 2 176 - 18.91 881.25 21857524
aoD2SG 1e8 2 176 - 20.58 1036.10 22655852
dry 175e2 2 58 - 0.02 0.12 28708
aoDLAV 175e2 2 58 - 0.02 0.19 30716
aoULAV 175e2 2 58 - 0.03 0.18 30716
aoD2AG 175e2 2 58 - 0.03 0.20 31756
aoD2SG 175e2 2 58 - 0.03 0.20 31760
moore 175e2 2 58 - 2.67 4118.26 9014024
nbpm 175e2 2 58 - 23.94 1859.88 22863136
greedy 175e2 2 58 - 19.03 972.13 33516976
dry 125e2 2 149 - 0.03 0.11 26532
aoDLAV 125e2 2 149 - 0.04 0.17 30708
aoULAV 125e2 2 149 - 0.03 0.18 30708
aoD2AG 125e2 2 149 - 0.03 0.19 31376
aoD2SG 125e2 2 149 - 0.04 0.18 31376
moore 125e2 2 149 - 1.58 1902.16 4611540
nbpm 125e2 2 149 - 11.36 674.46 12302316
greedy 125e2 2 149 - 10.81 495.80 17109968
dry 175e2 2 106 - 0.03 0.12 26732
aoDLAV 175e2 2 106 - 0.03 0.20 30716
aoULAV 175e2 2 106 - 0.03 0.20 30716
aoD2AG 175e2 2 106 - 0.04 0.21 31752
aoD2SG 175e2 2 106 - 0.03 0.22 31764
moore 175e2 2 106 - 2.87 4103.01 9014020
nbpm 175e2 2 106 - 21.36 2029.38 22863136
greedy 175e2 2 106 - 18.83 955.02 33516980
dry 1e8 2 244 - 1.04 3.03 1983300
aoDLAV 1e8 2 244 - 7.45 585.85 14862068
aoULAV 1e8 2 244 - 10.33 629.40 14862072
aoD2AG 1e8 2 244 - 18.59 881.39 21855200
aoD2SG 1e8 2 244 - 19.73 1050.58 22653084
dry 2e4 10 197 - 0.03 0.11 31112
aoDLAV 2e4 10 197 - 0.03 1.87 34836
aoULAV 2e4 10 197 - 0.03 1.84 34848
aoD2AG 2e4 10 197 - 0.05 1.67 36076
aoD2SG 2e4 10 197 - 0.04 1.89 36080
moore 2e4 10 197 - 3.44 6957.82 11770840
nbpm 2e4 10 197 - 29.55 6153.71 30880036
greedy 2e4 10 197 - 25.08 1320.62 43775820
dry 1e8 2 228 - 1.04 2.99 1983300
aoDLAV 1e8 2 228 - 8.13 589.67 14862068
aoULAV 1e8 2 228 - 9.92 618.76 14862068
aoD2AG 1e8 2 228 - 18.06 916.28 21855624
aoD2SG 1e8 2 228 - 20.65 1059.89 22652168
dry 1e8 5 132 - 2.43 6.24 4327052
aoDLAV 1e8 5 132 - 11.33 2577.88 23065204
aoULAV 1e8 5 132 - 16.33 2699.39 23065208
aoD2AG 1e8 5 132 - 26.41 2977.40 30454964
aoD2SG 1e8 5 132 - 27.44 3584.92 31312700
dry 1e8 5 44 - 2.28 6.22 4327052
aoDLAV 1e8 5 44 - 11.30 3151.75 23065208
aoULAV 1e8 5 44 - 16.53 2641.13 23065204
aoD2AG 1e8 5 44 - 26.34 2901.72 30456132
aoD2SG 1e8 5 44 - 28.70 3719.51 31309612
dry 1e8 2 170 - 1.05 3.03 1983296
aoDLAV 1e8 2 170 - 8.26 626.86 14862068
aoULAV 1e8 2 170 - 10.73 654.95 14862072
aoD2AG 1e8 2 170 - 18.61 889.70 21856144
aoD2SG 1e8 2 170 - 20.49 1082.47 22652700
dry 9e7 2 118 - 1.00 2.77 1787988
aoDLAV 9e7 2 118 - 7.29 535.26 13377684
aoULAV 9e7 2 118 - 9.65 560.17 13377688
aoD2AG 9e7 2 118 - 16.99 802.25 19671064
aoD2SG 9e7 2 118 - 17.83 945.39 20387332
dry 150e2 2 48 - 0.02 0.11 28532
aoDLAV 150e2 2 48 - 0.03 0.18 30824
aoULAV 150e2 2 48 - 0.03 0.18 30824
aoD2AG 150e2 2 48 - 0.03 0.19 31612
aoD2SG 150e2 2 48 - 0.03 0.19 31612
moore 150e2 2 48 - 2.06 2642.37 6629344
nbpm 150e2 2 48 - 14.29 1117.54 16814168
greedy 150e2 2 48 - 13.24 809.62 24630024
dry 8e7 2 35 - 0.90 2.44 1592676
aoDLAV 8e7 2 35 - 6.58 577.69 11893324
aoULAV 8e7 2 35 - 8.39 628.18 11893328
aoD2AG 8e7 2 35 - 14.90 708.65 17489144
aoD2SG 8e7 2 35 - 16.08 809.01 18127732
dry 1e8 2 159 - 1.05 3.04 1983296
aoDLAV 1e8 2 159 - 7.94 584.76 14862068
aoULAV 1e8 2 159 - 10.34 619.91 14862068
aoD2AG 1e8 2 159 - 19.29 897.34 21855632
aoD2SG 1e8 2 159 - 20.71 1052.22 22657032
dry 2e4 10 14 - 0.03 0.12 31344
aoDLAV 2e4 10 14 - 0.04 1.91 34836
aoULAV 2e4 10 14 - 0.03 2.04 34848
aoD2AG 2e4 10 14 - 0.03 1.92 36076
aoD2SG 2e4 10 14 - 0.05 2.17 36080
moore 2e4 10 14 - 3.60 6245.53 11770836
nbpm 2e4 10 14 - 30.07 6306.98 30880036
greedy 2e4 10 14 - 24.14 1280.89 43775824
dry 8e7 2 33 - 0.83 2.45 1592676
aoDLAV 8e7 2 33 - 6.37 453.97 11893324
aoULAV 8e7 2 33 - 8.58 483.93 11893324
aoD2AG 8e7 2 33 - 14.91 670.99 17489612
aoD2SG 8e7 2 33 - 15.41 786.38 18128424
dry 2e4 5 237 - 0.03 0.12 29424
aoDLAV 2e4 5 237 - 0.02 0.28 32760
aoULAV 2e4 5 237 - 0.03 0.29 32768
aoD2AG 2e4 5 237 - 0.03 0.33 33344
aoD2SG 2e4 5 237 - 0.04 0.34 32864
moore 2e4 5 237 - 3.43 6222.05 11768084
