dry 1e7 5 243 - 0.25 0.77 459868
aoDLAV 1e7 5 243 - 1.11 259.91 2323016
aoULAV 1e7 5 243 - 1.47 236.99 2323016
aoD2AG 1e7 5 243 - 2.49 235.45 3064268
aoD2SG 1e7 5 243 - 2.09 277.01 3149668
dry 56e5 2 236 - 0.07 0.32 139544
aoDLAV 56e5 2 236 - 0.44 22.23 849560
aoULAV 56e5 2 236 - 0.42 23.69 849616
aoD2AG 56e5 2 236 - 0.85 33.99 1241468
aoD2SG 56e5 2 236 - 0.70 38.48 1285832
dry 1e7 5 126 - 0.23 0.79 459872
aoDLAV 1e7 5 126 - 1.05 211.42 2323016
aoULAV 1e7 5 126 - 1.46 214.93 2323020
aoD2AG 1e7 5 126 - 2.07 235.08 3065312
aoD2SG 1e7 5 126 - 2.49 277.45 3152188
dry 1e7 10 246 - 0.40 1.37 850508
aoDLAV 1e7 10 246 - 1.48 4694.94 3534060
aoULAV 1e7 10 246 - 2.47 4813.15 3533956
aoD2AG 1e7 10 246 - 3.60 4813.12 4336840
aoD2SG 1e7 10 246 - 3.59 5770.08 4427200
dry 32e5 2 87 - 0.05 0.25 92676
aoDLAV 32e5 2 87 - 0.27 11.92 493324
aoULAV 32e5 2 87 - 0.25 12.76 493336
aoD2AG 32e5 2 87 - 0.42 18.40 718976
aoD2SG 32e5 2 87 - 0.41 21.23 743228
dry 1e7 2 150 - 0.12 0.44 225484
aoDLAV 1e7 2 150 - 0.77 44.67 1502688
aoULAV 1e7 2 150 - 0.78 47.51 1502688
aoD2AG 1e7 2 150 - 1.71 66.72 2203068
aoD2SG 1e7 2 150 - 1.71 78.17 2283816
dry 1e7 10 222 - 0.42 1.38 850508
aoDLAV 1e7 10 222 - 1.62 4854.40 3533952
aoULAV 1e7 10 222 - 2.47 4775.21 3533952
aoD2AG 1e7 10 222 - 3.90 4872.58 4339408
aoD2SG 1e7 10 222 - 3.72 5887.86 4425456
dry 56e5 2 34 - 0.07 0.32 139548
aoDLAV 56e5 2 34 - 0.45 22.67 849680
aoULAV 56e5 2 34 - 0.45 24.08 849560
aoD2AG 56e5 2 34 - 0.70 34.24 1242124
aoD2SG 56e5 2 34 - 0.73 39.25 1287304
dry 1e7 10 95 - 0.45 1.38 850508
aoDLAV 1e7 10 95 - 1.52 5400.92 3533956
aoULAV 1e7 10 95 - 2.48 4765.87 3533956
aoD2AG 1e7 10 95 - 3.68 4750.79 4336656
aoD2SG 1e7 10 95 - 3.69 5784.48 4428064
dry 18e5 2 147 - 0.04 0.22 65328
aoDLAV 18e5 2 147 - 0.16 6.54 285512
aoULAV 18e5 2 147 - 0.15 7.03 285568
aoD2AG 18e5 2 147 - 0.24 9.92 411220
aoD2SG 18e5 2 147 - 0.25 10.89 426976
dry 1e7 5 181 - 0.22 0.79 459868
aoDLAV 1e7 5 181 - 1.05 208.76 2323016
aoULAV 1e7 5 181 - 1.06 211.25 2323016
aoD2AG 1e7 5 181 - 2.47 236.02 3064804
aoD2SG 1e7 5 181 - 2.54 279.43 3150548
dry 32e5 2 164 - 0.06 0.24 92680
aoDLAV 32e5 2 164 - 0.25 11.64 493324
aoULAV 32e5 2 164 - 0.24 12.40 493336
aoD2AG 32e5 2 164 - 0.40 17.76 717672
aoD2SG 32e5 2 164 - 0.42 20.32 743988
dry 1e7 2 169 - 0.12 0.44 225484
aoDLAV 1e7 2 169 - 0.74 43.28 1502688
aoULAV 1e7 2 169 - 0.76 45.93 1502684
aoD2AG 1e7 2 169 - 1.51 64.81 2205772
aoD2SG 1e7 2 169 - 1.85 74.52 2282684
dry 1e7 5 194 - 0.23 0.79 459868
aoDLAV 1e7 5 194 - 1.06 209.57 2323016
aoULAV 1e7 5 194 - 1.51 211.15 2323016
aoD2AG 1e7 5 194 - 2.00 232.74 3065396
aoD2SG 1e7 5 194 - 2.46 275.66 3150024
dry 1e7 2 74 - 0.12 0.44 225484
aoDLAV 1e7 2 74 - 0.77 43.28 1502684
aoULAV 1e7 2 74 - 0.75 46.14 1502688
aoD2AG 1e7 2 74 - 1.56 65.36 2205076
aoD2SG 1e7 2 74 - 1.84 74.66 2282204
dry 32e5 2 42 - 0.05 0.25 92680
aoDLAV 32e5 2 42 - 0.25 11.68 493328
aoULAV 32e5 2 42 - 0.27 12.35 493336
aoD2AG 32e5 2 42 - 0.45 17.72 719068
aoD2SG 32e5 2 42 - 0.42 20.46 743576
dry 1e7 10 72 - 0.40 1.38 850512
aoDLAV 1e7 10 72 - 1.53 4703.39 3533956
aoULAV 1e7 10 72 - 2.29 4770.96 3534060
aoD2AG 1e7 10 72 - 3.50 4817.52 4337092
aoD2SG 1e7 10 72 - 3.55 5743.41 4424664
dry 1e7 2 174 - 0.12 0.44 225484
aoDLAV 1e7 2 174 - 0.72 44.19 1502684
aoULAV 1e7 2 174 - 0.75 46.85 1502684
aoD2AG 1e7 2 174 - 1.56 66.29 2203572
aoD2SG 1e7 2 174 - 1.66 77.12 2282448
dry 1e7 5 193 - 0.24 0.78 459868
aoDLAV 1e7 5 193 - 1.10 214.56 2323016
aoULAV 1e7 5 193 - 1.05 217.53 2323016
aoD2AG 1e7 5 193 - 2.54 243.63 3064944
aoD2SG 1e7 5 193 - 2.59 284.87 3150620
dry 1e7 2 71 - 0.17 0.44 225484
aoDLAV 1e7 2 71 - 0.81 53.42 1502688
aoULAV 1e7 2 71 - 0.82 54.91 1502688
aoD2AG 1e7 2 71 - 1.64 67.13 2202120
aoD2SG 1e7 2 71 - 1.86 77.53 2283688
dry 1e7 10 165 - 0.44 1.36 850508
aoDLAV 1e7 10 165 - 1.51 4766.17 3533988
aoULAV 1e7 10 165 - 2.38 4791.83 3534060
aoD2AG 1e7 10 165 - 3.49 4812.01 4337756
aoD2SG 1e7 10 165 - 3.73 5778.12 4429208
dry 18e5 2 31 - 0.04 0.22 65324
aoDLAV 18e5 2 31 - 0.17 6.37 285508
aoULAV 18e5 2 31 - 0.17 6.75 285520
aoD2AG 18e5 2 31 - 0.26 9.75 412864
aoD2SG 18e5 2 31 - 0.25 11.16 427112
dry 1e7 5 78 - 0.24 0.79 459924
aoDLAV 1e7 5 78 - 1.09 214.48 2323016
aoULAV 1e7 5 78 - 1.53 219.69 2323016
aoD2AG 1e7 5 78 - 2.39 240.30 3064736
aoD2SG 1e7 5 78 - 2.17 285.53 3150564
dry 1e7 2 183 - 0.13 0.44 225484
aoDLAV 1e7 2 183 - 0.77 44.28 1502684
aoULAV 1e7 2 183 - 1.03 47.12 1502684
aoD2AG 1e7 2 183 - 1.56 67.05 2204928
aoD2SG 1e7 2 183 - 1.69 77.48 2282224
dry 56e5 2 155 - 0.08 0.32 139548
aoDLAV 56e5 2 155 - 0.42 22.60 849556
aoULAV 56e5 2 155 - 0.43 24.08 849556
aoD2AG 56e5 2 155 - 0.70 34.18 1241120
aoD2SG 56e5 2 155 - 0.73 39.26 1287196
dry 1e7 2 39 - 0.14 0.43 225484
aoDLAV 1e7 2 39 - 0.77 44.30 1502684
aoULAV 1e7 2 39 - 0.76 46.67 1502688
aoD2AG 1e7 2 39 - 1.56 66.62 2203012
aoD2SG 1e7 2 39 - 1.60 76.30 2282060
dry 1e7 5 74 - 0.23 0.79 459868
aoDLAV 1e7 5 74 - 1.06 213.81 2323016
aoULAV 1e7 5 74 - 1.51 216.08 2323016
aoD2AG 1e7 5 74 - 2.50 245.17 3063952
aoD2SG 1e7 5 74 - 2.52 288.53 3149352
dry 18e5 2 120 - 0.05 0.21 65324
aoDLAV 18e5 2 120 - 0.18 6.44 285536
aoULAV 18e5 2 120 - 0.16 6.86 285520
aoD2AG 18e5 2 120 - 0.25 9.94 412436
aoD2SG 18e5 2 120 - 0.27 11.32 427640
dry 32e5 2 195 - 0.07 0.24 92676
aoDLAV 32e5 2 195 - 0.27 11.87 493324
aoULAV 32e5 2 195 - 0.26 12.65 493336
aoD2AG 32e5 2 195 - 0.41 18.21 718060
aoD2SG 32e5 2 195 - 0.41 20.84 744560
dry 18e5 2 159 - 0.04 0.21 65324
aoDLAV 18e5 2 159 - 0.16 6.43 285508
aoULAV 18e5 2 159 - 0.16 6.86 285520
aoD2AG 18e5 2 159 - 0.24 9.95 412048
aoD2SG 18e5 2 159 - 0.27 11.29 427384
dry 1e7 10 11 - 0.43 1.38 850508
aoDLAV 1e7 10 11 - 1.93 5182.36 3533960
aoULAV 1e7 10 11 - 2.25 4745.72 3534060
aoD2AG 1e7 10 11 - 3.68 4704.17 4336088
aoD2SG 1e7 10 11 - 3.57 5552.60 4427992
dry 1e7 5 10 - 0.22 0.77 459868
aoDLAV 1e7 5 10 - 1.05 202.39 2323020
aoULAV 1e7 5 10 - 1.03 204.38 2323016
aoD2AG 1e7 5 10 - 2.40 223.50 3065184
aoD2SG 1e7 5 10 - 2.55 265.93 3149784
dry 18e5 2 196 - 0.05 0.20 65324
aoDLAV 18e5 2 196 - 0.16 6.04 285512
aoULAV 18e5 2 196 - 0.16 6.42 285524
aoD2AG 18e5 2 196 - 0.24 9.24 411816
aoD2SG 18e5 2 196 - 0.25 10.26 426172
dry 1e7 10 28 - 0.41 1.35 850512
aoDLAV 1e7 10 28 - 1.56 4611.38 3533952
aoULAV 1e7 10 28 - 2.41 6913.08 3533956
aoD2AG 1e7 10 28 - 3.49 5706.28 4337796
aoD2SG 1e7 10 28 - 3.53 6458.13 4427888
