dry 32e2 2 50 - 0.01 0.11 26112
aoDLAV 32e2 2 50 - 0.02 0.13 30580
aoULAV 32e2 2 50 - 0.01 0.14 30548
aoD2AG 32e2 2 50 - 0.02 0.14 31224
aoD2SG 32e2 2 50 - 0.02 0.14 31276
moore 32e2 2 50 - 0.14 35.05 330516
nbpm 32e2 2 50 - 0.82 21.20 854756
greedy 32e2 2 50 - 0.60 18.06 1150164
dry 50e2 2 218 - 0.03 0.12 26204
aoDLAV 50e2 2 218 - 0.03 0.15 30848
aoULAV 50e2 2 218 - 0.03 0.14 30860
aoD2AG 50e2 2 218 - 0.03 0.15 31776
aoD2SG 50e2 2 218 - 0.03 0.16 31864
moore 50e2 2 218 - 0.31 131.13 762972
nbpm 50e2 2 218 - 1.93 52.41 2011920
greedy 50e2 2 218 - 1.50 61.76 2764780
dry 1e4 5 23 - 0.02 0.12 26900
aoDLAV 1e4 5 23 - 0.02 0.22 31084
aoULAV 1e4 5 23 - 0.02 0.22 31096
aoD2AG 1e4 5 23 - 0.03 0.22 32108
aoD2SG 1e4 5 23 - 0.03 0.23 32108
moore 1e4 5 23 - 1.18 1082.68 2961736
nbpm 1e4 5 23 - 7.38 685.85 7811452
greedy 1e4 5 23 - 6.64 297.07 10959172
dry 18e2 2 14 - 0.02 0.12 26052
aoDLAV 18e2 2 14 - 0.02 0.15 30372
aoULAV 18e2 2 14 - 0.03 0.14 30384
aoD2AG 18e2 2 14 - 0.03 0.15 30788
aoD2SG 18e2 2 14 - 0.03 0.14 30832
moore 18e2 2 14 - 0.06 6.32 125444
nbpm 18e2 2 14 - 0.18 8.60 334536
greedy 18e2 2 14 - 0.26 3.92 384352
dry 4e7 2 63 - 0.50 1.31 811428
aoDLAV 4e7 2 63 - 3.39 239.20 5955816
aoULAV 4e7 2 63 - 4.42 241.47 5955816
aoD2AG 4e7 2 63 - 7.82 346.56 8754752
aoD2SG 4e7 2 63 - 8.49 455.86 9074692
dry 56e2 2 153 - 0.03 0.12 26240
aoDLAV 56e2 2 153 - 0.03 0.15 30976
aoULAV 56e2 2 153 - 0.03 0.16 30988
aoD2AG 56e2 2 153 - 0.03 0.17 32012
aoD2SG 56e2 2 153 - 0.03 0.18 31124
moore 56e2 2 153 - 0.76 238.66 952716
nbpm 56e2 2 153 - 2.39 76.39 2388080
greedy 56e2 2 153 - 2.27 83.58 3460492
dry 1e4 10 156 - 0.03 0.12 29620
aoDLAV 1e4 10 156 - 0.03 0.71 32764
aoULAV 1e4 10 156 - 0.04 0.70 32776
aoD2AG 1e4 10 156 - 0.04 0.80 32744
aoD2SG 1e4 10 156 - 0.04 0.80 34180
moore 1e4 10 156 - 1.12 1192.14 2963852
nbpm 1e4 10 156 - 7.85 743.97 7764384
greedy 1e4 10 156 - 6.81 265.74 10961108
dry 6e7 2 187 - 0.70 1.88 1202044
aoDLAV 6e7 2 187 - 5.09 350.82 8924560
aoULAV 6e7 2 187 - 6.51 373.18 8924564
aoD2AG 6e7 2 187 - 12.03 536.91 13122764
aoD2SG 6e7 2 187 - 12.53 639.61 13598924
dry 50e2 2 145 - 0.03 0.11 26208
aoDLAV 50e2 2 145 - 0.03 0.15 30852
aoULAV 50e2 2 145 - 0.03 0.15 30860
aoD2AG 50e2 2 145 - 0.03 0.16 31792
aoD2SG 50e2 2 145 - 0.03 0.17 31888
moore 50e2 2 145 - 0.69 217.63 764632
nbpm 50e2 2 145 - 1.98 63.31 2011924
greedy 50e2 2 145 - 1.66 60.57 2764780
dry 56e2 2 16 - 0.02 0.12 26236
aoDLAV 56e2 2 16 - 0.04 0.14 30980
aoULAV 56e2 2 16 - 0.02 0.16 30988
aoD2AG 56e2 2 16 - 0.03 0.17 31976
aoD2SG 56e2 2 16 - 0.04 0.16 31124
moore 56e2 2 16 - 1.20 314.40 952724
nbpm 56e2 2 16 - 2.28 81.55 2388080
greedy 56e2 2 16 - 2.00 78.41 3460488
dry 56e2 2 59 - 0.02 0.12 28232
aoDLAV 56e2 2 59 - 0.04 0.15 30980
aoULAV 56e2 2 59 - 0.03 0.16 30988
aoD2AG 56e2 2 59 - 0.03 0.18 31980
aoD2SG 56e2 2 59 - 0.03 0.17 31120
moore 56e2 2 59 - 1.20 310.94 952724
nbpm 56e2 2 59 - 2.47 73.10 2388088
greedy 56e2 2 59 - 2.10 85.11 3460496
dry 56e2 2 149 - 0.02 0.12 26236
aoDLAV 56e2 2 149 - 0.02 0.16 30976
aoULAV 56e2 2 149 - 0.03 0.15 30988
aoD2AG 56e2 2 149 - 0.02 0.18 32000
aoD2SG 56e2 2 149 - 0.02 0.18 31124
moore 56e2 2 149 - 0.47 184.96 952716
nbpm 56e2 2 149 - 2.40 77.43 2388080
greedy 56e2 2 149 - 2.01 82.50 3460488
dry 6e7 2 246 - 0.65 1.96 1202044
aoDLAV 6e7 2 246 - 5.20 370.60 8924564
aoULAV 6e7 2 246 - 6.51 423.41 8924560
aoD2AG 6e7 2 246 - 12.00 544.95 13120316
aoD2SG 6e7 2 246 - 12.44 643.16 13601656
dry 1e4 10 157 - 0.03 0.11 29120
aoDLAV 1e4 10 157 - 0.03 0.68 32768
aoULAV 1e4 10 157 - 0.02 0.70 32776
aoD2AG 1e4 10 157 - 0.03 0.70 32744
aoD2SG 1e4 10 157 - 0.04 0.77 34176
moore 1e4 10 157 - 1.12 887.43 2963856
nbpm 1e4 10 157 - 7.83 786.23 7764384
greedy 1e4 10 157 - 6.61 277.68 10961108
dry 7e7 2 64 - 0.77 2.19 1397356
aoDLAV 7e7 2 64 - 5.92 430.77 10408936
aoULAV 7e7 2 64 - 7.62 449.01 10408936
aoD2AG 7e7 2 64 - 13.80 645.14 15305268
aoD2SG 7e7 2 64 - 14.33 751.24 15864112
dry 1e4 2 7 - 0.02 0.12 28416
aoDLAV 1e4 2 7 - 0.03 0.17 31868
aoULAV 1e4 2 7 - 0.03 0.17 31876
aoD2AG 1e4 2 7 - 0.04 0.17 31876
aoD2SG 1e4 2 7 - 0.04 0.18 31992
moore 1e4 2 7 - 1.13 780.34 2960580
nbpm 1e4 2 7 - 7.84 372.86 7889424
greedy 1e4 2 7 - 6.77 280.34 10968568
dry 6e7 2 38 - 0.66 1.91 1202048
aoDLAV 6e7 2 38 - 5.37 352.43 8924560
aoULAV 6e7 2 38 - 6.55 384.84 8924560
aoD2AG 6e7 2 38 - 12.08 552.65 13120656
aoD2SG 6e7 2 38 - 12.99 649.80 13602836
dry 5e7 2 241 - 0.58 1.61 1006740
aoDLAV 5e7 2 241 - 4.34 295.26 7440192
aoULAV 5e7 2 241 - 5.56 316.77 7440192
aoD2AG 5e7 2 241 - 10.15 438.13 10937724
aoD2SG 5e7 2 241 - 10.31 513.84 11337048
dry 32e2 2 118 - 0.03 0.12 26112
aoDLAV 32e2 2 118 - 0.03 0.15 30540
aoULAV 32e2 2 118 - 0.04 0.14 30552
aoD2AG 32e2 2 118 - 0.03 0.15 31200
aoD2SG 32e2 2 118 - 0.03 0.16 31260
moore 32e2 2 118 - 0.57 123.08 330512
nbpm 32e2 2 118 - 0.88 18.91 854748
greedy 32e2 2 118 - 0.73 20.61 1150164
dry 1e4 5 60 - 0.02 0.12 26900
aoDLAV 1e4 5 60 - 0.03 0.21 31084
aoULAV 1e4 5 60 - 0.03 0.21 31096
aoD2AG 1e4 5 60 - 0.03 0.23 32108
aoD2SG 1e4 5 60 - 0.03 0.23 32124
moore 1e4 5 60 - 1.15 1200.75 2961736
nbpm 1e4 5 60 - 7.30 634.06 7811456
greedy 1e4 5 60 - 6.85 303.36 10959176
dry 75e2 2 199 - 0.02 0.12 28288
aoDLAV 75e2 2 199 - 0.05 0.14 31376
aoULAV 75e2 2 199 - 0.04 0.15 31392
aoD2AG 75e2 2 199 - 0.03 0.18 31380
aoD2SG 75e2 2 199 - 0.04 0.17 31420
moore 75e2 2 199 - 0.75 377.60 1683872
nbpm 75e2 2 199 - 4.38 156.68 4242124
greedy 75e2 2 199 - 3.73 146.16 6183092
dry 7e7 2 98 - 0.91 2.15 1397356
aoDLAV 7e7 2 98 - 5.90 428.61 10408936
aoULAV 7e7 2 98 - 7.60 451.99 10408936
aoD2AG 7e7 2 98 - 14.10 625.36 15303480
aoD2SG 7e7 2 98 - 14.48 756.18 15863156
dry 18e2 2 52 - 0.02 0.12 26048
aoDLAV 18e2 2 52 - 0.02 0.15 30372
aoULAV 18e2 2 52 - 0.03 0.15 30384
aoD2AG 18e2 2 52 - 0.02 0.15 30796
aoD2SG 18e2 2 52 - 0.03 0.14 30832
moore 18e2 2 52 - 0.07 21.44 125416
nbpm 18e2 2 52 - 0.18 7.62 334536
greedy 18e2 2 52 - 0.25 4.10 384352
dry 2e7 2 127 - 0.23 0.75 420796
aoDLAV 2e7 2 127 - 1.75 108.79 2987068
aoULAV 2e7 2 127 - 2.24 118.24 2987068
aoD2AG 2e7 2 127 - 3.57 173.56 4388372
aoD2SG 2e7 2 127 - 4.44 234.70 4549724
dry 7e7 2 120 - 0.81 2.18 1397360
aoDLAV 7e7 2 120 - 6.00 414.74 10408936
aoULAV 7e7 2 120 - 7.38 446.35 10408940
aoD2AG 7e7 2 120 - 13.57 650.31 15306532
aoD2SG 7e7 2 120 - 14.72 955.00 15862616
dry 4e7 2 109 - 0.48 1.33 811448
aoDLAV 4e7 2 109 - 3.44 224.36 5955816
aoULAV 4e7 2 109 - 4.55 253.00 5955820
aoD2AG 4e7 2 109 - 8.12 348.11 8755428
aoD2SG 4e7 2 109 - 8.37 399.95 9072868
dry 3e7 2 207 - 0.37 1.04 616104
aoDLAV 3e7 2 207 - 2.59 167.61 4471428
aoULAV 3e7 2 207 - 3.27 176.89 4471428
aoD2AG 3e7 2 207 - 5.30 255.15 6570492
aoD2SG 3e7 2 207 - 6.24 293.69 6808976
dry 1e4 5 247 - 0.03 0.12 28936
aoDLAV 1e4 5 247 - 0.04 0.21 31088
aoULAV 1e4 5 247 - 0.03 0.21 31096
aoD2AG 1e4 5 247 - 0.04 0.21 32108
aoD2SG 1e4 5 247 - 0.03 0.23 32108
moore 1e4 5 247 - 1.16 1067.86 2961736
nbpm 1e4 5 247 - 7.75 666.92 7811456
greedy 1e4 5 247 - 6.45 292.59 10959176
dry 56e2 2 112 - 0.02 0.13 26236
aoDLAV 56e2 2 112 - 0.03 0.15 30976
aoULAV 56e2 2 112 - 0.04 0.15 30992
aoD2AG 56e2 2 112 - 0.02 0.18 31988
aoD2SG 56e2 2 112 - 0.03 0.17 31124
moore 56e2 2 112 - 0.63 230.98 952716
nbpm 56e2 2 112 - 2.51 84.63 2388080
greedy 56e2 2 112 - 2.17 81.12 3460492
dry 1e4 2 142 - 0.03 0.11 26432
aoDLAV 1e4 2 142 - 0.03 0.18 31868
aoULAV 1e4 2 142 - 0.04 0.18 31876
aoD2AG 1e4 2 142 - 0.03 0.19 31876
aoD2SG 1e4 2 142 - 0.03 0.19 31988
moore 1e4 2 142 - 1.19 1019.69 2960572
nbpm 1e4 2 142 - 7.33 553.38 7889420
greedy 1e4 2 142 - 6.96 294.80 10968568
dry 1e4 2 150 - 0.02 0.13 26436
aoDLAV 1e4 2 150 - 0.04 0.17 31868
aoULAV 1e4 2 150 - 0.03 0.18 31876
aoD2AG 1e4 2 150 - 0.03 0.20 31876
aoD2SG 1e4 2 150 - 0.04 0.19 31984
moore 1e4 2 150 - 1.19 794.76 2960572
nbpm 1e4 2 150 - 7.56 357.32 7889416
greedy 1e4 2 150 - 6.21 264.06 10968572
dry 18e2 2 177 - 0.03 0.12 26048
aoDLAV 18e2 2 177 - 0.02 0.16 30376
aoULAV 18e2 2 177 - 0.04 0.14 30384
aoD2AG 18e2 2 177 - 0.03 0.14 30784
aoD2SG 18e2 2 177 - 0.02 0.16 30828
moore 18e2 2 177 - 0.07 13.46 125412
nbpm 18e2 2 177 - 0.20 7.60 334528
greedy 18e2 2 177 - 0.25 3.88 384352
dry 25e2 2 156 - 0.03 0.12 26080
aoDLAV 25e2 2 156 - 0.03 0.15 30452
aoULAV 25e2 2 156 - 0.03 0.15 30464
aoD2AG 25e2 2 156 - 0.03 0.15 30980
aoD2SG 25e2 2 156 - 0.03 0.15 31028
moore 25e2 2 156 - 0.09 18.90 213632
nbpm 25e2 2 156 - 0.52 12.45 541644
greedy 25e2 2 156 - 0.44 9.28 713664
dry 6e7 2 166 - 0.81 1.86 1202044
aoDLAV 6e7 2 166 - 4.91 371.30 8924560
aoULAV 6e7 2 166 - 6.77 454.44 8924560
aoD2AG 6e7 2 166 - 11.96 540.27 13120604
aoD2SG 6e7 2 166 - 12.61 642.36 13598312
dry 2e7 2 229 - 0.25 0.75 420796
aoDLAV 2e7 2 229 - 1.67 108.80 2987068
aoULAV 2e7 2 229 - 1.75 117.25 2987068
aoD2AG 2e7 2 229 - 3.54 171.17 4388200
aoD2SG 2e7 2 229 - 4.28 187.75 4545572
dry 56e2 2 247 - 0.03 0.11 26236
aoDLAV 56e2 2 247 - 0.02 0.16 30976
aoULAV 56e2 2 247 - 0.04 0.14 30988
aoD2AG 56e2 2 247 - 0.02 0.18 31992
aoD2SG 56e2 2 247 - 0.03 0.17 31124
moore 56e2 2 247 - 0.85 257.89 952716
nbpm 56e2 2 247 - 2.51 71.43 2388080
greedy 56e2 2 247 - 2.01 78.40 3460492
dry 3e7 2 193 - 0.37 1.03 616104
aoDLAV 3e7 2 193 - 2.40 166.42 4471432
aoULAV 3e7 2 193 - 3.28 175.95 4471428
aoD2AG 3e7 2 193 - 5.31 258.78 6570728
aoD2SG 3e7 2 193 - 6.36 310.20 6812380
dry 32e6 2 11 - 0.41 1.14 655180
aoDLAV 32e6 2 11 - 2.62 179.55 4768324
aoULAV 32e6 2 11 - 3.64 253.40 4768324
aoD2AG 32e6 2 11 - 6.44 263.81 7006792
aoD2SG 32e6 2 11 - 6.87 316.12 7263140
dry 4e7 2 91 - 0.56 1.30 811428
aoDLAV 4e7 2 91 - 3.35 238.85 5955820
aoULAV 4e7 2 91 - 4.54 251.01 5955816
aoD2AG 4e7 2 91 - 7.22 354.81 8754612
aoD2SG 4e7 2 91 - 8.34 405.81 9074348
dry 56e6 2 63 - 0.66 1.81 1123928
aoDLAV 56e6 2 63 - 4.65 337.27 8330816
aoULAV 56e6 2 63 - 6.23 359.16 8330816
aoD2AG 56e6 2 63 - 11.01 503.80 12245980
aoD2SG 56e6 2 63 - 11.70 614.08 12692868
dry 18e6 2 93 - 0.24 0.69 381736
aoDLAV 18e6 2 93 - 1.51 93.75 2690196
aoULAV 18e6 2 93 - 2.16 134.06 2690196
aoD2AG 18e6 2 93 - 3.31 146.68 3950340
aoD2SG 18e6 2 93 - 3.93 165.93 4094820
dry 6e7 2 229 - 0.71 1.93 1202044
aoDLAV 6e7 2 229 - 5.11 361.86 8924560
aoULAV 6e7 2 229 - 6.51 388.81 8924560
aoD2AG 6e7 2 229 - 11.74 548.87 13117588
aoD2SG 6e7 2 229 - 12.62 753.30 13597208
dry 18e6 2 52 - 0.22 0.71 381736
aoDLAV 18e6 2 52 - 1.58 96.30 2690196
aoULAV 18e6 2 52 - 1.58 101.82 2690192
aoD2AG 18e6 2 52 - 3.67 144.78 3949456
aoD2SG 18e6 2 52 - 3.55 167.10 4091644
dry 18e2 2 24 - 0.03 0.12 26048
aoDLAV 18e2 2 24 - 0.03 0.15 30376
aoULAV 18e2 2 24 - 0.02 0.15 30384
aoD2AG 18e2 2 24 - 0.02 0.16 30796
aoD2SG 18e2 2 24 - 0.03 0.15 30832
moore 18e2 2 24 - 0.07 6.37 125436
nbpm 18e2 2 24 - 0.20 8.07 334528
greedy 18e2 2 24 - 0.23 3.69 384352
dry 18e6 2 248 - 0.24 0.66 381740
aoDLAV 18e6 2 248 - 1.54 93.56 2690196
aoULAV 18e6 2 248 - 1.58 103.19 2690192
aoD2AG 18e6 2 248 - 3.42 139.24 3949824
aoD2SG 18e6 2 248 - 3.62 166.90 4094952
dry 25e2 2 157 - 0.03 0.11 26080
aoDLAV 25e2 2 157 - 0.03 0.15 30452
aoULAV 25e2 2 157 - 0.03 0.15 30464
aoD2AG 25e2 2 157 - 0.03 0.15 30992
aoD2SG 25e2 2 157 - 0.03 0.15 31036
moore 25e2 2 157 - 0.09 46.84 213604
nbpm 25e2 2 157 - 0.55 13.11 541644
greedy 25e2 2 157 - 0.48 10.68 713668
dry 3e7 2 130 - 0.37 1.06 616108
aoDLAV 3e7 2 130 - 2.66 204.41 4471432
aoULAV 3e7 2 130 - 3.42 173.86 4471428
aoD2AG 3e7 2 130 - 5.46 253.46 6572392
aoD2SG 3e7 2 130 - 6.38 289.56 6811204
dry 1e4 2 69 - 0.02 0.13 26432
aoDLAV 1e4 2 69 - 0.03 0.17 31864
aoULAV 1e4 2 69 - 0.03 0.17 31876
aoD2AG 1e4 2 69 - 0.03 0.19 31876
aoD2SG 1e4 2 69 - 0.03 0.19 31988
moore 1e4 2 69 - 1.12 1265.18 2960580
nbpm 1e4 2 69 - 7.84 511.87 7889424
greedy 1e4 2 69 - 6.55 265.92 10968572
dry 18e2 2 38 - 0.03 0.11 26052
aoDLAV 18e2 2 38 - 0.03 0.15 30376
aoULAV 18e2 2 38 - 0.03 0.15 30384
aoD2AG 18e2 2 38 - 0.03 0.15 30788
aoD2SG 18e2 2 38 - 0.03 0.14 30832
moore 18e2 2 38 - 0.06 13.39 125420
nbpm 18e2 2 38 - 0.16 7.44 334536
greedy 18e2 2 38 - 0.23 3.54 384352
dry 1e4 5 192 - 0.02 0.12 26900
aoDLAV 1e4 5 192 - 0.03 0.21 31116
aoULAV 1e4 5 192 - 0.02 0.21 31096
aoD2AG 1e4 5 192 - 0.02 0.22 32108
aoD2SG 1e4 5 192 - 0.02 0.24 32112
moore 1e4 5 192 - 1.19 1245.51 2961732
nbpm 1e4 5 192 - 7.32 767.86 7811452
greedy 1e4 5 192 - 6.36 291.55 10959184
dry 7e7 2 234 - 0.79 2.15 1397356
aoDLAV 7e7 2 234 - 5.80 413.68 10408936
aoULAV 7e7 2 234 - 7.56 457.40 10408936
aoD2AG 7e7 2 234 - 14.15 665.47 15303668
aoD2SG 7e7 2 234 - 14.38 742.49 15863604
dry 56e6 2 125 - 0.64 1.78 1123924
aoDLAV 56e6 2 125 - 4.83 335.71 8330844
aoULAV 56e6 2 125 - 5.81 356.06 8330820
aoD2AG 56e6 2 125 - 11.05 517.33 12246948
aoD2SG 56e6 2 125 - 11.70 582.52 12693896
dry 3e7 2 87 - 0.36 1.04 616108
aoDLAV 3e7 2 87 - 2.62 168.77 4471428
aoULAV 3e7 2 87 - 2.79 178.92 4471428
aoD2AG 3e7 2 87 - 6.03 248.16 6569532
aoD2SG 3e7 2 87 - 6.59 292.26 6808556
dry 56e6 2 237 - 0.64 1.77 1123924
aoDLAV 56e6 2 237 - 4.73 383.76 8330816
aoULAV 56e6 2 237 - 6.07 353.42 8330820
aoD2AG 56e6 2 237 - 10.48 487.34 12245164
aoD2SG 56e6 2 237 - 11.70 550.91 12692676
