dry 32e6 2 51 - 0.38 1.10 655176
aoDLAV 32e6 2 51 - 2.56 246.15 4768324
aoULAV 32e6 2 51 - 3.29 190.56 4768324
aoD2AG 32e6 2 51 - 6.12 270.10 7006040
aoD2SG 32e6 2 51 - 6.96 318.65 7261628
dry 1e4 10 218 - 0.02 0.12 27688
aoDLAV 1e4 10 218 - 0.02 0.67 32764
aoULAV 1e4 10 218 - 0.02 0.67 32776
aoD2AG 1e4 10 218 - 0.02 0.70 32744
aoD2SG 1e4 10 218 - 0.03 0.76 34176
moore 1e4 10 218 - 1.14 909.40 2963852
nbpm 1e4 10 218 - 7.35 721.18 7764392
greedy 1e4 10 218 - 6.84 276.54 10961108
dry 3e7 2 117 - 0.35 1.04 616108
aoDLAV 3e7 2 117 - 2.64 208.87 4471432
aoULAV 3e7 2 117 - 3.34 180.10 4471428
aoD2AG 3e7 2 117 - 6.34 261.30 6570256
aoD2SG 3e7 2 117 - 5.77 303.55 6808836
dry 18e6 2 174 - 0.24 0.71 381740
aoDLAV 18e6 2 174 - 1.67 104.39 2690196
aoULAV 18e6 2 174 - 2.07 104.94 2690192
aoD2AG 18e6 2 174 - 3.37 147.05 3948724
aoD2SG 18e6 2 174 - 3.74 166.83 4091648
dry 50e2 2 33 - 0.02 0.12 26204
aoDLAV 50e2 2 33 - 0.03 0.15 30852
aoULAV 50e2 2 33 - 0.03 0.15 30860
aoD2AG 50e2 2 33 - 0.02 0.17 31792
aoD2SG 50e2 2 33 - 0.03 0.17 31880
moore 50e2 2 33 - 0.45 146.72 764624
nbpm 50e2 2 33 - 1.94 56.79 2011920
greedy 50e2 2 33 - 1.57 59.79 2764780
dry 56e6 2 35 - 0.63 1.81 1123924
aoDLAV 56e6 2 35 - 4.80 340.14 8330816
aoULAV 56e6 2 35 - 6.38 351.10 8330820
aoD2AG 56e6 2 35 - 10.88 493.63 12245704
aoD2SG 56e6 2 35 - 12.00 589.04 12692856
dry 18e6 2 210 - 0.24 0.68 381740
aoDLAV 18e6 2 210 - 1.61 94.35 2690248
aoULAV 18e6 2 210 - 1.91 99.58 2690192
aoD2AG 18e6 2 210 - 3.17 153.56 3950072
aoD2SG 18e6 2 210 - 3.42 165.40 4095116
dry 2e7 2 137 - 0.26 0.74 420796
aoDLAV 2e7 2 137 - 1.80 108.13 2987068
aoULAV 2e7 2 137 - 1.71 114.77 2987068
aoD2AG 2e7 2 137 - 3.92 156.42 4387040
aoD2SG 2e7 2 137 - 3.73 191.85 4547292
dry 56e6 2 24 - 0.61 1.77 1123924
aoDLAV 56e6 2 24 - 4.53 329.54 8330816
aoULAV 56e6 2 24 - 5.95 354.37 8330816
aoD2AG 56e6 2 24 - 11.17 642.88 12246644
aoD2SG 56e6 2 24 - 11.76 607.88 12694848
dry 1e4 2 168 - 0.02 0.13 26436
aoDLAV 1e4 2 168 - 0.03 0.18 31864
aoULAV 1e4 2 168 - 0.03 0.18 31876
aoD2AG 1e4 2 168 - 0.04 0.18 31880
aoD2SG 1e4 2 168 - 0.05 0.18 31988
moore 1e4 2 168 - 1.15 1221.48 2960580
nbpm 1e4 2 168 - 7.60 415.92 7889420
greedy 1e4 2 168 - 6.71 272.88 10968572
dry 2e7 2 54 - 0.25 0.75 420800
aoDLAV 2e7 2 54 - 1.77 110.47 2987068
aoULAV 2e7 2 54 - 1.80 113.93 2987072
aoD2AG 2e7 2 54 - 4.00 155.05 4387680
aoD2SG 2e7 2 54 - 3.71 182.45 4544736
dry 1e4 2 139 - 0.03 0.12 27952
aoDLAV 1e4 2 139 - 0.03 0.18 31864
aoULAV 1e4 2 139 - 0.04 0.18 31876
aoD2AG 1e4 2 139 - 0.04 0.19 31876
aoD2SG 1e4 2 139 - 0.03 0.20 31992
moore 1e4 2 139 - 1.17 1260.69 2960572
nbpm 1e4 2 139 - 7.71 382.37 7889420
greedy 1e4 2 139 - 6.47 273.75 10968568
dry 32e2 2 30 - 0.03 0.12 26116
aoDLAV 32e2 2 30 - 0.03 0.16 30540
aoULAV 32e2 2 30 - 0.03 0.15 30552
aoD2AG 32e2 2 30 - 0.03 0.16 31208
aoD2SG 32e2 2 30 - 0.03 0.16 31260
moore 32e2 2 30 - 0.32 73.91 330520
nbpm 32e2 2 30 - 0.89 19.55 854760
greedy 32e2 2 30 - 0.67 23.79 1150164
dry 1e4 5 175 - 0.02 0.13 27952
aoDLAV 1e4 5 175 - 0.03 0.24 31084
aoULAV 1e4 5 175 - 0.03 0.24 31096
aoD2AG 1e4 5 175 - 0.03 0.25 32108
aoD2SG 1e4 5 175 - 0.03 0.26 32112
moore 1e4 5 175 - 1.16 1295.09 2961748
nbpm 1e4 5 175 - 7.91 611.23 7811448
greedy 1e4 5 175 - 6.56 301.01 10959184
dry 1e4 5 29 - 0.02 0.13 26900
aoDLAV 1e4 5 29 - 0.04 0.22 31084
aoULAV 1e4 5 29 - 0.03 0.23 31096
aoD2AG 1e4 5 29 - 0.04 0.25 32108
aoD2SG 1e4 5 29 - 0.03 0.26 32112
moore 1e4 5 29 - 1.30 1017.81 2961736
nbpm 1e4 5 29 - 7.46 619.37 7811456
greedy 1e4 5 29 - 6.43 291.70 10959176
dry 1e4 5 42 - 0.02 0.13 28784
aoDLAV 1e4 5 42 - 0.03 0.22 31088
aoULAV 1e4 5 42 - 0.02 0.22 31100
aoD2AG 1e4 5 42 - 0.03 0.22 32108
aoD2SG 1e4 5 42 - 0.04 0.22 32108
moore 1e4 5 42 - 1.19 1113.32 2961736
nbpm 1e4 5 42 - 7.57 588.02 7811452
greedy 1e4 5 42 - 6.66 362.86 10959172
dry 3e7 2 115 - 0.37 1.05 616104
aoDLAV 3e7 2 115 - 2.73 178.68 4471428
aoULAV 3e7 2 115 - 2.60 176.72 4471428
aoD2AG 3e7 2 115 - 5.72 248.66 6570408
aoD2SG 3e7 2 115 - 6.20 292.39 6811964
dry 56e6 2 83 - 0.65 1.74 1123924
aoDLAV 56e6 2 83 - 4.76 334.56 8330816
aoULAV 56e6 2 83 - 6.06 358.07 8330816
aoD2AG 56e6 2 83 - 10.88 514.30 12246048
aoD2SG 56e6 2 83 - 12.09 609.86 12692248
dry 18e2 2 224 - 0.02 0.13 26048
aoDLAV 18e2 2 224 - 0.03 0.15 30376
aoULAV 18e2 2 224 - 0.04 0.15 30384
aoD2AG 18e2 2 224 - 0.03 0.15 30784
aoD2SG 18e2 2 224 - 0.03 0.15 30820
moore 18e2 2 224 - 0.06 10.88 125444
nbpm 18e2 2 224 - 0.21 7.98 334536
greedy 18e2 2 224 - 0.24 5.18 384352
dry 2e7 2 48 - 0.25 0.75 420796
aoDLAV 2e7 2 48 - 1.73 103.74 2987068
aoULAV 2e7 2 48 - 2.18 112.44 2987068
aoD2AG 2e7 2 48 - 3.56 159.11 4386352
aoD2SG 2e7 2 48 - 3.87 181.85 4546652
dry 32e6 2 164 - 0.41 1.07 655180
aoDLAV 32e6 2 164 - 2.58 175.44 4768352
aoULAV 32e6 2 164 - 3.63 194.32 4768328
aoD2AG 32e6 2 164 - 5.84 264.48 7005256
aoD2SG 32e6 2 164 - 6.84 322.54 7261792
dry 1e4 5 116 - 0.03 0.12 26900
aoDLAV 1e4 5 116 - 0.03 0.21 31084
aoULAV 1e4 5 116 - 0.02 0.22 31096
aoD2AG 1e4 5 116 - 0.03 0.22 32108
aoD2SG 1e4 5 116 - 0.03 0.23 32108
moore 1e4 5 116 - 1.15 978.78 2961736
nbpm 1e4 5 116 - 7.70 658.30 7811452
greedy 1e4 5 116 - 6.07 296.89 10959176
dry 4e7 2 142 - 0.45 1.33 811424
aoDLAV 4e7 2 142 - 3.34 232.58 5955816
aoULAV 4e7 2 142 - 4.43 248.20 5955820
aoD2AG 4e7 2 142 - 8.10 356.85 8753160
aoD2SG 4e7 2 142 - 8.16 410.48 9073232
dry 4e7 2 94 - 0.46 1.31 811424
aoDLAV 4e7 2 94 - 3.25 231.17 5955816
aoULAV 4e7 2 94 - 4.49 242.42 5955820
aoD2AG 4e7 2 94 - 7.65 338.18 8752764
aoD2SG 4e7 2 94 - 8.18 400.37 9072428
dry 32e2 2 67 - 0.01 0.13 26116
aoDLAV 32e2 2 67 - 0.03 0.15 30544
aoULAV 32e2 2 67 - 0.03 0.14 30556
aoD2AG 32e2 2 67 - 0.03 0.14 31212
aoD2SG 32e2 2 67 - 0.03 0.15 31264
moore 32e2 2 67 - 0.18 46.61 330520
nbpm 32e2 2 67 - 0.84 19.67 854760
greedy 32e2 2 67 - 0.72 21.78 1150168
dry 25e2 2 139 - 0.02 0.12 26084
aoDLAV 25e2 2 139 - 0.02 0.15 30452
aoULAV 25e2 2 139 - 0.04 0.16 30464
aoD2AG 25e2 2 139 - 0.03 0.16 30980
aoD2SG 25e2 2 139 - 0.03 0.15 31048
moore 25e2 2 139 - 0.11 24.18 213604
nbpm 25e2 2 139 - 0.58 12.40 541644
greedy 25e2 2 139 - 0.45 10.10 713664
dry 25e2 2 241 - 0.01 0.13 26080
aoDLAV 25e2 2 241 - 0.02 0.16 30452
aoULAV 25e2 2 241 - 0.03 0.15 30464
aoD2AG 25e2 2 241 - 0.02 0.16 31024
aoD2SG 25e2 2 241 - 0.02 0.16 31020
moore 25e2 2 241 - 0.10 35.65 213604
nbpm 25e2 2 241 - 0.59 12.64 541644
greedy 25e2 2 241 - 0.47 11.28 713664
dry 1e4 5 193 - 0.03 0.12 26900
aoDLAV 1e4 5 193 - 0.04 0.21 31084
aoULAV 1e4 5 193 - 0.03 0.23 31096
aoD2AG 1e4 5 193 - 0.04 0.24 32108
aoD2SG 1e4 5 193 - 0.03 0.25 32108
moore 1e4 5 193 - 1.18 955.56 2961732
nbpm 1e4 5 193 - 7.49 613.88 7811448
greedy 1e4 5 193 - 6.72 297.61 10959172
dry 75e2 2 15 - 0.03 0.11 26328
aoDLAV 75e2 2 15 - 0.03 0.15 31428
aoULAV 75e2 2 15 - 0.04 0.15 31388
aoD2AG 75e2 2 15 - 0.02 0.18 31380
aoD2SG 75e2 2 15 - 0.03 0.18 31380
moore 75e2 2 15 - 0.71 374.20 1683872
nbpm 75e2 2 15 - 4.14 186.09 4242124
greedy 75e2 2 15 - 3.57 152.85 6183088
dry 4e7 2 143 - 0.47 1.32 811428
aoDLAV 4e7 2 143 - 3.33 223.59 5955816
aoULAV 4e7 2 143 - 4.57 291.88 5955816
aoD2AG 4e7 2 143 - 8.21 355.38 8754672
aoD2SG 4e7 2 143 - 8.33 404.00 9072016
dry 6e7 2 192 - 0.66 1.93 1202044
aoDLAV 6e7 2 192 - 5.23 358.91 8924560
aoULAV 6e7 2 192 - 6.96 385.27 8924560
aoD2AG 6e7 2 192 - 11.95 548.14 13121432
aoD2SG 6e7 2 192 - 12.40 638.30 13597852
dry 6e7 2 170 - 0.66 1.94 1202044
aoDLAV 6e7 2 170 - 4.96 350.07 8924560
aoULAV 6e7 2 170 - 6.40 378.78 8924564
aoD2AG 6e7 2 170 - 11.59 546.91 13120344
aoD2SG 6e7 2 170 - 12.47 628.27 13600932
dry 1e4 10 139 - 0.03 0.12 27688
aoDLAV 1e4 10 139 - 0.04 0.69 32764
aoULAV 1e4 10 139 - 0.03 0.70 32776
aoD2AG 1e4 10 139 - 0.02 0.78 32748
aoD2SG 1e4 10 139 - 0.03 0.79 34180
moore 1e4 10 139 - 1.21 948.87 2963856
nbpm 1e4 10 139 - 7.84 1078.03 7764392
greedy 1e4 10 139 - 6.84 274.50 10961108
dry 18e6 2 171 - 0.28 0.68 381736
aoDLAV 18e6 2 171 - 1.47 94.62 2690196
aoULAV 18e6 2 171 - 1.53 105.76 2690192
aoD2AG 18e6 2 171 - 3.56 142.40 3949844
aoD2SG 18e6 2 171 - 3.38 176.98 4094884
dry 5e7 2 230 - 0.56 1.60 1006736
aoDLAV 5e7 2 230 - 4.40 294.86 7440196
aoULAV 5e7 2 230 - 5.40 319.41 7440192
aoD2AG 5e7 2 230 - 10.07 498.43 10936776
aoD2SG 5e7 2 230 - 10.57 552.33 11335828
dry 56e6 2 135 - 0.65 1.82 1123960
aoDLAV 56e6 2 135 - 5.04 419.48 8330816
aoULAV 56e6 2 135 - 6.06 355.71 8330816
aoD2AG 56e6 2 135 - 11.02 500.07 12247184
aoD2SG 56e6 2 135 - 11.51 588.35 12694364
dry 25e2 2 138 - 0.03 0.12 28096
aoDLAV 25e2 2 138 - 0.02 0.15 30456
aoULAV 25e2 2 138 - 0.03 0.15 30468
aoD2AG 25e2 2 138 - 0.03 0.16 30988
aoD2SG 25e2 2 138 - 0.03 0.15 31020
moore 25e2 2 138 - 0.10 29.14 213608
nbpm 25e2 2 138 - 0.55 12.56 541644
greedy 25e2 2 138 - 0.40 11.44 713664
dry 32e2 2 127 - 0.02 0.12 26112
aoDLAV 32e2 2 127 - 0.04 0.14 30540
aoULAV 32e2 2 127 - 0.02 0.15 30552
aoD2AG 32e2 2 127 - 0.03 0.15 31184
aoD2SG 32e2 2 127 - 0.03 0.15 31260
moore 32e2 2 127 - 0.16 33.97 330512
nbpm 32e2 2 127 - 0.84 22.08 854748
greedy 32e2 2 127 - 0.67 22.05 1150168
dry 32e2 2 76 - 0.02 0.12 26116
aoDLAV 32e2 2 76 - 0.03 0.14 30544
aoULAV 32e2 2 76 - 0.03 0.15 30552
aoD2AG 32e2 2 76 - 0.02 0.16 31204
aoD2SG 32e2 2 76 - 0.02 0.16 31276
moore 32e2 2 76 - 0.33 74.40 330524
nbpm 32e2 2 76 - 0.90 19.40 854760
greedy 32e2 2 76 - 0.75 21.13 1150168
dry 5e7 2 130 - 0.54 1.61 1006736
aoDLAV 5e7 2 130 - 4.16 287.07 7440192
aoULAV 5e7 2 130 - 5.47 303.69 7440196
aoD2AG 5e7 2 130 - 9.73 442.10 10937696
aoD2SG 5e7 2 130 - 10.09 505.70 11338016
dry 56e6 2 73 - 0.62 1.76 1123960
aoDLAV 56e6 2 73 - 4.58 369.41 8330820
aoULAV 56e6 2 73 - 6.20 352.33 8330816
aoD2AG 56e6 2 73 - 11.82 511.16 12245816
aoD2SG 56e6 2 73 - 12.23 598.55 12693712
dry 7e7 2 16 - 0.86 2.22 1397360
aoDLAV 7e7 2 16 - 6.06 422.98 10408936
aoULAV 7e7 2 16 - 7.72 445.29 10408936
aoD2AG 7e7 2 16 - 13.86 652.89 15303572
aoD2SG 7e7 2 16 - 15.38 960.92 15862392
dry 1e4 2 229 - 0.03 0.12 26432
aoDLAV 1e4 2 229 - 0.03 0.18 31868
aoULAV 1e4 2 229 - 0.03 0.18 31876
aoD2AG 1e4 2 229 - 0.04 0.18 31876
aoD2SG 1e4 2 229 - 0.03 0.19 31988
moore 1e4 2 229 - 1.14 1307.82 2960620
nbpm 1e4 2 229 - 7.47 343.55 7889416
greedy 1e4 2 229 - 6.65 279.77 10968572
dry 1e4 5 168 - 0.02 0.13 26900
aoDLAV 1e4 5 168 - 0.03 0.22 31088
aoULAV 1e4 5 168 - 0.03 0.22 31100
aoD2AG 1e4 5 168 - 0.04 0.22 32108
aoD2SG 1e4 5 168 - 0.04 0.23 32112
moore 1e4 5 168 - 1.13 1152.60 2961736
nbpm 1e4 5 168 - 7.49 635.63 7811480
greedy 1e4 5 168 - 7.04 295.45 10959172
dry 56e2 2 88 - 0.02 0.12 26240
aoDLAV 56e2 2 88 - 0.03 0.15 30976
aoULAV 56e2 2 88 - 0.03 0.15 30988
aoD2AG 56e2 2 88 - 0.02 0.18 31976
aoD2SG 56e2 2 88 - 0.03 0.17 31156
moore 56e2 2 88 - 0.80 245.05 952724
nbpm 56e2 2 88 - 2.35 89.67 2388088
greedy 56e2 2 88 - 2.20 84.87 3460488
dry 1e4 2 214 - 0.02 0.12 28316
aoDLAV 1e4 2 214 - 0.03 0.18 31864
aoULAV 1e4 2 214 - 0.04 0.17 31876
aoD2AG 1e4 2 214 - 0.03 0.19 31876
aoD2SG 1e4 2 214 - 0.04 0.17 31988
moore 1e4 2 214 - 1.19 1112.10 2960580
nbpm 1e4 2 214 - 7.64 351.23 7889424
greedy 1e4 2 214 - 6.96 262.51 10968568
dry 2e7 2 51 - 0.27 0.75 420796
aoDLAV 2e7 2 51 - 1.83 106.13 2987068
aoULAV 2e7 2 51 - 1.73 114.25 2987068
aoD2AG 2e7 2 51 - 3.57 169.72 4386308
aoD2SG 2e7 2 51 - 4.45 184.66 4545944
dry 3e7 2 120 - 0.40 1.03 616108
aoDLAV 3e7 2 120 - 2.54 162.69 4471428
aoULAV 3e7 2 120 - 2.62 174.88 4471428
aoD2AG 3e7 2 120 - 6.09 245.19 6571276
aoD2SG 3e7 2 120 - 6.42 291.35 6810532
dry 18e2 2 90 - 0.03 0.12 26052
aoDLAV 18e2 2 90 - 0.03 0.15 30372
aoULAV 18e2 2 90 - 0.03 0.15 30384
aoD2AG 18e2 2 90 - 0.03 0.15 30784
aoD2SG 18e2 2 90 - 0.04 0.15 30816
moore 18e2 2 90 - 0.08 11.86 125412
nbpm 18e2 2 90 - 0.22 8.31 334528
greedy 18e2 2 90 - 0.27 6.45 384364
dry 1e4 5 64 - 0.03 0.12 28888
aoDLAV 1e4 5 64 - 0.03 0.23 31084
aoULAV 1e4 5 64 - 0.04 0.22 31096
aoD2AG 1e4 5 64 - 0.03 0.24 32108
aoD2SG 1e4 5 64 - 0.02 0.25 32108
moore 1e4 5 64 - 1.21 1437.97 2961740
nbpm 1e4 5 64 - 7.83 821.19 7811448
greedy 1e4 5 64 - 6.52 298.59 10959176
dry 1e4 2 33 - 0.02 0.12 26436
aoDLAV 1e4 2 33 - 0.03 0.17 31864
aoULAV 1e4 2 33 - 0.03 0.18 31876
aoD2AG 1e4 2 33 - 0.04 0.17 31876
aoD2SG 1e4 2 33 - 0.03 0.18 31992
moore 1e4 2 33 - 1.11 1078.97 2960584
nbpm 1e4 2 33 - 7.75 368.15 7889428
greedy 1e4 2 33 - 6.22 255.09 10968568
