dry 275e2 2 54 - 0.02 0.11 27120
aoDLAV 275e2 2 54 - 0.02 0.20 31240
aoULAV 275e2 2 54 - 0.03 0.20 31576
aoD2AG 275e2 2 54 - 0.02 0.22 34696
aoD2SG 275e2 2 54 - 0.02 0.23 34812
dry 1e5 5 185 - 0.03 0.13 34476
aoDLAV 1e5 5 185 - 0.04 1.42 41816
aoULAV 1e5 5 185 - 0.04 1.42 43572
aoD2AG 1e5 5 185 - 0.05 1.54 53564
aoD2SG 1e5 5 185 - 0.05 1.75 53200
dry 1e2 2 69 - 0.02 0.12 25996
aoDLAV 1e2 2 69 - 0.02 0.14 30168
aoULAV 1e2 2 69 - 0.02 0.14 30180
aoD2AG 1e2 2 69 - 0.02 0.15 30328
aoD2SG 1e2 2 69 - 0.02 0.15 30332
moore 1e2 2 69 - 0.03 0.23 30480
nbpm 1e2 2 69 - 0.08 2.18 53000
greedy 1e2 2 69 - 0.03 0.14 30880
dry 18e1 2 129 - 0.02 0.12 26004
aoDLAV 18e1 2 129 - 0.02 0.14 30184
aoULAV 18e1 2 129 - 0.03 0.14 30196
aoD2AG 18e1 2 129 - 0.02 0.15 30348
aoD2SG 18e1 2 129 - 0.03 0.14 30364
moore 18e1 2 129 - 0.02 0.31 30488
nbpm 18e1 2 129 - 0.07 2.28 54440
greedy 18e1 2 129 - 0.02 0.16 33348
dry 18e1 2 189 - 0.02 0.11 26004
aoDLAV 18e1 2 189 - 0.03 0.13 30184
aoULAV 18e1 2 189 - 0.03 0.13 30200
aoD2AG 18e1 2 189 - 0.02 0.15 30356
aoD2SG 18e1 2 189 - 0.03 0.14 30368
moore 18e1 2 189 - 0.02 0.26 30496
nbpm 18e1 2 189 - 0.08 2.20 54444
greedy 18e1 2 189 - 0.03 0.15 33352
dry 1e2 5 126 - 0.02 0.12 25996
aoDLAV 1e2 5 126 - 0.03 0.14 30216
aoULAV 1e2 5 126 - 0.02 0.15 30224
aoD2AG 1e2 5 126 - 0.02 0.15 30384
aoD2SG 1e2 5 126 - 0.03 0.14 30392
moore 1e2 5 126 - 0.03 0.20 30492
nbpm 1e2 5 126 - 0.07 2.10 53016
greedy 1e2 5 126 - 0.03 0.14 30920
dry 1e6 5 135 - 0.05 0.26 73152
aoDLAV 1e6 5 135 - 0.15 17.85 252692
aoULAV 1e6 5 135 - 0.15 17.88 252692
aoD2AG 1e6 5 135 - 0.42 22.13 323844
aoD2SG 1e6 5 135 - 0.22 34.29 333388
dry 18e1 2 166 - 0.03 0.11 26008
aoDLAV 18e1 2 166 - 0.03 0.13 30188
aoULAV 18e1 2 166 - 0.03 0.14 30196
aoD2AG 18e1 2 166 - 0.03 0.13 30356
aoD2SG 18e1 2 166 - 0.03 0.14 30364
moore 18e1 2 166 - 0.03 0.22 30496
nbpm 18e1 2 166 - 0.09 2.20 54444
greedy 18e1 2 166 - 0.03 0.16 33348
dry 18e4 2 50 - 0.03 0.13 33108
aoDLAV 18e4 2 50 - 0.05 0.81 47860
aoULAV 18e4 2 50 - 0.05 0.77 47864
aoD2AG 18e4 2 50 - 0.06 1.02 58692
aoD2SG 18e4 2 50 - 0.06 1.17 59912
dry 300e2 2 76 - 0.03 0.11 30728
aoDLAV 300e2 2 76 - 0.03 0.23 31300
aoULAV 300e2 2 76 - 0.03 0.21 31892
aoD2AG 300e2 2 76 - 0.03 0.24 35060
aoD2SG 300e2 2 76 - 0.03 0.24 34716
dry 225e2 2 191 - 0.02 0.12 26924
aoDLAV 225e2 2 191 - 0.03 0.19 30984
aoULAV 225e2 2 191 - 0.03 0.20 30992
aoD2AG 225e2 2 191 - 0.03 0.21 33368
aoD2SG 225e2 2 191 - 0.03 0.22 33464
dry 1e5 2 62 - 0.03 0.13 30888
aoDLAV 1e5 2 62 - 0.04 0.42 34800
aoULAV 1e5 2 62 - 0.03 0.44 35320
aoD2AG 1e5 2 62 - 0.04 0.59 42600
aoD2SG 1e5 2 62 - 0.05 0.63 43804
dry 1e2 5 142 - 0.02 0.12 25996
aoDLAV 1e2 5 142 - 0.03 0.14 30212
aoULAV 1e2 5 142 - 0.03 0.14 30224
aoD2AG 1e2 5 142 - 0.03 0.14 30384
aoD2SG 1e2 5 142 - 0.03 0.14 30388
moore 1e2 5 142 - 0.03 0.20 30492
nbpm 1e2 5 142 - 0.07 2.15 53016
greedy 1e2 5 142 - 0.03 0.15 30924
dry 250e2 2 207 - 0.02 0.12 27952
aoDLAV 250e2 2 207 - 0.02 0.21 31108
aoULAV 250e2 2 207 - 0.02 0.21 31212
aoD2AG 250e2 2 207 - 0.04 0.21 33864
aoD2SG 250e2 2 207 - 0.04 0.22 33964
dry 350e2 2 141 - 0.02 0.12 29288
aoDLAV 350e2 2 141 - 0.03 0.23 31480
aoULAV 350e2 2 141 - 0.03 0.23 32264
aoD2AG 350e2 2 141 - 0.03 0.26 34852
aoD2SG 350e2 2 141 - 0.04 0.27 35136
dry 1e3 2 181 - 0.02 0.12 26020
aoDLAV 1e3 2 181 - 0.02 0.15 30280
aoULAV 1e3 2 181 - 0.03 0.14 30292
aoD2AG 1e3 2 181 - 0.02 0.14 30544
aoD2SG 1e3 2 181 - 0.03 0.14 30552
moore 1e3 2 181 - 0.05 3.61 59772
nbpm 1e3 2 181 - 0.12 4.04 138592
greedy 1e3 2 181 - 0.10 1.02 139244
dry 250e2 2 180 - 0.03 0.11 30624
aoDLAV 250e2 2 180 - 0.02 0.21 31108
aoULAV 250e2 2 180 - 0.03 0.20 31212
aoD2AG 250e2 2 180 - 0.02 0.22 33896
aoD2SG 250e2 2 180 - 0.03 0.22 33960
dry 5e4 5 245 - 0.02 0.13 31064
aoDLAV 5e4 5 245 - 0.03 0.70 34704
aoULAV 5e4 5 245 - 0.04 0.73 34708
aoD2AG 5e4 5 245 - 0.04 0.75 37728
aoD2SG 5e4 5 245 - 0.04 0.78 37936
dry 225e2 2 211 - 0.02 0.12 28840
aoDLAV 225e2 2 211 - 0.02 0.19 30980
aoULAV 225e2 2 211 - 0.03 0.20 30992
aoD2AG 225e2 2 211 - 0.03 0.20 33372
aoD2SG 225e2 2 211 - 0.03 0.22 33464
dry 400e2 2 64 - 0.03 0.11 27616
aoDLAV 400e2 2 64 - 0.03 0.24 32236
aoULAV 400e2 2 64 - 0.02 0.24 33116
aoD2AG 400e2 2 64 - 0.03 0.27 36072
aoD2SG 400e2 2 64 - 0.03 0.28 35928
dry 18e1 2 100 - 0.03 0.11 26004
aoDLAV 18e1 2 100 - 0.03 0.13 30188
aoULAV 18e1 2 100 - 0.03 0.14 30196
aoD2AG 18e1 2 100 - 0.03 0.14 30356
aoD2SG 18e1 2 100 - 0.03 0.14 30368
moore 18e1 2 100 - 0.02 0.33 30496
nbpm 18e1 2 100 - 0.08 2.18 54444
greedy 18e1 2 100 - 0.03 0.16 33348
dry 275e2 2 189 - 0.02 0.12 28860
aoDLAV 275e2 2 189 - 0.03 0.20 31240
aoULAV 275e2 2 189 - 0.02 0.21 31572
aoD2AG 275e2 2 189 - 0.03 0.23 34700
aoD2SG 275e2 2 189 - 0.03 0.23 34816
dry 375e2 2 222 - 0.02 0.12 27516
aoDLAV 375e2 2 222 - 0.04 0.23 31784
aoULAV 375e2 2 222 - 0.03 0.24 32600
aoD2AG 375e2 2 222 - 0.03 0.29 35516
aoD2SG 375e2 2 222 - 0.04 0.31 35532
dry 1e6 2 24 - 0.04 0.20 49708
aoDLAV 1e6 2 24 - 0.10 3.76 178456
aoULAV 1e6 2 24 - 0.12 3.97 178456
aoD2AG 1e6 2 24 - 0.21 5.72 234396
aoD2SG 1e6 2 24 - 0.24 6.49 242728
dry 1e6 5 69 - 0.05 0.29 73152
aoDLAV 1e6 5 69 - 0.15 19.77 252688
aoULAV 1e6 5 69 - 0.16 19.74 252688
aoD2AG 1e6 5 69 - 0.22 21.85 323556
aoD2SG 1e6 5 69 - 0.20 25.40 333260
dry 1e1 2 109 - 0.03 0.11 25996
aoDLAV 1e1 2 109 - 0.03 0.14 30160
aoULAV 1e1 2 109 - 0.03 0.14 30176
aoD2AG 1e1 2 109 - 0.03 0.14 30312
aoD2SG 1e1 2 109 - 0.03 0.14 30312
moore 1e1 2 109 - 0.03 0.18 30484
nbpm 1e1 2 109 - 0.07 2.15 49824
greedy 1e1 2 109 - 0.03 0.14 30124
dry 32e1 2 174 - 0.02 0.12 27952
aoDLAV 32e1 2 174 - 0.03 0.14 30196
aoULAV 32e1 2 174 - 0.03 0.13 30208
aoD2AG 32e1 2 174 - 0.02 0.14 30376
aoD2SG 32e1 2 174 - 0.04 0.13 30384
moore 32e1 2 174 - 0.03 0.46 33716
nbpm 32e1 2 174 - 0.08 2.35 58300
greedy 32e1 2 174 - 0.04 0.20 40976
dry 250e2 2 12 - 0.01 0.12 27020
aoDLAV 250e2 2 12 - 0.03 0.20 31108
aoULAV 250e2 2 12 - 0.03 0.19 31212
aoD2AG 250e2 2 12 - 0.02 0.23 33860
aoD2SG 250e2 2 12 - 0.04 0.22 33964
dry 1e6 10 36 - 0.08 0.42 112232
aoDLAV 1e6 10 36 - 1.30 408.66 369996
aoULAV 1e6 10 36 - 0.30 367.56 369892
aoD2AG 1e6 10 36 - 0.41 368.18 447808
aoD2SG 1e6 10 36 - 0.42 415.06 456680
dry 1e5 5 134 - 0.03 0.14 34480
aoDLAV 1e5 5 134 - 0.05 1.48 41816
aoULAV 1e5 5 134 - 0.04 1.51 43568
aoD2AG 1e5 5 134 - 0.05 1.79 53564
aoD2SG 1e5 5 134 - 0.05 2.00 53208
dry 1e3 5 136 - 0.03 0.11 26060
aoDLAV 1e3 5 136 - 0.02 0.15 30428
aoULAV 1e3 5 136 - 0.02 0.15 30440
aoD2AG 1e3 5 136 - 0.03 0.14 30744
aoD2SG 1e3 5 136 - 0.03 0.14 30756
moore 1e3 5 136 - 0.04 2.02 59828
nbpm 1e3 5 136 - 0.11 4.47 129244
greedy 1e3 5 136 - 0.09 1.04 139388
dry 1e3 5 44 - 0.02 0.12 26056
aoDLAV 1e3 5 44 - 0.02 0.16 30424
aoULAV 1e3 5 44 - 0.03 0.14 30440
aoD2AG 1e3 5 44 - 0.02 0.15 30740
aoD2SG 1e3 5 44 - 0.03 0.14 30768
moore 1e3 5 44 - 0.04 7.32 59804
nbpm 1e3 5 44 - 0.11 4.54 129244
greedy 1e3 5 44 - 0.09 1.04 139388
dry 1e6 2 114 - 0.04 0.20 49704
aoDLAV 1e6 2 114 - 0.10 3.83 178456
aoULAV 1e6 2 114 - 0.11 3.93 178460
aoD2AG 1e6 2 114 - 0.18 5.67 233940
aoD2SG 1e6 2 114 - 0.19 6.22 242864
dry 56e3 2 62 - 0.03 0.12 28236
aoDLAV 56e3 2 62 - 0.02 0.29 33476
aoULAV 56e3 2 62 - 0.03 0.28 34696
aoD2AG 56e3 2 62 - 0.04 0.34 37288
aoD2SG 56e3 2 62 - 0.04 0.36 37300
dry 32e1 2 81 - 0.02 0.11 26000
aoDLAV 32e1 2 81 - 0.02 0.14 30196
aoULAV 32e1 2 81 - 0.02 0.14 30208
aoD2AG 32e1 2 81 - 0.02 0.15 30376
aoD2SG 32e1 2 81 - 0.03 0.14 30388
moore 32e1 2 81 - 0.03 0.79 33684
nbpm 32e1 2 81 - 0.08 2.35 58308
greedy 32e1 2 81 - 0.03 0.21 40972
dry 1e6 10 115 - 0.07 0.39 112232
aoDLAV 1e6 10 115 - 0.20 368.36 369884
aoULAV 1e6 10 115 - 0.31 377.73 369888
aoD2AG 1e6 10 115 - 0.40 358.04 446992
aoD2SG 1e6 10 115 - 0.42 434.88 459400
dry 350e2 2 241 - 0.02 0.12 30832
aoDLAV 350e2 2 241 - 0.04 0.24 31480
aoULAV 350e2 2 241 - 0.03 0.24 32260
aoD2AG 350e2 2 241 - 0.04 0.26 34848
aoD2SG 350e2 2 241 - 0.03 0.28 35128
dry 5e4 10 195 - 0.03 0.14 33892
aoDLAV 5e4 10 195 - 0.04 7.65 40204
aoULAV 5e4 10 195 - 0.03 7.65 40200
aoD2AG 5e4 10 195 - 0.04 7.69 44984
aoD2SG 5e4 10 195 - 0.05 8.61 45000
dry 5e4 5 147 - 0.02 0.14 30356
aoDLAV 5e4 5 147 - 0.03 0.73 34704
aoULAV 5e4 5 147 - 0.04 0.73 34708
aoD2AG 5e4 5 147 - 0.04 0.78 37728
aoD2SG 5e4 5 147 - 0.04 0.86 37936
dry 1e5 5 2 - 0.03 0.13 34480
aoDLAV 1e5 5 2 - 0.04 1.56 41816
aoULAV 1e5 5 2 - 0.04 1.57 43572
aoD2AG 1e5 5 2 - 0.05 1.71 53560
aoD2SG 1e5 5 2 - 0.05 1.91 53284
dry 375e2 2 142 - 0.02 0.12 29444
aoDLAV 375e2 2 142 - 0.03 0.23 31788
aoULAV 375e2 2 142 - 0.03 0.24 32604
aoD2AG 375e2 2 142 - 0.03 0.27 35516
aoD2SG 375e2 2 142 - 0.03 0.28 35528
dry 32e1 2 207 - 0.02 0.12 26004
aoDLAV 32e1 2 207 - 0.02 0.14 30200
aoULAV 32e1 2 207 - 0.02 0.14 30208
aoD2AG 32e1 2 207 - 0.03 0.14 30380
aoD2SG 32e1 2 207 - 0.02 0.15 30388
moore 32e1 2 207 - 0.03 0.58 33688
nbpm 32e1 2 207 - 0.07 2.37 58308
greedy 32e1 2 207 - 0.02 0.22 40976
dry 1e3 10 220 - 0.02 0.12 26136
aoDLAV 1e3 10 220 - 0.03 0.16 30652
aoULAV 1e3 10 220 - 0.02 0.17 30668
aoD2AG 1e3 10 220 - 0.03 0.16 31068
aoD2SG 1e3 10 220 - 0.03 0.16 31100
moore 1e3 10 220 - 0.04 6.41 59844
nbpm 1e3 10 220 - 0.13 4.70 136140
greedy 1e3 10 220 - 0.09 1.03 139648
dry 1e3 5 206 - 0.02 0.12 26056
aoDLAV 1e3 5 206 - 0.03 0.14 30424
aoULAV 1e3 5 206 - 0.03 0.14 30440
aoD2AG 1e3 5 206 - 0.02 0.15 30740
aoD2SG 1e3 5 206 - 0.03 0.14 30768
moore 1e3 5 206 - 0.05 5.85 59800
nbpm 1e3 5 206 - 0.11 4.65 129244
greedy 1e3 5 206 - 0.09 1.00 139388
dry 32e1 2 40 - 0.02 0.11 26000
aoDLAV 32e1 2 40 - 0.02 0.14 30200
aoULAV 32e1 2 40 - 0.03 0.14 30212
aoD2AG 32e1 2 40 - 0.02 0.14 30376
aoD2SG 32e1 2 40 - 0.02 0.14 30388
moore 32e1 2 40 - 0.04 0.57 33676
nbpm 32e1 2 40 - 0.09 2.33 58300
greedy 32e1 2 40 - 0.03 0.22 40972
dry 1e3 2 9 - 0.02 0.12 26020
aoDLAV 1e3 2 9 - 0.02 0.15 30284
aoULAV 1e3 2 9 - 0.03 0.14 30292
aoD2AG 1e3 2 9 - 0.02 0.14 30540
aoD2SG 1e3 2 9 - 0.02 0.15 30556
moore 1e3 2 9 - 0.04 4.59 59780
nbpm 1e3 2 9 - 0.11 4.07 138576
greedy 1e3 2 9 - 0.07 1.02 139248
dry 32e1 2 167 - 0.02 0.12 26000
aoDLAV 32e1 2 167 - 0.02 0.14 30200
aoULAV 32e1 2 167 - 0.03 0.14 30208
aoD2AG 32e1 2 167 - 0.03 0.14 30380
aoD2SG 32e1 2 167 - 0.03 0.14 30384
moore 32e1 2 167 - 0.03 0.54 33684
nbpm 32e1 2 167 - 0.09 2.32 58312
greedy 32e1 2 167 - 0.03 0.21 40972
dry 5e4 10 156 - 0.03 0.13 33892
aoDLAV 5e4 10 156 - 0.03 7.49 40200
aoULAV 5e4 10 156 - 0.04 7.76 40200
aoD2AG 5e4 10 156 - 0.05 7.68 44984
aoD2SG 5e4 10 156 - 0.04 8.37 45000
dry 1e5 2 237 - 0.02 0.13 30916
aoDLAV 1e5 2 237 - 0.03 0.43 34800
aoULAV 1e5 2 237 - 0.03 0.43 35324
aoD2AG 1e5 2 237 - 0.04 0.55 42612
aoD2SG 1e5 2 237 - 0.04 0.61 43800
dry 56e4 2 57 - 0.03 0.18 41104
aoDLAV 56e4 2 57 - 0.07 1.97 107984
aoULAV 56e4 2 57 - 0.08 2.05 107984
aoD2AG 56e4 2 57 - 0.13 2.86 141720
aoD2SG 56e4 2 57 - 0.12 3.32 144892
dry 32e4 2 55 - 0.03 0.16 36424
aoDLAV 32e4 2 55 - 0.06 1.16 70828
aoULAV 32e4 2 55 - 0.07 1.23 70844
aoD2AG 32e4 2 55 - 0.07 1.70 88308
aoD2SG 32e4 2 55 - 0.08 1.85 91668
dry 325e2 2 146 - 0.03 0.11 27316
aoDLAV 325e2 2 146 - 0.03 0.22 31372
aoULAV 325e2 2 146 - 0.03 0.22 32084
aoD2AG 325e2 2 146 - 0.04 0.25 35004
aoD2SG 325e2 2 146 - 0.03 0.27 34760
dry 56e1 2 217 - 0.02 0.11 26008
aoDLAV 56e1 2 217 - 0.03 0.14 30220
aoULAV 56e1 2 217 - 0.02 0.15 30236
aoD2AG 56e1 2 217 - 0.03 0.14 30416
aoD2SG 56e1 2 217 - 0.02 0.15 30428
moore 56e1 2 217 - 0.04 1.31 39660
nbpm 56e1 2 217 - 0.10 3.11 78716
greedy 56e1 2 217 - 0.04 0.39 64104
dry 32e4 2 206 - 0.03 0.16 36424
aoDLAV 32e4 2 206 - 0.06 1.25 70832
aoULAV 32e4 2 206 - 0.06 1.28 70840
aoD2AG 32e4 2 206 - 0.07 1.75 88720
aoD2SG 32e4 2 206 - 0.09 1.90 91308
dry 56e4 2 109 - 0.03 0.18 41108
aoDLAV 56e4 2 109 - 0.07 1.98 107984
aoULAV 56e4 2 109 - 0.08 2.03 107984
aoD2AG 56e4 2 109 - 0.10 2.93 138968
aoD2SG 56e4 2 109 - 0.11 3.27 143256
dry 56e4 2 31 - 0.03 0.19 41104
aoDLAV 56e4 2 31 - 0.07 2.00 107984
aoULAV 56e4 2 31 - 0.09 2.09 107984
aoD2AG 56e4 2 31 - 0.12 2.97 138560
aoD2SG 56e4 2 31 - 0.12 3.28 146116
dry 350e2 2 196 - 0.03 0.12 27420
aoDLAV 350e2 2 196 - 0.02 0.22 31480
aoULAV 350e2 2 196 - 0.04 0.22 32256
aoD2AG 350e2 2 196 - 0.03 0.25 34852
aoD2SG 350e2 2 196 - 0.04 0.26 35132
dry 300e2 2 70 - 0.02 0.12 29180
aoDLAV 300e2 2 70 - 0.03 0.20 31296
aoULAV 300e2 2 70 - 0.04 0.20 31892
aoD2AG 300e2 2 70 - 0.03 0.24 35060
aoD2SG 300e2 2 70 - 0.02 0.26 34716
dry 225e2 2 11 - 0.02 0.11 26920
aoDLAV 225e2 2 11 - 0.02 0.20 30980
aoULAV 225e2 2 11 - 0.03 0.19 30996
aoD2AG 225e2 2 11 - 0.03 0.21 33368
aoD2SG 225e2 2 11 - 0.03 0.22 33468
dry 5e4 10 241 - 0.03 0.14 33888
aoDLAV 5e4 10 241 - 0.04 7.88 40200
aoULAV 5e4 10 241 - 0.04 7.90 40204
aoD2AG 5e4 10 241 - 0.05 7.98 44980
aoD2SG 5e4 10 241 - 0.04 8.90 44996
dry 5e4 5 32 - 0.03 0.13 31112
aoDLAV 5e4 5 32 - 0.03 0.76 34704
aoULAV 5e4 5 32 - 0.03 0.76 34708
aoD2AG 5e4 5 32 - 0.04 0.81 37728
aoD2SG 5e4 5 32 - 0.04 0.93 37932
dry 1e3 5 113 - 0.02 0.12 26056
aoDLAV 1e3 5 113 - 0.02 0.15 30424
aoULAV 1e3 5 113 - 0.03 0.15 30436
aoD2AG 1e3 5 113 - 0.03 0.14 30748
aoD2SG 1e3 5 113 - 0.03 0.14 30772
moore 1e3 5 113 - 0.05 5.66 59804
nbpm 1e3 5 113 - 0.10 4.30 129360
greedy 1e3 5 113 - 0.08 0.99 139388
dry 5e4 2 135 - 0.02 0.12 28024
aoDLAV 5e4 2 135 - 0.03 0.26 33012
aoULAV 5e4 2 135 - 0.04 0.31 33316
aoD2AG 5e4 2 135 - 0.03 0.34 36440
aoD2SG 5e4 2 135 - 0.04 0.34 36424
dry 300e2 2 249 - 0.02 0.12 27220
aoDLAV 300e2 2 249 - 0.04 0.20 31296
aoULAV 300e2 2 249 - 0.03 0.21 31892
aoD2AG 300e2 2 249 - 0.03 0.24 35060
aoD2SG 300e2 2 249 - 0.04 0.24 34712
dry 1e3 10 74 - 0.03 0.11 26140
aoDLAV 1e3 10 74 - 0.03 0.16 30652
aoULAV 1e3 10 74 - 0.02 0.16 30664
aoD2AG 1e3 10 74 - 0.03 0.16 31072
aoD2SG 1e3 10 74 - 0.03 0.16 31104
moore 1e3 10 74 - 0.04 4.86 59844
nbpm 1e3 10 74 - 0.12 4.65 136144
greedy 1e3 10 74 - 0.08 1.00 139616
dry 275e2 2 199 - 0.02 0.13 27120
aoDLAV 275e2 2 199 - 0.02 0.21 31240
aoULAV 275e2 2 199 - 0.03 0.20 31576
aoD2AG 275e2 2 199 - 0.03 0.23 34696
aoD2SG 275e2 2 199 - 0.02 0.24 34816
dry 325e2 2 54 - 0.02 0.12 27320
aoDLAV 325e2 2 54 - 0.03 0.21 31376
aoULAV 325e2 2 54 - 0.02 0.22 32084
aoD2AG 325e2 2 54 - 0.02 0.24 35004
aoD2SG 325e2 2 54 - 0.03 0.25 34764
dry 1e5 2 206 - 0.03 0.13 31820
aoDLAV 1e5 2 206 - 0.03 0.42 34800
aoULAV 1e5 2 206 - 0.04 0.46 35320
aoD2AG 1e5 2 206 - 0.04 0.58 42600
aoD2SG 1e5 2 206 - 0.05 0.64 43800
dry 1e6 2 41 - 0.04 0.19 49704
aoDLAV 1e6 2 41 - 0.12 3.54 178456
aoULAV 1e6 2 41 - 0.14 4.02 178456
aoD2AG 1e6 2 41 - 0.19 5.93 233292
aoD2SG 1e6 2 41 - 0.17 6.10 242812
dry 1e3 5 3 - 0.02 0.12 26056
aoDLAV 1e3 5 3 - 0.03 0.14 30424
aoULAV 1e3 5 3 - 0.03 0.14 30436
aoD2AG 1e3 5 3 - 0.02 0.15 30748
aoD2SG 1e3 5 3 - 0.03 0.15 30776
moore 1e3 5 3 - 0.04 3.34 59828
nbpm 1e3 5 3 - 0.10 4.52 129244
greedy 1e3 5 3 - 0.08 1.04 139388
dry 1e5 5 83 - 0.03 0.14 34476
aoDLAV 1e5 5 83 - 0.04 1.58 41816
aoULAV 1e5 5 83 - 0.04 1.60 43572
aoD2AG 1e5 5 83 - 0.05 1.76 53564
aoD2SG 1e5 5 83 - 0.04 1.93 53520
dry 375e2 2 249 - 0.02 0.12 29028
aoDLAV 375e2 2 249 - 0.03 0.23 31784
aoULAV 375e2 2 249 - 0.02 0.24 32604
aoD2AG 375e2 2 249 - 0.03 0.27 35516
aoD2SG 375e2 2 249 - 0.03 0.29 35528
dry 1e2 2 4 - 0.03 0.11 25992
aoDLAV 1e2 2 4 - 0.03 0.14 30168
aoULAV 1e2 2 4 - 0.03 0.15 30180
aoD2AG 1e2 2 4 - 0.03 0.14 30340
aoD2SG 1e2 2 4 - 0.03 0.14 30332
moore 1e2 2 4 - 0.04 0.20 30488
nbpm 1e2 2 4 - 0.07 2.13 53008
greedy 1e2 2 4 - 0.03 0.15 30880
dry 275e2 2 79 - 0.02 0.12 27124
aoDLAV 275e2 2 79 - 0.03 0.20 31240
aoULAV 275e2 2 79 - 0.03 0.20 31572
aoD2AG 275e2 2 79 - 0.03 0.23 34692
aoD2SG 275e2 2 79 - 0.04 0.23 34808
dry 5e4 10 201 - 0.03 0.13 33888
aoDLAV 5e4 10 201 - 0.04 8.15 40200
aoULAV 5e4 10 201 - 0.04 8.05 40200
aoD2AG 5e4 10 201 - 0.04 7.62 44980
aoD2SG 5e4 10 201 - 0.04 8.52 45000
dry 1e3 10 79 - 0.03 0.11 26136
aoDLAV 1e3 10 79 - 0.03 0.16 30652
aoULAV 1e3 10 79 - 0.02 0.17 30664
aoD2AG 1e3 10 79 - 0.04 0.15 31080
aoD2SG 1e3 10 79 - 0.03 0.17 31096
moore 1e3 10 79 - 0.04 9.13 59848
nbpm 1e3 10 79 - 0.12 4.88 136140
greedy 1e3 10 79 - 0.09 1.06 139616
dry 300e2 2 73 - 0.03 0.11 29176
aoDLAV 300e2 2 73 - 0.03 0.21 31300
aoULAV 300e2 2 73 - 0.03 0.22 31892
aoD2AG 300e2 2 73 - 0.03 0.25 35064
aoD2SG 300e2 2 73 - 0.02 0.26 34716
dry 400e2 2 237 - 0.02 0.12 27616
aoDLAV 400e2 2 237 - 0.03 0.25 32236
aoULAV 400e2 2 237 - 0.03 0.24 33112
aoD2AG 400e2 2 237 - 0.04 0.28 36072
aoD2SG 400e2 2 237 - 0.02 0.31 35928
dry 1e5 5 6 - 0.04 0.13 34476
aoDLAV 1e5 5 6 - 0.04 1.53 41816
aoULAV 1e5 5 6 - 0.05 1.53 43572
aoD2AG 1e5 5 6 - 0.05 1.68 53564
aoD2SG 1e5 5 6 - 0.05 1.90 53200
dry 1e2 10 167 - 0.03 0.11 26004
aoDLAV 1e2 10 167 - 0.03 0.14 30264
aoULAV 1e2 10 167 - 0.03 0.14 30276
aoD2AG 1e2 10 167 - 0.03 0.14 30440
aoD2SG 1e2 10 167 - 0.03 0.14 30448
moore 1e2 10 167 - 0.03 0.22 30496
nbpm 1e2 10 167 - 0.07 2.19 53080
greedy 1e2 10 167 - 0.02 0.15 30972
dry 275e2 2 127 - 0.02 0.12 27120
aoDLAV 275e2 2 127 - 0.03 0.21 31244
aoULAV 275e2 2 127 - 0.03 0.21 31572
aoD2AG 275e2 2 127 - 0.03 0.23 34696
aoD2SG 275e2 2 127 - 0.04 0.24 34812
dry 1e5 2 155 - 0.02 0.14 30524
aoDLAV 1e5 2 155 - 0.04 0.44 34804
aoULAV 1e5 2 155 - 0.03 0.46 35320
aoD2AG 1e5 2 155 - 0.04 0.58 42596
aoD2SG 1e5 2 155 - 0.03 0.66 43800
dry 350e2 2 118 - 0.03 0.12 29440
aoDLAV 350e2 2 118 - 0.02 0.24 31484
aoULAV 350e2 2 118 - 0.02 0.23 32260
aoD2AG 350e2 2 118 - 0.04 0.25 34852
aoD2SG 350e2 2 118 - 0.04 0.26 35132
dry 5e4 5 115 - 0.03 0.13 30552
aoDLAV 5e4 5 115 - 0.03 0.77 34708
aoULAV 5e4 5 115 - 0.03 0.78 34704
aoD2AG 5e4 5 115 - 0.04 0.78 37732
aoD2SG 5e4 5 115 - 0.03 0.86 37936
dry 56e4 2 33 - 0.03 0.19 41108
aoDLAV 56e4 2 33 - 0.07 2.15 107984
aoULAV 56e4 2 33 - 0.09 2.24 107984
aoD2AG 56e4 2 33 - 0.11 3.16 140396
aoD2SG 56e4 2 33 - 0.13 3.52 144136
dry 1e6 5 9 - 0.05 0.28 73156
aoDLAV 1e6 5 9 - 0.17 20.11 252692
aoULAV 1e6 5 9 - 0.15 20.32 252688
aoD2AG 1e6 5 9 - 0.21 22.31 323332
aoD2SG 1e6 5 9 - 0.21 25.76 332628
dry 1e2 10 46 - 0.03 0.11 26004
aoDLAV 1e2 10 46 - 0.02 0.14 30260
aoULAV 1e2 10 46 - 0.03 0.14 30272
aoD2AG 1e2 10 46 - 0.02 0.14 30440
aoD2SG 1e2 10 46 - 0.03 0.14 30448
moore 1e2 10 46 - 0.04 0.20 30496
nbpm 1e2 10 46 - 0.07 2.17 53076
greedy 1e2 10 46 - 0.03 0.14 30972
dry 350e2 2 11 - 0.02 0.12 27416
aoDLAV 350e2 2 11 - 0.03 0.22 31480
aoULAV 350e2 2 11 - 0.03 0.23 32260
aoD2AG 350e2 2 11 - 0.03 0.26 34848
aoD2SG 350e2 2 11 - 0.03 0.27 35144
dry 32e4 2 236 - 0.03 0.16 36424
aoDLAV 32e4 2 236 - 0.05 1.26 70828
aoULAV 32e4 2 236 - 0.06 1.25 70840
aoD2AG 32e4 2 236 - 0.07 1.76 88260
aoD2SG 32e4 2 236 - 0.08 1.96 91152
dry 350e2 2 228 - 0.02 0.12 27952
aoDLAV 350e2 2 228 - 0.02 0.23 31480
aoULAV 350e2 2 228 - 0.03 0.22 32260
aoD2AG 350e2 2 228 - 0.03 0.26 34844
aoD2SG 350e2 2 228 - 0.03 0.27 35128
dry 1e5 10 240 - 0.03 0.18 38396
aoDLAV 1e5 10 240 - 0.04 22.55 53536
aoULAV 1e5 10 240 - 0.05 22.49 55308
aoD2AG 1e5 10 240 - 0.05 22.94 62684
aoD2SG 1e5 10 240 - 0.07 25.98 66832
dry 1e5 10 151 - 0.03 0.18 38400
aoDLAV 1e5 10 151 - 0.05 22.48 53536
aoULAV 1e5 10 151 - 0.06 22.22 55312
aoD2AG 1e5 10 151 - 0.05 22.06 62644
aoD2SG 1e5 10 151 - 0.05 25.44 66832
dry 375e2 2 14 - 0.02 0.12 27516
aoDLAV 375e2 2 14 - 0.03 0.23 31784
aoULAV 375e2 2 14 - 0.03 0.24 32604
aoD2AG 375e2 2 14 - 0.03 0.28 35520
aoD2SG 375e2 2 14 - 0.04 0.28 35528
dry 56e1 2 31 - 0.03 0.11 26008
aoDLAV 56e1 2 31 - 0.03 0.14 30224
aoULAV 56e1 2 31 - 0.02 0.14 30232
aoD2AG 56e1 2 31 - 0.03 0.14 30416
aoD2SG 56e1 2 31 - 0.02 0.15 30424
moore 56e1 2 31 - 0.04 1.47 39652
nbpm 56e1 2 31 - 0.10 2.89 78704
greedy 56e1 2 31 - 0.04 0.39 64108
dry 1e6 5 206 - 0.05 0.28 73152
aoDLAV 1e6 5 206 - 0.14 19.10 252692
aoULAV 1e6 5 206 - 0.15 19.74 252688
aoD2AG 1e6 5 206 - 0.22 21.50 324928
aoD2SG 1e6 5 206 - 0.22 24.73 331652
dry 1e2 5 4 - 0.03 0.11 25996
aoDLAV 1e2 5 4 - 0.04 0.13 30212
aoULAV 1e2 5 4 - 0.03 0.14 30224
aoD2AG 1e2 5 4 - 0.02 0.15 30388
aoD2SG 1e2 5 4 - 0.02 0.14 30388
moore 1e2 5 4 - 0.02 0.25 30492
nbpm 1e2 5 4 - 0.07 2.16 53016
greedy 1e2 5 4 - 0.04 0.14 30920
dry 1e1 2 10 - 0.02 0.11 25992
aoDLAV 1e1 2 10 - 0.03 0.14 30160
aoULAV 1e1 2 10 - 0.02 0.15 30172
aoD2AG 1e1 2 10 - 0.02 0.14 30324
aoD2SG 1e1 2 10 - 0.03 0.14 30320
moore 1e1 2 10 - 0.03 0.18 30476
nbpm 1e1 2 10 - 0.07 2.13 49816
greedy 1e1 2 10 - 0.03 0.14 30160
dry 350e2 2 40 - 0.02 0.12 27416
aoDLAV 350e2 2 40 - 0.02 0.24 31480
aoULAV 350e2 2 40 - 0.03 0.23 32264
aoD2AG 350e2 2 40 - 0.03 0.26 34848
aoD2SG 350e2 2 40 - 0.04 0.27 35132
dry 56e4 2 88 - 0.03 0.19 41108
aoDLAV 56e4 2 88 - 0.08 2.08 107984
aoULAV 56e4 2 88 - 0.09 2.18 107984
aoD2AG 56e4 2 88 - 0.11 3.08 140216
aoD2SG 56e4 2 88 - 0.11 3.45 143836
dry 1e5 10 78 - 0.04 0.18 38400
aoDLAV 1e5 10 78 - 0.04 21.86 53536
aoULAV 1e5 10 78 - 0.05 22.03 55312
aoD2AG 1e5 10 78 - 0.07 22.70 62592
aoD2SG 1e5 10 78 - 0.06 25.52 66948
dry 56e4 2 20 - 0.04 0.18 41104
aoDLAV 56e4 2 20 - 0.08 2.08 107988
aoULAV 56e4 2 20 - 0.09 2.20 107984
aoD2AG 56e4 2 20 - 0.12 3.09 138524
aoD2SG 56e4 2 20 - 0.11 3.49 144592
dry 250e2 2 249 - 0.02 0.11 30624
aoDLAV 250e2 2 249 - 0.03 0.20 31108
aoULAV 250e2 2 249 - 0.03 0.20 31240
aoD2AG 250e2 2 249 - 0.03 0.22 33860
aoD2SG 250e2 2 249 - 0.03 0.23 33964
dry 1e3 2 48 - 0.02 0.12 26020
aoDLAV 1e3 2 48 - 0.03 0.14 30280
aoULAV 1e3 2 48 - 0.03 0.14 30292
aoD2AG 1e3 2 48 - 0.02 0.14 30540
aoD2SG 1e3 2 48 - 0.03 0.14 30556
moore 1e3 2 48 - 0.03 10.84 59776
nbpm 1e3 2 48 - 0.13 4.04 138560
greedy 1e3 2 48 - 0.07 1.04 139248
dry 1e1 2 24 - 0.02 0.11 25992
aoDLAV 1e1 2 24 - 0.03 0.14 30160
aoULAV 1e1 2 24 - 0.02 0.15 30172
aoD2AG 1e1 2 24 - 0.03 0.14 30324
aoD2SG 1e1 2 24 - 0.03 0.14 30328
moore 1e1 2 24 - 0.02 0.18 30484
nbpm 1e1 2 24 - 0.07 2.14 49824
greedy 1e1 2 24 - 0.02 0.15 30128
dry 32e1 2 71 - 0.02 0.12 26004
aoDLAV 32e1 2 71 - 0.03 0.14 30200
aoULAV 32e1 2 71 - 0.04 0.13 30212
aoD2AG 32e1 2 71 - 0.03 0.14 30376
aoD2SG 32e1 2 71 - 0.02 0.15 30384
moore 32e1 2 71 - 0.03 0.81 33676
nbpm 32e1 2 71 - 0.08 2.36 58300
greedy 32e1 2 71 - 0.03 0.21 40972
dry 32e3 2 218 - 0.02 0.12 27296
aoDLAV 32e3 2 218 - 0.03 0.22 31440
aoULAV 32e3 2 218 - 0.03 0.22 32148
aoD2AG 32e3 2 218 - 0.03 0.25 35020
aoD2SG 32e3 2 218 - 0.03 0.27 34788
dry 1e5 10 76 - 0.03 0.19 38396
aoDLAV 1e5 10 76 - 0.05 22.40 53540
aoULAV 1e5 10 76 - 0.05 22.39 55312
aoD2AG 1e5 10 76 - 0.05 22.18 62720
aoD2SG 1e5 10 76 - 0.05 25.02 66832
dry 18e4 2 221 - 0.03 0.14 33104
aoDLAV 18e4 2 221 - 0.04 0.77 47860
aoULAV 18e4 2 221 - 0.05 0.78 47860
aoD2AG 18e4 2 221 - 0.06 1.03 58640
aoD2SG 18e4 2 221 - 0.06 1.11 59864
dry 375e2 2 5 - 0.02 0.12 29480
aoDLAV 375e2 2 5 - 0.03 0.24 31788
aoULAV 375e2 2 5 - 0.03 0.24 32600
aoD2AG 375e2 2 5 - 0.03 0.27 35520
aoD2SG 375e2 2 5 - 0.03 0.29 35532
dry 5e4 10 96 - 0.04 0.13 33892
aoDLAV 5e4 10 96 - 0.08 7.64 40204
aoULAV 5e4 10 96 - 0.07 7.81 40204
aoD2AG 5e4 10 96 - 0.07 7.99 44980
aoD2SG 5e4 10 96 - 0.06 8.96 44996
dry 1e3 2 39 - 0.03 0.11 26020
aoDLAV 1e3 2 39 - 0.03 0.14 30280
aoULAV 1e3 2 39 - 0.03 0.14 30296
aoD2AG 1e3 2 39 - 0.02 0.15 30536
aoD2SG 1e3 2 39 - 0.02 0.15 30556
moore 1e3 2 39 - 0.05 4.07 59768
nbpm 1e3 2 39 - 0.11 4.11 138552
greedy 1e3 2 39 - 0.08 1.05 139244
dry 1e2 2 248 - 0.03 0.11 25992
aoDLAV 1e2 2 248 - 0.03 0.14 30168
aoULAV 1e2 2 248 - 0.02 0.15 30180
aoD2AG 1e2 2 248 - 0.02 0.15 30328
aoD2SG 1e2 2 248 - 0.03 0.14 30344
moore 1e2 2 248 - 0.03 0.22 30488
nbpm 1e2 2 248 - 0.07 2.18 53012
greedy 1e2 2 248 - 0.03 0.14 30884
dry 300e2 2 41 - 0.03 0.12 30724
aoDLAV 300e2 2 41 - 0.02 0.22 31296
aoULAV 300e2 2 41 - 0.03 0.22 31896
aoD2AG 300e2 2 41 - 0.02 0.25 35056
aoD2SG 300e2 2 41 - 0.02 0.26 34716
dry 5e4 5 102 - 0.03 0.13 31148
aoDLAV 5e4 5 102 - 0.04 0.76 34704
aoULAV 5e4 5 102 - 0.04 0.77 34764
aoD2AG 5e4 5 102 - 0.04 0.83 37724
aoD2SG 5e4 5 102 - 0.04 0.91 37936
dry 1e1 2 131 - 0.03 0.11 25996
aoDLAV 1e1 2 131 - 0.03 0.14 30164
aoULAV 1e1 2 131 - 0.03 0.14 30172
aoD2AG 1e1 2 131 - 0.03 0.14 30320
aoD2SG 1e1 2 131 - 0.03 0.14 30328
moore 1e1 2 131 - 0.03 0.18 30484
nbpm 1e1 2 131 - 0.08 2.15 49828
greedy 1e1 2 131 - 0.02 0.15 30124
dry 1e1 2 30 - 0.03 0.11 25992
aoDLAV 1e1 2 30 - 0.03 0.14 30160
aoULAV 1e1 2 30 - 0.03 0.14 30176
aoD2AG 1e1 2 30 - 0.02 0.15 30324
aoD2SG 1e1 2 30 - 0.03 0.15 30328
moore 1e1 2 30 - 0.03 0.18 30488
nbpm 1e1 2 30 - 0.07 2.16 49824
greedy 1e1 2 30 - 0.03 0.14 30124
dry 56e3 2 128 - 0.03 0.12 29988
aoDLAV 56e3 2 128 - 0.04 0.29 33476
aoULAV 56e3 2 128 - 0.03 0.32 34696
aoD2AG 56e3 2 128 - 0.03 0.37 37284
aoD2SG 56e3 2 128 - 0.03 0.41 37300
dry 1e3 10 178 - 0.02 0.12 26136
aoDLAV 1e3 10 178 - 0.02 0.16 30656
aoULAV 1e3 10 178 - 0.02 0.16 30668
aoD2AG 1e3 10 178 - 0.02 0.17 31068
aoD2SG 1e3 10 178 - 0.02 0.17 31080
moore 1e3 10 178 - 0.05 3.22 59868
nbpm 1e3 10 178 - 0.11 4.82 136140
greedy 1e3 10 178 - 0.07 1.05 139620
dry 250e2 2 193 - 0.02 0.12 27024
aoDLAV 250e2 2 193 - 0.02 0.20 31108
aoULAV 250e2 2 193 - 0.02 0.21 31212
aoD2AG 250e2 2 193 - 0.02 0.23 33860
aoD2SG 250e2 2 193 - 0.03 0.23 33968
dry 275e2 2 223 - 0.03 0.11 27120
aoDLAV 275e2 2 223 - 0.02 0.21 31240
aoULAV 275e2 2 223 - 0.04 0.20 31576
aoD2AG 275e2 2 223 - 0.04 0.23 34696
aoD2SG 275e2 2 223 - 0.03 0.24 34812
dry 5e4 10 102 - 0.03 0.13 33888
aoDLAV 5e4 10 102 - 0.05 8.24 40200
aoULAV 5e4 10 102 - 0.04 8.11 40200
aoD2AG 5e4 10 102 - 0.05 8.14 44980
aoD2SG 5e4 10 102 - 0.05 8.96 44996
dry 1e2 10 174 - 0.02 0.11 26008
aoDLAV 1e2 10 174 - 0.03 0.14 30260
aoULAV 1e2 10 174 - 0.02 0.14 30272
aoD2AG 1e2 10 174 - 0.03 0.14 30440
aoD2SG 1e2 10 174 - 0.02 0.14 30448
moore 1e2 10 174 - 0.03 0.22 30496
nbpm 1e2 10 174 - 0.08 2.13 53076
greedy 1e2 10 174 - 0.02 0.15 30972
dry 18e4 2 192 - 0.03 0.13 33104
aoDLAV 18e4 2 192 - 0.04 0.77 47864
aoULAV 18e4 2 192 - 0.04 0.84 47860
aoD2AG 18e4 2 192 - 0.05 1.10 58640
aoD2SG 18e4 2 192 - 0.05 1.12 59820
dry 1e5 5 44 - 0.03 0.14 34476
aoDLAV 1e5 5 44 - 0.04 1.61 41816
aoULAV 1e5 5 44 - 0.04 1.62 43568
aoD2AG 1e5 5 44 - 0.05 1.78 53560
aoD2SG 1e5 5 44 - 0.05 1.98 53196
dry 1e2 2 175 - 0.02 0.12 25992
aoDLAV 1e2 2 175 - 0.03 0.14 30168
aoULAV 1e2 2 175 - 0.03 0.14 30184
aoD2AG 1e2 2 175 - 0.03 0.14 30336
aoD2SG 1e2 2 175 - 0.03 0.14 30344
moore 1e2 2 175 - 0.03 0.23 30488
nbpm 1e2 2 175 - 0.08 2.15 53012
greedy 1e2 2 175 - 0.04 0.14 30880
dry 1e3 5 234 - 0.03 0.11 27952
aoDLAV 1e3 5 234 - 0.03 0.14 30424
aoULAV 1e3 5 234 - 0.03 0.14 30436
aoD2AG 1e3 5 234 - 0.03 0.15 30752
aoD2SG 1e3 5 234 - 0.03 0.15 30764
moore 1e3 5 234 - 0.05 3.46 59828
nbpm 1e3 5 234 - 0.13 4.54 129244
greedy 1e3 5 234 - 0.07 1.07 139388
dry 250e2 2 212 - 0.03 0.11 28828
aoDLAV 250e2 2 212 - 0.03 0.20 31108
aoULAV 250e2 2 212 - 0.02 0.21 31212
aoD2AG 250e2 2 212 - 0.04 0.22 33860
aoD2SG 250e2 2 212 - 0.03 0.24 33964
dry 325e2 2 68 - 0.03 0.12 29328
aoDLAV 325e2 2 68 - 0.03 0.22 31372
aoULAV 325e2 2 68 - 0.02 0.23 32084
aoD2AG 325e2 2 68 - 0.03 0.25 35000
aoD2SG 325e2 2 68 - 0.03 0.27 34764
dry 1e6 10 1 - 0.09 0.39 112232
aoDLAV 1e6 10 1 - 0.24 378.57 369884
aoULAV 1e6 10 1 - 0.29 501.41 369888
aoD2AG 1e6 10 1 - 0.42 394.70 447248
aoD2SG 1e6 10 1 - 0.42 455.84 456904
dry 400e2 2 194 - 0.02 0.12 30932
aoDLAV 400e2 2 194 - 0.03 0.24 32236
aoULAV 400e2 2 194 - 0.03 0.24 33112
aoD2AG 400e2 2 194 - 0.03 0.29 36072
aoD2SG 400e2 2 194 - 0.04 0.30 35932
dry 275e2 2 172 - 0.03 0.11 29028
aoDLAV 275e2 2 172 - 0.03 0.20 31240
aoULAV 275e2 2 172 - 0.03 0.21 31576
aoD2AG 275e2 2 172 - 0.04 0.23 34692
aoD2SG 275e2 2 172 - 0.04 0.24 34812
dry 5e4 10 65 - 0.04 0.13 33888
aoDLAV 5e4 10 65 - 0.05 8.08 40200
aoULAV 5e4 10 65 - 0.04 8.09 40200
aoD2AG 5e4 10 65 - 0.05 8.13 44976
aoD2SG 5e4 10 65 - 0.06 9.03 44996
dry 1e3 2 150 - 0.01 0.12 26024
aoDLAV 1e3 2 150 - 0.03 0.14 30280
aoULAV 1e3 2 150 - 0.03 0.14 30292
aoD2AG 1e3 2 150 - 0.03 0.15 30540
aoD2SG 1e3 2 150 - 0.03 0.14 30560
moore 1e3 2 150 - 0.05 5.58 59768
nbpm 1e3 2 150 - 0.15 4.18 138552
greedy 1e3 2 150 - 0.10 1.03 139288
dry 1e5 2 245 - 0.03 0.13 31152
aoDLAV 1e5 2 245 - 0.03 0.45 34800
aoULAV 1e5 2 245 - 0.04 0.48 35320
aoD2AG 1e5 2 245 - 0.04 0.58 42600
aoD2SG 1e5 2 245 - 0.04 0.65 43808
dry 350e2 2 22 - 0.02 0.12 27420
aoDLAV 350e2 2 22 - 0.03 0.23 31480
aoULAV 350e2 2 22 - 0.03 0.23 32264
aoD2AG 350e2 2 22 - 0.03 0.26 34852
aoD2SG 350e2 2 22 - 0.03 0.28 35132
dry 1e6 2 117 - 0.05 0.19 49704
aoDLAV 1e6 2 117 - 0.13 3.86 178456
aoULAV 1e6 2 117 - 0.13 3.97 178456
aoD2AG 1e6 2 117 - 0.18 5.66 234636
aoD2SG 1e6 2 117 - 0.19 6.40 241848
dry 1e5 10 193 - 0.04 0.18 38400
aoDLAV 1e5 10 193 - 0.05 22.19 53536
aoULAV 1e5 10 193 - 0.04 22.27 55316
aoD2AG 1e5 10 193 - 0.06 22.34 62648
aoD2SG 1e5 10 193 - 0.06 25.12 66832
dry 1e3 2 119 - 0.01 0.12 26020
aoDLAV 1e3 2 119 - 0.03 0.14 30280
aoULAV 1e3 2 119 - 0.03 0.14 30292
aoD2AG 1e3 2 119 - 0.02 0.15 30536
aoD2SG 1e3 2 119 - 0.02 0.15 30560
moore 1e3 2 119 - 0.04 4.73 59768
nbpm 1e3 2 119 - 0.12 4.02 138552
greedy 1e3 2 119 - 0.07 1.03 139244
dry 1e2 2 133 - 0.02 0.12 25992
aoDLAV 1e2 2 133 - 0.02 0.14 30168
aoULAV 1e2 2 133 - 0.03 0.14 30184
aoD2AG 1e2 2 133 - 0.03 0.14 30336
aoD2SG 1e2 2 133 - 0.04 0.13 30344
moore 1e2 2 133 - 0.03 0.22 30480
nbpm 1e2 2 133 - 0.09 2.13 53000
greedy 1e2 2 133 - 0.03 0.14 30884
dry 325e2 2 201 - 0.02 0.12 27316
aoDLAV 325e2 2 201 - 0.02 0.22 31372
aoULAV 325e2 2 201 - 0.04 0.21 32084
aoD2AG 325e2 2 201 - 0.03 0.25 35000
aoD2SG 325e2 2 201 - 0.03 0.26 34760
dry 1e3 10 6 - 0.02 0.11 26136
aoDLAV 1e3 10 6 - 0.03 0.16 30656
aoULAV 1e3 10 6 - 0.03 0.15 30668
aoD2AG 1e3 10 6 - 0.03 0.16 31060
aoD2SG 1e3 10 6 - 0.03 0.17 31096
moore 1e3 10 6 - 0.05 4.80 59840
nbpm 1e3 10 6 - 0.14 4.73 136140
greedy 1e3 10 6 - 0.08 1.04 139616
dry 275e2 2 196 - 0.03 0.12 30676
aoDLAV 275e2 2 196 - 0.03 0.21 31244
aoULAV 275e2 2 196 - 0.03 0.21 31568
aoD2AG 275e2 2 196 - 0.04 0.23 34696
aoD2SG 275e2 2 196 - 0.04 0.23 34812
dry 1e5 5 226 - 0.03 0.14 34476
aoDLAV 1e5 5 226 - 0.05 1.57 41816
aoULAV 1e5 5 226 - 0.05 1.56 43568
aoD2AG 1e5 5 226 - 0.05 1.70 53872
aoD2SG 1e5 5 226 - 0.05 1.90 53460
dry 32e4 2 175 - 0.03 0.16 36424
aoDLAV 32e4 2 175 - 0.08 1.22 70832
aoULAV 32e4 2 175 - 0.05 1.28 70840
aoD2AG 32e4 2 175 - 0.08 1.69 88508
aoD2SG 32e4 2 175 - 0.07 1.90 90940
dry 1e3 2 36 - 0.02 0.12 26020
aoDLAV 1e3 2 36 - 0.03 0.14 30280
aoULAV 1e3 2 36 - 0.02 0.15 30292
aoD2AG 1e3 2 36 - 0.03 0.15 30532
aoD2SG 1e3 2 36 - 0.02 0.15 30552
moore 1e3 2 36 - 0.04 3.51 59768
nbpm 1e3 2 36 - 0.13 4.02 138556
greedy 1e3 2 36 - 0.07 1.03 139248
dry 1e2 2 207 - 0.02 0.12 25992
aoDLAV 1e2 2 207 - 0.03 0.14 30168
aoULAV 1e2 2 207 - 0.02 0.15 30184
aoD2AG 1e2 2 207 - 0.02 0.15 30336
aoD2SG 1e2 2 207 - 0.03 0.14 30340
moore 1e2 2 207 - 0.03 0.19 30480
nbpm 1e2 2 207 - 0.08 2.13 53004
greedy 1e2 2 207 - 0.03 0.14 30884
dry 1e3 5 140 - 0.02 0.12 26060
aoDLAV 1e3 5 140 - 0.03 0.14 30428
aoULAV 1e3 5 140 - 0.03 0.15 30436
aoD2AG 1e3 5 140 - 0.03 0.15 30748
aoD2SG 1e3 5 140 - 0.03 0.15 30768
moore 1e3 5 140 - 0.04 2.98 59828
nbpm 1e3 5 140 - 0.13 4.62 129320
greedy 1e3 5 140 - 0.09 1.02 139388
dry 32e4 2 210 - 0.03 0.16 36428
aoDLAV 32e4 2 210 - 0.06 1.19 70832
aoULAV 32e4 2 210 - 0.06 1.24 70840
aoD2AG 32e4 2 210 - 0.07 1.69 88096
aoD2SG 32e4 2 210 - 0.07 1.92 90476
dry 1e5 2 230 - 0.02 0.14 31600
aoDLAV 1e5 2 230 - 0.04 0.43 34800
aoULAV 1e5 2 230 - 0.03 0.45 35324
aoD2AG 1e5 2 230 - 0.03 0.58 42600
aoD2SG 1e5 2 230 - 0.04 0.64 44088
dry 1e2 5 124 - 0.02 0.12 25996
aoDLAV 1e2 5 124 - 0.03 0.14 30212
aoULAV 1e2 5 124 - 0.02 0.14 30228
aoD2AG 1e2 5 124 - 0.02 0.15 30384
aoD2SG 1e2 5 124 - 0.03 0.14 30420
moore 1e2 5 124 - 0.02 0.25 30492
nbpm 1e2 5 124 - 0.08 2.14 53016
greedy 1e2 5 124 - 0.03 0.14 30920
dry 1e3 10 240 - 0.02 0.12 26140
aoDLAV 1e3 10 240 - 0.02 0.16 30652
aoULAV 1e3 10 240 - 0.03 0.16 30668
aoD2AG 1e3 10 240 - 0.03 0.16 31068
aoD2SG 1e3 10 240 - 0.03 0.16 31100
moore 1e3 10 240 - 0.05 4.80 59840
nbpm 1e3 10 240 - 0.12 4.78 136136
greedy 1e3 10 240 - 0.09 1.03 139620
dry 18e1 2 67 - 0.02 0.11 26004
aoDLAV 18e1 2 67 - 0.03 0.14 30184
aoULAV 18e1 2 67 - 0.02 0.15 30196
aoD2AG 18e1 2 67 - 0.03 0.13 30356
aoD2SG 18e1 2 67 - 0.03 0.14 30364
moore 18e1 2 67 - 0.03 0.31 30492
nbpm 18e1 2 67 - 0.09 2.14 54436
greedy 18e1 2 67 - 0.03 0.16 33348
dry 1e5 5 31 - 0.04 0.13 34476
aoDLAV 1e5 5 31 - 0.03 1.51 41820
aoULAV 1e5 5 31 - 0.05 1.51 43572
aoD2AG 1e5 5 31 - 0.05 1.63 53600
aoD2SG 1e5 5 31 - 0.05 1.86 53444
dry 1e3 2 58 - 0.02 0.12 26020
aoDLAV 1e3 2 58 - 0.03 0.15 30280
aoULAV 1e3 2 58 - 0.03 0.15 30296
aoD2AG 1e3 2 58 - 0.03 0.14 30544
aoD2SG 1e3 2 58 - 0.02 0.15 30552
moore 1e3 2 58 - 0.04 2.24 59804
nbpm 1e3 2 58 - 0.13 3.97 138564
greedy 1e3 2 58 - 0.08 1.01 139248
dry 5e4 5 133 - 0.03 0.13 31928
aoDLAV 5e4 5 133 - 0.03 0.71 34704
aoULAV 5e4 5 133 - 0.03 0.71 34704
aoD2AG 5e4 5 133 - 0.03 0.76 37728
aoD2SG 5e4 5 133 - 0.04 0.83 37940
dry 275e2 2 185 - 0.02 0.12 27120
aoDLAV 275e2 2 185 - 0.03 0.20 31240
aoULAV 275e2 2 185 - 0.03 0.20 31572
aoD2AG 275e2 2 185 - 0.03 0.24 34696
aoD2SG 275e2 2 185 - 0.03 0.24 34808
dry 300e2 2 188 - 0.03 0.11 27216
aoDLAV 300e2 2 188 - 0.03 0.21 31300
aoULAV 300e2 2 188 - 0.04 0.20 31892
aoD2AG 300e2 2 188 - 0.03 0.24 35056
aoD2SG 300e2 2 188 - 0.03 0.25 34716
dry 32e1 2 158 - 0.02 0.12 26000
aoDLAV 32e1 2 158 - 0.02 0.14 30200
aoULAV 32e1 2 158 - 0.02 0.15 30212
aoD2AG 32e1 2 158 - 0.03 0.14 30380
aoD2SG 32e1 2 158 - 0.03 0.14 30384
moore 32e1 2 158 - 0.03 0.95 33688
nbpm 32e1 2 158 - 0.07 2.37 58304
greedy 32e1 2 158 - 0.03 0.22 40972
dry 1e3 10 204 - 0.03 0.11 26136
aoDLAV 1e3 10 204 - 0.03 0.16 30652
aoULAV 1e3 10 204 - 0.03 0.16 30668
aoD2AG 1e3 10 204 - 0.04 0.16 31076
aoD2SG 1e3 10 204 - 0.03 0.17 31096
moore 1e3 10 204 - 0.03 3.88 59844
nbpm 1e3 10 204 - 0.12 4.70 136140
greedy 1e3 10 204 - 0.08 0.99 139616
dry 1e2 10 70 - 0.02 0.12 26004
aoDLAV 1e2 10 70 - 0.03 0.14 30260
aoULAV 1e2 10 70 - 0.03 0.14 30272
aoD2AG 1e2 10 70 - 0.02 0.15 30444
aoD2SG 1e2 10 70 - 0.02 0.15 30448
moore 1e2 10 70 - 0.02 0.22 30496
nbpm 1e2 10 70 - 0.06 2.09 53076
greedy 1e2 10 70 - 0.02 0.15 30972
dry 5e4 2 84 - 0.02 0.12 28048
aoDLAV 5e4 2 84 - 0.03 0.26 33008
aoULAV 5e4 2 84 - 0.03 0.26 33316
aoD2AG 5e4 2 84 - 0.03 0.32 36412
aoD2SG 5e4 2 84 - 0.03 0.35 36428
dry 56e3 2 160 - 0.02 0.12 28236
aoDLAV 56e3 2 160 - 0.02 0.28 33476
aoULAV 56e3 2 160 - 0.03 0.28 34700
aoD2AG 56e3 2 160 - 0.03 0.34 37284
aoD2SG 56e3 2 160 - 0.04 0.40 37304
dry 1e6 10 138 - 0.08 0.38 112232
aoDLAV 1e6 10 138 - 0.84 395.87 369884
aoULAV 1e6 10 138 - 0.31 384.19 369884
aoD2AG 1e6 10 138 - 0.38 422.39 446580
aoD2SG 1e6 10 138 - 0.45 468.89 456880
dry 1e2 5 61 - 0.02 0.12 26000
aoDLAV 1e2 5 61 - 0.03 0.14 30212
aoULAV 1e2 5 61 - 0.03 0.14 30224
aoD2AG 1e2 5 61 - 0.02 0.14 30384
aoD2SG 1e2 5 61 - 0.03 0.14 30388
moore 1e2 5 61 - 0.02 0.20 30492
nbpm 1e2 5 61 - 0.06 2.18 53016
greedy 1e2 5 61 - 0.03 0.15 30920
dry 1e2 2 249 - 0.02 0.12 25996
aoDLAV 1e2 2 249 - 0.03 0.14 30168
aoULAV 1e2 2 249 - 0.02 0.15 30184
aoD2AG 1e2 2 249 - 0.03 0.14 30332
aoD2SG 1e2 2 249 - 0.03 0.14 30340
moore 1e2 2 249 - 0.03 0.23 30480
nbpm 1e2 2 249 - 0.08 2.16 53000
greedy 1e2 2 249 - 0.03 0.14 30920
dry 32e1 2 128 - 0.02 0.12 26004
aoDLAV 32e1 2 128 - 0.02 0.15 30196
aoULAV 32e1 2 128 - 0.03 0.14 30208
aoD2AG 32e1 2 128 - 0.03 0.14 30376
aoD2SG 32e1 2 128 - 0.03 0.15 30384
moore 32e1 2 128 - 0.03 0.83 33684
nbpm 32e1 2 128 - 0.10 2.34 58308
greedy 32e1 2 128 - 0.04 0.21 40972
dry 5e4 10 173 - 0.03 0.13 33888
aoDLAV 5e4 10 173 - 0.04 7.88 40200
aoULAV 5e4 10 173 - 0.04 8.21 40204
aoD2AG 5e4 10 173 - 0.04 8.32 44984
aoD2SG 5e4 10 173 - 0.05 9.40 44996
dry 350e2 2 115 - 0.02 0.12 27416
aoDLAV 350e2 2 115 - 0.03 0.23 31480
aoULAV 350e2 2 115 - 0.03 0.23 32260
aoD2AG 350e2 2 115 - 0.04 0.26 34852
aoD2SG 350e2 2 115 - 0.03 0.28 35132
dry 18e1 2 234 - 0.02 0.12 26004
aoDLAV 18e1 2 234 - 0.03 0.14 30184
aoULAV 18e1 2 234 - 0.02 0.15 30196
aoD2AG 18e1 2 234 - 0.03 0.14 30360
aoD2SG 18e1 2 234 - 0.02 0.15 30364
moore 18e1 2 234 - 0.03 0.25 30488
nbpm 18e1 2 234 - 0.07 2.21 54440
greedy 18e1 2 234 - 0.03 0.15 33348
dry 1e5 5 63 - 0.02 0.14 34476
aoDLAV 1e5 5 63 - 0.04 1.61 41816
aoULAV 1e5 5 63 - 0.04 1.74 43572
aoD2AG 1e5 5 63 - 0.04 1.81 53832
aoD2SG 1e5 5 63 - 0.04 2.03 53208
dry 1e2 10 156 - 0.01 0.12 26004
aoDLAV 1e2 10 156 - 0.03 0.14 30260
aoULAV 1e2 10 156 - 0.02 0.15 30276
aoD2AG 1e2 10 156 - 0.03 0.14 30444
aoD2SG 1e2 10 156 - 0.03 0.14 30448
moore 1e2 10 156 - 0.02 0.25 30496
nbpm 1e2 10 156 - 0.08 2.18 53076
greedy 1e2 10 156 - 0.02 0.16 30976
dry 1e3 5 157 - 0.02 0.12 26056
aoDLAV 1e3 5 157 - 0.02 0.15 30424
aoULAV 1e3 5 157 - 0.03 0.14 30440
aoD2AG 1e3 5 157 - 0.02 0.15 30736
aoD2SG 1e3 5 157 - 0.03 0.15 30756
moore 1e3 5 157 - 0.03 5.11 59836
nbpm 1e3 5 157 - 0.10 4.57 129244
greedy 1e3 5 157 - 0.07 1.06 139388
dry 1e2 2 185 - 0.03 0.11 25996
aoDLAV 1e2 2 185 - 0.03 0.14 30168
aoULAV 1e2 2 185 - 0.03 0.14 30180
aoD2AG 1e2 2 185 - 0.02 0.15 30336
aoD2SG 1e2 2 185 - 0.02 0.15 30344
moore 1e2 2 185 - 0.03 0.21 30492
nbpm 1e2 2 185 - 0.08 2.16 53008
greedy 1e2 2 185 - 0.02 0.15 30884
dry 1e3 5 31 - 0.02 0.12 26056
aoDLAV 1e3 5 31 - 0.03 0.15 30428
aoULAV 1e3 5 31 - 0.03 0.15 30436
aoD2AG 1e3 5 31 - 0.02 0.15 30748
aoD2SG 1e3 5 31 - 0.02 0.15 30772
moore 1e3 5 31 - 0.04 7.78 59800
nbpm 1e3 5 31 - 0.12 4.63 129244
greedy 1e3 5 31 - 0.07 1.04 139388
dry 5e4 5 99 - 0.03 0.13 31444
aoDLAV 5e4 5 99 - 0.04 0.74 34704
aoULAV 5e4 5 99 - 0.02 0.78 34708
aoD2AG 5e4 5 99 - 0.04 0.83 37728
aoD2SG 5e4 5 99 - 0.04 0.87 37936
dry 56e4 2 128 - 0.03 0.19 41104
aoDLAV 56e4 2 128 - 0.06 2.08 107984
aoULAV 56e4 2 128 - 0.09 2.14 107988
aoD2AG 56e4 2 128 - 0.11 3.06 138732
aoD2SG 56e4 2 128 - 0.12 3.37 143588
dry 18e4 2 171 - 0.03 0.13 33104
aoDLAV 18e4 2 171 - 0.05 0.74 47860
aoULAV 18e4 2 171 - 0.04 0.75 47860
aoD2AG 18e4 2 171 - 0.05 0.97 58944
aoD2SG 18e4 2 171 - 0.06 1.11 59876
dry 18e4 2 145 - 0.02 0.14 33104
aoDLAV 18e4 2 145 - 0.03 0.76 47864
aoULAV 18e4 2 145 - 0.04 0.78 47860
aoD2AG 18e4 2 145 - 0.05 0.99 58644
aoD2SG 18e4 2 145 - 0.06 1.10 59908
dry 300e2 2 7 - 0.02 0.12 27220
aoDLAV 300e2 2 7 - 0.02 0.21 31296
aoULAV 300e2 2 7 - 0.03 0.21 31892
aoD2AG 300e2 2 7 - 0.03 0.23 35060
aoD2SG 300e2 2 7 - 0.03 0.24 34716
dry 1e2 2 129 - 0.02 0.12 25992
aoDLAV 1e2 2 129 - 0.03 0.14 30168
aoULAV 1e2 2 129 - 0.03 0.14 30180
aoD2AG 1e2 2 129 - 0.03 0.13 30336
aoD2SG 1e2 2 129 - 0.02 0.14 30340
moore 1e2 2 129 - 0.02 0.22 30488
nbpm 1e2 2 129 - 0.07 2.12 53008
greedy 1e2 2 129 - 0.03 0.14 30880
dry 275e2 2 89 - 0.02 0.11 30676
aoDLAV 275e2 2 89 - 0.03 0.20 31240
aoULAV 275e2 2 89 - 0.02 0.21 31572
aoD2AG 275e2 2 89 - 0.02 0.23 34696
aoD2SG 275e2 2 89 - 0.03 0.24 34812
dry 5e4 5 25 - 0.02 0.13 31612
aoDLAV 5e4 5 25 - 0.03 0.69 34708
aoULAV 5e4 5 25 - 0.03 0.71 34704
aoD2AG 5e4 5 25 - 0.03 0.81 37728
aoD2SG 5e4 5 25 - 0.03 0.87 37936
dry 1e6 10 246 - 0.06 0.40 112236
aoDLAV 1e6 10 246 - 0.20 373.16 369984
aoULAV 1e6 10 246 - 0.27 346.41 369884
aoD2AG 1e6 10 246 - 0.41 401.94 447060
aoD2SG 1e6 10 246 - 0.44 306.38 456568
