dry 56e6 2 170 - 0.58 1.74 1123928
aoDLAV 56e6 2 170 - 4.35 414.47 8330820
aoULAV 56e6 2 170 - 5.96 363.44 8330816
aoD2AG 56e6 2 170 - 10.93 503.25 12247812
aoD2SG 56e6 2 170 - 11.41 583.72 12693860
dry 5e7 2 240 - 0.64 1.59 1006736
aoDLAV 5e7 2 240 - 4.29 296.06 7440192
aoULAV 5e7 2 240 - 5.47 309.95 7440192
aoD2AG 5e7 2 240 - 9.87 438.42 10940232
aoD2SG 5e7 2 240 - 10.47 523.38 11339136
dry 1e4 5 69 - 0.03 0.13 26900
aoDLAV 1e4 5 69 - 0.03 0.22 31084
aoULAV 1e4 5 69 - 0.03 0.21 31096
aoD2AG 1e4 5 69 - 0.03 0.22 32108
aoD2SG 1e4 5 69 - 0.03 0.24 32108
moore 1e4 5 69 - 1.17 879.48 2961732
nbpm 1e4 5 69 - 7.40 638.14 7811460
greedy 1e4 5 69 - 6.13 293.24 10959176
dry 1e4 5 104 - 0.02 0.12 26900
aoDLAV 1e4 5 104 - 0.03 0.22 31084
aoULAV 1e4 5 104 - 0.03 0.21 31096
aoD2AG 1e4 5 104 - 0.03 0.23 32108
aoD2SG 1e4 5 104 - 0.04 0.23 32108
moore 1e4 5 104 - 1.18 1003.93 2961736
nbpm 1e4 5 104 - 8.03 655.55 7811452
greedy 1e4 5 104 - 6.94 298.52 10959172
dry 5e7 2 197 - 0.52 1.60 1006736
aoDLAV 5e7 2 197 - 4.11 305.95 7440192
aoULAV 5e7 2 197 - 5.49 315.62 7440192
aoD2AG 5e7 2 197 - 9.89 446.76 10936192
aoD2SG 5e7 2 197 - 10.78 535.17 11334872
dry 6e7 2 104 - 0.67 1.88 1202044
aoDLAV 6e7 2 104 - 5.02 352.54 8924564
aoULAV 6e7 2 104 - 6.70 385.97 8924564
aoD2AG 6e7 2 104 - 11.79 562.25 13121268
aoD2SG 6e7 2 104 - 12.64 636.53 13597448
dry 4e7 2 30 - 0.45 1.38 811424
aoDLAV 4e7 2 30 - 3.37 227.98 5955816
aoULAV 4e7 2 30 - 4.45 241.03 5955820
aoD2AG 4e7 2 30 - 7.28 349.16 8752288
aoD2SG 4e7 2 30 - 8.57 393.48 9075520
dry 3e7 2 7 - 0.35 1.06 616104
aoDLAV 3e7 2 7 - 2.56 164.98 4471432
aoULAV 3e7 2 7 - 3.30 192.02 4471428
aoD2AG 3e7 2 7 - 5.51 258.73 6571528
aoD2SG 3e7 2 7 - 6.47 316.27 6811056
dry 32e6 2 127 - 0.39 1.10 655176
aoDLAV 32e6 2 127 - 2.76 182.18 4768328
aoULAV 32e6 2 127 - 3.41 200.37 4768328
aoD2AG 32e6 2 127 - 5.51 272.62 7006292
aoD2SG 32e6 2 127 - 6.65 316.52 7262380
dry 7e7 2 36 - 0.77 2.19 1397356
aoDLAV 7e7 2 36 - 5.77 435.58 10408940
aoULAV 7e7 2 36 - 7.92 439.89 10408936
aoD2AG 7e7 2 36 - 14.65 639.02 15302712
aoD2SG 7e7 2 36 - 14.57 755.95 15861040
dry 50e2 2 27 - 0.03 0.12 26204
aoDLAV 50e2 2 27 - 0.04 0.17 30848
aoULAV 50e2 2 27 - 0.04 0.15 30864
aoD2AG 50e2 2 27 - 0.04 0.16 31792
aoD2SG 50e2 2 27 - 0.03 0.18 31912
moore 50e2 2 27 - 1.02 254.96 764620
nbpm 50e2 2 27 - 2.04 57.17 2011916
greedy 50e2 2 27 - 1.64 60.67 2764780
dry 2e7 2 164 - 0.24 0.75 420796
aoDLAV 2e7 2 164 - 1.74 107.62 2987068
aoULAV 2e7 2 164 - 1.68 113.52 2987068
aoD2AG 2e7 2 164 - 3.46 163.96 4386820
aoD2SG 2e7 2 164 - 4.18 187.25 4543948
dry 4e7 2 239 - 0.46 1.38 811424
aoDLAV 4e7 2 239 - 3.43 234.52 5955816
aoULAV 4e7 2 239 - 3.57 247.25 5955820
aoD2AG 4e7 2 239 - 7.61 342.48 8753644
aoD2SG 4e7 2 239 - 8.52 410.64 9072696
dry 6e7 2 213 - 0.73 1.94 1202044
aoDLAV 6e7 2 213 - 5.36 349.64 8924560
aoULAV 6e7 2 213 - 6.69 371.33 8924560
aoD2AG 6e7 2 213 - 11.96 533.96 13119868
aoD2SG 6e7 2 213 - 12.78 642.72 13597364
dry 7e7 2 245 - 0.83 2.24 1397360
aoDLAV 7e7 2 245 - 6.30 431.45 10408936
aoULAV 7e7 2 245 - 8.02 495.67 10408936
aoD2AG 7e7 2 245 - 14.14 658.43 15305064
aoD2SG 7e7 2 245 - 14.63 775.53 15864184
dry 50e2 2 84 - 0.03 0.11 26204
aoDLAV 50e2 2 84 - 0.03 0.14 30848
aoULAV 50e2 2 84 - 0.02 0.15 30860
aoD2AG 50e2 2 84 - 0.03 0.15 31800
aoD2SG 50e2 2 84 - 0.02 0.17 31876
moore 50e2 2 84 - 0.83 236.93 764632
nbpm 50e2 2 84 - 1.97 54.77 2011924
greedy 50e2 2 84 - 1.61 58.98 2764780
dry 32e6 2 22 - 0.37 1.08 655176
aoDLAV 32e6 2 22 - 2.63 179.48 4768324
aoULAV 32e6 2 22 - 2.74 183.99 4768324
aoD2AG 32e6 2 22 - 6.39 277.22 7007088
aoD2SG 32e6 2 22 - 6.75 322.60 7261356
dry 75e2 2 135 - 0.01 0.13 27952
aoDLAV 75e2 2 135 - 0.04 0.15 31376
aoULAV 75e2 2 135 - 0.02 0.17 31388
aoD2AG 75e2 2 135 - 0.03 0.18 31380
aoD2SG 75e2 2 135 - 0.03 0.18 31380
moore 75e2 2 135 - 0.95 429.77 1688784
nbpm 75e2 2 135 - 4.03 157.02 4242124
greedy 75e2 2 135 - 3.91 162.20 6183092
dry 56e2 2 189 - 0.02 0.13 26236
aoDLAV 56e2 2 189 - 0.03 0.16 30976
aoULAV 56e2 2 189 - 0.03 0.15 30988
aoD2AG 56e2 2 189 - 0.04 0.17 31964
aoD2SG 56e2 2 189 - 0.04 0.17 31124
moore 56e2 2 189 - 1.33 331.34 952724
nbpm 56e2 2 189 - 2.40 71.88 2388088
greedy 56e2 2 189 - 2.09 79.36 3460488
dry 56e2 2 47 - 0.03 0.12 26236
aoDLAV 56e2 2 47 - 0.02 0.16 30976
aoULAV 56e2 2 47 - 0.03 0.16 30988
aoD2AG 56e2 2 47 - 0.03 0.19 32000
aoD2SG 56e2 2 47 - 0.03 0.18 31128
moore 56e2 2 47 - 0.94 267.39 952724
nbpm 56e2 2 47 - 2.35 84.40 2388088
greedy 56e2 2 47 - 2.14 79.88 3460492
dry 75e2 2 159 - 0.03 0.12 26332
aoDLAV 75e2 2 159 - 0.03 0.17 31376
aoULAV 75e2 2 159 - 0.04 0.16 31392
aoD2AG 75e2 2 159 - 0.04 0.18 31380
aoD2SG 75e2 2 159 - 0.03 0.18 31380
moore 75e2 2 159 - 1.20 473.56 1688792
nbpm 75e2 2 159 - 4.10 169.94 4242136
greedy 75e2 2 159 - 4.11 153.00 6183092
dry 2e7 2 218 - 0.25 0.75 420800
aoDLAV 2e7 2 218 - 1.69 108.11 2987068
aoULAV 2e7 2 218 - 2.16 117.12 2987068
aoD2AG 2e7 2 218 - 3.68 162.53 4386896
aoD2SG 2e7 2 218 - 4.26 195.84 4544672
dry 25e2 2 228 - 0.02 0.12 26080
aoDLAV 25e2 2 228 - 0.03 0.15 30452
aoULAV 25e2 2 228 - 0.02 0.15 30464
aoD2AG 25e2 2 228 - 0.03 0.15 30992
aoD2SG 25e2 2 228 - 0.03 0.15 31040
moore 25e2 2 228 - 0.10 20.06 213632
nbpm 25e2 2 228 - 0.54 12.52 541644
greedy 25e2 2 228 - 0.45 11.11 713664
dry 75e2 2 123 - 0.03 0.13 26328
aoDLAV 75e2 2 123 - 0.03 0.16 31376
aoULAV 75e2 2 123 - 0.03 0.16 31392
aoD2AG 75e2 2 123 - 0.03 0.18 31384
aoD2SG 75e2 2 123 - 0.03 0.19 31380
moore 75e2 2 123 - 0.95 430.73 1688796
nbpm 75e2 2 123 - 4.09 163.88 4242128
greedy 75e2 2 123 - 3.69 151.85 6183092
dry 18e2 2 149 - 0.02 0.12 26048
aoDLAV 18e2 2 149 - 0.03 0.15 30372
aoULAV 18e2 2 149 - 0.03 0.15 30384
aoD2AG 18e2 2 149 - 0.02 0.16 30796
aoD2SG 18e2 2 149 - 0.02 0.16 30836
moore 18e2 2 149 - 0.05 8.61 125440
nbpm 18e2 2 149 - 0.18 7.68 334528
greedy 18e2 2 149 - 0.28 3.59 384356
dry 1e4 10 200 - 0.02 0.12 28948
aoDLAV 1e4 10 200 - 0.02 0.67 32764
aoULAV 1e4 10 200 - 0.03 0.67 32776
aoD2AG 1e4 10 200 - 0.03 0.69 32748
aoD2SG 1e4 10 200 - 0.02 0.77 34180
moore 1e4 10 200 - 1.08 958.99 2963856
nbpm 1e4 10 200 - 7.43 748.28 7764384
greedy 1e4 10 200 - 6.03 267.22 10961112
dry 56e2 2 212 - 0.02 0.12 26236
aoDLAV 56e2 2 212 - 0.04 0.14 30976
aoULAV 56e2 2 212 - 0.03 0.15 30988
aoD2AG 56e2 2 212 - 0.03 0.17 31972
aoD2SG 56e2 2 212 - 0.03 0.17 31120
moore 56e2 2 212 - 0.77 232.87 952724
nbpm 56e2 2 212 - 2.39 73.53 2388092
greedy 56e2 2 212 - 2.21 78.71 3460488
dry 56e6 2 188 - 0.64 1.78 1123924
aoDLAV 56e6 2 188 - 4.40 325.37 8330816
aoULAV 56e6 2 188 - 6.44 354.28 8330816
aoD2AG 56e6 2 188 - 11.57 517.85 12247552
aoD2SG 56e6 2 188 - 11.81 599.80 12696352
dry 50e2 2 129 - 0.02 0.12 26204
aoDLAV 50e2 2 129 - 0.03 0.15 30852
aoULAV 50e2 2 129 - 0.03 0.15 30864
aoD2AG 50e2 2 129 - 0.04 0.15 31764
aoD2SG 50e2 2 129 - 0.02 0.18 31856
moore 50e2 2 129 - 0.95 261.98 764640
nbpm 50e2 2 129 - 2.11 55.01 2011924
greedy 50e2 2 129 - 1.85 62.71 2764780
dry 1e4 10 69 - 0.04 0.12 29472
aoDLAV 1e4 10 69 - 0.04 0.69 32768
aoULAV 1e4 10 69 - 0.03 0.71 32776
aoD2AG 1e4 10 69 - 0.04 0.73 32744
aoD2SG 1e4 10 69 - 0.04 0.82 34176
moore 1e4 10 69 - 1.14 915.61 2963852
nbpm 1e4 10 69 - 7.59 777.30 7764388
greedy 1e4 10 69 - 6.96 289.75 10961112
dry 75e2 2 179 - 0.03 0.11 28356
aoDLAV 75e2 2 179 - 0.02 0.15 31376
aoULAV 75e2 2 179 - 0.02 0.15 31388
aoD2AG 75e2 2 179 - 0.02 0.18 31384
aoD2SG 75e2 2 179 - 0.03 0.17 31384
moore 75e2 2 179 - 0.83 402.04 1688792
nbpm 75e2 2 179 - 4.14 163.50 4242136
greedy 75e2 2 179 - 3.57 149.59 6183096
dry 32e6 2 34 - 0.38 1.11 655176
aoDLAV 32e6 2 34 - 2.83 186.08 4768324
aoULAV 32e6 2 34 - 2.72 189.47 4768324
aoD2AG 32e6 2 34 - 6.41 275.19 7005240
aoD2SG 32e6 2 34 - 6.74 323.35 7260372
dry 4e7 2 223 - 0.52 1.32 811428
aoDLAV 4e7 2 223 - 3.58 237.86 5955816
aoULAV 4e7 2 223 - 4.55 292.36 5955816
aoD2AG 4e7 2 223 - 7.96 355.87 8753264
aoD2SG 4e7 2 223 - 8.45 424.23 9074800
dry 3e7 2 237 - 0.40 1.03 616104
aoDLAV 3e7 2 237 - 2.61 163.42 4471432
aoULAV 3e7 2 237 - 3.35 173.82 4471432
aoD2AG 3e7 2 237 - 5.96 251.44 6569324
aoD2SG 3e7 2 237 - 5.72 293.04 6810348
dry 3e7 2 163 - 0.36 1.05 616104
aoDLAV 3e7 2 163 - 2.49 164.44 4471428
aoULAV 3e7 2 163 - 2.62 176.25 4471428
aoD2AG 3e7 2 163 - 5.84 249.32 6569200
aoD2SG 3e7 2 163 - 6.50 292.64 6808084
dry 1e4 10 17 - 0.02 0.13 27688
aoDLAV 1e4 10 17 - 0.03 0.67 32764
aoULAV 1e4 10 17 - 0.03 0.67 32776
aoD2AG 1e4 10 17 - 0.04 0.69 32744
aoD2SG 1e4 10 17 - 0.04 0.76 34176
moore 1e4 10 17 - 1.17 1323.48 2963852
nbpm 1e4 10 17 - 7.70 694.87 7764396
greedy 1e4 10 17 - 6.37 271.64 10961112
dry 50e2 2 151 - 0.02 0.12 26208
aoDLAV 50e2 2 151 - 0.03 0.15 30848
aoULAV 50e2 2 151 - 0.03 0.15 30860
aoD2AG 50e2 2 151 - 0.02 0.16 31784
aoD2SG 50e2 2 151 - 0.04 0.16 31856
moore 50e2 2 151 - 0.56 159.28 764628
nbpm 50e2 2 151 - 2.03 56.38 2011924
greedy 50e2 2 151 - 1.65 61.92 2764780
dry 7e7 2 158 - 0.84 2.20 1397360
aoDLAV 7e7 2 158 - 6.40 434.45 10408936
aoULAV 7e7 2 158 - 8.19 446.01 10408940
aoD2AG 7e7 2 158 - 13.79 642.06 15308440
aoD2SG 7e7 2 158 - 15.40 781.10 15863404
dry 5e7 2 72 - 0.60 1.65 1006736
aoDLAV 5e7 2 72 - 4.45 299.49 7440196
aoULAV 5e7 2 72 - 5.81 316.44 7440192
aoD2AG 5e7 2 72 - 10.14 551.03 10937392
aoD2SG 5e7 2 72 - 9.98 513.24 11334396
dry 2e7 2 75 - 0.26 0.76 420796
aoDLAV 2e7 2 75 - 1.77 109.41 2987068
aoULAV 2e7 2 75 - 1.78 114.63 2987068
aoD2AG 2e7 2 75 - 4.15 165.10 4386792
aoD2SG 2e7 2 75 - 4.03 193.19 4548172
dry 7e7 2 191 - 0.80 2.22 1397356
aoDLAV 7e7 2 191 - 6.05 431.24 10408936
aoULAV 7e7 2 191 - 7.84 446.47 10408936
aoD2AG 7e7 2 191 - 13.81 636.66 15303164
aoD2SG 7e7 2 191 - 15.40 752.66 15866176
dry 25e2 2 137 - 0.02 0.12 26080
aoDLAV 25e2 2 137 - 0.03 0.14 30452
aoULAV 25e2 2 137 - 0.03 0.15 30464
aoD2AG 25e2 2 137 - 0.03 0.15 30976
aoD2SG 25e2 2 137 - 0.03 0.16 31024
moore 25e2 2 137 - 0.10 20.56 213632
nbpm 25e2 2 137 - 0.56 12.41 541644
greedy 25e2 2 137 - 0.45 9.85 713664
dry 32e2 2 100 - 0.02 0.12 26112
aoDLAV 32e2 2 100 - 0.03 0.15 30540
aoULAV 32e2 2 100 - 0.03 0.15 30552
aoD2AG 32e2 2 100 - 0.03 0.16 31208
aoD2SG 32e2 2 100 - 0.04 0.16 31280
moore 32e2 2 100 - 0.16 32.10 330516
nbpm 32e2 2 100 - 0.84 19.62 854752
greedy 32e2 2 100 - 0.70 22.97 1150164
dry 6e7 2 198 - 0.65 1.99 1202044
aoDLAV 6e7 2 198 - 5.12 385.27 8924560
aoULAV 6e7 2 198 - 6.98 470.89 8924560
aoD2AG 6e7 2 198 - 12.12 557.10 13121544
aoD2SG 6e7 2 198 - 12.63 634.77 13600660
dry 6e7 2 157 - 0.70 1.93 1202044
aoDLAV 6e7 2 157 - 5.06 362.64 8924560
aoULAV 6e7 2 157 - 6.42 388.39 8924564
aoD2AG 6e7 2 157 - 11.79 555.86 13120520
aoD2SG 6e7 2 157 - 12.43 649.88 13599980
dry 7e7 2 207 - 0.77 2.17 1397356
aoDLAV 7e7 2 207 - 6.16 417.70 10408936
aoULAV 7e7 2 207 - 7.66 434.79 10408936
aoD2AG 7e7 2 207 - 13.82 629.99 15302724
aoD2SG 7e7 2 207 - 14.91 737.09 15862732
dry 18e2 2 125 - 0.03 0.13 26048
aoDLAV 18e2 2 125 - 0.02 0.16 30376
aoULAV 18e2 2 125 - 0.03 0.15 30384
aoD2AG 18e2 2 125 - 0.03 0.15 30800
aoD2SG 18e2 2 125 - 0.03 0.15 30828
moore 18e2 2 125 - 0.06 17.12 125408
nbpm 18e2 2 125 - 0.19 7.73 334532
greedy 18e2 2 125 - 0.22 4.60 384348
dry 7e7 2 127 - 0.77 2.16 1397360
aoDLAV 7e7 2 127 - 5.89 537.35 10408936
aoULAV 7e7 2 127 - 7.76 449.97 10408940
aoD2AG 7e7 2 127 - 13.84 623.73 15305680
aoD2SG 7e7 2 127 - 14.88 735.96 15864700
dry 6e7 2 59 - 0.66 1.93 1202044
aoDLAV 6e7 2 59 - 5.16 360.87 8924560
aoULAV 6e7 2 59 - 6.38 424.42 8924564
aoD2AG 6e7 2 59 - 12.08 551.05 13121968
aoD2SG 6e7 2 59 - 12.23 623.19 13599188
dry 56e6 2 197 - 0.65 1.80 1123924
aoDLAV 56e6 2 197 - 5.04 334.41 8330816
aoULAV 56e6 2 197 - 6.33 413.20 8330820
aoD2AG 56e6 2 197 - 11.48 507.44 12247684
aoD2SG 56e6 2 197 - 11.08 550.42 12693556
