dry 1e5 5 206 - 0.03 0.13 34476
aoDLAV 1e5 5 206 - 0.03 1.57 41816
aoULAV 1e5 5 206 - 0.03 1.31 43572
aoD2AG 1e5 5 206 - 0.05 1.46 53564
aoD2SG 1e5 5 206 - 0.03 1.58 53196
dry 32e4 2 40 - 0.03 0.15 36428
aoDLAV 32e4 2 40 - 0.04 1.21 70828
aoULAV 32e4 2 40 - 0.05 1.20 70844
aoD2AG 32e4 2 40 - 0.07 1.66 88232
aoD2SG 32e4 2 40 - 0.07 1.82 91904
dry 275e2 2 32 - 0.02 0.11 27124
aoDLAV 275e2 2 32 - 0.02 0.20 31240
aoULAV 275e2 2 32 - 0.02 0.20 31572
aoD2AG 275e2 2 32 - 0.03 0.21 34700
aoD2SG 275e2 2 32 - 0.02 0.24 34812
dry 5e4 2 103 - 0.03 0.10 28004
aoDLAV 5e4 2 103 - 0.02 0.25 33008
aoULAV 5e4 2 103 - 0.03 0.25 33312
aoD2AG 5e4 2 103 - 0.03 0.31 36412
aoD2SG 5e4 2 103 - 0.03 0.34 36424
dry 1e3 5 80 - 0.02 0.11 26060
aoDLAV 1e3 5 80 - 0.03 0.14 30428
aoULAV 1e3 5 80 - 0.02 0.14 30436
aoD2AG 1e3 5 80 - 0.02 0.15 30740
aoD2SG 1e3 5 80 - 0.03 0.14 30772
moore 1e3 5 80 - 0.04 3.62 59800
nbpm 1e3 5 80 - 0.10 4.25 129244
greedy 1e3 5 80 - 0.08 0.97 139440
dry 1e3 10 231 - 0.02 0.11 26136
aoDLAV 1e3 10 231 - 0.03 0.16 30652
aoULAV 1e3 10 231 - 0.03 0.15 30668
aoD2AG 1e3 10 231 - 0.02 0.16 31060
aoD2SG 1e3 10 231 - 0.02 0.16 31084
moore 1e3 10 231 - 0.04 3.91 59840
nbpm 1e3 10 231 - 0.13 4.71 136144
greedy 1e3 10 231 - 0.08 0.97 139616
dry 400e2 2 142 - 0.03 0.11 29148
aoDLAV 400e2 2 142 - 0.03 0.23 32236
aoULAV 400e2 2 142 - 0.04 0.23 33112
aoD2AG 400e2 2 142 - 0.03 0.27 36072
aoD2SG 400e2 2 142 - 0.03 0.29 35928
dry 1e3 10 4 - 0.02 0.11 26140
aoDLAV 1e3 10 4 - 0.02 0.16 30652
aoULAV 1e3 10 4 - 0.03 0.15 30664
aoD2AG 1e3 10 4 - 0.03 0.16 31064
aoD2SG 1e3 10 4 - 0.03 0.16 31080
moore 1e3 10 4 - 0.04 3.75 59840
nbpm 1e3 10 4 - 0.13 4.65 136140
greedy 1e3 10 4 - 0.08 1.04 139620
dry 5e4 5 145 - 0.02 0.14 30468
aoDLAV 5e4 5 145 - 0.02 0.75 34704
aoULAV 5e4 5 145 - 0.04 0.74 34704
aoD2AG 5e4 5 145 - 0.04 0.81 37744
aoD2SG 5e4 5 145 - 0.03 0.89 37936
dry 1e5 2 25 - 0.03 0.13 30672
aoDLAV 1e5 2 25 - 0.03 0.42 34800
aoULAV 1e5 2 25 - 0.03 0.43 35320
aoD2AG 1e5 2 25 - 0.04 0.54 42600
aoD2SG 1e5 2 25 - 0.03 0.61 43808
dry 5e4 2 36 - 0.02 0.12 29800
aoDLAV 5e4 2 36 - 0.03 0.26 33008
aoULAV 5e4 2 36 - 0.03 0.26 33316
aoD2AG 5e4 2 36 - 0.03 0.31 36412
aoD2SG 5e4 2 36 - 0.03 0.34 36424
dry 1e6 2 129 - 0.04 0.19 49704
aoDLAV 1e6 2 129 - 0.10 3.47 178460
aoULAV 1e6 2 129 - 0.12 3.73 178456
aoD2AG 1e6 2 129 - 0.17 5.32 232928
aoD2SG 1e6 2 129 - 0.18 5.80 241144
dry 5e4 10 164 - 0.04 0.13 33892
aoDLAV 5e4 10 164 - 0.05 9.74 40204
aoULAV 5e4 10 164 - 0.03 6.77 40204
aoD2AG 5e4 10 164 - 0.04 6.75 44988
aoD2SG 5e4 10 164 - 0.04 7.21 45000
dry 56e3 2 54 - 0.03 0.11 30240
aoDLAV 56e3 2 54 - 0.03 0.26 33476
aoULAV 56e3 2 54 - 0.03 0.30 34696
aoD2AG 56e3 2 54 - 0.03 0.37 37284
aoD2SG 56e3 2 54 - 0.03 0.39 37300
dry 300e2 2 237 - 0.02 0.12 27216
aoDLAV 300e2 2 237 - 0.03 0.21 31296
aoULAV 300e2 2 237 - 0.03 0.21 31936
aoD2AG 300e2 2 237 - 0.03 0.23 35064
aoD2SG 300e2 2 237 - 0.03 0.24 34716
dry 1e6 5 42 - 0.06 0.26 73152
aoDLAV 1e6 5 42 - 0.13 17.82 252688
aoULAV 1e6 5 42 - 0.15 18.18 252688
aoD2AG 1e6 5 42 - 0.22 19.80 322608
aoD2SG 1e6 5 42 - 0.26 23.33 332020
dry 300e2 2 130 - 0.03 0.11 30724
aoDLAV 300e2 2 130 - 0.02 0.21 31296
aoULAV 300e2 2 130 - 0.03 0.21 31892
aoD2AG 300e2 2 130 - 0.02 0.24 35056
aoD2SG 300e2 2 130 - 0.02 0.25 34712
dry 32e4 2 149 - 0.02 0.17 36424
aoDLAV 32e4 2 149 - 0.05 1.24 70828
aoULAV 32e4 2 149 - 0.06 1.24 70840
aoD2AG 32e4 2 149 - 0.07 1.81 88196
aoD2SG 32e4 2 149 - 0.07 1.94 90748
dry 56e3 2 243 - 0.02 0.12 29476
aoDLAV 56e3 2 243 - 0.04 0.28 33476
aoULAV 56e3 2 243 - 0.03 0.28 34696
aoD2AG 56e3 2 243 - 0.04 0.34 37288
aoD2SG 56e3 2 243 - 0.04 0.38 37300
dry 1e6 2 232 - 0.04 0.19 49704
aoDLAV 1e6 2 232 - 0.10 3.52 178456
aoULAV 1e6 2 232 - 0.13 4.70 178456
aoD2AG 1e6 2 232 - 0.17 5.73 234148
aoD2SG 1e6 2 232 - 0.17 6.02 241360
dry 250e2 2 188 - 0.03 0.11 30628
aoDLAV 250e2 2 188 - 0.02 0.20 31144
aoULAV 250e2 2 188 - 0.02 0.20 31216
aoD2AG 250e2 2 188 - 0.03 0.23 33860
aoD2SG 250e2 2 188 - 0.03 0.23 33964
dry 1e2 5 76 - 0.02 0.11 26000
aoDLAV 1e2 5 76 - 0.02 0.15 30212
aoULAV 1e2 5 76 - 0.04 0.14 30224
aoD2AG 1e2 5 76 - 0.02 0.15 30384
aoD2SG 1e2 5 76 - 0.03 0.14 30388
moore 1e2 5 76 - 0.03 0.21 30492
nbpm 1e2 5 76 - 0.09 2.10 53016
greedy 1e2 5 76 - 0.02 0.15 30920
dry 56e1 2 114 - 0.02 0.12 26008
aoDLAV 56e1 2 114 - 0.02 0.14 30224
aoULAV 56e1 2 114 - 0.03 0.13 30232
aoD2AG 56e1 2 114 - 0.03 0.14 30416
aoD2SG 56e1 2 114 - 0.03 0.14 30428
moore 56e1 2 114 - 0.04 3.09 39660
nbpm 56e1 2 114 - 0.10 2.85 78716
greedy 56e1 2 114 - 0.06 0.36 64104
dry 56e1 2 192 - 0.02 0.12 26012
aoDLAV 56e1 2 192 - 0.02 0.15 30220
aoULAV 56e1 2 192 - 0.04 0.13 30236
aoD2AG 56e1 2 192 - 0.03 0.14 30420
aoD2SG 56e1 2 192 - 0.03 0.14 30424
moore 56e1 2 192 - 0.03 0.66 39680
nbpm 56e1 2 192 - 0.08 2.86 78704
greedy 56e1 2 192 - 0.05 0.38 64104
dry 1e3 5 29 - 0.02 0.12 26056
aoDLAV 1e3 5 29 - 0.03 0.14 30476
aoULAV 1e3 5 29 - 0.03 0.14 30440
aoD2AG 1e3 5 29 - 0.02 0.15 30764
aoD2SG 1e3 5 29 - 0.03 0.14 30784
moore 1e3 5 29 - 0.04 8.20 59804
nbpm 1e3 5 29 - 0.10 4.59 129248
greedy 1e3 5 29 - 0.09 1.04 139388
dry 225e2 2 176 - 0.02 0.12 27956
aoDLAV 225e2 2 176 - 0.03 0.20 30984
aoULAV 225e2 2 176 - 0.03 0.20 30992
aoD2AG 225e2 2 176 - 0.03 0.21 33368
aoD2SG 225e2 2 176 - 0.03 0.22 33464
dry 18e4 2 130 - 0.03 0.13 33108
aoDLAV 18e4 2 130 - 0.05 0.77 47864
aoULAV 18e4 2 130 - 0.04 0.80 47860
aoD2AG 18e4 2 130 - 0.06 1.00 58640
aoD2SG 18e4 2 130 - 0.06 1.13 59944
dry 1e6 10 43 - 0.09 0.41 112232
aoDLAV 1e6 10 43 - 0.22 380.61 369888
aoULAV 1e6 10 43 - 0.28 377.02 369888
aoD2AG 1e6 10 43 - 0.38 370.46 447248
aoD2SG 1e6 10 43 - 0.43 418.27 457212
dry 5e4 2 143 - 0.02 0.12 29652
aoDLAV 5e4 2 143 - 0.03 0.26 33012
aoULAV 5e4 2 143 - 0.03 0.27 33312
aoD2AG 5e4 2 143 - 0.03 0.34 36408
aoD2SG 5e4 2 143 - 0.03 0.36 36424
dry 32e4 2 141 - 0.03 0.16 36424
aoDLAV 32e4 2 141 - 0.06 1.21 70828
aoULAV 32e4 2 141 - 0.07 1.21 70840
aoD2AG 32e4 2 141 - 0.07 1.68 88652
aoD2SG 32e4 2 141 - 0.07 1.80 91908
dry 1e5 5 41 - 0.03 0.13 34476
aoDLAV 1e5 5 41 - 0.04 1.49 41816
aoULAV 1e5 5 41 - 0.04 1.47 43568
aoD2AG 1e5 5 41 - 0.04 1.59 53884
aoD2SG 1e5 5 41 - 0.06 1.78 53200
dry 32e3 2 99 - 0.03 0.11 27296
aoDLAV 32e3 2 99 - 0.03 0.21 31436
aoULAV 32e3 2 99 - 0.03 0.21 32148
aoD2AG 32e3 2 99 - 0.03 0.24 35020
aoD2SG 32e3 2 99 - 0.03 0.25 34792
dry 18e1 2 145 - 0.02 0.12 26008
aoDLAV 18e1 2 145 - 0.02 0.14 30184
aoULAV 18e1 2 145 - 0.03 0.14 30196
aoD2AG 18e1 2 145 - 0.03 0.14 30348
aoD2SG 18e1 2 145 - 0.03 0.13 30356
moore 18e1 2 145 - 0.03 0.26 30496
nbpm 18e1 2 145 - 0.07 2.27 54444
greedy 18e1 2 145 - 0.03 0.16 33348
dry 375e2 2 83 - 0.03 0.11 27516
aoDLAV 375e2 2 83 - 0.03 0.24 31784
aoULAV 375e2 2 83 - 0.02 0.25 32604
aoD2AG 375e2 2 83 - 0.03 0.27 35520
aoD2SG 375e2 2 83 - 0.03 0.29 35528
dry 350e2 2 131 - 0.03 0.11 27420
aoDLAV 350e2 2 131 - 0.03 0.23 31536
aoULAV 350e2 2 131 - 0.04 0.23 32260
aoD2AG 350e2 2 131 - 0.03 0.27 34856
aoD2SG 350e2 2 131 - 0.03 0.28 35132
dry 5e4 5 24 - 0.03 0.12 30604
aoDLAV 5e4 5 24 - 0.03 0.77 34704
aoULAV 5e4 5 24 - 0.04 0.77 34704
aoD2AG 5e4 5 24 - 0.04 0.83 37728
aoD2SG 5e4 5 24 - 0.04 0.90 37936
dry 1e2 2 131 - 0.03 0.11 25992
aoDLAV 1e2 2 131 - 0.03 0.14 30168
aoULAV 1e2 2 131 - 0.02 0.15 30184
aoD2AG 1e2 2 131 - 0.03 0.14 30336
aoD2SG 1e2 2 131 - 0.03 0.13 30340
moore 1e2 2 131 - 0.02 0.22 30492
nbpm 1e2 2 131 - 0.08 2.11 53008
greedy 1e2 2 131 - 0.02 0.15 30880
dry 18e4 2 220 - 0.02 0.14 33360
aoDLAV 18e4 2 220 - 0.04 0.78 47860
aoULAV 18e4 2 220 - 0.06 0.78 47860
aoD2AG 18e4 2 220 - 0.06 1.00 58656
aoD2SG 18e4 2 220 - 0.06 1.14 59788
dry 32e4 2 177 - 0.03 0.17 36424
aoDLAV 32e4 2 177 - 0.05 1.25 70828
aoULAV 32e4 2 177 - 0.07 1.30 70840
aoD2AG 32e4 2 177 - 0.08 1.79 89564
aoD2SG 32e4 2 177 - 0.08 1.98 90980
dry 32e1 2 2 - 0.02 0.12 26000
aoDLAV 32e1 2 2 - 0.02 0.15 30196
aoULAV 32e1 2 2 - 0.03 0.14 30208
aoD2AG 32e1 2 2 - 0.02 0.15 30376
aoD2SG 32e1 2 2 - 0.02 0.14 30384
moore 32e1 2 2 - 0.02 0.43 33680
nbpm 32e1 2 2 - 0.08 2.34 58300
greedy 32e1 2 2 - 0.03 0.21 40972
dry 5e4 5 21 - 0.03 0.13 30580
aoDLAV 5e4 5 21 - 0.03 0.72 34708
aoULAV 5e4 5 21 - 0.03 0.75 34704
aoD2AG 5e4 5 21 - 0.03 0.80 37728
aoD2SG 5e4 5 21 - 0.03 0.87 37936
dry 56e1 2 209 - 0.01 0.13 27952
aoDLAV 56e1 2 209 - 0.03 0.14 30220
aoULAV 56e1 2 209 - 0.03 0.14 30232
aoD2AG 56e1 2 209 - 0.03 0.14 30416
aoD2SG 56e1 2 209 - 0.03 0.14 30428
moore 56e1 2 209 - 0.03 1.48 39652
nbpm 56e1 2 209 - 0.10 2.93 78704
greedy 56e1 2 209 - 0.05 0.38 64108
dry 275e2 2 87 - 0.02 0.12 27124
aoDLAV 275e2 2 87 - 0.03 0.21 31244
aoULAV 275e2 2 87 - 0.02 0.21 31572
aoD2AG 275e2 2 87 - 0.03 0.23 34696
aoD2SG 275e2 2 87 - 0.03 0.25 34816
dry 1e5 10 112 - 0.03 0.18 38396
aoDLAV 1e5 10 112 - 0.05 22.04 53536
aoULAV 1e5 10 112 - 0.05 22.25 55312
aoD2AG 1e5 10 112 - 0.04 22.14 62668
aoD2SG 1e5 10 112 - 0.05 24.18 66832
dry 250e2 2 25 - 0.03 0.11 30624
aoDLAV 250e2 2 25 - 0.03 0.20 31108
aoULAV 250e2 2 25 - 0.03 0.19 31212
aoD2AG 250e2 2 25 - 0.02 0.22 33912
aoD2SG 250e2 2 25 - 0.03 0.23 33964
dry 18e4 2 155 - 0.03 0.14 33188
aoDLAV 18e4 2 155 - 0.04 0.80 47860
aoULAV 18e4 2 155 - 0.05 0.80 47860
aoD2AG 18e4 2 155 - 0.05 1.01 59192
aoD2SG 18e4 2 155 - 0.06 1.08 59916
dry 1e3 2 225 - 0.02 0.11 26024
aoDLAV 1e3 2 225 - 0.03 0.14 30280
aoULAV 1e3 2 225 - 0.02 0.14 30292
aoD2AG 1e3 2 225 - 0.02 0.14 30536
aoD2SG 1e3 2 225 - 0.02 0.14 30552
moore 1e3 2 225 - 0.05 4.98 59772
nbpm 1e3 2 225 - 0.10 4.11 138556
greedy 1e3 2 225 - 0.07 1.02 139244
dry 1e3 2 248 - 0.02 0.12 26020
aoDLAV 1e3 2 248 - 0.02 0.14 30284
aoULAV 1e3 2 248 - 0.03 0.14 30296
aoD2AG 1e3 2 248 - 0.02 0.14 30536
aoD2SG 1e3 2 248 - 0.02 0.15 30556
moore 1e3 2 248 - 0.04 4.59 59776
nbpm 1e3 2 248 - 0.12 3.95 138560
greedy 1e3 2 248 - 0.08 0.99 139244
dry 400e2 2 73 - 0.02 0.12 27616
aoDLAV 400e2 2 73 - 0.03 0.21 32276
aoULAV 400e2 2 73 - 0.03 0.23 33112
aoD2AG 400e2 2 73 - 0.03 0.26 36072
aoD2SG 400e2 2 73 - 0.03 0.28 35928
dry 225e2 2 110 - 0.02 0.12 26920
aoDLAV 225e2 2 110 - 0.03 0.18 30984
aoULAV 225e2 2 110 - 0.02 0.19 30996
aoD2AG 225e2 2 110 - 0.02 0.21 33368
aoD2SG 225e2 2 110 - 0.03 0.21 33468
dry 1e5 10 53 - 0.03 0.16 38396
aoDLAV 1e5 10 53 - 0.04 21.83 53540
aoULAV 1e5 10 53 - 0.04 22.44 55312
aoD2AG 1e5 10 53 - 0.04 22.02 62692
aoD2SG 1e5 10 53 - 0.05 24.41 66836
dry 1e5 10 223 - 0.03 0.18 38396
aoDLAV 1e5 10 223 - 0.04 21.57 53536
aoULAV 1e5 10 223 - 0.05 21.80 55312
aoD2AG 1e5 10 223 - 0.05 21.82 62724
aoD2SG 1e5 10 223 - 0.06 25.20 66832
dry 5e4 2 128 - 0.02 0.12 28000
aoDLAV 5e4 2 128 - 0.03 0.27 33008
aoULAV 5e4 2 128 - 0.03 0.28 33316
aoD2AG 5e4 2 128 - 0.05 0.33 36408
aoD2SG 5e4 2 128 - 0.04 0.35 36424
dry 18e1 2 211 - 0.02 0.12 26008
aoDLAV 18e1 2 211 - 0.03 0.14 30184
aoULAV 18e1 2 211 - 0.02 0.15 30196
aoD2AG 18e1 2 211 - 0.02 0.14 30360
aoD2SG 18e1 2 211 - 0.03 0.14 30368
moore 18e1 2 211 - 0.03 0.27 30496
nbpm 18e1 2 211 - 0.06 2.16 54440
greedy 18e1 2 211 - 0.03 0.16 33352
dry 1e2 10 55 - 0.02 0.11 27952
aoDLAV 1e2 10 55 - 0.02 0.14 30260
aoULAV 1e2 10 55 - 0.02 0.15 30272
aoD2AG 1e2 10 55 - 0.03 0.14 30440
aoD2SG 1e2 10 55 - 0.03 0.14 30448
moore 1e2 10 55 - 0.03 0.19 30496
nbpm 1e2 10 55 - 0.09 2.13 53076
greedy 1e2 10 55 - 0.03 0.14 30972
dry 400e2 2 61 - 0.02 0.12 27620
aoDLAV 400e2 2 61 - 0.03 0.24 32240
aoULAV 400e2 2 61 - 0.03 0.25 33112
aoD2AG 400e2 2 61 - 0.04 0.28 36076
aoD2SG 400e2 2 61 - 0.04 0.29 35928
dry 1e6 10 91 - 0.08 0.40 112232
aoDLAV 1e6 10 91 - 0.19 430.32 369884
aoULAV 1e6 10 91 - 0.30 384.40 369892
aoD2AG 1e6 10 91 - 0.38 380.97 450612
aoD2SG 1e6 10 91 - 0.41 538.49 456900
dry 1e2 10 92 - 0.03 0.11 26004
aoDLAV 1e2 10 92 - 0.02 0.14 30260
aoULAV 1e2 10 92 - 0.02 0.15 30272
aoD2AG 1e2 10 92 - 0.03 0.14 30440
aoD2SG 1e2 10 92 - 0.03 0.14 30452
moore 1e2 10 92 - 0.03 0.24 30500
nbpm 1e2 10 92 - 0.08 2.12 53076
greedy 1e2 10 92 - 0.03 0.14 30972
dry 18e4 2 13 - 0.02 0.14 33104
aoDLAV 18e4 2 13 - 0.04 0.77 47860
aoULAV 18e4 2 13 - 0.04 0.80 47860
aoD2AG 18e4 2 13 - 0.05 1.04 58636
aoD2SG 18e4 2 13 - 0.05 1.14 59940
dry 1e1 2 112 - 0.02 0.12 25992
aoDLAV 1e1 2 112 - 0.03 0.14 30160
aoULAV 1e1 2 112 - 0.02 0.14 30176
aoD2AG 1e1 2 112 - 0.02 0.15 30316
aoD2SG 1e1 2 112 - 0.02 0.15 30324
moore 1e1 2 112 - 0.03 0.18 30476
nbpm 1e1 2 112 - 0.08 2.16 49816
greedy 1e1 2 112 - 0.03 0.14 30124
dry 5e4 5 11 - 0.03 0.13 31864
aoDLAV 5e4 5 11 - 0.02 0.79 34704
aoULAV 5e4 5 11 - 0.04 0.72 34712
aoD2AG 5e4 5 11 - 0.04 0.78 37772
aoD2SG 5e4 5 11 - 0.04 0.91 37936
dry 1e3 2 29 - 0.02 0.12 27952
aoDLAV 1e3 2 29 - 0.03 0.14 30280
aoULAV 1e3 2 29 - 0.02 0.15 30292
aoD2AG 1e3 2 29 - 0.02 0.15 30532
aoD2SG 1e3 2 29 - 0.04 0.14 30552
moore 1e3 2 29 - 0.04 3.10 59800
nbpm 1e3 2 29 - 0.13 4.14 138556
greedy 1e3 2 29 - 0.08 1.05 139248
dry 225e2 2 83 - 0.03 0.11 28800
aoDLAV 225e2 2 83 - 0.03 0.19 30980
aoULAV 225e2 2 83 - 0.02 0.20 30992
aoD2AG 225e2 2 83 - 0.03 0.21 33368
aoD2SG 225e2 2 83 - 0.03 0.23 33464
dry 32e4 2 144 - 0.03 0.17 36428
aoDLAV 32e4 2 144 - 0.07 1.28 70828
aoULAV 32e4 2 144 - 0.07 1.32 70844
aoD2AG 32e4 2 144 - 0.08 1.77 88420
aoD2SG 32e4 2 144 - 0.08 2.01 91036
dry 1e1 2 148 - 0.02 0.11 25992
aoDLAV 1e1 2 148 - 0.03 0.14 30160
aoULAV 1e1 2 148 - 0.03 0.14 30172
aoD2AG 1e1 2 148 - 0.03 0.14 30316
aoD2SG 1e1 2 148 - 0.03 0.14 30320
moore 1e1 2 148 - 0.02 0.19 30480
nbpm 1e1 2 148 - 0.07 2.16 49816
greedy 1e1 2 148 - 0.03 0.14 30124
dry 5e4 2 40 - 0.02 0.12 31116
aoDLAV 5e4 2 40 - 0.03 0.28 33012
aoULAV 5e4 2 40 - 0.03 0.28 33316
aoD2AG 5e4 2 40 - 0.03 0.33 36404
aoD2SG 5e4 2 40 - 0.03 0.37 36424
dry 1e1 2 177 - 0.02 0.12 25992
aoDLAV 1e1 2 177 - 0.03 0.14 30160
aoULAV 1e1 2 177 - 0.02 0.15 30176
aoD2AG 1e1 2 177 - 0.03 0.14 30316
aoD2SG 1e1 2 177 - 0.03 0.14 30320
moore 1e1 2 177 - 0.03 0.18 30476
nbpm 1e1 2 177 - 0.08 2.15 49820
greedy 1e1 2 177 - 0.02 0.14 30124
dry 56e1 2 158 - 0.03 0.11 26008
aoDLAV 56e1 2 158 - 0.03 0.14 30220
aoULAV 56e1 2 158 - 0.02 0.14 30236
aoD2AG 56e1 2 158 - 0.03 0.14 30416
aoD2SG 56e1 2 158 - 0.03 0.14 30428
moore 56e1 2 158 - 0.04 1.96 39660
nbpm 56e1 2 158 - 0.09 2.94 78712
greedy 56e1 2 158 - 0.03 0.40 64104
dry 275e2 2 237 - 0.02 0.12 27120
aoDLAV 275e2 2 237 - 0.04 0.20 31240
aoULAV 275e2 2 237 - 0.02 0.21 31572
aoD2AG 275e2 2 237 - 0.04 0.22 34696
aoD2SG 275e2 2 237 - 0.03 0.25 34812
dry 1e1 2 207 - 0.02 0.12 25996
aoDLAV 1e1 2 207 - 0.02 0.15 30160
aoULAV 1e1 2 207 - 0.02 0.14 30172
aoD2AG 1e1 2 207 - 0.03 0.14 30312
aoD2SG 1e1 2 207 - 0.03 0.14 30312
moore 1e1 2 207 - 0.03 0.18 30484
nbpm 1e1 2 207 - 0.07 2.16 49824
greedy 1e1 2 207 - 0.02 0.14 30128
dry 1e5 2 5 - 0.03 0.13 30924
aoDLAV 1e5 2 5 - 0.03 0.45 34800
aoULAV 1e5 2 5 - 0.04 0.45 35320
aoD2AG 1e5 2 5 - 0.04 0.58 42604
aoD2SG 1e5 2 5 - 0.05 0.64 43800
dry 1e3 2 67 - 0.02 0.12 26024
aoDLAV 1e3 2 67 - 0.03 0.14 30280
aoULAV 1e3 2 67 - 0.02 0.15 30296
aoD2AG 1e3 2 67 - 0.03 0.14 30544
aoD2SG 1e3 2 67 - 0.03 0.14 30556
moore 1e3 2 67 - 0.04 2.12 59796
nbpm 1e3 2 67 - 0.14 4.11 138552
greedy 1e3 2 67 - 0.08 1.06 139244
dry 1e5 5 54 - 0.04 0.13 34476
aoDLAV 1e5 5 54 - 0.04 1.64 41820
aoULAV 1e5 5 54 - 0.05 1.65 43572
aoD2AG 1e5 5 54 - 0.04 1.80 53564
aoD2SG 1e5 5 54 - 0.05 2.01 53204
dry 300e2 2 217 - 0.02 0.12 30728
aoDLAV 300e2 2 217 - 0.03 0.21 31300
aoULAV 300e2 2 217 - 0.03 0.22 31892
aoD2AG 300e2 2 217 - 0.03 0.25 35056
aoD2SG 300e2 2 217 - 0.03 0.26 34720
dry 300e2 2 226 - 0.02 0.12 27220
aoDLAV 300e2 2 226 - 0.03 0.22 31300
aoULAV 300e2 2 226 - 0.03 0.22 31900
aoD2AG 300e2 2 226 - 0.03 0.24 35056
aoD2SG 300e2 2 226 - 0.03 0.25 34712
dry 5e4 5 185 - 0.02 0.13 30516
aoDLAV 5e4 5 185 - 0.04 0.76 34704
aoULAV 5e4 5 185 - 0.03 0.77 34704
aoD2AG 5e4 5 185 - 0.04 0.82 37724
aoD2SG 5e4 5 185 - 0.04 0.91 37932
dry 1e3 10 13 - 0.03 0.11 26140
aoDLAV 1e3 10 13 - 0.04 0.15 30652
aoULAV 1e3 10 13 - 0.02 0.17 30664
aoD2AG 1e3 10 13 - 0.03 0.16 31072
aoD2SG 1e3 10 13 - 0.03 0.16 31096
moore 1e3 10 13 - 0.04 4.98 59840
nbpm 1e3 10 13 - 0.13 4.82 136140
greedy 1e3 10 13 - 0.10 1.04 139616
dry 1e5 5 245 - 0.03 0.14 34476
aoDLAV 1e5 5 245 - 0.04 1.62 41820
aoULAV 1e5 5 245 - 0.06 1.62 43568
aoD2AG 1e5 5 245 - 0.05 1.78 53568
aoD2SG 1e5 5 245 - 0.05 1.99 53204
dry 1e5 10 108 - 0.03 0.18 38400
aoDLAV 1e5 10 108 - 0.05 22.75 53536
aoULAV 1e5 10 108 - 0.06 22.92 55312
aoD2AG 1e5 10 108 - 0.05 22.88 62684
aoD2SG 1e5 10 108 - 0.05 25.61 66832
dry 1e5 2 184 - 0.02 0.14 31960
aoDLAV 1e5 2 184 - 0.03 0.45 34804
aoULAV 1e5 2 184 - 0.03 0.45 35320
aoD2AG 1e5 2 184 - 0.05 0.56 42600
aoD2SG 1e5 2 184 - 0.04 0.63 43804
dry 32e1 2 237 - 0.02 0.12 26000
aoDLAV 32e1 2 237 - 0.02 0.15 30196
aoULAV 32e1 2 237 - 0.02 0.14 30212
aoD2AG 32e1 2 237 - 0.02 0.15 30376
aoD2SG 32e1 2 237 - 0.03 0.14 30384
moore 32e1 2 237 - 0.03 0.45 33684
nbpm 32e1 2 237 - 0.08 2.35 58308
greedy 32e1 2 237 - 0.03 0.21 40972
dry 375e2 2 201 - 0.02 0.12 27516
aoDLAV 375e2 2 201 - 0.03 0.24 31788
aoULAV 375e2 2 201 - 0.02 0.24 32604
aoD2AG 375e2 2 201 - 0.03 0.27 35524
aoD2SG 375e2 2 201 - 0.04 0.27 35528
dry 5e4 2 42 - 0.01 0.13 28000
aoDLAV 5e4 2 42 - 0.03 0.27 33012
aoULAV 5e4 2 42 - 0.02 0.30 33312
aoD2AG 5e4 2 42 - 0.04 0.36 36408
aoD2SG 5e4 2 42 - 0.04 0.37 36456
dry 1e1 2 176 - 0.02 0.12 25996
aoDLAV 1e1 2 176 - 0.02 0.14 30160
aoULAV 1e1 2 176 - 0.03 0.14 30172
aoD2AG 1e1 2 176 - 0.03 0.14 30316
aoD2SG 1e1 2 176 - 0.03 0.14 30320
moore 1e1 2 176 - 0.04 0.17 30484
nbpm 1e1 2 176 - 0.07 2.11 49824
greedy 1e1 2 176 - 0.03 0.14 30124
dry 1e2 5 239 - 0.02 0.12 27952
aoDLAV 1e2 5 239 - 0.03 0.14 30212
aoULAV 1e2 5 239 - 0.03 0.14 30224
aoD2AG 1e2 5 239 - 0.03 0.14 30384
aoD2SG 1e2 5 239 - 0.02 0.15 30388
moore 1e2 5 239 - 0.03 0.22 30492
nbpm 1e2 5 239 - 0.07 2.14 53020
greedy 1e2 5 239 - 0.03 0.14 30920
dry 375e2 2 224 - 0.03 0.12 27952
aoDLAV 375e2 2 224 - 0.03 0.23 31784
aoULAV 375e2 2 224 - 0.02 0.25 32604
aoD2AG 375e2 2 224 - 0.03 0.28 35516
aoD2SG 375e2 2 224 - 0.03 0.29 35532
dry 1e3 10 3 - 0.03 0.11 26140
aoDLAV 1e3 10 3 - 0.02 0.16 30652
aoULAV 1e3 10 3 - 0.02 0.16 30664
aoD2AG 1e3 10 3 - 0.03 0.16 31068
aoD2SG 1e3 10 3 - 0.02 0.17 31104
moore 1e3 10 3 - 0.05 2.80 59872
nbpm 1e3 10 3 - 0.13 4.79 136140
greedy 1e3 10 3 - 0.07 1.06 139616
dry 1e6 2 46 - 0.04 0.20 49704
aoDLAV 1e6 2 46 - 0.11 3.77 178456
aoULAV 1e6 2 46 - 0.13 3.94 178460
aoD2AG 1e6 2 46 - 0.18 5.61 233292
aoD2SG 1e6 2 46 - 0.20 6.29 241376
dry 56e1 2 14 - 0.02 0.11 26012
aoDLAV 56e1 2 14 - 0.02 0.14 30220
aoULAV 56e1 2 14 - 0.03 0.13 30232
aoD2AG 56e1 2 14 - 0.03 0.14 30420
aoD2SG 56e1 2 14 - 0.03 0.14 30428
moore 56e1 2 14 - 0.04 2.14 39664
nbpm 56e1 2 14 - 0.10 2.90 78716
greedy 56e1 2 14 - 0.04 0.39 64104
dry 325e2 2 149 - 0.03 0.11 30776
aoDLAV 325e2 2 149 - 0.03 0.22 31376
aoULAV 325e2 2 149 - 0.03 0.22 32088
aoD2AG 325e2 2 149 - 0.02 0.27 35000
aoD2SG 325e2 2 149 - 0.03 0.27 34760
dry 32e4 2 189 - 0.04 0.16 36428
aoDLAV 32e4 2 189 - 0.05 1.25 70828
aoULAV 32e4 2 189 - 0.07 1.27 70840
aoD2AG 32e4 2 189 - 0.08 1.78 88496
aoD2SG 32e4 2 189 - 0.07 1.98 90848
dry 1e2 2 215 - 0.02 0.12 25996
aoDLAV 1e2 2 215 - 0.02 0.15 30168
aoULAV 1e2 2 215 - 0.02 0.14 30184
aoD2AG 1e2 2 215 - 0.02 0.15 30340
aoD2SG 1e2 2 215 - 0.02 0.15 30344
moore 1e2 2 215 - 0.02 0.21 30488
nbpm 1e2 2 215 - 0.08 2.19 53008
greedy 1e2 2 215 - 0.03 0.14 30880
dry 56e3 2 17 - 0.02 0.12 29444
aoDLAV 56e3 2 17 - 0.03 0.29 33476
aoULAV 56e3 2 17 - 0.03 0.30 34696
aoD2AG 56e3 2 17 - 0.02 0.37 37288
aoD2SG 56e3 2 17 - 0.04 0.39 37304
dry 1e5 2 249 - 0.02 0.14 30796
aoDLAV 1e5 2 249 - 0.03 0.45 34800
aoULAV 1e5 2 249 - 0.04 0.45 35320
aoD2AG 1e5 2 249 - 0.03 0.58 42604
aoD2SG 1e5 2 249 - 0.04 0.65 43804
dry 1e1 2 188 - 0.01 0.12 25992
aoDLAV 1e1 2 188 - 0.02 0.14 30160
aoULAV 1e1 2 188 - 0.02 0.14 30172
aoD2AG 1e1 2 188 - 0.03 0.14 30316
aoD2SG 1e1 2 188 - 0.02 0.14 30320
moore 1e1 2 188 - 0.02 0.18 30476
nbpm 1e1 2 188 - 0.09 2.17 49820
greedy 1e1 2 188 - 0.02 0.15 30124
dry 350e2 2 218 - 0.02 0.13 27416
aoDLAV 350e2 2 218 - 0.04 0.22 31480
aoULAV 350e2 2 218 - 0.03 0.23 32260
aoD2AG 350e2 2 218 - 0.03 0.27 34848
aoD2SG 350e2 2 218 - 0.04 0.27 35128
dry 1e6 10 2 - 0.07 0.41 112232
aoDLAV 1e6 10 2 - 0.85 377.67 369888
aoULAV 1e6 10 2 - 0.83 399.65 369888
aoD2AG 1e6 10 2 - 0.41 346.78 446152
aoD2SG 1e6 10 2 - 0.47 471.43 456456
dry 56e1 2 44 - 0.02 0.12 26008
aoDLAV 56e1 2 44 - 0.03 0.14 30220
aoULAV 56e1 2 44 - 0.04 0.14 30236
aoD2AG 56e1 2 44 - 0.03 0.14 30420
aoD2SG 56e1 2 44 - 0.02 0.15 30424
moore 56e1 2 44 - 0.04 1.40 39660
nbpm 56e1 2 44 - 0.08 3.03 78712
greedy 56e1 2 44 - 0.05 0.39 64104
dry 1e5 2 235 - 0.03 0.13 31980
aoDLAV 1e5 2 235 - 0.04 0.45 34800
aoULAV 1e5 2 235 - 0.03 0.47 35324
aoD2AG 1e5 2 235 - 0.03 0.60 42600
aoD2SG 1e5 2 235 - 0.04 0.61 43804
dry 32e4 2 123 - 0.04 0.15 36424
aoDLAV 32e4 2 123 - 0.07 1.29 70828
aoULAV 32e4 2 123 - 0.07 1.29 70840
aoD2AG 32e4 2 123 - 0.08 1.78 88284
aoD2SG 32e4 2 123 - 0.07 1.99 90740
dry 1e6 2 157 - 0.05 0.19 49704
aoDLAV 1e6 2 157 - 0.12 3.51 178456
aoULAV 1e6 2 157 - 0.11 4.12 178456
aoD2AG 1e6 2 157 - 0.18 5.85 236172
aoD2SG 1e6 2 157 - 0.20 6.55 242308
dry 56e4 2 116 - 0.03 0.19 41104
aoDLAV 56e4 2 116 - 0.08 2.10 107988
aoULAV 56e4 2 116 - 0.08 2.20 107984
aoD2AG 56e4 2 116 - 0.14 3.12 138760
aoD2SG 56e4 2 116 - 0.13 3.46 144972
dry 1e3 10 44 - 0.02 0.12 26136
aoDLAV 1e3 10 44 - 0.03 0.15 30652
aoULAV 1e3 10 44 - 0.03 0.16 30664
aoD2AG 1e3 10 44 - 0.03 0.16 31060
aoD2SG 1e3 10 44 - 0.03 0.16 31096
moore 1e3 10 44 - 0.03 5.72 59840
nbpm 1e3 10 44 - 0.15 4.80 136140
greedy 1e3 10 44 - 0.07 1.08 139616
dry 325e2 2 132 - 0.02 0.12 30776
aoDLAV 325e2 2 132 - 0.02 0.22 31372
aoULAV 325e2 2 132 - 0.03 0.21 32084
aoD2AG 325e2 2 132 - 0.04 0.24 35004
aoD2SG 325e2 2 132 - 0.03 0.25 34764
dry 1e5 2 67 - 0.03 0.13 30620
aoDLAV 1e5 2 67 - 0.04 0.42 34800
aoULAV 1e5 2 67 - 0.03 0.43 35320
aoD2AG 1e5 2 67 - 0.04 0.54 42600
aoD2SG 1e5 2 67 - 0.04 0.61 43800
dry 32e3 2 73 - 0.02 0.12 29208
aoDLAV 32e3 2 73 - 0.03 0.21 31440
aoULAV 32e3 2 73 - 0.04 0.20 32144
aoD2AG 32e3 2 73 - 0.03 0.24 35024
aoD2SG 32e3 2 73 - 0.03 0.25 34792
dry 18e4 2 10 - 0.03 0.13 33104
aoDLAV 18e4 2 10 - 0.04 0.73 47860
aoULAV 18e4 2 10 - 0.05 0.78 47860
aoD2AG 18e4 2 10 - 0.06 0.98 58644
aoD2SG 18e4 2 10 - 0.06 1.07 59792
dry 5e4 10 43 - 0.04 0.12 33888
aoDLAV 5e4 10 43 - 0.04 7.36 40204
aoULAV 5e4 10 43 - 0.04 7.24 40200
aoD2AG 5e4 10 43 - 0.05 7.42 44984
aoD2SG 5e4 10 43 - 0.05 8.41 45000
dry 375e2 2 206 - 0.02 0.12 27516
aoDLAV 375e2 2 206 - 0.02 0.23 31784
aoULAV 375e2 2 206 - 0.03 0.24 32604
aoD2AG 375e2 2 206 - 0.03 0.27 35512
aoD2SG 375e2 2 206 - 0.04 0.28 35524
dry 325e2 2 127 - 0.02 0.12 27316
aoDLAV 325e2 2 127 - 0.02 0.22 31376
aoULAV 325e2 2 127 - 0.03 0.22 32084
aoD2AG 325e2 2 127 - 0.03 0.25 35000
aoD2SG 325e2 2 127 - 0.03 0.26 34760
dry 18e1 2 165 - 0.02 0.12 27952
aoDLAV 18e1 2 165 - 0.03 0.14 30184
aoULAV 18e1 2 165 - 0.03 0.14 30200
aoD2AG 18e1 2 165 - 0.03 0.14 30360
aoD2SG 18e1 2 165 - 0.03 0.13 30364
moore 18e1 2 165 - 0.02 0.28 30496
nbpm 18e1 2 165 - 0.09 2.13 54444
greedy 18e1 2 165 - 0.03 0.16 33348
dry 1e6 2 196 - 0.03 0.20 49708
aoDLAV 1e6 2 196 - 0.10 3.64 178456
aoULAV 1e6 2 196 - 0.10 3.81 178456
aoD2AG 1e6 2 196 - 0.17 5.45 233388
aoD2SG 1e6 2 196 - 0.19 6.16 242092
dry 32e3 2 163 - 0.02 0.12 29204
aoDLAV 32e3 2 163 - 0.03 0.22 31436
aoULAV 32e3 2 163 - 0.03 0.21 32152
aoD2AG 32e3 2 163 - 0.03 0.25 35024
aoD2SG 32e3 2 163 - 0.03 0.26 34788
dry 1e3 2 63 - 0.02 0.12 26024
aoDLAV 1e3 2 63 - 0.02 0.15 30304
aoULAV 1e3 2 63 - 0.03 0.14 30292
aoD2AG 1e3 2 63 - 0.03 0.14 30532
aoD2SG 1e3 2 63 - 0.04 0.13 30552
moore 1e3 2 63 - 0.04 4.62 59772
nbpm 1e3 2 63 - 0.15 3.94 138548
greedy 1e3 2 63 - 0.07 1.01 139248
dry 400e2 2 112 - 0.02 0.12 27616
aoDLAV 400e2 2 112 - 0.02 0.24 32240
aoULAV 400e2 2 112 - 0.03 0.24 33112
aoD2AG 400e2 2 112 - 0.04 0.27 36072
aoD2SG 400e2 2 112 - 0.03 0.30 35928
dry 250e2 2 148 - 0.03 0.11 27020
aoDLAV 250e2 2 148 - 0.03 0.20 31108
aoULAV 250e2 2 148 - 0.03 0.20 31216
aoD2AG 250e2 2 148 - 0.02 0.22 33864
aoD2SG 250e2 2 148 - 0.03 0.23 33964
dry 1e5 5 59 - 0.03 0.13 34476
aoDLAV 1e5 5 59 - 0.05 1.48 41820
aoULAV 1e5 5 59 - 0.04 1.50 43568
aoD2AG 1e5 5 59 - 0.06 1.65 53560
aoD2SG 1e5 5 59 - 0.05 1.83 53204
dry 1e3 10 73 - 0.02 0.12 26140
aoDLAV 1e3 10 73 - 0.04 0.15 30656
aoULAV 1e3 10 73 - 0.03 0.16 30668
aoD2AG 1e3 10 73 - 0.03 0.16 31056
aoD2SG 1e3 10 73 - 0.02 0.17 31076
moore 1e3 10 73 - 0.05 3.01 59868
nbpm 1e3 10 73 - 0.11 4.88 136144
greedy 1e3 10 73 - 0.07 1.00 139620
dry 1e5 10 165 - 0.04 0.17 38396
aoDLAV 1e5 10 165 - 0.05 21.05 53536
aoULAV 1e5 10 165 - 0.05 21.07 55312
aoD2AG 1e5 10 165 - 0.05 21.60 62808
aoD2SG 1e5 10 165 - 0.06 24.75 66836
dry 350e2 2 193 - 0.02 0.12 27420
aoDLAV 350e2 2 193 - 0.03 0.22 31480
aoULAV 350e2 2 193 - 0.03 0.23 32260
aoD2AG 350e2 2 193 - 0.03 0.26 34848
aoD2SG 350e2 2 193 - 0.04 0.27 35132
dry 1e2 10 107 - 0.02 0.12 26004
aoDLAV 1e2 10 107 - 0.02 0.15 30260
aoULAV 1e2 10 107 - 0.03 0.14 30272
aoD2AG 1e2 10 107 - 0.02 0.14 30440
aoD2SG 1e2 10 107 - 0.02 0.15 30452
moore 1e2 10 107 - 0.02 0.23 30496
nbpm 1e2 10 107 - 0.09 2.15 53076
greedy 1e2 10 107 - 0.02 0.15 30972
dry 1e2 10 31 - 0.02 0.12 26008
aoDLAV 1e2 10 31 - 0.02 0.15 30260
aoULAV 1e2 10 31 - 0.02 0.15 30272
aoD2AG 1e2 10 31 - 0.04 0.13 30440
aoD2SG 1e2 10 31 - 0.03 0.14 30452
moore 1e2 10 31 - 0.03 0.22 30496
nbpm 1e2 10 31 - 0.09 2.15 53076
greedy 1e2 10 31 - 0.02 0.15 30972
dry 300e2 2 250 - 0.02 0.12 27216
aoDLAV 300e2 2 250 - 0.02 0.22 31296
aoULAV 300e2 2 250 - 0.03 0.22 31892
aoD2AG 300e2 2 250 - 0.03 0.25 35060
aoD2SG 300e2 2 250 - 0.03 0.26 34720
dry 1e6 10 250 - 0.08 0.41 112236
aoDLAV 1e6 10 250 - 0.18 381.40 369992
aoULAV 1e6 10 250 - 0.29 384.04 370012
aoD2AG 1e6 10 250 - 0.41 395.08 448264
aoD2SG 1e6 10 250 - 0.40 461.38 458220
dry 1e2 10 182 - 0.02 0.12 26004
aoDLAV 1e2 10 182 - 0.03 0.14 30260
aoULAV 1e2 10 182 - 0.02 0.14 30272
aoD2AG 1e2 10 182 - 0.03 0.14 30440
aoD2SG 1e2 10 182 - 0.03 0.14 30448
moore 1e2 10 182 - 0.03 0.22 30500
nbpm 1e2 10 182 - 0.08 2.18 53076
greedy 1e2 10 182 - 0.03 0.15 30972
dry 250e2 2 247 - 0.02 0.12 27020
aoDLAV 250e2 2 247 - 0.02 0.21 31108
aoULAV 250e2 2 247 - 0.02 0.21 31216
aoD2AG 250e2 2 247 - 0.02 0.23 33860
aoD2SG 250e2 2 247 - 0.03 0.23 33968
dry 56e3 2 16 - 0.03 0.12 30228
aoDLAV 56e3 2 16 - 0.03 0.29 33476
aoULAV 56e3 2 16 - 0.04 0.29 34700
aoD2AG 56e3 2 16 - 0.04 0.35 37284
aoD2SG 56e3 2 16 - 0.03 0.40 37300
dry 18e4 2 45 - 0.03 0.14 33292
aoDLAV 18e4 2 45 - 0.04 0.79 47860
aoULAV 18e4 2 45 - 0.05 0.79 47864
aoD2AG 18e4 2 45 - 0.04 1.03 58744
aoD2SG 18e4 2 45 - 0.06 1.12 59832
dry 400e2 2 176 - 0.02 0.12 27616
aoDLAV 400e2 2 176 - 0.02 0.25 32236
aoULAV 400e2 2 176 - 0.02 0.25 33116
aoD2AG 400e2 2 176 - 0.03 0.29 36068
aoD2SG 400e2 2 176 - 0.04 0.30 35924
dry 250e2 2 137 - 0.02 0.12 27024
aoDLAV 250e2 2 137 - 0.03 0.20 31112
aoULAV 250e2 2 137 - 0.02 0.21 31216
aoD2AG 250e2 2 137 - 0.03 0.22 33860
aoD2SG 250e2 2 137 - 0.03 0.23 33992
dry 1e3 2 26 - 0.02 0.12 26020
aoDLAV 1e3 2 26 - 0.02 0.14 30280
aoULAV 1e3 2 26 - 0.03 0.14 30296
aoD2AG 1e3 2 26 - 0.03 0.14 30544
aoD2SG 1e3 2 26 - 0.02 0.15 30560
moore 1e3 2 26 - 0.04 6.38 59776
nbpm 1e3 2 26 - 0.11 4.15 138560
greedy 1e3 2 26 - 0.08 1.02 139244
dry 325e2 2 220 - 0.02 0.12 30776
aoDLAV 325e2 2 220 - 0.03 0.21 31376
aoULAV 325e2 2 220 - 0.04 0.20 32088
aoD2AG 325e2 2 220 - 0.03 0.25 35004
aoD2SG 325e2 2 220 - 0.02 0.26 34764
dry 1e6 10 184 - 0.08 0.39 112232
aoDLAV 1e6 10 184 - 0.21 388.32 369888
aoULAV 1e6 10 184 - 0.29 380.67 369940
aoD2AG 1e6 10 184 - 0.40 353.29 446856
aoD2SG 1e6 10 184 - 0.42 388.63 456400
