dry 3e7 2 178 - 0.29 0.96 616104
aoDLAV 3e7 2 178 - 2.13 156.48 4471432
aoULAV 3e7 2 178 - 2.37 178.45 4471432
aoD2AG 3e7 2 178 - 5.55 262.75 6570068
aoD2SG 3e7 2 178 - 6.12 296.32 6810156
dry 5e7 2 196 - 0.54 1.63 1006736
aoDLAV 5e7 2 196 - 4.11 286.43 7440192
aoULAV 5e7 2 196 - 5.28 310.95 7440192
aoD2AG 5e7 2 196 - 9.18 441.61 10938876
aoD2SG 5e7 2 196 - 10.09 523.98 11338560
dry 1e4 10 19 - 0.02 0.12 27688
aoDLAV 1e4 10 19 - 0.03 0.67 32764
aoULAV 1e4 10 19 - 0.03 0.67 32776
aoD2AG 1e4 10 19 - 0.02 0.70 32744
aoD2SG 1e4 10 19 - 0.03 0.77 34176
moore 1e4 10 19 - 1.10 1087.54 2963856
nbpm 1e4 10 19 - 7.49 913.11 7764384
greedy 1e4 10 19 - 6.93 278.42 10961112
dry 6e7 2 169 - 0.62 1.93 1202044
aoDLAV 6e7 2 169 - 4.86 353.21 8924564
aoULAV 6e7 2 169 - 6.89 387.89 8924560
aoD2AG 6e7 2 169 - 11.57 540.65 13121136
aoD2SG 6e7 2 169 - 12.97 649.44 13600812
dry 50e2 2 173 - 0.03 0.12 26208
aoDLAV 50e2 2 173 - 0.03 0.15 30852
aoULAV 50e2 2 173 - 0.04 0.16 30860
aoD2AG 50e2 2 173 - 0.03 0.17 31800
aoD2SG 50e2 2 173 - 0.03 0.19 31876
moore 50e2 2 173 - 0.49 168.27 764628
nbpm 50e2 2 173 - 2.09 54.69 2011924
greedy 50e2 2 173 - 1.74 60.66 2764780
dry 25e2 2 146 - 0.03 0.12 28104
aoDLAV 25e2 2 146 - 0.02 0.15 30452
aoULAV 25e2 2 146 - 0.02 0.15 30464
aoD2AG 25e2 2 146 - 0.03 0.15 30988
aoD2SG 25e2 2 146 - 0.03 0.15 31032
moore 25e2 2 146 - 0.10 39.44 213608
nbpm 25e2 2 146 - 0.60 12.17 541640
greedy 25e2 2 146 - 0.45 10.11 713664
dry 56e6 2 220 - 0.66 1.80 1123924
aoDLAV 56e6 2 220 - 4.84 325.72 8330816
aoULAV 56e6 2 220 - 6.47 358.96 8330820
aoD2AG 56e6 2 220 - 11.01 567.60 12246736
aoD2SG 56e6 2 220 - 12.02 582.27 12695912
dry 1e4 2 165 - 0.02 0.12 26432
aoDLAV 1e4 2 165 - 0.05 0.15 31864
aoULAV 1e4 2 165 - 0.03 0.16 31916
aoD2AG 1e4 2 165 - 0.02 0.18 31876
aoD2SG 1e4 2 165 - 0.03 0.17 31988
moore 1e4 2 165 - 1.25 1273.69 2960572
nbpm 1e4 2 165 - 7.86 352.93 7889416
greedy 1e4 2 165 - 6.56 286.44 10968568
dry 18e2 2 143 - 0.02 0.13 26048
aoDLAV 18e2 2 143 - 0.02 0.16 30376
aoULAV 18e2 2 143 - 0.03 0.15 30384
aoD2AG 18e2 2 143 - 0.03 0.16 30780
aoD2SG 18e2 2 143 - 0.03 0.15 30832
moore 18e2 2 143 - 0.08 20.54 125416
nbpm 18e2 2 143 - 0.24 7.38 334540
greedy 18e2 2 143 - 0.27 3.88 384356
dry 32e6 2 2 - 0.39 1.12 655176
aoDLAV 32e6 2 2 - 2.68 185.53 4768324
aoULAV 32e6 2 2 - 2.82 197.23 4768324
aoD2AG 32e6 2 2 - 6.21 272.81 7007992
aoD2SG 32e6 2 2 - 6.58 319.71 7261256
dry 5e7 2 211 - 0.55 1.63 1006736
aoDLAV 5e7 2 211 - 4.16 300.41 7440192
aoULAV 5e7 2 211 - 5.51 319.49 7440196
aoD2AG 5e7 2 211 - 10.09 464.61 10937060
aoD2SG 5e7 2 211 - 10.40 505.44 11335920
dry 3e7 2 219 - 0.36 1.05 616104
aoDLAV 3e7 2 219 - 2.49 171.72 4471428
aoULAV 3e7 2 219 - 2.52 178.39 4471428
aoD2AG 3e7 2 219 - 5.92 255.45 6570264
aoD2SG 3e7 2 219 - 6.31 292.55 6811776
dry 2e7 2 174 - 0.29 0.76 420800
aoDLAV 2e7 2 174 - 1.85 136.10 2987072
aoULAV 2e7 2 174 - 1.69 114.20 2987068
aoD2AG 2e7 2 174 - 3.43 190.20 4387920
aoD2SG 2e7 2 174 - 4.06 189.55 4544740
dry 25e2 2 248 - 0.02 0.13 26084
aoDLAV 25e2 2 248 - 0.03 0.15 30456
aoULAV 25e2 2 248 - 0.04 0.14 30464
aoD2AG 25e2 2 248 - 0.03 0.15 30980
aoD2SG 25e2 2 248 - 0.02 0.15 31032
moore 25e2 2 248 - 0.10 34.97 213608
nbpm 25e2 2 248 - 0.58 12.56 541644
greedy 25e2 2 248 - 0.43 10.45 713664
dry 75e2 2 249 - 0.03 0.12 26328
aoDLAV 75e2 2 249 - 0.04 0.16 31376
aoULAV 75e2 2 249 - 0.03 0.16 31388
aoD2AG 75e2 2 249 - 0.03 0.19 31384
aoD2SG 75e2 2 249 - 0.03 0.18 31380
moore 75e2 2 249 - 1.38 504.74 1688784
nbpm 75e2 2 249 - 4.28 219.21 4242120
greedy 75e2 2 249 - 3.89 152.73 6183088
dry 25e2 2 142 - 0.02 0.12 26080
aoDLAV 25e2 2 142 - 0.04 0.14 30452
aoULAV 25e2 2 142 - 0.03 0.15 30464
aoD2AG 25e2 2 142 - 0.03 0.16 30988
aoD2SG 25e2 2 142 - 0.03 0.15 31032
moore 25e2 2 142 - 0.12 27.40 213596
nbpm 25e2 2 142 - 0.54 13.74 541636
greedy 25e2 2 142 - 0.39 9.81 713664
dry 56e6 2 176 - 0.62 1.78 1123924
aoDLAV 56e6 2 176 - 4.95 338.36 8330816
aoULAV 56e6 2 176 - 6.53 356.47 8330820
aoD2AG 56e6 2 176 - 10.99 492.74 12249056
aoD2SG 56e6 2 176 - 11.97 588.67 12694532
dry 1e4 10 192 - 0.03 0.12 29548
aoDLAV 1e4 10 192 - 0.04 0.70 32764
aoULAV 1e4 10 192 - 0.03 0.70 32776
aoD2AG 1e4 10 192 - 0.03 0.71 32748
aoD2SG 1e4 10 192 - 0.04 0.78 34180
moore 1e4 10 192 - 1.18 871.15 2963852
nbpm 1e4 10 192 - 7.76 698.16 7764384
greedy 1e4 10 192 - 7.13 270.19 10961108
dry 56e2 2 195 - 0.01 0.13 26240
aoDLAV 56e2 2 195 - 0.04 0.15 30976
aoULAV 56e2 2 195 - 0.03 0.16 30988
aoD2AG 56e2 2 195 - 0.03 0.17 31992
aoD2SG 56e2 2 195 - 0.03 0.18 31128
moore 56e2 2 195 - 0.51 207.24 952696
nbpm 56e2 2 195 - 2.42 74.39 2388088
greedy 56e2 2 195 - 2.21 81.38 3460488
dry 3e7 2 127 - 0.39 1.02 616104
aoDLAV 3e7 2 127 - 2.64 169.34 4471428
aoULAV 3e7 2 127 - 2.64 182.64 4471432
aoD2AG 3e7 2 127 - 5.87 290.56 6569328
aoD2SG 3e7 2 127 - 6.19 289.80 6809088
dry 3e7 2 182 - 0.37 1.04 616104
aoDLAV 3e7 2 182 - 2.50 169.12 4471428
aoULAV 3e7 2 182 - 2.63 179.21 4471428
aoD2AG 3e7 2 182 - 5.74 248.55 6569900
aoD2SG 3e7 2 182 - 6.37 372.01 6808496
dry 7e7 2 137 - 0.82 2.19 1397356
aoDLAV 7e7 2 137 - 6.14 426.26 10408940
aoULAV 7e7 2 137 - 7.97 453.35 10408936
aoD2AG 7e7 2 137 - 13.50 605.45 15305196
aoD2SG 7e7 2 137 - 14.19 743.08 15863872
dry 1e4 5 249 - 0.03 0.12 26900
aoDLAV 1e4 5 249 - 0.03 0.21 31084
aoULAV 1e4 5 249 - 0.02 0.22 31096
aoD2AG 1e4 5 249 - 0.02 0.23 32108
aoD2SG 1e4 5 249 - 0.03 0.23 32112
moore 1e4 5 249 - 1.16 1007.22 2961732
nbpm 1e4 5 249 - 7.53 636.94 7811452
greedy 1e4 5 249 - 6.92 293.36 10959176
dry 2e7 2 13 - 0.29 0.74 420796
aoDLAV 2e7 2 13 - 1.83 108.47 2987068
aoULAV 2e7 2 13 - 2.37 115.58 2987068
aoD2AG 2e7 2 13 - 3.70 166.50 4387320
aoD2SG 2e7 2 13 - 4.29 191.47 4547164
dry 7e7 2 170 - 0.74 2.26 1397356
aoDLAV 7e7 2 170 - 5.91 426.16 10408936
aoULAV 7e7 2 170 - 7.99 512.98 10408936
aoD2AG 7e7 2 170 - 13.93 655.73 15304176
aoD2SG 7e7 2 170 - 14.10 762.80 15865152
dry 18e2 2 56 - 0.02 0.12 26048
aoDLAV 18e2 2 56 - 0.03 0.15 30372
aoULAV 18e2 2 56 - 0.04 0.14 30388
aoD2AG 18e2 2 56 - 0.03 0.14 30788
aoD2SG 18e2 2 56 - 0.03 0.15 30820
moore 18e2 2 56 - 0.08 20.99 125408
nbpm 18e2 2 56 - 0.23 7.71 334524
greedy 18e2 2 56 - 0.24 4.56 384352
dry 56e6 2 217 - 0.67 1.81 1123924
aoDLAV 56e6 2 217 - 4.77 334.48 8330816
aoULAV 56e6 2 217 - 6.27 351.22 8330816
aoD2AG 56e6 2 217 - 10.81 511.00 12246452
aoD2SG 56e6 2 217 - 12.23 587.24 12695184
dry 25e2 2 220 - 0.03 0.12 26080
aoDLAV 25e2 2 220 - 0.02 0.16 30452
aoULAV 25e2 2 220 - 0.03 0.15 30468
aoD2AG 25e2 2 220 - 0.03 0.15 31004
aoD2SG 25e2 2 220 - 0.03 0.16 31036
moore 25e2 2 220 - 0.10 23.19 213600
nbpm 25e2 2 220 - 0.64 12.39 541716
greedy 25e2 2 220 - 0.47 11.15 713664
dry 5e7 2 38 - 0.58 1.63 1006736
aoDLAV 5e7 2 38 - 4.30 287.91 7440192
aoULAV 5e7 2 38 - 5.56 308.53 7440196
aoD2AG 5e7 2 38 - 9.89 439.45 10936996
aoD2SG 5e7 2 38 - 11.28 520.53 11335468
dry 75e2 2 117 - 0.03 0.12 26332
aoDLAV 75e2 2 117 - 0.03 0.16 31380
aoULAV 75e2 2 117 - 0.03 0.15 31388
aoD2AG 75e2 2 117 - 0.03 0.17 31380
aoD2SG 75e2 2 117 - 0.04 0.18 31380
moore 75e2 2 117 - 1.26 494.39 1688784
nbpm 75e2 2 117 - 4.16 157.48 4242124
greedy 75e2 2 117 - 3.99 150.37 6183092
dry 56e2 2 64 - 0.02 0.12 26240
aoDLAV 56e2 2 64 - 0.03 0.15 30976
aoULAV 56e2 2 64 - 0.02 0.16 30988
aoD2AG 56e2 2 64 - 0.03 0.17 31984
aoD2SG 56e2 2 64 - 0.03 0.17 31120
moore 56e2 2 64 - 0.51 195.20 952720
nbpm 56e2 2 64 - 2.37 73.79 2388084
greedy 56e2 2 64 - 2.22 78.73 3460488
dry 5e7 2 227 - 0.55 1.64 1006736
aoDLAV 5e7 2 227 - 4.17 289.12 7440192
aoULAV 5e7 2 227 - 5.31 311.55 7440192
aoD2AG 5e7 2 227 - 9.65 440.05 10938796
aoD2SG 5e7 2 227 - 10.21 521.74 11335356
dry 3e7 2 208 - 0.37 1.05 616108
aoDLAV 3e7 2 208 - 2.65 166.99 4471432
aoULAV 3e7 2 208 - 2.61 173.58 4471428
aoD2AG 3e7 2 208 - 5.93 248.30 6573552
aoD2SG 3e7 2 208 - 6.52 289.62 6810552
dry 1e4 10 144 - 0.03 0.11 27692
aoDLAV 1e4 10 144 - 0.03 0.66 32764
aoULAV 1e4 10 144 - 0.03 0.75 32804
aoD2AG 1e4 10 144 - 0.03 0.72 32748
aoD2SG 1e4 10 144 - 0.03 0.83 34176
moore 1e4 10 144 - 1.19 882.75 2963852
nbpm 1e4 10 144 - 7.47 726.98 7764384
greedy 1e4 10 144 - 6.93 282.50 10961112
dry 25e2 2 108 - 0.03 0.12 26080
aoDLAV 25e2 2 108 - 0.03 0.15 30452
aoULAV 25e2 2 108 - 0.03 0.15 30464
aoD2AG 25e2 2 108 - 0.04 0.14 30976
aoD2SG 25e2 2 108 - 0.03 0.16 31020
moore 25e2 2 108 - 0.12 28.64 213604
nbpm 25e2 2 108 - 0.59 12.65 541648
greedy 25e2 2 108 - 0.49 11.59 713664
dry 18e2 2 193 - 0.03 0.12 26052
aoDLAV 18e2 2 193 - 0.03 0.15 30372
aoULAV 18e2 2 193 - 0.03 0.16 30384
aoD2AG 18e2 2 193 - 0.03 0.16 30788
aoD2SG 18e2 2 193 - 0.03 0.15 30820
moore 18e2 2 193 - 0.09 13.88 125484
nbpm 18e2 2 193 - 0.22 8.60 334536
greedy 18e2 2 193 - 0.21 5.28 384352
dry 32e2 2 115 - 0.02 0.12 26112
aoDLAV 32e2 2 115 - 0.03 0.15 30544
aoULAV 32e2 2 115 - 0.03 0.16 30548
aoD2AG 32e2 2 115 - 0.02 0.17 31184
aoD2SG 32e2 2 115 - 0.03 0.16 31268
moore 32e2 2 115 - 0.19 47.43 330520
nbpm 32e2 2 115 - 0.92 20.40 854760
greedy 32e2 2 115 - 0.83 22.95 1150164
dry 56e6 2 66 - 0.63 1.78 1123924
aoDLAV 56e6 2 66 - 4.76 327.31 8330820
aoULAV 56e6 2 66 - 6.16 358.93 8330820
aoD2AG 56e6 2 66 - 11.27 498.63 12246428
aoD2SG 56e6 2 66 - 11.68 715.02 12693084
dry 25e2 2 75 - 0.02 0.13 26080
aoDLAV 25e2 2 75 - 0.04 0.14 30452
aoULAV 25e2 2 75 - 0.02 0.16 30468
aoD2AG 25e2 2 75 - 0.03 0.16 30988
aoD2SG 25e2 2 75 - 0.03 0.15 31036
moore 25e2 2 75 - 0.10 34.46 213596
nbpm 25e2 2 75 - 0.51 12.52 541636
greedy 25e2 2 75 - 0.39 10.15 713664
dry 5e7 2 153 - 0.57 1.59 1006736
aoDLAV 5e7 2 153 - 4.35 298.00 7440192
aoULAV 5e7 2 153 - 5.59 323.15 7440196
aoD2AG 5e7 2 153 - 9.92 437.02 10937536
aoD2SG 5e7 2 153 - 10.28 514.99 11336152
dry 1e4 2 238 - 0.02 0.12 26436
aoDLAV 1e4 2 238 - 0.04 0.16 31868
aoULAV 1e4 2 238 - 0.03 0.17 31876
aoD2AG 1e4 2 238 - 0.03 0.18 31880
aoD2SG 1e4 2 238 - 0.03 0.19 31988
moore 1e4 2 238 - 1.13 1006.12 2960572
nbpm 1e4 2 238 - 7.64 372.76 7889412
greedy 1e4 2 238 - 6.92 286.48 10968568
dry 2e7 2 87 - 0.22 0.73 420796
aoDLAV 2e7 2 87 - 1.59 106.41 2987068
aoULAV 2e7 2 87 - 2.04 111.31 2987068
aoD2AG 2e7 2 87 - 3.54 158.63 4386776
aoD2SG 2e7 2 87 - 4.04 185.41 4547016
dry 1e4 5 126 - 0.03 0.11 26900
aoDLAV 1e4 5 126 - 0.02 0.21 31084
aoULAV 1e4 5 126 - 0.02 0.22 31096
aoD2AG 1e4 5 126 - 0.03 0.22 32108
aoD2SG 1e4 5 126 - 0.03 0.24 32108
moore 1e4 5 126 - 1.14 1011.13 2961736
nbpm 1e4 5 126 - 7.27 691.91 7811452
greedy 1e4 5 126 - 6.58 298.33 10959172
dry 32e2 2 81 - 0.04 0.11 26112
aoDLAV 32e2 2 81 - 0.03 0.15 30540
aoULAV 32e2 2 81 - 0.04 0.14 30548
aoD2AG 32e2 2 81 - 0.02 0.16 31216
aoD2SG 32e2 2 81 - 0.03 0.15 31276
moore 32e2 2 81 - 0.15 32.26 330516
nbpm 32e2 2 81 - 0.92 21.23 854752
greedy 32e2 2 81 - 0.62 21.03 1150164
dry 4e7 2 100 - 0.50 1.34 811424
aoDLAV 4e7 2 100 - 3.54 233.31 5955816
aoULAV 4e7 2 100 - 4.47 239.48 5955816
aoD2AG 4e7 2 100 - 8.12 338.75 8754900
aoD2SG 4e7 2 100 - 8.50 404.87 9073336
dry 1e4 2 86 - 0.02 0.12 26436
aoDLAV 1e4 2 86 - 0.03 0.16 31864
aoULAV 1e4 2 86 - 0.03 0.17 31876
aoD2AG 1e4 2 86 - 0.03 0.17 31880
aoD2SG 1e4 2 86 - 0.04 0.17 31988
moore 1e4 2 86 - 1.12 1265.37 2960576
nbpm 1e4 2 86 - 7.45 349.87 7889416
greedy 1e4 2 86 - 6.24 277.23 10968568
dry 56e6 2 153 - 0.63 1.80 1123924
aoDLAV 56e6 2 153 - 4.64 333.42 8330816
aoULAV 56e6 2 153 - 5.91 356.89 8330816
aoD2AG 56e6 2 153 - 11.06 503.55 12247040
aoD2SG 56e6 2 153 - 12.32 590.91 12696096
dry 18e6 2 30 - 0.25 0.69 381736
aoDLAV 18e6 2 30 - 1.56 96.63 2690192
aoULAV 18e6 2 30 - 1.51 99.15 2690196
aoD2AG 18e6 2 30 - 3.63 144.57 3950276
aoD2SG 18e6 2 30 - 3.47 173.38 4094684
dry 1e4 2 216 - 0.03 0.12 26436
aoDLAV 1e4 2 216 - 0.03 0.18 31864
aoULAV 1e4 2 216 - 0.02 0.18 31880
aoD2AG 1e4 2 216 - 0.03 0.18 31880
aoD2SG 1e4 2 216 - 0.03 0.19 31992
moore 1e4 2 216 - 1.11 1279.04 2960576
nbpm 1e4 2 216 - 7.42 348.79 7889412
greedy 1e4 2 216 - 6.67 344.92 10968572
dry 18e2 2 19 - 0.02 0.12 26052
aoDLAV 18e2 2 19 - 0.04 0.15 30376
aoULAV 18e2 2 19 - 0.03 0.15 30384
aoD2AG 18e2 2 19 - 0.03 0.16 30784
aoD2SG 18e2 2 19 - 0.03 0.16 30824
moore 18e2 2 19 - 0.07 12.91 125424
nbpm 18e2 2 19 - 0.21 7.38 334536
greedy 18e2 2 19 - 0.23 3.87 384352
dry 1e4 2 109 - 0.03 0.12 26432
aoDLAV 1e4 2 109 - 0.03 0.17 31864
aoULAV 1e4 2 109 - 0.02 0.18 31876
aoD2AG 1e4 2 109 - 0.03 0.18 31876
aoD2SG 1e4 2 109 - 0.03 0.21 31992
moore 1e4 2 109 - 1.12 1296.67 2960580
nbpm 1e4 2 109 - 7.55 342.39 7889424
greedy 1e4 2 109 - 6.59 265.05 10968568
dry 75e2 2 225 - 0.02 0.13 26332
aoDLAV 75e2 2 225 - 0.03 0.17 31424
aoULAV 75e2 2 225 - 0.03 0.17 31392
aoD2AG 75e2 2 225 - 0.03 0.19 31380
aoD2SG 75e2 2 225 - 0.03 0.18 31380
moore 75e2 2 225 - 1.78 596.71 1688784
nbpm 75e2 2 225 - 4.22 164.10 4242124
greedy 75e2 2 225 - 4.05 161.09 6183092
dry 56e2 2 40 - 0.02 0.12 26240
aoDLAV 56e2 2 40 - 0.03 0.16 30976
aoULAV 56e2 2 40 - 0.04 0.15 31008
aoD2AG 56e2 2 40 - 0.02 0.18 31976
aoD2SG 56e2 2 40 - 0.03 0.17 31136
moore 56e2 2 40 - 0.40 138.07 949988
nbpm 56e2 2 40 - 2.52 80.19 2388088
greedy 56e2 2 40 - 2.22 81.86 3460488
dry 18e6 2 33 - 0.22 0.71 381740
aoDLAV 18e6 2 33 - 1.65 99.88 2690196
aoULAV 18e6 2 33 - 1.52 104.68 2690196
aoD2AG 18e6 2 33 - 3.55 154.85 3949176
aoD2SG 18e6 2 33 - 3.40 172.28 4093624
dry 2e7 2 224 - 0.24 0.76 420824
aoDLAV 2e7 2 224 - 1.66 109.86 2987068
aoULAV 2e7 2 224 - 1.70 110.76 2987068
aoD2AG 2e7 2 224 - 4.00 157.78 4388268
aoD2SG 2e7 2 224 - 3.86 190.37 4547084
dry 1e4 10 224 - 0.02 0.12 27692
aoDLAV 1e4 10 224 - 0.04 0.67 32764
aoULAV 1e4 10 224 - 0.03 0.68 32776
aoD2AG 1e4 10 224 - 0.03 0.70 32744
aoD2SG 1e4 10 224 - 0.03 0.78 34176
moore 1e4 10 224 - 1.17 1016.41 2963856
nbpm 1e4 10 224 - 7.69 991.20 7764392
greedy 1e4 10 224 - 6.93 279.73 10961112
dry 2e7 2 149 - 0.26 0.77 420800
aoDLAV 2e7 2 149 - 2.32 109.97 2987068
aoULAV 2e7 2 149 - 1.95 113.49 2987072
aoD2AG 2e7 2 149 - 3.42 164.43 4387272
aoD2SG 2e7 2 149 - 4.07 190.94 4547524
dry 18e2 2 95 - 0.03 0.12 26048
aoDLAV 18e2 2 95 - 0.03 0.15 30376
aoULAV 18e2 2 95 - 0.02 0.16 30384
aoD2AG 18e2 2 95 - 0.03 0.15 30792
aoD2SG 18e2 2 95 - 0.03 0.15 30832
moore 18e2 2 95 - 0.07 6.04 125440
nbpm 18e2 2 95 - 0.23 7.63 334524
greedy 18e2 2 95 - 0.26 4.21 384348
dry 32e2 2 181 - 0.02 0.12 26112
aoDLAV 32e2 2 181 - 0.03 0.15 30544
aoULAV 32e2 2 181 - 0.04 0.14 30548
aoD2AG 32e2 2 181 - 0.03 0.15 31212
aoD2SG 32e2 2 181 - 0.03 0.15 31268
moore 32e2 2 181 - 0.31 71.99 330552
nbpm 32e2 2 181 - 0.90 20.46 854764
greedy 32e2 2 181 - 0.65 21.37 1150164
dry 1e4 2 96 - 0.02 0.12 26436
aoDLAV 1e4 2 96 - 0.03 0.17 31864
aoULAV 1e4 2 96 - 0.03 0.18 31880
aoD2AG 1e4 2 96 - 0.03 0.18 31880
aoD2SG 1e4 2 96 - 0.03 0.18 31988
moore 1e4 2 96 - 1.14 1226.71 2960584
nbpm 1e4 2 96 - 6.67 345.60 7889436
greedy 1e4 2 96 - 5.13 125.03 10968572
