dry 1e4 2 57 - 0.04 0.15 26432
aoDLAV 1e4 2 57 - 0.05 0.25 31868
aoULAV 1e4 2 57 - 0.05 0.22 31876
aoD2AG 1e4 2 57 - 0.04 0.24 31876
aoD2SG 1e4 2 57 - 0.04 0.24 31992
moore 1e4 2 57 - 1.25 1186.33 2960576
nbpm 1e4 2 57 - 7.62 352.50 7889416
greedy 1e4 2 57 - 6.03 272.74 10968568
dry 3e7 2 44 - 0.38 1.01 616108
aoDLAV 3e7 2 44 - 2.56 180.18 4471432
aoULAV 3e7 2 44 - 3.33 177.48 4471428
aoD2AG 3e7 2 44 - 5.23 257.75 6572308
aoD2SG 3e7 2 44 - 6.32 299.01 6809948
dry 1e4 5 118 - 0.03 0.12 26900
aoDLAV 1e4 5 118 - 0.04 0.21 31088
aoULAV 1e4 5 118 - 0.04 0.21 31096
aoD2AG 1e4 5 118 - 0.04 0.23 32112
aoD2SG 1e4 5 118 - 0.04 0.25 32108
moore 1e4 5 118 - 1.20 850.91 2961764
nbpm 1e4 5 118 - 7.51 733.39 7811520
greedy 1e4 5 118 - 6.55 290.24 10959176
dry 6e7 2 215 - 0.70 1.89 1202044
aoDLAV 6e7 2 215 - 5.20 368.45 8924564
aoULAV 6e7 2 215 - 6.83 384.68 8924564
aoD2AG 6e7 2 215 - 12.14 528.41 13122776
aoD2SG 6e7 2 215 - 12.39 637.36 13601392
dry 1e4 2 65 - 0.03 0.12 26432
aoDLAV 1e4 2 65 - 0.03 0.17 31864
aoULAV 1e4 2 65 - 0.03 0.17 31876
aoD2AG 1e4 2 65 - 0.03 0.18 31880
aoD2SG 1e4 2 65 - 0.03 0.19 31988
moore 1e4 2 65 - 1.25 1047.55 2960580
nbpm 1e4 2 65 - 8.14 356.33 7889424
greedy 1e4 2 65 - 6.43 272.35 10968572
dry 18e2 2 138 - 0.03 0.12 26048
aoDLAV 18e2 2 138 - 0.03 0.15 30372
aoULAV 18e2 2 138 - 0.03 0.15 30384
aoD2AG 18e2 2 138 - 0.02 0.16 30788
aoD2SG 18e2 2 138 - 0.02 0.16 30816
moore 18e2 2 138 - 0.09 19.98 125416
nbpm 18e2 2 138 - 0.20 7.75 334536
greedy 18e2 2 138 - 0.23 5.28 384352
dry 5e7 2 92 - 0.59 1.67 1006736
aoDLAV 5e7 2 92 - 4.06 294.48 7440192
aoULAV 5e7 2 92 - 5.60 306.72 7440192
aoD2AG 5e7 2 92 - 9.69 434.39 10939740
aoD2SG 5e7 2 92 - 10.45 526.26 11338512
dry 4e7 2 206 - 0.47 1.36 811424
aoDLAV 4e7 2 206 - 3.40 233.43 5955820
aoULAV 4e7 2 206 - 4.51 232.93 5955820
aoD2AG 4e7 2 206 - 7.83 343.98 8752160
aoD2SG 4e7 2 206 - 8.19 445.12 9071296
dry 32e2 2 143 - 0.03 0.12 26112
aoDLAV 32e2 2 143 - 0.03 0.15 30540
aoULAV 32e2 2 143 - 0.03 0.15 30552
aoD2AG 32e2 2 143 - 0.02 0.16 31212
aoD2SG 32e2 2 143 - 0.03 0.16 31256
moore 32e2 2 143 - 0.25 60.51 330512
nbpm 32e2 2 143 - 0.87 20.47 854752
greedy 32e2 2 143 - 0.66 21.00 1150164
dry 32e6 2 113 - 0.36 1.10 655176
aoDLAV 32e6 2 113 - 2.80 179.21 4768324
aoULAV 32e6 2 113 - 2.85 190.99 4768324
aoD2AG 32e6 2 113 - 6.24 271.33 7006488
aoD2SG 32e6 2 113 - 6.61 325.84 7263624
dry 2e7 2 143 - 0.24 0.75 420800
aoDLAV 2e7 2 143 - 1.74 111.82 2987068
aoULAV 2e7 2 143 - 2.24 119.08 2987068
aoD2AG 2e7 2 143 - 3.46 162.42 4388288
aoD2SG 2e7 2 143 - 4.00 197.45 4545632
dry 32e6 2 246 - 0.39 1.08 655176
aoDLAV 32e6 2 246 - 2.62 173.65 4768324
aoULAV 32e6 2 246 - 3.70 194.40 4768328
aoD2AG 32e6 2 246 - 5.66 274.39 7008624
aoD2SG 32e6 2 246 - 6.60 321.73 7262244
dry 56e6 2 2 - 0.66 1.77 1123924
aoDLAV 56e6 2 2 - 4.50 331.79 8330816
aoULAV 56e6 2 2 - 5.83 363.83 8330816
aoD2AG 56e6 2 2 - 11.01 521.11 12245368
aoD2SG 56e6 2 2 - 12.05 720.48 12694272
dry 18e6 2 89 - 0.24 0.72 381736
aoDLAV 18e6 2 89 - 1.61 99.26 2690192
aoULAV 18e6 2 89 - 1.67 101.00 2690192
aoD2AG 18e6 2 89 - 3.50 147.58 3950288
aoD2SG 18e6 2 89 - 3.42 164.62 4094352
dry 1e4 10 100 - 0.03 0.12 29532
aoDLAV 1e4 10 100 - 0.04 0.68 32764
aoULAV 1e4 10 100 - 0.03 0.69 32776
aoD2AG 1e4 10 100 - 0.03 0.72 32744
aoD2SG 1e4 10 100 - 0.04 0.77 34176
moore 1e4 10 100 - 1.29 1080.28 2963856
nbpm 1e4 10 100 - 7.66 749.83 7764388
greedy 1e4 10 100 - 6.91 287.70 10961108
dry 56e2 2 176 - 0.03 0.12 26236
aoDLAV 56e2 2 176 - 0.03 0.15 30976
aoULAV 56e2 2 176 - 0.03 0.16 30988
aoD2AG 56e2 2 176 - 0.03 0.19 31992
aoD2SG 56e2 2 176 - 0.04 0.19 31128
moore 56e2 2 176 - 0.84 241.31 952716
nbpm 56e2 2 176 - 2.58 75.11 2388080
greedy 56e2 2 176 - 2.25 78.22 3460488
dry 18e6 2 98 - 0.23 0.71 381736
aoDLAV 18e6 2 98 - 1.50 99.66 2690192
aoULAV 18e6 2 98 - 2.00 107.93 2690192
aoD2AG 18e6 2 98 - 3.35 144.17 3951716
aoD2SG 18e6 2 98 - 3.63 163.93 4092520
dry 18e6 2 8 - 0.21 0.71 381740
aoDLAV 18e6 2 8 - 1.46 93.88 2690196
aoULAV 18e6 2 8 - 1.62 104.70 2690192
aoD2AG 18e6 2 8 - 3.45 143.99 3950864
aoD2SG 18e6 2 8 - 3.24 165.18 4095156
dry 1e4 10 35 - 0.03 0.12 27952
aoDLAV 1e4 10 35 - 0.03 0.67 32764
aoULAV 1e4 10 35 - 0.02 0.70 32776
aoD2AG 1e4 10 35 - 0.04 0.72 32748
aoD2SG 1e4 10 35 - 0.03 0.79 34180
moore 1e4 10 35 - 1.22 1115.28 2963852
nbpm 1e4 10 35 - 7.60 776.67 7764384
greedy 1e4 10 35 - 6.73 259.75 10961108
dry 6e7 2 142 - 0.69 1.92 1202044
aoDLAV 6e7 2 142 - 5.28 364.47 8924560
aoULAV 6e7 2 142 - 6.68 394.57 8924560
aoD2AG 6e7 2 142 - 11.70 540.83 13122516
aoD2SG 6e7 2 142 - 12.51 633.09 13600964
dry 5e7 2 108 - 0.55 1.63 1006736
aoDLAV 5e7 2 108 - 4.35 293.68 7440192
aoULAV 5e7 2 108 - 5.58 304.70 7440192
aoD2AG 5e7 2 108 - 10.07 434.81 10940392
aoD2SG 5e7 2 108 - 10.44 532.91 11338516
dry 2e7 2 1 - 0.23 0.74 420796
aoDLAV 2e7 2 1 - 1.56 103.25 2987068
aoULAV 2e7 2 1 - 2.31 116.28 2987068
aoD2AG 2e7 2 1 - 3.50 163.81 4384620
aoD2SG 2e7 2 1 - 4.28 185.12 4547540
dry 18e6 2 17 - 0.22 0.68 381736
aoDLAV 18e6 2 17 - 1.57 92.07 2690192
aoULAV 18e6 2 17 - 1.62 97.43 2690192
aoD2AG 18e6 2 17 - 3.43 144.66 3953320
aoD2SG 18e6 2 17 - 3.32 167.93 4096572
dry 18e2 2 124 - 0.02 0.12 26048
aoDLAV 18e2 2 124 - 0.03 0.15 30376
aoULAV 18e2 2 124 - 0.03 0.15 30384
aoD2AG 18e2 2 124 - 0.03 0.15 30784
aoD2SG 18e2 2 124 - 0.03 0.15 30828
moore 18e2 2 124 - 0.07 12.45 125456
nbpm 18e2 2 124 - 0.19 7.95 334540
greedy 18e2 2 124 - 0.26 5.10 384352
dry 50e2 2 5 - 0.02 0.13 26204
aoDLAV 50e2 2 5 - 0.03 0.15 30848
aoULAV 50e2 2 5 - 0.02 0.16 30860
aoD2AG 50e2 2 5 - 0.03 0.16 31776
aoD2SG 50e2 2 5 - 0.03 0.17 31864
moore 50e2 2 5 - 0.45 154.66 764660
nbpm 50e2 2 5 - 1.98 57.18 2011924
greedy 50e2 2 5 - 1.75 64.27 2764780
dry 56e6 2 143 - 0.63 1.81 1123928
aoDLAV 56e6 2 143 - 4.83 337.87 8330816
aoULAV 56e6 2 143 - 6.22 356.14 8330820
aoD2AG 56e6 2 143 - 11.12 550.53 12248084
aoD2SG 56e6 2 143 - 12.04 601.94 12695032
dry 2e7 2 107 - 0.27 0.76 420796
aoDLAV 2e7 2 107 - 1.82 110.49 2987068
aoULAV 2e7 2 107 - 2.14 110.68 2987068
aoD2AG 2e7 2 107 - 3.63 162.50 4384352
aoD2SG 2e7 2 107 - 4.40 187.93 4543264
dry 3e7 2 206 - 0.33 1.07 616104
aoDLAV 3e7 2 206 - 2.32 168.21 4471428
aoULAV 3e7 2 206 - 3.45 183.53 4471428
aoD2AG 3e7 2 206 - 5.16 251.02 6571480
aoD2SG 3e7 2 206 - 6.17 292.85 6812064
dry 56e2 2 85 - 0.02 0.12 26236
aoDLAV 56e2 2 85 - 0.02 0.15 30976
aoULAV 56e2 2 85 - 0.02 0.15 30988
aoD2AG 56e2 2 85 - 0.02 0.17 31976
aoD2SG 56e2 2 85 - 0.02 0.17 31124
moore 56e2 2 85 - 0.40 140.01 949984
nbpm 56e2 2 85 - 2.43 72.93 2388084
greedy 56e2 2 85 - 1.96 77.23 3460488
dry 18e2 2 235 - 0.02 0.12 26048
aoDLAV 18e2 2 235 - 0.03 0.14 30376
aoULAV 18e2 2 235 - 0.04 0.13 30388
aoD2AG 18e2 2 235 - 0.03 0.14 30772
aoD2SG 18e2 2 235 - 0.03 0.14 30812
moore 18e2 2 235 - 0.06 18.04 125416
nbpm 18e2 2 235 - 0.18 8.09 334540
greedy 18e2 2 235 - 0.23 3.76 384352
dry 50e2 2 36 - 0.02 0.12 26204
aoDLAV 50e2 2 36 - 0.02 0.15 30848
aoULAV 50e2 2 36 - 0.03 0.14 30860
aoD2AG 50e2 2 36 - 0.02 0.16 31788
aoD2SG 50e2 2 36 - 0.03 0.17 31868
moore 50e2 2 36 - 0.59 184.03 764628
nbpm 50e2 2 36 - 1.91 55.86 2011924
greedy 50e2 2 36 - 1.83 61.90 2764784
dry 32e6 2 1 - 0.37 1.13 655176
aoDLAV 32e6 2 1 - 2.71 180.54 4768324
aoULAV 32e6 2 1 - 3.48 194.64 4768324
aoD2AG 32e6 2 1 - 6.50 282.55 7006156
aoD2SG 32e6 2 1 - 6.89 326.17 7262132
dry 1e4 5 72 - 0.03 0.13 26900
aoDLAV 1e4 5 72 - 0.04 0.23 31084
aoULAV 1e4 5 72 - 0.04 0.22 31096
aoD2AG 1e4 5 72 - 0.04 0.23 32108
aoD2SG 1e4 5 72 - 0.03 0.24 32112
moore 1e4 5 72 - 1.16 1246.28 2961736
nbpm 1e4 5 72 - 7.33 713.54 7811456
greedy 1e4 5 72 - 6.41 296.21 10959176
dry 32e2 2 15 - 0.02 0.13 26112
aoDLAV 32e2 2 15 - 0.04 0.15 30540
aoULAV 32e2 2 15 - 0.03 0.15 30556
aoD2AG 32e2 2 15 - 0.03 0.15 31188
aoD2SG 32e2 2 15 - 0.02 0.16 31244
moore 32e2 2 15 - 0.25 56.41 330520
nbpm 32e2 2 15 - 0.86 19.31 854760
greedy 32e2 2 15 - 0.67 21.79 1150168
dry 32e2 2 89 - 0.02 0.12 26116
aoDLAV 32e2 2 89 - 0.03 0.15 30540
aoULAV 32e2 2 89 - 0.03 0.15 30552
aoD2AG 32e2 2 89 - 0.04 0.14 31216
aoD2SG 32e2 2 89 - 0.04 0.14 31272
moore 32e2 2 89 - 0.28 76.05 330512
nbpm 32e2 2 89 - 0.88 19.02 854752
greedy 32e2 2 89 - 0.72 21.84 1150164
dry 25e2 2 175 - 0.03 0.12 26080
aoDLAV 25e2 2 175 - 0.03 0.15 30452
aoULAV 25e2 2 175 - 0.03 0.15 30464
aoD2AG 25e2 2 175 - 0.03 0.15 30992
aoD2SG 25e2 2 175 - 0.02 0.16 31040
moore 25e2 2 175 - 0.10 39.56 213600
nbpm 25e2 2 175 - 0.54 16.19 541636
greedy 25e2 2 175 - 0.40 9.78 713664
dry 7e7 2 82 - 0.72 2.17 1397360
aoDLAV 7e7 2 82 - 5.93 521.64 10408936
aoULAV 7e7 2 82 - 7.92 601.43 10408940
aoD2AG 7e7 2 82 - 13.21 653.44 15302804
aoD2SG 7e7 2 82 - 14.87 740.54 15862296
dry 32e2 2 62 - 0.02 0.12 26116
aoDLAV 32e2 2 62 - 0.03 0.15 30540
aoULAV 32e2 2 62 - 0.03 0.15 30552
aoD2AG 32e2 2 62 - 0.03 0.15 31204
aoD2SG 32e2 2 62 - 0.03 0.15 31316
moore 32e2 2 62 - 0.24 53.30 330516
nbpm 32e2 2 62 - 0.86 20.34 854752
greedy 32e2 2 62 - 0.74 23.14 1150168
dry 32e2 2 213 - 0.02 0.12 26116
aoDLAV 32e2 2 213 - 0.03 0.14 30540
aoULAV 32e2 2 213 - 0.04 0.14 30552
aoD2AG 32e2 2 213 - 0.03 0.15 31200
aoD2SG 32e2 2 213 - 0.03 0.16 31276
moore 32e2 2 213 - 0.20 51.10 330512
nbpm 32e2 2 213 - 0.89 20.91 854756
greedy 32e2 2 213 - 0.70 22.61 1150168
dry 32e6 2 17 - 0.37 1.11 655176
aoDLAV 32e6 2 17 - 2.79 185.70 4768324
aoULAV 32e6 2 17 - 2.88 200.35 4768324
aoD2AG 32e6 2 17 - 6.24 273.95 7007828
aoD2SG 32e6 2 17 - 6.69 314.95 7263980
dry 2e7 2 63 - 0.23 0.77 420796
aoDLAV 2e7 2 63 - 1.69 107.57 2987068
aoULAV 2e7 2 63 - 1.72 116.54 2987068
aoD2AG 2e7 2 63 - 3.98 163.57 4387136
aoD2SG 2e7 2 63 - 3.85 191.49 4544576
dry 2e7 2 142 - 0.25 0.75 420824
aoDLAV 2e7 2 142 - 1.71 108.55 2987068
aoULAV 2e7 2 142 - 1.75 122.42 2987068
aoD2AG 2e7 2 142 - 3.88 164.98 4387588
aoD2SG 2e7 2 142 - 3.51 183.52 4545180
dry 4e7 2 81 - 0.51 1.29 811424
aoDLAV 4e7 2 81 - 3.31 268.72 5955816
aoULAV 4e7 2 81 - 4.57 323.50 5955816
aoD2AG 4e7 2 81 - 7.91 345.03 8751456
aoD2SG 4e7 2 81 - 8.39 396.28 9072392
dry 50e2 2 237 - 0.02 0.12 26204
aoDLAV 50e2 2 237 - 0.03 0.15 30848
aoULAV 50e2 2 237 - 0.03 0.15 30860
aoD2AG 50e2 2 237 - 0.03 0.16 31816
aoD2SG 50e2 2 237 - 0.03 0.17 31868
moore 50e2 2 237 - 0.42 154.86 764628
nbpm 50e2 2 237 - 2.08 53.01 2011924
greedy 50e2 2 237 - 1.70 61.60 2764780
dry 75e2 2 180 - 0.02 0.12 26328
aoDLAV 75e2 2 180 - 0.04 0.15 31376
aoULAV 75e2 2 180 - 0.03 0.16 31388
aoD2AG 75e2 2 180 - 0.04 0.17 31380
aoD2SG 75e2 2 180 - 0.02 0.18 31380
moore 75e2 2 180 - 1.20 472.35 1688784
nbpm 75e2 2 180 - 4.11 153.85 4242128
greedy 75e2 2 180 - 3.33 152.20 6183092
dry 7e7 2 179 - 0.88 2.18 1397356
aoDLAV 7e7 2 179 - 5.81 420.86 10408940
aoULAV 7e7 2 179 - 7.62 525.47 10408936
aoD2AG 7e7 2 179 - 14.34 638.83 15302836
aoD2SG 7e7 2 179 - 14.84 960.27 15860320
dry 1e4 5 248 - 0.03 0.12 26900
aoDLAV 1e4 5 248 - 0.04 0.21 31084
aoULAV 1e4 5 248 - 0.03 0.22 31100
aoD2AG 1e4 5 248 - 0.03 0.22 32108
aoD2SG 1e4 5 248 - 0.04 0.23 32108
moore 1e4 5 248 - 1.18 1093.67 2961736
nbpm 1e4 5 248 - 7.26 661.92 7811456
greedy 1e4 5 248 - 6.77 325.72 10959172
dry 25e2 2 149 - 0.03 0.11 26080
aoDLAV 25e2 2 149 - 0.03 0.15 30452
aoULAV 25e2 2 149 - 0.02 0.16 30464
aoD2AG 25e2 2 149 - 0.03 0.15 30988
aoD2SG 25e2 2 149 - 0.03 0.16 31040
moore 25e2 2 149 - 0.08 16.96 213624
nbpm 25e2 2 149 - 0.55 12.72 541636
greedy 25e2 2 149 - 0.52 10.72 713664
dry 56e6 2 84 - 0.73 1.80 1123928
aoDLAV 56e6 2 84 - 5.16 373.64 8330816
aoULAV 56e6 2 84 - 6.05 352.85 8330816
aoD2AG 56e6 2 84 - 11.89 573.73 12247500
aoD2SG 56e6 2 84 - 11.64 599.91 12692476
dry 2e7 2 173 - 0.27 0.74 420800
aoDLAV 2e7 2 173 - 1.75 109.50 2987072
aoULAV 2e7 2 173 - 1.65 113.28 2987068
aoD2AG 2e7 2 173 - 3.45 165.64 4388236
aoD2SG 2e7 2 173 - 4.29 197.57 4547580
dry 18e6 2 135 - 0.21 0.70 381740
aoDLAV 18e6 2 135 - 1.51 98.04 2690192
aoULAV 18e6 2 135 - 1.55 106.38 2690192
aoD2AG 18e6 2 135 - 3.31 155.41 3949508
aoD2SG 18e6 2 135 - 3.91 161.91 4093212
dry 56e6 2 116 - 0.64 1.77 1123928
aoDLAV 56e6 2 116 - 4.88 392.35 8330816
aoULAV 56e6 2 116 - 6.29 446.03 8330820
aoD2AG 56e6 2 116 - 11.09 638.83 12248448
aoD2SG 56e6 2 116 - 11.80 597.55 12692240
dry 56e6 2 167 - 0.68 1.83 1123924
aoDLAV 56e6 2 167 - 4.65 337.46 8330820
aoULAV 56e6 2 167 - 6.10 358.63 8330820
aoD2AG 56e6 2 167 - 11.16 511.86 12246788
aoD2SG 56e6 2 167 - 11.98 602.85 12694128
dry 4e7 2 115 - 0.46 1.31 811424
aoDLAV 4e7 2 115 - 3.30 228.14 5955820
aoULAV 4e7 2 115 - 4.45 236.75 5955816
aoD2AG 4e7 2 115 - 6.97 335.11 8754760
aoD2SG 4e7 2 115 - 8.40 398.40 9071248
dry 2e7 2 247 - 0.25 0.74 420796
aoDLAV 2e7 2 247 - 1.72 113.68 2987068
aoULAV 2e7 2 247 - 1.70 117.55 2987068
aoD2AG 2e7 2 247 - 3.94 166.30 4387692
aoD2SG 2e7 2 247 - 3.70 187.10 4545760
dry 3e7 2 218 - 0.35 1.08 616104
aoDLAV 3e7 2 218 - 2.48 168.09 4471428
aoULAV 3e7 2 218 - 2.75 184.59 4471432
aoD2AG 3e7 2 218 - 5.83 260.22 6571244
aoD2SG 3e7 2 218 - 6.27 299.28 6810060
dry 3e7 2 232 - 0.35 1.06 616104
aoDLAV 3e7 2 232 - 2.39 165.20 4471432
aoULAV 3e7 2 232 - 3.17 183.58 4471432
aoD2AG 3e7 2 232 - 5.34 327.37 6570624
aoD2SG 3e7 2 232 - 6.24 288.15 6810524
dry 32e6 2 131 - 0.38 1.11 655176
aoDLAV 32e6 2 131 - 2.93 178.77 4768324
aoULAV 32e6 2 131 - 3.64 196.97 4768324
aoD2AG 32e6 2 131 - 6.72 291.02 7009020
aoD2SG 32e6 2 131 - 6.92 319.61 7263300
dry 1e4 2 197 - 0.03 0.11 26432
aoDLAV 1e4 2 197 - 0.04 0.17 31864
aoULAV 1e4 2 197 - 0.03 0.18 31880
aoD2AG 1e4 2 197 - 0.04 0.18 31880
aoD2SG 1e4 2 197 - 0.03 0.19 31988
moore 1e4 2 197 - 1.10 1091.17 2960580
nbpm 1e4 2 197 - 7.52 343.69 7889424
greedy 1e4 2 197 - 6.43 277.99 10968568
dry 18e6 2 49 - 0.24 0.69 381740
aoDLAV 18e6 2 49 - 1.59 95.95 2690192
aoULAV 18e6 2 49 - 2.00 101.15 2690192
aoD2AG 18e6 2 49 - 3.12 142.26 3952180
aoD2SG 18e6 2 49 - 3.85 171.46 4093568
dry 25e2 2 215 - 0.03 0.11 26080
aoDLAV 25e2 2 215 - 0.03 0.15 30456
aoULAV 25e2 2 215 - 0.03 0.15 30464
aoD2AG 25e2 2 215 - 0.03 0.16 30996
aoD2SG 25e2 2 215 - 0.04 0.15 31036
moore 25e2 2 215 - 0.09 17.65 213624
nbpm 25e2 2 215 - 0.60 13.10 541636
greedy 25e2 2 215 - 0.43 11.41 713664
dry 7e7 2 244 - 0.87 2.15 1397356
aoDLAV 7e7 2 244 - 5.98 429.11 10408936
aoULAV 7e7 2 244 - 7.67 468.80 10408936
aoD2AG 7e7 2 244 - 13.69 580.86 15305536
aoD2SG 7e7 2 244 - 14.18 582.89 15862668
