dry 6e7 2 182 - 0.55 1.98 1202048
aoDLAV 6e7 2 182 - 4.40 476.79 8924564
aoULAV 6e7 2 182 - 6.36 385.89 8924560
aoD2AG 6e7 2 182 - 11.60 539.45 13122868
aoD2SG 6e7 2 182 - 12.43 622.57 13601308
dry 75e2 2 39 - 0.03 0.12 28296
aoDLAV 75e2 2 39 - 0.03 0.16 31376
aoULAV 75e2 2 39 - 0.03 0.15 31388
aoD2AG 75e2 2 39 - 0.03 0.18 31380
aoD2SG 75e2 2 39 - 0.02 0.19 31380
moore 75e2 2 39 - 1.76 568.20 1688784
nbpm 75e2 2 39 - 4.35 155.67 4242124
greedy 75e2 2 39 - 3.84 146.44 6183092
dry 32e6 2 92 - 0.38 1.08 655176
aoDLAV 32e6 2 92 - 2.74 178.90 4768324
aoULAV 32e6 2 92 - 2.84 186.21 4768324
aoD2AG 32e6 2 92 - 6.43 263.59 7005876
aoD2SG 32e6 2 92 - 6.72 309.44 7261312
dry 32e2 2 142 - 0.02 0.12 26116
aoDLAV 32e2 2 142 - 0.03 0.15 30540
aoULAV 32e2 2 142 - 0.03 0.15 30556
aoD2AG 32e2 2 142 - 0.02 0.16 31192
aoD2SG 32e2 2 142 - 0.03 0.15 31240
moore 32e2 2 142 - 0.16 39.17 330512
nbpm 32e2 2 142 - 0.84 20.08 854752
greedy 32e2 2 142 - 0.71 21.00 1150168
dry 4e7 2 164 - 0.47 1.34 811424
aoDLAV 4e7 2 164 - 3.29 231.78 5955820
aoULAV 4e7 2 164 - 4.50 284.76 5955816
aoD2AG 4e7 2 164 - 7.79 343.59 8752332
aoD2SG 4e7 2 164 - 8.08 406.88 9075820
dry 7e7 2 29 - 0.78 2.20 1397356
aoDLAV 7e7 2 29 - 5.94 425.04 10408940
aoULAV 7e7 2 29 - 7.65 450.19 10408940
aoD2AG 7e7 2 29 - 14.09 654.35 15302328
aoD2SG 7e7 2 29 - 14.64 785.18 15862920
dry 7e7 2 77 - 0.79 2.22 1397360
aoDLAV 7e7 2 77 - 5.80 429.01 10408936
aoULAV 7e7 2 77 - 7.59 446.17 10408936
aoD2AG 7e7 2 77 - 13.93 636.52 15302164
aoD2SG 7e7 2 77 - 14.73 952.18 15860832
dry 5e7 2 223 - 0.68 1.66 1006740
aoDLAV 5e7 2 223 - 4.19 292.34 7440192
aoULAV 5e7 2 223 - 5.65 305.26 7440192
aoD2AG 5e7 2 223 - 9.65 427.95 10938228
aoD2SG 5e7 2 223 - 10.53 508.91 11337492
dry 25e2 2 183 - 0.02 0.12 26080
aoDLAV 25e2 2 183 - 0.03 0.15 30452
aoULAV 25e2 2 183 - 0.03 0.15 30464
aoD2AG 25e2 2 183 - 0.03 0.15 30996
aoD2SG 25e2 2 183 - 0.03 0.15 31036
moore 25e2 2 183 - 0.11 25.14 213604
nbpm 25e2 2 183 - 0.57 13.47 541644
greedy 25e2 2 183 - 0.47 10.64 713664
dry 25e2 2 181 - 0.02 0.13 26084
aoDLAV 25e2 2 181 - 0.03 0.15 30452
aoULAV 25e2 2 181 - 0.03 0.15 30464
aoD2AG 25e2 2 181 - 0.02 0.16 30980
aoD2SG 25e2 2 181 - 0.03 0.16 31024
moore 25e2 2 181 - 0.11 39.65 213604
nbpm 25e2 2 181 - 0.58 12.53 541652
greedy 25e2 2 181 - 0.46 11.19 713664
dry 56e6 2 123 - 0.69 1.81 1123924
aoDLAV 56e6 2 123 - 4.91 333.78 8330816
aoULAV 56e6 2 123 - 6.24 357.27 8330816
aoD2AG 56e6 2 123 - 10.77 507.85 12250492
aoD2SG 56e6 2 123 - 11.64 574.68 12696060
dry 1e4 2 103 - 0.02 0.12 28432
aoDLAV 1e4 2 103 - 0.04 0.17 31864
aoULAV 1e4 2 103 - 0.03 0.17 31876
aoD2AG 1e4 2 103 - 0.02 0.19 31880
aoD2SG 1e4 2 103 - 0.04 0.17 31988
moore 1e4 2 103 - 1.08 1083.98 2960584
nbpm 1e4 2 103 - 7.82 355.71 7889428
greedy 1e4 2 103 - 6.47 349.70 10968572
dry 18e2 2 145 - 0.02 0.13 26048
aoDLAV 18e2 2 145 - 0.03 0.15 30372
aoULAV 18e2 2 145 - 0.03 0.14 30384
aoD2AG 18e2 2 145 - 0.02 0.15 30784
aoD2SG 18e2 2 145 - 0.02 0.16 30812
moore 18e2 2 145 - 0.06 14.32 125416
nbpm 18e2 2 145 - 0.21 7.66 334536
greedy 18e2 2 145 - 0.23 4.01 384352
dry 6e7 2 153 - 0.69 1.86 1202044
aoDLAV 6e7 2 153 - 5.26 352.78 8924560
aoULAV 6e7 2 153 - 6.87 378.49 8924560
aoD2AG 6e7 2 153 - 11.98 655.93 13121604
aoD2SG 6e7 2 153 - 12.13 639.96 13598712
dry 18e6 2 6 - 0.26 0.71 381736
aoDLAV 18e6 2 6 - 1.58 95.84 2690196
aoULAV 18e6 2 6 - 1.60 100.97 2690192
aoD2AG 18e6 2 6 - 3.68 147.24 3949132
aoD2SG 18e6 2 6 - 3.34 167.48 4091816
dry 2e7 2 246 - 0.26 0.75 420796
aoDLAV 2e7 2 246 - 1.67 112.13 2987068
aoULAV 2e7 2 246 - 1.63 115.41 2987068
aoD2AG 2e7 2 246 - 3.70 169.96 4387904
aoD2SG 2e7 2 246 - 4.31 192.70 4547504
dry 56e2 2 27 - 0.03 0.12 26236
aoDLAV 56e2 2 27 - 0.03 0.15 30976
aoULAV 56e2 2 27 - 0.03 0.15 30988
aoD2AG 56e2 2 27 - 0.02 0.18 31996
aoD2SG 56e2 2 27 - 0.02 0.18 31124
moore 56e2 2 27 - 0.59 215.40 952720
nbpm 56e2 2 27 - 2.33 75.51 2388080
greedy 56e2 2 27 - 2.14 83.14 3460492
dry 3e7 2 48 - 0.43 1.08 616104
aoDLAV 3e7 2 48 - 2.46 167.64 4471432
aoULAV 3e7 2 48 - 3.23 172.17 4471428
aoD2AG 3e7 2 48 - 4.99 256.77 6571716
aoD2SG 3e7 2 48 - 6.16 290.65 6809640
dry 50e2 2 159 - 0.02 0.12 28204
aoDLAV 50e2 2 159 - 0.03 0.15 30852
aoULAV 50e2 2 159 - 0.02 0.16 30860
aoD2AG 50e2 2 159 - 0.03 0.15 31788
aoD2SG 50e2 2 159 - 0.03 0.16 31880
moore 50e2 2 159 - 0.33 134.16 762980
nbpm 50e2 2 159 - 1.89 56.36 2011928
greedy 50e2 2 159 - 1.63 61.02 2764784
dry 18e2 2 96 - 0.02 0.12 26052
aoDLAV 18e2 2 96 - 0.03 0.14 30372
aoULAV 18e2 2 96 - 0.03 0.14 30384
aoD2AG 18e2 2 96 - 0.03 0.14 30788
aoD2SG 18e2 2 96 - 0.02 0.15 30820
moore 18e2 2 96 - 0.07 8.18 125444
nbpm 18e2 2 96 - 0.16 7.30 334536
greedy 18e2 2 96 - 0.26 3.91 384352
dry 56e6 2 118 - 0.64 1.77 1123924
aoDLAV 56e6 2 118 - 4.78 342.04 8330816
aoULAV 56e6 2 118 - 6.15 359.01 8330820
aoD2AG 56e6 2 118 - 11.39 483.78 12249392
aoD2SG 56e6 2 118 - 11.62 593.90 12693528
dry 1e4 2 231 - 0.03 0.12 26432
aoDLAV 1e4 2 231 - 0.04 0.17 31868
aoULAV 1e4 2 231 - 0.03 0.18 31880
aoD2AG 1e4 2 231 - 0.03 0.19 31876
aoD2SG 1e4 2 231 - 0.04 0.18 31992
moore 1e4 2 231 - 1.14 866.70 2960580
nbpm 1e4 2 231 - 7.80 346.50 7889428
greedy 1e4 2 231 - 6.47 272.70 10968572
dry 4e7 2 47 - 0.43 1.33 811424
aoDLAV 4e7 2 47 - 3.24 235.55 5955816
aoULAV 4e7 2 47 - 4.31 251.59 5955816
aoD2AG 4e7 2 47 - 7.86 350.58 8753472
aoD2SG 4e7 2 47 - 8.20 420.73 9071236
dry 2e7 2 178 - 0.29 0.78 420824
aoDLAV 2e7 2 178 - 1.67 107.90 2987068
aoULAV 2e7 2 178 - 2.29 116.46 2987068
aoD2AG 2e7 2 178 - 3.55 156.70 4388840
aoD2SG 2e7 2 178 - 4.26 181.58 4546920
dry 4e7 2 157 - 0.50 1.30 811424
aoDLAV 4e7 2 157 - 3.54 228.38 5955820
aoULAV 4e7 2 157 - 4.35 248.98 5955820
aoD2AG 4e7 2 157 - 7.89 346.99 8754124
aoD2SG 4e7 2 157 - 8.24 406.29 9072848
dry 6e7 2 36 - 0.75 1.95 1202044
aoDLAV 6e7 2 36 - 5.15 367.46 8924564
aoULAV 6e7 2 36 - 6.84 376.19 8924560
aoD2AG 6e7 2 36 - 11.52 531.12 13118548
aoD2SG 6e7 2 36 - 12.62 808.76 13595944
dry 56e6 2 34 - 0.64 1.80 1123928
aoDLAV 56e6 2 34 - 4.78 325.32 8330816
aoULAV 56e6 2 34 - 6.27 348.91 8330820
aoD2AG 56e6 2 34 - 10.94 504.24 12248236
aoD2SG 56e6 2 34 - 11.86 595.37 12694988
dry 50e2 2 34 - 0.02 0.11 26204
aoDLAV 50e2 2 34 - 0.03 0.15 30848
aoULAV 50e2 2 34 - 0.03 0.15 30860
aoD2AG 50e2 2 34 - 0.02 0.16 31792
aoD2SG 50e2 2 34 - 0.02 0.17 31888
moore 50e2 2 34 - 0.50 168.96 764632
nbpm 50e2 2 34 - 1.86 58.30 2011924
greedy 50e2 2 34 - 1.65 60.82 2764784
dry 2e7 2 34 - 0.25 0.74 420800
aoDLAV 2e7 2 34 - 1.69 108.52 2987072
aoULAV 2e7 2 34 - 1.78 117.22 2987072
aoD2AG 2e7 2 34 - 4.01 162.20 4385488
aoD2SG 2e7 2 34 - 3.81 188.72 4546660
dry 75e2 2 147 - 0.02 0.12 26328
aoDLAV 75e2 2 147 - 0.03 0.16 31380
aoULAV 75e2 2 147 - 0.03 0.16 31392
aoD2AG 75e2 2 147 - 0.03 0.20 31380
aoD2SG 75e2 2 147 - 0.03 0.18 31384
moore 75e2 2 147 - 1.46 497.35 1688792
nbpm 75e2 2 147 - 4.39 159.01 4242132
greedy 75e2 2 147 - 3.61 150.72 6183088
dry 1e4 5 125 - 0.02 0.13 28828
aoDLAV 1e4 5 125 - 0.02 0.23 31088
aoULAV 1e4 5 125 - 0.03 0.23 31096
aoD2AG 1e4 5 125 - 0.04 0.22 32108
aoD2SG 1e4 5 125 - 0.03 0.24 32108
moore 1e4 5 125 - 1.23 888.79 2961736
nbpm 1e4 5 125 - 7.80 606.16 7811452
greedy 1e4 5 125 - 7.03 288.05 10959172
dry 56e6 2 241 - 1.50 1.82 1123924
aoDLAV 56e6 2 241 - 4.78 325.48 8330816
aoULAV 56e6 2 241 - 6.14 345.98 8330820
aoD2AG 56e6 2 241 - 11.37 497.07 12246376
aoD2SG 56e6 2 241 - 11.97 761.64 12695768
dry 5e7 2 184 - 0.56 1.65 1006736
aoDLAV 5e7 2 184 - 4.15 297.22 7440196
aoULAV 5e7 2 184 - 5.54 327.49 7440192
aoD2AG 5e7 2 184 - 10.10 454.76 10937088
aoD2SG 5e7 2 184 - 10.26 525.87 11335248
dry 56e6 2 58 - 0.69 1.78 1123924
aoDLAV 56e6 2 58 - 4.88 383.77 8330820
aoULAV 56e6 2 58 - 6.16 360.45 8330820
aoD2AG 56e6 2 58 - 11.31 497.05 12248116
aoD2SG 56e6 2 58 - 11.88 610.90 12697244
dry 3e7 2 63 - 0.34 1.04 616104
aoDLAV 3e7 2 63 - 2.62 174.35 4471432
aoULAV 3e7 2 63 - 3.32 182.57 4471428
aoD2AG 3e7 2 63 - 5.34 247.90 6570376
aoD2SG 3e7 2 63 - 6.08 292.05 6809428
dry 1e4 5 182 - 0.03 0.12 26900
aoDLAV 1e4 5 182 - 0.03 0.22 31084
aoULAV 1e4 5 182 - 0.03 0.22 31100
aoD2AG 1e4 5 182 - 0.03 0.23 32108
aoD2SG 1e4 5 182 - 0.03 0.24 32108
moore 1e4 5 182 - 1.15 1205.74 2961736
nbpm 1e4 5 182 - 7.64 609.97 7811456
greedy 1e4 5 182 - 7.15 299.07 10959176
dry 1e4 2 5 - 0.03 0.12 26432
aoDLAV 1e4 2 5 - 0.04 0.17 31864
aoULAV 1e4 2 5 - 0.04 0.17 31880
aoD2AG 1e4 2 5 - 0.03 0.18 31876
aoD2SG 1e4 2 5 - 0.03 0.20 31988
moore 1e4 2 5 - 1.24 854.58 2960572
nbpm 1e4 2 5 - 7.45 340.59 7889416
greedy 1e4 2 5 - 6.98 343.95 10968568
dry 5e7 2 122 - 0.63 1.62 1006736
aoDLAV 5e7 2 122 - 4.57 303.63 7440192
aoULAV 5e7 2 122 - 5.53 361.98 7440192
aoD2AG 5e7 2 122 - 9.72 454.72 10937084
aoD2SG 5e7 2 122 - 10.61 509.78 11335704
dry 1e4 10 196 - 0.03 0.12 29528
aoDLAV 1e4 10 196 - 0.03 0.67 32764
aoULAV 1e4 10 196 - 0.03 0.67 32776
aoD2AG 1e4 10 196 - 0.04 0.69 32748
aoD2SG 1e4 10 196 - 0.03 0.78 34176
moore 1e4 10 196 - 1.15 998.78 2963856
nbpm 1e4 10 196 - 8.15 803.88 7764384
greedy 1e4 10 196 - 6.54 280.08 10961108
dry 25e2 2 204 - 0.03 0.13 26084
aoDLAV 25e2 2 204 - 0.04 0.16 30452
aoULAV 25e2 2 204 - 0.03 0.16 30464
aoD2AG 25e2 2 204 - 0.03 0.17 30984
aoD2SG 25e2 2 204 - 0.04 0.16 31016
moore 25e2 2 204 - 0.11 55.81 213608
nbpm 25e2 2 204 - 0.54 12.58 541644
greedy 25e2 2 204 - 0.47 9.94 713676
dry 5e7 2 7 - 0.58 1.61 1006736
aoDLAV 5e7 2 7 - 4.20 302.65 7440192
aoULAV 5e7 2 7 - 5.69 316.53 7440192
aoD2AG 5e7 2 7 - 9.72 445.54 10937964
aoD2SG 5e7 2 7 - 10.42 526.80 11335792
dry 4e7 2 205 - 0.48 1.34 811428
aoDLAV 4e7 2 205 - 3.39 306.45 5955820
aoULAV 4e7 2 205 - 4.26 245.71 5955816
aoD2AG 4e7 2 205 - 8.12 349.23 8754776
aoD2SG 4e7 2 205 - 8.70 407.06 9072068
dry 18e2 2 49 - 0.03 0.11 27952
aoDLAV 18e2 2 49 - 0.03 0.15 30372
aoULAV 18e2 2 49 - 0.03 0.15 30384
aoD2AG 18e2 2 49 - 0.03 0.15 30832
aoD2SG 18e2 2 49 - 0.02 0.16 30820
moore 18e2 2 49 - 0.07 13.10 125416
nbpm 18e2 2 49 - 0.20 7.69 334536
greedy 18e2 2 49 - 0.26 4.91 384352
dry 1e4 10 225 - 0.03 0.12 27688
aoDLAV 1e4 10 225 - 0.03 0.71 32764
aoULAV 1e4 10 225 - 0.03 0.73 32776
aoD2AG 1e4 10 225 - 0.03 0.72 32744
aoD2SG 1e4 10 225 - 0.03 0.83 34176
moore 1e4 10 225 - 1.16 991.62 2963852
nbpm 1e4 10 225 - 7.56 829.44 7764392
greedy 1e4 10 225 - 6.89 285.97 10961108
dry 56e6 2 164 - 0.70 1.85 1123924
aoDLAV 56e6 2 164 - 5.04 333.90 8330816
aoULAV 56e6 2 164 - 6.31 344.54 8330816
aoD2AG 56e6 2 164 - 11.26 486.52 12248400
aoD2SG 56e6 2 164 - 11.89 577.27 12697088
dry 18e6 2 227 - 0.21 0.71 381736
aoDLAV 18e6 2 227 - 1.61 95.38 2690192
aoULAV 18e6 2 227 - 2.10 100.24 2690192
aoD2AG 18e6 2 227 - 3.18 139.06 3950396
aoD2SG 18e6 2 227 - 3.89 160.67 4095544
dry 1e4 5 17 - 0.03 0.12 26900
aoDLAV 1e4 5 17 - 0.03 0.21 31084
aoULAV 1e4 5 17 - 0.03 0.21 31100
aoD2AG 1e4 5 17 - 0.03 0.22 32148
aoD2SG 1e4 5 17 - 0.03 0.23 32108
moore 1e4 5 17 - 1.14 1031.45 2961736
nbpm 1e4 5 17 - 7.53 603.62 7811452
greedy 1e4 5 17 - 6.47 294.78 10959176
dry 4e7 2 127 - 0.45 1.34 811424
aoDLAV 4e7 2 127 - 3.21 234.48 5955816
aoULAV 4e7 2 127 - 3.73 247.89 5955816
aoD2AG 4e7 2 127 - 8.05 355.33 8756784
aoD2SG 4e7 2 127 - 8.45 423.11 9074108
dry 32e2 2 227 - 0.02 0.12 26112
aoDLAV 32e2 2 227 - 0.03 0.15 30544
aoULAV 32e2 2 227 - 0.03 0.15 30548
aoD2AG 32e2 2 227 - 0.02 0.15 31204
aoD2SG 32e2 2 227 - 0.03 0.15 31248
moore 32e2 2 227 - 0.15 37.88 330520
nbpm 32e2 2 227 - 0.86 19.93 854760
greedy 32e2 2 227 - 0.63 21.89 1150164
dry 32e6 2 150 - 0.37 1.11 655176
aoDLAV 32e6 2 150 - 2.74 181.58 4768324
aoULAV 32e6 2 150 - 3.47 190.87 4768324
aoD2AG 32e6 2 150 - 6.66 318.03 7005724
aoD2SG 32e6 2 150 - 6.94 311.65 7263280
dry 3e7 2 71 - 0.38 1.03 616104
aoDLAV 3e7 2 71 - 2.72 170.44 4471428
aoULAV 3e7 2 71 - 2.49 175.64 4471428
aoD2AG 3e7 2 71 - 5.96 261.62 6570372
aoD2SG 3e7 2 71 - 6.63 296.44 6808908
dry 32e6 2 207 - 0.38 1.08 655176
aoDLAV 32e6 2 207 - 2.68 183.14 4768324
aoULAV 32e6 2 207 - 2.83 183.21 4768328
aoD2AG 32e6 2 207 - 6.05 263.43 7006588
aoD2SG 32e6 2 207 - 6.45 300.54 7262104
