dry 1e7 5 238 - 0.19 0.69 459920
aoDLAV 1e7 5 238 - 0.95 306.76 2323020
aoULAV 1e7 5 238 - 1.51 216.52 2323020
aoD2AG 1e7 5 238 - 2.50 236.64 3062768
aoD2SG 1e7 5 238 - 2.14 286.72 3150352
dry 1e7 2 237 - 0.12 0.44 225504
aoDLAV 1e7 2 237 - 0.76 44.89 1502684
aoULAV 1e7 2 237 - 0.98 47.28 1502684
aoD2AG 1e7 2 237 - 1.51 68.29 2203212
aoD2SG 1e7 2 237 - 1.65 86.49 2284028
dry 1e7 10 119 - 0.44 1.36 850508
aoDLAV 1e7 10 119 - 1.53 4867.50 3533956
aoULAV 1e7 10 119 - 2.33 4763.49 3533956
aoD2AG 1e7 10 119 - 3.53 4788.06 4337556
aoD2SG 1e7 10 119 - 3.63 5773.60 4429096
dry 32e5 2 83 - 0.06 0.27 92680
aoDLAV 32e5 2 83 - 0.28 14.07 493328
aoULAV 32e5 2 83 - 0.27 12.58 493336
aoD2AG 32e5 2 83 - 0.42 20.83 718500
aoD2SG 32e5 2 83 - 0.44 23.26 744756
dry 18e5 2 25 - 0.04 0.21 65324
aoDLAV 18e5 2 25 - 0.18 6.18 285508
aoULAV 18e5 2 25 - 0.14 6.64 285520
aoD2AG 18e5 2 25 - 0.26 9.66 412200
aoD2SG 18e5 2 25 - 0.24 10.75 427016
dry 18e5 2 125 - 0.04 0.20 65324
aoDLAV 18e5 2 125 - 0.16 6.21 285508
aoULAV 18e5 2 125 - 0.16 6.70 285520
aoD2AG 18e5 2 125 - 0.26 9.57 413176
aoD2SG 18e5 2 125 - 0.24 10.83 427408
dry 56e5 2 238 - 0.08 0.32 139544
aoDLAV 56e5 2 238 - 0.44 22.25 849684
aoULAV 56e5 2 238 - 0.45 23.76 849556
aoD2AG 56e5 2 238 - 0.74 33.69 1241828
aoD2SG 56e5 2 238 - 0.75 38.65 1287528
dry 1e7 5 176 - 0.22 0.80 459868
aoDLAV 1e7 5 176 - 1.09 210.81 2323020
aoULAV 1e7 5 176 - 1.07 214.08 2323020
aoD2AG 1e7 5 176 - 2.45 234.87 3064468
aoD2SG 1e7 5 176 - 2.62 296.91 3150112
dry 1e7 10 179 - 0.42 1.38 850512
aoDLAV 1e7 10 179 - 1.61 4793.63 3533952
aoULAV 1e7 10 179 - 2.39 4720.49 3533952
aoD2AG 1e7 10 179 - 3.57 4797.00 4338396
aoD2SG 1e7 10 179 - 3.69 5841.09 4426324
dry 32e5 2 208 - 0.06 0.25 92676
aoDLAV 32e5 2 208 - 0.26 11.98 493324
aoULAV 32e5 2 208 - 0.25 12.78 493336
aoD2AG 32e5 2 208 - 0.41 18.01 718612
aoD2SG 32e5 2 208 - 0.41 20.72 743280
dry 18e5 2 149 - 0.05 0.20 65368
aoDLAV 18e5 2 149 - 0.16 6.32 285512
aoULAV 18e5 2 149 - 0.17 6.66 285520
aoD2AG 18e5 2 149 - 0.24 9.58 411364
aoD2SG 18e5 2 149 - 0.25 11.09 426456
dry 56e5 2 60 - 0.08 0.31 139544
aoDLAV 56e5 2 60 - 0.45 22.21 849556
aoULAV 56e5 2 60 - 0.44 23.60 849556
aoD2AG 56e5 2 60 - 0.84 34.62 1242008
aoD2SG 56e5 2 60 - 0.73 38.60 1285108
dry 1e7 2 35 - 0.12 0.44 225484
aoDLAV 1e7 2 35 - 0.71 44.01 1502736
aoULAV 1e7 2 35 - 0.73 46.87 1502688
aoD2AG 1e7 2 35 - 1.48 65.92 2202840
aoD2SG 1e7 2 35 - 1.65 76.16 2283776
dry 18e5 2 130 - 0.05 0.20 65324
aoDLAV 18e5 2 130 - 0.16 6.24 285508
aoULAV 18e5 2 130 - 0.16 6.65 285520
aoD2AG 18e5 2 130 - 0.24 9.66 413372
aoD2SG 18e5 2 130 - 0.24 10.95 426084
dry 32e5 2 211 - 0.06 0.25 92676
aoDLAV 32e5 2 211 - 0.24 11.86 493328
aoULAV 32e5 2 211 - 0.25 12.60 493376
aoD2AG 32e5 2 211 - 0.39 18.14 718868
aoD2SG 32e5 2 211 - 0.42 20.76 744420
dry 18e5 2 116 - 0.04 0.21 65324
aoDLAV 18e5 2 116 - 0.15 6.31 285508
aoULAV 18e5 2 116 - 0.16 6.79 285520
aoD2AG 18e5 2 116 - 0.24 9.73 412876
aoD2SG 18e5 2 116 - 0.24 11.07 426804
dry 18e5 2 54 - 0.05 0.20 65328
aoDLAV 18e5 2 54 - 0.16 6.32 285508
aoULAV 18e5 2 54 - 0.16 6.74 285520
aoD2AG 18e5 2 54 - 0.26 9.73 412396
aoD2SG 18e5 2 54 - 0.25 11.05 427616
dry 1e7 10 186 - 0.42 1.38 850508
aoDLAV 1e7 10 186 - 1.56 4835.91 3533952
aoULAV 1e7 10 186 - 2.32 4821.27 3534060
aoD2AG 1e7 10 186 - 3.57 4833.56 4337616
aoD2SG 1e7 10 186 - 3.66 5669.01 4426800
dry 1e7 5 208 - 0.23 0.79 459868
aoDLAV 1e7 5 208 - 1.03 217.24 2323016
aoULAV 1e7 5 208 - 1.53 220.82 2323016
aoD2AG 1e7 5 208 - 2.43 243.71 3064688
aoD2SG 1e7 5 208 - 2.52 288.47 3149724
dry 1e7 5 174 - 0.22 0.81 459868
aoDLAV 1e7 5 174 - 1.01 215.54 2323016
aoULAV 1e7 5 174 - 1.04 218.67 2323020
aoD2AG 1e7 5 174 - 2.35 240.09 3065460
aoD2SG 1e7 5 174 - 2.45 283.49 3150068
dry 32e5 2 112 - 0.05 0.26 92676
aoDLAV 32e5 2 112 - 0.25 11.78 493324
aoULAV 32e5 2 112 - 0.23 12.60 493340
aoD2AG 32e5 2 112 - 0.39 18.14 718732
aoD2SG 32e5 2 112 - 0.41 20.65 744444
dry 56e5 2 206 - 0.08 0.31 139544
aoDLAV 56e5 2 206 - 0.44 22.87 849556
aoULAV 56e5 2 206 - 0.42 24.35 849560
aoD2AG 56e5 2 206 - 0.73 34.59 1241772
aoD2SG 56e5 2 206 - 0.74 39.68 1286992
dry 18e5 2 243 - 0.05 0.21 65324
aoDLAV 18e5 2 243 - 0.15 6.38 285508
aoULAV 18e5 2 243 - 0.17 6.82 285520
aoD2AG 18e5 2 243 - 0.24 9.86 413280
aoD2SG 18e5 2 243 - 0.23 11.21 426180
dry 1e7 5 52 - 0.23 0.79 459872
aoDLAV 1e7 5 52 - 1.07 215.87 2323016
aoULAV 1e7 5 52 - 1.04 217.99 2323016
aoD2AG 1e7 5 52 - 2.46 241.17 3065104
aoD2SG 1e7 5 52 - 2.63 285.43 3149868
dry 32e5 2 99 - 0.06 0.25 92676
aoDLAV 32e5 2 99 - 0.25 12.04 493324
aoULAV 32e5 2 99 - 0.24 12.87 493340
aoD2AG 32e5 2 99 - 0.41 18.47 718860
aoD2SG 32e5 2 99 - 0.41 21.12 742940
dry 56e5 2 106 - 0.08 0.32 139544
aoDLAV 56e5 2 106 - 0.44 23.00 849656
aoULAV 56e5 2 106 - 0.43 24.51 849560
aoD2AG 56e5 2 106 - 0.75 34.86 1241848
aoD2SG 56e5 2 106 - 0.72 40.14 1286336
dry 32e5 2 175 - 0.06 0.24 92680
aoDLAV 32e5 2 175 - 0.26 12.07 493328
aoULAV 32e5 2 175 - 0.25 13.45 493336
aoD2AG 32e5 2 175 - 0.39 18.74 717584
aoD2SG 32e5 2 175 - 0.41 20.98 743716
dry 1e7 2 87 - 0.11 0.44 225484
aoDLAV 1e7 2 87 - 0.74 44.41 1502688
aoULAV 1e7 2 87 - 0.73 47.19 1502684
aoD2AG 1e7 2 87 - 1.48 66.76 2204712
aoD2SG 1e7 2 87 - 1.70 77.05 2281132
dry 1e7 10 76 - 0.43 1.37 850552
aoDLAV 1e7 10 76 - 1.50 4845.39 3533952
aoULAV 1e7 10 76 - 3.14 4897.51 3533952
aoD2AG 1e7 10 76 - 3.69 4839.61 4336188
aoD2SG 1e7 10 76 - 3.94 5772.29 4425532
dry 56e5 2 183 - 0.07 0.32 139544
aoDLAV 56e5 2 183 - 0.44 22.69 849556
aoULAV 56e5 2 183 - 0.48 24.15 849556
aoD2AG 56e5 2 183 - 0.71 34.40 1241132
aoD2SG 56e5 2 183 - 0.78 39.42 1287908
dry 1e7 2 140 - 0.13 0.43 225484
aoDLAV 1e7 2 140 - 0.77 44.12 1502684
aoULAV 1e7 2 140 - 0.80 46.80 1502684
aoD2AG 1e7 2 140 - 1.46 66.00 2204536
aoD2SG 1e7 2 140 - 1.72 77.15 2283760
dry 18e5 2 82 - 0.03 0.22 65328
aoDLAV 18e5 2 82 - 0.15 6.35 285560
aoULAV 18e5 2 82 - 0.16 6.62 285520
aoD2AG 18e5 2 82 - 0.24 9.76 412204
aoD2SG 18e5 2 82 - 0.24 11.81 427404
dry 1e7 5 216 - 0.24 0.81 459872
aoDLAV 1e7 5 216 - 1.10 213.76 2323072
aoULAV 1e7 5 216 - 1.45 216.88 2323020
aoD2AG 1e7 5 216 - 2.10 237.96 3064260
aoD2SG 1e7 5 216 - 2.56 290.18 3148728
dry 18e5 2 141 - 0.05 0.21 65324
aoDLAV 18e5 2 141 - 0.17 6.33 285508
aoULAV 18e5 2 141 - 0.17 6.72 285520
aoD2AG 18e5 2 141 - 0.25 9.79 412696
aoD2SG 18e5 2 141 - 0.28 11.08 427576
dry 18e5 2 175 - 0.04 0.21 65324
aoDLAV 18e5 2 175 - 0.15 6.41 285508
aoULAV 18e5 2 175 - 0.15 6.83 285520
aoD2AG 18e5 2 175 - 0.26 9.83 412908
aoD2SG 18e5 2 175 - 0.26 11.18 428008
dry 1e7 5 22 - 0.23 0.80 459868
aoDLAV 1e7 5 22 - 1.05 218.19 2323016
aoULAV 1e7 5 22 - 1.49 219.36 2323016
aoD2AG 1e7 5 22 - 2.57 244.00 3064800
aoD2SG 1e7 5 22 - 2.58 286.99 3150484
dry 1e7 2 236 - 0.12 0.44 225484
aoDLAV 1e7 2 236 - 0.75 44.58 1502684
aoULAV 1e7 2 236 - 0.77 47.18 1502684
aoD2AG 1e7 2 236 - 1.49 67.30 2204676
aoD2SG 1e7 2 236 - 1.65 77.29 2283216
dry 18e5 2 16 - 0.05 0.20 65324
aoDLAV 18e5 2 16 - 0.17 6.42 285512
aoULAV 18e5 2 16 - 0.15 6.86 285552
aoD2AG 18e5 2 16 - 0.31 9.90 411708
aoD2SG 18e5 2 16 - 0.24 11.28 427436
dry 1e7 10 30 - 0.42 1.38 850512
aoDLAV 1e7 10 30 - 1.51 5422.03 3534060
aoULAV 1e7 10 30 - 2.40 4779.62 3533960
aoD2AG 1e7 10 30 - 3.61 4786.10 4338764
aoD2SG 1e7 10 30 - 3.76 5694.48 4426220
dry 56e5 2 225 - 0.07 0.32 139544
aoDLAV 56e5 2 225 - 0.46 22.42 849556
aoULAV 56e5 2 225 - 0.46 23.83 849560
aoD2AG 56e5 2 225 - 0.76 33.88 1241928
aoD2SG 56e5 2 225 - 0.77 38.94 1286468
dry 1e7 5 148 - 0.24 0.80 459868
aoDLAV 1e7 5 148 - 1.06 210.16 2323016
aoULAV 1e7 5 148 - 1.53 212.11 2323016
aoD2AG 1e7 5 148 - 2.07 234.16 3064628
aoD2SG 1e7 5 148 - 2.59 278.06 3150472
dry 1e7 10 111 - 0.43 1.37 850508
aoDLAV 1e7 10 111 - 1.53 5388.19 3533956
aoULAV 1e7 10 111 - 2.37 4902.59 3533956
aoD2AG 1e7 10 111 - 3.57 4856.22 4337516
aoD2SG 1e7 10 111 - 3.80 6439.37 4425216
