dry 32e4 2 219 - 0.03 0.14 36424
aoDLAV 32e4 2 219 - 0.06 1.34 70828
aoULAV 32e4 2 219 - 0.06 1.06 70844
aoD2AG 32e4 2 219 - 0.06 1.36 89076
aoD2SG 32e4 2 219 - 0.06 1.51 91648
dry 1e2 2 224 - 0.02 0.11 25996
aoDLAV 1e2 2 224 - 0.03 0.12 30168
aoULAV 1e2 2 224 - 0.03 0.13 30180
aoD2AG 1e2 2 224 - 0.03 0.13 30336
aoD2SG 1e2 2 224 - 0.02 0.14 30344
moore 1e2 2 224 - 0.03 0.17 30484
nbpm 1e2 2 224 - 0.08 1.88 53000
greedy 1e2 2 224 - 0.03 0.12 30884
dry 32e1 2 60 - 0.03 0.10 26000
aoDLAV 32e1 2 60 - 0.04 0.12 30196
aoULAV 32e1 2 60 - 0.03 0.12 30208
aoD2AG 32e1 2 60 - 0.03 0.13 30376
aoD2SG 32e1 2 60 - 0.02 0.13 30384
moore 32e1 2 60 - 0.02 0.28 33684
nbpm 32e1 2 60 - 0.07 2.18 58308
greedy 32e1 2 60 - 0.03 0.19 40976
dry 1e6 2 152 - 0.03 0.18 49708
aoDLAV 1e6 2 152 - 0.11 3.28 178460
aoULAV 1e6 2 152 - 0.12 3.42 178456
aoD2AG 1e6 2 152 - 0.17 4.67 234136
aoD2SG 1e6 2 152 - 0.18 5.52 243844
dry 1e3 2 46 - 0.02 0.11 26024
aoDLAV 1e3 2 46 - 0.02 0.14 30284
aoULAV 1e3 2 46 - 0.02 0.13 30296
aoD2AG 1e3 2 46 - 0.02 0.13 30540
aoD2SG 1e3 2 46 - 0.02 0.14 30556
moore 1e3 2 46 - 0.04 1.76 59796
nbpm 1e3 2 46 - 0.11 4.00 138548
greedy 1e3 2 46 - 0.08 0.94 139248
dry 1e6 2 156 - 0.03 0.18 49704
aoDLAV 1e6 2 156 - 0.11 3.43 178456
aoULAV 1e6 2 156 - 0.17 3.67 178456
aoD2AG 1e6 2 156 - 0.16 5.36 234472
aoD2SG 1e6 2 156 - 0.18 5.85 240960
dry 300e2 2 24 - 0.02 0.12 27216
aoDLAV 300e2 2 24 - 0.03 0.21 31296
aoULAV 300e2 2 24 - 0.02 0.23 31892
aoD2AG 300e2 2 24 - 0.02 0.24 35060
aoD2SG 300e2 2 24 - 0.02 0.26 34716
dry 32e1 2 154 - 0.02 0.11 26000
aoDLAV 32e1 2 154 - 0.02 0.14 30200
aoULAV 32e1 2 154 - 0.02 0.15 30212
aoD2AG 32e1 2 154 - 0.02 0.15 30376
aoD2SG 32e1 2 154 - 0.03 0.14 30384
moore 32e1 2 154 - 0.03 0.59 33684
nbpm 32e1 2 154 - 0.09 2.34 58304
greedy 32e1 2 154 - 0.04 0.22 40976
dry 56e1 2 72 - 0.01 0.12 26012
aoDLAV 56e1 2 72 - 0.02 0.14 30220
aoULAV 56e1 2 72 - 0.03 0.13 30232
aoD2AG 56e1 2 72 - 0.02 0.14 30416
aoD2SG 56e1 2 72 - 0.03 0.14 30428
moore 56e1 2 72 - 0.03 1.41 39656
nbpm 56e1 2 72 - 0.10 2.96 78708
greedy 56e1 2 72 - 0.05 0.37 64104
dry 1e5 10 22 - 0.03 0.17 38396
aoDLAV 1e5 10 22 - 0.10 21.03 53540
aoULAV 1e5 10 22 - 0.04 22.08 55308
aoD2AG 1e5 10 22 - 0.05 21.51 62748
aoD2SG 1e5 10 22 - 0.05 24.51 66836
dry 32e4 2 120 - 0.03 0.16 36424
aoDLAV 32e4 2 120 - 0.06 1.25 70832
aoULAV 32e4 2 120 - 0.06 1.35 70840
aoD2AG 32e4 2 120 - 0.08 1.77 88336
aoD2SG 32e4 2 120 - 0.07 1.96 90940
dry 5e4 2 183 - 0.03 0.11 28000
aoDLAV 5e4 2 183 - 0.03 0.26 33012
aoULAV 5e4 2 183 - 0.03 0.27 33312
aoD2AG 5e4 2 183 - 0.03 0.33 36416
aoD2SG 5e4 2 183 - 0.03 0.35 36424
dry 32e1 2 192 - 0.02 0.12 26000
aoDLAV 32e1 2 192 - 0.03 0.14 30196
aoULAV 32e1 2 192 - 0.02 0.15 30208
aoD2AG 32e1 2 192 - 0.03 0.14 30388
aoD2SG 32e1 2 192 - 0.02 0.14 30384
moore 32e1 2 192 - 0.04 0.51 33688
nbpm 32e1 2 192 - 0.08 2.35 58308
greedy 32e1 2 192 - 0.03 0.21 40972
dry 275e2 2 217 - 0.02 0.11 27120
aoDLAV 275e2 2 217 - 0.02 0.21 31240
aoULAV 275e2 2 217 - 0.02 0.21 31568
aoD2AG 275e2 2 217 - 0.04 0.22 34696
aoD2SG 275e2 2 217 - 0.03 0.24 34808
dry 250e2 2 136 - 0.02 0.12 27020
aoDLAV 250e2 2 136 - 0.02 0.21 31108
aoULAV 250e2 2 136 - 0.02 0.23 31212
aoD2AG 250e2 2 136 - 0.03 0.24 33860
aoD2SG 250e2 2 136 - 0.02 0.25 33964
dry 1e2 2 100 - 0.02 0.12 25992
aoDLAV 1e2 2 100 - 0.02 0.14 30168
aoULAV 1e2 2 100 - 0.03 0.14 30180
aoD2AG 1e2 2 100 - 0.02 0.15 30336
aoD2SG 1e2 2 100 - 0.02 0.15 30344
moore 1e2 2 100 - 0.02 0.20 30488
nbpm 1e2 2 100 - 0.07 2.16 53008
greedy 1e2 2 100 - 0.02 0.15 30880
dry 275e2 2 170 - 0.02 0.12 27120
aoDLAV 275e2 2 170 - 0.02 0.21 31244
aoULAV 275e2 2 170 - 0.03 0.21 31572
aoD2AG 275e2 2 170 - 0.03 0.23 34696
aoD2SG 275e2 2 170 - 0.03 0.25 34816
dry 56e1 2 166 - 0.02 0.11 26008
aoDLAV 56e1 2 166 - 0.02 0.14 30220
aoULAV 56e1 2 166 - 0.03 0.14 30236
aoD2AG 56e1 2 166 - 0.03 0.14 30416
aoD2SG 56e1 2 166 - 0.02 0.15 30424
moore 56e1 2 166 - 0.04 2.03 39652
nbpm 56e1 2 166 - 0.10 2.94 78704
greedy 56e1 2 166 - 0.04 0.39 64104
dry 1e1 2 227 - 0.02 0.13 25992
aoDLAV 1e1 2 227 - 0.02 0.15 30160
aoULAV 1e1 2 227 - 0.03 0.14 30172
aoD2AG 1e1 2 227 - 0.03 0.14 30316
aoD2SG 1e1 2 227 - 0.03 0.14 30328
moore 1e1 2 227 - 0.03 0.18 30476
nbpm 1e1 2 227 - 0.08 2.13 49812
greedy 1e1 2 227 - 0.03 0.14 30128
dry 1e2 10 67 - 0.02 0.11 26004
aoDLAV 1e2 10 67 - 0.02 0.14 30260
aoULAV 1e2 10 67 - 0.03 0.14 30276
aoD2AG 1e2 10 67 - 0.02 0.15 30440
aoD2SG 1e2 10 67 - 0.02 0.15 30448
moore 1e2 10 67 - 0.03 0.21 30496
nbpm 1e2 10 67 - 0.07 2.14 53076
greedy 1e2 10 67 - 0.02 0.14 30972
dry 1e2 5 231 - 0.03 0.11 25996
aoDLAV 1e2 5 231 - 0.02 0.14 30212
aoULAV 1e2 5 231 - 0.02 0.15 30228
aoD2AG 1e2 5 231 - 0.02 0.14 30384
aoD2SG 1e2 5 231 - 0.02 0.15 30388
moore 1e2 5 231 - 0.03 0.22 30496
nbpm 1e2 5 231 - 0.07 2.15 53016
greedy 1e2 5 231 - 0.02 0.15 30920
dry 5e4 5 173 - 0.02 0.13 30644
aoDLAV 5e4 5 173 - 0.03 0.73 34704
aoULAV 5e4 5 173 - 0.03 0.75 34708
aoD2AG 5e4 5 173 - 0.03 0.77 37732
aoD2SG 5e4 5 173 - 0.03 0.85 37940
dry 1e3 10 234 - 0.02 0.12 26136
aoDLAV 1e3 10 234 - 0.03 0.16 30652
aoULAV 1e3 10 234 - 0.02 0.16 30664
aoD2AG 1e3 10 234 - 0.02 0.16 31068
aoD2SG 1e3 10 234 - 0.03 0.16 31104
moore 1e3 10 234 - 0.05 2.68 59872
nbpm 1e3 10 234 - 0.14 4.93 136140
greedy 1e3 10 234 - 0.09 1.04 139620
dry 1e2 10 74 - 0.02 0.12 26004
aoDLAV 1e2 10 74 - 0.03 0.14 30260
aoULAV 1e2 10 74 - 0.03 0.14 30272
aoD2AG 1e2 10 74 - 0.02 0.15 30440
aoD2SG 1e2 10 74 - 0.03 0.14 30452
moore 1e2 10 74 - 0.03 0.24 30500
nbpm 1e2 10 74 - 0.07 2.19 53076
greedy 1e2 10 74 - 0.03 0.14 30976
dry 400e2 2 147 - 0.03 0.11 29480
aoDLAV 400e2 2 147 - 0.04 0.23 32236
aoULAV 400e2 2 147 - 0.03 0.24 33112
aoD2AG 400e2 2 147 - 0.03 0.28 36072
aoD2SG 400e2 2 147 - 0.03 0.30 35928
dry 56e3 2 216 - 0.03 0.12 29712
aoDLAV 56e3 2 216 - 0.03 0.29 33476
aoULAV 56e3 2 216 - 0.04 0.29 34696
aoD2AG 56e3 2 216 - 0.04 0.36 37284
aoD2SG 56e3 2 216 - 0.03 0.39 37332
dry 1e5 10 4 - 0.04 0.18 38400
aoDLAV 1e5 10 4 - 0.10 22.91 53536
aoULAV 1e5 10 4 - 0.16 21.46 55316
aoD2AG 1e5 10 4 - 0.16 22.55 62708
aoD2SG 1e5 10 4 - 0.21 25.14 66832
dry 5e4 5 194 - 0.03 0.13 31512
aoDLAV 5e4 5 194 - 0.03 0.70 34704
aoULAV 5e4 5 194 - 0.04 0.68 34708
aoD2AG 5e4 5 194 - 0.03 0.77 37724
aoD2SG 5e4 5 194 - 0.03 0.84 37936
dry 56e1 2 75 - 0.02 0.11 26008
aoDLAV 56e1 2 75 - 0.03 0.13 30220
aoULAV 56e1 2 75 - 0.03 0.14 30232
aoD2AG 56e1 2 75 - 0.03 0.14 30416
aoD2SG 56e1 2 75 - 0.03 0.14 30424
moore 56e1 2 75 - 0.04 1.55 39656
nbpm 56e1 2 75 - 0.10 2.89 78708
greedy 56e1 2 75 - 0.04 0.39 64104
dry 1e6 2 234 - 0.04 0.20 49704
aoDLAV 1e6 2 234 - 0.12 3.76 178456
aoULAV 1e6 2 234 - 0.12 3.86 178460
aoD2AG 1e6 2 234 - 0.16 5.46 233452
aoD2SG 1e6 2 234 - 0.19 6.22 242412
dry 5e4 10 57 - 0.03 0.14 33888
aoDLAV 5e4 10 57 - 0.04 7.49 40200
aoULAV 5e4 10 57 - 0.04 7.46 40200
aoD2AG 5e4 10 57 - 0.04 7.50 44984
aoD2SG 5e4 10 57 - 0.04 8.36 45000
dry 32e1 2 36 - 0.02 0.11 26004
aoDLAV 32e1 2 36 - 0.02 0.15 30196
aoULAV 32e1 2 36 - 0.03 0.13 30208
aoD2AG 32e1 2 36 - 0.03 0.14 30380
aoD2SG 32e1 2 36 - 0.03 0.15 30384
moore 32e1 2 36 - 0.03 0.30 33684
nbpm 32e1 2 36 - 0.07 2.35 58308
greedy 32e1 2 36 - 0.04 0.20 40972
dry 1e6 10 181 - 0.08 0.39 112236
aoDLAV 1e6 10 181 - 0.20 360.85 369884
aoULAV 1e6 10 181 - 0.31 380.30 369884
aoD2AG 1e6 10 181 - 0.38 392.04 449156
aoD2SG 1e6 10 181 - 0.45 480.32 458260
dry 56e1 2 181 - 0.02 0.12 26008
aoDLAV 56e1 2 181 - 0.03 0.14 30220
aoULAV 56e1 2 181 - 0.04 0.13 30232
aoD2AG 56e1 2 181 - 0.03 0.14 30416
aoD2SG 56e1 2 181 - 0.03 0.14 30424
moore 56e1 2 181 - 0.03 0.67 39680
nbpm 56e1 2 181 - 0.10 2.99 78704
greedy 56e1 2 181 - 0.04 0.38 64108
dry 375e2 2 169 - 0.02 0.12 27516
aoDLAV 375e2 2 169 - 0.03 0.23 31784
aoULAV 375e2 2 169 - 0.03 0.24 32608
aoD2AG 375e2 2 169 - 0.03 0.27 35516
aoD2SG 375e2 2 169 - 0.03 0.29 35528
dry 1e3 5 78 - 0.02 0.12 26060
aoDLAV 1e3 5 78 - 0.03 0.14 30424
aoULAV 1e3 5 78 - 0.03 0.14 30436
aoD2AG 1e3 5 78 - 0.03 0.14 30740
aoD2SG 1e3 5 78 - 0.03 0.15 30760
moore 1e3 5 78 - 0.04 5.03 59800
nbpm 1e3 5 78 - 0.11 4.24 129244
greedy 1e3 5 78 - 0.07 0.99 139388
dry 5e4 5 75 - 0.03 0.13 30976
aoDLAV 5e4 5 75 - 0.02 0.75 34704
aoULAV 5e4 5 75 - 0.03 0.71 34708
aoD2AG 5e4 5 75 - 0.04 0.80 37724
aoD2SG 5e4 5 75 - 0.05 0.88 37940
dry 1e5 5 208 - 0.03 0.13 34476
aoDLAV 1e5 5 208 - 0.05 1.59 41816
aoULAV 1e5 5 208 - 0.04 1.63 43576
aoD2AG 1e5 5 208 - 0.04 1.80 53564
aoD2SG 1e5 5 208 - 0.05 1.98 53588
dry 350e2 2 68 - 0.02 0.11 27420
aoDLAV 350e2 2 68 - 0.02 0.22 31480
aoULAV 350e2 2 68 - 0.02 0.24 32264
aoD2AG 350e2 2 68 - 0.04 0.28 34852
aoD2SG 350e2 2 68 - 0.04 0.28 35132
dry 375e2 2 215 - 0.03 0.11 27516
aoDLAV 375e2 2 215 - 0.03 0.25 31784
aoULAV 375e2 2 215 - 0.03 0.26 32608
aoD2AG 375e2 2 215 - 0.03 0.27 35520
aoD2SG 375e2 2 215 - 0.02 0.29 35528
dry 300e2 2 175 - 0.02 0.12 27216
aoDLAV 300e2 2 175 - 0.03 0.22 31300
aoULAV 300e2 2 175 - 0.02 0.22 31896
aoD2AG 300e2 2 175 - 0.03 0.25 35056
aoD2SG 300e2 2 175 - 0.03 0.27 34716
dry 5e4 2 156 - 0.02 0.12 28000
aoDLAV 5e4 2 156 - 0.03 0.26 33008
aoULAV 5e4 2 156 - 0.03 0.26 33312
aoD2AG 5e4 2 156 - 0.03 0.32 36408
aoD2SG 5e4 2 156 - 0.04 0.33 36424
dry 1e3 10 98 - 0.02 0.12 26136
aoDLAV 1e3 10 98 - 0.02 0.16 30652
aoULAV 1e3 10 98 - 0.02 0.16 30664
aoD2AG 1e3 10 98 - 0.03 0.17 31064
aoD2SG 1e3 10 98 - 0.02 0.17 31092
moore 1e3 10 98 - 0.06 5.31 59840
nbpm 1e3 10 98 - 0.13 4.89 136140
greedy 1e3 10 98 - 0.07 1.06 139616
dry 350e2 2 20 - 0.02 0.12 27420
aoDLAV 350e2 2 20 - 0.03 0.22 31496
aoULAV 350e2 2 20 - 0.03 0.22 32260
aoD2AG 350e2 2 20 - 0.03 0.27 34848
aoD2SG 350e2 2 20 - 0.03 0.29 35128
dry 1e6 5 102 - 0.04 0.27 73152
aoDLAV 1e6 5 102 - 0.14 18.23 252688
aoULAV 1e6 5 102 - 0.13 18.47 252688
aoD2AG 1e6 5 102 - 0.21 19.88 322996
aoD2SG 1e6 5 102 - 0.22 23.36 331248
dry 5e4 2 4 - 0.03 0.12 28000
aoDLAV 5e4 2 4 - 0.03 0.26 33012
aoULAV 5e4 2 4 - 0.03 0.27 33316
aoD2AG 5e4 2 4 - 0.04 0.31 36412
aoD2SG 5e4 2 4 - 0.04 0.36 36424
dry 32e1 2 173 - 0.02 0.11 26004
aoDLAV 32e1 2 173 - 0.03 0.14 30200
aoULAV 32e1 2 173 - 0.02 0.14 30208
aoD2AG 32e1 2 173 - 0.03 0.14 30376
aoD2SG 32e1 2 173 - 0.02 0.14 30384
moore 32e1 2 173 - 0.03 0.32 33680
nbpm 32e1 2 173 - 0.07 2.28 58304
greedy 32e1 2 173 - 0.03 0.20 40972
dry 1e3 2 50 - 0.03 0.10 26020
aoDLAV 1e3 2 50 - 0.03 0.14 30280
aoULAV 1e3 2 50 - 0.02 0.15 30292
aoD2AG 1e3 2 50 - 0.03 0.14 30540
aoD2SG 1e3 2 50 - 0.02 0.14 30560
moore 1e3 2 50 - 0.04 5.01 59836
nbpm 1e3 2 50 - 0.13 3.92 138560
greedy 1e3 2 50 - 0.09 1.04 139244
dry 275e2 2 124 - 0.03 0.11 27120
aoDLAV 275e2 2 124 - 0.02 0.22 31240
aoULAV 275e2 2 124 - 0.03 0.21 31568
aoD2AG 275e2 2 124 - 0.03 0.22 34696
aoD2SG 275e2 2 124 - 0.02 0.25 34812
dry 18e4 2 195 - 0.03 0.13 33104
aoDLAV 18e4 2 195 - 0.04 0.73 47860
aoULAV 18e4 2 195 - 0.05 0.74 47860
aoD2AG 18e4 2 195 - 0.04 0.96 59040
aoD2SG 18e4 2 195 - 0.05 1.04 59916
dry 56e3 2 215 - 0.02 0.13 28240
aoDLAV 56e3 2 215 - 0.03 0.28 33476
aoULAV 56e3 2 215 - 0.02 0.29 34696
aoD2AG 56e3 2 215 - 0.03 0.34 37284
aoD2SG 56e3 2 215 - 0.03 0.37 37296
dry 1e5 5 169 - 0.03 0.13 34476
aoDLAV 1e5 5 169 - 0.04 1.44 41816
aoULAV 1e5 5 169 - 0.04 1.47 43568
aoD2AG 1e5 5 169 - 0.05 1.59 53560
aoD2SG 1e5 5 169 - 0.05 1.76 53640
dry 325e2 2 39 - 0.02 0.12 27320
aoDLAV 325e2 2 39 - 0.02 0.22 31372
aoULAV 325e2 2 39 - 0.03 0.21 32088
aoD2AG 325e2 2 39 - 0.03 0.24 35000
aoD2SG 325e2 2 39 - 0.03 0.26 34760
dry 1e2 2 183 - 0.03 0.11 25992
aoDLAV 1e2 2 183 - 0.03 0.14 30172
aoULAV 1e2 2 183 - 0.03 0.13 30180
aoD2AG 1e2 2 183 - 0.02 0.15 30340
aoD2SG 1e2 2 183 - 0.03 0.14 30344
moore 1e2 2 183 - 0.03 0.21 30488
nbpm 1e2 2 183 - 0.08 2.10 53008
greedy 1e2 2 183 - 0.03 0.15 30880
dry 1e2 5 101 - 0.02 0.11 25996
aoDLAV 1e2 5 101 - 0.03 0.14 30216
aoULAV 1e2 5 101 - 0.03 0.14 30224
aoD2AG 1e2 5 101 - 0.04 0.13 30384
aoD2SG 1e2 5 101 - 0.03 0.14 30388
moore 1e2 5 101 - 0.03 0.19 30492
nbpm 1e2 5 101 - 0.07 2.11 53064
greedy 1e2 5 101 - 0.03 0.14 30920
dry 1e5 5 22 - 0.03 0.13 34476
aoDLAV 1e5 5 22 - 0.05 1.65 41816
aoULAV 1e5 5 22 - 0.04 1.66 43568
aoD2AG 1e5 5 22 - 0.05 1.62 53560
aoD2SG 1e5 5 22 - 0.05 1.78 53304
dry 1e5 5 107 - 0.03 0.13 34476
aoDLAV 1e5 5 107 - 0.04 1.45 41816
aoULAV 1e5 5 107 - 0.04 1.46 43568
aoD2AG 1e5 5 107 - 0.04 1.60 53564
aoD2SG 1e5 5 107 - 0.05 1.79 53200
dry 1e1 2 104 - 0.02 0.12 25992
aoDLAV 1e1 2 104 - 0.02 0.15 30164
aoULAV 1e1 2 104 - 0.03 0.14 30172
aoD2AG 1e1 2 104 - 0.03 0.14 30316
aoD2SG 1e1 2 104 - 0.03 0.14 30320
moore 1e1 2 104 - 0.03 0.18 30484
nbpm 1e1 2 104 - 0.08 2.09 49824
greedy 1e1 2 104 - 0.03 0.14 30124
dry 1e3 5 247 - 0.03 0.11 26056
aoDLAV 1e3 5 247 - 0.03 0.14 30424
aoULAV 1e3 5 247 - 0.03 0.15 30436
aoD2AG 1e3 5 247 - 0.03 0.15 30748
aoD2SG 1e3 5 247 - 0.03 0.15 30772
moore 1e3 5 247 - 0.04 5.43 59800
nbpm 1e3 5 247 - 0.12 4.33 129244
greedy 1e3 5 247 - 0.09 0.98 139388
dry 225e2 2 248 - 0.03 0.11 26920
aoDLAV 225e2 2 248 - 0.04 0.18 30980
aoULAV 225e2 2 248 - 0.03 0.18 30996
aoD2AG 225e2 2 248 - 0.03 0.21 33372
aoD2SG 225e2 2 248 - 0.03 0.21 33464
dry 1e6 5 99 - 0.06 0.26 73152
aoDLAV 1e6 5 99 - 0.13 18.03 252688
aoULAV 1e6 5 99 - 0.15 20.09 252688
aoD2AG 1e6 5 99 - 0.19 20.10 324084
aoD2SG 1e6 5 99 - 0.20 23.35 332704
dry 325e2 2 76 - 0.02 0.12 27316
aoDLAV 325e2 2 76 - 0.03 0.22 31372
aoULAV 325e2 2 76 - 0.04 0.22 32092
aoD2AG 325e2 2 76 - 0.03 0.25 35004
aoD2SG 325e2 2 76 - 0.03 0.26 34764
dry 1e6 5 124 - 0.05 0.28 73152
aoDLAV 1e6 5 124 - 0.16 19.75 252688
aoULAV 1e6 5 124 - 0.14 20.13 252688
aoD2AG 1e6 5 124 - 0.22 21.99 323408
aoD2SG 1e6 5 124 - 0.23 26.13 333460
dry 32e3 2 203 - 0.03 0.12 29056
aoDLAV 32e3 2 203 - 0.03 0.22 31440
aoULAV 32e3 2 203 - 0.04 0.22 32148
aoD2AG 32e3 2 203 - 0.03 0.25 35024
aoD2SG 32e3 2 203 - 0.03 0.26 34788
dry 250e2 2 174 - 0.03 0.11 27024
aoDLAV 250e2 2 174 - 0.02 0.20 31108
aoULAV 250e2 2 174 - 0.02 0.21 31212
aoD2AG 250e2 2 174 - 0.03 0.22 33860
aoD2SG 250e2 2 174 - 0.03 0.23 33964
dry 375e2 2 8 - 0.02 0.12 27516
aoDLAV 375e2 2 8 - 0.03 0.23 31784
aoULAV 375e2 2 8 - 0.03 0.25 32604
aoD2AG 375e2 2 8 - 0.03 0.27 35520
aoD2SG 375e2 2 8 - 0.04 0.27 35528
dry 5e4 5 15 - 0.03 0.13 30572
aoDLAV 5e4 5 15 - 0.04 0.76 34704
aoULAV 5e4 5 15 - 0.03 0.79 34704
aoD2AG 5e4 5 15 - 0.04 0.75 37724
aoD2SG 5e4 5 15 - 0.04 0.91 37940
dry 1e1 2 242 - 0.02 0.12 25996
aoDLAV 1e1 2 242 - 0.04 0.14 30160
aoULAV 1e1 2 242 - 0.04 0.14 30176
aoD2AG 1e1 2 242 - 0.03 0.14 30316
aoD2SG 1e1 2 242 - 0.03 0.13 30320
moore 1e1 2 242 - 0.03 0.18 30488
nbpm 1e1 2 242 - 0.07 2.35 49828
greedy 1e1 2 242 - 0.04 0.13 30124
dry 300e2 2 164 - 0.02 0.12 27216
aoDLAV 300e2 2 164 - 0.03 0.22 31296
aoULAV 300e2 2 164 - 0.03 0.22 31896
aoD2AG 300e2 2 164 - 0.03 0.26 35060
aoD2SG 300e2 2 164 - 0.04 0.27 34720
dry 56e4 2 182 - 0.03 0.18 41104
aoDLAV 56e4 2 182 - 0.07 1.93 107988
aoULAV 56e4 2 182 - 0.08 2.29 107984
aoD2AG 56e4 2 182 - 0.11 3.24 139224
aoD2SG 56e4 2 182 - 0.13 3.98 143672
dry 275e2 2 132 - 0.02 0.12 27120
aoDLAV 275e2 2 132 - 0.04 0.19 31240
aoULAV 275e2 2 132 - 0.03 0.20 31568
aoD2AG 275e2 2 132 - 0.02 0.23 34696
aoD2SG 275e2 2 132 - 0.03 0.23 34812
dry 250e2 2 38 - 0.02 0.12 30624
aoDLAV 250e2 2 38 - 0.03 0.22 31112
aoULAV 250e2 2 38 - 0.03 0.20 31216
aoD2AG 250e2 2 38 - 0.04 0.21 33860
aoD2SG 250e2 2 38 - 0.04 0.22 33960
dry 1e5 5 66 - 0.02 0.14 34476
aoDLAV 1e5 5 66 - 0.04 1.69 41820
aoULAV 1e5 5 66 - 0.05 1.70 43568
aoD2AG 1e5 5 66 - 0.05 1.56 53568
aoD2SG 1e5 5 66 - 0.05 1.74 53196
dry 1e5 5 212 - 0.03 0.14 34476
aoDLAV 1e5 5 212 - 0.05 1.57 41816
aoULAV 1e5 5 212 - 0.04 1.43 43572
aoD2AG 1e5 5 212 - 0.05 1.55 53560
aoD2SG 1e5 5 212 - 0.07 2.13 53204
dry 350e2 2 9 - 0.02 0.12 27416
aoDLAV 350e2 2 9 - 0.03 0.23 31480
aoULAV 350e2 2 9 - 0.02 0.24 32256
aoD2AG 350e2 2 9 - 0.04 0.26 34852
aoD2SG 350e2 2 9 - 0.03 0.28 35128
dry 32e3 2 45 - 0.02 0.12 27300
aoDLAV 32e3 2 45 - 0.03 0.22 31436
aoULAV 32e3 2 45 - 0.03 0.23 32148
aoD2AG 32e3 2 45 - 0.03 0.26 35024
aoD2SG 32e3 2 45 - 0.04 0.26 34788
dry 18e1 2 9 - 0.02 0.12 26004
aoDLAV 18e1 2 9 - 0.03 0.15 30188
aoULAV 18e1 2 9 - 0.03 0.14 30196
aoD2AG 18e1 2 9 - 0.02 0.15 30356
aoD2SG 18e1 2 9 - 0.02 0.15 30364
moore 18e1 2 9 - 0.03 0.24 30500
nbpm 18e1 2 9 - 0.09 2.09 54444
greedy 18e1 2 9 - 0.02 0.16 33348
dry 56e1 2 71 - 0.02 0.11 26008
aoDLAV 56e1 2 71 - 0.03 0.14 30220
aoULAV 56e1 2 71 - 0.02 0.14 30232
aoD2AG 56e1 2 71 - 0.03 0.14 30416
aoD2SG 56e1 2 71 - 0.03 0.14 30424
moore 56e1 2 71 - 0.03 1.89 39660
nbpm 56e1 2 71 - 0.09 3.01 78712
greedy 56e1 2 71 - 0.04 0.40 64104
dry 225e2 2 97 - 0.02 0.12 28932
aoDLAV 225e2 2 97 - 0.02 0.19 30984
aoULAV 225e2 2 97 - 0.03 0.19 30992
aoD2AG 225e2 2 97 - 0.02 0.22 33368
aoD2SG 225e2 2 97 - 0.03 0.21 33464
dry 1e5 2 158 - 0.03 0.13 31972
aoDLAV 1e5 2 158 - 0.03 0.42 34800
aoULAV 1e5 2 158 - 0.03 0.46 35324
aoD2AG 1e5 2 158 - 0.04 0.59 42600
aoD2SG 1e5 2 158 - 0.04 0.66 43800
dry 18e1 2 212 - 0.01 0.12 26004
aoDLAV 18e1 2 212 - 0.03 0.14 30188
aoULAV 18e1 2 212 - 0.03 0.13 30196
aoD2AG 18e1 2 212 - 0.02 0.15 30356
aoD2SG 18e1 2 212 - 0.03 0.14 30364
moore 18e1 2 212 - 0.03 0.28 30492
nbpm 18e1 2 212 - 0.09 2.09 54440
greedy 18e1 2 212 - 0.02 0.16 33352
dry 1e2 10 82 - 0.02 0.11 28020
aoDLAV 1e2 10 82 - 0.03 0.14 30264
aoULAV 1e2 10 82 - 0.02 0.15 30272
aoD2AG 1e2 10 82 - 0.03 0.14 30440
aoD2SG 1e2 10 82 - 0.02 0.14 30448
moore 1e2 10 82 - 0.02 0.21 30496
nbpm 1e2 10 82 - 0.07 2.09 53076
greedy 1e2 10 82 - 0.03 0.14 30972
dry 5e4 2 158 - 0.02 0.13 28000
aoDLAV 5e4 2 158 - 0.03 0.28 33012
aoULAV 5e4 2 158 - 0.03 0.30 33328
aoD2AG 5e4 2 158 - 0.03 0.33 36412
aoD2SG 5e4 2 158 - 0.04 0.36 36424
dry 5e4 10 189 - 0.03 0.14 33888
aoDLAV 5e4 10 189 - 0.04 8.27 40200
aoULAV 5e4 10 189 - 0.04 6.68 40200
aoD2AG 5e4 10 189 - 0.04 6.60 44988
aoD2SG 5e4 10 189 - 0.04 7.71 44996
dry 32e3 2 200 - 0.03 0.11 29096
aoDLAV 32e3 2 200 - 0.03 0.21 31440
aoULAV 32e3 2 200 - 0.03 0.21 32148
aoD2AG 32e3 2 200 - 0.03 0.24 35024
aoD2SG 32e3 2 200 - 0.03 0.25 34788
dry 1e2 2 136 - 0.03 0.11 25992
aoDLAV 1e2 2 136 - 0.03 0.14 30168
aoULAV 1e2 2 136 - 0.02 0.14 30184
aoD2AG 1e2 2 136 - 0.03 0.14 30336
aoD2SG 1e2 2 136 - 0.03 0.14 30344
moore 1e2 2 136 - 0.02 0.21 30488
nbpm 1e2 2 136 - 0.07 2.22 53008
greedy 1e2 2 136 - 0.02 0.15 30880
dry 350e2 2 2 - 0.02 0.12 27420
aoDLAV 350e2 2 2 - 0.03 0.22 31480
aoULAV 350e2 2 2 - 0.03 0.22 32264
aoD2AG 350e2 2 2 - 0.03 0.26 34852
aoD2SG 350e2 2 2 - 0.03 0.27 35132
dry 275e2 2 180 - 0.02 0.12 27124
aoDLAV 275e2 2 180 - 0.03 0.21 31240
aoULAV 275e2 2 180 - 0.03 0.21 31572
aoD2AG 275e2 2 180 - 0.04 0.22 34696
aoD2SG 275e2 2 180 - 0.03 0.24 34812
dry 5e4 10 76 - 0.03 0.14 33888
aoDLAV 5e4 10 76 - 0.04 8.22 40200
aoULAV 5e4 10 76 - 0.04 8.09 40200
aoD2AG 5e4 10 76 - 0.04 8.17 44980
aoD2SG 5e4 10 76 - 0.04 9.40 45000
dry 350e2 2 59 - 0.02 0.12 27416
aoDLAV 350e2 2 59 - 0.02 0.23 31480
aoULAV 350e2 2 59 - 0.03 0.23 32256
aoD2AG 350e2 2 59 - 0.03 0.27 34852
aoD2SG 350e2 2 59 - 0.03 0.28 35136
dry 1e3 2 49 - 0.02 0.11 26024
aoDLAV 1e3 2 49 - 0.02 0.14 30280
aoULAV 1e3 2 49 - 0.02 0.15 30292
aoD2AG 1e3 2 49 - 0.02 0.14 30544
aoD2SG 1e3 2 49 - 0.02 0.15 30564
moore 1e3 2 49 - 0.05 4.09 59780
nbpm 1e3 2 49 - 0.10 4.08 138560
greedy 1e3 2 49 - 0.07 1.04 139244
dry 1e5 2 131 - 0.03 0.13 31448
aoDLAV 1e5 2 131 - 0.03 0.44 34800
aoULAV 1e5 2 131 - 0.04 0.44 35320
aoD2AG 1e5 2 131 - 0.03 0.58 42596
aoD2SG 1e5 2 131 - 0.04 0.65 43852
dry 1e5 5 139 - 0.04 0.13 34480
aoDLAV 1e5 5 139 - 0.05 1.59 41816
aoULAV 1e5 5 139 - 0.03 1.60 43568
aoD2AG 1e5 5 139 - 0.05 1.74 53568
aoD2SG 1e5 5 139 - 0.06 1.95 53200
dry 18e1 2 179 - 0.03 0.11 26008
aoDLAV 18e1 2 179 - 0.02 0.15 30188
aoULAV 18e1 2 179 - 0.03 0.14 30196
aoD2AG 18e1 2 179 - 0.03 0.13 30360
aoD2SG 18e1 2 179 - 0.03 0.14 30364
moore 18e1 2 179 - 0.03 0.28 30488
nbpm 18e1 2 179 - 0.09 2.14 54436
greedy 18e1 2 179 - 0.02 0.16 33348
dry 56e3 2 38 - 0.02 0.12 28236
aoDLAV 56e3 2 38 - 0.03 0.29 33476
aoULAV 56e3 2 38 - 0.03 0.29 34700
aoD2AG 56e3 2 38 - 0.04 0.35 37288
aoD2SG 56e3 2 38 - 0.03 0.38 37300
dry 300e2 2 88 - 0.02 0.12 27216
aoDLAV 300e2 2 88 - 0.02 0.22 31296
aoULAV 300e2 2 88 - 0.03 0.21 31892
aoD2AG 300e2 2 88 - 0.03 0.24 35056
aoD2SG 300e2 2 88 - 0.03 0.25 34716
dry 18e4 2 63 - 0.03 0.14 33104
aoDLAV 18e4 2 63 - 0.05 0.74 47860
aoULAV 18e4 2 63 - 0.05 0.77 47860
aoD2AG 18e4 2 63 - 0.06 0.98 58644
aoD2SG 18e4 2 63 - 0.05 1.12 60112
dry 1e3 10 5 - 0.03 0.11 26136
aoDLAV 1e3 10 5 - 0.03 0.16 30652
aoULAV 1e3 10 5 - 0.03 0.15 30664
aoD2AG 1e3 10 5 - 0.03 0.15 31056
aoD2SG 1e3 10 5 - 0.04 0.15 31088
moore 1e3 10 5 - 0.05 7.51 59844
nbpm 1e3 10 5 - 0.10 4.75 136144
greedy 1e3 10 5 - 0.09 1.05 139616
dry 1e6 2 198 - 0.04 0.20 49704
aoDLAV 1e6 2 198 - 0.11 3.75 178456
aoULAV 1e6 2 198 - 0.12 3.94 178460
aoD2AG 1e6 2 198 - 0.16 6.76 233212
aoD2SG 1e6 2 198 - 0.23 6.22 243200
dry 18e1 2 57 - 0.02 0.12 26004
aoDLAV 18e1 2 57 - 0.02 0.15 30188
aoULAV 18e1 2 57 - 0.04 0.13 30200
aoD2AG 18e1 2 57 - 0.03 0.14 30356
aoD2SG 18e1 2 57 - 0.03 0.14 30364
moore 18e1 2 57 - 0.02 0.35 30496
nbpm 18e1 2 57 - 0.08 2.17 54444
greedy 18e1 2 57 - 0.02 0.16 33348
dry 18e4 2 150 - 0.02 0.14 33384
aoDLAV 18e4 2 150 - 0.04 0.76 47868
aoULAV 18e4 2 150 - 0.05 0.78 47860
aoD2AG 18e4 2 150 - 0.06 1.01 58640
aoD2SG 18e4 2 150 - 0.06 1.11 59840
dry 1e2 5 236 - 0.02 0.12 25996
aoDLAV 1e2 5 236 - 0.03 0.14 30212
aoULAV 1e2 5 236 - 0.03 0.14 30228
aoD2AG 1e2 5 236 - 0.03 0.14 30384
aoD2SG 1e2 5 236 - 0.03 0.14 30392
moore 1e2 5 236 - 0.03 0.23 30492
nbpm 1e2 5 236 - 0.07 2.14 53016
greedy 1e2 5 236 - 0.03 0.14 30924
dry 325e2 2 158 - 0.02 0.12 27316
aoDLAV 325e2 2 158 - 0.03 0.22 31372
aoULAV 325e2 2 158 - 0.03 0.22 32088
aoD2AG 325e2 2 158 - 0.03 0.24 35000
aoD2SG 325e2 2 158 - 0.03 0.27 34760
dry 1e1 2 141 - 0.03 0.11 25992
aoDLAV 1e1 2 141 - 0.02 0.15 30160
aoULAV 1e1 2 141 - 0.03 0.14 30172
aoD2AG 1e1 2 141 - 0.02 0.15 30316
aoD2SG 1e1 2 141 - 0.02 0.15 30328
moore 1e1 2 141 - 0.03 0.18 30476
nbpm 1e1 2 141 - 0.08 2.12 49816
greedy 1e1 2 141 - 0.03 0.14 30124
dry 56e3 2 72 - 0.03 0.11 29920
aoDLAV 56e3 2 72 - 0.03 0.29 33476
aoULAV 56e3 2 72 - 0.04 0.28 34700
aoD2AG 56e3 2 72 - 0.04 0.35 37292
aoD2SG 56e3 2 72 - 0.04 0.37 37308
dry 250e2 2 106 - 0.03 0.11 27024
aoDLAV 250e2 2 106 - 0.03 0.20 31108
aoULAV 250e2 2 106 - 0.03 0.20 31216
aoD2AG 250e2 2 106 - 0.03 0.22 33860
aoD2SG 250e2 2 106 - 0.03 0.23 33968
dry 1e3 5 125 - 0.02 0.12 26056
aoDLAV 1e3 5 125 - 0.03 0.14 30424
aoULAV 1e3 5 125 - 0.03 0.14 30436
aoD2AG 1e3 5 125 - 0.02 0.15 30740
aoD2SG 1e3 5 125 - 0.04 0.14 30768
moore 1e3 5 125 - 0.04 3.14 59920
nbpm 1e3 5 125 - 0.09 4.46 129248
greedy 1e3 5 125 - 0.08 1.02 139392
dry 1e5 5 39 - 0.03 0.14 34480
aoDLAV 1e5 5 39 - 0.05 1.53 41816
aoULAV 1e5 5 39 - 0.04 1.56 43568
aoD2AG 1e5 5 39 - 0.05 1.69 53568
aoD2SG 1e5 5 39 - 0.04 1.90 53456
dry 1e1 2 174 - 0.02 0.12 25996
aoDLAV 1e1 2 174 - 0.02 0.15 30164
aoULAV 1e1 2 174 - 0.02 0.15 30172
aoD2AG 1e1 2 174 - 0.03 0.14 30316
aoD2SG 1e1 2 174 - 0.02 0.15 30320
moore 1e1 2 174 - 0.02 0.18 30476
nbpm 1e1 2 174 - 0.08 2.14 49812
greedy 1e1 2 174 - 0.02 0.14 30124
dry 5e4 2 62 - 0.03 0.11 28000
aoDLAV 5e4 2 62 - 0.04 0.27 33012
aoULAV 5e4 2 62 - 0.03 0.28 33316
aoD2AG 5e4 2 62 - 0.03 0.35 36408
aoD2SG 5e4 2 62 - 0.03 0.38 36424
dry 5e4 10 142 - 0.03 0.13 33888
aoDLAV 5e4 10 142 - 0.04 7.40 40200
aoULAV 5e4 10 142 - 0.03 7.35 40200
aoD2AG 5e4 10 142 - 0.05 7.40 44984
aoD2SG 5e4 10 142 - 0.05 8.21 44996
dry 1e6 10 78 - 0.07 0.40 112232
aoDLAV 1e6 10 78 - 0.22 355.40 369884
aoULAV 1e6 10 78 - 0.32 348.83 369884
aoD2AG 1e6 10 78 - 0.41 340.27 448400
aoD2SG 1e6 10 78 - 0.40 413.14 456748
dry 32e3 2 194 - 0.03 0.12 27300
aoDLAV 32e3 2 194 - 0.03 0.21 31436
aoULAV 32e3 2 194 - 0.03 0.22 32148
aoD2AG 32e3 2 194 - 0.03 0.25 35028
aoD2SG 32e3 2 194 - 0.04 0.25 34788
dry 400e2 2 214 - 0.03 0.11 29300
aoDLAV 400e2 2 214 - 0.02 0.24 32240
aoULAV 400e2 2 214 - 0.02 0.24 33112
aoD2AG 400e2 2 214 - 0.03 0.28 36076
aoD2SG 400e2 2 214 - 0.03 0.29 35924
dry 350e2 2 8 - 0.03 0.11 27416
aoDLAV 350e2 2 8 - 0.03 0.22 31480
aoULAV 350e2 2 8 - 0.03 0.23 32260
aoD2AG 350e2 2 8 - 0.02 0.27 34848
aoD2SG 350e2 2 8 - 0.03 0.27 35132
dry 1e6 5 98 - 0.05 0.27 73156
aoDLAV 1e6 5 98 - 0.14 19.74 252692
aoULAV 1e6 5 98 - 0.15 20.10 252688
aoD2AG 1e6 5 98 - 0.18 22.04 324976
aoD2SG 1e6 5 98 - 0.21 25.32 333560
dry 300e2 2 204 - 0.02 0.12 27216
aoDLAV 300e2 2 204 - 0.03 0.21 31296
aoULAV 300e2 2 204 - 0.03 0.22 31892
aoD2AG 300e2 2 204 - 0.02 0.25 35060
aoD2SG 300e2 2 204 - 0.03 0.28 34716
dry 1e3 2 31 - 0.03 0.11 26020
aoDLAV 1e3 2 31 - 0.03 0.14 30280
aoULAV 1e3 2 31 - 0.03 0.14 30292
aoD2AG 1e3 2 31 - 0.04 0.14 30540
aoD2SG 1e3 2 31 - 0.03 0.14 30568
moore 1e3 2 31 - 0.04 3.08 59892
nbpm 1e3 2 31 - 0.14 4.03 138552
greedy 1e3 2 31 - 0.09 1.03 139244
dry 1e3 2 237 - 0.01 0.13 26020
aoDLAV 1e3 2 237 - 0.03 0.14 30280
aoULAV 1e3 2 237 - 0.03 0.14 30296
aoD2AG 1e3 2 237 - 0.03 0.14 30532
aoD2SG 1e3 2 237 - 0.03 0.14 30556
moore 1e3 2 237 - 0.03 3.50 59808
nbpm 1e3 2 237 - 0.12 4.09 138556
greedy 1e3 2 237 - 0.07 1.04 139248
dry 56e3 2 146 - 0.02 0.12 29888
aoDLAV 56e3 2 146 - 0.03 0.29 33476
aoULAV 56e3 2 146 - 0.03 0.29 34724
aoD2AG 56e3 2 146 - 0.03 0.36 37284
aoD2SG 56e3 2 146 - 0.02 0.40 37300
dry 5e4 5 138 - 0.02 0.14 31544
aoDLAV 5e4 5 138 - 0.03 0.76 34704
aoULAV 5e4 5 138 - 0.04 0.76 34704
aoD2AG 5e4 5 138 - 0.04 0.83 37724
aoD2SG 5e4 5 138 - 0.04 0.89 37932
dry 5e4 2 201 - 0.02 0.12 31116
aoDLAV 5e4 2 201 - 0.03 0.27 33012
aoULAV 5e4 2 201 - 0.03 0.28 33312
aoD2AG 5e4 2 201 - 0.04 0.33 36452
aoD2SG 5e4 2 201 - 0.04 0.35 36424
dry 1e3 10 229 - 0.03 0.11 26136
aoDLAV 1e3 10 229 - 0.03 0.16 30656
aoULAV 1e3 10 229 - 0.02 0.17 30668
aoD2AG 1e3 10 229 - 0.02 0.16 31072
aoD2SG 1e3 10 229 - 0.03 0.16 31092
moore 1e3 10 229 - 0.04 3.94 59840
nbpm 1e3 10 229 - 0.13 4.85 136136
greedy 1e3 10 229 - 0.08 1.05 139652
dry 1e5 2 21 - 0.03 0.13 30640
aoDLAV 1e5 2 21 - 0.04 0.44 34800
aoULAV 1e5 2 21 - 0.04 0.44 35320
aoD2AG 1e5 2 21 - 0.05 0.57 42596
aoD2SG 1e5 2 21 - 0.04 0.65 43796
dry 250e2 2 172 - 0.02 0.12 27020
aoDLAV 250e2 2 172 - 0.03 0.20 31108
aoULAV 250e2 2 172 - 0.03 0.20 31212
aoD2AG 250e2 2 172 - 0.03 0.22 33860
aoD2SG 250e2 2 172 - 0.03 0.24 33968
dry 32e4 2 155 - 0.04 0.16 36424
aoDLAV 32e4 2 155 - 0.06 1.22 70828
aoULAV 32e4 2 155 - 0.06 1.28 70840
aoD2AG 32e4 2 155 - 0.07 1.76 88880
aoD2SG 32e4 2 155 - 0.07 1.97 90832
dry 225e2 2 48 - 0.02 0.12 26920
aoDLAV 225e2 2 48 - 0.04 0.19 30980
aoULAV 225e2 2 48 - 0.03 0.20 31004
aoD2AG 225e2 2 48 - 0.03 0.21 33368
aoD2SG 225e2 2 48 - 0.03 0.23 33460
dry 32e4 2 39 - 0.03 0.17 36424
aoDLAV 32e4 2 39 - 0.07 1.25 70828
aoULAV 32e4 2 39 - 0.04 1.31 70840
aoD2AG 32e4 2 39 - 0.08 1.78 89208
aoD2SG 32e4 2 39 - 0.07 1.92 90964
dry 56e4 2 149 - 0.05 0.17 41104
aoDLAV 56e4 2 149 - 0.08 2.11 107984
aoULAV 56e4 2 149 - 0.09 2.19 107984
aoD2AG 56e4 2 149 - 0.13 3.12 138696
aoD2SG 56e4 2 149 - 0.11 3.52 144408
dry 32e4 2 65 - 0.03 0.16 36428
aoDLAV 32e4 2 65 - 0.07 1.27 70828
aoULAV 32e4 2 65 - 0.06 1.32 70844
aoD2AG 32e4 2 65 - 0.06 1.80 88800
aoD2SG 32e4 2 65 - 0.06 1.94 91048
dry 1e2 5 168 - 0.02 0.12 26000
aoDLAV 1e2 5 168 - 0.02 0.14 30224
aoULAV 1e2 5 168 - 0.03 0.13 30224
aoD2AG 1e2 5 168 - 0.02 0.15 30384
aoD2SG 1e2 5 168 - 0.03 0.14 30388
moore 1e2 5 168 - 0.03 0.23 30492
nbpm 1e2 5 168 - 0.08 2.16 53020
greedy 1e2 5 168 - 0.02 0.15 30920
dry 1e2 5 129 - 0.03 0.11 26000
aoDLAV 1e2 5 129 - 0.03 0.15 30216
aoULAV 1e2 5 129 - 0.03 0.14 30224
aoD2AG 1e2 5 129 - 0.03 0.14 30388
aoD2SG 1e2 5 129 - 0.02 0.15 30388
moore 1e2 5 129 - 0.02 0.21 30500
nbpm 1e2 5 129 - 0.07 2.16 53016
greedy 1e2 5 129 - 0.03 0.14 30924
dry 1e5 10 211 - 0.03 0.19 38436
aoDLAV 1e5 10 211 - 0.04 22.40 53540
aoULAV 1e5 10 211 - 0.04 22.14 55312
aoD2AG 1e5 10 211 - 0.06 21.62 62648
aoD2SG 1e5 10 211 - 0.06 25.21 66832
dry 5e4 2 106 - 0.02 0.12 28000
aoDLAV 5e4 2 106 - 0.03 0.28 33008
aoULAV 5e4 2 106 - 0.04 0.27 33316
aoD2AG 5e4 2 106 - 0.04 0.33 36412
aoD2SG 5e4 2 106 - 0.03 0.36 36424
dry 375e2 2 73 - 0.03 0.11 27520
aoDLAV 375e2 2 73 - 0.03 0.22 31784
aoULAV 375e2 2 73 - 0.03 0.24 32604
aoD2AG 375e2 2 73 - 0.04 0.27 35524
aoD2SG 375e2 2 73 - 0.03 0.29 35532
dry 350e2 2 231 - 0.03 0.11 27416
aoDLAV 350e2 2 231 - 0.04 0.22 31484
aoULAV 350e2 2 231 - 0.03 0.22 32256
aoD2AG 350e2 2 231 - 0.04 0.26 34848
aoD2SG 350e2 2 231 - 0.03 0.28 35136
dry 1e3 5 76 - 0.03 0.11 26056
aoDLAV 1e3 5 76 - 0.03 0.15 30428
aoULAV 1e3 5 76 - 0.02 0.15 30436
aoD2AG 1e3 5 76 - 0.03 0.15 30736
aoD2SG 1e3 5 76 - 0.03 0.15 30776
moore 1e3 5 76 - 0.04 4.12 59800
nbpm 1e3 5 76 - 0.14 4.40 129240
greedy 1e3 5 76 - 0.08 1.02 139388
dry 32e1 2 236 - 0.03 0.11 26000
aoDLAV 32e1 2 236 - 0.02 0.14 30196
aoULAV 32e1 2 236 - 0.02 0.15 30260
aoD2AG 32e1 2 236 - 0.03 0.14 30376
aoD2SG 32e1 2 236 - 0.03 0.14 30388
moore 32e1 2 236 - 0.03 0.31 33676
nbpm 32e1 2 236 - 0.07 2.37 58300
greedy 32e1 2 236 - 0.03 0.22 40972
dry 275e2 2 159 - 0.02 0.12 27120
aoDLAV 275e2 2 159 - 0.04 0.20 31240
aoULAV 275e2 2 159 - 0.02 0.21 31568
aoD2AG 275e2 2 159 - 0.02 0.23 34696
aoD2SG 275e2 2 159 - 0.03 0.24 34820
dry 18e1 2 104 - 0.02 0.12 26004
aoDLAV 18e1 2 104 - 0.02 0.15 30184
aoULAV 18e1 2 104 - 0.02 0.15 30196
aoD2AG 18e1 2 104 - 0.03 0.14 30356
aoD2SG 18e1 2 104 - 0.03 0.14 30364
moore 18e1 2 104 - 0.03 0.27 30500
nbpm 18e1 2 104 - 0.08 2.16 54440
greedy 18e1 2 104 - 0.03 0.16 33348
dry 32e1 2 38 - 0.02 0.12 26000
aoDLAV 32e1 2 38 - 0.02 0.14 30196
aoULAV 32e1 2 38 - 0.02 0.15 30208
aoD2AG 32e1 2 38 - 0.02 0.15 30376
aoD2SG 32e1 2 38 - 0.02 0.15 30384
moore 32e1 2 38 - 0.03 0.94 33676
nbpm 32e1 2 38 - 0.08 2.38 58300
greedy 32e1 2 38 - 0.03 0.21 40972
dry 1e2 2 152 - 0.03 0.11 25992
aoDLAV 1e2 2 152 - 0.01 0.16 30168
aoULAV 1e2 2 152 - 0.03 0.14 30180
aoD2AG 1e2 2 152 - 0.03 0.14 30336
aoD2SG 1e2 2 152 - 0.02 0.15 30344
moore 1e2 2 152 - 0.03 0.19 30488
nbpm 1e2 2 152 - 0.08 2.15 53008
greedy 1e2 2 152 - 0.03 0.14 30880
dry 1e2 2 179 - 0.02 0.12 25992
aoDLAV 1e2 2 179 - 0.03 0.14 30168
aoULAV 1e2 2 179 - 0.03 0.14 30180
aoD2AG 1e2 2 179 - 0.03 0.14 30340
aoD2SG 1e2 2 179 - 0.03 0.14 30340
moore 1e2 2 179 - 0.04 0.21 30480
nbpm 1e2 2 179 - 0.07 2.14 53004
greedy 1e2 2 179 - 0.02 0.15 30880
dry 56e1 2 201 - 0.02 0.12 26008
aoDLAV 56e1 2 201 - 0.02 0.14 30224
aoULAV 56e1 2 201 - 0.03 0.14 30232
aoD2AG 56e1 2 201 - 0.03 0.14 30416
aoD2SG 56e1 2 201 - 0.03 0.14 30424
moore 56e1 2 201 - 0.03 1.27 39652
nbpm 56e1 2 201 - 0.10 2.92 78704
greedy 56e1 2 201 - 0.05 0.38 64104
dry 1e3 2 52 - 0.02 0.12 26020
aoDLAV 1e3 2 52 - 0.04 0.13 30280
aoULAV 1e3 2 52 - 0.03 0.14 30292
aoD2AG 1e3 2 52 - 0.03 0.15 30532
aoD2SG 1e3 2 52 - 0.03 0.15 30548
moore 1e3 2 52 - 0.04 2.52 59804
nbpm 1e3 2 52 - 0.12 4.12 138560
greedy 1e3 2 52 - 0.09 1.03 139248
dry 1e3 10 47 - 0.02 0.12 26140
aoDLAV 1e3 10 47 - 0.02 0.16 30652
aoULAV 1e3 10 47 - 0.02 0.17 30668
aoD2AG 1e3 10 47 - 0.03 0.16 31056
aoD2SG 1e3 10 47 - 0.02 0.17 31084
moore 1e3 10 47 - 0.03 2.26 59868
nbpm 1e3 10 47 - 0.12 4.74 136140
greedy 1e3 10 47 - 0.09 1.03 139616
dry 5e4 10 166 - 0.03 0.13 33892
aoDLAV 5e4 10 166 - 0.04 8.13 40204
aoULAV 5e4 10 166 - 0.04 8.16 40200
aoD2AG 5e4 10 166 - 0.05 8.11 44980
aoD2SG 5e4 10 166 - 0.05 9.05 45000
dry 32e1 2 73 - 0.02 0.12 26000
aoDLAV 32e1 2 73 - 0.03 0.14 30196
aoULAV 32e1 2 73 - 0.03 0.14 30208
aoD2AG 32e1 2 73 - 0.02 0.15 30376
aoD2SG 32e1 2 73 - 0.03 0.14 30388
moore 32e1 2 73 - 0.02 0.49 33684
nbpm 32e1 2 73 - 0.08 2.37 58308
greedy 32e1 2 73 - 0.04 0.20 40976
dry 56e4 2 97 - 0.03 0.19 41104
aoDLAV 56e4 2 97 - 0.09 2.09 107984
aoULAV 56e4 2 97 - 0.07 2.20 107984
aoD2AG 56e4 2 97 - 0.10 3.14 138824
aoD2SG 56e4 2 97 - 0.11 3.51 143484
dry 1e5 5 45 - 0.03 0.13 34476
aoDLAV 1e5 5 45 - 0.04 1.60 41816
aoULAV 1e5 5 45 - 0.04 1.62 43572
aoD2AG 1e5 5 45 - 0.04 1.76 53564
aoD2SG 1e5 5 45 - 0.07 1.96 53204
dry 350e2 2 203 - 0.03 0.11 27416
aoDLAV 350e2 2 203 - 0.03 0.23 31480
aoULAV 350e2 2 203 - 0.03 0.23 32260
aoD2AG 350e2 2 203 - 0.03 0.27 34848
aoD2SG 350e2 2 203 - 0.03 0.28 35128
dry 250e2 2 35 - 0.02 0.12 27020
aoDLAV 250e2 2 35 - 0.03 0.20 31112
aoULAV 250e2 2 35 - 0.03 0.21 31212
aoD2AG 250e2 2 35 - 0.03 0.22 33860
aoD2SG 250e2 2 35 - 0.03 0.23 33964
dry 250e2 2 131 - 0.02 0.12 27020
aoDLAV 250e2 2 131 - 0.03 0.20 31108
aoULAV 250e2 2 131 - 0.04 0.19 31216
aoD2AG 250e2 2 131 - 0.03 0.23 33864
aoD2SG 250e2 2 131 - 0.03 0.24 33960
dry 400e2 2 146 - 0.03 0.11 27952
aoDLAV 400e2 2 146 - 0.03 0.24 32240
aoULAV 400e2 2 146 - 0.03 0.24 33116
aoD2AG 400e2 2 146 - 0.04 0.28 36072
aoD2SG 400e2 2 146 - 0.03 0.30 35928
dry 250e2 2 13 - 0.02 0.12 27956
aoDLAV 250e2 2 13 - 0.03 0.20 31108
aoULAV 250e2 2 13 - 0.03 0.20 31216
aoD2AG 250e2 2 13 - 0.02 0.23 33856
aoD2SG 250e2 2 13 - 0.03 0.23 33964
dry 275e2 2 85 - 0.02 0.12 27120
aoDLAV 275e2 2 85 - 0.02 0.21 31240
aoULAV 275e2 2 85 - 0.03 0.20 31572
aoD2AG 275e2 2 85 - 0.03 0.23 34696
aoD2SG 275e2 2 85 - 0.02 0.25 34812
dry 1e5 10 18 - 0.03 0.18 38396
aoDLAV 1e5 10 18 - 0.05 22.55 53536
aoULAV 1e5 10 18 - 0.04 22.39 55312
aoD2AG 1e5 10 18 - 0.05 23.03 62756
aoD2SG 1e5 10 18 - 0.05 25.82 66832
dry 225e2 2 8 - 0.02 0.12 26924
aoDLAV 225e2 2 8 - 0.03 0.19 30980
aoULAV 225e2 2 8 - 0.02 0.20 30992
aoD2AG 225e2 2 8 - 0.04 0.20 33368
aoD2SG 225e2 2 8 - 0.03 0.22 33464
dry 1e5 5 85 - 0.03 0.13 34476
aoDLAV 1e5 5 85 - 0.03 1.61 41816
aoULAV 1e5 5 85 - 0.04 1.60 43572
aoD2AG 1e5 5 85 - 0.05 1.65 53568
aoD2SG 1e5 5 85 - 0.05 1.87 53196
dry 325e2 2 95 - 0.02 0.12 29356
aoDLAV 325e2 2 95 - 0.03 0.22 31372
aoULAV 325e2 2 95 - 0.03 0.22 32084
aoD2AG 325e2 2 95 - 0.04 0.24 35056
aoD2SG 325e2 2 95 - 0.03 0.26 34772
dry 5e4 10 219 - 0.03 0.13 33888
aoDLAV 5e4 10 219 - 0.03 7.15 40200
aoULAV 5e4 10 219 - 0.03 7.52 40200
aoD2AG 5e4 10 219 - 0.04 7.56 44980
aoD2SG 5e4 10 219 - 0.05 8.47 45000
dry 1e3 10 117 - 0.02 0.11 26136
aoDLAV 1e3 10 117 - 0.02 0.17 30652
aoULAV 1e3 10 117 - 0.03 0.16 30712
aoD2AG 1e3 10 117 - 0.04 0.15 31056
aoD2SG 1e3 10 117 - 0.03 0.16 31080
moore 1e3 10 117 - 0.04 5.42 59952
nbpm 1e3 10 117 - 0.15 4.72 136140
greedy 1e3 10 117 - 0.08 1.03 139616
dry 1e5 2 232 - 0.02 0.13 32124
aoDLAV 1e5 2 232 - 0.04 0.43 34804
aoULAV 1e5 2 232 - 0.04 0.44 35320
aoD2AG 1e5 2 232 - 0.04 0.57 42600
aoD2SG 1e5 2 232 - 0.04 0.65 44052
dry 1e3 2 28 - 0.02 0.12 26024
aoDLAV 1e3 2 28 - 0.03 0.14 30280
aoULAV 1e3 2 28 - 0.02 0.15 30292
aoD2AG 1e3 2 28 - 0.02 0.15 30544
aoD2SG 1e3 2 28 - 0.03 0.14 30552
moore 1e3 2 28 - 0.05 2.60 59800
nbpm 1e3 2 28 - 0.11 4.04 138552
greedy 1e3 2 28 - 0.10 1.03 139244
dry 1e6 2 90 - 0.04 0.20 49708
aoDLAV 1e6 2 90 - 0.10 3.78 178456
aoULAV 1e6 2 90 - 0.10 4.02 178456
aoD2AG 1e6 2 90 - 0.20 5.67 234440
aoD2SG 1e6 2 90 - 0.19 6.44 242528
dry 1e1 2 64 - 0.02 0.12 25996
aoDLAV 1e1 2 64 - 0.03 0.14 30160
aoULAV 1e1 2 64 - 0.03 0.14 30172
aoD2AG 1e1 2 64 - 0.03 0.14 30316
aoD2SG 1e1 2 64 - 0.02 0.15 30320
moore 1e1 2 64 - 0.03 0.18 30488
nbpm 1e1 2 64 - 0.08 2.15 49824
greedy 1e1 2 64 - 0.03 0.14 30124
dry 1e6 5 230 - 0.05 0.27 73152
aoDLAV 1e6 5 230 - 0.17 19.52 252688
aoULAV 1e6 5 230 - 0.16 19.73 252688
aoD2AG 1e6 5 230 - 0.21 21.73 324340
aoD2SG 1e6 5 230 - 0.25 25.38 332300
dry 18e4 2 79 - 0.04 0.13 33108
aoDLAV 18e4 2 79 - 0.05 0.77 47860
aoULAV 18e4 2 79 - 0.05 0.78 47864
aoD2AG 18e4 2 79 - 0.06 1.01 59048
aoD2SG 18e4 2 79 - 0.05 1.13 60344
dry 1e6 2 225 - 0.05 0.19 49708
aoDLAV 1e6 2 225 - 0.11 3.78 178456
aoULAV 1e6 2 225 - 0.11 4.00 178456
aoD2AG 1e6 2 225 - 0.20 5.69 234684
aoD2SG 1e6 2 225 - 0.19 6.20 241852
dry 1e2 5 187 - 0.02 0.12 25996
aoDLAV 1e2 5 187 - 0.02 0.15 30212
aoULAV 1e2 5 187 - 0.03 0.14 30224
aoD2AG 1e2 5 187 - 0.03 0.14 30384
aoD2SG 1e2 5 187 - 0.02 0.15 30388
moore 1e2 5 187 - 0.02 0.23 30492
nbpm 1e2 5 187 - 0.09 2.12 53044
greedy 1e2 5 187 - 0.02 0.16 30920
dry 375e2 2 64 - 0.03 0.11 27516
aoDLAV 375e2 2 64 - 0.02 0.26 31784
aoULAV 375e2 2 64 - 0.02 0.27 32604
aoD2AG 375e2 2 64 - 0.03 0.31 35520
aoD2SG 375e2 2 64 - 0.03 0.32 35532
dry 250e2 2 241 - 0.03 0.11 27020
aoDLAV 250e2 2 241 - 0.03 0.19 31108
aoULAV 250e2 2 241 - 0.03 0.22 31212
aoD2AG 250e2 2 241 - 0.03 0.24 33860
aoD2SG 250e2 2 241 - 0.04 0.25 33964
dry 225e2 2 86 - 0.02 0.12 26920
aoDLAV 225e2 2 86 - 0.04 0.19 30980
aoULAV 225e2 2 86 - 0.03 0.20 31024
aoD2AG 225e2 2 86 - 0.03 0.21 33368
aoD2SG 225e2 2 86 - 0.03 0.22 33468
dry 18e4 2 209 - 0.02 0.14 33104
aoDLAV 18e4 2 209 - 0.06 0.73 47860
aoULAV 18e4 2 209 - 0.05 0.75 47860
aoD2AG 18e4 2 209 - 0.06 0.95 58696
aoD2SG 18e4 2 209 - 0.06 1.04 60212
dry 1e6 5 186 - 0.05 0.27 73152
aoDLAV 1e6 5 186 - 0.14 18.51 252688
aoULAV 1e6 5 186 - 0.16 18.89 252692
aoD2AG 1e6 5 186 - 0.19 20.63 324348
aoD2SG 1e6 5 186 - 0.20 24.98 332192
dry 32e3 2 197 - 0.03 0.11 29236
aoDLAV 32e3 2 197 - 0.02 0.22 31440
aoULAV 32e3 2 197 - 0.04 0.21 32208
aoD2AG 32e3 2 197 - 0.03 0.24 35024
aoD2SG 32e3 2 197 - 0.03 0.26 34788
dry 1e5 10 9 - 0.03 0.18 38396
aoDLAV 1e5 10 9 - 0.04 20.71 53536
aoULAV 1e5 10 9 - 0.05 20.73 55312
aoD2AG 1e5 10 9 - 0.06 22.93 62688
aoD2SG 1e5 10 9 - 0.05 22.75 66832
dry 400e2 2 228 - 0.03 0.11 27616
aoDLAV 400e2 2 228 - 0.02 0.24 32240
aoULAV 400e2 2 228 - 0.03 0.25 33112
aoD2AG 400e2 2 228 - 0.04 0.28 36072
aoD2SG 400e2 2 228 - 0.04 0.29 35928
dry 1e6 2 193 - 0.04 0.20 49704
aoDLAV 1e6 2 193 - 0.10 3.97 178460
aoULAV 1e6 2 193 - 0.12 5.08 178460
aoD2AG 1e6 2 193 - 0.17 5.04 234060
aoD2SG 1e6 2 193 - 0.20 5.73 241948
dry 1e5 2 23 - 0.02 0.13 29984
aoDLAV 1e5 2 23 - 0.03 0.41 34800
aoULAV 1e5 2 23 - 0.04 0.50 35320
aoD2AG 1e5 2 23 - 0.04 0.53 42596
aoD2SG 1e5 2 23 - 0.04 0.59 43800
dry 1e3 2 158 - 0.03 0.11 26020
aoDLAV 1e3 2 158 - 0.02 0.14 30280
aoULAV 1e3 2 158 - 0.03 0.14 30292
aoD2AG 1e3 2 158 - 0.03 0.14 30540
aoD2SG 1e3 2 158 - 0.03 0.13 30560
moore 1e3 2 158 - 0.04 2.96 59804
nbpm 1e3 2 158 - 0.15 4.44 138564
greedy 1e3 2 158 - 0.07 1.08 139244
dry 1e6 10 14 - 0.08 0.41 112236
aoDLAV 1e6 10 14 - 0.20 343.80 369884
aoULAV 1e6 10 14 - 0.31 362.01 369892
aoD2AG 1e6 10 14 - 0.38 350.22 448680
aoD2SG 1e6 10 14 - 0.95 553.97 458176
dry 1e3 10 232 - 0.02 0.11 26140
aoDLAV 1e3 10 232 - 0.02 0.16 30652
aoULAV 1e3 10 232 - 0.02 0.16 30664
aoD2AG 1e3 10 232 - 0.02 0.16 31084
aoD2SG 1e3 10 232 - 0.02 0.16 31096
moore 1e3 10 232 - 0.04 7.21 59840
nbpm 1e3 10 232 - 0.12 4.76 136140
greedy 1e3 10 232 - 0.08 1.00 139616
dry 32e3 2 37 - 0.03 0.11 27296
aoDLAV 32e3 2 37 - 0.03 0.21 31436
aoULAV 32e3 2 37 - 0.03 0.21 32152
aoD2AG 32e3 2 37 - 0.02 0.25 35020
aoD2SG 32e3 2 37 - 0.03 0.25 34784
dry 1e1 2 81 - 0.02 0.12 25992
aoDLAV 1e1 2 81 - 0.02 0.14 30160
aoULAV 1e1 2 81 - 0.02 0.15 30172
aoD2AG 1e1 2 81 - 0.03 0.14 30316
aoD2SG 1e1 2 81 - 0.03 0.14 30320
moore 1e1 2 81 - 0.03 0.18 30476
nbpm 1e1 2 81 - 0.09 2.08 49820
greedy 1e1 2 81 - 0.03 0.14 30128
dry 350e2 2 48 - 0.01 0.13 29124
aoDLAV 350e2 2 48 - 0.03 0.22 31484
aoULAV 350e2 2 48 - 0.04 0.21 32260
aoD2AG 350e2 2 48 - 0.03 0.24 34848
aoD2SG 350e2 2 48 - 0.03 0.26 35132
dry 1e2 10 57 - 0.02 0.11 26004
aoDLAV 1e2 10 57 - 0.02 0.14 30264
aoULAV 1e2 10 57 - 0.03 0.14 30272
aoD2AG 1e2 10 57 - 0.02 0.15 30440
aoD2SG 1e2 10 57 - 0.03 0.14 30452
moore 1e2 10 57 - 0.02 0.22 30496
nbpm 1e2 10 57 - 0.09 2.10 53076
greedy 1e2 10 57 - 0.03 0.14 30976
dry 325e2 2 12 - 0.03 0.11 27320
aoDLAV 325e2 2 12 - 0.03 0.21 31376
aoULAV 325e2 2 12 - 0.03 0.22 32088
aoD2AG 325e2 2 12 - 0.03 0.24 35004
aoD2SG 325e2 2 12 - 0.03 0.26 34760
dry 1e1 2 9 - 0.02 0.12 25992
aoDLAV 1e1 2 9 - 0.02 0.14 30160
aoULAV 1e1 2 9 - 0.03 0.13 30172
aoD2AG 1e1 2 9 - 0.03 0.14 30316
aoD2SG 1e1 2 9 - 0.02 0.14 30320
moore 1e1 2 9 - 0.03 0.17 30480
nbpm 1e1 2 9 - 0.05 2.11 49816
greedy 1e1 2 9 - 0.02 0.14 30124
dry 56e4 2 42 - 0.03 0.18 41108
aoDLAV 56e4 2 42 - 0.07 1.95 107984
aoULAV 56e4 2 42 - 0.08 2.02 107984
aoD2AG 56e4 2 42 - 0.12 2.81 139636
aoD2SG 56e4 2 42 - 0.13 3.16 143108
dry 1e1 2 245 - 0.02 0.12 25996
aoDLAV 1e1 2 245 - 0.03 0.14 30160
aoULAV 1e1 2 245 - 0.02 0.14 30172
aoD2AG 1e1 2 245 - 0.02 0.14 30312
aoD2SG 1e1 2 245 - 0.02 0.14 30316
moore 1e1 2 245 - 0.04 0.17 30476
nbpm 1e1 2 245 - 0.08 2.06 49820
greedy 1e1 2 245 - 0.02 0.14 30124
dry 5e4 10 15 - 0.03 0.13 33888
aoDLAV 5e4 10 15 - 0.04 6.62 40200
aoULAV 5e4 10 15 - 0.04 6.63 40200
aoD2AG 5e4 10 15 - 0.04 6.73 44988
aoD2SG 5e4 10 15 - 0.03 7.87 44996
dry 32e3 2 171 - 0.03 0.11 27296
aoDLAV 32e3 2 171 - 0.03 0.21 31436
aoULAV 32e3 2 171 - 0.02 0.22 32148
aoD2AG 32e3 2 171 - 0.03 0.24 35024
aoD2SG 32e3 2 171 - 0.03 0.26 34788
dry 375e2 2 1 - 0.02 0.12 27520
aoDLAV 375e2 2 1 - 0.03 0.22 31784
aoULAV 375e2 2 1 - 0.02 0.24 32608
aoD2AG 375e2 2 1 - 0.03 0.32 35516
aoD2SG 375e2 2 1 - 0.03 0.28 35528
dry 1e2 5 197 - 0.02 0.11 25996
aoDLAV 1e2 5 197 - 0.03 0.14 30212
aoULAV 1e2 5 197 - 0.03 0.14 30224
aoD2AG 1e2 5 197 - 0.02 0.14 30384
aoD2SG 1e2 5 197 - 0.02 0.14 30392
moore 1e2 5 197 - 0.03 0.22 30492
nbpm 1e2 5 197 - 0.07 2.21 53016
greedy 1e2 5 197 - 0.03 0.14 30920
dry 1e2 2 184 - 0.03 0.11 25992
aoDLAV 1e2 2 184 - 0.02 0.15 30172
aoULAV 1e2 2 184 - 0.02 0.15 30180
aoD2AG 1e2 2 184 - 0.02 0.15 30328
aoD2SG 1e2 2 184 - 0.03 0.14 30340
moore 1e2 2 184 - 0.03 0.19 30488
nbpm 1e2 2 184 - 0.08 2.19 53008
greedy 1e2 2 184 - 0.04 0.13 30880
dry 5e4 10 115 - 0.03 0.13 33888
aoDLAV 5e4 10 115 - 0.06 8.33 40200
aoULAV 5e4 10 115 - 0.07 8.19 40204
aoD2AG 5e4 10 115 - 0.09 8.21 44984
aoD2SG 5e4 10 115 - 0.06 9.70 45000
dry 375e2 2 68 - 0.02 0.12 27520
aoDLAV 375e2 2 68 - 0.03 0.24 31784
aoULAV 375e2 2 68 - 0.02 0.25 32600
aoD2AG 375e2 2 68 - 0.03 0.28 35516
aoD2SG 375e2 2 68 - 0.04 0.29 35528
dry 32e1 2 18 - 0.02 0.12 26000
aoDLAV 32e1 2 18 - 0.02 0.14 30196
aoULAV 32e1 2 18 - 0.02 0.15 30208
aoD2AG 32e1 2 18 - 0.01 0.15 30380
aoD2SG 32e1 2 18 - 0.03 0.14 30384
moore 32e1 2 18 - 0.03 0.28 33688
nbpm 32e1 2 18 - 0.09 2.41 58312
greedy 32e1 2 18 - 0.02 0.22 40972
dry 56e3 2 219 - 0.02 0.12 29500
aoDLAV 56e3 2 219 - 0.03 0.30 33480
aoULAV 56e3 2 219 - 0.03 0.30 34696
aoD2AG 56e3 2 219 - 0.03 0.38 37284
aoD2SG 56e3 2 219 - 0.04 0.40 37304
dry 1e1 2 123 - 0.03 0.11 25992
aoDLAV 1e1 2 123 - 0.03 0.14 30164
aoULAV 1e1 2 123 - 0.03 0.14 30176
aoD2AG 1e1 2 123 - 0.03 0.14 30316
aoD2SG 1e1 2 123 - 0.02 0.14 30320
moore 1e1 2 123 - 0.02 0.18 30476
nbpm 1e1 2 123 - 0.07 2.27 49816
greedy 1e1 2 123 - 0.02 0.15 30124
dry 250e2 2 143 - 0.03 0.11 27020
aoDLAV 250e2 2 143 - 0.02 0.20 31108
aoULAV 250e2 2 143 - 0.02 0.21 31216
aoD2AG 250e2 2 143 - 0.03 0.23 33860
aoD2SG 250e2 2 143 - 0.03 0.23 33964
dry 56e3 2 6 - 0.02 0.13 29188
aoDLAV 56e3 2 6 - 0.03 0.29 33476
aoULAV 56e3 2 6 - 0.02 0.30 34696
aoD2AG 56e3 2 6 - 0.03 0.37 37288
aoD2SG 56e3 2 6 - 0.03 0.40 37304
dry 56e3 2 245 - 0.02 0.12 28240
aoDLAV 56e3 2 245 - 0.03 0.30 33476
aoULAV 56e3 2 245 - 0.04 0.29 34696
aoD2AG 56e3 2 245 - 0.03 0.37 37284
aoD2SG 56e3 2 245 - 0.03 0.39 37304
dry 1e3 5 79 - 0.02 0.11 26056
aoDLAV 1e3 5 79 - 0.03 0.14 30428
aoULAV 1e3 5 79 - 0.03 0.14 30440
aoD2AG 1e3 5 79 - 0.02 0.15 30740
aoD2SG 1e3 5 79 - 0.03 0.15 30748
moore 1e3 5 79 - 0.04 5.28 59856
nbpm 1e3 5 79 - 0.13 4.48 129244
greedy 1e3 5 79 - 0.07 1.04 139388
dry 18e1 2 127 - 0.03 0.11 26004
aoDLAV 18e1 2 127 - 0.03 0.14 30188
aoULAV 18e1 2 127 - 0.03 0.14 30200
aoD2AG 18e1 2 127 - 0.02 0.15 30356
aoD2SG 18e1 2 127 - 0.02 0.15 30364
moore 18e1 2 127 - 0.03 0.22 30492
nbpm 18e1 2 127 - 0.07 2.21 54436
greedy 18e1 2 127 - 0.03 0.16 33348
dry 32e1 2 90 - 0.02 0.12 26004
aoDLAV 32e1 2 90 - 0.03 0.14 30196
aoULAV 32e1 2 90 - 0.03 0.14 30208
aoD2AG 32e1 2 90 - 0.03 0.14 30376
aoD2SG 32e1 2 90 - 0.03 0.14 30388
moore 32e1 2 90 - 0.03 0.51 33676
nbpm 32e1 2 90 - 0.08 2.37 58300
greedy 32e1 2 90 - 0.03 0.21 40976
dry 56e3 2 218 - 0.02 0.12 28236
aoDLAV 56e3 2 218 - 0.02 0.30 33476
aoULAV 56e3 2 218 - 0.03 0.29 34700
aoD2AG 56e3 2 218 - 0.03 0.34 37288
aoD2SG 56e3 2 218 - 0.03 0.38 37296
dry 1e6 2 139 - 0.03 0.20 49708
aoDLAV 1e6 2 139 - 0.11 3.79 178460
aoULAV 1e6 2 139 - 0.13 4.01 178456
aoD2AG 1e6 2 139 - 0.18 5.77 234068
aoD2SG 1e6 2 139 - 0.20 6.53 242504
dry 5e4 5 247 - 0.02 0.14 31416
aoDLAV 5e4 5 247 - 0.03 0.74 34708
aoULAV 5e4 5 247 - 0.04 0.73 34740
aoD2AG 5e4 5 247 - 0.03 0.76 37728
aoD2SG 5e4 5 247 - 0.03 0.84 37936
dry 1e3 10 173 - 0.02 0.12 26136
aoDLAV 1e3 10 173 - 0.03 0.15 30652
aoULAV 1e3 10 173 - 0.02 0.17 30664
aoD2AG 1e3 10 173 - 0.03 0.16 31056
aoD2SG 1e3 10 173 - 0.03 0.16 31080
moore 1e3 10 173 - 0.04 4.55 59840
nbpm 1e3 10 173 - 0.11 4.99 136140
greedy 1e3 10 173 - 0.08 1.01 139620
dry 5e4 10 233 - 0.02 0.14 33892
aoDLAV 5e4 10 233 - 0.04 7.18 40200
aoULAV 5e4 10 233 - 0.03 7.20 40200
aoD2AG 5e4 10 233 - 0.05 7.23 44988
aoD2SG 5e4 10 233 - 0.04 8.05 44996
dry 18e1 2 169 - 0.03 0.11 26004
aoDLAV 18e1 2 169 - 0.03 0.14 30184
aoULAV 18e1 2 169 - 0.02 0.14 30196
aoD2AG 18e1 2 169 - 0.02 0.15 30356
aoD2SG 18e1 2 169 - 0.03 0.14 30368
moore 18e1 2 169 - 0.03 0.33 30488
nbpm 18e1 2 169 - 0.09 2.15 54436
greedy 18e1 2 169 - 0.02 0.16 33352
dry 32e1 2 230 - 0.03 0.11 26000
aoDLAV 32e1 2 230 - 0.02 0.15 30196
aoULAV 32e1 2 230 - 0.02 0.14 30208
aoD2AG 32e1 2 230 - 0.03 0.14 30376
aoD2SG 32e1 2 230 - 0.03 0.14 30388
moore 32e1 2 230 - 0.03 0.24 33688
nbpm 32e1 2 230 - 0.06 2.38 58308
greedy 32e1 2 230 - 0.03 0.21 40972
dry 56e3 2 85 - 0.03 0.11 28236
aoDLAV 56e3 2 85 - 0.03 0.29 33476
aoULAV 56e3 2 85 - 0.05 0.28 34696
aoD2AG 56e3 2 85 - 0.04 0.35 37280
aoD2SG 56e3 2 85 - 0.03 0.38 37296
dry 1e5 5 199 - 0.03 0.13 34476
aoDLAV 1e5 5 199 - 0.05 1.63 41816
aoULAV 1e5 5 199 - 0.05 1.65 43572
aoD2AG 1e5 5 199 - 0.05 1.78 53984
aoD2SG 1e5 5 199 - 0.05 2.00 53200
dry 1e2 5 225 - 0.02 0.12 26000
aoDLAV 1e2 5 225 - 0.03 0.14 30212
aoULAV 1e2 5 225 - 0.03 0.14 30224
aoD2AG 1e2 5 225 - 0.03 0.14 30388
aoD2SG 1e2 5 225 - 0.03 0.14 30388
moore 1e2 5 225 - 0.03 0.20 30492
nbpm 1e2 5 225 - 0.07 2.13 53016
greedy 1e2 5 225 - 0.03 0.14 30924
dry 32e3 2 44 - 0.02 0.12 27296
aoDLAV 32e3 2 44 - 0.03 0.21 31436
aoULAV 32e3 2 44 - 0.03 0.21 32152
aoD2AG 32e3 2 44 - 0.03 0.24 35024
aoD2SG 32e3 2 44 - 0.04 0.25 34788
dry 1e5 5 161 - 0.03 0.13 34476
aoDLAV 1e5 5 161 - 0.05 1.62 41816
aoULAV 1e5 5 161 - 0.04 1.60 43576
aoD2AG 1e5 5 161 - 0.05 1.87 54016
aoD2SG 1e5 5 161 - 0.05 1.83 53196
dry 1e3 2 101 - 0.02 0.12 26020
aoDLAV 1e3 2 101 - 0.03 0.14 30280
aoULAV 1e3 2 101 - 0.02 0.14 30292
aoD2AG 1e3 2 101 - 0.03 0.14 30540
aoD2SG 1e3 2 101 - 0.03 0.14 30560
moore 1e3 2 101 - 0.04 5.96 59792
nbpm 1e3 2 101 - 0.12 4.16 138556
greedy 1e3 2 101 - 0.08 1.05 139244
dry 56e3 2 53 - 0.02 0.12 30200
aoDLAV 56e3 2 53 - 0.03 0.30 33476
aoULAV 56e3 2 53 - 0.03 0.29 34696
aoD2AG 56e3 2 53 - 0.03 0.36 37284
aoD2SG 56e3 2 53 - 0.04 0.39 37300
dry 1e2 10 10 - 0.02 0.12 26008
aoDLAV 1e2 10 10 - 0.02 0.15 30260
aoULAV 1e2 10 10 - 0.02 0.15 30272
aoD2AG 1e2 10 10 - 0.03 0.14 30440
aoD2SG 1e2 10 10 - 0.02 0.15 30448
moore 1e2 10 10 - 0.03 0.22 30496
nbpm 1e2 10 10 - 0.09 2.12 53080
greedy 1e2 10 10 - 0.03 0.14 30980
dry 32e1 2 186 - 0.02 0.12 26000
aoDLAV 32e1 2 186 - 0.02 0.15 30196
aoULAV 32e1 2 186 - 0.03 0.14 30208
aoD2AG 32e1 2 186 - 0.03 0.14 30376
aoD2SG 32e1 2 186 - 0.02 0.15 30384
moore 32e1 2 186 - 0.04 0.46 33676
nbpm 32e1 2 186 - 0.08 2.34 58300
greedy 32e1 2 186 - 0.04 0.20 40972
dry 1e3 10 105 - 0.02 0.11 26140
aoDLAV 1e3 10 105 - 0.03 0.15 30652
aoULAV 1e3 10 105 - 0.02 0.17 30664
aoD2AG 1e3 10 105 - 0.03 0.16 31068
aoD2SG 1e3 10 105 - 0.02 0.17 31092
moore 1e3 10 105 - 0.04 3.71 59884
nbpm 1e3 10 105 - 0.12 4.82 136140
greedy 1e3 10 105 - 0.07 1.09 139616
dry 275e2 2 173 - 0.02 0.12 29136
aoDLAV 275e2 2 173 - 0.02 0.22 31240
aoULAV 275e2 2 173 - 0.03 0.21 31572
aoD2AG 275e2 2 173 - 0.03 0.23 34696
aoD2SG 275e2 2 173 - 0.03 0.24 34816
dry 18e1 2 108 - 0.02 0.11 26004
aoDLAV 18e1 2 108 - 0.03 0.14 30184
aoULAV 18e1 2 108 - 0.03 0.14 30200
aoD2AG 18e1 2 108 - 0.03 0.14 30360
aoD2SG 18e1 2 108 - 0.02 0.15 30364
moore 18e1 2 108 - 0.02 0.32 30548
nbpm 18e1 2 108 - 0.08 2.20 54444
greedy 18e1 2 108 - 0.02 0.17 33348
dry 1e2 2 181 - 0.02 0.11 27956
aoDLAV 1e2 2 181 - 0.02 0.15 30168
aoULAV 1e2 2 181 - 0.03 0.14 30184
aoD2AG 1e2 2 181 - 0.03 0.14 30336
aoD2SG 1e2 2 181 - 0.02 0.15 30340
moore 1e2 2 181 - 0.03 0.20 30488
nbpm 1e2 2 181 - 0.08 2.17 53012
greedy 1e2 2 181 - 0.03 0.14 30880
dry 250e2 2 244 - 0.02 0.12 27020
aoDLAV 250e2 2 244 - 0.02 0.20 31108
aoULAV 250e2 2 244 - 0.02 0.21 31212
aoD2AG 250e2 2 244 - 0.03 0.23 33864
aoD2SG 250e2 2 244 - 0.02 0.24 33968
dry 32e1 2 134 - 0.02 0.12 27956
aoDLAV 32e1 2 134 - 0.02 0.14 30196
aoULAV 32e1 2 134 - 0.03 0.14 30208
aoD2AG 32e1 2 134 - 0.03 0.14 30376
aoD2SG 32e1 2 134 - 0.03 0.14 30384
moore 32e1 2 134 - 0.03 0.46 33684
nbpm 32e1 2 134 - 0.08 2.33 58304
greedy 32e1 2 134 - 0.04 0.20 40976
dry 1e5 5 32 - 0.03 0.14 34476
aoDLAV 1e5 5 32 - 0.03 1.51 41816
aoULAV 1e5 5 32 - 0.04 1.51 43568
aoD2AG 1e5 5 32 - 0.05 1.64 53564
aoD2SG 1e5 5 32 - 0.04 1.84 53196
dry 56e3 2 167 - 0.03 0.12 28268
aoDLAV 56e3 2 167 - 0.02 0.29 33476
aoULAV 56e3 2 167 - 0.03 0.29 34696
aoD2AG 56e3 2 167 - 0.03 0.36 37284
aoD2SG 56e3 2 167 - 0.03 0.38 37304
dry 5e4 10 182 - 0.04 0.13 33888
aoDLAV 5e4 10 182 - 0.04 8.19 40200
aoULAV 5e4 10 182 - 0.06 8.28 40200
aoD2AG 5e4 10 182 - 0.04 7.39 44976
aoD2SG 5e4 10 182 - 0.08 8.94 44992
dry 32e3 2 205 - 0.02 0.12 30768
aoDLAV 32e3 2 205 - 0.02 0.23 31436
aoULAV 32e3 2 205 - 0.04 0.22 32152
aoD2AG 32e3 2 205 - 0.04 0.25 35024
aoD2SG 32e3 2 205 - 0.04 0.27 34792
dry 5e4 5 84 - 0.02 0.14 30756
aoDLAV 5e4 5 84 - 0.04 0.93 34704
aoULAV 5e4 5 84 - 0.05 0.80 34704
aoD2AG 5e4 5 84 - 0.04 0.87 37732
aoD2SG 5e4 5 84 - 0.03 0.89 37936
dry 1e6 2 62 - 0.04 0.20 49704
aoDLAV 1e6 2 62 - 0.12 3.86 178456
aoULAV 1e6 2 62 - 0.13 4.05 178456
aoD2AG 1e6 2 62 - 0.18 5.88 233904
aoD2SG 1e6 2 62 - 0.19 6.57 242684
dry 32e3 2 111 - 0.02 0.12 29056
aoDLAV 32e3 2 111 - 0.03 0.22 31440
aoULAV 32e3 2 111 - 0.03 0.22 32152
aoD2AG 32e3 2 111 - 0.02 0.26 35028
aoD2SG 32e3 2 111 - 0.03 0.26 34788
dry 1e3 5 8 - 0.02 0.11 26056
aoDLAV 1e3 5 8 - 0.02 0.15 30424
aoULAV 1e3 5 8 - 0.03 0.14 30436
aoD2AG 1e3 5 8 - 0.02 0.15 30748
aoD2SG 1e3 5 8 - 0.03 0.15 30772
moore 1e3 5 8 - 0.05 6.54 59800
nbpm 1e3 5 8 - 0.11 4.64 129244
greedy 1e3 5 8 - 0.09 1.04 139388
dry 300e2 2 21 - 0.03 0.12 28680
aoDLAV 300e2 2 21 - 0.03 0.21 31296
aoULAV 300e2 2 21 - 0.02 0.22 31892
aoD2AG 300e2 2 21 - 0.04 0.24 35064
aoD2SG 300e2 2 21 - 0.03 0.26 34716
dry 32e1 2 170 - 0.02 0.12 26000
aoDLAV 32e1 2 170 - 0.03 0.15 30196
aoULAV 32e1 2 170 - 0.03 0.14 30208
aoD2AG 32e1 2 170 - 0.03 0.14 30380
aoD2SG 32e1 2 170 - 0.02 0.15 30388
moore 32e1 2 170 - 0.04 0.51 33684
nbpm 32e1 2 170 - 0.07 2.39 58308
greedy 32e1 2 170 - 0.03 0.21 40972
dry 1e3 5 42 - 0.02 0.12 26056
aoDLAV 1e3 5 42 - 0.03 0.14 30424
aoULAV 1e3 5 42 - 0.04 0.14 30436
aoD2AG 1e3 5 42 - 0.02 0.15 30744
aoD2SG 1e3 5 42 - 0.03 0.15 30776
moore 1e3 5 42 - 0.05 6.85 59916
nbpm 1e3 5 42 - 0.12 4.53 129244
greedy 1e3 5 42 - 0.08 1.05 139388
dry 375e2 2 190 - 0.02 0.12 27952
aoDLAV 375e2 2 190 - 0.02 0.26 31788
aoULAV 375e2 2 190 - 0.03 0.24 32604
aoD2AG 375e2 2 190 - 0.03 0.30 35516
aoD2SG 375e2 2 190 - 0.03 0.31 35532
dry 1e6 5 40 - 0.05 0.32 73152
aoDLAV 1e6 5 40 - 0.22 20.10 252692
aoULAV 1e6 5 40 - 0.15 20.20 252692
aoD2AG 1e6 5 40 - 0.32 22.30 324356
aoD2SG 1e6 5 40 - 0.36 26.02 331348
dry 1e5 10 202 - 0.03 0.18 38396
aoDLAV 1e5 10 202 - 0.20 23.28 53540
aoULAV 1e5 10 202 - 0.05 21.99 55316
aoD2AG 1e5 10 202 - 0.06 22.72 62688
aoD2SG 1e5 10 202 - 0.05 26.45 66832
dry 18e4 2 121 - 0.03 0.13 33608
aoDLAV 18e4 2 121 - 0.04 0.78 47860
aoULAV 18e4 2 121 - 0.06 0.79 47860
aoD2AG 18e4 2 121 - 0.07 0.97 59124
aoD2SG 18e4 2 121 - 0.06 1.15 60368
dry 18e4 2 248 - 0.03 0.14 33104
aoDLAV 18e4 2 248 - 0.04 0.79 47860
aoULAV 18e4 2 248 - 0.05 0.78 47864
aoD2AG 18e4 2 248 - 0.04 1.05 58648
aoD2SG 18e4 2 248 - 0.05 1.16 59752
dry 1e6 5 107 - 0.05 0.28 73152
aoDLAV 1e6 5 107 - 0.15 19.77 252688
aoULAV 1e6 5 107 - 0.15 20.29 252688
aoD2AG 1e6 5 107 - 0.22 22.12 323220
aoD2SG 1e6 5 107 - 0.19 26.03 331760
dry 18e1 2 133 - 0.02 0.12 26004
aoDLAV 18e1 2 133 - 0.02 0.14 30184
aoULAV 18e1 2 133 - 0.02 0.14 30196
aoD2AG 18e1 2 133 - 0.02 0.14 30360
aoD2SG 18e1 2 133 - 0.03 0.14 30364
moore 18e1 2 133 - 0.02 0.33 30488
nbpm 18e1 2 133 - 0.07 2.18 54464
greedy 18e1 2 133 - 0.03 0.16 33348
dry 56e4 2 111 - 0.04 0.17 41104
aoDLAV 56e4 2 111 - 0.08 2.11 107984
aoULAV 56e4 2 111 - 0.08 2.18 107984
aoD2AG 56e4 2 111 - 0.10 3.09 139384
aoD2SG 56e4 2 111 - 0.11 3.49 142920
dry 1e5 2 102 - 0.03 0.13 32124
aoDLAV 1e5 2 102 - 0.03 0.45 34804
aoULAV 1e5 2 102 - 0.03 0.45 35324
aoD2AG 1e5 2 102 - 0.03 0.57 42600
aoD2SG 1e5 2 102 - 0.04 0.64 43804
dry 56e1 2 190 - 0.03 0.10 26008
aoDLAV 56e1 2 190 - 0.03 0.14 30220
aoULAV 56e1 2 190 - 0.02 0.15 30232
aoD2AG 56e1 2 190 - 0.03 0.14 30416
aoD2SG 56e1 2 190 - 0.02 0.15 30428
moore 56e1 2 190 - 0.03 0.70 39688
nbpm 56e1 2 190 - 0.11 2.94 78712
greedy 56e1 2 190 - 0.05 0.39 64108
dry 18e1 2 196 - 0.02 0.11 26008
aoDLAV 18e1 2 196 - 0.03 0.14 30184
aoULAV 18e1 2 196 - 0.03 0.14 30220
aoD2AG 18e1 2 196 - 0.02 0.14 30356
aoD2SG 18e1 2 196 - 0.02 0.15 30368
moore 18e1 2 196 - 0.02 0.29 30496
nbpm 18e1 2 196 - 0.07 2.19 54444
greedy 18e1 2 196 - 0.03 0.15 33348
dry 18e4 2 199 - 0.02 0.14 33108
aoDLAV 18e4 2 199 - 0.05 0.77 47860
aoULAV 18e4 2 199 - 0.04 0.78 47860
aoD2AG 18e4 2 199 - 0.05 1.02 58652
aoD2SG 18e4 2 199 - 0.06 1.10 59912
dry 1e6 10 15 - 0.08 0.40 112232
aoDLAV 1e6 10 15 - 0.20 381.03 369884
aoULAV 1e6 10 15 - 0.31 375.96 369884
aoD2AG 1e6 10 15 - 0.40 428.39 447392
aoD2SG 1e6 10 15 - 0.42 417.25 458320
