dry 5e7 2 201 - 0.57 1.57 1006796
aoDLAV 5e7 2 201 - 4.11 303.18 7440192
aoULAV 5e7 2 201 - 5.41 330.74 7440192
aoD2AG 5e7 2 201 - 10.01 448.86 10939384
aoD2SG 5e7 2 201 - 10.60 521.61 11335824
dry 32e2 2 20 - 0.03 0.11 26112
aoDLAV 32e2 2 20 - 0.02 0.16 30540
aoULAV 32e2 2 20 - 0.03 0.15 30552
aoD2AG 32e2 2 20 - 0.03 0.15 31208
aoD2SG 32e2 2 20 - 0.03 0.15 31276
moore 32e2 2 20 - 0.51 109.69 330524
nbpm 32e2 2 20 - 0.84 19.94 854760
greedy 32e2 2 20 - 0.62 21.42 1150164
dry 2e7 2 32 - 0.26 0.75 420796
aoDLAV 2e7 2 32 - 1.69 105.26 2987068
aoULAV 2e7 2 32 - 2.24 116.99 2987072
aoD2AG 2e7 2 32 - 3.52 161.32 4384624
aoD2SG 2e7 2 32 - 3.91 194.42 4546236
dry 5e7 2 63 - 0.60 1.62 1006740
aoDLAV 5e7 2 63 - 4.38 295.46 7440196
aoULAV 5e7 2 63 - 5.56 317.80 7440192
aoD2AG 5e7 2 63 - 10.27 451.96 10938064
aoD2SG 5e7 2 63 - 10.97 535.24 11333096
dry 56e2 2 129 - 0.03 0.12 26236
aoDLAV 56e2 2 129 - 0.04 0.16 30980
aoULAV 56e2 2 129 - 0.04 0.15 31020
aoD2AG 56e2 2 129 - 0.04 0.16 31980
aoD2SG 56e2 2 129 - 0.03 0.17 31120
moore 56e2 2 129 - 0.81 252.41 952728
nbpm 56e2 2 129 - 2.52 107.38 2388088
greedy 56e2 2 129 - 1.99 79.90 3460488
dry 1e4 2 203 - 0.02 0.12 26432
aoDLAV 1e4 2 203 - 0.03 0.17 31864
aoULAV 1e4 2 203 - 0.03 0.19 31876
aoD2AG 1e4 2 203 - 0.03 0.18 31876
aoD2SG 1e4 2 203 - 0.03 0.18 32000
moore 1e4 2 203 - 1.35 1194.09 2960584
nbpm 1e4 2 203 - 7.52 416.35 7889428
greedy 1e4 2 203 - 6.13 277.83 10968568
dry 18e6 2 179 - 0.22 0.72 381736
aoDLAV 18e6 2 179 - 1.70 116.85 2690192
aoULAV 18e6 2 179 - 1.65 100.84 2690192
aoD2AG 18e6 2 179 - 3.32 140.70 3951740
aoD2SG 18e6 2 179 - 3.75 168.03 4094032
dry 56e6 2 92 - 0.60 1.80 1123924
aoDLAV 56e6 2 92 - 4.78 331.03 8330816
aoULAV 56e6 2 92 - 5.96 347.02 8330816
aoD2AG 56e6 2 92 - 10.79 497.00 12246308
aoD2SG 56e6 2 92 - 11.91 585.90 12691492
dry 56e2 2 167 - 0.03 0.12 26236
aoDLAV 56e2 2 167 - 0.03 0.15 30976
aoULAV 56e2 2 167 - 0.03 0.16 30988
aoD2AG 56e2 2 167 - 0.03 0.18 31996
aoD2SG 56e2 2 167 - 0.02 0.18 31128
moore 56e2 2 167 - 0.83 252.18 952724
nbpm 56e2 2 167 - 2.43 72.79 2388088
greedy 56e2 2 167 - 2.32 82.15 3460488
dry 1e4 5 82 - 0.03 0.12 26900
aoDLAV 1e4 5 82 - 0.03 0.22 31084
aoULAV 1e4 5 82 - 0.03 0.23 31100
aoD2AG 1e4 5 82 - 0.04 0.25 32108
aoD2SG 1e4 5 82 - 0.04 0.24 32108
moore 1e4 5 82 - 1.21 1073.10 2961736
nbpm 1e4 5 82 - 7.90 580.13 7811452
greedy 1e4 5 82 - 6.89 291.17 10959220
dry 56e6 2 221 - 0.66 1.79 1123924
aoDLAV 56e6 2 221 - 4.91 329.78 8330820
aoULAV 56e6 2 221 - 6.09 349.46 8330816
aoD2AG 56e6 2 221 - 10.89 520.49 12251196
aoD2SG 56e6 2 221 - 11.78 601.56 12698276
dry 56e2 2 154 - 0.03 0.11 28256
aoDLAV 56e2 2 154 - 0.02 0.16 30980
aoULAV 56e2 2 154 - 0.04 0.14 30992
aoD2AG 56e2 2 154 - 0.03 0.16 31984
aoD2SG 56e2 2 154 - 0.04 0.16 31120
moore 56e2 2 154 - 0.60 210.07 952716
nbpm 56e2 2 154 - 2.47 84.12 2388084
greedy 56e2 2 154 - 2.22 78.14 3460488
dry 4e7 2 110 - 0.47 1.31 811424
aoDLAV 4e7 2 110 - 3.15 241.49 5955820
aoULAV 4e7 2 110 - 4.28 244.68 5955816
aoD2AG 4e7 2 110 - 7.03 346.91 8754032
aoD2SG 4e7 2 110 - 8.21 419.41 9072416
dry 2e7 2 181 - 0.24 0.76 420800
aoDLAV 2e7 2 181 - 1.64 108.08 2987072
aoULAV 2e7 2 181 - 1.84 121.26 2987068
aoD2AG 2e7 2 181 - 4.00 165.94 4386240
aoD2SG 2e7 2 181 - 3.82 195.45 4546052
dry 5e7 2 126 - 0.61 1.64 1006736
aoDLAV 5e7 2 126 - 4.19 288.75 7440192
aoULAV 5e7 2 126 - 5.54 309.63 7440192
aoD2AG 5e7 2 126 - 10.27 437.15 10937780
aoD2SG 5e7 2 126 - 11.10 524.52 11333852
dry 25e2 2 162 - 0.02 0.12 26080
aoDLAV 25e2 2 162 - 0.03 0.15 30452
aoULAV 25e2 2 162 - 0.03 0.15 30464
aoD2AG 25e2 2 162 - 0.03 0.16 30976
aoD2SG 25e2 2 162 - 0.03 0.16 31020
moore 25e2 2 162 - 0.12 21.70 213632
nbpm 25e2 2 162 - 0.59 13.10 541736
greedy 25e2 2 162 - 0.41 11.37 713664
dry 2e7 2 93 - 0.23 0.75 420796
aoDLAV 2e7 2 93 - 1.68 108.14 2987068
aoULAV 2e7 2 93 - 1.64 115.52 2987068
aoD2AG 2e7 2 93 - 3.50 163.88 4386948
aoD2SG 2e7 2 93 - 4.31 246.82 4546876
dry 75e2 2 33 - 0.02 0.12 26328
aoDLAV 75e2 2 33 - 0.03 0.16 31376
aoULAV 75e2 2 33 - 0.02 0.16 31388
aoD2AG 75e2 2 33 - 0.03 0.18 31380
aoD2SG 75e2 2 33 - 0.03 0.19 31380
moore 75e2 2 33 - 1.20 489.96 1688784
nbpm 75e2 2 33 - 4.19 177.85 4242124
greedy 75e2 2 33 - 3.72 159.75 6183092
dry 56e6 2 177 - 0.66 1.76 1123924
aoDLAV 56e6 2 177 - 4.87 330.92 8330816
aoULAV 56e6 2 177 - 6.34 369.86 8330816
aoD2AG 56e6 2 177 - 10.95 497.30 12249816
aoD2SG 56e6 2 177 - 11.33 586.51 12695116
dry 56e6 2 78 - 0.60 1.78 1123924
aoDLAV 56e6 2 78 - 4.46 338.99 8330816
aoULAV 56e6 2 78 - 6.37 357.22 8330816
aoD2AG 56e6 2 78 - 11.34 509.22 12249900
aoD2SG 56e6 2 78 - 11.49 572.90 12696136
dry 18e2 2 6 - 0.02 0.12 26048
aoDLAV 18e2 2 6 - 0.03 0.14 30376
aoULAV 18e2 2 6 - 0.02 0.16 30384
aoD2AG 18e2 2 6 - 0.03 0.15 30784
aoD2SG 18e2 2 6 - 0.03 0.15 30816
moore 18e2 2 6 - 0.08 10.96 125412
nbpm 18e2 2 6 - 0.23 7.38 334528
greedy 18e2 2 6 - 0.32 5.18 384352
dry 25e2 2 42 - 0.03 0.12 26080
aoDLAV 25e2 2 42 - 0.04 0.16 30452
aoULAV 25e2 2 42 - 0.04 0.14 30464
aoD2AG 25e2 2 42 - 0.02 0.15 30988
aoD2SG 25e2 2 42 - 0.03 0.15 31040
moore 25e2 2 42 - 0.10 21.17 213624
nbpm 25e2 2 42 - 0.55 12.60 541636
greedy 25e2 2 42 - 0.39 10.12 713664
dry 32e2 2 161 - 0.03 0.11 27952
aoDLAV 32e2 2 161 - 0.03 0.15 30540
aoULAV 32e2 2 161 - 0.03 0.15 30552
aoD2AG 32e2 2 161 - 0.02 0.16 31200
aoD2SG 32e2 2 161 - 0.03 0.15 31312
moore 32e2 2 161 - 0.21 55.21 330512
nbpm 32e2 2 161 - 0.89 19.89 854752
greedy 32e2 2 161 - 0.65 21.22 1150168
dry 32e6 2 55 - 0.36 1.08 655180
aoDLAV 32e6 2 55 - 2.55 176.71 4768324
aoULAV 32e6 2 55 - 3.73 190.63 4768324
aoD2AG 32e6 2 55 - 6.29 264.37 7008968
aoD2SG 32e6 2 55 - 6.81 302.56 7265568
dry 75e2 2 9 - 0.03 0.12 26328
aoDLAV 75e2 2 9 - 0.03 0.16 31376
aoULAV 75e2 2 9 - 0.03 0.16 31388
aoD2AG 75e2 2 9 - 0.04 0.17 31380
aoD2SG 75e2 2 9 - 0.03 0.18 31380
moore 75e2 2 9 - 1.72 568.26 1688784
nbpm 75e2 2 9 - 4.30 159.64 4242128
greedy 75e2 2 9 - 3.46 147.63 6183088
dry 75e2 2 244 - 0.03 0.12 26328
aoDLAV 75e2 2 244 - 0.03 0.15 31376
aoULAV 75e2 2 244 - 0.03 0.16 31388
aoD2AG 75e2 2 244 - 0.03 0.18 31380
aoD2SG 75e2 2 244 - 0.03 0.19 31380
moore 75e2 2 244 - 1.07 459.41 1688784
nbpm 75e2 2 244 - 4.14 161.43 4242124
greedy 75e2 2 244 - 3.90 155.81 6183092
dry 4e7 2 34 - 0.45 1.31 811424
aoDLAV 4e7 2 34 - 3.25 226.57 5955820
aoULAV 4e7 2 34 - 4.39 252.19 5955816
aoD2AG 4e7 2 34 - 7.70 341.99 8752196
aoD2SG 4e7 2 34 - 8.21 404.99 9073960
dry 56e6 2 54 - 0.72 1.77 1123924
aoDLAV 56e6 2 54 - 4.69 332.76 8330820
aoULAV 56e6 2 54 - 6.41 356.68 8330816
aoD2AG 56e6 2 54 - 11.05 502.93 12247884
aoD2SG 56e6 2 54 - 11.85 592.34 12696764
dry 5e7 2 163 - 0.54 1.61 1006736
aoDLAV 5e7 2 163 - 4.15 285.07 7440192
aoULAV 5e7 2 163 - 5.91 308.13 7440192
aoD2AG 5e7 2 163 - 9.76 453.23 10937012
aoD2SG 5e7 2 163 - 10.53 521.41 11336372
dry 32e6 2 210 - 0.44 1.06 655176
aoDLAV 32e6 2 210 - 2.81 185.30 4768328
aoULAV 32e6 2 210 - 3.75 195.51 4768328
aoD2AG 32e6 2 210 - 5.94 269.37 7008636
aoD2SG 32e6 2 210 - 6.77 311.45 7263268
dry 7e7 2 79 - 0.91 2.22 1397356
aoDLAV 7e7 2 79 - 6.13 415.18 10408936
aoULAV 7e7 2 79 - 7.78 448.78 10408940
aoD2AG 7e7 2 79 - 14.29 660.09 15306304
aoD2SG 7e7 2 79 - 14.95 940.79 15864116
dry 18e6 2 22 - 0.26 0.72 381736
aoDLAV 18e6 2 22 - 1.54 97.14 2690192
aoULAV 18e6 2 22 - 1.62 100.27 2690192
aoD2AG 18e6 2 22 - 3.36 142.24 3950500
aoD2SG 18e6 2 22 - 3.65 165.34 4094740
dry 32e6 2 195 - 0.37 1.12 655176
aoDLAV 32e6 2 195 - 2.72 176.93 4768324
aoULAV 32e6 2 195 - 2.77 190.87 4768324
aoD2AG 32e6 2 195 - 6.24 266.29 7008948
aoD2SG 32e6 2 195 - 6.46 315.57 7263344
dry 3e7 2 175 - 0.36 1.04 616104
aoDLAV 3e7 2 175 - 2.64 205.98 4471428
aoULAV 3e7 2 175 - 2.58 180.67 4471428
aoD2AG 3e7 2 175 - 6.21 249.01 6570996
aoD2SG 3e7 2 175 - 6.33 302.52 6809704
dry 50e2 2 204 - 0.03 0.12 26208
aoDLAV 50e2 2 204 - 0.03 0.16 30852
aoULAV 50e2 2 204 - 0.03 0.16 30860
aoD2AG 50e2 2 204 - 0.04 0.16 31780
aoD2SG 50e2 2 204 - 0.04 0.18 31880
moore 50e2 2 204 - 0.61 189.37 764628
nbpm 50e2 2 204 - 1.99 59.86 2011924
greedy 50e2 2 204 - 1.66 61.10 2764780
dry 18e2 2 87 - 0.03 0.12 26052
aoDLAV 18e2 2 87 - 0.03 0.15 30372
aoULAV 18e2 2 87 - 0.03 0.15 30384
aoD2AG 18e2 2 87 - 0.03 0.15 30784
aoD2SG 18e2 2 87 - 0.03 0.16 30828
moore 18e2 2 87 - 0.06 15.57 125408
nbpm 18e2 2 87 - 0.18 7.85 334524
greedy 18e2 2 87 - 0.23 4.05 384352
dry 56e6 2 4 - 0.63 1.81 1123928
aoDLAV 56e6 2 4 - 4.91 335.02 8330816
aoULAV 56e6 2 4 - 6.28 362.81 8330816
aoD2AG 56e6 2 4 - 11.10 658.07 12248756
aoD2SG 56e6 2 4 - 12.58 586.52 12695464
dry 56e2 2 219 - 0.02 0.12 26240
aoDLAV 56e2 2 219 - 0.03 0.16 30980
aoULAV 56e2 2 219 - 0.04 0.16 30988
aoD2AG 56e2 2 219 - 0.03 0.19 31988
aoD2SG 56e2 2 219 - 0.03 0.19 31124
moore 56e2 2 219 - 0.41 175.62 949988
nbpm 56e2 2 219 - 2.34 85.26 2388092
greedy 56e2 2 219 - 2.05 75.39 3460488
dry 1e4 2 114 - 0.02 0.12 27952
aoDLAV 1e4 2 114 - 0.03 0.17 31868
aoULAV 1e4 2 114 - 0.03 0.18 31876
aoD2AG 1e4 2 114 - 0.02 0.19 31876
aoD2SG 1e4 2 114 - 0.04 0.19 31992
moore 1e4 2 114 - 1.11 1057.55 2960576
nbpm 1e4 2 114 - 7.65 343.70 7889416
greedy 1e4 2 114 - 6.68 273.97 10968568
dry 32e2 2 191 - 0.03 0.12 26116
aoDLAV 32e2 2 191 - 0.04 0.15 30544
aoULAV 32e2 2 191 - 0.04 0.15 30548
aoD2AG 32e2 2 191 - 0.02 0.16 31220
aoD2SG 32e2 2 191 - 0.03 0.16 31260
moore 32e2 2 191 - 0.38 88.06 330512
nbpm 32e2 2 191 - 0.94 19.56 854756
greedy 32e2 2 191 - 0.83 23.04 1150164
dry 1e4 10 21 - 0.04 0.11 27688
aoDLAV 1e4 10 21 - 0.03 0.73 32764
aoULAV 1e4 10 21 - 0.04 0.69 32776
aoD2AG 1e4 10 21 - 0.03 0.74 32748
aoD2SG 1e4 10 21 - 0.03 0.80 34176
moore 1e4 10 21 - 1.19 924.61 2963856
nbpm 1e4 10 21 - 7.28 803.63 7764444
greedy 1e4 10 21 - 7.06 287.48 10961108
dry 32e2 2 175 - 0.03 0.13 28160
aoDLAV 32e2 2 175 - 0.03 0.15 30540
aoULAV 32e2 2 175 - 0.03 0.16 30556
aoD2AG 32e2 2 175 - 0.03 0.16 31188
aoD2SG 32e2 2 175 - 0.03 0.17 31240
moore 32e2 2 175 - 0.24 51.29 330512
nbpm 32e2 2 175 - 0.85 19.47 854756
greedy 32e2 2 175 - 0.72 21.86 1150168
dry 6e7 2 27 - 0.68 1.91 1202048
aoDLAV 6e7 2 27 - 5.39 357.95 8924564
aoULAV 6e7 2 27 - 7.00 389.21 8924560
aoD2AG 6e7 2 27 - 11.93 533.09 13120560
aoD2SG 6e7 2 27 - 12.57 632.89 13599652
dry 25e2 2 105 - 0.03 0.12 26080
aoDLAV 25e2 2 105 - 0.03 0.15 30456
aoULAV 25e2 2 105 - 0.02 0.15 30468
aoD2AG 25e2 2 105 - 0.03 0.15 30984
aoD2SG 25e2 2 105 - 0.03 0.15 31036
moore 25e2 2 105 - 0.11 34.15 213596
nbpm 25e2 2 105 - 0.59 15.20 541636
greedy 25e2 2 105 - 0.41 9.82 713668
dry 18e6 2 57 - 0.23 0.70 381740
aoDLAV 18e6 2 57 - 1.47 96.31 2690192
aoULAV 18e6 2 57 - 1.70 109.58 2690192
aoD2AG 18e6 2 57 - 3.63 150.12 3949228
aoD2SG 18e6 2 57 - 3.47 187.77 4092336
dry 56e2 2 31 - 0.02 0.12 26236
aoDLAV 56e2 2 31 - 0.04 0.16 30976
aoULAV 56e2 2 31 - 0.04 0.16 30988
aoD2AG 56e2 2 31 - 0.03 0.17 31984
aoD2SG 56e2 2 31 - 0.02 0.18 31124
moore 56e2 2 31 - 0.97 253.28 952716
nbpm 56e2 2 31 - 2.49 75.11 2388080
greedy 56e2 2 31 - 2.10 79.45 3460488
dry 6e7 2 10 - 0.69 1.90 1202044
aoDLAV 6e7 2 10 - 5.08 357.19 8924560
aoULAV 6e7 2 10 - 7.07 381.55 8924564
aoD2AG 6e7 2 10 - 11.89 546.48 13122676
aoD2SG 6e7 2 10 - 12.61 649.57 13600960
dry 6e7 2 62 - 0.66 1.90 1202044
aoDLAV 6e7 2 62 - 4.92 353.99 8924560
aoULAV 6e7 2 62 - 6.22 384.38 8924560
aoD2AG 6e7 2 62 - 11.67 561.08 13120980
aoD2SG 6e7 2 62 - 12.94 730.84 13599616
dry 1e4 2 151 - 0.03 0.12 26436
aoDLAV 1e4 2 151 - 0.03 0.17 31864
aoULAV 1e4 2 151 - 0.03 0.18 31880
aoD2AG 1e4 2 151 - 0.03 0.18 31876
aoD2SG 1e4 2 151 - 0.02 0.20 31992
moore 1e4 2 151 - 1.22 1049.10 2960580
nbpm 1e4 2 151 - 7.48 353.10 7889420
greedy 1e4 2 151 - 6.65 283.00 10968572
dry 32e2 2 210 - 0.02 0.13 28104
aoDLAV 32e2 2 210 - 0.02 0.15 30540
aoULAV 32e2 2 210 - 0.03 0.15 30552
aoD2AG 32e2 2 210 - 0.03 0.16 31204
aoD2SG 32e2 2 210 - 0.03 0.15 31272
moore 32e2 2 210 - 0.19 47.82 330552
nbpm 32e2 2 210 - 0.89 20.97 854760
greedy 32e2 2 210 - 0.74 22.40 1150164
dry 2e7 2 47 - 0.25 0.73 420796
aoDLAV 2e7 2 47 - 1.77 113.61 2987068
aoULAV 2e7 2 47 - 1.69 114.32 2987072
aoD2AG 2e7 2 47 - 4.02 158.08 4387956
aoD2SG 2e7 2 47 - 3.85 190.31 4547468
dry 1e4 2 28 - 0.02 0.11 26436
aoDLAV 1e4 2 28 - 0.03 0.16 31864
aoULAV 1e4 2 28 - 0.03 0.17 31876
aoD2AG 1e4 2 28 - 0.03 0.18 31876
aoD2SG 1e4 2 28 - 0.02 0.19 31992
moore 1e4 2 28 - 1.20 971.23 2960572
nbpm 1e4 2 28 - 7.52 352.66 7889416
greedy 1e4 2 28 - 6.78 265.96 10968572
dry 2e7 2 150 - 0.31 0.74 420796
aoDLAV 2e7 2 150 - 1.86 108.92 2987068
aoULAV 2e7 2 150 - 2.32 117.69 2987072
aoD2AG 2e7 2 150 - 3.56 160.65 4387480
aoD2SG 2e7 2 150 - 4.47 184.25 4547144
dry 75e2 2 181 - 0.02 0.12 26332
aoDLAV 75e2 2 181 - 0.03 0.15 31376
aoULAV 75e2 2 181 - 0.03 0.15 31388
aoD2AG 75e2 2 181 - 0.02 0.18 31380
aoD2SG 75e2 2 181 - 0.03 0.18 31380
moore 75e2 2 181 - 1.24 478.68 1688796
nbpm 75e2 2 181 - 4.20 156.10 4242136
greedy 75e2 2 181 - 3.77 162.14 6183088
dry 4e7 2 8 - 0.51 1.32 811428
aoDLAV 4e7 2 8 - 3.33 239.07 5955820
aoULAV 4e7 2 8 - 4.62 260.62 5955816
aoD2AG 4e7 2 8 - 7.91 360.42 8753392
aoD2SG 4e7 2 8 - 8.76 426.57 9075308
dry 1e4 10 105 - 0.03 0.12 27688
aoDLAV 1e4 10 105 - 0.03 0.68 32764
aoULAV 1e4 10 105 - 0.04 0.67 32776
aoD2AG 1e4 10 105 - 0.03 0.71 32748
aoD2SG 1e4 10 105 - 0.03 0.81 34176
moore 1e4 10 105 - 1.11 1101.39 2963852
nbpm 1e4 10 105 - 7.83 734.22 7764396
greedy 1e4 10 105 - 6.68 268.92 10961112
dry 75e2 2 72 - 0.02 0.12 26328
aoDLAV 75e2 2 72 - 0.03 0.15 31376
aoULAV 75e2 2 72 - 0.02 0.16 31392
aoD2AG 75e2 2 72 - 0.03 0.17 31384
aoD2SG 75e2 2 72 - 0.03 0.17 31380
moore 75e2 2 72 - 1.80 595.91 1688784
nbpm 75e2 2 72 - 4.12 177.46 4242120
greedy 75e2 2 72 - 3.65 159.03 6183088
dry 1e4 2 222 - 0.02 0.12 26436
aoDLAV 1e4 2 222 - 0.03 0.17 31864
aoULAV 1e4 2 222 - 0.03 0.18 31876
aoD2AG 1e4 2 222 - 0.04 0.19 31876
aoD2SG 1e4 2 222 - 0.03 0.18 31988
moore 1e4 2 222 - 1.28 786.75 2960576
nbpm 1e4 2 222 - 7.44 404.15 7889416
greedy 1e4 2 222 - 6.70 313.97 10968572
dry 5e7 2 44 - 0.60 1.61 1006740
aoDLAV 5e7 2 44 - 4.39 295.26 7440192
aoULAV 5e7 2 44 - 5.37 320.19 7440192
aoD2AG 5e7 2 44 - 9.84 453.18 10936668
aoD2SG 5e7 2 44 - 10.24 506.31 11334760
