dry 2e7 2 113 - 0.22 0.75 420800
aoDLAV 2e7 2 113 - 1.57 112.84 2987068
aoULAV 2e7 2 113 - 2.08 115.20 2987068
aoD2AG 2e7 2 113 - 3.35 164.05 4388272
aoD2SG 2e7 2 113 - 3.99 198.81 4548084
dry 1e4 5 147 - 0.01 0.13 26900
aoDLAV 1e4 5 147 - 0.03 0.21 31084
aoULAV 1e4 5 147 - 0.03 0.21 31100
aoD2AG 1e4 5 147 - 0.03 0.22 32108
aoD2SG 1e4 5 147 - 0.02 0.24 32164
moore 1e4 5 147 - 1.18 1314.90 2961736
nbpm 1e4 5 147 - 7.78 582.77 7811452
greedy 1e4 5 147 - 6.47 305.21 10959176
dry 1e4 10 234 - 0.03 0.11 27688
aoDLAV 1e4 10 234 - 0.03 0.66 32764
aoULAV 1e4 10 234 - 0.03 0.65 32780
aoD2AG 1e4 10 234 - 0.03 0.67 32744
aoD2SG 1e4 10 234 - 0.03 0.76 34176
moore 1e4 10 234 - 1.21 1313.15 2963852
nbpm 1e4 10 234 - 7.63 718.06 7764392
greedy 1e4 10 234 - 6.63 274.52 10961108
dry 56e2 2 8 - 0.02 0.12 26240
aoDLAV 56e2 2 8 - 0.03 0.15 30980
aoULAV 56e2 2 8 - 0.02 0.16 30992
aoD2AG 56e2 2 8 - 0.03 0.17 31980
aoD2SG 56e2 2 8 - 0.03 0.18 31164
moore 56e2 2 8 - 0.74 234.42 952716
nbpm 56e2 2 8 - 2.37 78.42 2388080
greedy 56e2 2 8 - 2.29 79.13 3460488
dry 32e6 2 186 - 0.37 1.12 655176
aoDLAV 32e6 2 186 - 2.72 179.99 4768324
aoULAV 32e6 2 186 - 2.71 191.68 4768324
aoD2AG 32e6 2 186 - 6.50 304.73 7008380
aoD2SG 32e6 2 186 - 6.50 321.83 7262312
dry 56e2 2 131 - 0.03 0.12 26236
aoDLAV 56e2 2 131 - 0.03 0.15 31016
aoULAV 56e2 2 131 - 0.02 0.16 30988
aoD2AG 56e2 2 131 - 0.03 0.18 31980
aoD2SG 56e2 2 131 - 0.02 0.18 31128
moore 56e2 2 131 - 0.69 227.22 952732
nbpm 56e2 2 131 - 2.52 76.40 2388088
greedy 56e2 2 131 - 2.03 78.19 3460488
dry 5e7 2 222 - 0.61 1.60 1006736
aoDLAV 5e7 2 222 - 4.38 310.22 7440192
aoULAV 5e7 2 222 - 5.63 328.73 7440192
aoD2AG 5e7 2 222 - 10.05 433.97 10938552
aoD2SG 5e7 2 222 - 10.83 514.13 11336560
dry 4e7 2 195 - 0.45 1.33 811428
aoDLAV 4e7 2 195 - 3.37 221.12 5955816
aoULAV 4e7 2 195 - 4.22 243.12 5955820
aoD2AG 4e7 2 195 - 7.95 359.55 8754992
aoD2SG 4e7 2 195 - 8.36 409.57 9073332
dry 18e6 2 159 - 0.21 0.69 381736
aoDLAV 18e6 2 159 - 1.53 95.77 2690192
aoULAV 18e6 2 159 - 2.04 132.20 2690208
aoD2AG 18e6 2 159 - 3.26 143.19 3952068
aoD2SG 18e6 2 159 - 3.82 209.73 4094872
dry 6e7 2 16 - 0.72 1.91 1202044
aoDLAV 6e7 2 16 - 4.91 365.35 8924568
aoULAV 6e7 2 16 - 6.96 489.72 8924560
aoD2AG 6e7 2 16 - 12.14 549.43 13117924
aoD2SG 6e7 2 16 - 12.50 653.54 13596868
dry 6e7 2 138 - 0.71 1.92 1202044
aoDLAV 6e7 2 138 - 5.31 357.49 8924560
aoULAV 6e7 2 138 - 6.61 370.34 8924564
aoD2AG 6e7 2 138 - 11.80 528.99 13120508
aoD2SG 6e7 2 138 - 12.61 654.86 13598884
dry 32e6 2 104 - 0.39 1.09 655176
aoDLAV 32e6 2 104 - 2.62 183.60 4768324
aoULAV 32e6 2 104 - 3.42 185.37 4768328
aoD2AG 32e6 2 104 - 5.60 267.87 7007112
aoD2SG 32e6 2 104 - 6.55 324.28 7261724
dry 75e2 2 190 - 0.03 0.12 26328
aoDLAV 75e2 2 190 - 0.03 0.16 31376
aoULAV 75e2 2 190 - 0.03 0.15 31388
aoD2AG 75e2 2 190 - 0.02 0.18 31380
aoD2SG 75e2 2 190 - 0.03 0.18 31380
moore 75e2 2 190 - 1.32 502.93 1688792
nbpm 75e2 2 190 - 4.19 157.43 4242132
greedy 75e2 2 190 - 3.95 159.07 6183096
dry 50e2 2 74 - 0.03 0.12 26208
aoDLAV 50e2 2 74 - 0.02 0.16 30848
aoULAV 50e2 2 74 - 0.03 0.15 30860
aoD2AG 50e2 2 74 - 0.03 0.16 31796
aoD2SG 50e2 2 74 - 0.03 0.17 31896
moore 50e2 2 74 - 0.52 166.61 764632
nbpm 50e2 2 74 - 1.96 53.27 2011924
greedy 50e2 2 74 - 1.70 62.73 2764780
dry 4e7 2 221 - 0.49 1.32 811424
aoDLAV 4e7 2 221 - 3.35 229.12 5955816
aoULAV 4e7 2 221 - 4.25 244.59 5955816
aoD2AG 4e7 2 221 - 7.80 356.81 8755928
aoD2SG 4e7 2 221 - 8.23 402.19 9073628
dry 32e6 2 191 - 0.38 1.10 655176
aoDLAV 32e6 2 191 - 2.58 181.29 4768324
aoULAV 32e6 2 191 - 3.74 200.01 4768324
aoD2AG 32e6 2 191 - 6.60 280.84 7007724
aoD2SG 32e6 2 191 - 6.14 317.96 7262184
dry 18e2 2 72 - 0.02 0.12 26052
aoDLAV 18e2 2 72 - 0.02 0.15 30372
aoULAV 18e2 2 72 - 0.03 0.14 30384
aoD2AG 18e2 2 72 - 0.03 0.14 30784
aoD2SG 18e2 2 72 - 0.03 0.14 30816
moore 18e2 2 72 - 0.07 13.67 125420
nbpm 18e2 2 72 - 0.18 7.77 334540
greedy 18e2 2 72 - 0.24 3.98 384348
dry 2e7 2 82 - 0.27 0.75 420796
aoDLAV 2e7 2 82 - 1.64 110.62 2987068
aoULAV 2e7 2 82 - 1.64 113.82 2987072
aoD2AG 2e7 2 82 - 3.33 156.06 4387436
aoD2SG 2e7 2 82 - 4.01 184.03 4547904
dry 18e6 2 50 - 0.26 0.68 381736
aoDLAV 18e6 2 50 - 1.58 98.40 2690192
aoULAV 18e6 2 50 - 1.53 102.25 2690192
aoD2AG 18e6 2 50 - 3.10 141.80 3950344
aoD2SG 18e6 2 50 - 3.85 195.12 4092300
dry 50e2 2 146 - 0.01 0.13 26204
aoDLAV 50e2 2 146 - 0.03 0.16 30848
aoULAV 50e2 2 146 - 0.03 0.16 30860
aoD2AG 50e2 2 146 - 0.03 0.16 31784
aoD2SG 50e2 2 146 - 0.03 0.17 31868
moore 50e2 2 146 - 0.59 189.95 764620
nbpm 50e2 2 146 - 2.17 60.06 2011916
greedy 50e2 2 146 - 1.77 65.53 2764780
dry 6e7 2 249 - 0.69 1.93 1202044
aoDLAV 6e7 2 249 - 5.08 361.29 8924560
aoULAV 6e7 2 249 - 6.38 376.80 8924596
aoD2AG 6e7 2 249 - 11.55 532.14 13122128
aoD2SG 6e7 2 249 - 12.55 633.77 13601880
dry 1e4 2 75 - 0.02 0.13 26432
aoDLAV 1e4 2 75 - 0.04 0.17 31868
aoULAV 1e4 2 75 - 0.03 0.18 31876
aoD2AG 1e4 2 75 - 0.03 0.18 31876
aoD2SG 1e4 2 75 - 0.03 0.19 31988
moore 1e4 2 75 - 1.16 1032.40 2960572
nbpm 1e4 2 75 - 7.79 360.24 7889416
greedy 1e4 2 75 - 6.80 285.99 10968568
dry 1e4 2 32 - 0.02 0.13 26432
aoDLAV 1e4 2 32 - 0.03 0.18 31864
aoULAV 1e4 2 32 - 0.02 0.18 31876
aoD2AG 1e4 2 32 - 0.03 0.18 31876
aoD2SG 1e4 2 32 - 0.03 0.18 31992
moore 1e4 2 32 - 1.11 1224.26 2960580
nbpm 1e4 2 32 - 7.65 369.75 7889428
greedy 1e4 2 32 - 6.85 281.95 10968568
dry 18e2 2 100 - 0.02 0.12 26052
aoDLAV 18e2 2 100 - 0.02 0.15 30372
aoULAV 18e2 2 100 - 0.02 0.15 30384
aoD2AG 18e2 2 100 - 0.02 0.15 30784
aoD2SG 18e2 2 100 - 0.03 0.15 30824
moore 18e2 2 100 - 0.09 7.53 125436
nbpm 18e2 2 100 - 0.18 7.67 334528
greedy 18e2 2 100 - 0.25 4.98 384356
dry 1e4 2 154 - 0.03 0.12 26436
aoDLAV 1e4 2 154 - 0.04 0.17 31864
aoULAV 1e4 2 154 - 0.03 0.17 31876
aoD2AG 1e4 2 154 - 0.03 0.19 31876
aoD2SG 1e4 2 154 - 0.04 0.18 31988
moore 1e4 2 154 - 1.14 1068.48 2960576
nbpm 1e4 2 154 - 7.68 387.75 7889420
greedy 1e4 2 154 - 6.82 279.08 10968572
dry 4e7 2 5 - 0.49 1.36 811424
aoDLAV 4e7 2 5 - 3.30 231.55 5955816
aoULAV 4e7 2 5 - 4.08 242.00 5955816
aoD2AG 4e7 2 5 - 7.93 354.35 8756912
aoD2SG 4e7 2 5 - 8.39 409.68 9077124
dry 32e6 2 63 - 0.40 1.12 655176
aoDLAV 32e6 2 63 - 2.75 188.22 4768324
aoULAV 32e6 2 63 - 3.61 193.09 4768324
aoD2AG 32e6 2 63 - 6.49 272.70 7005108
aoD2SG 32e6 2 63 - 6.74 323.33 7262512
dry 4e7 2 25 - 0.49 1.33 811424
aoDLAV 4e7 2 25 - 3.32 237.08 5955820
aoULAV 4e7 2 25 - 3.56 240.10 5955820
aoD2AG 4e7 2 25 - 7.68 349.31 8752440
aoD2SG 4e7 2 25 - 8.24 409.70 9072724
dry 2e7 2 73 - 0.25 0.77 420800
aoDLAV 2e7 2 73 - 1.74 108.91 2987068
aoULAV 2e7 2 73 - 1.73 113.38 2987072
aoD2AG 2e7 2 73 - 4.07 174.21 4386448
aoD2SG 2e7 2 73 - 3.73 218.44 4546580
dry 1e4 2 49 - 0.02 0.11 26436
aoDLAV 1e4 2 49 - 0.04 0.16 31864
aoULAV 1e4 2 49 - 0.03 0.16 31880
aoD2AG 1e4 2 49 - 0.03 0.18 31876
aoD2SG 1e4 2 49 - 0.03 0.17 31988
moore 1e4 2 49 - 1.24 1352.04 2960572
nbpm 1e4 2 49 - 7.64 364.90 7889416
greedy 1e4 2 49 - 6.56 263.75 10968568
dry 1e4 10 145 - 0.02 0.12 27688
aoDLAV 1e4 10 145 - 0.03 0.67 32764
aoULAV 1e4 10 145 - 0.03 0.70 32776
aoD2AG 1e4 10 145 - 0.03 0.71 32744
aoD2SG 1e4 10 145 - 0.03 0.78 34176
moore 1e4 10 145 - 1.06 1355.41 2963852
nbpm 1e4 10 145 - 7.51 744.67 7764384
greedy 1e4 10 145 - 6.66 271.55 10961108
dry 1e4 10 227 - 0.02 0.13 27688
aoDLAV 1e4 10 227 - 0.03 0.71 32764
aoULAV 1e4 10 227 - 0.03 0.69 32776
aoD2AG 1e4 10 227 - 0.04 0.72 32744
aoD2SG 1e4 10 227 - 0.04 0.79 34176
moore 1e4 10 227 - 1.16 1252.52 2963856
nbpm 1e4 10 227 - 7.63 756.65 7764384
greedy 1e4 10 227 - 6.95 286.46 10961108
dry 18e6 2 54 - 0.22 0.71 381736
aoDLAV 18e6 2 54 - 1.51 97.12 2690192
aoULAV 18e6 2 54 - 2.06 107.39 2690192
aoD2AG 18e6 2 54 - 3.31 148.69 3950216
aoD2SG 18e6 2 54 - 3.87 176.58 4095596
dry 18e2 2 65 - 0.03 0.12 26052
aoDLAV 18e2 2 65 - 0.03 0.15 30372
aoULAV 18e2 2 65 - 0.02 0.16 30432
aoD2AG 18e2 2 65 - 0.03 0.16 30824
aoD2SG 18e2 2 65 - 0.03 0.16 30844
moore 18e2 2 65 - 0.06 15.37 125416
nbpm 18e2 2 65 - 0.20 8.08 334604
greedy 18e2 2 65 - 0.24 5.09 384392
dry 7e7 2 109 - 0.82 2.22 1397360
aoDLAV 7e7 2 109 - 6.06 432.11 10408968
aoULAV 7e7 2 109 - 7.82 537.54 10408936
aoD2AG 7e7 2 109 - 14.23 646.13 15304348
aoD2SG 7e7 2 109 - 14.61 758.10 15861092
dry 1e4 2 54 - 0.02 0.12 26432
aoDLAV 1e4 2 54 - 0.03 0.18 31864
aoULAV 1e4 2 54 - 0.03 0.18 31876
aoD2AG 1e4 2 54 - 0.03 0.18 31880
aoD2SG 1e4 2 54 - 0.03 0.18 31992
moore 1e4 2 54 - 1.12 941.61 2960572
nbpm 1e4 2 54 - 7.61 415.31 7889420
greedy 1e4 2 54 - 6.38 267.58 10968568
dry 56e2 2 36 - 0.03 0.13 26236
aoDLAV 56e2 2 36 - 0.02 0.17 30976
aoULAV 56e2 2 36 - 0.03 0.15 30992
aoD2AG 56e2 2 36 - 0.04 0.17 31988
aoD2SG 56e2 2 36 - 0.03 0.18 31136
moore 56e2 2 36 - 0.70 225.79 952728
nbpm 56e2 2 36 - 2.39 95.12 2388088
greedy 56e2 2 36 - 2.12 77.82 3460492
dry 6e7 2 177 - 0.73 1.86 1202048
aoDLAV 6e7 2 177 - 5.06 354.33 8924560
aoULAV 6e7 2 177 - 6.43 488.13 8924560
aoD2AG 6e7 2 177 - 12.39 533.09 13118484
aoD2SG 6e7 2 177 - 12.81 766.52 13599328
dry 18e2 2 227 - 0.02 0.13 26052
aoDLAV 18e2 2 227 - 0.03 0.15 30376
aoULAV 18e2 2 227 - 0.03 0.15 30388
aoD2AG 18e2 2 227 - 0.03 0.15 30788
aoD2SG 18e2 2 227 - 0.03 0.14 30824
moore 18e2 2 227 - 0.08 24.21 125420
nbpm 18e2 2 227 - 0.23 7.89 334536
greedy 18e2 2 227 - 0.22 4.73 384352
dry 75e2 2 173 - 0.03 0.13 26328
aoDLAV 75e2 2 173 - 0.04 0.15 31376
aoULAV 75e2 2 173 - 0.03 0.16 31388
aoD2AG 75e2 2 173 - 0.03 0.18 31380
aoD2SG 75e2 2 173 - 0.02 0.20 31380
moore 75e2 2 173 - 1.66 580.12 1688784
nbpm 75e2 2 173 - 4.69 223.06 4242124
greedy 75e2 2 173 - 4.24 161.06 6183092
dry 1e4 2 79 - 0.02 0.14 26432
aoDLAV 1e4 2 79 - 0.02 0.18 31868
aoULAV 1e4 2 79 - 0.04 0.17 31880
aoD2AG 1e4 2 79 - 0.03 0.18 31876
aoD2SG 1e4 2 79 - 0.03 0.19 31988
moore 1e4 2 79 - 1.11 900.95 2960584
nbpm 1e4 2 79 - 7.61 367.64 7889424
greedy 1e4 2 79 - 6.93 334.24 10968568
dry 7e7 2 2 - 2.27 2.21 1397356
aoDLAV 7e7 2 2 - 6.00 423.09 10408936
aoULAV 7e7 2 2 - 7.42 453.32 10408936
aoD2AG 7e7 2 2 - 13.86 653.76 15301796
aoD2SG 7e7 2 2 - 14.89 771.16 15859832
dry 25e2 2 145 - 0.02 0.12 26084
aoDLAV 25e2 2 145 - 0.03 0.15 30452
aoULAV 25e2 2 145 - 0.03 0.15 30464
aoD2AG 25e2 2 145 - 0.03 0.15 30996
aoD2SG 25e2 2 145 - 0.03 0.15 31040
moore 25e2 2 145 - 0.12 69.54 213608
nbpm 25e2 2 145 - 0.61 13.99 541644
greedy 25e2 2 145 - 0.42 14.24 713664
dry 3e7 2 153 - 0.37 1.02 616108
aoDLAV 3e7 2 153 - 2.68 167.92 4471428
aoULAV 3e7 2 153 - 2.55 176.10 4471432
aoD2AG 3e7 2 153 - 6.20 253.02 6570872
aoD2SG 3e7 2 153 - 6.77 300.49 6812832
dry 2e7 2 162 - 0.30 0.81 420820
aoDLAV 2e7 2 162 - 1.77 108.58 2987068
aoULAV 2e7 2 162 - 1.73 109.40 2987072
aoD2AG 2e7 2 162 - 4.03 160.66 4388276
aoD2SG 2e7 2 162 - 3.71 182.59 4548348
dry 4e7 2 20 - 0.49 1.36 811424
aoDLAV 4e7 2 20 - 3.53 234.62 5955820
aoULAV 4e7 2 20 - 4.41 245.66 5955816
aoD2AG 4e7 2 20 - 6.99 340.82 8754632
aoD2SG 4e7 2 20 - 8.17 412.45 9070484
dry 6e7 2 143 - 0.67 1.90 1202048
aoDLAV 6e7 2 143 - 4.82 364.11 8924560
aoULAV 6e7 2 143 - 6.73 396.64 8924560
aoD2AG 6e7 2 143 - 12.08 650.00 13121464
aoD2SG 6e7 2 143 - 12.48 614.08 13601412
dry 1e4 5 86 - 0.02 0.12 28876
aoDLAV 1e4 5 86 - 0.02 0.21 31084
aoULAV 1e4 5 86 - 0.02 0.22 31096
aoD2AG 1e4 5 86 - 0.02 0.23 32112
aoD2SG 1e4 5 86 - 0.02 0.24 32108
moore 1e4 5 86 - 1.16 957.80 2961736
nbpm 1e4 5 86 - 7.57 615.15 7811452
greedy 1e4 5 86 - 7.17 371.50 10959172
dry 50e2 2 109 - 0.02 0.12 26204
aoDLAV 50e2 2 109 - 0.02 0.15 30852
aoULAV 50e2 2 109 - 0.03 0.15 30876
aoD2AG 50e2 2 109 - 0.02 0.16 31776
aoD2SG 50e2 2 109 - 0.03 0.16 31856
moore 50e2 2 109 - 0.39 142.27 764620
nbpm 50e2 2 109 - 1.87 56.71 2011920
greedy 50e2 2 109 - 1.56 65.19 2764784
dry 1e4 10 179 - 0.02 0.12 27688
aoDLAV 1e4 10 179 - 0.03 0.73 32784
aoULAV 1e4 10 179 - 0.03 0.70 32776
aoD2AG 1e4 10 179 - 0.03 0.76 32744
aoD2SG 1e4 10 179 - 0.03 0.80 34176
moore 1e4 10 179 - 1.32 1137.24 2963852
nbpm 1e4 10 179 - 7.37 742.76 7764384
greedy 1e4 10 179 - 6.27 276.04 10961108
dry 1e4 10 244 - 0.03 0.12 27688
aoDLAV 1e4 10 244 - 0.03 0.75 32764
aoULAV 1e4 10 244 - 0.03 0.71 32776
aoD2AG 1e4 10 244 - 0.03 0.74 32748
aoD2SG 1e4 10 244 - 0.03 0.80 34176
moore 1e4 10 244 - 1.48 1099.99 2963856
nbpm 1e4 10 244 - 7.55 714.70 7764388
greedy 1e4 10 244 - 5.49 179.35 10961108
