dry 18e6 2 94 - 0.24 0.66 381736
aoDLAV 18e6 2 94 - 1.47 102.50 2690248
aoULAV 18e6 2 94 - 1.92 102.78 2690192
aoD2AG 18e6 2 94 - 2.97 147.90 3952740
aoD2SG 18e6 2 94 - 3.17 182.60 4095908
dry 75e2 2 185 - 0.02 0.12 26332
aoDLAV 75e2 2 185 - 0.03 0.15 31376
aoULAV 75e2 2 185 - 0.02 0.16 31392
aoD2AG 75e2 2 185 - 0.03 0.17 31384
aoD2SG 75e2 2 185 - 0.03 0.18 31400
moore 75e2 2 185 - 1.65 575.20 1688872
nbpm 75e2 2 185 - 4.17 162.61 4242132
greedy 75e2 2 185 - 3.70 152.21 6183092
dry 7e7 2 135 - 0.79 2.20 1397360
aoDLAV 7e7 2 135 - 5.89 422.05 10408936
aoULAV 7e7 2 135 - 7.51 453.10 10408936
aoD2AG 7e7 2 135 - 13.77 648.39 15306360
aoD2SG 7e7 2 135 - 14.68 764.64 15863068
dry 32e6 2 112 - 0.38 1.09 655176
aoDLAV 32e6 2 112 - 2.78 179.60 4768324
aoULAV 32e6 2 112 - 3.64 190.66 4768324
aoD2AG 32e6 2 112 - 5.63 271.81 7008660
aoD2SG 32e6 2 112 - 6.54 311.58 7261324
dry 25e2 2 213 - 0.02 0.12 26084
aoDLAV 25e2 2 213 - 0.03 0.15 30456
aoULAV 25e2 2 213 - 0.03 0.14 30464
aoD2AG 25e2 2 213 - 0.02 0.16 30992
aoD2SG 25e2 2 213 - 0.02 0.15 31020
moore 25e2 2 213 - 0.08 20.78 213704
nbpm 25e2 2 213 - 0.53 13.73 541644
greedy 25e2 2 213 - 0.45 10.52 713664
dry 3e7 2 24 - 0.33 1.03 616104
aoDLAV 3e7 2 24 - 2.55 166.58 4471428
aoULAV 3e7 2 24 - 3.23 174.38 4471432
aoD2AG 3e7 2 24 - 5.76 255.01 6571836
aoD2SG 3e7 2 24 - 5.44 303.97 6809704
dry 1e4 5 131 - 0.02 0.12 26900
aoDLAV 1e4 5 131 - 0.03 0.21 31084
aoULAV 1e4 5 131 - 0.03 0.21 31096
aoD2AG 1e4 5 131 - 0.02 0.23 32108
aoD2SG 1e4 5 131 - 0.04 0.23 32108
moore 1e4 5 131 - 1.14 841.68 2961736
nbpm 1e4 5 131 - 7.21 659.33 7811452
greedy 1e4 5 131 - 6.34 289.46 10959172
dry 6e7 2 20 - 1.85 1.88 1202044
aoDLAV 6e7 2 20 - 5.12 359.11 8924564
aoULAV 6e7 2 20 - 6.35 376.92 8924560
aoD2AG 6e7 2 20 - 11.71 536.28 13119920
aoD2SG 6e7 2 20 - 12.65 632.43 13600088
dry 2e7 2 139 - 0.28 0.75 420800
aoDLAV 2e7 2 139 - 1.68 107.66 2987068
aoULAV 2e7 2 139 - 1.78 115.91 2987068
aoD2AG 2e7 2 139 - 4.07 163.19 4386784
aoD2SG 2e7 2 139 - 3.81 190.18 4546860
dry 5e7 2 137 - 0.62 1.58 1006740
aoDLAV 5e7 2 137 - 4.33 307.56 7440196
aoULAV 5e7 2 137 - 5.79 314.69 7440196
aoD2AG 5e7 2 137 - 10.01 507.81 10938008
aoD2SG 5e7 2 137 - 10.34 514.56 11335856
dry 32e6 2 229 - 0.37 1.08 655176
aoDLAV 32e6 2 229 - 2.58 186.82 4768324
aoULAV 32e6 2 229 - 2.80 197.49 4768324
aoD2AG 32e6 2 229 - 6.36 285.16 7005548
aoD2SG 32e6 2 229 - 6.98 322.07 7261172
dry 5e7 2 148 - 0.59 1.62 1006736
aoDLAV 5e7 2 148 - 4.14 287.40 7440192
aoULAV 5e7 2 148 - 5.54 381.73 7440192
aoD2AG 5e7 2 148 - 10.23 443.64 10937684
aoD2SG 5e7 2 148 - 10.86 514.79 11336120
dry 56e2 2 236 - 0.02 0.14 26236
aoDLAV 56e2 2 236 - 0.03 0.15 30976
aoULAV 56e2 2 236 - 0.04 0.15 30992
aoD2AG 56e2 2 236 - 0.03 0.17 31976
aoD2SG 56e2 2 236 - 0.04 0.17 31120
moore 56e2 2 236 - 0.55 198.88 952720
nbpm 56e2 2 236 - 2.51 76.55 2388080
greedy 56e2 2 236 - 2.25 76.75 3460488
dry 1e4 2 250 - 0.02 0.13 28468
aoDLAV 1e4 2 250 - 0.03 0.17 31864
aoULAV 1e4 2 250 - 0.03 0.18 31876
aoD2AG 1e4 2 250 - 0.03 0.18 31876
aoD2SG 1e4 2 250 - 0.03 0.18 31988
moore 1e4 2 250 - 1.31 1138.19 2960584
nbpm 1e4 2 250 - 7.81 365.10 7889424
greedy 1e4 2 250 - 6.57 279.53 10968568
dry 1e4 5 111 - 0.03 0.12 26904
aoDLAV 1e4 5 111 - 0.02 0.22 31088
aoULAV 1e4 5 111 - 0.02 0.23 31096
aoD2AG 1e4 5 111 - 0.03 0.22 32108
aoD2SG 1e4 5 111 - 0.03 0.23 32108
moore 1e4 5 111 - 1.23 806.72 2961736
nbpm 1e4 5 111 - 7.64 619.66 7811456
greedy 1e4 5 111 - 6.26 293.73 10959172
dry 1e4 2 44 - 0.02 0.12 26432
aoDLAV 1e4 2 44 - 0.02 0.17 31868
aoULAV 1e4 2 44 - 0.04 0.16 31880
aoD2AG 1e4 2 44 - 0.03 0.17 31876
aoD2SG 1e4 2 44 - 0.03 0.18 31988
moore 1e4 2 44 - 1.25 974.15 2960572
nbpm 1e4 2 44 - 7.48 354.08 7889416
greedy 1e4 2 44 - 6.33 271.75 10968568
dry 18e2 2 128 - 0.02 0.12 26052
aoDLAV 18e2 2 128 - 0.03 0.15 30376
aoULAV 18e2 2 128 - 0.02 0.15 30384
aoD2AG 18e2 2 128 - 0.03 0.15 30816
aoD2SG 18e2 2 128 - 0.03 0.16 30828
moore 18e2 2 128 - 0.07 15.32 125408
nbpm 18e2 2 128 - 0.21 7.65 334528
greedy 18e2 2 128 - 0.22 4.76 384416
dry 32e2 2 144 - 0.02 0.12 26112
aoDLAV 32e2 2 144 - 0.02 0.15 30540
aoULAV 32e2 2 144 - 0.03 0.14 30552
aoD2AG 32e2 2 144 - 0.02 0.15 31208
aoD2SG 32e2 2 144 - 0.02 0.16 31260
moore 32e2 2 144 - 0.29 69.44 330516
nbpm 32e2 2 144 - 0.88 20.07 854752
greedy 32e2 2 144 - 0.80 21.59 1150164
dry 5e7 2 247 - 0.55 1.60 1006740
aoDLAV 5e7 2 247 - 4.13 288.44 7440192
aoULAV 5e7 2 247 - 5.38 307.61 7440196
aoD2AG 5e7 2 247 - 9.35 437.51 10937396
aoD2SG 5e7 2 247 - 10.07 520.15 11336212
dry 6e7 2 86 - 0.72 1.97 1202044
aoDLAV 6e7 2 86 - 5.20 364.68 8924560
aoULAV 6e7 2 86 - 6.59 389.39 8924560
aoD2AG 6e7 2 86 - 11.52 566.45 13121540
aoD2SG 6e7 2 86 - 12.74 632.64 13599448
dry 1e4 10 28 - 0.02 0.12 27952
aoDLAV 1e4 10 28 - 0.02 0.68 32792
aoULAV 1e4 10 28 - 0.03 0.67 32776
aoD2AG 1e4 10 28 - 0.03 0.70 32744
aoD2SG 1e4 10 28 - 0.04 0.76 34176
moore 1e4 10 28 - 1.10 1155.27 2963852
nbpm 1e4 10 28 - 7.39 689.63 7764388
greedy 1e4 10 28 - 6.46 267.64 10961108
dry 3e7 2 185 - 0.32 1.10 616104
aoDLAV 3e7 2 185 - 2.56 172.27 4471428
aoULAV 3e7 2 185 - 2.73 177.22 4471428
aoD2AG 3e7 2 185 - 5.93 241.74 6570452
aoD2SG 3e7 2 185 - 6.46 293.77 6809056
dry 32e6 2 38 - 0.39 1.09 655180
aoDLAV 32e6 2 38 - 2.73 184.29 4768328
aoULAV 32e6 2 38 - 2.80 195.01 4768324
aoD2AG 32e6 2 38 - 6.35 276.36 7007220
aoD2SG 32e6 2 38 - 6.83 321.72 7263200
dry 1e4 2 247 - 0.02 0.12 26432
aoDLAV 1e4 2 247 - 0.03 0.18 31864
aoULAV 1e4 2 247 - 0.03 0.17 31876
aoD2AG 1e4 2 247 - 0.03 0.18 31876
aoD2SG 1e4 2 247 - 0.04 0.18 31988
moore 1e4 2 247 - 1.34 905.69 2960576
nbpm 1e4 2 247 - 7.88 443.36 7889416
greedy 1e4 2 247 - 6.71 274.48 10968568
dry 18e6 2 250 - 0.24 0.70 381740
aoDLAV 18e6 2 250 - 1.63 94.63 2690192
aoULAV 18e6 2 250 - 1.69 103.19 2690192
aoD2AG 18e6 2 250 - 3.26 146.72 3949800
aoD2SG 18e6 2 250 - 3.94 170.24 4093968
dry 25e2 2 249 - 0.03 0.12 26080
aoDLAV 25e2 2 249 - 0.03 0.16 30452
aoULAV 25e2 2 249 - 0.03 0.15 30468
aoD2AG 25e2 2 249 - 0.03 0.15 30992
aoD2SG 25e2 2 249 - 0.03 0.15 31036
moore 25e2 2 249 - 0.11 42.13 213604
nbpm 25e2 2 249 - 0.61 12.34 541668
greedy 25e2 2 249 - 0.50 9.86 713664
dry 5e7 2 21 - 0.61 1.62 1006736
aoDLAV 5e7 2 21 - 4.35 299.82 7440196
aoULAV 5e7 2 21 - 5.47 316.98 7440196
aoD2AG 5e7 2 21 - 9.89 566.29 10937520
aoD2SG 5e7 2 21 - 10.54 522.16 11335116
dry 2e7 2 77 - 0.26 0.77 420856
aoDLAV 2e7 2 77 - 1.79 110.30 2987068
aoULAV 2e7 2 77 - 2.23 111.21 2987068
aoD2AG 2e7 2 77 - 3.33 160.99 4387748
aoD2SG 2e7 2 77 - 4.02 183.16 4547648
dry 25e2 2 28 - 0.02 0.12 26080
aoDLAV 25e2 2 28 - 0.03 0.14 30452
aoULAV 25e2 2 28 - 0.02 0.15 30464
aoD2AG 25e2 2 28 - 0.02 0.16 30992
aoD2SG 25e2 2 28 - 0.03 0.15 31032
moore 25e2 2 28 - 0.08 13.57 213632
nbpm 25e2 2 28 - 0.53 12.21 541648
greedy 25e2 2 28 - 0.45 9.93 713664
dry 18e6 2 141 - 0.23 0.69 381736
aoDLAV 18e6 2 141 - 1.53 95.27 2690192
aoULAV 18e6 2 141 - 1.50 116.80 2690192
aoD2AG 18e6 2 141 - 3.37 144.87 3952152
aoD2SG 18e6 2 141 - 4.01 174.92 4093260
dry 1e4 5 81 - 0.02 0.13 26900
aoDLAV 1e4 5 81 - 0.04 0.22 31084
aoULAV 1e4 5 81 - 0.04 0.21 31096
aoD2AG 1e4 5 81 - 0.03 0.23 32108
aoD2SG 1e4 5 81 - 0.03 0.23 32108
moore 1e4 5 81 - 1.18 960.20 2961736
nbpm 1e4 5 81 - 7.84 614.06 7811456
greedy 1e4 5 81 - 6.83 310.98 10959172
dry 18e2 2 228 - 0.02 0.12 26048
aoDLAV 18e2 2 228 - 0.03 0.15 30372
aoULAV 18e2 2 228 - 0.03 0.15 30384
aoD2AG 18e2 2 228 - 0.03 0.15 30796
aoD2SG 18e2 2 228 - 0.03 0.16 30836
moore 18e2 2 228 - 0.05 16.02 125420
nbpm 18e2 2 228 - 0.21 7.94 334536
greedy 18e2 2 228 - 0.33 4.04 384352
dry 7e7 2 230 - 0.80 2.20 1397356
aoDLAV 7e7 2 230 - 6.08 425.59 10408936
aoULAV 7e7 2 230 - 7.71 457.24 10408940
aoD2AG 7e7 2 230 - 13.94 650.32 15303992
aoD2SG 7e7 2 230 - 15.30 777.70 15862340
dry 6e7 2 140 - 0.76 1.94 1202044
aoDLAV 6e7 2 140 - 5.02 367.02 8924560
aoULAV 6e7 2 140 - 6.46 397.95 8924560
aoD2AG 6e7 2 140 - 11.89 543.05 13122292
aoD2SG 6e7 2 140 - 12.69 638.32 13600828
dry 3e7 2 165 - 0.37 1.03 616104
aoDLAV 3e7 2 165 - 2.70 197.37 4471428
aoULAV 3e7 2 165 - 3.22 177.03 4471428
aoD2AG 3e7 2 165 - 6.18 248.49 6573356
aoD2SG 3e7 2 165 - 6.34 294.78 6813492
dry 7e7 2 110 - 0.88 2.16 1397356
aoDLAV 7e7 2 110 - 6.23 438.69 10408940
aoULAV 7e7 2 110 - 8.16 572.52 10408936
aoD2AG 7e7 2 110 - 14.04 646.23 15305872
aoD2SG 7e7 2 110 - 15.57 774.50 15867560
dry 18e6 2 67 - 0.23 0.71 381736
aoDLAV 18e6 2 67 - 1.72 96.28 2690192
aoULAV 18e6 2 67 - 1.59 102.61 2690192
aoD2AG 18e6 2 67 - 3.57 143.74 3951976
aoD2SG 18e6 2 67 - 3.60 164.12 4091412
dry 18e2 2 37 - 0.03 0.12 26048
aoDLAV 18e2 2 37 - 0.03 0.14 30376
aoULAV 18e2 2 37 - 0.02 0.16 30388
aoD2AG 18e2 2 37 - 0.02 0.16 30780
aoD2SG 18e2 2 37 - 0.03 0.16 30812
moore 18e2 2 37 - 0.08 17.88 125408
nbpm 18e2 2 37 - 0.20 7.73 334532
greedy 18e2 2 37 - 0.26 4.05 384348
dry 56e2 2 102 - 0.03 0.12 26236
aoDLAV 56e2 2 102 - 0.03 0.16 30976
aoULAV 56e2 2 102 - 0.02 0.16 30988
aoD2AG 56e2 2 102 - 0.03 0.17 31988
aoD2SG 56e2 2 102 - 0.03 0.17 31152
moore 56e2 2 102 - 0.41 171.68 949988
nbpm 56e2 2 102 - 2.46 74.03 2388088
greedy 56e2 2 102 - 2.18 81.59 3460488
dry 6e7 2 90 - 0.64 1.90 1202044
aoDLAV 6e7 2 90 - 5.13 357.09 8924564
aoULAV 6e7 2 90 - 6.87 382.89 8924564
aoD2AG 6e7 2 90 - 12.64 560.86 13122592
aoD2SG 6e7 2 90 - 12.78 793.33 13600060
dry 50e2 2 43 - 0.03 0.11 26204
aoDLAV 50e2 2 43 - 0.03 0.15 30852
aoULAV 50e2 2 43 - 0.02 0.15 30900
aoD2AG 50e2 2 43 - 0.02 0.16 31788
aoD2SG 50e2 2 43 - 0.03 0.17 31864
moore 50e2 2 43 - 0.84 223.22 764620
nbpm 50e2 2 43 - 1.99 55.35 2011920
greedy 50e2 2 43 - 1.75 62.24 2764784
dry 56e2 2 171 - 0.03 0.11 26236
aoDLAV 56e2 2 171 - 0.03 0.15 30976
aoULAV 56e2 2 171 - 0.03 0.15 30988
aoD2AG 56e2 2 171 - 0.04 0.17 31988
aoD2SG 56e2 2 171 - 0.03 0.17 31120
moore 56e2 2 171 - 0.55 195.31 952716
nbpm 56e2 2 171 - 2.34 78.56 2388084
greedy 56e2 2 171 - 2.31 79.43 3460488
dry 32e2 2 31 - 0.02 0.12 26112
aoDLAV 32e2 2 31 - 0.02 0.16 30540
aoULAV 32e2 2 31 - 0.03 0.15 30580
aoD2AG 32e2 2 31 - 0.02 0.16 31208
aoD2SG 32e2 2 31 - 0.04 0.15 31272
moore 32e2 2 31 - 0.25 56.46 330512
nbpm 32e2 2 31 - 0.88 19.81 854752
greedy 32e2 2 31 - 0.76 23.97 1150164
dry 5e7 2 37 - 0.57 1.62 1006748
aoDLAV 5e7 2 37 - 3.95 290.12 7440192
aoULAV 5e7 2 37 - 5.40 307.99 7440196
aoD2AG 5e7 2 37 - 10.13 445.41 10936988
aoD2SG 5e7 2 37 - 10.84 514.82 11336824
dry 1e4 10 204 - 0.03 0.12 27688
aoDLAV 1e4 10 204 - 0.03 0.69 32764
aoULAV 1e4 10 204 - 0.03 0.69 32776
aoD2AG 1e4 10 204 - 0.03 0.71 32744
aoD2SG 1e4 10 204 - 0.04 0.78 34176
moore 1e4 10 204 - 1.25 985.85 2963856
nbpm 1e4 10 204 - 8.28 708.29 7764384
greedy 1e4 10 204 - 6.78 267.82 10961108
dry 6e7 2 5 - 0.73 1.92 1202048
aoDLAV 6e7 2 5 - 5.10 442.16 8924560
aoULAV 6e7 2 5 - 6.63 377.32 8924564
aoD2AG 6e7 2 5 - 12.19 683.42 13120352
aoD2SG 6e7 2 5 - 12.82 687.74 13599744
dry 3e7 2 222 - 0.41 1.05 616108
aoDLAV 3e7 2 222 - 2.66 166.60 4471428
aoULAV 3e7 2 222 - 3.49 176.29 4471428
aoD2AG 3e7 2 222 - 6.09 256.87 6570444
aoD2SG 3e7 2 222 - 6.02 371.06 6809628
dry 4e7 2 43 - 0.50 1.34 811460
aoDLAV 4e7 2 43 - 3.38 229.36 5955816
aoULAV 4e7 2 43 - 3.98 307.39 5955816
aoD2AG 4e7 2 43 - 7.92 384.98 8754312
aoD2SG 4e7 2 43 - 8.20 387.44 9070112
dry 5e7 2 119 - 0.62 1.61 1006740
aoDLAV 5e7 2 119 - 4.29 284.01 7440192
aoULAV 5e7 2 119 - 5.66 304.02 7440192
aoD2AG 5e7 2 119 - 10.41 429.47 10936924
aoD2SG 5e7 2 119 - 10.30 505.65 11337212
dry 32e6 2 82 - 0.38 1.07 655176
aoDLAV 32e6 2 82 - 2.89 180.76 4768328
aoULAV 32e6 2 82 - 3.56 192.52 4768384
aoD2AG 32e6 2 82 - 6.67 274.24 7008740
aoD2SG 32e6 2 82 - 6.96 307.13 7262928
dry 7e7 2 92 - 0.90 2.24 1397360
aoDLAV 7e7 2 92 - 6.18 554.05 10408936
aoULAV 7e7 2 92 - 7.38 438.15 10408936
aoD2AG 7e7 2 92 - 13.60 632.26 15305800
aoD2SG 7e7 2 92 - 14.92 754.80 15863852
dry 50e2 2 148 - 0.03 0.12 26204
aoDLAV 50e2 2 148 - 0.03 0.16 30848
aoULAV 50e2 2 148 - 0.03 0.16 30860
aoD2AG 50e2 2 148 - 0.03 0.17 31852
aoD2SG 50e2 2 148 - 0.03 0.19 31884
moore 50e2 2 148 - 0.59 182.40 764620
nbpm 50e2 2 148 - 2.05 56.62 2011916
greedy 50e2 2 148 - 1.71 62.47 2764780
dry 7e7 2 216 - 0.79 2.19 1397356
aoDLAV 7e7 2 216 - 5.85 409.95 10408936
aoULAV 7e7 2 216 - 7.87 447.40 10408940
aoD2AG 7e7 2 216 - 13.66 639.17 15304976
aoD2SG 7e7 2 216 - 14.54 730.99 15863312
