dry 275e2 2 52 - 0.02 0.10 27120
aoDLAV 275e2 2 52 - 0.03 0.18 31240
aoULAV 275e2 2 52 - 0.03 0.16 31568
aoD2AG 275e2 2 52 - 0.01 0.19 34696
aoD2SG 275e2 2 52 - 0.02 0.20 34812
dry 1e6 5 174 - 0.03 0.22 73152
aoDLAV 1e6 5 174 - 0.13 18.66 252696
aoULAV 1e6 5 174 - 0.17 17.15 252688
aoD2AG 1e6 5 174 - 0.20 17.53 323568
aoD2SG 1e6 5 174 - 0.22 22.38 332940
dry 5e4 5 56 - 0.03 0.12 30592
aoDLAV 5e4 5 56 - 0.03 0.65 34708
aoULAV 5e4 5 56 - 0.03 0.66 34704
aoD2AG 5e4 5 56 - 0.03 0.88 37728
aoD2SG 5e4 5 56 - 0.04 0.74 37940
dry 1e2 10 119 - 0.02 0.11 26008
aoDLAV 1e2 10 119 - 0.02 0.14 30260
aoULAV 1e2 10 119 - 0.02 0.14 30276
aoD2AG 1e2 10 119 - 0.02 0.15 30476
aoD2SG 1e2 10 119 - 0.02 0.14 30444
moore 1e2 10 119 - 0.04 0.21 30496
nbpm 1e2 10 119 - 0.09 2.19 53076
greedy 1e2 10 119 - 0.03 0.14 30972
dry 1e3 5 103 - 0.02 0.12 26056
aoDLAV 1e3 5 103 - 0.03 0.14 30424
aoULAV 1e3 5 103 - 0.03 0.14 30440
aoD2AG 1e3 5 103 - 0.03 0.15 30736
aoD2SG 1e3 5 103 - 0.03 0.14 30760
moore 1e3 5 103 - 0.05 8.29 59800
nbpm 1e3 5 103 - 0.11 4.86 129244
greedy 1e3 5 103 - 0.10 1.03 139388
dry 275e2 2 33 - 0.02 0.12 27120
aoDLAV 275e2 2 33 - 0.02 0.22 31240
aoULAV 275e2 2 33 - 0.03 0.22 31576
aoD2AG 275e2 2 33 - 0.03 0.25 34692
aoD2SG 275e2 2 33 - 0.03 0.25 34808
dry 250e2 2 57 - 0.01 0.13 27020
aoDLAV 250e2 2 57 - 0.03 0.21 31108
aoULAV 250e2 2 57 - 0.03 0.20 31212
aoD2AG 250e2 2 57 - 0.03 0.24 33876
aoD2SG 250e2 2 57 - 0.03 0.24 33964
dry 1e6 2 161 - 0.04 0.21 49708
aoDLAV 1e6 2 161 - 0.11 3.68 178456
aoULAV 1e6 2 161 - 0.11 4.06 178456
aoD2AG 1e6 2 161 - 0.17 5.67 233680
aoD2SG 1e6 2 161 - 0.18 5.82 242852
dry 32e3 2 81 - 0.02 0.12 27300
aoDLAV 32e3 2 81 - 0.02 0.22 31436
aoULAV 32e3 2 81 - 0.03 0.21 32148
aoD2AG 32e3 2 81 - 0.03 0.24 35020
aoD2SG 32e3 2 81 - 0.04 0.24 34788
dry 350e2 2 213 - 0.02 0.12 27416
aoDLAV 350e2 2 213 - 0.03 0.24 31480
aoULAV 350e2 2 213 - 0.02 0.22 32264
aoD2AG 350e2 2 213 - 0.03 0.25 34848
aoD2SG 350e2 2 213 - 0.03 0.27 35136
dry 32e4 2 142 - 0.03 0.16 36428
aoDLAV 32e4 2 142 - 0.06 1.14 70828
aoULAV 32e4 2 142 - 0.06 1.20 70840
aoD2AG 32e4 2 142 - 0.08 1.63 89272
aoD2SG 32e4 2 142 - 0.06 1.78 90792
dry 56e3 2 11 - 0.02 0.12 28236
aoDLAV 56e3 2 11 - 0.03 0.27 33476
aoULAV 56e3 2 11 - 0.03 0.27 34696
aoD2AG 56e3 2 11 - 0.03 0.34 37284
aoD2SG 56e3 2 11 - 0.03 0.37 37296
dry 375e2 2 149 - 0.02 0.12 29324
aoDLAV 375e2 2 149 - 0.03 0.22 31784
aoULAV 375e2 2 149 - 0.03 0.22 32604
aoD2AG 375e2 2 149 - 0.03 0.25 35516
aoD2SG 375e2 2 149 - 0.03 0.26 35528
dry 5e4 5 206 - 0.02 0.13 31016
aoDLAV 5e4 5 206 - 0.03 0.62 34708
aoULAV 5e4 5 206 - 0.03 0.63 34704
aoD2AG 5e4 5 206 - 0.03 0.70 37728
aoD2SG 5e4 5 206 - 0.04 0.76 37936
dry 250e2 2 233 - 0.03 0.11 27020
aoDLAV 250e2 2 233 - 0.03 0.20 31108
aoULAV 250e2 2 233 - 0.03 0.20 31216
aoD2AG 250e2 2 233 - 0.03 0.22 33860
aoD2SG 250e2 2 233 - 0.03 0.22 33960
dry 1e3 2 90 - 0.02 0.12 26020
aoDLAV 1e3 2 90 - 0.03 0.14 30284
aoULAV 1e3 2 90 - 0.03 0.14 30292
aoD2AG 1e3 2 90 - 0.02 0.15 30540
aoD2SG 1e3 2 90 - 0.02 0.15 30560
moore 1e3 2 90 - 0.05 3.92 59768
nbpm 1e3 2 90 - 0.12 4.55 138552
greedy 1e3 2 90 - 0.07 1.00 139244
dry 400e2 2 226 - 0.02 0.12 27616
aoDLAV 400e2 2 226 - 0.03 0.23 32240
aoULAV 400e2 2 226 - 0.03 0.23 33112
aoD2AG 400e2 2 226 - 0.04 0.26 36072
aoD2SG 400e2 2 226 - 0.03 0.28 35932
dry 32e1 2 78 - 0.02 0.12 27952
aoDLAV 32e1 2 78 - 0.02 0.14 30200
aoULAV 32e1 2 78 - 0.02 0.15 30208
aoD2AG 32e1 2 78 - 0.02 0.15 30376
aoD2SG 32e1 2 78 - 0.03 0.14 30388
moore 32e1 2 78 - 0.02 0.34 33688
nbpm 32e1 2 78 - 0.11 2.27 58308
greedy 32e1 2 78 - 0.03 0.21 40976
dry 18e1 2 144 - 0.02 0.12 26008
aoDLAV 18e1 2 144 - 0.02 0.15 30188
aoULAV 18e1 2 144 - 0.02 0.15 30196
aoD2AG 18e1 2 144 - 0.03 0.15 30352
aoD2SG 18e1 2 144 - 0.02 0.15 30364
moore 18e1 2 144 - 0.03 0.31 30500
nbpm 18e1 2 144 - 0.07 2.19 54440
greedy 18e1 2 144 - 0.03 0.15 33348
dry 18e4 2 25 - 0.03 0.14 33392
aoDLAV 18e4 2 25 - 0.05 0.75 47860
aoULAV 18e4 2 25 - 0.04 0.74 47860
aoD2AG 18e4 2 25 - 0.05 0.97 58640
aoD2SG 18e4 2 25 - 0.04 1.07 60580
dry 375e2 2 237 - 0.02 0.12 30880
aoDLAV 375e2 2 237 - 0.03 0.23 31788
aoULAV 375e2 2 237 - 0.02 0.23 32624
aoD2AG 375e2 2 237 - 0.03 0.26 35516
aoD2SG 375e2 2 237 - 0.04 0.27 35532
dry 1e5 5 217 - 0.02 0.14 34480
aoDLAV 1e5 5 217 - 0.04 1.55 41816
aoULAV 1e5 5 217 - 0.04 1.52 43568
aoD2AG 1e5 5 217 - 0.05 1.65 53820
aoD2SG 1e5 5 217 - 0.05 1.91 53200
dry 32e3 2 13 - 0.02 0.12 27296
aoDLAV 32e3 2 13 - 0.03 0.21 31436
aoULAV 32e3 2 13 - 0.03 0.22 32152
aoD2AG 32e3 2 13 - 0.03 0.25 35020
aoD2SG 32e3 2 13 - 0.03 0.26 34784
dry 5e4 5 43 - 0.02 0.13 30500
aoDLAV 5e4 5 43 - 0.04 0.74 34704
aoULAV 5e4 5 43 - 0.03 0.71 34704
aoD2AG 5e4 5 43 - 0.04 0.77 37732
aoD2SG 5e4 5 43 - 0.03 0.87 37940
dry 56e1 2 179 - 0.02 0.12 26012
aoDLAV 56e1 2 179 - 0.02 0.15 30220
aoULAV 56e1 2 179 - 0.03 0.14 30272
aoD2AG 56e1 2 179 - 0.03 0.14 30416
aoD2SG 56e1 2 179 - 0.04 0.14 30428
moore 56e1 2 179 - 0.03 0.89 39692
nbpm 56e1 2 179 - 0.12 3.23 78712
greedy 56e1 2 179 - 0.04 0.39 64104
dry 56e1 2 74 - 0.02 0.11 26008
aoDLAV 56e1 2 74 - 0.03 0.14 30224
aoULAV 56e1 2 74 - 0.02 0.15 30232
aoD2AG 56e1 2 74 - 0.03 0.14 30416
aoD2SG 56e1 2 74 - 0.03 0.15 30428
moore 56e1 2 74 - 0.04 2.69 39660
nbpm 56e1 2 74 - 0.10 2.82 78712
greedy 56e1 2 74 - 0.05 0.39 64108
dry 1e3 10 110 - 0.02 0.12 26136
aoDLAV 1e3 10 110 - 0.02 0.16 30652
aoULAV 1e3 10 110 - 0.02 0.16 30664
aoD2AG 1e3 10 110 - 0.03 0.16 31068
aoD2SG 1e3 10 110 - 0.03 0.16 31100
moore 1e3 10 110 - 0.04 3.03 59868
nbpm 1e3 10 110 - 0.13 4.87 136140
greedy 1e3 10 110 - 0.09 1.02 139620
dry 375e2 2 208 - 0.02 0.11 27520
aoDLAV 375e2 2 208 - 0.03 0.23 31788
aoULAV 375e2 2 208 - 0.03 0.24 32604
aoD2AG 375e2 2 208 - 0.03 0.29 35516
aoD2SG 375e2 2 208 - 0.03 0.30 35528
dry 56e1 2 37 - 0.03 0.11 26012
aoDLAV 56e1 2 37 - 0.03 0.14 30224
aoULAV 56e1 2 37 - 0.02 0.15 30236
aoD2AG 56e1 2 37 - 0.02 0.14 30416
aoD2SG 56e1 2 37 - 0.02 0.15 30424
moore 56e1 2 37 - 0.03 1.67 39656
nbpm 56e1 2 37 - 0.11 3.17 78704
greedy 56e1 2 37 - 0.04 0.41 64104
dry 32e1 2 3 - 0.02 0.12 27952
aoDLAV 32e1 2 3 - 0.03 0.14 30196
aoULAV 32e1 2 3 - 0.03 0.14 30212
aoD2AG 32e1 2 3 - 0.02 0.15 30376
aoD2SG 32e1 2 3 - 0.03 0.14 30384
moore 32e1 2 3 - 0.03 0.55 33684
nbpm 32e1 2 3 - 0.09 2.42 58308
greedy 32e1 2 3 - 0.03 0.21 40972
dry 1e6 10 203 - 0.07 0.41 112232
aoDLAV 1e6 10 203 - 0.19 380.71 369888
aoULAV 1e6 10 203 - 0.30 529.72 369888
aoD2AG 1e6 10 203 - 0.39 347.26 448460
aoD2SG 1e6 10 203 - 0.42 420.84 457348
dry 18e1 2 72 - 0.03 0.11 26004
aoDLAV 18e1 2 72 - 0.04 0.14 30188
aoULAV 18e1 2 72 - 0.02 0.15 30200
aoD2AG 18e1 2 72 - 0.04 0.13 30356
aoD2SG 18e1 2 72 - 0.03 0.14 30368
moore 18e1 2 72 - 0.04 0.30 30496
nbpm 18e1 2 72 - 0.09 2.15 54448
greedy 18e1 2 72 - 0.03 0.16 33352
dry 32e4 2 223 - 0.03 0.18 36428
aoDLAV 32e4 2 223 - 0.07 1.20 70828
aoULAV 32e4 2 223 - 0.05 1.27 70844
aoD2AG 32e4 2 223 - 0.07 1.68 88556
aoD2SG 32e4 2 223 - 0.06 1.87 91384
dry 5e4 5 134 - 0.03 0.14 31456
aoDLAV 5e4 5 134 - 0.04 0.70 34704
aoULAV 5e4 5 134 - 0.04 0.72 34704
aoD2AG 5e4 5 134 - 0.03 0.77 37728
aoD2SG 5e4 5 134 - 0.04 0.89 37936
dry 1e2 10 73 - 0.03 0.11 26008
aoDLAV 1e2 10 73 - 0.03 0.15 30260
aoULAV 1e2 10 73 - 0.03 0.15 30276
aoD2AG 1e2 10 73 - 0.03 0.15 30440
aoD2SG 1e2 10 73 - 0.02 0.15 30452
moore 1e2 10 73 - 0.02 0.24 30532
nbpm 1e2 10 73 - 0.09 2.17 53076
greedy 1e2 10 73 - 0.02 0.15 30972
dry 1e1 2 147 - 0.02 0.12 25992
aoDLAV 1e1 2 147 - 0.02 0.14 30164
aoULAV 1e1 2 147 - 0.02 0.14 30216
aoD2AG 1e1 2 147 - 0.02 0.15 30320
aoD2SG 1e1 2 147 - 0.03 0.15 30324
moore 1e1 2 147 - 0.02 0.19 30484
nbpm 1e1 2 147 - 0.08 2.25 49824
greedy 1e1 2 147 - 0.02 0.15 30124
dry 18e4 2 194 - 0.03 0.13 33104
aoDLAV 18e4 2 194 - 0.05 0.88 47860
aoULAV 18e4 2 194 - 0.05 0.75 47860
aoD2AG 18e4 2 194 - 0.06 1.05 58640
aoD2SG 18e4 2 194 - 0.06 1.10 59784
dry 1e6 5 68 - 0.05 0.28 73156
aoDLAV 1e6 5 68 - 0.15 19.44 252700
aoULAV 1e6 5 68 - 0.15 18.27 252688
aoD2AG 1e6 5 68 - 0.35 21.83 323900
aoD2SG 1e6 5 68 - 0.25 25.09 333488
dry 32e4 2 134 - 0.04 0.16 36424
aoDLAV 32e4 2 134 - 0.07 1.27 70832
aoULAV 32e4 2 134 - 0.05 1.27 70840
aoD2AG 32e4 2 134 - 0.07 1.77 88444
aoD2SG 32e4 2 134 - 0.08 1.90 91032
dry 56e1 2 68 - 0.02 0.12 26012
aoDLAV 56e1 2 68 - 0.03 0.15 30220
aoULAV 56e1 2 68 - 0.03 0.13 30236
aoD2AG 56e1 2 68 - 0.02 0.15 30416
aoD2SG 56e1 2 68 - 0.03 0.14 30428
moore 56e1 2 68 - 0.04 1.13 39688
nbpm 56e1 2 68 - 0.11 2.97 78712
greedy 56e1 2 68 - 0.04 0.40 64108
dry 1e5 10 132 - 0.03 0.18 38396
aoDLAV 1e5 10 132 - 0.11 23.46 53540
aoULAV 1e5 10 132 - 0.29 22.86 55312
aoD2AG 1e5 10 132 - 0.05 25.68 62600
aoD2SG 1e5 10 132 - 0.04 25.56 66832
dry 32e1 2 58 - 0.02 0.11 26004
aoDLAV 32e1 2 58 - 0.03 0.14 30200
aoULAV 32e1 2 58 - 0.03 0.13 30212
aoD2AG 32e1 2 58 - 0.02 0.15 30376
aoD2SG 32e1 2 58 - 0.02 0.14 30384
moore 32e1 2 58 - 0.03 0.89 33684
nbpm 32e1 2 58 - 0.07 2.37 58308
greedy 32e1 2 58 - 0.04 0.20 40972
dry 1e6 2 214 - 0.03 0.20 49708
aoDLAV 1e6 2 214 - 0.10 3.75 178460
aoULAV 1e6 2 214 - 0.13 3.93 178456
aoD2AG 1e6 2 214 - 0.18 5.61 232728
aoD2SG 1e6 2 214 - 0.20 6.61 242692
dry 1e1 2 27 - 0.02 0.12 25992
aoDLAV 1e1 2 27 - 0.03 0.14 30160
aoULAV 1e1 2 27 - 0.03 0.14 30172
aoD2AG 1e1 2 27 - 0.03 0.14 30316
aoD2SG 1e1 2 27 - 0.02 0.15 30328
moore 1e1 2 27 - 0.04 0.17 30484
nbpm 1e1 2 27 - 0.07 2.15 49824
greedy 1e1 2 27 - 0.03 0.14 30124
dry 1e3 5 33 - 0.03 0.11 26056
aoDLAV 1e3 5 33 - 0.02 0.15 30428
aoULAV 1e3 5 33 - 0.02 0.15 30436
aoD2AG 1e3 5 33 - 0.03 0.15 30748
aoD2SG 1e3 5 33 - 0.02 0.15 30768
moore 1e3 5 33 - 0.05 6.95 59804
nbpm 1e3 5 33 - 0.11 4.49 129352
greedy 1e3 5 33 - 0.09 1.02 139392
dry 5e4 5 22 - 0.02 0.14 30100
aoDLAV 5e4 5 22 - 0.04 0.71 34708
aoULAV 5e4 5 22 - 0.02 0.69 34704
aoD2AG 5e4 5 22 - 0.03 0.77 37728
aoD2SG 5e4 5 22 - 0.03 0.82 37940
dry 300e2 2 193 - 0.03 0.11 27216
aoDLAV 300e2 2 193 - 0.03 0.21 31300
aoULAV 300e2 2 193 - 0.02 0.22 31892
aoD2AG 300e2 2 193 - 0.02 0.24 35056
aoD2SG 300e2 2 193 - 0.03 0.25 34712
dry 1e5 10 48 - 0.04 0.18 38396
aoDLAV 1e5 10 48 - 0.05 23.09 53536
aoULAV 1e5 10 48 - 0.05 22.98 55312
aoD2AG 1e5 10 48 - 0.06 33.51 62908
aoD2SG 1e5 10 48 - 0.06 21.92 66832
dry 18e1 2 10 - 0.03 0.11 26008
aoDLAV 18e1 2 10 - 0.03 0.14 30188
aoULAV 18e1 2 10 - 0.03 0.14 30200
aoD2AG 18e1 2 10 - 0.04 0.14 30356
aoD2SG 18e1 2 10 - 0.03 0.15 30368
moore 18e1 2 10 - 0.03 0.48 30500
nbpm 18e1 2 10 - 0.09 2.39 54444
greedy 18e1 2 10 - 0.03 0.16 33348
dry 400e2 2 172 - 0.03 0.11 27616
aoDLAV 400e2 2 172 - 0.03 0.24 32236
aoULAV 400e2 2 172 - 0.03 0.24 33112
aoD2AG 400e2 2 172 - 0.03 0.28 36072
aoD2SG 400e2 2 172 - 0.03 0.30 35928
dry 350e2 2 121 - 0.02 0.12 27416
aoDLAV 350e2 2 121 - 0.03 0.23 31480
aoULAV 350e2 2 121 - 0.04 0.22 32256
aoD2AG 350e2 2 121 - 0.03 0.27 34856
aoD2SG 350e2 2 121 - 0.04 0.28 35132
dry 375e2 2 102 - 0.02 0.12 27516
aoDLAV 375e2 2 102 - 0.03 0.23 31784
aoULAV 375e2 2 102 - 0.03 0.27 32604
aoD2AG 375e2 2 102 - 0.03 0.30 35520
aoD2SG 375e2 2 102 - 0.04 0.30 35524
dry 56e1 2 101 - 0.02 0.11 26008
aoDLAV 56e1 2 101 - 0.04 0.13 30220
aoULAV 56e1 2 101 - 0.03 0.14 30232
aoD2AG 56e1 2 101 - 0.03 0.14 30416
aoD2SG 56e1 2 101 - 0.03 0.14 30428
moore 56e1 2 101 - 0.04 1.26 39660
nbpm 56e1 2 101 - 0.11 3.01 78708
greedy 56e1 2 101 - 0.03 0.42 64104
dry 1e5 10 20 - 0.04 0.19 38396
aoDLAV 1e5 10 20 - 0.05 24.21 53536
aoULAV 1e5 10 20 - 0.04 22.90 55312
aoD2AG 1e5 10 20 - 0.06 23.57 62856
aoD2SG 1e5 10 20 - 0.05 26.37 66884
dry 56e1 2 225 - 0.03 0.11 26008
aoDLAV 56e1 2 225 - 0.03 0.14 30220
aoULAV 56e1 2 225 - 0.02 0.15 30232
aoD2AG 56e1 2 225 - 0.03 0.15 30416
aoD2SG 56e1 2 225 - 0.02 0.16 30424
moore 56e1 2 225 - 0.03 1.91 39652
nbpm 56e1 2 225 - 0.09 3.05 78704
greedy 56e1 2 225 - 0.05 0.37 64104
dry 1e6 5 53 - 0.05 0.26 73152
aoDLAV 1e6 5 53 - 0.13 17.54 252688
aoULAV 1e6 5 53 - 0.14 18.08 252688
aoD2AG 1e6 5 53 - 0.21 19.99 325000
aoD2SG 1e6 5 53 - 0.21 23.49 332520
dry 18e4 2 147 - 0.02 0.14 33108
aoDLAV 18e4 2 147 - 0.05 0.71 47860
aoULAV 18e4 2 147 - 0.04 0.76 47860
aoD2AG 18e4 2 147 - 0.05 0.96 59092
aoD2SG 18e4 2 147 - 0.05 1.03 59864
dry 250e2 2 186 - 0.02 0.12 27024
aoDLAV 250e2 2 186 - 0.02 0.20 31108
aoULAV 250e2 2 186 - 0.02 0.21 31212
aoD2AG 250e2 2 186 - 0.02 0.23 33860
aoD2SG 250e2 2 186 - 0.03 0.22 33964
dry 56e4 2 76 - 0.04 0.18 41104
aoDLAV 56e4 2 76 - 0.07 1.95 107984
aoULAV 56e4 2 76 - 0.08 2.01 107984
aoD2AG 56e4 2 76 - 0.13 2.82 139384
aoD2SG 56e4 2 76 - 0.11 3.22 143372
dry 32e1 2 92 - 0.02 0.12 26000
aoDLAV 32e1 2 92 - 0.02 0.14 30196
aoULAV 32e1 2 92 - 0.03 0.14 30208
aoD2AG 32e1 2 92 - 0.03 0.14 30380
aoD2SG 32e1 2 92 - 0.02 0.14 30384
moore 32e1 2 92 - 0.03 0.41 33688
nbpm 32e1 2 92 - 0.08 2.48 58308
greedy 32e1 2 92 - 0.03 0.21 40972
dry 375e2 2 199 - 0.02 0.12 27516
aoDLAV 375e2 2 199 - 0.03 0.24 31784
aoULAV 375e2 2 199 - 0.03 0.24 32600
aoD2AG 375e2 2 199 - 0.03 0.28 35516
aoD2SG 375e2 2 199 - 0.04 0.29 35524
dry 5e4 10 200 - 0.03 0.13 33888
aoDLAV 5e4 10 200 - 0.04 6.89 40200
aoULAV 5e4 10 200 - 0.04 7.02 40200
aoD2AG 5e4 10 200 - 0.05 7.06 44984
aoD2SG 5e4 10 200 - 0.04 7.66 45000
dry 1e5 2 198 - 0.02 0.14 31572
aoDLAV 1e5 2 198 - 0.04 0.41 34804
aoULAV 1e5 2 198 - 0.03 0.43 35320
aoD2AG 1e5 2 198 - 0.04 0.54 42788
aoD2SG 1e5 2 198 - 0.03 0.62 43804
dry 1e6 10 224 - 0.07 0.39 112232
aoDLAV 1e6 10 224 - 0.19 359.28 369892
aoULAV 1e6 10 224 - 0.29 362.86 369884
aoD2AG 1e6 10 224 - 0.38 357.77 448004
aoD2SG 1e6 10 224 - 0.40 421.67 457020
dry 32e4 2 234 - 0.04 0.15 36428
aoDLAV 32e4 2 234 - 0.05 1.24 70828
aoULAV 32e4 2 234 - 0.07 1.26 70840
aoD2AG 32e4 2 234 - 0.07 1.74 89188
aoD2SG 32e4 2 234 - 0.08 1.88 91324
dry 325e2 2 144 - 0.03 0.11 30776
aoDLAV 325e2 2 144 - 0.03 0.22 31372
aoULAV 325e2 2 144 - 0.03 0.23 32084
aoD2AG 325e2 2 144 - 0.02 0.26 35000
aoD2SG 325e2 2 144 - 0.02 0.27 34760
dry 18e1 2 136 - 0.03 0.12 26004
aoDLAV 18e1 2 136 - 0.03 0.15 30184
aoULAV 18e1 2 136 - 0.03 0.14 30200
aoD2AG 18e1 2 136 - 0.04 0.13 30356
aoD2SG 18e1 2 136 - 0.02 0.14 30364
moore 18e1 2 136 - 0.02 0.23 30500
nbpm 18e1 2 136 - 0.07 2.37 54444
greedy 18e1 2 136 - 0.03 0.16 33352
dry 1e6 2 92 - 0.04 0.20 49704
aoDLAV 1e6 2 92 - 0.10 3.76 178456
aoULAV 1e6 2 92 - 0.11 4.05 178460
aoD2AG 1e6 2 92 - 0.19 5.67 234692
aoD2SG 1e6 2 92 - 0.25 6.42 241996
dry 56e4 2 96 - 0.04 0.18 41104
aoDLAV 56e4 2 96 - 0.09 2.12 107988
aoULAV 56e4 2 96 - 0.07 2.27 107984
aoD2AG 56e4 2 96 - 0.12 3.21 138640
aoD2SG 56e4 2 96 - 0.12 3.61 144844
dry 1e5 10 162 - 0.04 0.18 38396
aoDLAV 1e5 10 162 - 0.16 22.39 53536
aoULAV 1e5 10 162 - 0.05 22.56 55312
aoD2AG 1e5 10 162 - 0.06 22.97 62600
aoD2SG 1e5 10 162 - 0.16 26.26 66832
dry 225e2 2 23 - 0.02 0.13 27952
aoDLAV 225e2 2 23 - 0.03 0.21 30980
aoULAV 225e2 2 23 - 0.03 0.20 30992
aoD2AG 225e2 2 23 - 0.04 0.22 33368
aoD2SG 225e2 2 23 - 0.03 0.22 33464
dry 1e2 10 38 - 0.03 0.11 26004
aoDLAV 1e2 10 38 - 0.02 0.16 30260
aoULAV 1e2 10 38 - 0.03 0.15 30272
aoD2AG 1e2 10 38 - 0.03 0.14 30440
aoD2SG 1e2 10 38 - 0.03 0.15 30448
moore 1e2 10 38 - 0.04 0.21 30500
nbpm 1e2 10 38 - 0.08 2.13 53080
greedy 1e2 10 38 - 0.03 0.15 30972
dry 5e4 5 236 - 0.03 0.14 30556
aoDLAV 5e4 5 236 - 0.03 0.71 34708
aoULAV 5e4 5 236 - 0.03 0.65 34708
aoD2AG 5e4 5 236 - 0.04 0.69 37728
aoD2SG 5e4 5 236 - 0.04 0.77 37936
dry 5e4 5 193 - 0.03 0.14 31524
aoDLAV 5e4 5 193 - 0.03 0.94 34704
aoULAV 5e4 5 193 - 0.03 0.75 34704
aoD2AG 5e4 5 193 - 0.05 0.94 37776
aoD2SG 5e4 5 193 - 0.04 0.88 37936
dry 5e4 10 145 - 0.03 0.13 33888
aoDLAV 5e4 10 145 - 0.03 8.09 40200
aoULAV 5e4 10 145 - 0.04 7.14 40204
aoD2AG 5e4 10 145 - 0.04 7.66 44984
aoD2SG 5e4 10 145 - 0.05 8.84 44996
dry 1e6 5 47 - 0.05 0.30 73152
aoDLAV 1e6 5 47 - 0.16 19.92 252688
aoULAV 1e6 5 47 - 0.14 18.79 252692
aoD2AG 1e6 5 47 - 0.21 21.73 324216
aoD2SG 1e6 5 47 - 0.23 25.41 333152
dry 1e1 2 75 - 0.02 0.12 25992
aoDLAV 1e1 2 75 - 0.03 0.14 30160
aoULAV 1e1 2 75 - 0.03 0.14 30176
aoD2AG 1e1 2 75 - 0.03 0.14 30356
aoD2SG 1e1 2 75 - 0.03 0.14 30316
moore 1e1 2 75 - 0.03 0.18 30476
nbpm 1e1 2 75 - 0.06 2.19 49816
greedy 1e1 2 75 - 0.03 0.14 30128
dry 1e1 2 33 - 0.03 0.11 25996
aoDLAV 1e1 2 33 - 0.03 0.14 30160
aoULAV 1e1 2 33 - 0.03 0.14 30172
aoD2AG 1e1 2 33 - 0.02 0.14 30324
aoD2SG 1e1 2 33 - 0.03 0.14 30320
moore 1e1 2 33 - 0.03 0.18 30476
nbpm 1e1 2 33 - 0.08 2.14 49812
greedy 1e1 2 33 - 0.03 0.14 30124
dry 325e2 2 110 - 0.02 0.13 27316
aoDLAV 325e2 2 110 - 0.02 0.22 31372
aoULAV 325e2 2 110 - 0.04 0.22 32084
aoD2AG 325e2 2 110 - 0.03 0.25 35000
aoD2SG 325e2 2 110 - 0.04 0.26 34760
dry 1e3 5 176 - 0.02 0.12 26056
aoDLAV 1e3 5 176 - 0.03 0.15 30424
aoULAV 1e3 5 176 - 0.02 0.15 30440
aoD2AG 1e3 5 176 - 0.03 0.15 30744
aoD2SG 1e3 5 176 - 0.03 0.15 30764
moore 1e3 5 176 - 0.04 5.97 59800
nbpm 1e3 5 176 - 0.12 4.61 129248
greedy 1e3 5 176 - 0.11 1.03 139388
dry 300e2 2 62 - 0.03 0.12 30728
aoDLAV 300e2 2 62 - 0.03 0.22 31296
aoULAV 300e2 2 62 - 0.02 0.22 31892
aoD2AG 300e2 2 62 - 0.04 0.24 35060
aoD2SG 300e2 2 62 - 0.03 0.26 34716
dry 32e3 2 96 - 0.03 0.11 27296
aoDLAV 32e3 2 96 - 0.03 0.22 31436
aoULAV 32e3 2 96 - 0.03 0.22 32148
aoD2AG 32e3 2 96 - 0.03 0.25 35024
aoD2SG 32e3 2 96 - 0.03 0.27 34792
dry 1e3 5 104 - 0.02 0.12 26056
aoDLAV 1e3 5 104 - 0.02 0.16 30424
aoULAV 1e3 5 104 - 0.03 0.14 30436
aoD2AG 1e3 5 104 - 0.03 0.15 30740
aoD2SG 1e3 5 104 - 0.03 0.15 30760
moore 1e3 5 104 - 0.05 8.20 59800
nbpm 1e3 5 104 - 0.13 4.47 129244
greedy 1e3 5 104 - 0.09 1.00 139388
dry 56e4 2 163 - 0.04 0.18 41108
aoDLAV 56e4 2 163 - 0.09 2.04 107984
aoULAV 56e4 2 163 - 0.09 2.11 107984
aoD2AG 56e4 2 163 - 0.13 2.97 139508
aoD2SG 56e4 2 163 - 0.12 3.30 143400
dry 375e2 2 96 - 0.02 0.12 27516
aoDLAV 375e2 2 96 - 0.04 0.23 31784
aoULAV 375e2 2 96 - 0.03 0.24 32604
aoD2AG 375e2 2 96 - 0.04 0.27 35516
aoD2SG 375e2 2 96 - 0.03 0.30 35528
dry 5e4 2 133 - 0.02 0.12 29424
aoDLAV 5e4 2 133 - 0.03 0.28 33008
aoULAV 5e4 2 133 - 0.03 0.28 33312
aoD2AG 5e4 2 133 - 0.03 0.34 36412
aoD2SG 5e4 2 133 - 0.03 0.36 36444
dry 32e3 2 12 - 0.03 0.12 30764
aoDLAV 32e3 2 12 - 0.03 0.22 31436
aoULAV 32e3 2 12 - 0.03 0.22 32144
aoD2AG 32e3 2 12 - 0.03 0.25 35024
aoD2SG 32e3 2 12 - 0.04 0.26 34788
dry 275e2 2 109 - 0.02 0.12 29120
aoDLAV 275e2 2 109 - 0.03 0.21 31240
aoULAV 275e2 2 109 - 0.03 0.21 31572
aoD2AG 275e2 2 109 - 0.05 0.22 34700
aoD2SG 275e2 2 109 - 0.04 0.24 34812
dry 56e1 2 208 - 0.02 0.12 26008
aoDLAV 56e1 2 208 - 0.03 0.14 30224
aoULAV 56e1 2 208 - 0.03 0.15 30232
aoD2AG 56e1 2 208 - 0.02 0.15 30416
aoD2SG 56e1 2 208 - 0.03 0.14 30424
moore 56e1 2 208 - 0.03 0.95 39680
nbpm 56e1 2 208 - 0.08 3.01 78704
greedy 56e1 2 208 - 0.05 0.39 64108
dry 350e2 2 201 - 0.03 0.11 29132
aoDLAV 350e2 2 201 - 0.03 0.23 31480
aoULAV 350e2 2 201 - 0.03 0.23 32264
aoD2AG 350e2 2 201 - 0.03 0.26 34848
aoD2SG 350e2 2 201 - 0.03 0.27 35136
dry 1e6 10 77 - 0.08 0.39 112232
aoDLAV 1e6 10 77 - 0.20 350.57 369884
aoULAV 1e6 10 77 - 0.30 355.08 369888
aoD2AG 1e6 10 77 - 0.37 354.87 447272
aoD2SG 1e6 10 77 - 0.42 504.83 456536
dry 1e2 2 102 - 0.02 0.12 25992
aoDLAV 1e2 2 102 - 0.03 0.14 30168
aoULAV 1e2 2 102 - 0.02 0.15 30180
aoD2AG 1e2 2 102 - 0.02 0.14 30336
aoD2SG 1e2 2 102 - 0.02 0.15 30344
moore 1e2 2 102 - 0.03 0.20 30488
nbpm 1e2 2 102 - 0.08 2.17 53012
greedy 1e2 2 102 - 0.03 0.15 30884
dry 300e2 2 81 - 0.02 0.12 29124
aoDLAV 300e2 2 81 - 0.02 0.21 31296
aoULAV 300e2 2 81 - 0.04 0.22 31892
aoD2AG 300e2 2 81 - 0.04 0.24 35060
aoD2SG 300e2 2 81 - 0.03 0.25 34716
dry 5e4 10 2 - 0.03 0.14 33888
aoDLAV 5e4 10 2 - 0.04 7.81 40200
aoULAV 5e4 10 2 - 0.07 7.81 40204
aoD2AG 5e4 10 2 - 0.04 7.49 44980
aoD2SG 5e4 10 2 - 0.04 8.12 44996
dry 18e1 2 180 - 0.02 0.12 26004
aoDLAV 18e1 2 180 - 0.03 0.14 30184
aoULAV 18e1 2 180 - 0.04 0.13 30196
aoD2AG 18e1 2 180 - 0.03 0.14 30356
aoD2SG 18e1 2 180 - 0.03 0.14 30364
moore 18e1 2 180 - 0.03 0.23 30492
nbpm 18e1 2 180 - 0.09 2.14 54436
greedy 18e1 2 180 - 0.03 0.16 33348
dry 56e3 2 155 - 0.03 0.12 28240
aoDLAV 56e3 2 155 - 0.04 0.27 33476
aoULAV 56e3 2 155 - 0.03 0.28 34696
aoD2AG 56e3 2 155 - 0.04 0.37 37288
aoD2SG 56e3 2 155 - 0.04 0.37 37300
dry 56e3 2 164 - 0.02 0.12 29964
aoDLAV 56e3 2 164 - 0.03 0.28 33476
aoULAV 56e3 2 164 - 0.03 0.29 34696
aoD2AG 56e3 2 164 - 0.03 0.36 37288
aoD2SG 56e3 2 164 - 0.03 0.38 37356
dry 1e2 5 1 - 0.03 0.11 26000
aoDLAV 1e2 5 1 - 0.02 0.15 30212
aoULAV 1e2 5 1 - 0.03 0.14 30228
aoD2AG 1e2 5 1 - 0.02 0.15 30376
aoD2SG 1e2 5 1 - 0.03 0.14 30392
moore 1e2 5 1 - 0.03 0.24 30492
nbpm 1e2 5 1 - 0.07 2.17 53016
greedy 1e2 5 1 - 0.03 0.14 30920
dry 56e3 2 162 - 0.02 0.12 30012
aoDLAV 56e3 2 162 - 0.02 0.30 33480
aoULAV 56e3 2 162 - 0.03 0.29 34696
aoD2AG 56e3 2 162 - 0.03 0.35 37280
aoD2SG 56e3 2 162 - 0.03 0.38 37300
dry 18e4 2 94 - 0.02 0.14 33104
aoDLAV 18e4 2 94 - 0.04 0.76 47860
aoULAV 18e4 2 94 - 0.04 0.76 47864
aoD2AG 18e4 2 94 - 0.06 0.99 58644
aoD2SG 18e4 2 94 - 0.06 1.12 60128
dry 1e3 10 89 - 0.02 0.12 26136
aoDLAV 1e3 10 89 - 0.03 0.17 30652
aoULAV 1e3 10 89 - 0.02 0.17 30664
aoD2AG 1e3 10 89 - 0.03 0.16 31068
aoD2SG 1e3 10 89 - 0.03 0.16 31088
moore 1e3 10 89 - 0.04 3.42 59868
nbpm 1e3 10 89 - 0.13 4.75 136140
greedy 1e3 10 89 - 0.10 1.03 139616
dry 225e2 2 25 - 0.02 0.12 26924
aoDLAV 225e2 2 25 - 0.02 0.20 30980
aoULAV 225e2 2 25 - 0.03 0.20 30992
aoD2AG 225e2 2 25 - 0.03 0.21 33368
aoD2SG 225e2 2 25 - 0.02 0.22 33468
dry 56e3 2 29 - 0.02 0.12 29772
aoDLAV 56e3 2 29 - 0.03 0.28 33476
aoULAV 56e3 2 29 - 0.03 0.28 34696
aoD2AG 56e3 2 29 - 0.04 0.35 37284
aoD2SG 56e3 2 29 - 0.04 0.38 37304
dry 1e6 10 69 - 0.08 0.40 112236
aoDLAV 1e6 10 69 - 0.22 376.97 369908
aoULAV 1e6 10 69 - 0.30 378.64 369892
aoD2AG 1e6 10 69 - 0.41 364.37 448308
aoD2SG 1e6 10 69 - 0.39 408.82 458996
