dry 56e1 2 92 - 0.04 0.14 26012
aoDLAV 56e1 2 92 - 0.03 0.15 30220
aoULAV 56e1 2 92 - 0.03 0.16 30232
aoD2AG 56e1 2 92 - 0.03 0.23 30416
aoD2SG 56e1 2 92 - 0.04 0.18 30428
moore 56e1 2 92 - 0.03 1.33 39656
nbpm 56e1 2 92 - 0.16 2.94 78704
greedy 56e1 2 92 - 0.05 0.40 64120
dry 1e6 2 213 - 0.05 0.20 49704
aoDLAV 1e6 2 213 - 0.11 3.69 178460
aoULAV 1e6 2 213 - 0.13 3.28 178488
aoD2AG 1e6 2 213 - 0.19 4.55 233908
aoD2SG 1e6 2 213 - 0.17 4.56 241868
dry 56e4 2 21 - 0.03 0.15 41104
aoDLAV 56e4 2 21 - 0.07 1.58 107984
aoULAV 56e4 2 21 - 0.08 1.63 107984
aoD2AG 56e4 2 21 - 0.10 2.44 139668
aoD2SG 56e4 2 21 - 0.10 2.65 143996
dry 18e4 2 93 - 0.03 0.12 33104
aoDLAV 18e4 2 93 - 0.04 0.56 47864
aoULAV 18e4 2 93 - 0.04 0.64 47860
aoD2AG 18e4 2 93 - 0.06 0.85 59088
aoD2SG 18e4 2 93 - 0.04 0.89 59880
dry 1e6 5 105 - 0.04 0.25 73152
aoDLAV 1e6 5 105 - 0.14 18.93 252688
aoULAV 1e6 5 105 - 0.13 17.07 252688
aoD2AG 1e6 5 105 - 0.20 28.40 322852
aoD2SG 1e6 5 105 - 0.20 24.33 332924
dry 5e4 2 206 - 0.03 0.11 28000
aoDLAV 5e4 2 206 - 0.02 0.27 33008
aoULAV 5e4 2 206 - 0.03 0.27 33312
aoD2AG 5e4 2 206 - 0.03 0.33 36412
aoD2SG 5e4 2 206 - 0.03 0.35 36420
dry 1e2 2 223 - 0.03 0.11 25992
aoDLAV 1e2 2 223 - 0.03 0.14 30168
aoULAV 1e2 2 223 - 0.03 0.14 30180
aoD2AG 1e2 2 223 - 0.02 0.14 30340
aoD2SG 1e2 2 223 - 0.02 0.14 30344
moore 1e2 2 223 - 0.03 0.24 30488
nbpm 1e2 2 223 - 0.08 2.09 53008
greedy 1e2 2 223 - 0.03 0.14 30880
dry 1e2 10 207 - 0.02 0.12 26008
aoDLAV 1e2 10 207 - 0.03 0.14 30260
aoULAV 1e2 10 207 - 0.03 0.13 30272
aoD2AG 1e2 10 207 - 0.02 0.14 30440
aoD2SG 1e2 10 207 - 0.04 0.14 30448
moore 1e2 10 207 - 0.03 0.22 30496
nbpm 1e2 10 207 - 0.08 2.26 53072
greedy 1e2 10 207 - 0.03 0.15 30972
dry 1e5 10 84 - 0.04 0.17 38400
aoDLAV 1e5 10 84 - 0.04 19.07 53536
aoULAV 1e5 10 84 - 0.05 18.31 55312
aoD2AG 1e5 10 84 - 0.05 19.13 62768
aoD2SG 1e5 10 84 - 0.06 23.65 66832
dry 325e2 2 173 - 0.02 0.11 29060
aoDLAV 325e2 2 173 - 0.02 0.21 31376
aoULAV 325e2 2 173 - 0.04 0.21 32088
aoD2AG 325e2 2 173 - 0.03 0.25 35000
aoD2SG 325e2 2 173 - 0.03 0.26 34760
dry 32e4 2 5 - 0.03 0.17 36428
aoDLAV 32e4 2 5 - 0.06 1.20 70828
aoULAV 32e4 2 5 - 0.05 1.24 70840
aoD2AG 32e4 2 5 - 0.07 1.60 88212
aoD2SG 32e4 2 5 - 0.07 1.84 90860
dry 32e3 2 159 - 0.03 0.12 27300
aoDLAV 32e3 2 159 - 0.03 0.22 31436
aoULAV 32e3 2 159 - 0.03 0.24 32148
aoD2AG 32e3 2 159 - 0.04 0.25 35024
aoD2SG 32e3 2 159 - 0.03 0.28 34788
dry 250e2 2 118 - 0.02 0.11 29004
aoDLAV 250e2 2 118 - 0.03 0.20 31112
aoULAV 250e2 2 118 - 0.02 0.21 31216
aoD2AG 250e2 2 118 - 0.03 0.22 33864
aoD2SG 250e2 2 118 - 0.03 0.23 33960
dry 1e6 10 223 - 0.08 0.45 112232
aoDLAV 1e6 10 223 - 0.17 350.05 369992
aoULAV 1e6 10 223 - 0.29 354.59 369892
aoD2AG 1e6 10 223 - 0.38 364.43 446892
aoD2SG 1e6 10 223 - 0.40 415.15 455984
dry 250e2 2 97 - 0.02 0.12 27020
aoDLAV 250e2 2 97 - 0.03 0.20 31108
aoULAV 250e2 2 97 - 0.03 0.20 31216
aoD2AG 250e2 2 97 - 0.03 0.22 33860
aoD2SG 250e2 2 97 - 0.03 0.24 33960
dry 32e1 2 218 - 0.02 0.12 26000
aoDLAV 32e1 2 218 - 0.03 0.15 30196
aoULAV 32e1 2 218 - 0.03 0.15 30208
aoD2AG 32e1 2 218 - 0.03 0.14 30376
aoD2SG 32e1 2 218 - 0.03 0.15 30388
moore 32e1 2 218 - 0.04 0.86 33676
nbpm 32e1 2 218 - 0.11 2.41 58300
greedy 32e1 2 218 - 0.03 0.22 41008
dry 250e2 2 10 - 0.03 0.12 27020
aoDLAV 250e2 2 10 - 0.03 0.20 31108
aoULAV 250e2 2 10 - 0.04 0.20 31212
aoD2AG 250e2 2 10 - 0.03 0.22 33860
aoD2SG 250e2 2 10 - 0.04 0.23 33960
dry 5e4 2 27 - 0.03 0.12 28000
aoDLAV 5e4 2 27 - 0.03 0.28 33008
aoULAV 5e4 2 27 - 0.03 0.28 33312
aoD2AG 5e4 2 27 - 0.03 0.35 36408
aoD2SG 5e4 2 27 - 0.05 0.35 36424
dry 5e4 10 69 - 0.03 0.14 33888
aoDLAV 5e4 10 69 - 0.05 7.96 40200
aoULAV 5e4 10 69 - 0.05 7.89 40204
aoD2AG 5e4 10 69 - 0.08 8.48 44984
aoD2SG 5e4 10 69 - 0.05 9.61 45000
dry 18e1 2 170 - 0.02 0.12 26004
aoDLAV 18e1 2 170 - 0.02 0.14 30184
aoULAV 18e1 2 170 - 0.03 0.15 30196
aoD2AG 18e1 2 170 - 0.02 0.16 30356
aoD2SG 18e1 2 170 - 0.03 0.14 30368
moore 18e1 2 170 - 0.03 0.34 30492
nbpm 18e1 2 170 - 0.06 2.22 54436
greedy 18e1 2 170 - 0.02 0.17 33352
dry 32e3 2 124 - 0.02 0.12 27296
aoDLAV 32e3 2 124 - 0.04 0.22 31436
aoULAV 32e3 2 124 - 0.03 0.22 32152
aoD2AG 32e3 2 124 - 0.03 0.25 35020
aoD2SG 32e3 2 124 - 0.03 0.27 34788
dry 5e4 10 44 - 0.04 0.13 33888
aoDLAV 5e4 10 44 - 0.04 8.22 40200
aoULAV 5e4 10 44 - 0.05 8.20 40200
aoD2AG 5e4 10 44 - 0.05 8.36 44984
aoD2SG 5e4 10 44 - 0.04 9.21 44996
dry 1e2 5 222 - 0.02 0.13 25996
aoDLAV 1e2 5 222 - 0.02 0.15 30236
aoULAV 1e2 5 222 - 0.02 0.15 30228
aoD2AG 1e2 5 222 - 0.02 0.15 30384
aoD2SG 1e2 5 222 - 0.03 0.14 30392
moore 1e2 5 222 - 0.02 0.23 30492
nbpm 1e2 5 222 - 0.08 2.18 53016
greedy 1e2 5 222 - 0.03 0.15 30920
dry 18e4 2 198 - 0.04 0.13 33104
aoDLAV 18e4 2 198 - 0.05 0.77 47860
aoULAV 18e4 2 198 - 0.05 0.81 47860
aoD2AG 18e4 2 198 - 0.06 1.01 58644
aoD2SG 18e4 2 198 - 0.05 1.13 59944
dry 400e2 2 236 - 0.03 0.12 27620
aoDLAV 400e2 2 236 - 0.03 0.24 32236
aoULAV 400e2 2 236 - 0.03 0.25 33112
aoD2AG 400e2 2 236 - 0.04 0.28 36072
aoD2SG 400e2 2 236 - 0.03 0.30 35928
dry 1e2 2 26 - 0.02 0.12 25992
aoDLAV 1e2 2 26 - 0.03 0.15 30172
aoULAV 1e2 2 26 - 0.03 0.14 30232
aoD2AG 1e2 2 26 - 0.02 0.14 30336
aoD2SG 1e2 2 26 - 0.03 0.14 30340
moore 1e2 2 26 - 0.03 0.27 30480
nbpm 1e2 2 26 - 0.07 2.19 53000
greedy 1e2 2 26 - 0.03 0.15 30884
dry 56e3 2 196 - 0.02 0.12 29776
aoDLAV 56e3 2 196 - 0.03 0.29 33480
aoULAV 56e3 2 196 - 0.03 0.30 34696
aoD2AG 56e3 2 196 - 0.04 0.36 37280
aoD2SG 56e3 2 196 - 0.04 0.39 37296
dry 1e6 10 45 - 0.08 0.40 112232
aoDLAV 1e6 10 45 - 0.19 374.31 369896
aoULAV 1e6 10 45 - 0.27 502.92 369888
aoD2AG 1e6 10 45 - 0.38 367.20 448692
aoD2SG 1e6 10 45 - 0.40 435.75 459760
dry 1e3 10 226 - 0.02 0.11 26136
aoDLAV 1e3 10 226 - 0.02 0.17 30656
aoULAV 1e3 10 226 - 0.03 0.16 30664
aoD2AG 1e3 10 226 - 0.03 0.16 31080
aoD2SG 1e3 10 226 - 0.03 0.17 31100
moore 1e3 10 226 - 0.04 2.28 59872
nbpm 1e3 10 226 - 0.13 4.68 136140
greedy 1e3 10 226 - 0.07 1.02 139616
dry 1e6 5 210 - 0.05 0.27 73152
aoDLAV 1e6 5 210 - 0.15 18.34 252688
aoULAV 1e6 5 210 - 0.15 18.61 252688
aoD2AG 1e6 5 210 - 0.23 20.53 324012
aoD2SG 1e6 5 210 - 0.21 23.79 332944
dry 1e6 5 228 - 0.05 0.27 73152
aoDLAV 1e6 5 228 - 0.15 18.23 252688
aoULAV 1e6 5 228 - 0.15 18.45 252816
aoD2AG 1e6 5 228 - 0.21 22.22 322944
aoD2SG 1e6 5 228 - 0.32 25.99 332784
dry 32e1 2 144 - 0.03 0.11 26000
aoDLAV 32e1 2 144 - 0.03 0.14 30196
aoULAV 32e1 2 144 - 0.03 0.14 30208
aoD2AG 32e1 2 144 - 0.02 0.15 30384
aoD2SG 32e1 2 144 - 0.03 0.14 30384
moore 32e1 2 144 - 0.03 0.43 33676
nbpm 32e1 2 144 - 0.08 2.43 58304
greedy 32e1 2 144 - 0.03 0.22 40976
dry 1e2 5 85 - 0.02 0.12 25996
aoDLAV 1e2 5 85 - 0.03 0.14 30212
aoULAV 1e2 5 85 - 0.02 0.15 30224
aoD2AG 1e2 5 85 - 0.02 0.15 30388
aoD2SG 1e2 5 85 - 0.04 0.14 30432
moore 1e2 5 85 - 0.02 0.23 30492
nbpm 1e2 5 85 - 0.08 2.18 53016
greedy 1e2 5 85 - 0.03 0.14 30920
dry 1e5 2 207 - 0.04 0.12 30948
aoDLAV 1e5 2 207 - 0.04 0.45 34800
aoULAV 1e5 2 207 - 0.03 0.47 35324
aoD2AG 1e5 2 207 - 0.04 0.58 42608
aoD2SG 1e5 2 207 - 0.05 0.66 43800
dry 275e2 2 90 - 0.02 0.12 27120
aoDLAV 275e2 2 90 - 0.03 0.22 31240
aoULAV 275e2 2 90 - 0.03 0.22 31568
aoD2AG 275e2 2 90 - 0.03 0.23 34696
aoD2SG 275e2 2 90 - 0.03 0.25 34808
dry 400e2 2 26 - 0.03 0.12 29300
aoDLAV 400e2 2 26 - 0.03 0.24 32236
aoULAV 400e2 2 26 - 0.04 0.24 33116
aoD2AG 400e2 2 26 - 0.03 0.29 36072
aoD2SG 400e2 2 26 - 0.03 0.30 35932
dry 56e3 2 99 - 0.03 0.11 28236
aoDLAV 56e3 2 99 - 0.03 0.30 33476
aoULAV 56e3 2 99 - 0.03 0.30 34696
aoD2AG 56e3 2 99 - 0.04 0.36 37284
aoD2SG 56e3 2 99 - 0.04 0.39 37300
dry 32e4 2 224 - 0.04 0.16 36424
aoDLAV 32e4 2 224 - 0.06 1.25 70828
aoULAV 32e4 2 224 - 0.07 1.29 70840
aoD2AG 32e4 2 224 - 0.07 1.77 88648
aoD2SG 32e4 2 224 - 0.08 2.00 90880
dry 225e2 2 38 - 0.02 0.12 30576
aoDLAV 225e2 2 38 - 0.03 0.20 30980
aoULAV 225e2 2 38 - 0.02 0.21 30992
aoD2AG 225e2 2 38 - 0.03 0.22 33368
aoD2SG 225e2 2 38 - 0.04 0.22 33464
dry 32e1 2 153 - 0.02 0.12 26000
aoDLAV 32e1 2 153 - 0.03 0.14 30196
aoULAV 32e1 2 153 - 0.03 0.15 30208
aoD2AG 32e1 2 153 - 0.03 0.14 30376
aoD2SG 32e1 2 153 - 0.03 0.14 30384
moore 32e1 2 153 - 0.02 0.26 33676
nbpm 32e1 2 153 - 0.08 2.41 58304
greedy 32e1 2 153 - 0.03 0.21 40972
dry 1e2 10 200 - 0.01 0.13 26004
aoDLAV 1e2 10 200 - 0.03 0.15 30260
aoULAV 1e2 10 200 - 0.03 0.15 30272
aoD2AG 1e2 10 200 - 0.03 0.14 30440
aoD2SG 1e2 10 200 - 0.03 0.15 30448
moore 1e2 10 200 - 0.02 0.25 30496
nbpm 1e2 10 200 - 0.06 2.21 53072
greedy 1e2 10 200 - 0.03 0.15 30972
dry 1e5 2 116 - 0.03 0.13 30792
aoDLAV 1e5 2 116 - 0.03 0.45 34804
aoULAV 1e5 2 116 - 0.04 0.46 35328
aoD2AG 1e5 2 116 - 0.03 0.59 42644
aoD2SG 1e5 2 116 - 0.04 0.66 43800
dry 32e1 2 66 - 0.03 0.11 27956
aoDLAV 32e1 2 66 - 0.03 0.14 30200
aoULAV 32e1 2 66 - 0.03 0.14 30208
aoD2AG 32e1 2 66 - 0.02 0.15 30376
aoD2SG 32e1 2 66 - 0.03 0.14 30384
moore 32e1 2 66 - 0.03 0.62 33684
nbpm 32e1 2 66 - 0.08 2.37 58312
greedy 32e1 2 66 - 0.02 0.23 40976
dry 5e4 2 74 - 0.03 0.12 28000
aoDLAV 5e4 2 74 - 0.03 0.27 33012
aoULAV 5e4 2 74 - 0.03 0.28 33312
aoD2AG 5e4 2 74 - 0.03 0.36 36412
aoD2SG 5e4 2 74 - 0.03 0.38 36432
dry 1e6 5 18 - 0.06 0.28 73156
aoDLAV 1e6 5 18 - 0.15 20.03 252692
aoULAV 1e6 5 18 - 0.16 19.73 252688
aoD2AG 1e6 5 18 - 0.22 21.77 323264
aoD2SG 1e6 5 18 - 0.20 25.49 332856
dry 1e3 2 177 - 0.03 0.12 26020
aoDLAV 1e3 2 177 - 0.02 0.15 30280
aoULAV 1e3 2 177 - 0.02 0.15 30292
aoD2AG 1e3 2 177 - 0.03 0.15 30532
aoD2SG 1e3 2 177 - 0.03 0.15 30556
moore 1e3 2 177 - 0.05 5.26 59776
nbpm 1e3 2 177 - 0.11 4.18 138564
greedy 1e3 2 177 - 0.07 1.04 139244
dry 56e4 2 176 - 0.04 0.18 41104
aoDLAV 56e4 2 176 - 0.10 2.20 107984
aoULAV 56e4 2 176 - 0.07 2.25 107984
aoD2AG 56e4 2 176 - 0.11 3.16 141404
aoD2SG 56e4 2 176 - 0.11 3.49 143004
dry 5e4 10 56 - 0.03 0.14 33888
aoDLAV 5e4 10 56 - 0.04 7.88 40204
aoULAV 5e4 10 56 - 0.04 8.21 40204
aoD2AG 5e4 10 56 - 0.05 8.14 44984
aoD2SG 5e4 10 56 - 0.04 9.11 44996
dry 32e4 2 169 - 0.04 0.16 36424
aoDLAV 32e4 2 169 - 0.04 1.25 70828
aoULAV 32e4 2 169 - 0.04 1.30 70840
aoD2AG 32e4 2 169 - 0.07 1.77 88392
aoD2SG 32e4 2 169 - 0.08 1.97 91208
dry 300e2 2 87 - 0.03 0.11 29016
aoDLAV 300e2 2 87 - 0.03 0.21 31296
aoULAV 300e2 2 87 - 0.02 0.22 31892
aoD2AG 300e2 2 87 - 0.02 0.25 35060
aoD2SG 300e2 2 87 - 0.04 0.25 34716
dry 275e2 2 136 - 0.02 0.12 27120
aoDLAV 275e2 2 136 - 0.03 0.20 31244
aoULAV 275e2 2 136 - 0.02 0.21 31568
aoD2AG 275e2 2 136 - 0.03 0.24 34696
aoD2SG 275e2 2 136 - 0.03 0.25 34812
dry 400e2 2 152 - 0.02 0.12 27616
aoDLAV 400e2 2 152 - 0.03 0.25 32236
aoULAV 400e2 2 152 - 0.03 0.25 33112
aoD2AG 400e2 2 152 - 0.04 0.29 36072
aoD2SG 400e2 2 152 - 0.04 0.30 35928
dry 56e3 2 26 - 0.03 0.12 28240
aoDLAV 56e3 2 26 - 0.02 0.30 33476
aoULAV 56e3 2 26 - 0.04 0.30 34696
aoD2AG 56e3 2 26 - 0.03 0.37 37284
aoD2SG 56e3 2 26 - 0.04 0.38 37296
dry 225e2 2 241 - 0.02 0.12 26920
aoDLAV 225e2 2 241 - 0.03 0.20 30980
aoULAV 225e2 2 241 - 0.03 0.19 30992
aoD2AG 225e2 2 241 - 0.03 0.22 33364
aoD2SG 225e2 2 241 - 0.02 0.23 33460
dry 18e1 2 121 - 0.02 0.12 26008
aoDLAV 18e1 2 121 - 0.03 0.14 30188
aoULAV 18e1 2 121 - 0.03 0.14 30196
aoD2AG 18e1 2 121 - 0.02 0.15 30356
aoD2SG 18e1 2 121 - 0.03 0.15 30364
moore 18e1 2 121 - 0.03 0.28 30500
nbpm 18e1 2 121 - 0.09 2.22 54448
greedy 18e1 2 121 - 0.03 0.16 33348
dry 1e2 10 95 - 0.02 0.12 26004
aoDLAV 1e2 10 95 - 0.02 0.15 30260
aoULAV 1e2 10 95 - 0.02 0.15 30272
aoD2AG 1e2 10 95 - 0.03 0.14 30440
aoD2SG 1e2 10 95 - 0.02 0.15 30452
moore 1e2 10 95 - 0.04 0.20 30500
nbpm 1e2 10 95 - 0.08 2.17 53076
greedy 1e2 10 95 - 0.03 0.15 30972
dry 1e6 5 97 - 0.05 0.28 73152
aoDLAV 1e6 5 97 - 0.17 19.46 252688
aoULAV 1e6 5 97 - 0.14 19.52 252692
aoD2AG 1e6 5 97 - 0.21 21.68 323092
aoD2SG 1e6 5 97 - 0.21 25.25 332532
dry 56e1 2 173 - 0.03 0.11 26012
aoDLAV 56e1 2 173 - 0.03 0.15 30224
aoULAV 56e1 2 173 - 0.02 0.15 30236
aoD2AG 56e1 2 173 - 0.03 0.14 30444
aoD2SG 56e1 2 173 - 0.03 0.14 30428
moore 56e1 2 173 - 0.03 2.84 39656
nbpm 56e1 2 173 - 0.11 2.94 78704
greedy 56e1 2 173 - 0.04 0.41 64104
dry 5e4 2 81 - 0.03 0.12 29804
aoDLAV 5e4 2 81 - 0.03 0.26 33008
aoULAV 5e4 2 81 - 0.04 0.27 33312
aoD2AG 5e4 2 81 - 0.03 0.34 36408
aoD2SG 5e4 2 81 - 0.04 0.35 36424
dry 1e5 5 155 - 0.03 0.13 34476
aoDLAV 1e5 5 155 - 0.04 1.56 41816
aoULAV 1e5 5 155 - 0.06 1.56 43572
aoD2AG 1e5 5 155 - 0.08 1.69 53612
aoD2SG 1e5 5 155 - 0.07 1.92 53200
dry 300e2 2 131 - 0.02 0.12 27216
aoDLAV 300e2 2 131 - 0.03 0.21 31300
aoULAV 300e2 2 131 - 0.02 0.22 31892
aoD2AG 300e2 2 131 - 0.03 0.24 35060
aoD2SG 300e2 2 131 - 0.03 0.26 34716
dry 18e4 2 40 - 0.02 0.14 33104
aoDLAV 18e4 2 40 - 0.05 0.76 47880
aoULAV 18e4 2 40 - 0.05 0.77 47864
aoD2AG 18e4 2 40 - 0.06 0.99 58640
aoD2SG 18e4 2 40 - 0.04 1.09 59872
dry 350e2 2 45 - 0.02 0.13 29388
aoDLAV 350e2 2 45 - 0.03 0.23 31484
aoULAV 350e2 2 45 - 0.02 0.23 32260
aoD2AG 350e2 2 45 - 0.02 0.26 34852
aoD2SG 350e2 2 45 - 0.03 0.26 35132
dry 32e3 2 39 - 0.02 0.12 27296
aoDLAV 32e3 2 39 - 0.03 0.21 31436
aoULAV 32e3 2 39 - 0.03 0.22 32148
aoD2AG 32e3 2 39 - 0.03 0.26 35024
aoD2SG 32e3 2 39 - 0.03 0.26 34792
dry 1e5 5 163 - 0.03 0.13 34476
aoDLAV 1e5 5 163 - 0.06 1.59 41816
aoULAV 1e5 5 163 - 0.05 1.56 43572
aoD2AG 1e5 5 163 - 0.07 1.73 53560
aoD2SG 1e5 5 163 - 0.05 1.87 53196
dry 5e4 5 170 - 0.03 0.13 30684
aoDLAV 5e4 5 170 - 0.04 0.72 34704
aoULAV 5e4 5 170 - 0.04 0.70 34704
aoD2AG 5e4 5 170 - 0.05 0.74 37728
aoD2SG 5e4 5 170 - 0.04 0.84 37940
dry 1e3 2 55 - 0.02 0.12 26020
aoDLAV 1e3 2 55 - 0.03 0.15 30280
aoULAV 1e3 2 55 - 0.03 0.15 30292
aoD2AG 1e3 2 55 - 0.02 0.15 30544
aoD2SG 1e3 2 55 - 0.04 0.14 30564
moore 1e3 2 55 - 0.06 2.65 59804
nbpm 1e3 2 55 - 0.14 4.18 138556
greedy 1e3 2 55 - 0.09 1.13 139244
dry 32e1 2 137 - 0.02 0.12 26000
aoDLAV 32e1 2 137 - 0.02 0.15 30196
aoULAV 32e1 2 137 - 0.03 0.14 30208
aoD2AG 32e1 2 137 - 0.04 0.13 30380
aoD2SG 32e1 2 137 - 0.02 0.15 30384
moore 32e1 2 137 - 0.03 0.26 33688
nbpm 32e1 2 137 - 0.09 2.54 58308
greedy 32e1 2 137 - 0.04 0.20 40972
dry 1e2 5 219 - 0.02 0.12 27956
aoDLAV 1e2 5 219 - 0.03 0.14 30212
aoULAV 1e2 5 219 - 0.02 0.15 30224
aoD2AG 1e2 5 219 - 0.03 0.14 30376
aoD2SG 1e2 5 219 - 0.03 0.14 30380
moore 1e2 5 219 - 0.03 0.20 30492
nbpm 1e2 5 219 - 0.08 2.17 53020
greedy 1e2 5 219 - 0.04 0.14 30920
dry 56e1 2 218 - 0.03 0.12 26008
aoDLAV 56e1 2 218 - 0.02 0.15 30224
aoULAV 56e1 2 218 - 0.02 0.14 30232
aoD2AG 56e1 2 218 - 0.02 0.15 30420
aoD2SG 56e1 2 218 - 0.03 0.15 30424
moore 56e1 2 218 - 0.04 1.93 39656
nbpm 56e1 2 218 - 0.12 2.91 78704
greedy 56e1 2 218 - 0.04 0.39 64104
dry 375e2 2 62 - 0.03 0.11 27516
aoDLAV 375e2 2 62 - 0.03 0.23 31784
aoULAV 375e2 2 62 - 0.02 0.24 32600
aoD2AG 375e2 2 62 - 0.02 0.28 35520
aoD2SG 375e2 2 62 - 0.03 0.29 35528
dry 32e1 2 132 - 0.02 0.12 26004
aoDLAV 32e1 2 132 - 0.02 0.15 30200
aoULAV 32e1 2 132 - 0.03 0.14 30208
aoD2AG 32e1 2 132 - 0.02 0.14 30376
aoD2SG 32e1 2 132 - 0.03 0.13 30388
moore 32e1 2 132 - 0.03 0.90 33684
nbpm 32e1 2 132 - 0.09 2.63 58308
greedy 32e1 2 132 - 0.03 0.22 40972
dry 375e2 2 191 - 0.02 0.12 27516
aoDLAV 375e2 2 191 - 0.03 0.24 31788
aoULAV 375e2 2 191 - 0.04 0.24 32604
aoD2AG 375e2 2 191 - 0.03 0.28 35520
aoD2SG 375e2 2 191 - 0.03 0.29 35532
dry 225e2 2 199 - 0.02 0.12 26924
aoDLAV 225e2 2 199 - 0.03 0.20 30980
aoULAV 225e2 2 199 - 0.03 0.19 30996
aoD2AG 225e2 2 199 - 0.03 0.22 33372
aoD2SG 225e2 2 199 - 0.03 0.23 33464
dry 1e5 2 92 - 0.03 0.13 32124
aoDLAV 1e5 2 92 - 0.03 0.45 34800
aoULAV 1e5 2 92 - 0.04 0.45 35324
aoD2AG 1e5 2 92 - 0.04 0.59 42604
aoD2SG 1e5 2 92 - 0.04 0.63 43800
dry 400e2 2 247 - 0.03 0.11 27620
aoDLAV 400e2 2 247 - 0.03 0.23 32236
aoULAV 400e2 2 247 - 0.04 0.26 33116
aoD2AG 400e2 2 247 - 0.04 0.28 36076
aoD2SG 400e2 2 247 - 0.04 0.29 35928
dry 1e6 10 90 - 0.08 0.39 112232
aoDLAV 1e6 10 90 - 0.21 421.07 369904
aoULAV 1e6 10 90 - 1.12 386.91 369888
aoD2AG 1e6 10 90 - 0.46 382.65 447844
aoD2SG 1e6 10 90 - 0.40 451.30 457984
dry 56e3 2 32 - 0.02 0.12 28236
aoDLAV 56e3 2 32 - 0.03 0.29 33476
aoULAV 56e3 2 32 - 0.02 0.29 34700
aoD2AG 56e3 2 32 - 0.03 0.35 37284
aoD2SG 56e3 2 32 - 0.03 0.37 37304
dry 1e1 2 226 - 0.02 0.12 25992
aoDLAV 1e1 2 226 - 0.03 0.14 30160
aoULAV 1e1 2 226 - 0.03 0.14 30172
aoD2AG 1e1 2 226 - 0.03 0.13 30312
aoD2SG 1e1 2 226 - 0.02 0.15 30312
moore 1e1 2 226 - 0.03 0.18 30476
nbpm 1e1 2 226 - 0.08 2.15 49816
greedy 1e1 2 226 - 0.03 0.15 30124
dry 5e4 2 159 - 0.02 0.12 30044
aoDLAV 5e4 2 159 - 0.03 0.27 33008
aoULAV 5e4 2 159 - 0.03 0.28 33312
aoD2AG 5e4 2 159 - 0.04 0.34 36412
aoD2SG 5e4 2 159 - 0.04 0.36 36424
dry 1e6 5 130 - 0.05 0.28 73152
aoDLAV 1e6 5 130 - 0.14 19.10 252692
aoULAV 1e6 5 130 - 0.14 19.52 252688
aoD2AG 1e6 5 130 - 0.20 20.68 322852
aoD2SG 1e6 5 130 - 0.23 23.87 331800
dry 5e4 5 45 - 0.04 0.13 31932
aoDLAV 5e4 5 45 - 0.03 0.70 34704
aoULAV 5e4 5 45 - 0.04 0.71 34708
aoD2AG 5e4 5 45 - 0.03 0.77 37728
aoD2SG 5e4 5 45 - 0.03 0.87 37936
dry 56e1 2 147 - 0.03 0.11 26008
aoDLAV 56e1 2 147 - 0.03 0.15 30224
aoULAV 56e1 2 147 - 0.03 0.14 30232
aoD2AG 56e1 2 147 - 0.03 0.15 30416
aoD2SG 56e1 2 147 - 0.03 0.14 30424
moore 56e1 2 147 - 0.03 1.73 39660
nbpm 56e1 2 147 - 0.11 2.91 78712
greedy 56e1 2 147 - 0.04 0.39 64108
dry 1e2 10 108 - 0.02 0.12 26008
aoDLAV 1e2 10 108 - 0.03 0.15 30264
aoULAV 1e2 10 108 - 0.03 0.14 30272
aoD2AG 1e2 10 108 - 0.03 0.15 30444
aoD2SG 1e2 10 108 - 0.03 0.15 30448
moore 1e2 10 108 - 0.03 0.25 30496
nbpm 1e2 10 108 - 0.08 2.14 53076
greedy 1e2 10 108 - 0.03 0.15 30972
dry 1e3 2 47 - 0.02 0.12 26020
aoDLAV 1e3 2 47 - 0.02 0.15 30280
aoULAV 1e3 2 47 - 0.03 0.15 30292
aoD2AG 1e3 2 47 - 0.03 0.15 30544
aoD2SG 1e3 2 47 - 0.03 0.15 30564
moore 1e3 2 47 - 0.07 5.84 59780
nbpm 1e3 2 47 - 0.13 4.06 138560
greedy 1e3 2 47 - 0.08 1.03 139244
dry 1e6 5 139 - 0.05 0.27 73152
aoDLAV 1e6 5 139 - 0.15 17.97 252692
aoULAV 1e6 5 139 - 0.15 17.99 252688
aoD2AG 1e6 5 139 - 0.21 19.79 323008
aoD2SG 1e6 5 139 - 0.27 23.17 331996
dry 1e3 5 236 - 0.02 0.12 26056
aoDLAV 1e3 5 236 - 0.03 0.15 30440
aoULAV 1e3 5 236 - 0.02 0.15 30436
aoD2AG 1e3 5 236 - 0.04 0.14 30744
aoD2SG 1e3 5 236 - 0.02 0.15 30768
moore 1e3 5 236 - 0.04 6.38 59800
nbpm 1e3 5 236 - 0.17 4.95 129248
greedy 1e3 5 236 - 0.08 1.05 139388
dry 56e1 2 146 - 0.01 0.13 26012
aoDLAV 56e1 2 146 - 0.03 0.15 30220
aoULAV 56e1 2 146 - 0.03 0.14 30232
aoD2AG 56e1 2 146 - 0.02 0.15 30420
aoD2SG 56e1 2 146 - 0.02 0.15 30424
moore 56e1 2 146 - 0.03 1.69 39656
nbpm 56e1 2 146 - 0.10 3.22 78704
greedy 56e1 2 146 - 0.04 0.40 64104
dry 1e2 5 123 - 0.02 0.12 26000
aoDLAV 1e2 5 123 - 0.02 0.15 30216
aoULAV 1e2 5 123 - 0.03 0.14 30224
aoD2AG 1e2 5 123 - 0.02 0.15 30376
aoD2SG 1e2 5 123 - 0.03 0.13 30388
moore 1e2 5 123 - 0.03 0.20 30492
nbpm 1e2 5 123 - 0.08 2.17 53012
greedy 1e2 5 123 - 0.03 0.14 30920
dry 1e6 5 126 - 0.05 0.28 73152
aoDLAV 1e6 5 126 - 0.20 24.69 252688
aoULAV 1e6 5 126 - 0.25 19.93 252772
aoD2AG 1e6 5 126 - 0.22 21.42 324536
aoD2SG 1e6 5 126 - 0.21 24.60 332240
dry 56e1 2 105 - 0.02 0.12 26012
aoDLAV 56e1 2 105 - 0.03 0.14 30220
aoULAV 56e1 2 105 - 0.03 0.14 30232
aoD2AG 56e1 2 105 - 0.03 0.14 30416
aoD2SG 56e1 2 105 - 0.03 0.14 30428
moore 56e1 2 105 - 0.04 1.55 39652
nbpm 56e1 2 105 - 0.09 2.97 78704
greedy 56e1 2 105 - 0.04 0.39 64104
dry 275e2 2 119 - 0.02 0.11 28992
aoDLAV 275e2 2 119 - 0.03 0.20 31244
aoULAV 275e2 2 119 - 0.03 0.21 31568
aoD2AG 275e2 2 119 - 0.04 0.22 34696
aoD2SG 275e2 2 119 - 0.03 0.24 34816
dry 350e2 2 202 - 0.03 0.12 27416
aoDLAV 350e2 2 202 - 0.03 0.22 31484
aoULAV 350e2 2 202 - 0.03 0.22 32260
aoD2AG 350e2 2 202 - 0.03 0.25 34852
aoD2SG 350e2 2 202 - 0.03 0.26 35136
dry 1e3 2 41 - 0.02 0.11 26024
aoDLAV 1e3 2 41 - 0.03 0.14 30280
aoULAV 1e3 2 41 - 0.03 0.14 30292
aoD2AG 1e3 2 41 - 0.04 0.13 30540
aoD2SG 1e3 2 41 - 0.03 0.14 30560
moore 1e3 2 41 - 0.04 5.16 59768
nbpm 1e3 2 41 - 0.13 4.13 138556
greedy 1e3 2 41 - 0.09 1.04 139244
dry 56e1 2 20 - 0.03 0.12 26008
aoDLAV 56e1 2 20 - 0.03 0.15 30220
aoULAV 56e1 2 20 - 0.03 0.15 30232
aoD2AG 56e1 2 20 - 0.04 0.14 30416
aoD2SG 56e1 2 20 - 0.03 0.15 30424
moore 56e1 2 20 - 0.04 1.96 39652
nbpm 56e1 2 20 - 0.11 2.99 78700
greedy 56e1 2 20 - 0.05 0.40 64104
dry 1e2 10 246 - 0.02 0.13 26004
aoDLAV 1e2 10 246 - 0.03 0.14 30260
aoULAV 1e2 10 246 - 0.02 0.15 30272
aoD2AG 1e2 10 246 - 0.02 0.15 30444
aoD2SG 1e2 10 246 - 0.03 0.14 30460
moore 1e2 10 246 - 0.04 0.22 30500
nbpm 1e2 10 246 - 0.08 2.37 53080
greedy 1e2 10 246 - 0.03 0.14 30976
dry 18e1 2 174 - 0.02 0.12 26004
aoDLAV 18e1 2 174 - 0.03 0.14 30184
aoULAV 18e1 2 174 - 0.02 0.15 30196
aoD2AG 18e1 2 174 - 0.03 0.14 30356
aoD2SG 18e1 2 174 - 0.03 0.14 30364
moore 18e1 2 174 - 0.03 0.32 30492
nbpm 18e1 2 174 - 0.09 2.16 54436
greedy 18e1 2 174 - 0.03 0.16 33352
dry 275e2 2 243 - 0.03 0.11 27120
aoDLAV 275e2 2 243 - 0.03 0.21 31240
aoULAV 275e2 2 243 - 0.03 0.21 31568
aoD2AG 275e2 2 243 - 0.03 0.23 34692
aoD2SG 275e2 2 243 - 0.04 0.24 34812
dry 5e4 5 1 - 0.02 0.14 30740
aoDLAV 5e4 5 1 - 0.03 0.78 34704
aoULAV 5e4 5 1 - 0.03 0.75 34708
aoD2AG 5e4 5 1 - 0.04 0.82 37724
aoD2SG 5e4 5 1 - 0.04 0.85 37932
dry 5e4 5 83 - 0.03 0.13 29984
aoDLAV 5e4 5 83 - 0.02 0.72 34704
aoULAV 5e4 5 83 - 0.03 0.72 34708
aoD2AG 5e4 5 83 - 0.02 0.78 37728
aoD2SG 5e4 5 83 - 0.03 0.84 37936
dry 1e5 5 77 - 0.02 0.14 34476
aoDLAV 1e5 5 77 - 0.05 1.63 41816
aoULAV 1e5 5 77 - 0.05 1.60 43572
aoD2AG 1e5 5 77 - 0.05 1.74 53564
aoD2SG 1e5 5 77 - 0.04 1.92 53208
dry 1e3 2 43 - 0.02 0.12 26024
aoDLAV 1e3 2 43 - 0.02 0.14 30280
aoULAV 1e3 2 43 - 0.02 0.15 30292
aoD2AG 1e3 2 43 - 0.02 0.15 30548
aoD2SG 1e3 2 43 - 0.04 0.13 30568
moore 1e3 2 43 - 0.04 2.71 59816
nbpm 1e3 2 43 - 0.13 4.10 138564
greedy 1e3 2 43 - 0.07 1.05 139248
dry 275e2 2 4 - 0.03 0.11 30676
aoDLAV 275e2 2 4 - 0.03 0.21 31268
aoULAV 275e2 2 4 - 0.04 0.20 31576
aoD2AG 275e2 2 4 - 0.03 0.24 34700
aoD2SG 275e2 2 4 - 0.04 0.23 34812
dry 56e4 2 99 - 0.04 0.18 41108
aoDLAV 56e4 2 99 - 0.08 2.11 107984
aoULAV 56e4 2 99 - 0.08 2.20 107984
aoD2AG 56e4 2 99 - 0.12 3.13 138720
aoD2SG 56e4 2 99 - 0.11 3.37 143388
dry 5e4 10 139 - 0.03 0.13 33888
aoDLAV 5e4 10 139 - 0.04 8.00 40200
aoULAV 5e4 10 139 - 0.03 8.09 40200
aoD2AG 5e4 10 139 - 0.04 8.43 44980
aoD2SG 5e4 10 139 - 0.04 9.00 45000
dry 1e1 2 189 - 0.03 0.11 25992
aoDLAV 1e1 2 189 - 0.03 0.14 30160
aoULAV 1e1 2 189 - 0.02 0.15 30176
aoD2AG 1e1 2 189 - 0.03 0.14 30316
aoD2SG 1e1 2 189 - 0.03 0.14 30320
moore 1e1 2 189 - 0.03 0.18 30476
nbpm 1e1 2 189 - 0.06 2.19 49816
greedy 1e1 2 189 - 0.03 0.14 30128
dry 1e5 2 174 - 0.03 0.13 31280
aoDLAV 1e5 2 174 - 0.03 0.45 34800
aoULAV 1e5 2 174 - 0.04 0.47 35320
aoD2AG 1e5 2 174 - 0.05 0.56 42600
aoD2SG 1e5 2 174 - 0.04 0.64 43800
dry 56e4 2 54 - 0.03 0.19 41104
aoDLAV 56e4 2 54 - 0.06 2.10 107984
aoULAV 56e4 2 54 - 0.08 2.18 107984
aoD2AG 56e4 2 54 - 0.12 3.07 140184
aoD2SG 56e4 2 54 - 0.11 3.44 144136
dry 325e2 2 209 - 0.02 0.12 27320
aoDLAV 325e2 2 209 - 0.03 0.21 31372
aoULAV 325e2 2 209 - 0.02 0.22 32084
aoD2AG 325e2 2 209 - 0.03 0.25 35000
aoD2SG 325e2 2 209 - 0.04 0.26 34760
dry 1e3 2 74 - 0.02 0.12 26020
aoDLAV 1e3 2 74 - 0.02 0.15 30328
aoULAV 1e3 2 74 - 0.03 0.14 30292
aoD2AG 1e3 2 74 - 0.03 0.15 30540
aoD2SG 1e3 2 74 - 0.03 0.14 30556
moore 1e3 2 74 - 0.05 2.50 59796
nbpm 1e3 2 74 - 0.14 3.93 138552
greedy 1e3 2 74 - 0.08 1.00 139244
dry 350e2 2 149 - 0.03 0.11 27416
aoDLAV 350e2 2 149 - 0.03 0.24 31484
aoULAV 350e2 2 149 - 0.03 0.22 32260
aoD2AG 350e2 2 149 - 0.03 0.26 34852
aoD2SG 350e2 2 149 - 0.04 0.26 35132
dry 56e3 2 8 - 0.03 0.12 30124
aoDLAV 56e3 2 8 - 0.03 0.28 33480
aoULAV 56e3 2 8 - 0.03 0.30 34696
aoD2AG 56e3 2 8 - 0.05 0.35 37284
aoD2SG 56e3 2 8 - 0.04 0.37 37296
dry 32e1 2 33 - 0.02 0.11 26000
aoDLAV 32e1 2 33 - 0.03 0.15 30196
aoULAV 32e1 2 33 - 0.03 0.14 30208
aoD2AG 32e1 2 33 - 0.02 0.15 30376
aoD2SG 32e1 2 33 - 0.04 0.14 30384
moore 32e1 2 33 - 0.03 0.66 33688
nbpm 32e1 2 33 - 0.07 2.39 58312
greedy 32e1 2 33 - 0.04 0.21 40972
dry 350e2 2 188 - 0.03 0.12 27416
aoDLAV 350e2 2 188 - 0.03 0.22 31480
aoULAV 350e2 2 188 - 0.04 0.22 32264
aoD2AG 350e2 2 188 - 0.03 0.26 34852
aoD2SG 350e2 2 188 - 0.04 0.27 35136
dry 375e2 2 231 - 0.02 0.12 27956
aoDLAV 375e2 2 231 - 0.03 0.23 31784
aoULAV 375e2 2 231 - 0.03 0.23 32604
aoD2AG 375e2 2 231 - 0.03 0.27 35516
aoD2SG 375e2 2 231 - 0.03 0.28 35532
dry 56e3 2 169 - 0.03 0.12 29576
aoDLAV 56e3 2 169 - 0.03 0.29 33476
aoULAV 56e3 2 169 - 0.03 0.30 34696
aoD2AG 56e3 2 169 - 0.03 0.37 37284
aoD2SG 56e3 2 169 - 0.04 0.37 37300
dry 400e2 2 164 - 0.03 0.11 29120
aoDLAV 400e2 2 164 - 0.03 0.24 32240
aoULAV 400e2 2 164 - 0.03 0.25 33116
aoD2AG 400e2 2 164 - 0.04 0.31 36072
aoD2SG 400e2 2 164 - 0.04 0.31 35932
dry 1e1 2 105 - 0.02 0.11 25992
aoDLAV 1e1 2 105 - 0.03 0.14 30164
aoULAV 1e1 2 105 - 0.03 0.15 30172
aoD2AG 1e1 2 105 - 0.03 0.14 30324
aoD2SG 1e1 2 105 - 0.04 0.14 30328
moore 1e1 2 105 - 0.02 0.19 30480
nbpm 1e1 2 105 - 0.09 2.14 49816
greedy 1e1 2 105 - 0.01 0.15 30124
dry 32e3 2 75 - 0.02 0.12 27296
aoDLAV 32e3 2 75 - 0.02 0.23 31436
aoULAV 32e3 2 75 - 0.03 0.23 32144
aoD2AG 32e3 2 75 - 0.03 0.26 35020
aoD2SG 32e3 2 75 - 0.03 0.26 34784
dry 325e2 2 240 - 0.03 0.11 29352
aoDLAV 325e2 2 240 - 0.03 0.22 31372
aoULAV 325e2 2 240 - 0.03 0.22 32084
aoD2AG 325e2 2 240 - 0.03 0.26 35000
aoD2SG 325e2 2 240 - 0.03 0.27 34756
dry 225e2 2 21 - 0.03 0.11 28720
aoDLAV 225e2 2 21 - 0.02 0.20 30980
aoULAV 225e2 2 21 - 0.03 0.20 30992
aoD2AG 225e2 2 21 - 0.03 0.22 33368
aoD2SG 225e2 2 21 - 0.02 0.23 33460
dry 1e5 5 159 - 0.04 0.13 34480
aoDLAV 1e5 5 159 - 0.04 1.59 41816
aoULAV 1e5 5 159 - 0.04 1.57 43568
aoD2AG 1e5 5 159 - 0.05 1.72 53564
aoD2SG 1e5 5 159 - 0.06 1.90 53200
dry 1e6 2 101 - 0.05 0.19 49708
aoDLAV 1e6 2 101 - 0.11 3.81 178460
aoULAV 1e6 2 101 - 0.13 4.02 178456
aoD2AG 1e6 2 101 - 0.18 5.71 233012
aoD2SG 1e6 2 101 - 0.19 6.20 242880
dry 5e4 5 68 - 0.03 0.13 31516
aoDLAV 5e4 5 68 - 0.03 0.76 34708
aoULAV 5e4 5 68 - 0.03 0.71 34704
aoD2AG 5e4 5 68 - 0.04 0.75 37724
aoD2SG 5e4 5 68 - 0.04 0.82 37936
dry 400e2 2 22 - 0.03 0.11 29372
aoDLAV 400e2 2 22 - 0.02 0.24 32236
aoULAV 400e2 2 22 - 0.03 0.25 33112
aoD2AG 400e2 2 22 - 0.03 0.28 36072
aoD2SG 400e2 2 22 - 0.03 0.29 35928
dry 300e2 2 210 - 0.03 0.12 27220
aoDLAV 300e2 2 210 - 0.02 0.21 31300
aoULAV 300e2 2 210 - 0.03 0.22 31892
aoD2AG 300e2 2 210 - 0.03 0.24 35060
aoD2SG 300e2 2 210 - 0.04 0.24 34716
dry 1e1 2 241 - 0.02 0.12 25996
aoDLAV 1e1 2 241 - 0.03 0.14 30164
aoULAV 1e1 2 241 - 0.03 0.14 30172
aoD2AG 1e1 2 241 - 0.04 0.14 30316
aoD2SG 1e1 2 241 - 0.02 0.14 30320
moore 1e1 2 241 - 0.03 0.18 30476
nbpm 1e1 2 241 - 0.08 2.11 49816
greedy 1e1 2 241 - 0.03 0.14 30124
dry 250e2 2 30 - 0.03 0.11 27020
aoDLAV 250e2 2 30 - 0.03 0.20 31108
aoULAV 250e2 2 30 - 0.03 0.20 31216
aoD2AG 250e2 2 30 - 0.02 0.23 33856
aoD2SG 250e2 2 30 - 0.03 0.23 33968
dry 1e6 5 236 - 0.04 0.28 73152
aoDLAV 1e6 5 236 - 0.14 18.61 252688
aoULAV 1e6 5 236 - 0.14 18.19 252736
aoD2AG 1e6 5 236 - 0.18 22.67 323424
aoD2SG 1e6 5 236 - 0.22 25.88 333268
dry 1e5 10 176 - 0.03 0.19 38396
aoDLAV 1e5 10 176 - 0.04 22.61 53536
aoULAV 1e5 10 176 - 0.05 23.39 55316
aoD2AG 1e5 10 176 - 0.06 23.21 62584
aoD2SG 1e5 10 176 - 0.05 26.06 66948
dry 32e4 2 140 - 0.03 0.17 36428
aoDLAV 32e4 2 140 - 0.05 1.24 70828
aoULAV 32e4 2 140 - 0.06 1.30 70840
aoD2AG 32e4 2 140 - 0.07 1.78 89356
aoD2SG 32e4 2 140 - 0.07 1.93 90936
dry 1e5 2 88 - 0.03 0.13 31108
aoDLAV 1e5 2 88 - 0.03 0.45 34800
aoULAV 1e5 2 88 - 0.03 0.46 35320
aoD2AG 1e5 2 88 - 0.04 0.58 42604
aoD2SG 1e5 2 88 - 0.04 0.64 43800
dry 300e2 2 248 - 0.03 0.11 27216
aoDLAV 300e2 2 248 - 0.02 0.22 31300
aoULAV 300e2 2 248 - 0.02 0.22 31892
aoD2AG 300e2 2 248 - 0.03 0.24 35060
aoD2SG 300e2 2 248 - 0.02 0.26 34716
dry 18e1 2 197 - 0.03 0.11 26008
aoDLAV 18e1 2 197 - 0.03 0.14 30184
aoULAV 18e1 2 197 - 0.03 0.14 30224
aoD2AG 18e1 2 197 - 0.03 0.15 30356
aoD2SG 18e1 2 197 - 0.03 0.14 30364
moore 18e1 2 197 - 0.02 0.36 30496
nbpm 18e1 2 197 - 0.07 2.20 54444
greedy 18e1 2 197 - 0.03 0.16 33352
dry 1e2 5 29 - 0.02 0.11 25996
aoDLAV 1e2 5 29 - 0.02 0.14 30216
aoULAV 1e2 5 29 - 0.03 0.14 30228
aoD2AG 1e2 5 29 - 0.02 0.15 30384
aoD2SG 1e2 5 29 - 0.02 0.15 30392
moore 1e2 5 29 - 0.03 0.19 30492
nbpm 1e2 5 29 - 0.07 2.20 53016
greedy 1e2 5 29 - 0.03 0.14 30920
dry 400e2 2 166 - 0.02 0.12 27620
aoDLAV 400e2 2 166 - 0.03 0.24 32240
aoULAV 400e2 2 166 - 0.04 0.25 33116
aoD2AG 400e2 2 166 - 0.03 0.29 36072
aoD2SG 400e2 2 166 - 0.03 0.30 35928
dry 1e5 10 32 - 0.03 0.19 38400
aoDLAV 1e5 10 32 - 0.05 22.70 53536
aoULAV 1e5 10 32 - 0.06 32.76 55312
aoD2AG 1e5 10 32 - 0.06 27.10 62700
aoD2SG 1e5 10 32 - 0.06 26.40 66836
dry 225e2 2 103 - 0.02 0.12 26920
aoDLAV 225e2 2 103 - 0.02 0.21 30984
aoULAV 225e2 2 103 - 0.03 0.20 30996
aoD2AG 225e2 2 103 - 0.03 0.22 33372
aoD2SG 225e2 2 103 - 0.03 0.22 33464
dry 1e3 10 188 - 0.01 0.13 26136
aoDLAV 1e3 10 188 - 0.04 0.15 30652
aoULAV 1e3 10 188 - 0.03 0.16 30664
aoD2AG 1e3 10 188 - 0.03 0.16 31076
aoD2SG 1e3 10 188 - 0.03 0.17 31100
moore 1e3 10 188 - 0.04 9.23 59844
nbpm 1e3 10 188 - 0.15 4.87 136140
greedy 1e3 10 188 - 0.08 1.07 139616
dry 275e2 2 47 - 0.03 0.12 27120
aoDLAV 275e2 2 47 - 0.03 0.21 31240
aoULAV 275e2 2 47 - 0.03 0.22 31572
aoD2AG 275e2 2 47 - 0.04 0.23 34696
aoD2SG 275e2 2 47 - 0.04 0.25 34812
dry 300e2 2 223 - 0.02 0.12 29000
aoDLAV 300e2 2 223 - 0.02 0.23 31296
aoULAV 300e2 2 223 - 0.03 0.22 31896
aoD2AG 300e2 2 223 - 0.03 0.25 35056
aoD2SG 300e2 2 223 - 0.03 0.26 34716
dry 32e1 2 201 - 0.02 0.13 26004
aoDLAV 32e1 2 201 - 0.02 0.16 30196
aoULAV 32e1 2 201 - 0.02 0.15 30208
aoD2AG 32e1 2 201 - 0.03 0.14 30376
aoD2SG 32e1 2 201 - 0.03 0.15 30384
moore 32e1 2 201 - 0.03 0.63 33680
nbpm 32e1 2 201 - 0.10 2.39 58300
greedy 32e1 2 201 - 0.04 0.21 40976
dry 1e1 2 107 - 0.02 0.12 25992
aoDLAV 1e1 2 107 - 0.03 0.15 30164
aoULAV 1e1 2 107 - 0.03 0.14 30172
aoD2AG 1e1 2 107 - 0.03 0.15 30316
aoD2SG 1e1 2 107 - 0.03 0.15 30320
moore 1e1 2 107 - 0.03 0.18 30476
nbpm 1e1 2 107 - 0.09 2.16 49816
greedy 1e1 2 107 - 0.03 0.14 30124
dry 56e3 2 25 - 0.03 0.12 28240
aoDLAV 56e3 2 25 - 0.03 0.29 33476
aoULAV 56e3 2 25 - 0.03 0.29 34700
aoD2AG 56e3 2 25 - 0.03 0.35 37288
aoD2SG 56e3 2 25 - 0.03 0.38 37304
dry 1e2 5 37 - 0.02 0.12 25996
aoDLAV 1e2 5 37 - 0.02 0.14 30216
aoULAV 1e2 5 37 - 0.03 0.15 30228
aoD2AG 1e2 5 37 - 0.02 0.15 30388
aoD2SG 1e2 5 37 - 0.04 0.14 30388
moore 1e2 5 37 - 0.04 0.21 30492
nbpm 1e2 5 37 - 0.09 2.19 53016
greedy 1e2 5 37 - 0.03 0.14 30924
dry 56e4 2 125 - 0.03 0.18 41104
aoDLAV 56e4 2 125 - 0.07 2.03 107984
aoULAV 56e4 2 125 - 0.08 2.21 107984
aoD2AG 56e4 2 125 - 0.13 3.12 139368
aoD2SG 56e4 2 125 - 0.13 3.47 144148
dry 375e2 2 159 - 0.02 0.13 27952
aoDLAV 375e2 2 159 - 0.04 0.23 31784
aoULAV 375e2 2 159 - 0.03 0.25 32604
aoD2AG 375e2 2 159 - 0.04 0.27 35520
aoD2SG 375e2 2 159 - 0.03 0.29 35528
dry 375e2 2 196 - 0.03 0.12 27516
aoDLAV 375e2 2 196 - 0.03 0.24 31784
aoULAV 375e2 2 196 - 0.03 0.24 32608
aoD2AG 375e2 2 196 - 0.03 0.28 35516
aoD2SG 375e2 2 196 - 0.04 0.28 35528
dry 56e3 2 15 - 0.03 0.12 29588
aoDLAV 56e3 2 15 - 0.04 0.28 33476
aoULAV 56e3 2 15 - 0.04 0.29 34696
aoD2AG 56e3 2 15 - 0.04 0.35 37284
aoD2SG 56e3 2 15 - 0.04 0.38 37300
dry 350e2 2 143 - 0.03 0.12 27416
aoDLAV 350e2 2 143 - 0.03 0.24 31480
aoULAV 350e2 2 143 - 0.03 0.23 32260
aoD2AG 350e2 2 143 - 0.04 0.26 34848
aoD2SG 350e2 2 143 - 0.03 0.27 35132
dry 225e2 2 138 - 0.02 0.12 26920
aoDLAV 225e2 2 138 - 0.03 0.20 30984
aoULAV 225e2 2 138 - 0.03 0.20 30992
aoD2AG 225e2 2 138 - 0.03 0.22 33372
aoD2SG 225e2 2 138 - 0.04 0.22 33468
dry 250e2 2 83 - 0.01 0.13 27020
aoDLAV 250e2 2 83 - 0.02 0.21 31108
aoULAV 250e2 2 83 - 0.03 0.21 31212
aoD2AG 250e2 2 83 - 0.02 0.23 33860
aoD2SG 250e2 2 83 - 0.02 0.24 33964
dry 5e4 5 128 - 0.02 0.13 31240
aoDLAV 5e4 5 128 - 0.03 0.76 34704
aoULAV 5e4 5 128 - 0.03 0.77 34704
aoD2AG 5e4 5 128 - 0.03 0.82 37728
aoD2SG 5e4 5 128 - 0.04 0.90 37936
dry 400e2 2 19 - 0.02 0.12 30928
aoDLAV 400e2 2 19 - 0.03 0.24 32296
aoULAV 400e2 2 19 - 0.03 0.25 33128
aoD2AG 400e2 2 19 - 0.03 0.28 36072
aoD2SG 400e2 2 19 - 0.03 0.30 35928
dry 56e4 2 164 - 0.03 0.19 41108
aoDLAV 56e4 2 164 - 0.07 2.11 107984
aoULAV 56e4 2 164 - 0.08 2.70 107988
aoD2AG 56e4 2 164 - 0.11 2.97 139608
aoD2SG 56e4 2 164 - 0.12 3.42 143232
dry 56e1 2 216 - 0.02 0.12 26008
aoDLAV 56e1 2 216 - 0.03 0.14 30220
aoULAV 56e1 2 216 - 0.03 0.14 30232
aoD2AG 56e1 2 216 - 0.02 0.15 30416
aoD2SG 56e1 2 216 - 0.02 0.15 30424
moore 56e1 2 216 - 0.03 0.96 39688
nbpm 56e1 2 216 - 0.11 2.92 78716
greedy 56e1 2 216 - 0.04 0.40 64108
dry 275e2 2 188 - 0.02 0.12 30676
aoDLAV 275e2 2 188 - 0.03 0.21 31240
aoULAV 275e2 2 188 - 0.04 0.21 31572
aoD2AG 275e2 2 188 - 0.03 0.23 34692
aoD2SG 275e2 2 188 - 0.03 0.25 34812
dry 18e1 2 42 - 0.02 0.12 26004
aoDLAV 18e1 2 42 - 0.03 0.14 30184
aoULAV 18e1 2 42 - 0.03 0.15 30196
aoD2AG 18e1 2 42 - 0.02 0.15 30356
aoD2SG 18e1 2 42 - 0.02 0.15 30368
moore 18e1 2 42 - 0.03 0.27 30496
nbpm 18e1 2 42 - 0.08 2.18 54444
greedy 18e1 2 42 - 0.03 0.16 33356
dry 1e3 5 165 - 0.03 0.12 26056
aoDLAV 1e3 5 165 - 0.02 0.16 30428
aoULAV 1e3 5 165 - 0.04 0.15 30436
aoD2AG 1e3 5 165 - 0.03 0.15 30744
aoD2SG 1e3 5 165 - 0.03 0.16 30764
moore 1e3 5 165 - 0.03 4.24 59800
nbpm 1e3 5 165 - 0.12 4.46 129248
greedy 1e3 5 165 - 0.09 1.01 139388
dry 300e2 2 93 - 0.03 0.12 27216
aoDLAV 300e2 2 93 - 0.02 0.22 31300
aoULAV 300e2 2 93 - 0.03 0.22 31892
aoD2AG 300e2 2 93 - 0.03 0.25 35060
aoD2SG 300e2 2 93 - 0.03 0.26 34712
dry 5e4 10 172 - 0.02 0.15 33892
aoDLAV 5e4 10 172 - 0.04 8.34 40204
aoULAV 5e4 10 172 - 0.05 7.71 40204
aoD2AG 5e4 10 172 - 0.05 8.06 44980
aoD2SG 5e4 10 172 - 0.04 9.03 44996
dry 32e1 2 168 - 0.02 0.12 26000
aoDLAV 32e1 2 168 - 0.02 0.15 30196
aoULAV 32e1 2 168 - 0.03 0.15 30208
aoD2AG 32e1 2 168 - 0.03 0.15 30376
aoD2SG 32e1 2 168 - 0.03 0.14 30384
moore 32e1 2 168 - 0.03 0.41 33688
nbpm 32e1 2 168 - 0.09 2.40 58308
greedy 32e1 2 168 - 0.04 0.22 40976
dry 1e2 5 31 - 0.02 0.12 26000
aoDLAV 1e2 5 31 - 0.03 0.14 30212
aoULAV 1e2 5 31 - 0.02 0.15 30228
aoD2AG 1e2 5 31 - 0.03 0.14 30384
aoD2SG 1e2 5 31 - 0.04 0.14 30388
moore 1e2 5 31 - 0.03 0.22 30492
nbpm 1e2 5 31 - 0.08 2.19 53016
greedy 1e2 5 31 - 0.03 0.14 30960
dry 5e4 10 161 - 0.04 0.13 33892
aoDLAV 5e4 10 161 - 0.04 8.07 40200
aoULAV 5e4 10 161 - 0.04 7.58 40204
aoD2AG 5e4 10 161 - 0.05 7.40 44984
aoD2SG 5e4 10 161 - 0.05 8.48 45000
dry 56e4 2 184 - 0.03 0.18 41104
aoDLAV 56e4 2 184 - 0.08 2.04 107984
aoULAV 56e4 2 184 - 0.07 2.22 107988
aoD2AG 56e4 2 184 - 0.12 2.99 140724
aoD2SG 56e4 2 184 - 0.12 3.36 144512
dry 375e2 2 153 - 0.02 0.12 27516
aoDLAV 375e2 2 153 - 0.03 0.24 31784
aoULAV 375e2 2 153 - 0.04 0.24 32604
aoD2AG 375e2 2 153 - 0.04 0.27 35524
aoD2SG 375e2 2 153 - 0.03 0.31 35528
dry 375e2 2 185 - 0.03 0.11 27516
aoDLAV 375e2 2 185 - 0.03 0.23 31788
aoULAV 375e2 2 185 - 0.03 0.23 32604
aoD2AG 375e2 2 185 - 0.03 0.27 35516
aoD2SG 375e2 2 185 - 0.04 0.28 35528
dry 1e3 5 175 - 0.02 0.12 26060
aoDLAV 1e3 5 175 - 0.03 0.14 30428
aoULAV 1e3 5 175 - 0.02 0.15 30436
aoD2AG 1e3 5 175 - 0.02 0.16 30732
aoD2SG 1e3 5 175 - 0.03 0.15 30752
moore 1e3 5 175 - 0.03 5.16 59800
nbpm 1e3 5 175 - 0.12 5.05 129244
greedy 1e3 5 175 - 0.08 1.10 139388
dry 400e2 2 143 - 0.02 0.12 29416
aoDLAV 400e2 2 143 - 0.02 0.25 32236
aoULAV 400e2 2 143 - 0.02 0.26 33112
aoD2AG 400e2 2 143 - 0.02 0.29 36072
aoD2SG 400e2 2 143 - 0.03 0.30 35928
dry 32e4 2 74 - 0.03 0.16 36428
aoDLAV 32e4 2 74 - 0.06 1.27 70828
aoULAV 32e4 2 74 - 0.05 1.31 70840
aoD2AG 32e4 2 74 - 0.07 1.72 88796
aoD2SG 32e4 2 74 - 0.08 1.91 91684
dry 1e3 2 78 - 0.03 0.12 26020
aoDLAV 1e3 2 78 - 0.02 0.15 30284
aoULAV 1e3 2 78 - 0.04 0.14 30292
aoD2AG 1e3 2 78 - 0.03 0.15 30540
aoD2SG 1e3 2 78 - 0.03 0.14 30568
moore 1e3 2 78 - 0.05 6.47 59768
nbpm 1e3 2 78 - 0.15 4.05 138548
greedy 1e3 2 78 - 0.09 1.02 139244
dry 5e4 2 223 - 0.02 0.12 29288
aoDLAV 5e4 2 223 - 0.03 0.28 33012
aoULAV 5e4 2 223 - 0.03 0.28 33312
aoD2AG 5e4 2 223 - 0.04 0.34 36412
aoD2SG 5e4 2 223 - 0.04 0.36 36428
dry 56e1 2 239 - 0.02 0.13 26008
aoDLAV 56e1 2 239 - 0.02 0.15 30220
aoULAV 56e1 2 239 - 0.02 0.15 30232
aoD2AG 56e1 2 239 - 0.03 0.14 30420
aoD2SG 56e1 2 239 - 0.02 0.15 30424
moore 56e1 2 239 - 0.04 1.96 39660
nbpm 56e1 2 239 - 0.09 3.00 78712
greedy 56e1 2 239 - 0.05 0.38 64104
dry 1e2 5 153 - 0.02 0.12 25996
aoDLAV 1e2 5 153 - 0.03 0.14 30216
aoULAV 1e2 5 153 - 0.04 0.14 30224
aoD2AG 1e2 5 153 - 0.02 0.15 30384
aoD2SG 1e2 5 153 - 0.03 0.14 30392
moore 1e2 5 153 - 0.03 0.24 30492
nbpm 1e2 5 153 - 0.08 2.15 53016
greedy 1e2 5 153 - 0.03 0.14 30920
dry 1e2 2 169 - 0.03 0.11 25992
aoDLAV 1e2 2 169 - 0.03 0.14 30168
aoULAV 1e2 2 169 - 0.03 0.15 30180
aoD2AG 1e2 2 169 - 0.04 0.14 30340
aoD2SG 1e2 2 169 - 0.02 0.15 30344
moore 1e2 2 169 - 0.02 0.20 30492
nbpm 1e2 2 169 - 0.08 2.19 53008
greedy 1e2 2 169 - 0.03 0.15 30880
dry 5e4 10 220 - 0.03 0.13 33888
aoDLAV 5e4 10 220 - 0.03 8.12 40200
aoULAV 5e4 10 220 - 0.04 8.12 40200
aoD2AG 5e4 10 220 - 0.05 7.96 44980
aoD2SG 5e4 10 220 - 0.05 8.63 44996
