dry 1e5 10 221 - 0.04 0.17 38396
aoDLAV 1e5 10 221 - 0.04 22.47 53540
aoULAV 1e5 10 221 - 0.05 22.69 55312
aoD2AG 1e5 10 221 - 0.37 24.03 62708
aoD2SG 1e5 10 221 - 0.32 24.58 66836
dry 56e3 2 106 - 0.02 0.12 29952
aoDLAV 56e3 2 106 - 0.03 0.31 33480
aoULAV 56e3 2 106 - 0.03 0.28 34696
aoD2AG 56e3 2 106 - 0.04 0.34 37284
aoD2SG 56e3 2 106 - 0.03 0.37 37300
dry 1e6 5 95 - 0.05 0.29 73152
aoDLAV 1e6 5 95 - 0.14 19.28 252688
aoULAV 1e6 5 95 - 0.30 19.93 252688
aoD2AG 1e6 5 95 - 0.22 21.31 323432
aoD2SG 1e6 5 95 - 0.18 23.66 331944
dry 5e4 2 45 - 0.02 0.12 28004
aoDLAV 5e4 2 45 - 0.02 0.28 33008
aoULAV 5e4 2 45 - 0.03 0.27 33312
aoD2AG 5e4 2 45 - 0.03 0.33 36408
aoD2SG 5e4 2 45 - 0.03 0.33 36428
dry 1e6 10 169 - 0.08 0.37 112232
aoDLAV 1e6 10 169 - 0.20 344.66 369884
aoULAV 1e6 10 169 - 0.52 533.88 369992
aoD2AG 1e6 10 169 - 0.40 471.75 447764
aoD2SG 1e6 10 169 - 0.41 423.13 458280
dry 1e3 10 70 - 0.02 0.12 26136
aoDLAV 1e3 10 70 - 0.02 0.16 30652
aoULAV 1e3 10 70 - 0.03 0.16 30664
aoD2AG 1e3 10 70 - 0.03 0.16 31064
aoD2SG 1e3 10 70 - 0.03 0.16 31092
moore 1e3 10 70 - 0.05 1.68 59868
nbpm 1e3 10 70 - 0.11 4.65 136140
greedy 1e3 10 70 - 0.08 0.98 139616
dry 225e2 2 181 - 0.02 0.12 28920
aoDLAV 225e2 2 181 - 0.03 0.19 30980
aoULAV 225e2 2 181 - 0.03 0.19 30996
aoD2AG 225e2 2 181 - 0.03 0.20 33368
aoD2SG 225e2 2 181 - 0.03 0.22 33468
dry 1e3 5 173 - 0.02 0.11 26060
aoDLAV 1e3 5 173 - 0.02 0.15 30424
aoULAV 1e3 5 173 - 0.03 0.14 30436
aoD2AG 1e3 5 173 - 0.02 0.15 30756
aoD2SG 1e3 5 173 - 0.03 0.15 30776
moore 1e3 5 173 - 0.04 2.31 59832
nbpm 1e3 5 173 - 0.12 4.29 129244
greedy 1e3 5 173 - 0.07 0.98 139388
dry 1e2 10 227 - 0.02 0.11 26008
aoDLAV 1e2 10 227 - 0.03 0.15 30264
aoULAV 1e2 10 227 - 0.02 0.15 30276
aoD2AG 1e2 10 227 - 0.03 0.14 30440
aoD2SG 1e2 10 227 - 0.02 0.15 30448
moore 1e2 10 227 - 0.03 0.21 30496
nbpm 1e2 10 227 - 0.07 2.19 53076
greedy 1e2 10 227 - 0.02 0.15 30972
dry 5e4 10 97 - 0.03 0.14 33892
aoDLAV 5e4 10 97 - 0.13 7.82 40200
aoULAV 5e4 10 97 - 0.04 10.70 40200
aoD2AG 5e4 10 97 - 0.16 8.12 44980
aoD2SG 5e4 10 97 - 0.12 9.78 45000
dry 1e2 10 233 - 0.02 0.12 26004
aoDLAV 1e2 10 233 - 0.03 0.14 30264
aoULAV 1e2 10 233 - 0.03 0.14 30272
aoD2AG 1e2 10 233 - 0.02 0.14 30444
aoD2SG 1e2 10 233 - 0.03 0.14 30448
moore 1e2 10 233 - 0.02 0.20 30500
nbpm 1e2 10 233 - 0.09 2.26 53076
greedy 1e2 10 233 - 0.03 0.15 30972
dry 1e6 2 164 - 0.03 0.21 49708
aoDLAV 1e6 2 164 - 0.12 3.88 178456
aoULAV 1e6 2 164 - 0.11 3.93 178456
aoD2AG 1e6 2 164 - 0.18 5.25 234632
aoD2SG 1e6 2 164 - 0.20 5.83 241628
dry 1e5 2 187 - 0.03 0.13 31164
aoDLAV 1e5 2 187 - 0.03 0.44 34800
aoULAV 1e5 2 187 - 0.04 0.43 35320
aoD2AG 1e5 2 187 - 0.04 0.56 42600
aoD2SG 1e5 2 187 - 0.04 0.60 43856
dry 350e2 2 113 - 0.02 0.12 27416
aoDLAV 350e2 2 113 - 0.03 0.23 31480
aoULAV 350e2 2 113 - 0.03 0.23 32260
aoD2AG 350e2 2 113 - 0.03 0.26 34848
aoD2SG 350e2 2 113 - 0.03 0.29 35128
dry 300e2 2 60 - 0.03 0.12 27216
aoDLAV 300e2 2 60 - 0.03 0.22 31296
aoULAV 300e2 2 60 - 0.03 0.23 31892
aoD2AG 300e2 2 60 - 0.03 0.25 35056
aoD2SG 300e2 2 60 - 0.03 0.27 34712
dry 1e5 10 246 - 0.04 0.18 38396
aoDLAV 1e5 10 246 - 0.18 21.79 53536
aoULAV 1e5 10 246 - 0.21 22.11 55312
aoD2AG 1e5 10 246 - 0.15 23.39 62588
aoD2SG 1e5 10 246 - 0.25 25.85 66832
dry 5e4 2 168 - 0.02 0.12 28000
aoDLAV 5e4 2 168 - 0.03 0.29 33008
aoULAV 5e4 2 168 - 0.03 0.29 33312
aoD2AG 5e4 2 168 - 0.03 0.36 36408
aoD2SG 5e4 2 168 - 0.03 0.36 36424
dry 32e3 2 102 - 0.02 0.13 30764
aoDLAV 32e3 2 102 - 0.02 0.22 31440
aoULAV 32e3 2 102 - 0.03 0.22 32152
aoD2AG 32e3 2 102 - 0.02 0.26 35020
aoD2SG 32e3 2 102 - 0.03 0.27 34792
dry 1e6 2 250 - 0.04 0.21 49704
aoDLAV 1e6 2 250 - 0.13 3.93 178460
aoULAV 1e6 2 250 - 0.11 4.09 178456
aoD2AG 1e6 2 250 - 0.18 5.84 235156
aoD2SG 1e6 2 250 - 0.21 6.46 242640
dry 225e2 2 79 - 0.02 0.12 26920
aoDLAV 225e2 2 79 - 0.03 0.20 30980
aoULAV 225e2 2 79 - 0.03 0.19 30996
aoD2AG 225e2 2 79 - 0.03 0.22 33368
aoD2SG 225e2 2 79 - 0.03 0.23 33464
dry 1e6 10 81 - 0.08 0.41 112232
aoDLAV 1e6 10 81 - 0.21 387.37 369884
aoULAV 1e6 10 81 - 0.31 375.37 369896
aoD2AG 1e6 10 81 - 0.41 375.41 448768
aoD2SG 1e6 10 81 - 0.41 454.18 458256
dry 56e4 2 103 - 0.03 0.19 41104
aoDLAV 56e4 2 103 - 0.09 2.03 107984
aoULAV 56e4 2 103 - 0.09 2.16 107984
aoD2AG 56e4 2 103 - 0.11 3.07 138948
aoD2SG 56e4 2 103 - 0.13 3.40 143960
dry 1e5 10 102 - 0.03 0.18 38400
aoDLAV 1e5 10 102 - 0.06 22.28 53536
aoULAV 1e5 10 102 - 0.05 20.68 55312
aoD2AG 1e5 10 102 - 0.06 20.83 62584
aoD2SG 1e5 10 102 - 0.07 23.45 66832
dry 225e2 2 37 - 0.02 0.12 26920
aoDLAV 225e2 2 37 - 0.03 0.20 30984
aoULAV 225e2 2 37 - 0.03 0.21 30996
aoD2AG 225e2 2 37 - 0.02 0.23 33368
aoD2SG 225e2 2 37 - 0.03 0.22 33460
dry 1e5 5 150 - 0.03 0.14 34480
aoDLAV 1e5 5 150 - 0.04 1.62 41820
aoULAV 1e5 5 150 - 0.05 1.57 43568
aoD2AG 1e5 5 150 - 0.05 1.97 53564
aoD2SG 1e5 5 150 - 0.06 1.98 53224
dry 32e3 2 79 - 0.03 0.11 27296
aoDLAV 32e3 2 79 - 0.02 0.23 31436
aoULAV 32e3 2 79 - 0.03 0.22 32152
aoD2AG 32e3 2 79 - 0.03 0.25 35020
aoD2SG 32e3 2 79 - 0.04 0.26 34784
dry 275e2 2 74 - 0.03 0.11 27120
aoDLAV 275e2 2 74 - 0.03 0.22 31244
aoULAV 275e2 2 74 - 0.03 0.21 31572
aoD2AG 275e2 2 74 - 0.04 0.24 34700
aoD2SG 275e2 2 74 - 0.03 0.25 34816
dry 250e2 2 64 - 0.02 0.12 27952
aoDLAV 250e2 2 64 - 0.04 0.20 31112
aoULAV 250e2 2 64 - 0.03 0.20 31212
aoD2AG 250e2 2 64 - 0.03 0.23 33860
aoD2SG 250e2 2 64 - 0.03 0.24 33964
dry 56e3 2 201 - 0.03 0.12 28236
aoDLAV 56e3 2 201 - 0.03 0.29 33476
aoULAV 56e3 2 201 - 0.03 0.29 34696
aoD2AG 56e3 2 201 - 0.03 0.35 37284
aoD2SG 56e3 2 201 - 0.03 0.44 37300
dry 1e2 2 158 - 0.03 0.11 25992
aoDLAV 1e2 2 158 - 0.02 0.15 30196
aoULAV 1e2 2 158 - 0.03 0.14 30184
aoD2AG 1e2 2 158 - 0.03 0.14 30340
aoD2SG 1e2 2 158 - 0.03 0.14 30348
moore 1e2 2 158 - 0.03 0.20 30480
nbpm 1e2 2 158 - 0.09 2.25 53000
greedy 1e2 2 158 - 0.03 0.15 30884
dry 32e3 2 77 - 0.02 0.13 27296
aoDLAV 32e3 2 77 - 0.03 0.21 31436
aoULAV 32e3 2 77 - 0.03 0.21 32148
aoD2AG 32e3 2 77 - 0.03 0.25 35024
aoD2SG 32e3 2 77 - 0.04 0.25 34784
dry 1e2 2 145 - 0.02 0.12 25992
aoDLAV 1e2 2 145 - 0.02 0.15 30172
aoULAV 1e2 2 145 - 0.03 0.14 30180
aoD2AG 1e2 2 145 - 0.02 0.15 30336
aoD2SG 1e2 2 145 - 0.03 0.15 30344
moore 1e2 2 145 - 0.03 0.20 30488
nbpm 1e2 2 145 - 0.09 2.28 53008
greedy 1e2 2 145 - 0.01 0.16 30880
dry 1e3 2 51 - 0.02 0.12 26024
aoDLAV 1e3 2 51 - 0.04 0.14 30284
aoULAV 1e3 2 51 - 0.03 0.15 30292
aoD2AG 1e3 2 51 - 0.03 0.15 30536
aoD2SG 1e3 2 51 - 0.03 0.14 30556
moore 1e3 2 51 - 0.04 2.85 59800
nbpm 1e3 2 51 - 0.14 4.10 138556
greedy 1e3 2 51 - 0.07 1.02 139248
dry 18e1 2 148 - 0.02 0.11 26004
aoDLAV 18e1 2 148 - 0.02 0.15 30184
aoULAV 18e1 2 148 - 0.02 0.15 30200
aoD2AG 18e1 2 148 - 0.03 0.14 30360
aoD2SG 18e1 2 148 - 0.02 0.15 30368
moore 18e1 2 148 - 0.02 0.28 30496
nbpm 18e1 2 148 - 0.10 2.16 54444
greedy 18e1 2 148 - 0.03 0.17 33348
dry 325e2 2 161 - 0.02 0.12 27316
aoDLAV 325e2 2 161 - 0.04 0.22 31376
aoULAV 325e2 2 161 - 0.03 0.22 32088
aoD2AG 325e2 2 161 - 0.03 0.26 35004
aoD2SG 325e2 2 161 - 0.03 0.27 34760
dry 56e1 2 194 - 0.02 0.12 26012
aoDLAV 56e1 2 194 - 0.03 0.15 30220
aoULAV 56e1 2 194 - 0.03 0.14 30232
aoD2AG 56e1 2 194 - 0.02 0.16 30416
aoD2SG 56e1 2 194 - 0.02 0.15 30424
moore 56e1 2 194 - 0.03 2.22 39652
nbpm 56e1 2 194 - 0.12 3.30 78704
greedy 56e1 2 194 - 0.05 0.38 64104
dry 1e6 10 234 - 0.08 0.39 112232
aoDLAV 1e6 10 234 - 0.21 345.67 369888
aoULAV 1e6 10 234 - 0.28 354.01 369884
aoD2AG 1e6 10 234 - 0.41 358.17 447312
aoD2SG 1e6 10 234 - 0.47 558.32 456776
dry 5e4 10 140 - 0.03 0.13 33888
aoDLAV 5e4 10 140 - 0.03 8.12 40200
aoULAV 5e4 10 140 - 0.05 8.28 40200
aoD2AG 5e4 10 140 - 0.05 8.21 44984
aoD2SG 5e4 10 140 - 0.05 9.25 45000
dry 250e2 2 160 - 0.03 0.12 28908
aoDLAV 250e2 2 160 - 0.04 0.20 31108
aoULAV 250e2 2 160 - 0.03 0.21 31244
aoD2AG 250e2 2 160 - 0.02 0.24 33860
aoD2SG 250e2 2 160 - 0.03 0.24 33960
dry 375e2 2 56 - 0.02 0.13 30880
aoDLAV 375e2 2 56 - 0.03 0.24 31784
aoULAV 375e2 2 56 - 0.04 0.23 32604
aoD2AG 375e2 2 56 - 0.03 0.29 35516
aoD2SG 375e2 2 56 - 0.05 0.28 35528
dry 225e2 2 238 - 0.02 0.12 26920
aoDLAV 225e2 2 238 - 0.03 0.19 30980
aoULAV 225e2 2 238 - 0.03 0.21 30992
aoD2AG 225e2 2 238 - 0.04 0.22 33376
aoD2SG 225e2 2 238 - 0.04 0.22 33464
dry 56e4 2 69 - 0.04 0.19 41104
aoDLAV 56e4 2 69 - 0.08 2.12 107988
aoULAV 56e4 2 69 - 0.08 2.23 107988
aoD2AG 56e4 2 69 - 0.12 3.18 139440
aoD2SG 56e4 2 69 - 0.11 3.54 143268
dry 1e6 5 117 - 0.06 0.28 73152
aoDLAV 1e6 5 117 - 0.15 18.88 252688
aoULAV 1e6 5 117 - 0.17 19.07 252796
aoD2AG 1e6 5 117 - 0.21 21.28 323912
aoD2SG 1e6 5 117 - 0.21 24.23 333384
dry 250e2 2 7 - 0.02 0.12 27024
aoDLAV 250e2 2 7 - 0.02 0.20 31108
aoULAV 250e2 2 7 - 0.02 0.20 31212
aoD2AG 250e2 2 7 - 0.02 0.23 33864
aoD2SG 250e2 2 7 - 0.05 0.22 33960
dry 400e2 2 102 - 0.03 0.12 27616
aoDLAV 400e2 2 102 - 0.03 0.24 32236
aoULAV 400e2 2 102 - 0.04 0.24 33112
aoD2AG 400e2 2 102 - 0.04 0.29 36072
aoD2SG 400e2 2 102 - 0.03 0.30 35928
dry 275e2 2 202 - 0.02 0.12 29004
aoDLAV 275e2 2 202 - 0.03 0.21 31240
aoULAV 275e2 2 202 - 0.02 0.20 31608
aoD2AG 275e2 2 202 - 0.03 0.24 34696
aoD2SG 275e2 2 202 - 0.04 0.24 34812
dry 5e4 10 100 - 0.03 0.13 33888
aoDLAV 5e4 10 100 - 0.04 7.07 40204
aoULAV 5e4 10 100 - 0.05 6.97 40204
aoD2AG 5e4 10 100 - 0.04 7.08 44984
aoD2SG 5e4 10 100 - 0.04 7.76 45000
dry 325e2 2 168 - 0.02 0.12 29320
aoDLAV 325e2 2 168 - 0.04 0.21 31376
aoULAV 325e2 2 168 - 0.04 0.21 32088
aoD2AG 325e2 2 168 - 0.04 0.24 35000
aoD2SG 325e2 2 168 - 0.03 0.26 34756
dry 5e4 10 83 - 0.02 0.15 33888
aoDLAV 5e4 10 83 - 0.03 6.98 40252
aoULAV 5e4 10 83 - 0.04 7.57 40200
aoD2AG 5e4 10 83 - 0.04 6.75 44980
aoD2SG 5e4 10 83 - 0.04 7.53 45000
dry 1e6 10 210 - 0.08 0.41 112232
aoDLAV 1e6 10 210 - 0.20 343.21 369888
aoULAV 1e6 10 210 - 0.31 381.30 369888
aoD2AG 1e6 10 210 - 0.41 371.87 448304
aoD2SG 1e6 10 210 - 0.41 430.58 457076
