dry 75e2 2 132 - 0.04 0.14 26328
aoDLAV 75e2 2 132 - 0.04 0.19 31380
aoULAV 75e2 2 132 - 0.04 0.17 31392
aoD2AG 75e2 2 132 - 0.04 0.20 31384
aoD2SG 75e2 2 132 - 0.04 0.22 31380
moore 75e2 2 132 - 1.06 478.61 1688804
nbpm 75e2 2 132 - 4.53 175.40 4242132
greedy 75e2 2 132 - 3.44 155.03 6183088
dry 56e6 2 41 - 0.60 1.79 1123924
aoDLAV 56e6 2 41 - 4.62 330.91 8330816
aoULAV 56e6 2 41 - 6.03 353.18 8330820
aoD2AG 56e6 2 41 - 10.72 505.96 12249948
aoD2SG 56e6 2 41 - 11.70 606.49 12694788
dry 1e4 5 132 - 0.02 0.12 28828
aoDLAV 1e4 5 132 - 0.03 0.22 31084
aoULAV 1e4 5 132 - 0.03 0.22 31100
aoD2AG 1e4 5 132 - 0.03 0.23 32120
aoD2SG 1e4 5 132 - 0.03 0.24 32108
moore 1e4 5 132 - 1.18 1192.74 2961736
nbpm 1e4 5 132 - 7.57 642.86 7811464
greedy 1e4 5 132 - 6.26 300.16 10959172
dry 7e7 2 46 - 0.78 2.22 1397356
aoDLAV 7e7 2 46 - 6.05 424.01 10408936
aoULAV 7e7 2 46 - 7.35 459.90 10408936
aoD2AG 7e7 2 46 - 13.65 657.37 15305052
aoD2SG 7e7 2 46 - 14.37 763.17 15863928
dry 18e2 2 200 - 0.02 0.12 26052
aoDLAV 18e2 2 200 - 0.03 0.15 30372
aoULAV 18e2 2 200 - 0.02 0.15 30384
aoD2AG 18e2 2 200 - 0.03 0.15 30776
aoD2SG 18e2 2 200 - 0.04 0.14 30808
moore 18e2 2 200 - 0.06 14.85 125416
nbpm 18e2 2 200 - 0.22 8.10 334536
greedy 18e2 2 200 - 0.25 5.00 384356
dry 50e2 2 100 - 0.03 0.12 26204
aoDLAV 50e2 2 100 - 0.03 0.16 30852
aoULAV 50e2 2 100 - 0.03 0.15 30860
aoD2AG 50e2 2 100 - 0.03 0.16 31776
aoD2SG 50e2 2 100 - 0.02 0.18 31880
moore 50e2 2 100 - 0.32 125.36 762980
nbpm 50e2 2 100 - 1.94 55.22 2011928
greedy 50e2 2 100 - 1.76 58.67 2764784
dry 56e2 2 224 - 0.03 0.11 26236
aoDLAV 56e2 2 224 - 0.02 0.16 30976
aoULAV 56e2 2 224 - 0.03 0.15 30988
aoD2AG 56e2 2 224 - 0.03 0.17 31964
aoD2SG 56e2 2 224 - 0.03 0.17 31120
moore 56e2 2 224 - 0.52 201.06 952716
nbpm 56e2 2 224 - 2.50 72.80 2388084
greedy 56e2 2 224 - 2.05 79.86 3460488
dry 1e4 5 47 - 0.02 0.12 26900
aoDLAV 1e4 5 47 - 0.03 0.21 31084
aoULAV 1e4 5 47 - 0.02 0.22 31096
aoD2AG 1e4 5 47 - 0.03 0.24 32112
aoD2SG 1e4 5 47 - 0.03 0.24 32108
moore 1e4 5 47 - 1.16 841.05 2961740
nbpm 1e4 5 47 - 7.49 616.19 7811452
greedy 1e4 5 47 - 6.62 306.21 10959172
dry 32e6 2 109 - 0.42 1.10 655176
aoDLAV 32e6 2 109 - 2.78 183.47 4768324
aoULAV 32e6 2 109 - 3.40 189.85 4768324
aoD2AG 32e6 2 109 - 5.57 272.86 7007892
aoD2SG 32e6 2 109 - 6.98 386.05 7262628
dry 6e7 2 81 - 0.84 1.91 1202044
aoDLAV 6e7 2 81 - 5.42 382.59 8924560
aoULAV 6e7 2 81 - 6.66 394.66 8924560
aoD2AG 6e7 2 81 - 12.28 542.18 13122684
aoD2SG 6e7 2 81 - 12.94 652.90 13599732
dry 7e7 2 49 - 0.81 2.16 1397360
aoDLAV 7e7 2 49 - 5.86 437.43 10408940
aoULAV 7e7 2 49 - 7.56 462.21 10408940
aoD2AG 7e7 2 49 - 13.63 650.37 15304080
aoD2SG 7e7 2 49 - 14.91 758.22 15860672
dry 6e7 2 238 - 0.70 1.93 1202048
aoDLAV 6e7 2 238 - 5.11 357.41 8924560
aoULAV 6e7 2 238 - 6.79 391.37 8924564
aoD2AG 6e7 2 238 - 11.82 545.34 13123396
aoD2SG 6e7 2 238 - 12.13 628.64 13601200
dry 4e7 2 169 - 0.55 1.28 811424
aoDLAV 4e7 2 169 - 3.37 232.12 5955816
aoULAV 4e7 2 169 - 4.36 241.07 5955868
aoD2AG 4e7 2 169 - 7.09 362.61 8755392
aoD2SG 4e7 2 169 - 8.11 416.80 9074220
dry 6e7 2 56 - 0.65 1.90 1202044
aoDLAV 6e7 2 56 - 5.06 355.46 8924560
aoULAV 6e7 2 56 - 6.64 384.25 8924560
aoD2AG 6e7 2 56 - 11.79 605.23 13122152
aoD2SG 6e7 2 56 - 12.47 654.90 13598884
dry 1e4 2 128 - 0.03 0.12 27956
aoDLAV 1e4 2 128 - 0.03 0.19 31864
aoULAV 1e4 2 128 - 0.03 0.18 31876
aoD2AG 1e4 2 128 - 0.04 0.18 31880
aoD2SG 1e4 2 128 - 0.03 0.19 31992
moore 1e4 2 128 - 1.22 910.96 2960580
nbpm 1e4 2 128 - 7.45 380.01 7889424
greedy 1e4 2 128 - 7.30 268.95 10968572
dry 7e7 2 94 - 0.80 2.18 1397356
aoDLAV 7e7 2 94 - 5.91 418.49 10408936
aoULAV 7e7 2 94 - 7.77 472.71 10408936
aoD2AG 7e7 2 94 - 13.88 637.82 15303812
aoD2SG 7e7 2 94 - 14.79 803.73 15861532
dry 4e7 2 215 - 0.49 1.34 811424
aoDLAV 4e7 2 215 - 3.68 233.52 5955816
aoULAV 4e7 2 215 - 4.51 240.85 5955816
aoD2AG 4e7 2 215 - 7.97 336.66 8755704
aoD2SG 4e7 2 215 - 8.21 402.22 9073912
dry 18e6 2 145 - 0.22 0.69 381736
aoDLAV 18e6 2 145 - 1.50 93.53 2690192
aoULAV 18e6 2 145 - 2.07 101.46 2690196
aoD2AG 18e6 2 145 - 3.19 142.44 3950144
aoD2SG 18e6 2 145 - 3.61 161.15 4093996
dry 50e2 2 186 - 0.02 0.12 26208
aoDLAV 50e2 2 186 - 0.03 0.15 30852
aoULAV 50e2 2 186 - 0.02 0.15 30864
aoD2AG 50e2 2 186 - 0.04 0.15 31772
aoD2SG 50e2 2 186 - 0.03 0.16 31864
moore 50e2 2 186 - 0.31 121.30 762980
nbpm 50e2 2 186 - 1.93 65.02 2011928
greedy 50e2 2 186 - 1.64 59.90 2764784
dry 1e4 10 77 - 0.03 0.12 27688
aoDLAV 1e4 10 77 - 0.05 0.67 32764
aoULAV 1e4 10 77 - 0.03 0.68 32780
aoD2AG 1e4 10 77 - 0.04 0.70 32744
aoD2SG 1e4 10 77 - 0.04 0.76 34176
moore 1e4 10 77 - 1.19 992.92 2963852
nbpm 1e4 10 77 - 7.62 643.17 7764380
greedy 1e4 10 77 - 6.46 262.57 10961112
dry 1e4 2 170 - 0.03 0.12 26432
aoDLAV 1e4 2 170 - 0.03 0.18 31864
aoULAV 1e4 2 170 - 0.03 0.17 31876
aoD2AG 1e4 2 170 - 0.03 0.18 31880
aoD2SG 1e4 2 170 - 0.03 0.19 31988
moore 1e4 2 170 - 1.13 987.97 2960584
nbpm 1e4 2 170 - 7.53 343.54 7889468
greedy 1e4 2 170 - 6.50 329.91 10968568
dry 75e2 2 38 - 0.03 0.12 26332
aoDLAV 75e2 2 38 - 0.03 0.16 31380
aoULAV 75e2 2 38 - 0.04 0.15 31388
aoD2AG 75e2 2 38 - 0.03 0.18 31380
aoD2SG 75e2 2 38 - 0.03 0.19 31380
moore 75e2 2 38 - 0.67 337.78 1683880
nbpm 75e2 2 38 - 4.10 161.27 4242132
greedy 75e2 2 38 - 3.93 153.71 6183088
dry 75e2 2 17 - 0.02 0.12 26328
aoDLAV 75e2 2 17 - 0.03 0.16 31376
aoULAV 75e2 2 17 - 0.04 0.15 31388
aoD2AG 75e2 2 17 - 0.03 0.17 31384
aoD2SG 75e2 2 17 - 0.03 0.18 31380
moore 75e2 2 17 - 1.32 483.08 1688784
nbpm 75e2 2 17 - 4.34 162.27 4242124
greedy 75e2 2 17 - 3.66 149.10 6183092
dry 1e4 2 17 - 0.03 0.11 26432
aoDLAV 1e4 2 17 - 0.03 0.17 31864
aoULAV 1e4 2 17 - 0.03 0.17 31876
aoD2AG 1e4 2 17 - 0.03 0.18 31880
aoD2SG 1e4 2 17 - 0.02 0.19 32048
moore 1e4 2 17 - 1.16 1063.29 2960572
nbpm 1e4 2 17 - 7.58 353.82 7889412
greedy 1e4 2 17 - 6.32 277.09 10968572
dry 5e7 2 150 - 0.59 1.61 1006736
aoDLAV 5e7 2 150 - 4.16 292.59 7440196
aoULAV 5e7 2 150 - 5.56 352.07 7440192
aoD2AG 5e7 2 150 - 9.36 433.72 10936332
aoD2SG 5e7 2 150 - 10.78 544.67 11334396
dry 4e7 2 18 - 0.52 1.33 811460
aoDLAV 4e7 2 18 - 3.40 233.04 5955816
aoULAV 4e7 2 18 - 4.25 250.73 5955820
aoD2AG 4e7 2 18 - 7.94 352.55 8754880
aoD2SG 4e7 2 18 - 8.44 416.09 9071684
dry 18e6 2 247 - 0.24 0.69 381736
aoDLAV 18e6 2 247 - 1.55 95.12 2690196
aoULAV 18e6 2 247 - 1.52 103.34 2690192
aoD2AG 18e6 2 247 - 3.09 143.65 3949648
aoD2SG 18e6 2 247 - 3.85 169.54 4092936
dry 7e7 2 39 - 0.78 2.22 1397356
aoDLAV 7e7 2 39 - 6.32 428.69 10408936
aoULAV 7e7 2 39 - 7.47 445.53 10408940
aoD2AG 7e7 2 39 - 13.99 657.21 15303500
aoD2SG 7e7 2 39 - 15.06 756.87 15864656
dry 6e7 2 34 - 0.75 1.91 1202044
aoDLAV 6e7 2 34 - 5.45 356.29 8924564
aoULAV 6e7 2 34 - 7.06 385.03 8924564
aoD2AG 6e7 2 34 - 12.34 546.06 13121864
aoD2SG 6e7 2 34 - 12.81 625.56 13600404
dry 56e2 2 209 - 0.02 0.12 26236
aoDLAV 56e2 2 209 - 0.04 0.15 30976
aoULAV 56e2 2 209 - 0.03 0.15 30988
aoD2AG 56e2 2 209 - 0.03 0.17 31976
aoD2SG 56e2 2 209 - 0.03 0.18 31120
moore 56e2 2 209 - 0.83 248.33 952756
nbpm 56e2 2 209 - 2.31 70.73 2388088
greedy 56e2 2 209 - 2.09 81.58 3460488
dry 32e2 2 94 - 0.02 0.13 26112
aoDLAV 32e2 2 94 - 0.03 0.15 30540
aoULAV 32e2 2 94 - 0.03 0.15 30548
aoD2AG 32e2 2 94 - 0.03 0.15 31204
aoD2SG 32e2 2 94 - 0.02 0.16 31264
moore 32e2 2 94 - 0.20 53.84 330512
nbpm 32e2 2 94 - 0.84 20.57 854752
greedy 32e2 2 94 - 0.76 27.10 1150164
dry 4e7 2 59 - 0.61 1.36 811428
aoDLAV 4e7 2 59 - 3.39 240.84 5955816
aoULAV 4e7 2 59 - 3.71 241.29 5955820
aoD2AG 4e7 2 59 - 7.83 344.73 8752528
aoD2SG 4e7 2 59 - 7.97 407.13 9075144
dry 56e6 2 191 - 0.63 1.80 1123924
aoDLAV 56e6 2 191 - 4.68 348.11 8330820
aoULAV 56e6 2 191 - 6.15 365.13 8330820
aoD2AG 56e6 2 191 - 11.17 497.02 12247980
aoD2SG 56e6 2 191 - 11.77 585.01 12696860
dry 7e7 2 51 - 0.87 2.17 1397356
aoDLAV 7e7 2 51 - 5.68 425.18 10408936
aoULAV 7e7 2 51 - 7.88 525.26 10408936
aoD2AG 7e7 2 51 - 14.09 635.51 15305084
aoD2SG 7e7 2 51 - 14.85 917.96 15863508
dry 2e7 2 65 - 0.28 0.78 420800
aoDLAV 2e7 2 65 - 1.72 106.48 2987072
aoULAV 2e7 2 65 - 1.72 114.24 2987068
aoD2AG 2e7 2 65 - 3.45 172.24 4387304
aoD2SG 2e7 2 65 - 4.13 189.11 4545492
dry 2e7 2 37 - 0.25 0.75 420796
aoDLAV 2e7 2 37 - 1.84 129.60 2987072
aoULAV 2e7 2 37 - 1.77 112.34 2987068
aoD2AG 2e7 2 37 - 3.59 164.41 4388724
aoD2SG 2e7 2 37 - 4.28 190.23 4546052
dry 56e2 2 173 - 0.02 0.13 26236
aoDLAV 56e2 2 173 - 0.03 0.16 30976
aoULAV 56e2 2 173 - 0.04 0.16 30988
aoD2AG 56e2 2 173 - 0.03 0.18 31980
aoD2SG 56e2 2 173 - 0.04 0.17 31120
moore 56e2 2 173 - 0.56 196.81 952724
nbpm 56e2 2 173 - 2.56 76.59 2388080
greedy 56e2 2 173 - 2.37 81.67 3460488
dry 56e2 2 229 - 0.04 0.11 26236
aoDLAV 56e2 2 229 - 0.03 0.15 30976
aoULAV 56e2 2 229 - 0.03 0.16 30988
aoD2AG 56e2 2 229 - 0.03 0.18 31992
aoD2SG 56e2 2 229 - 0.03 0.18 31124
moore 56e2 2 229 - 0.62 209.43 952716
nbpm 56e2 2 229 - 2.45 73.79 2388080
greedy 56e2 2 229 - 2.19 79.13 3460536
dry 75e2 2 250 - 0.02 0.12 27952
aoDLAV 75e2 2 250 - 0.03 0.15 31380
aoULAV 75e2 2 250 - 0.03 0.15 31388
aoD2AG 75e2 2 250 - 0.04 0.16 31380
aoD2SG 75e2 2 250 - 0.03 0.18 31384
moore 75e2 2 250 - 0.84 400.12 1688788
nbpm 75e2 2 250 - 4.18 166.59 4242124
greedy 75e2 2 250 - 3.85 152.70 6183092
dry 1e4 5 89 - 0.04 0.11 28824
aoDLAV 1e4 5 89 - 0.04 0.22 31084
aoULAV 1e4 5 89 - 0.03 0.22 31096
aoD2AG 1e4 5 89 - 0.03 0.22 32112
aoD2SG 1e4 5 89 - 0.03 0.24 32108
moore 1e4 5 89 - 1.19 976.40 2961736
nbpm 1e4 5 89 - 7.42 651.74 7811460
greedy 1e4 5 89 - 6.32 301.02 10959172
dry 1e4 10 231 - 0.03 0.12 27688
aoDLAV 1e4 10 231 - 0.03 0.68 32764
aoULAV 1e4 10 231 - 0.02 0.71 32776
aoD2AG 1e4 10 231 - 0.03 0.72 32744
aoD2SG 1e4 10 231 - 0.04 0.77 34176
moore 1e4 10 231 - 1.14 956.88 2963856
nbpm 1e4 10 231 - 7.38 760.09 7764388
greedy 1e4 10 231 - 6.61 271.34 10961108
dry 32e6 2 77 - 0.45 1.10 655176
aoDLAV 32e6 2 77 - 2.81 191.27 4768376
aoULAV 32e6 2 77 - 2.72 193.94 4768328
aoD2AG 32e6 2 77 - 6.38 268.57 7008156
aoD2SG 32e6 2 77 - 6.73 325.68 7261924
dry 1e4 10 147 - 0.02 0.12 27688
aoDLAV 1e4 10 147 - 0.03 0.69 32768
aoULAV 1e4 10 147 - 0.04 0.67 32776
aoD2AG 1e4 10 147 - 0.03 0.70 32744
aoD2SG 1e4 10 147 - 0.04 0.78 34176
moore 1e4 10 147 - 1.09 954.79 2963856
nbpm 1e4 10 147 - 7.48 709.59 7764392
greedy 1e4 10 147 - 6.35 275.83 10961108
dry 1e4 10 1 - 0.02 0.12 27692
aoDLAV 1e4 10 1 - 0.03 0.68 32764
aoULAV 1e4 10 1 - 0.03 0.68 32780
aoD2AG 1e4 10 1 - 0.02 0.70 32744
aoD2SG 1e4 10 1 - 0.03 0.77 34180
moore 1e4 10 1 - 1.20 1065.45 2963856
nbpm 1e4 10 1 - 7.40 729.81 7764392
greedy 1e4 10 1 - 6.81 271.81 10961108
dry 4e7 2 131 - 0.49 1.35 811424
aoDLAV 4e7 2 131 - 3.36 225.45 5955816
aoULAV 4e7 2 131 - 3.38 241.26 5955816
aoD2AG 4e7 2 131 - 7.42 346.97 8754396
aoD2SG 4e7 2 131 - 8.58 395.31 9075500
dry 32e2 2 201 - 0.03 0.12 26112
aoDLAV 32e2 2 201 - 0.04 0.15 30540
aoULAV 32e2 2 201 - 0.03 0.15 30548
aoD2AG 32e2 2 201 - 0.03 0.16 31196
aoD2SG 32e2 2 201 - 0.04 0.15 31264
moore 32e2 2 201 - 0.25 62.37 330516
nbpm 32e2 2 201 - 0.86 20.24 854752
greedy 32e2 2 201 - 0.73 20.31 1150168
dry 7e7 2 122 - 0.80 2.18 1397356
aoDLAV 7e7 2 122 - 5.96 436.73 10408940
aoULAV 7e7 2 122 - 7.40 447.48 10408936
aoD2AG 7e7 2 122 - 13.15 630.91 15306632
aoD2SG 7e7 2 122 - 14.06 710.90 15864548
