dry 1e8 5 245 - 1.72 5.64 4327056
aoDLAV 1e8 5 245 - 10.54 2734.87 23065204
aoULAV 1e8 5 245 - 16.95 2581.30 23065208
aoD2AG 1e8 5 245 - 25.82 2886.27 30462944
aoD2SG 1e8 5 245 - 27.79 4298.53 31318900
dry 2e4 2 201 - 0.03 0.11 26828
aoDLAV 2e4 2 201 - 0.03 0.19 30812
aoULAV 2e4 2 201 - 0.03 0.19 30808
aoD2AG 2e4 2 201 - 0.03 0.20 32284
aoD2SG 2e4 2 201 - 0.03 0.21 32292
moore 2e4 2 201 - 3.48 7693.52 11765548
nbpm 2e4 2 201 - 28.67 2660.97 31402188
greedy 2e4 2 201 - 23.84 1241.54 43771040
dry 125e2 2 229 - 0.02 0.12 28340
aoDLAV 125e2 2 229 - 0.03 0.19 30708
aoULAV 125e2 2 229 - 0.02 0.20 30712
aoD2AG 125e2 2 229 - 0.04 0.18 31376
aoD2SG 125e2 2 229 - 0.04 0.19 31376
moore 125e2 2 229 - 1.85 1992.37 4611540
nbpm 125e2 2 229 - 11.69 754.43 12302320
greedy 125e2 2 229 - 9.75 468.49 17109964
dry 2e4 5 166 - 0.03 0.11 29612
aoDLAV 2e4 5 166 - 0.03 0.29 32756
aoULAV 2e4 5 166 - 0.04 0.28 32772
aoD2AG 2e4 5 166 - 0.03 0.32 33348
aoD2SG 2e4 5 166 - 0.03 0.35 32860
moore 2e4 5 166 - 3.41 6194.69 11768084
nbpm 2e4 5 166 - 29.92 4830.92 34200496
greedy 2e4 5 166 - 24.26 1348.19 43774008
dry 125e2 2 123 - 0.04 0.12 26536
aoDLAV 125e2 2 123 - 0.03 0.18 30708
aoULAV 125e2 2 123 - 0.04 0.17 30708
aoD2AG 125e2 2 123 - 0.04 0.19 31380
aoD2SG 125e2 2 123 - 0.04 0.18 31376
moore 125e2 2 123 - 1.63 1698.98 4611544
nbpm 125e2 2 123 - 11.24 696.62 12302320
greedy 125e2 2 123 - 9.95 448.52 17109964
dry 1e8 2 17 - 1.04 3.02 1983296
aoDLAV 1e8 2 17 - 8.08 605.44 14862068
aoULAV 1e8 2 17 - 10.75 633.66 14862068
aoD2AG 1e8 2 17 - 19.03 915.76 21856868
aoD2SG 1e8 2 17 - 19.97 1058.63 22653440
dry 2e4 10 53 - 0.03 0.12 29364
aoDLAV 2e4 10 53 - 0.03 1.74 34836
aoULAV 2e4 10 53 - 0.04 1.71 34884
aoD2AG 2e4 10 53 - 0.04 1.75 36076
aoD2SG 2e4 10 53 - 0.04 2.16 36080
moore 2e4 10 53 - 3.51 6827.40 11770832
nbpm 2e4 10 53 - 29.09 5505.04 30880144
greedy 2e4 10 53 - 25.72 1577.61 43775820
dry 18e3 2 230 - 0.03 0.11 26748
aoDLAV 18e3 2 230 - 0.03 0.19 30740
aoULAV 18e3 2 230 - 0.02 0.19 30744
aoD2AG 18e3 2 230 - 0.04 0.19 31808
aoD2SG 18e3 2 230 - 0.04 0.20 31816
moore 18e3 2 230 - 2.88 5135.80 9534976
nbpm 18e3 2 230 - 23.68 1981.55 25451060
greedy 18e3 2 230 - 18.34 1198.22 35458364
dry 2e4 5 65 - 0.02 0.12 27776
aoDLAV 2e4 5 65 - 0.03 0.29 32760
aoULAV 2e4 5 65 - 0.03 0.29 32768
aoD2AG 2e4 5 65 - 0.04 0.32 33348
aoD2SG 2e4 5 65 - 0.03 0.34 32860
moore 2e4 5 65 - 3.43 7058.06 11768084
nbpm 2e4 5 65 - 28.40 5688.30 34200504
greedy 2e4 5 65 - 25.70 1279.88 43774004
dry 2e4 2 110 - 0.03 0.11 26828
aoDLAV 2e4 2 110 - 0.04 0.18 30812
aoULAV 2e4 2 110 - 0.04 0.18 30812
aoD2AG 2e4 2 110 - 0.04 0.22 32284
aoD2SG 2e4 2 110 - 0.04 0.22 32292
moore 2e4 2 110 - 3.73 7549.33 11765556
nbpm 2e4 2 110 - 28.95 3951.54 31402196
greedy 2e4 2 110 - 24.87 1239.54 43771040
dry 150e2 2 168 - 0.03 0.11 26632
aoDLAV 150e2 2 168 - 0.04 0.17 30828
aoULAV 150e2 2 168 - 0.03 0.19 30828
aoD2AG 150e2 2 168 - 0.03 0.19 31608
aoD2SG 150e2 2 168 - 0.03 0.20 31608
moore 150e2 2 168 - 2.14 3013.97 6629352
nbpm 150e2 2 168 - 15.73 1136.48 16814176
greedy 150e2 2 168 - 15.39 700.09 24630024
dry 8e7 2 158 - 0.96 2.46 1592680
aoDLAV 8e7 2 158 - 6.78 447.58 11893328
aoULAV 8e7 2 158 - 8.38 527.27 11893328
aoD2AG 8e7 2 158 - 15.52 739.76 17486624
aoD2SG 8e7 2 158 - 16.37 890.74 18125196
dry 1e8 2 74 - 1.00 2.98 1983296
aoDLAV 1e8 2 74 - 7.95 568.58 14862072
aoULAV 1e8 2 74 - 11.11 672.97 14862072
aoD2AG 1e8 2 74 - 18.95 1151.00 21855412
aoD2SG 1e8 2 74 - 19.91 1029.02 22654432
dry 9e7 2 194 - 0.91 2.71 1787988
aoDLAV 9e7 2 194 - 7.20 513.58 13377688
aoULAV 9e7 2 194 - 9.37 548.95 13377684
aoD2AG 9e7 2 194 - 16.96 770.54 19672100
aoD2SG 9e7 2 194 - 17.03 900.25 20389340
dry 2e4 2 94 - 0.02 0.12 26828
aoDLAV 2e4 2 94 - 0.03 0.19 30808
aoULAV 2e4 2 94 - 0.04 0.19 30808
aoD2AG 2e4 2 94 - 0.03 0.21 32288
aoD2SG 2e4 2 94 - 0.03 0.21 32292
moore 2e4 2 94 - 3.50 7083.64 11765556
nbpm 2e4 2 94 - 36.26 2721.84 31402192
greedy 2e4 2 94 - 24.58 1573.43 43771040
dry 1e8 2 249 - 1.05 3.00 1983304
aoDLAV 1e8 2 249 - 7.94 590.82 14862068
aoULAV 1e8 2 249 - 10.68 631.40 14862068
aoD2AG 1e8 2 249 - 18.61 890.32 21850656
aoD2SG 1e8 2 249 - 20.18 1096.38 22649516
dry 175e2 2 158 - 0.02 0.12 26732
aoDLAV 175e2 2 158 - 0.03 0.18 30716
aoULAV 175e2 2 158 - 0.03 0.19 30716
aoD2AG 175e2 2 158 - 0.03 0.20 31756
aoD2SG 175e2 2 158 - 0.03 0.21 31760
moore 175e2 2 158 - 2.81 5795.96 9014024
nbpm 175e2 2 158 - 21.40 1766.46 22863136
greedy 175e2 2 158 - 18.36 914.73 33516976
dry 1e8 5 198 - 2.46 6.36 4327052
aoDLAV 1e8 5 198 - 11.97 3020.45 23065204
aoULAV 1e8 5 198 - 15.92 2598.52 23065208
aoD2AG 1e8 5 198 - 26.52 2866.09 30456076
aoD2SG 1e8 5 198 - 28.03 3592.57 31309456
dry 125e2 2 18 - 0.04 0.11 26532
aoDLAV 125e2 2 18 - 0.03 0.18 30708
aoULAV 125e2 2 18 - 0.04 0.18 30712
aoD2AG 125e2 2 18 - 0.02 0.19 31376
aoD2SG 125e2 2 18 - 0.03 0.19 31376
moore 125e2 2 18 - 1.56 2115.51 4611540
nbpm 125e2 2 18 - 11.91 665.23 12302320
greedy 125e2 2 18 - 10.67 460.92 17109964
dry 125e2 2 23 - 0.04 0.11 26532
aoDLAV 125e2 2 23 - 0.03 0.17 30720
aoULAV 125e2 2 23 - 0.04 0.17 30708
aoD2AG 125e2 2 23 - 0.03 0.18 31376
aoD2SG 125e2 2 23 - 0.04 0.19 31380
moore 125e2 2 23 - 1.66 1870.74 4611548
nbpm 125e2 2 23 - 11.84 664.63 12302328
greedy 125e2 2 23 - 9.82 520.93 17109964
dry 1e8 5 103 - 2.21 6.23 4327056
aoDLAV 1e8 5 103 - 11.94 2609.12 23065204
aoULAV 1e8 5 103 - 16.53 2732.30 23065204
aoD2AG 1e8 5 103 - 27.42 3100.66 30455776
aoD2SG 1e8 5 103 - 28.75 3724.95 31309076
dry 1e8 5 179 - 2.37 6.22 4327052
aoDLAV 1e8 5 179 - 11.27 2516.99 23065208
aoULAV 1e8 5 179 - 18.62 3474.96 23065204
aoD2AG 1e8 5 179 - 25.49 3432.57 30456388
aoD2SG 1e8 5 179 - 27.01 3567.94 31312768
dry 9e7 2 202 - 1.00 2.70 1787988
aoDLAV 9e7 2 202 - 7.31 535.59 13377684
aoULAV 9e7 2 202 - 9.15 552.99 13377688
aoD2AG 9e7 2 202 - 17.09 790.73 19674412
aoD2SG 9e7 2 202 - 18.17 920.54 20389796
dry 9e7 2 49 - 0.95 2.72 1787984
aoDLAV 9e7 2 49 - 7.25 516.87 13377684
aoULAV 9e7 2 49 - 9.64 551.52 13377684
aoD2AG 9e7 2 49 - 17.42 786.14 19671204
aoD2SG 9e7 2 49 - 17.84 929.74 20389860
dry 150e2 2 145 - 0.02 0.12 26628
aoDLAV 150e2 2 145 - 0.02 0.18 30828
aoULAV 150e2 2 145 - 0.03 0.17 30828
aoD2AG 150e2 2 145 - 0.02 0.19 31608
aoD2SG 150e2 2 145 - 0.03 0.19 31608
moore 150e2 2 145 - 2.09 3233.48 6629344
nbpm 150e2 2 145 - 14.81 1126.31 16814168
greedy 150e2 2 145 - 14.18 745.91 24630024
dry 8e7 2 99 - 0.83 2.47 1592676
aoDLAV 8e7 2 99 - 6.31 453.64 11893328
aoULAV 8e7 2 99 - 8.45 495.15 11893324
aoD2AG 8e7 2 99 - 14.84 724.55 17486236
aoD2SG 8e7 2 99 - 15.64 810.67 18124764
dry 2e4 2 126 - 0.02 0.12 26828
aoDLAV 2e4 2 126 - 0.04 0.18 30812
aoULAV 2e4 2 126 - 0.04 0.18 30812
aoD2AG 2e4 2 126 - 0.03 0.21 32288
aoD2SG 2e4 2 126 - 0.03 0.22 32288
moore 2e4 2 126 - 3.54 7403.89 11765652
nbpm 2e4 2 126 - 29.56 2655.19 31402188
greedy 2e4 2 126 - 25.45 1308.41 43771040
dry 18e3 2 73 - 0.03 0.12 30492
aoDLAV 18e3 2 73 - 0.03 0.19 30740
aoULAV 18e3 2 73 - 0.03 0.19 30784
aoD2AG 18e3 2 73 - 0.03 0.20 31808
aoD2SG 18e3 2 73 - 0.03 0.21 31812
moore 18e3 2 73 - 2.86 4680.89 9534988
nbpm 18e3 2 73 - 23.36 1911.15 25451060
greedy 18e3 2 73 - 19.69 1032.10 35458364
dry 2e4 2 89 - 0.02 0.12 26828
aoDLAV 2e4 2 89 - 0.03 0.19 30812
aoULAV 2e4 2 89 - 0.03 0.18 30808
aoD2AG 2e4 2 89 - 0.04 0.20 32284
aoD2SG 2e4 2 89 - 0.03 0.21 32292
moore 2e4 2 89 - 3.49 6652.52 11765552
nbpm 2e4 2 89 - 29.00 2618.46 31402196
greedy 2e4 2 89 - 24.49 1217.17 43771040
dry 2e4 10 41 - 0.02 0.13 31220
aoDLAV 2e4 10 41 - 0.03 1.60 34836
aoULAV 2e4 10 41 - 0.05 1.54 34848
aoD2AG 2e4 10 41 - 0.03 1.61 36080
aoD2SG 2e4 10 41 - 0.04 1.86 36076
moore 2e4 10 41 - 4.11 6463.61 11770836
nbpm 2e4 10 41 - 29.83 5933.25 30880036
greedy 2e4 10 41 - 23.70 1277.32 43775820
dry 9e7 2 69 - 0.99 2.71 1787984
aoDLAV 9e7 2 69 - 7.19 524.22 13377684
aoULAV 9e7 2 69 - 9.22 567.03 13377684
aoD2AG 9e7 2 69 - 16.72 802.97 19672464
aoD2SG 9e7 2 69 - 18.07 1165.80 20389876
dry 2e4 2 48 - 0.03 0.12 26828
aoDLAV 2e4 2 48 - 0.03 0.19 30812
aoULAV 2e4 2 48 - 0.04 0.19 30812
aoD2AG 2e4 2 48 - 0.03 0.21 32284
aoD2SG 2e4 2 48 - 0.03 0.21 32288
moore 2e4 2 48 - 3.63 8033.15 11765556
nbpm 2e4 2 48 - 28.78 2830.95 31402200
greedy 2e4 2 48 - 26.09 1336.57 43771040
dry 8e7 2 206 - 0.90 2.49 1592676
aoDLAV 8e7 2 206 - 6.67 478.21 11893328
aoULAV 8e7 2 206 - 8.83 522.37 11893324
aoD2AG 8e7 2 206 - 15.83 737.56 17489372
aoD2SG 8e7 2 206 - 16.38 844.75 18124044
dry 2e4 5 207 - 0.03 0.12 27776
aoDLAV 2e4 5 207 - 0.03 0.29 32756
aoULAV 2e4 5 207 - 0.03 0.29 32768
aoD2AG 2e4 5 207 - 0.04 0.31 33344
aoD2SG 2e4 5 207 - 0.03 0.34 32864
moore 2e4 5 207 - 3.50 7686.61 11768084
