dry 125e2 2 52 - 0.02 0.12 26536
aoDLAV 125e2 2 52 - 0.03 0.17 30708
aoULAV 125e2 2 52 - 0.02 0.18 30708
aoD2AG 125e2 2 52 - 0.03 0.18 31376
aoD2SG 125e2 2 52 - 0.03 0.18 31376
moore 125e2 2 52 - 1.54 1754.98 4611548
nbpm 125e2 2 52 - 11.54 682.67 12302328
greedy 125e2 2 52 - 9.72 452.97 17109964
dry 1e8 2 147 - 1.05 3.07 1983296
aoDLAV 1e8 2 147 - 8.05 602.91 14862068
aoULAV 1e8 2 147 - 10.78 647.46 14862072
aoD2AG 1e8 2 147 - 18.56 900.33 21854400
aoD2SG 1e8 2 147 - 19.47 1310.37 22649736
dry 1e8 2 51 - 1.04 3.04 1983300
aoDLAV 1e8 2 51 - 7.96 592.38 14862072
aoULAV 1e8 2 51 - 10.48 623.79 14862068
aoD2AG 1e8 2 51 - 18.78 902.87 21855028
aoD2SG 1e8 2 51 - 19.55 1050.80 22654296
dry 125e2 2 127 - 0.03 0.11 26532
aoDLAV 125e2 2 127 - 0.03 0.17 30708
aoULAV 125e2 2 127 - 0.03 0.17 30708
aoD2AG 125e2 2 127 - 0.03 0.19 31404
aoD2SG 125e2 2 127 - 0.03 0.19 31376
moore 125e2 2 127 - 1.60 1828.50 4611540
nbpm 125e2 2 127 - 11.77 685.37 12302320
greedy 125e2 2 127 - 9.47 560.20 17109968
dry 125e2 2 34 - 0.03 0.12 27952
aoDLAV 125e2 2 34 - 0.03 0.18 30708
aoULAV 125e2 2 34 - 0.04 0.17 30708
aoD2AG 125e2 2 34 - 0.03 0.20 31376
aoD2SG 125e2 2 34 - 0.03 0.19 31380
moore 125e2 2 34 - 1.66 1886.47 4611540
nbpm 125e2 2 34 - 11.55 788.89 12302320
greedy 125e2 2 34 - 9.57 466.38 17109964
dry 2e4 5 11 - 0.03 0.12 27776
aoDLAV 2e4 5 11 - 0.04 0.29 32756
aoULAV 2e4 5 11 - 0.03 0.31 32768
aoD2AG 2e4 5 11 - 0.04 0.33 33348
aoD2SG 2e4 5 11 - 0.03 0.37 32860
moore 2e4 5 11 - 3.47 7552.84 11768080
nbpm 2e4 5 11 - 29.21 5000.98 34200496
greedy 2e4 5 11 - 24.83 1294.47 43774008
dry 2e4 5 200 - 0.03 0.12 29624
aoDLAV 2e4 5 200 - 0.04 0.30 32760
aoULAV 2e4 5 200 - 0.04 0.28 32772
aoD2AG 2e4 5 200 - 0.03 0.32 33344
aoD2SG 2e4 5 200 - 0.04 0.35 32860
moore 2e4 5 200 - 3.34 6145.89 11768084
nbpm 2e4 5 200 - 29.20 5263.89 34200492
greedy 2e4 5 200 - 24.96 1321.27 43774008
dry 2e4 2 50 - 0.02 0.12 26828
aoDLAV 2e4 2 50 - 0.02 0.20 30812
aoULAV 2e4 2 50 - 0.04 0.20 30808
aoD2AG 2e4 2 50 - 0.04 0.22 32284
aoD2SG 2e4 2 50 - 0.04 0.22 32292
moore 2e4 2 50 - 3.46 7346.90 11765552
nbpm 2e4 2 50 - 29.35 2731.78 31402244
greedy 2e4 2 50 - 24.88 1196.85 43771040
dry 1e8 2 102 - 1.17 3.09 1983296
aoDLAV 1e8 2 102 - 8.37 624.23 14862072
aoULAV 1e8 2 102 - 10.58 655.78 14862088
aoD2AG 1e8 2 102 - 18.28 904.03 21856820
aoD2SG 1e8 2 102 - 19.30 1368.66 22653288
dry 1e8 2 220 - 1.07 3.02 1983296
aoDLAV 1e8 2 220 - 7.59 594.31 14862068
aoULAV 1e8 2 220 - 10.62 634.76 14862068
aoD2AG 1e8 2 220 - 19.12 1158.11 21853788
aoD2SG 1e8 2 220 - 20.35 1048.51 22651596
dry 2e4 2 6 - 0.02 0.12 26832
aoDLAV 2e4 2 6 - 0.03 0.19 30808
aoULAV 2e4 2 6 - 0.03 0.19 30812
aoD2AG 2e4 2 6 - 0.03 0.21 32284
aoD2SG 2e4 2 6 - 0.03 0.22 32288
moore 2e4 2 6 - 3.48 8119.41 11765552
nbpm 2e4 2 6 - 29.55 2570.87 31402200
greedy 2e4 2 6 - 24.72 1235.14 43771040
dry 8e7 2 249 - 0.88 2.48 1592676
aoDLAV 8e7 2 249 - 6.37 493.07 11893324
aoULAV 8e7 2 249 - 8.07 632.12 11893328
aoD2AG 8e7 2 249 - 15.13 713.42 17488120
aoD2SG 8e7 2 249 - 16.40 841.06 18124296
dry 150e2 2 87 - 0.03 0.11 26628
aoDLAV 150e2 2 87 - 0.03 0.18 30824
aoULAV 150e2 2 87 - 0.02 0.19 30824
aoD2AG 150e2 2 87 - 0.02 0.20 31612
aoD2SG 150e2 2 87 - 0.02 0.20 31608
moore 150e2 2 87 - 2.16 2691.08 6629352
nbpm 150e2 2 87 - 14.63 1339.74 16814176
greedy 150e2 2 87 - 14.74 661.35 24630028
dry 150e2 2 225 - 0.03 0.12 26628
aoDLAV 150e2 2 225 - 0.04 0.18 30824
aoULAV 150e2 2 225 - 0.03 0.18 30824
aoD2AG 150e2 2 225 - 0.03 0.20 31608
aoD2SG 150e2 2 225 - 0.03 0.20 31608
moore 150e2 2 225 - 2.13 3474.21 6629344
nbpm 150e2 2 225 - 14.75 1155.44 16814168
greedy 150e2 2 225 - 13.55 710.12 24630024
dry 18e3 2 32 - 0.03 0.12 26748
aoDLAV 18e3 2 32 - 0.03 0.19 30740
aoULAV 18e3 2 32 - 0.03 0.19 30740
aoD2AG 18e3 2 32 - 0.04 0.21 31804
aoD2SG 18e3 2 32 - 0.03 0.22 31808
moore 18e3 2 32 - 2.95 6327.04 9534976
nbpm 18e3 2 32 - 24.37 1976.35 25451100
greedy 18e3 2 32 - 20.84 1036.44 35458364
dry 2e4 10 112 - 0.02 0.13 30596
aoDLAV 2e4 10 112 - 0.03 1.75 34836
aoULAV 2e4 10 112 - 0.04 1.76 34848
aoD2AG 2e4 10 112 - 0.05 1.79 36124
aoD2SG 2e4 10 112 - 0.04 2.03 36076
moore 2e4 10 112 - 3.66 6733.59 11770836
nbpm 2e4 10 112 - 30.18 5689.26 30880036
greedy 2e4 10 112 - 25.38 1320.81 43775824
dry 2e4 10 43 - 0.04 0.12 31072
aoDLAV 2e4 10 43 - 0.04 1.87 34836
aoULAV 2e4 10 43 - 0.04 1.88 34848
aoD2AG 2e4 10 43 - 0.04 1.81 36076
aoD2SG 2e4 10 43 - 0.03 2.06 36076
moore 2e4 10 43 - 3.45 7999.47 11770836
nbpm 2e4 10 43 - 28.93 7329.46 30880076
greedy 2e4 10 43 - 23.71 1325.65 43775852
dry 1e8 2 188 - 1.14 3.05 1983296
aoDLAV 1e8 2 188 - 8.03 592.20 14862072
aoULAV 1e8 2 188 - 10.16 627.42 14862068
aoD2AG 1e8 2 188 - 19.37 896.09 21854776
aoD2SG 1e8 2 188 - 20.67 1051.70 22654164
dry 175e2 2 150 - 0.02 0.13 26732
aoDLAV 175e2 2 150 - 0.04 0.19 30716
aoULAV 175e2 2 150 - 0.03 0.19 30720
aoD2AG 175e2 2 150 - 0.03 0.20 31756
aoD2SG 175e2 2 150 - 0.03 0.20 31760
moore 175e2 2 150 - 2.76 4758.14 9014028
nbpm 175e2 2 150 - 21.86 1810.38 22863144
greedy 175e2 2 150 - 18.53 987.04 33517032
dry 150e2 2 234 - 0.02 0.12 26628
aoDLAV 150e2 2 234 - 0.03 0.18 30824
aoULAV 150e2 2 234 - 0.03 0.18 30824
aoD2AG 150e2 2 234 - 0.02 0.20 31616
aoD2SG 150e2 2 234 - 0.03 0.19 31608
moore 150e2 2 234 - 2.24 3266.48 6629344
nbpm 150e2 2 234 - 14.86 1151.02 16814168
greedy 150e2 2 234 - 14.82 663.30 24630076
dry 2e4 2 35 - 0.02 0.12 26828
aoDLAV 2e4 2 35 - 0.03 0.19 30808
aoULAV 2e4 2 35 - 0.04 0.19 30808
aoD2AG 2e4 2 35 - 0.02 0.22 32288
aoD2SG 2e4 2 35 - 0.04 0.22 32292
moore 2e4 2 35 - 3.42 7225.50 11765556
nbpm 2e4 2 35 - 29.48 2679.06 31402196
greedy 2e4 2 35 - 25.16 1257.65 43771036
dry 175e2 2 172 - 0.04 0.12 26732
aoDLAV 175e2 2 172 - 0.04 0.20 30716
aoULAV 175e2 2 172 - 0.03 0.20 30716
aoD2AG 175e2 2 172 - 0.04 0.21 31752
aoD2SG 175e2 2 172 - 0.04 0.21 31760
moore 175e2 2 172 - 2.76 4230.33 9014032
nbpm 175e2 2 172 - 21.16 1837.13 22863144
greedy 175e2 2 172 - 19.19 986.13 33516976
dry 125e2 2 245 - 0.03 0.12 26536
aoDLAV 125e2 2 245 - 0.03 0.18 30708
aoULAV 125e2 2 245 - 0.03 0.18 30708
aoD2AG 125e2 2 245 - 0.03 0.19 31376
aoD2SG 125e2 2 245 - 0.03 0.19 31380
moore 125e2 2 245 - 1.61 2304.37 4611540
nbpm 125e2 2 245 - 11.37 653.44 12302320
greedy 125e2 2 245 - 9.77 472.58 17109964
dry 125e2 2 176 - 0.02 0.13 27952
aoDLAV 125e2 2 176 - 0.02 0.19 30708
aoULAV 125e2 2 176 - 0.04 0.17 30712
aoD2AG 125e2 2 176 - 0.04 0.18 31380
aoD2SG 125e2 2 176 - 0.03 0.20 31376
moore 125e2 2 176 - 1.72 2165.18 4611540
nbpm 125e2 2 176 - 11.45 663.35 12302320
greedy 125e2 2 176 - 10.24 437.22 17109964
dry 1e8 2 29 - 1.07 2.99 1983296
aoDLAV 1e8 2 29 - 8.10 577.23 14862068
aoULAV 1e8 2 29 - 10.22 610.68 14862068
aoD2AG 1e8 2 29 - 18.42 870.86 21858356
aoD2SG 1e8 2 29 - 19.58 1039.52 22653060
dry 175e2 2 140 - 0.04 0.11 30484
aoDLAV 175e2 2 140 - 0.04 0.18 30716
aoULAV 175e2 2 140 - 0.04 0.18 30716
aoD2AG 175e2 2 140 - 0.03 0.20 31756
aoD2SG 175e2 2 140 - 0.03 0.21 31760
moore 175e2 2 140 - 2.77 3969.89 9014028
nbpm 175e2 2 140 - 21.32 2236.44 22863144
greedy 175e2 2 140 - 19.31 977.94 33516976
dry 2e4 10 157 - 0.05 0.12 30860
aoDLAV 2e4 10 157 - 0.04 1.77 34836
aoULAV 2e4 10 157 - 0.05 1.79 34848
aoD2AG 2e4 10 157 - 0.05 1.81 36076
aoD2SG 2e4 10 157 - 0.04 2.24 36076
moore 2e4 10 157 - 3.44 7076.25 11770832
nbpm 2e4 10 157 - 29.11 5755.61 30880040
greedy 2e4 10 157 - 25.96 1301.33 43775820
dry 18e3 2 97 - 0.03 0.11 26748
aoDLAV 18e3 2 97 - 0.04 0.19 30744
aoULAV 18e3 2 97 - 0.04 0.20 30740
aoD2AG 18e3 2 97 - 0.04 0.20 31804
aoD2SG 18e3 2 97 - 0.03 0.24 31812
moore 18e3 2 97 - 2.91 4550.38 9534976
nbpm 18e3 2 97 - 23.43 2046.14 25451056
greedy 18e3 2 97 - 19.84 1064.95 35458368
dry 1e8 2 195 - 1.04 3.06 1983300
aoDLAV 1e8 2 195 - 8.19 594.06 14862068
aoULAV 1e8 2 195 - 10.67 790.19 14862072
aoD2AG 1e8 2 195 - 18.71 889.64 21855372
aoD2SG 1e8 2 195 - 20.74 1050.50 22652672
dry 1e8 5 109 - 2.28 6.29 4327056
aoDLAV 1e8 5 109 - 11.38 2651.87 23065204
aoULAV 1e8 5 109 - 16.27 2602.62 23065204
aoD2AG 1e8 5 109 - 26.32 2982.90 30457664
aoD2SG 1e8 5 109 - 28.31 3748.69 31311632
dry 2e4 5 55 - 0.02 0.13 27776
aoDLAV 2e4 5 55 - 0.04 0.32 32756
aoULAV 2e4 5 55 - 0.04 0.31 32772
aoD2AG 2e4 5 55 - 0.04 0.35 33344
aoD2SG 2e4 5 55 - 0.04 0.36 32860
moore 2e4 5 55 - 3.51 5944.02 11768080
nbpm 2e4 5 55 - 28.57 4900.31 34200500
greedy 2e4 5 55 - 23.50 1318.21 43774004
dry 1e8 2 241 - 1.10 3.02 1983296
aoDLAV 1e8 2 241 - 8.16 586.92 14862068
aoULAV 1e8 2 241 - 10.35 622.76 14862072
aoD2AG 1e8 2 241 - 18.75 873.69 21855684
aoD2SG 1e8 2 241 - 20.55 1330.09 22650156
dry 2e4 5 165 - 0.03 0.13 27780
aoDLAV 2e4 5 165 - 0.04 0.32 32760
aoULAV 2e4 5 165 - 0.03 0.35 32768
aoD2AG 2e4 5 165 - 0.04 0.41 33344
aoD2SG 2e4 5 165 - 0.04 0.43 32860
moore 2e4 5 165 - 3.56 7477.68 11768084
nbpm 2e4 5 165 - 28.97 4987.47 34200496
greedy 2e4 5 165 - 24.61 1279.25 43774004
dry 125e2 2 202 - 0.02 0.13 26536
aoDLAV 125e2 2 202 - 0.02 0.18 30708
aoULAV 125e2 2 202 - 0.04 0.18 30712
aoD2AG 125e2 2 202 - 0.05 0.18 31376
aoD2SG 125e2 2 202 - 0.03 0.20 31376
moore 125e2 2 202 - 1.60 1885.84 4611552
nbpm 125e2 2 202 - 11.60 664.57 12302328
greedy 125e2 2 202 - 9.43 429.89 17109968
dry 1e8 5 58 - 2.17 6.22 4327108
aoDLAV 1e8 5 58 - 11.25 2643.90 23065204
aoULAV 1e8 5 58 - 16.57 2663.66 23065208
aoD2AG 1e8 5 58 - 25.91 3024.80 30453396
