dry 56e5 2 84 - 0.07 0.30 139544
aoDLAV 56e5 2 84 - 0.43 21.85 849556
aoULAV 56e5 2 84 - 0.47 29.66 849556
aoD2AG 56e5 2 84 - 0.70 34.75 1241860
aoD2SG 56e5 2 84 - 0.77 39.39 1285344
dry 32e5 2 5 - 0.05 0.26 92700
aoDLAV 32e5 2 5 - 0.25 12.01 493324
aoULAV 32e5 2 5 - 0.27 12.65 493336
aoD2AG 32e5 2 5 - 0.46 18.07 718600
aoD2SG 32e5 2 5 - 0.44 21.84 743004
dry 32e5 2 224 - 0.05 0.25 92676
aoDLAV 32e5 2 224 - 0.25 12.01 493324
aoULAV 32e5 2 224 - 0.24 12.72 493336
aoD2AG 32e5 2 224 - 0.42 24.49 718152
aoD2SG 32e5 2 224 - 0.41 22.23 743460
dry 32e5 2 61 - 0.06 0.24 92676
aoDLAV 32e5 2 61 - 0.25 12.16 493324
aoULAV 32e5 2 61 - 0.23 12.68 493336
aoD2AG 32e5 2 61 - 0.39 18.28 717080
aoD2SG 32e5 2 61 - 0.41 20.97 742368
dry 1e7 5 42 - 0.25 0.78 459868
aoDLAV 1e7 5 42 - 1.06 213.91 2323016
aoULAV 1e7 5 42 - 1.50 217.48 2323016
aoD2AG 1e7 5 42 - 2.44 239.99 3061372
aoD2SG 1e7 5 42 - 2.17 284.00 3148964
dry 56e5 2 6 - 0.08 0.32 139544
aoDLAV 56e5 2 6 - 0.45 22.86 849556
aoULAV 56e5 2 6 - 0.46 24.25 849556
aoD2AG 56e5 2 6 - 0.85 34.94 1241084
aoD2SG 56e5 2 6 - 0.75 39.77 1285616
dry 18e5 2 245 - 0.05 0.21 65324
aoDLAV 18e5 2 245 - 0.15 6.40 285512
aoULAV 18e5 2 245 - 0.14 6.81 285524
aoD2AG 18e5 2 245 - 0.24 9.87 414012
aoD2SG 18e5 2 245 - 0.27 11.16 427808
dry 1e7 10 150 - 0.42 1.38 850508
aoDLAV 1e7 10 150 - 1.61 4846.25 3533980
aoULAV 1e7 10 150 - 2.38 4821.64 3533956
aoD2AG 1e7 10 150 - 3.69 4850.23 4337760
aoD2SG 1e7 10 150 - 3.61 6581.52 4428608
dry 18e5 2 127 - 0.04 0.21 65324
aoDLAV 18e5 2 127 - 0.16 6.15 285508
aoULAV 18e5 2 127 - 0.16 6.53 285520
aoD2AG 18e5 2 127 - 0.26 9.39 412168
aoD2SG 18e5 2 127 - 0.25 10.70 426792
dry 1e7 5 128 - 0.23 0.78 459868
aoDLAV 1e7 5 128 - 1.07 210.45 2323016
aoULAV 1e7 5 128 - 1.44 215.05 2323016
aoD2AG 1e7 5 128 - 2.46 239.27 3063968
aoD2SG 1e7 5 128 - 2.51 285.76 3147800
dry 1e7 2 222 - 0.12 0.44 225484
aoDLAV 1e7 2 222 - 0.77 44.91 1502688
aoULAV 1e7 2 222 - 0.80 47.31 1502688
aoD2AG 1e7 2 222 - 1.55 66.98 2205340
aoD2SG 1e7 2 222 - 1.67 77.55 2282164
dry 18e5 2 135 - 0.04 0.21 65324
aoDLAV 18e5 2 135 - 0.18 6.35 285508
aoULAV 18e5 2 135 - 0.17 6.82 285520
aoD2AG 18e5 2 135 - 0.24 10.01 412276
aoD2SG 18e5 2 135 - 0.31 11.03 426356
dry 32e5 2 101 - 0.06 0.25 92676
aoDLAV 32e5 2 101 - 0.26 12.59 493324
aoULAV 32e5 2 101 - 0.25 13.08 493336
aoD2AG 32e5 2 101 - 0.41 18.52 718500
aoD2SG 32e5 2 101 - 0.43 20.93 742388
dry 1e7 10 34 - 0.42 1.37 850508
aoDLAV 1e7 10 34 - 1.55 4817.01 3533956
aoULAV 1e7 10 34 - 2.43 4773.04 3533960
aoD2AG 1e7 10 34 - 3.51 6139.51 4339892
aoD2SG 1e7 10 34 - 3.66 5734.02 4426036
dry 1e7 5 203 - 0.23 0.79 459868
aoDLAV 1e7 5 203 - 1.08 209.48 2323016
aoULAV 1e7 5 203 - 1.46 212.26 2323016
aoD2AG 1e7 5 203 - 2.50 233.30 3064544
aoD2SG 1e7 5 203 - 2.58 277.50 3148920
dry 18e5 2 91 - 0.04 0.21 65328
aoDLAV 18e5 2 91 - 0.18 6.22 285512
aoULAV 18e5 2 91 - 0.17 6.61 285520
aoD2AG 18e5 2 91 - 0.27 9.57 412180
aoD2SG 18e5 2 91 - 0.30 10.88 427680
dry 18e5 2 163 - 0.04 0.22 65324
aoDLAV 18e5 2 163 - 0.16 6.17 285512
aoULAV 18e5 2 163 - 0.17 6.56 285576
aoD2AG 18e5 2 163 - 0.25 9.51 412324
aoD2SG 18e5 2 163 - 0.27 10.72 426792
dry 1e7 2 90 - 0.12 0.44 225488
aoDLAV 1e7 2 90 - 0.76 43.35 1502684
aoULAV 1e7 2 90 - 0.81 46.30 1502684
aoD2AG 1e7 2 90 - 1.52 65.18 2202568
aoD2SG 1e7 2 90 - 1.64 75.59 2282500
dry 1e7 2 91 - 0.12 0.44 225484
aoDLAV 1e7 2 91 - 0.82 43.49 1502688
aoULAV 1e7 2 91 - 0.78 46.10 1502688
aoD2AG 1e7 2 91 - 1.59 65.15 2202812
aoD2SG 1e7 2 91 - 1.68 75.33 2284216
dry 18e5 2 108 - 0.05 0.20 65324
aoDLAV 18e5 2 108 - 0.14 6.21 285508
aoULAV 18e5 2 108 - 0.15 6.57 285520
aoD2AG 18e5 2 108 - 0.25 9.59 412712
aoD2SG 18e5 2 108 - 0.28 10.79 427652
dry 56e5 2 127 - 0.08 0.32 139548
aoDLAV 56e5 2 127 - 0.49 22.34 849596
aoULAV 56e5 2 127 - 0.45 23.79 849556
aoD2AG 56e5 2 127 - 0.72 33.73 1240972
aoD2SG 56e5 2 127 - 0.74 38.75 1286004
dry 18e5 2 204 - 0.05 0.20 65328
aoDLAV 18e5 2 204 - 0.15 6.25 285508
aoULAV 18e5 2 204 - 0.17 6.64 285524
aoD2AG 18e5 2 204 - 0.23 9.62 411972
aoD2SG 18e5 2 204 - 0.25 10.96 426964
dry 1e7 10 202 - 0.45 1.40 850512
aoDLAV 1e7 10 202 - 1.59 4743.63 3533952
aoULAV 1e7 10 202 - 2.37 4749.43 3533956
aoD2AG 1e7 10 202 - 4.09 4931.96 4338296
aoD2SG 1e7 10 202 - 3.83 6575.86 4427184
dry 1e7 5 19 - 0.22 0.78 459868
aoDLAV 1e7 5 19 - 1.04 208.11 2323016
aoULAV 1e7 5 19 - 1.52 209.68 2323020
aoD2AG 1e7 5 19 - 2.56 237.52 3065504
aoD2SG 1e7 5 19 - 2.13 286.68 3151892
dry 56e5 2 199 - 0.07 0.32 139544
aoDLAV 56e5 2 199 - 0.47 22.82 849560
aoULAV 56e5 2 199 - 0.46 24.40 849556
aoD2AG 56e5 2 199 - 0.69 35.48 1241684
aoD2SG 56e5 2 199 - 0.86 40.37 1285888
dry 18e5 2 18 - 0.03 0.22 65328
aoDLAV 18e5 2 18 - 0.17 6.37 285508
aoULAV 18e5 2 18 - 0.16 6.80 285524
aoD2AG 18e5 2 18 - 0.24 9.87 412284
aoD2SG 18e5 2 18 - 0.26 11.24 425804
dry 1e7 2 194 - 0.12 0.44 225508
aoDLAV 1e7 2 194 - 0.76 45.11 1502684
aoULAV 1e7 2 194 - 0.74 47.37 1502684
aoD2AG 1e7 2 194 - 1.48 67.73 2203304
aoD2SG 1e7 2 194 - 1.72 77.56 2283984
dry 1e7 10 219 - 0.42 1.35 850512
aoDLAV 1e7 10 219 - 1.55 4796.92 3533960
aoULAV 1e7 10 219 - 2.40 4786.83 3534072
aoD2AG 1e7 10 219 - 3.54 4814.32 4337672
aoD2SG 1e7 10 219 - 3.71 6740.63 4427132
dry 18e5 2 239 - 0.04 0.21 65328
aoDLAV 18e5 2 239 - 0.16 6.40 285512
aoULAV 18e5 2 239 - 0.18 6.76 285520
aoD2AG 18e5 2 239 - 0.26 9.81 412780
aoD2SG 18e5 2 239 - 0.26 11.20 427456
dry 56e5 2 164 - 0.08 0.32 139544
aoDLAV 56e5 2 164 - 0.44 22.81 849556
aoULAV 56e5 2 164 - 0.45 24.31 849556
aoD2AG 56e5 2 164 - 0.71 34.60 1241808
aoD2SG 56e5 2 164 - 0.84 39.69 1287224
dry 1e7 5 53 - 0.23 0.80 459868
aoDLAV 1e7 5 53 - 1.01 216.03 2323016
aoULAV 1e7 5 53 - 1.07 218.85 2323016
aoD2AG 1e7 5 53 - 2.43 242.93 3064436
aoD2SG 1e7 5 53 - 2.47 290.54 3150440
dry 1e7 5 28 - 0.22 0.80 459868
aoDLAV 1e7 5 28 - 1.05 217.28 2323020
aoULAV 1e7 5 28 - 1.52 221.83 2323016
aoD2AG 1e7 5 28 - 2.07 243.71 3062348
aoD2SG 1e7 5 28 - 2.54 290.76 3150024
dry 1e7 5 11 - 0.22 0.79 459872
aoDLAV 1e7 5 11 - 1.09 217.37 2323016
aoULAV 1e7 5 11 - 1.59 221.45 2323016
aoD2AG 1e7 5 11 - 2.41 244.38 3064964
aoD2SG 1e7 5 11 - 2.54 290.84 3152984
dry 1e7 5 214 - 0.23 0.78 459872
aoDLAV 1e7 5 214 - 1.03 218.49 2323016
aoULAV 1e7 5 214 - 1.05 219.63 2323016
aoD2AG 1e7 5 214 - 2.67 246.49 3064076
aoD2SG 1e7 5 214 - 2.78 320.52 3150604
dry 18e5 2 102 - 0.04 0.22 65324
aoDLAV 18e5 2 102 - 0.17 6.41 285512
aoULAV 18e5 2 102 - 0.15 6.89 285580
aoD2AG 18e5 2 102 - 0.25 9.91 412892
aoD2SG 18e5 2 102 - 0.25 11.29 427720
dry 18e5 2 75 - 0.04 0.22 65324
aoDLAV 18e5 2 75 - 0.18 6.47 285508
aoULAV 18e5 2 75 - 0.15 6.89 285520
aoD2AG 18e5 2 75 - 0.24 9.97 412688
aoD2SG 18e5 2 75 - 0.26 11.29 426348
dry 1e7 5 224 - 0.23 0.80 459868
aoDLAV 1e7 5 224 - 1.11 247.31 2323016
aoULAV 1e7 5 224 - 1.58 250.53 2323016
aoD2AG 1e7 5 224 - 2.61 272.02 3065544
aoD2SG 1e7 5 224 - 2.59 282.84 3149968
dry 1e7 2 98 - 0.13 0.44 225488
aoDLAV 1e7 2 98 - 0.77 44.36 1502688
aoULAV 1e7 2 98 - 0.77 47.08 1502684
aoD2AG 1e7 2 98 - 1.51 66.66 2203396
aoD2SG 1e7 2 98 - 1.68 76.87 2283644
dry 1e7 2 62 - 0.13 0.44 225484
aoDLAV 1e7 2 62 - 0.76 44.31 1502712
aoULAV 1e7 2 62 - 0.78 47.01 1502684
aoD2AG 1e7 2 62 - 1.53 66.59 2205708
aoD2SG 1e7 2 62 - 1.59 76.81 2282376
dry 1e7 2 57 - 0.11 0.45 225484
aoDLAV 1e7 2 57 - 0.82 44.32 1502688
aoULAV 1e7 2 57 - 0.92 47.15 1502684
aoD2AG 1e7 2 57 - 1.53 66.70 2202388
aoD2SG 1e7 2 57 - 1.63 77.15 2283276
dry 1e7 5 140 - 0.25 0.79 459868
aoDLAV 1e7 5 140 - 1.12 215.99 2323020
aoULAV 1e7 5 140 - 1.57 219.24 2323016
aoD2AG 1e7 5 140 - 2.53 241.57 3063940
aoD2SG 1e7 5 140 - 2.63 286.91 3149820
dry 56e5 2 146 - 0.08 0.31 139544
aoDLAV 56e5 2 146 - 0.48 23.03 849560
aoULAV 56e5 2 146 - 0.58 24.46 849560
aoD2AG 56e5 2 146 - 0.77 34.77 1242484
aoD2SG 56e5 2 146 - 0.77 39.92 1286896
dry 1e7 2 96 - 0.12 0.45 225484
aoDLAV 1e7 2 96 - 0.80 44.62 1502684
aoULAV 1e7 2 96 - 0.79 47.39 1502684
aoD2AG 1e7 2 96 - 1.58 67.09 2203500
aoD2SG 1e7 2 96 - 1.68 77.52 2282644
dry 1e7 5 229 - 0.24 0.80 459872
aoDLAV 1e7 5 229 - 1.06 215.92 2323016
aoULAV 1e7 5 229 - 1.13 218.27 2323016
aoD2AG 1e7 5 229 - 2.49 239.84 3063668
aoD2SG 1e7 5 229 - 2.66 283.15 3149768
dry 56e5 2 138 - 0.08 0.32 139548
aoDLAV 56e5 2 138 - 0.47 22.79 849556
aoULAV 56e5 2 138 - 0.44 24.29 849556
aoD2AG 56e5 2 138 - 0.75 34.53 1243676
aoD2SG 56e5 2 138 - 0.76 40.41 1285960
dry 1e7 5 32 - 0.24 0.80 459868
aoDLAV 1e7 5 32 - 1.05 215.64 2323020
aoULAV 1e7 5 32 - 1.53 218.73 2323016
aoD2AG 1e7 5 32 - 2.59 240.15 3064868
aoD2SG 1e7 5 32 - 2.57 285.43 3149604
dry 1e7 10 43 - 0.41 1.40 850508
aoDLAV 1e7 10 43 - 1.62 6566.97 3533956
aoULAV 1e7 10 43 - 2.60 5751.05 3533956
aoD2AG 1e7 10 43 - 3.53 5374.16 4336552
aoD2SG 1e7 10 43 - 3.69 5656.70 4426288
dry 18e5 2 56 - 0.04 0.21 65324
aoDLAV 18e5 2 56 - 0.15 6.19 285508
aoULAV 18e5 2 56 - 0.20 6.52 285520
aoD2AG 18e5 2 56 - 0.25 9.53 411876
aoD2SG 18e5 2 56 - 0.25 10.85 427228
dry 18e5 2 198 - 0.04 0.21 65324
aoDLAV 18e5 2 198 - 0.16 6.22 285540
aoULAV 18e5 2 198 - 0.17 6.57 285524
aoD2AG 18e5 2 198 - 0.23 9.54 412036
aoD2SG 18e5 2 198 - 0.27 10.77 426668
dry 18e5 2 153 - 0.04 0.21 65328
aoDLAV 18e5 2 153 - 0.16 6.38 285508
aoULAV 18e5 2 153 - 0.16 6.75 285520
aoD2AG 18e5 2 153 - 0.24 9.78 412620
aoD2SG 18e5 2 153 - 0.27 11.10 427480
dry 32e5 2 170 - 0.05 0.25 92676
aoDLAV 32e5 2 170 - 0.27 11.89 493328
aoULAV 32e5 2 170 - 0.26 12.66 493340
aoD2AG 32e5 2 170 - 0.40 18.24 717812
aoD2SG 32e5 2 170 - 0.43 20.83 743136
dry 56e5 2 177 - 0.07 0.32 139548
aoDLAV 56e5 2 177 - 0.44 22.76 849580
aoULAV 56e5 2 177 - 0.45 24.22 849556
aoD2AG 56e5 2 177 - 0.68 34.51 1241288
aoD2SG 56e5 2 177 - 0.73 39.60 1287812
dry 1e7 2 66 - 0.11 0.44 225488
aoDLAV 1e7 2 66 - 0.76 44.36 1502684
aoULAV 1e7 2 66 - 0.72 47.10 1502688
aoD2AG 1e7 2 66 - 1.48 66.52 2203952
aoD2SG 1e7 2 66 - 1.56 76.91 2283808
dry 18e5 2 73 - 0.05 0.20 65324
aoDLAV 18e5 2 73 - 0.16 6.34 285508
aoULAV 18e5 2 73 - 0.17 6.74 285520
aoD2AG 18e5 2 73 - 0.27 9.78 412344
aoD2SG 18e5 2 73 - 0.24 11.12 426928
dry 32e5 2 66 - 0.05 0.25 92680
aoDLAV 32e5 2 66 - 0.27 11.89 493324
aoULAV 32e5 2 66 - 0.25 12.69 493336
aoD2AG 32e5 2 66 - 0.48 18.26 717936
aoD2SG 32e5 2 66 - 0.43 20.89 743964
dry 32e5 2 56 - 0.06 0.25 92676
aoDLAV 32e5 2 56 - 0.27 11.88 493324
aoULAV 32e5 2 56 - 0.27 12.67 493340
aoD2AG 32e5 2 56 - 0.41 18.25 717784
aoD2SG 32e5 2 56 - 0.39 20.89 743860
dry 1e7 5 206 - 0.23 0.79 459896
aoDLAV 1e7 5 206 - 1.03 214.83 2323020
aoULAV 1e7 5 206 - 1.57 217.30 2323016
aoD2AG 1e7 5 206 - 2.04 239.23 3063368
aoD2SG 1e7 5 206 - 2.54 286.90 3148448
dry 1e7 5 157 - 0.22 0.79 459868
aoDLAV 1e7 5 157 - 1.08 216.25 2323020
aoULAV 1e7 5 157 - 1.50 219.19 2323020
aoD2AG 1e7 5 157 - 2.50 240.49 3065112
aoD2SG 1e7 5 157 - 2.05 286.18 3149276
dry 32e5 2 110 - 0.06 0.24 92676
aoDLAV 32e5 2 110 - 0.23 11.75 493324
aoULAV 32e5 2 110 - 0.27 12.46 493336
aoD2AG 32e5 2 110 - 0.41 18.03 717496
aoD2SG 32e5 2 110 - 0.47 20.71 744428
dry 1e7 2 205 - 0.13 0.43 225488
aoDLAV 1e7 2 205 - 0.77 44.44 1502684
aoULAV 1e7 2 205 - 0.78 47.10 1502688
aoD2AG 1e7 2 205 - 1.54 66.84 2203236
aoD2SG 1e7 2 205 - 1.66 77.17 2284408
dry 1e7 2 147 - 0.12 0.44 225484
aoDLAV 1e7 2 147 - 0.75 44.14 1502684
aoULAV 1e7 2 147 - 0.96 48.37 1502684
aoD2AG 1e7 2 147 - 1.50 67.63 2204516
aoD2SG 1e7 2 147 - 1.59 77.88 2283520
dry 32e5 2 218 - 0.06 0.25 92680
aoDLAV 32e5 2 218 - 0.26 11.95 493328
aoULAV 32e5 2 218 - 0.26 13.06 493336
aoD2AG 32e5 2 218 - 0.37 18.57 717832
aoD2SG 32e5 2 218 - 0.42 21.04 743736
dry 1e7 5 17 - 0.22 0.79 459868
aoDLAV 1e7 5 17 - 1.11 218.49 2323016
aoULAV 1e7 5 17 - 1.60 251.79 2323016
aoD2AG 1e7 5 17 - 2.63 279.28 3064216
aoD2SG 1e7 5 17 - 2.76 322.03 3151212
dry 1e7 2 24 - 0.13 0.44 225484
aoDLAV 1e7 2 24 - 0.80 44.94 1502684
aoULAV 1e7 2 24 - 0.79 47.98 1502684
aoD2AG 1e7 2 24 - 1.58 68.12 2203176
aoD2SG 1e7 2 24 - 1.88 77.83 2284756
dry 1e7 2 148 - 0.13 0.44 225484
aoDLAV 1e7 2 148 - 0.76 44.80 1502684
aoULAV 1e7 2 148 - 0.78 47.49 1502688
aoD2AG 1e7 2 148 - 1.52 67.36 2202728
aoD2SG 1e7 2 148 - 1.70 77.62 2284024
dry 1e7 10 17 - 0.43 1.38 850508
aoDLAV 1e7 10 17 - 1.67 6763.81 3533956
aoULAV 1e7 10 17 - 2.33 6235.53 3533956
aoD2AG 1e7 10 17 - 3.13 5636.37 4339748
aoD2SG 1e7 10 17 - 3.33 8054.55 4428136
