dry 350e2 2 56 - 0.02 0.11 28976
aoDLAV 350e2 2 56 - 0.02 0.20 31480
aoULAV 350e2 2 56 - 0.02 0.19 32264
aoD2AG 350e2 2 56 - 0.03 0.22 34848
aoD2SG 350e2 2 56 - 0.03 0.24 35132
dry 1e2 2 30 - 0.02 0.10 25996
aoDLAV 1e2 2 30 - 0.02 0.13 30172
aoULAV 1e2 2 30 - 0.03 0.12 30180
aoD2AG 1e2 2 30 - 0.03 0.13 30336
aoD2SG 1e2 2 30 - 0.03 0.12 30332
moore 1e2 2 30 - 0.02 0.25 30480
nbpm 1e2 2 30 - 0.06 2.16 53000
greedy 1e2 2 30 - 0.03 0.13 30884
dry 375e2 2 36 - 0.01 0.12 29196
aoDLAV 375e2 2 36 - 0.02 0.21 31784
aoULAV 375e2 2 36 - 0.03 0.22 32604
aoD2AG 375e2 2 36 - 0.02 0.23 35520
aoD2SG 375e2 2 36 - 0.03 0.23 35528
dry 18e4 2 110 - 0.02 0.12 33104
aoDLAV 18e4 2 110 - 0.05 0.67 47860
aoULAV 18e4 2 110 - 0.04 0.66 47864
aoD2AG 18e4 2 110 - 0.07 0.95 59192
aoD2SG 18e4 2 110 - 0.05 1.07 59728
dry 1e3 5 32 - 0.01 0.11 26060
aoDLAV 1e3 5 32 - 0.01 0.15 30424
aoULAV 1e3 5 32 - 0.02 0.14 30488
aoD2AG 1e3 5 32 - 0.02 0.14 30740
aoD2SG 1e3 5 32 - 0.03 0.13 30768
moore 1e3 5 32 - 0.03 6.77 59804
nbpm 1e3 5 32 - 0.11 4.29 129272
greedy 1e3 5 32 - 0.07 0.93 139388
dry 56e1 2 104 - 0.03 0.10 27952
aoDLAV 56e1 2 104 - 0.02 0.14 30220
aoULAV 56e1 2 104 - 0.02 0.14 30236
aoD2AG 56e1 2 104 - 0.04 0.13 30416
aoD2SG 56e1 2 104 - 0.02 0.14 30424
moore 56e1 2 104 - 0.03 1.04 39680
nbpm 56e1 2 104 - 0.10 3.14 78704
greedy 56e1 2 104 - 0.04 0.37 64104
dry 1e5 10 142 - 0.03 0.18 38396
aoDLAV 1e5 10 142 - 0.05 21.57 53540
aoULAV 1e5 10 142 - 0.03 17.05 55312
aoD2AG 1e5 10 142 - 0.05 18.62 62736
aoD2SG 1e5 10 142 - 0.08 36.26 66832
dry 18e1 2 40 - 0.02 0.12 26004
aoDLAV 18e1 2 40 - 0.03 0.14 30184
aoULAV 18e1 2 40 - 0.03 0.14 30196
aoD2AG 18e1 2 40 - 0.03 0.14 30360
aoD2SG 18e1 2 40 - 0.03 0.14 30364
moore 18e1 2 40 - 0.03 0.26 30496
nbpm 18e1 2 40 - 0.08 2.18 54444
greedy 18e1 2 40 - 0.02 0.16 33348
dry 275e2 2 145 - 0.02 0.12 27120
aoDLAV 275e2 2 145 - 0.03 0.19 31240
aoULAV 275e2 2 145 - 0.03 0.20 31572
aoD2AG 275e2 2 145 - 0.03 0.23 34696
aoD2SG 275e2 2 145 - 0.03 0.24 34812
dry 5e4 10 16 - 0.03 0.13 33892
aoDLAV 5e4 10 16 - 0.04 6.83 40204
aoULAV 5e4 10 16 - 0.04 6.76 40200
aoD2AG 5e4 10 16 - 0.04 11.37 44984
aoD2SG 5e4 10 16 - 0.04 8.41 44996
dry 325e2 2 213 - 0.03 0.11 27316
aoDLAV 325e2 2 213 - 0.03 0.20 31372
aoULAV 325e2 2 213 - 0.02 0.22 32084
aoD2AG 325e2 2 213 - 0.04 0.24 35004
aoD2SG 325e2 2 213 - 0.04 0.26 34760
dry 18e4 2 161 - 0.03 0.13 33168
aoDLAV 18e4 2 161 - 0.04 0.74 47860
aoULAV 18e4 2 161 - 0.04 0.75 47860
aoD2AG 18e4 2 161 - 0.05 1.00 58644
aoD2SG 18e4 2 161 - 0.06 1.10 60012
dry 1e5 2 24 - 0.02 0.14 32124
aoDLAV 1e5 2 24 - 0.03 0.45 34800
aoULAV 1e5 2 24 - 0.03 0.46 35320
aoD2AG 1e5 2 24 - 0.03 0.56 42600
aoD2SG 1e5 2 24 - 0.04 0.62 43800
dry 250e2 2 103 - 0.02 0.11 27020
aoDLAV 250e2 2 103 - 0.01 0.20 31108
aoULAV 250e2 2 103 - 0.02 0.21 31212
aoD2AG 250e2 2 103 - 0.03 0.22 33868
aoD2SG 250e2 2 103 - 0.02 0.24 33972
dry 18e4 2 72 - 0.04 0.13 33440
aoDLAV 18e4 2 72 - 0.04 0.77 47868
aoULAV 18e4 2 72 - 0.05 0.77 47864
aoD2AG 18e4 2 72 - 0.05 1.03 58644
aoD2SG 18e4 2 72 - 0.06 1.20 59912
dry 56e4 2 129 - 0.04 0.18 41104
aoDLAV 56e4 2 129 - 0.11 2.07 107984
aoULAV 56e4 2 129 - 0.11 2.24 107984
aoD2AG 56e4 2 129 - 0.13 3.09 140332
aoD2SG 56e4 2 129 - 0.12 3.60 144640
dry 1e6 5 41 - 0.04 0.29 73152
aoDLAV 1e6 5 41 - 0.12 19.53 252688
aoULAV 1e6 5 41 - 0.14 19.28 252688
aoD2AG 1e6 5 41 - 0.21 21.42 324024
aoD2SG 1e6 5 41 - 0.19 24.96 331568
dry 300e2 2 64 - 0.03 0.11 27216
aoDLAV 300e2 2 64 - 0.03 0.21 31300
aoULAV 300e2 2 64 - 0.03 0.21 31892
aoD2AG 300e2 2 64 - 0.04 0.23 35060
aoD2SG 300e2 2 64 - 0.04 0.25 34716
dry 350e2 2 51 - 0.02 0.12 27416
aoDLAV 350e2 2 51 - 0.02 0.23 31480
aoULAV 350e2 2 51 - 0.03 0.22 32264
aoD2AG 350e2 2 51 - 0.03 0.26 34848
aoD2SG 350e2 2 51 - 0.05 0.25 35164
dry 5e4 5 176 - 0.03 0.13 30536
aoDLAV 5e4 5 176 - 0.03 0.69 34704
aoULAV 5e4 5 176 - 0.03 0.70 34708
aoD2AG 5e4 5 176 - 0.03 0.77 37728
aoD2SG 5e4 5 176 - 0.03 0.87 37944
dry 5e4 2 126 - 0.02 0.12 31120
aoDLAV 5e4 2 126 - 0.03 0.27 33008
aoULAV 5e4 2 126 - 0.03 0.28 33312
aoD2AG 5e4 2 126 - 0.03 0.33 36408
aoD2SG 5e4 2 126 - 0.03 0.36 36424
dry 1e2 10 205 - 0.02 0.11 26004
aoDLAV 1e2 10 205 - 0.04 0.13 30264
aoULAV 1e2 10 205 - 0.03 0.14 30272
aoD2AG 1e2 10 205 - 0.03 0.14 30444
aoD2SG 1e2 10 205 - 0.03 0.14 30448
moore 1e2 10 205 - 0.02 0.20 30496
nbpm 1e2 10 205 - 0.09 2.23 53080
greedy 1e2 10 205 - 0.03 0.15 30976
dry 1e5 10 131 - 0.03 0.18 38396
aoDLAV 1e5 10 131 - 0.05 20.33 53536
aoULAV 1e5 10 131 - 0.04 20.53 55312
aoD2AG 1e5 10 131 - 0.04 22.71 62688
aoD2SG 1e5 10 131 - 0.05 22.75 66832
dry 32e3 2 167 - 0.02 0.12 27296
aoDLAV 32e3 2 167 - 0.02 0.21 31436
aoULAV 32e3 2 167 - 0.03 0.21 32144
aoD2AG 32e3 2 167 - 0.04 0.24 35020
aoD2SG 32e3 2 167 - 0.03 0.26 34788
dry 18e4 2 240 - 0.02 0.14 33104
aoDLAV 18e4 2 240 - 0.05 0.78 47860
aoULAV 18e4 2 240 - 0.04 0.78 47860
aoD2AG 18e4 2 240 - 0.06 1.05 58644
aoD2SG 18e4 2 240 - 0.06 1.04 59960
dry 400e2 2 126 - 0.03 0.11 27616
aoDLAV 400e2 2 126 - 0.03 0.23 32236
aoULAV 400e2 2 126 - 0.03 0.24 33116
aoD2AG 400e2 2 126 - 0.03 0.27 36072
aoD2SG 400e2 2 126 - 0.02 0.29 35928
dry 1e6 2 191 - 0.04 0.22 49708
aoDLAV 1e6 2 191 - 0.10 3.48 178456
aoULAV 1e6 2 191 - 0.12 3.71 178460
aoD2AG 1e6 2 191 - 0.17 5.95 234680
aoD2SG 1e6 2 191 - 0.19 5.90 242632
dry 1e6 2 43 - 0.05 0.20 49704
aoDLAV 1e6 2 43 - 0.13 3.75 178456
aoULAV 1e6 2 43 - 0.12 3.97 178460
aoD2AG 1e6 2 43 - 0.16 5.28 232988
aoD2SG 1e6 2 43 - 0.18 6.33 241788
dry 1e5 10 87 - 0.03 0.19 38400
aoDLAV 1e5 10 87 - 0.11 22.36 53536
aoULAV 1e5 10 87 - 0.15 22.47 55308
aoD2AG 1e5 10 87 - 0.10 22.86 62672
aoD2SG 1e5 10 87 - 0.07 26.29 66832
dry 1e2 10 181 - 0.03 0.11 26004
aoDLAV 1e2 10 181 - 0.03 0.14 30264
aoULAV 1e2 10 181 - 0.03 0.15 30276
aoD2AG 1e2 10 181 - 0.02 0.15 30440
aoD2SG 1e2 10 181 - 0.02 0.15 30448
moore 1e2 10 181 - 0.04 0.23 30496
nbpm 1e2 10 181 - 0.11 2.18 53080
greedy 1e2 10 181 - 0.03 0.15 30972
dry 300e2 2 172 - 0.02 0.13 27216
aoDLAV 300e2 2 172 - 0.03 0.22 31296
aoULAV 300e2 2 172 - 0.03 0.22 31896
aoD2AG 300e2 2 172 - 0.03 0.24 35064
aoD2SG 300e2 2 172 - 0.03 0.26 34716
dry 1e6 2 235 - 0.04 0.20 49704
aoDLAV 1e6 2 235 - 0.13 3.90 178456
aoULAV 1e6 2 235 - 0.13 4.11 178456
aoD2AG 1e6 2 235 - 0.18 5.90 235336
aoD2SG 1e6 2 235 - 0.19 6.58 242892
dry 56e1 2 59 - 0.03 0.12 26008
aoDLAV 56e1 2 59 - 0.03 0.15 30224
aoULAV 56e1 2 59 - 0.03 0.14 30232
aoD2AG 56e1 2 59 - 0.03 0.15 30416
aoD2SG 56e1 2 59 - 0.03 0.15 30428
moore 56e1 2 59 - 0.04 1.31 39656
nbpm 56e1 2 59 - 0.12 2.99 78704
greedy 56e1 2 59 - 0.05 0.40 64108
dry 225e2 2 58 - 0.02 0.12 26920
aoDLAV 225e2 2 58 - 0.03 0.21 30984
aoULAV 225e2 2 58 - 0.03 0.19 30992
aoD2AG 225e2 2 58 - 0.03 0.21 33368
aoD2SG 225e2 2 58 - 0.02 0.23 33464
dry 1e1 2 175 - 0.02 0.12 25996
aoDLAV 1e1 2 175 - 0.03 0.14 30160
aoULAV 1e1 2 175 - 0.03 0.14 30204
aoD2AG 1e1 2 175 - 0.02 0.14 30316
aoD2SG 1e1 2 175 - 0.03 0.15 30312
moore 1e1 2 175 - 0.03 0.17 30524
nbpm 1e1 2 175 - 0.09 2.18 49820
greedy 1e1 2 175 - 0.03 0.15 30124
dry 1e3 5 121 - 0.02 0.12 26056
aoDLAV 1e3 5 121 - 0.03 0.15 30428
aoULAV 1e3 5 121 - 0.02 0.15 30436
aoD2AG 1e3 5 121 - 0.03 0.15 30744
aoD2SG 1e3 5 121 - 0.03 0.15 30764
moore 1e3 5 121 - 0.05 5.99 59804
nbpm 1e3 5 121 - 0.11 4.93 129248
greedy 1e3 5 121 - 0.07 0.99 139388
dry 1e3 10 24 - 0.03 0.12 26136
aoDLAV 1e3 10 24 - 0.03 0.16 30652
aoULAV 1e3 10 24 - 0.03 0.17 30668
aoD2AG 1e3 10 24 - 0.02 0.17 31064
aoD2SG 1e3 10 24 - 0.02 0.16 31088
moore 1e3 10 24 - 0.03 4.87 59840
nbpm 1e3 10 24 - 0.13 4.82 136140
greedy 1e3 10 24 - 0.08 1.06 139620
dry 1e3 2 1 - 0.02 0.11 26020
aoDLAV 1e3 2 1 - 0.02 0.15 30280
aoULAV 1e3 2 1 - 0.03 0.14 30296
aoD2AG 1e3 2 1 - 0.02 0.15 30548
aoD2SG 1e3 2 1 - 0.02 0.15 30568
moore 1e3 2 1 - 0.04 2.79 59804
nbpm 1e3 2 1 - 0.13 4.23 138612
greedy 1e3 2 1 - 0.08 1.06 139244
dry 5e4 2 25 - 0.03 0.12 31116
aoDLAV 5e4 2 25 - 0.03 0.28 33008
aoULAV 5e4 2 25 - 0.04 0.27 33312
aoD2AG 5e4 2 25 - 0.04 0.33 36416
aoD2SG 5e4 2 25 - 0.04 0.34 36428
dry 1e3 5 221 - 0.02 0.12 26056
aoDLAV 1e3 5 221 - 0.03 0.15 30424
aoULAV 1e3 5 221 - 0.03 0.15 30436
aoD2AG 1e3 5 221 - 0.03 0.14 30752
aoD2SG 1e3 5 221 - 0.02 0.15 30768
moore 1e3 5 221 - 0.04 1.67 59828
nbpm 1e3 5 221 - 0.15 4.88 129300
greedy 1e3 5 221 - 0.08 1.03 139388
dry 5e4 5 192 - 0.03 0.13 31348
aoDLAV 5e4 5 192 - 0.03 0.86 34704
aoULAV 5e4 5 192 - 0.03 0.76 34708
aoD2AG 5e4 5 192 - 0.04 0.81 37728
aoD2SG 5e4 5 192 - 0.04 0.90 37936
dry 300e2 2 72 - 0.03 0.12 30728
aoDLAV 300e2 2 72 - 0.03 0.22 31300
aoULAV 300e2 2 72 - 0.03 0.22 31892
aoD2AG 300e2 2 72 - 0.03 0.24 35056
aoD2SG 300e2 2 72 - 0.03 0.25 34716
dry 56e1 2 22 - 0.02 0.12 26012
aoDLAV 56e1 2 22 - 0.03 0.14 30220
aoULAV 56e1 2 22 - 0.02 0.15 30232
aoD2AG 56e1 2 22 - 0.02 0.14 30416
aoD2SG 56e1 2 22 - 0.04 0.14 30424
moore 56e1 2 22 - 0.03 2.04 39660
nbpm 56e1 2 22 - 0.09 2.96 78712
greedy 56e1 2 22 - 0.04 0.39 64108
dry 32e1 2 146 - 0.02 0.12 26000
aoDLAV 32e1 2 146 - 0.03 0.14 30196
aoULAV 32e1 2 146 - 0.03 0.14 30212
aoD2AG 32e1 2 146 - 0.02 0.15 30376
aoD2SG 32e1 2 146 - 0.02 0.15 30388
moore 32e1 2 146 - 0.03 0.28 33688
nbpm 32e1 2 146 - 0.09 2.38 58308
greedy 32e1 2 146 - 0.03 0.21 40972
dry 56e4 2 1 - 0.05 0.17 41104
aoDLAV 56e4 2 1 - 0.10 2.19 108008
aoULAV 56e4 2 1 - 0.08 2.22 107984
aoD2AG 56e4 2 1 - 0.12 3.18 139880
aoD2SG 56e4 2 1 - 0.12 3.25 143856
dry 32e4 2 188 - 0.03 0.16 36424
aoDLAV 32e4 2 188 - 0.06 1.19 70828
aoULAV 32e4 2 188 - 0.05 1.24 70840
aoD2AG 32e4 2 188 - 0.07 1.74 89124
aoD2SG 32e4 2 188 - 0.07 1.88 90852
dry 1e6 10 88 - 0.08 0.38 112236
aoDLAV 1e6 10 88 - 0.19 362.89 369888
aoULAV 1e6 10 88 - 0.29 383.25 369884
aoD2AG 1e6 10 88 - 0.43 390.44 448936
aoD2SG 1e6 10 88 - 0.41 585.69 457504
dry 300e2 2 152 - 0.02 0.12 29092
aoDLAV 300e2 2 152 - 0.03 0.21 31296
aoULAV 300e2 2 152 - 0.02 0.21 31892
aoD2AG 300e2 2 152 - 0.02 0.24 35060
aoD2SG 300e2 2 152 - 0.03 0.24 34716
dry 275e2 2 171 - 0.03 0.12 28972
aoDLAV 275e2 2 171 - 0.02 0.23 31244
aoULAV 275e2 2 171 - 0.04 0.21 31572
aoD2AG 275e2 2 171 - 0.03 0.24 34696
aoD2SG 275e2 2 171 - 0.03 0.27 34812
dry 1e5 2 31 - 0.02 0.14 31744
aoDLAV 1e5 2 31 - 0.05 0.46 34804
aoULAV 1e5 2 31 - 0.04 0.46 35324
aoD2AG 1e5 2 31 - 0.04 0.62 42596
aoD2SG 1e5 2 31 - 0.03 0.72 43800
dry 18e1 2 30 - 0.02 0.11 26008
aoDLAV 18e1 2 30 - 0.03 0.14 30184
aoULAV 18e1 2 30 - 0.02 0.14 30196
aoD2AG 18e1 2 30 - 0.03 0.14 30356
aoD2SG 18e1 2 30 - 0.03 0.15 30368
moore 18e1 2 30 - 0.03 0.38 30496
nbpm 18e1 2 30 - 0.09 2.12 54444
greedy 18e1 2 30 - 0.03 0.15 33348
dry 32e3 2 170 - 0.02 0.12 27300
aoDLAV 32e3 2 170 - 0.03 0.21 31440
aoULAV 32e3 2 170 - 0.03 0.22 32144
aoD2AG 32e3 2 170 - 0.03 0.25 35028
aoD2SG 32e3 2 170 - 0.02 0.26 34792
dry 1e6 5 74 - 0.06 0.30 73152
aoDLAV 1e6 5 74 - 0.13 17.74 252688
aoULAV 1e6 5 74 - 0.15 18.02 252688
aoD2AG 1e6 5 74 - 0.21 19.90 325052
aoD2SG 1e6 5 74 - 0.21 23.18 332812
dry 56e3 2 242 - 0.03 0.11 29852
aoDLAV 56e3 2 242 - 0.03 0.30 33476
aoULAV 56e3 2 242 - 0.04 0.30 34700
aoD2AG 56e3 2 242 - 0.03 0.38 37284
aoD2SG 56e3 2 242 - 0.03 0.36 37300
dry 350e2 2 24 - 0.02 0.12 27416
aoDLAV 350e2 2 24 - 0.03 0.22 31480
aoULAV 350e2 2 24 - 0.03 0.22 32260
aoD2AG 350e2 2 24 - 0.03 0.25 34848
aoD2SG 350e2 2 24 - 0.03 0.27 35132
dry 1e5 5 8 - 0.02 0.14 34476
aoDLAV 1e5 5 8 - 0.04 1.45 41816
aoULAV 1e5 5 8 - 0.04 1.68 43572
aoD2AG 1e5 5 8 - 0.05 1.81 53560
aoD2SG 1e5 5 8 - 0.05 2.04 53196
dry 18e1 2 117 - 0.02 0.12 26004
aoDLAV 18e1 2 117 - 0.03 0.14 30188
aoULAV 18e1 2 117 - 0.03 0.14 30196
aoD2AG 18e1 2 117 - 0.03 0.15 30356
aoD2SG 18e1 2 117 - 0.04 0.14 30368
moore 18e1 2 117 - 0.03 0.30 30496
nbpm 18e1 2 117 - 0.08 2.21 54444
greedy 18e1 2 117 - 0.04 0.15 33348
dry 1e6 10 191 - 0.07 0.38 112232
aoDLAV 1e6 10 191 - 0.19 357.46 369952
aoULAV 1e6 10 191 - 0.29 365.18 369888
aoD2AG 1e6 10 191 - 0.40 372.65 446816
aoD2SG 1e6 10 191 - 0.40 424.36 457416
dry 32e1 2 41 - 0.03 0.11 26000
aoDLAV 32e1 2 41 - 0.02 0.15 30200
aoULAV 32e1 2 41 - 0.02 0.15 30208
aoD2AG 32e1 2 41 - 0.03 0.14 30376
aoD2SG 32e1 2 41 - 0.02 0.15 30388
moore 32e1 2 41 - 0.03 0.57 33688
nbpm 32e1 2 41 - 0.09 2.40 58312
greedy 32e1 2 41 - 0.04 0.20 40972
dry 1e3 5 195 - 0.02 0.11 26060
aoDLAV 1e3 5 195 - 0.02 0.15 30424
aoULAV 1e3 5 195 - 0.03 0.14 30436
aoD2AG 1e3 5 195 - 0.03 0.14 30752
aoD2SG 1e3 5 195 - 0.04 0.14 30772
moore 1e3 5 195 - 0.04 2.68 59828
nbpm 1e3 5 195 - 0.11 4.38 129244
greedy 1e3 5 195 - 0.08 1.03 139388
dry 1e5 5 198 - 0.03 0.14 34476
aoDLAV 1e5 5 198 - 0.04 1.58 41816
aoULAV 1e5 5 198 - 0.07 1.58 43568
aoD2AG 1e5 5 198 - 0.04 2.39 53560
aoD2SG 1e5 5 198 - 0.05 1.95 53200
dry 1e2 2 58 - 0.02 0.12 25996
aoDLAV 1e2 2 58 - 0.03 0.15 30168
aoULAV 1e2 2 58 - 0.02 0.15 30184
aoD2AG 1e2 2 58 - 0.03 0.14 30340
aoD2SG 1e2 2 58 - 0.02 0.15 30344
moore 1e2 2 58 - 0.03 0.21 30484
nbpm 1e2 2 58 - 0.09 2.33 53000
greedy 1e2 2 58 - 0.03 0.14 30880
dry 56e1 2 109 - 0.02 0.12 26008
aoDLAV 56e1 2 109 - 0.03 0.14 30224
aoULAV 56e1 2 109 - 0.03 0.15 30232
aoD2AG 56e1 2 109 - 0.02 0.15 30420
aoD2SG 56e1 2 109 - 0.04 0.13 30424
moore 56e1 2 109 - 0.03 1.65 39652
nbpm 56e1 2 109 - 0.10 3.28 78704
greedy 56e1 2 109 - 0.05 0.38 64148
dry 1e1 2 103 - 0.03 0.11 25996
aoDLAV 1e1 2 103 - 0.04 0.13 30160
aoULAV 1e1 2 103 - 0.03 0.14 30172
aoD2AG 1e1 2 103 - 0.03 0.14 30364
aoD2SG 1e1 2 103 - 0.03 0.14 30332
moore 1e1 2 103 - 0.03 0.19 30476
nbpm 1e1 2 103 - 0.08 2.22 49816
greedy 1e1 2 103 - 0.03 0.15 30124
dry 1e3 2 105 - 0.03 0.11 26024
aoDLAV 1e3 2 105 - 0.02 0.15 30284
aoULAV 1e3 2 105 - 0.04 0.14 30292
aoD2AG 1e3 2 105 - 0.02 0.16 30536
aoD2SG 1e3 2 105 - 0.02 0.15 30556
moore 1e3 2 105 - 0.04 4.51 59776
nbpm 1e3 2 105 - 0.12 4.11 138560
greedy 1e3 2 105 - 0.08 1.05 139244
dry 225e2 2 137 - 0.03 0.11 30576
aoDLAV 225e2 2 137 - 0.03 0.20 30980
aoULAV 225e2 2 137 - 0.03 0.20 30992
aoD2AG 225e2 2 137 - 0.03 0.21 33368
aoD2SG 225e2 2 137 - 0.03 0.22 33468
dry 1e5 10 191 - 0.04 0.18 38400
aoDLAV 1e5 10 191 - 0.05 22.48 53536
aoULAV 1e5 10 191 - 0.05 20.77 55312
aoD2AG 1e5 10 191 - 0.05 33.74 62704
aoD2SG 1e5 10 191 - 0.05 23.76 66836
dry 275e2 2 38 - 0.03 0.11 29108
aoDLAV 275e2 2 38 - 0.02 0.21 31240
aoULAV 275e2 2 38 - 0.03 0.20 31568
aoD2AG 275e2 2 38 - 0.03 0.23 34700
aoD2SG 275e2 2 38 - 0.03 0.24 34808
dry 1e2 10 94 - 0.03 0.11 26004
aoDLAV 1e2 10 94 - 0.02 0.15 30260
aoULAV 1e2 10 94 - 0.03 0.14 30276
aoD2AG 1e2 10 94 - 0.02 0.16 30440
aoD2SG 1e2 10 94 - 0.03 0.14 30448
moore 1e2 10 94 - 0.02 0.21 30496
nbpm 1e2 10 94 - 0.08 2.12 53076
greedy 1e2 10 94 - 0.02 0.16 30976
dry 1e3 5 38 - 0.02 0.12 26056
aoDLAV 1e3 5 38 - 0.03 0.15 30428
aoULAV 1e3 5 38 - 0.03 0.14 30436
aoD2AG 1e3 5 38 - 0.02 0.16 30748
aoD2SG 1e3 5 38 - 0.03 0.15 30772
moore 1e3 5 38 - 0.09 4.34 59800
nbpm 1e3 5 38 - 0.12 4.70 129244
greedy 1e3 5 38 - 0.09 1.05 139388
dry 325e2 2 164 - 0.03 0.12 30776
aoDLAV 325e2 2 164 - 0.03 0.21 31376
aoULAV 325e2 2 164 - 0.03 0.22 32084
aoD2AG 325e2 2 164 - 0.04 0.25 35004
aoD2SG 325e2 2 164 - 0.03 0.27 34756
dry 5e4 10 194 - 0.03 0.14 33892
aoDLAV 5e4 10 194 - 0.04 8.22 40200
aoULAV 5e4 10 194 - 0.04 6.71 40204
aoD2AG 5e4 10 194 - 0.04 7.84 44984
aoD2SG 5e4 10 194 - 0.04 8.91 44996
dry 300e2 2 137 - 0.02 0.11 27220
aoDLAV 300e2 2 137 - 0.03 0.21 31296
aoULAV 300e2 2 137 - 0.02 0.23 31900
aoD2AG 300e2 2 137 - 0.03 0.25 35064
aoD2SG 300e2 2 137 - 0.04 0.27 34716
dry 250e2 2 155 - 0.02 0.12 27020
aoDLAV 250e2 2 155 - 0.03 0.20 31108
aoULAV 250e2 2 155 - 0.03 0.20 31212
aoD2AG 250e2 2 155 - 0.03 0.22 33864
aoD2SG 250e2 2 155 - 0.03 0.23 33964
dry 300e2 2 173 - 0.02 0.12 29168
aoDLAV 300e2 2 173 - 0.03 0.22 31300
aoULAV 300e2 2 173 - 0.03 0.23 31892
aoD2AG 300e2 2 173 - 0.03 0.26 35064
aoD2SG 300e2 2 173 - 0.04 0.26 34720
dry 275e2 2 14 - 0.03 0.11 27120
aoDLAV 275e2 2 14 - 0.02 0.22 31240
aoULAV 275e2 2 14 - 0.02 0.21 31572
aoD2AG 275e2 2 14 - 0.03 0.23 34724
aoD2SG 275e2 2 14 - 0.04 0.23 34812
dry 1e6 2 25 - 0.03 0.20 49704
aoDLAV 1e6 2 25 - 0.11 3.57 178460
aoULAV 1e6 2 25 - 0.12 3.78 178456
aoD2AG 1e6 2 25 - 0.17 5.25 233608
aoD2SG 1e6 2 25 - 0.18 6.05 242516
dry 1e3 5 123 - 0.03 0.11 26056
aoDLAV 1e3 5 123 - 0.02 0.15 30428
aoULAV 1e3 5 123 - 0.03 0.14 30436
aoD2AG 1e3 5 123 - 0.02 0.15 30736
aoD2SG 1e3 5 123 - 0.03 0.15 30772
moore 1e3 5 123 - 0.04 8.74 59804
nbpm 1e3 5 123 - 0.13 4.58 129248
greedy 1e3 5 123 - 0.08 1.06 139392
dry 1e3 5 231 - 0.02 0.12 28068
aoDLAV 1e3 5 231 - 0.02 0.15 30424
aoULAV 1e3 5 231 - 0.04 0.14 30436
aoD2AG 1e3 5 231 - 0.03 0.15 30748
aoD2SG 1e3 5 231 - 0.02 0.16 30784
moore 1e3 5 231 - 0.05 2.74 59828
nbpm 1e3 5 231 - 0.10 4.82 129244
greedy 1e3 5 231 - 0.08 1.06 139388
dry 1e3 10 203 - 0.02 0.12 26136
aoDLAV 1e3 10 203 - 0.03 0.16 30652
aoULAV 1e3 10 203 - 0.03 0.16 30664
aoD2AG 1e3 10 203 - 0.03 0.16 31064
aoD2SG 1e3 10 203 - 0.03 0.17 31088
moore 1e3 10 203 - 0.04 6.75 59840
nbpm 1e3 10 203 - 0.14 4.79 136140
greedy 1e3 10 203 - 0.08 1.06 139616
dry 350e2 2 49 - 0.03 0.12 27416
aoDLAV 350e2 2 49 - 0.03 0.22 31480
aoULAV 350e2 2 49 - 0.02 0.24 32256
aoD2AG 350e2 2 49 - 0.03 0.27 34856
aoD2SG 350e2 2 49 - 0.03 0.28 35132
dry 400e2 2 231 - 0.03 0.11 27616
aoDLAV 400e2 2 231 - 0.03 0.24 32240
aoULAV 400e2 2 231 - 0.03 0.25 33112
aoD2AG 400e2 2 231 - 0.03 0.29 36076
aoD2SG 400e2 2 231 - 0.03 0.30 35928
dry 325e2 2 234 - 0.02 0.12 29140
aoDLAV 325e2 2 234 - 0.04 0.22 31392
aoULAV 325e2 2 234 - 0.03 0.23 32084
aoD2AG 325e2 2 234 - 0.03 0.26 35000
aoD2SG 325e2 2 234 - 0.03 0.26 34760
dry 1e5 2 176 - 0.03 0.13 31092
aoDLAV 1e5 2 176 - 0.04 0.44 34800
aoULAV 1e5 2 176 - 0.03 0.46 35320
aoD2AG 1e5 2 176 - 0.03 0.59 42600
aoD2SG 1e5 2 176 - 0.04 0.66 43808
dry 350e2 2 79 - 0.02 0.12 27420
aoDLAV 350e2 2 79 - 0.03 0.23 31480
aoULAV 350e2 2 79 - 0.04 0.22 32260
aoD2AG 350e2 2 79 - 0.04 0.26 34852
aoD2SG 350e2 2 79 - 0.03 0.29 35172
dry 375e2 2 20 - 0.02 0.12 29080
aoDLAV 375e2 2 20 - 0.03 0.23 31784
aoULAV 375e2 2 20 - 0.04 0.24 32604
aoD2AG 375e2 2 20 - 0.03 0.28 35512
aoD2SG 375e2 2 20 - 0.04 0.29 35528
dry 5e4 10 146 - 0.04 0.13 33888
aoDLAV 5e4 10 146 - 0.03 11.09 40200
aoULAV 5e4 10 146 - 0.03 7.34 40200
aoD2AG 5e4 10 146 - 0.05 7.30 44984
aoD2SG 5e4 10 146 - 0.05 8.24 44996
dry 1e1 2 99 - 0.02 0.12 25992
aoDLAV 1e1 2 99 - 0.03 0.14 30164
aoULAV 1e1 2 99 - 0.02 0.14 30172
aoD2AG 1e1 2 99 - 0.02 0.14 30320
aoD2SG 1e1 2 99 - 0.03 0.14 30328
moore 1e1 2 99 - 0.04 0.17 30484
nbpm 1e1 2 99 - 0.07 2.15 49824
greedy 1e1 2 99 - 0.02 0.15 30124
dry 1e5 2 209 - 0.03 0.13 31056
aoDLAV 1e5 2 209 - 0.03 0.44 34800
aoULAV 1e5 2 209 - 0.04 0.44 35320
aoD2AG 1e5 2 209 - 0.04 0.57 42656
aoD2SG 1e5 2 209 - 0.04 0.63 43800
dry 1e1 2 84 - 0.03 0.11 25996
aoDLAV 1e1 2 84 - 0.02 0.14 30160
aoULAV 1e1 2 84 - 0.02 0.15 30172
aoD2AG 1e1 2 84 - 0.02 0.15 30312
aoD2SG 1e1 2 84 - 0.03 0.13 30312
moore 1e1 2 84 - 0.02 0.19 30480
nbpm 1e1 2 84 - 0.09 2.13 49812
greedy 1e1 2 84 - 0.03 0.14 30128
dry 1e3 10 139 - 0.02 0.12 26136
aoDLAV 1e3 10 139 - 0.03 0.16 30652
aoULAV 1e3 10 139 - 0.02 0.16 30668
aoD2AG 1e3 10 139 - 0.03 0.16 31056
aoD2SG 1e3 10 139 - 0.03 0.16 31088
moore 1e3 10 139 - 0.04 2.86 59868
nbpm 1e3 10 139 - 0.13 4.71 136140
greedy 1e3 10 139 - 0.10 1.04 139620
dry 1e6 10 29 - 0.09 0.40 112232
aoDLAV 1e6 10 29 - 0.19 381.55 369888
aoULAV 1e6 10 29 - 0.29 382.13 369888
aoD2AG 1e6 10 29 - 0.76 385.23 448956
aoD2SG 1e6 10 29 - 0.55 629.59 456012
dry 1e1 2 140 - 0.02 0.12 25992
aoDLAV 1e1 2 140 - 0.03 0.14 30164
aoULAV 1e1 2 140 - 0.03 0.14 30172
aoD2AG 1e1 2 140 - 0.02 0.14 30316
aoD2SG 1e1 2 140 - 0.03 0.14 30312
moore 1e1 2 140 - 0.03 0.18 30484
nbpm 1e1 2 140 - 0.08 2.12 49824
greedy 1e1 2 140 - 0.04 0.14 30124
dry 1e6 2 200 - 0.04 0.20 49704
aoDLAV 1e6 2 200 - 0.11 3.75 178460
aoULAV 1e6 2 200 - 0.15 3.94 178456
aoD2AG 1e6 2 200 - 0.18 5.62 233640
aoD2SG 1e6 2 200 - 0.20 5.99 241480
dry 56e4 2 8 - 0.04 0.18 41108
aoDLAV 56e4 2 8 - 0.08 2.09 107984
aoULAV 56e4 2 8 - 0.09 2.05 108024
aoD2AG 56e4 2 8 - 0.11 2.89 140996
aoD2SG 56e4 2 8 - 0.10 3.30 144584
dry 1e5 10 133 - 0.04 0.18 38396
aoDLAV 1e5 10 133 - 0.06 20.67 53536
aoULAV 1e5 10 133 - 0.05 20.66 55308
aoD2AG 1e5 10 133 - 0.06 32.18 62716
aoD2SG 1e5 10 133 - 0.06 26.37 66832
dry 300e2 2 5 - 0.03 0.12 27216
aoDLAV 300e2 2 5 - 0.03 0.21 31296
aoULAV 300e2 2 5 - 0.04 0.21 31892
aoD2AG 300e2 2 5 - 0.04 0.24 35060
aoD2SG 300e2 2 5 - 0.04 0.26 34716
dry 1e5 10 181 - 0.04 0.17 38396
aoDLAV 1e5 10 181 - 0.05 20.46 53536
aoULAV 1e5 10 181 - 0.06 20.62 55308
aoD2AG 1e5 10 181 - 0.07 20.45 62888
aoD2SG 1e5 10 181 - 0.05 27.37 66832
dry 350e2 2 92 - 0.02 0.12 27416
aoDLAV 350e2 2 92 - 0.03 0.23 31484
aoULAV 350e2 2 92 - 0.03 0.23 32260
aoD2AG 350e2 2 92 - 0.03 0.26 34848
aoD2SG 350e2 2 92 - 0.02 0.28 35132
dry 1e1 2 199 - 0.02 0.12 25996
aoDLAV 1e1 2 199 - 0.03 0.15 30160
aoULAV 1e1 2 199 - 0.03 0.14 30176
aoD2AG 1e1 2 199 - 0.02 0.16 30320
aoD2SG 1e1 2 199 - 0.03 0.15 30320
moore 1e1 2 199 - 0.03 0.18 30476
nbpm 1e1 2 199 - 0.10 2.14 49816
greedy 1e1 2 199 - 0.03 0.15 30124
dry 1e6 5 166 - 0.06 0.26 73152
aoDLAV 1e6 5 166 - 0.16 17.92 252688
aoULAV 1e6 5 166 - 0.15 18.15 252692
aoD2AG 1e6 5 166 - 0.20 19.86 323392
aoD2SG 1e6 5 166 - 0.21 23.22 332848
dry 18e4 2 125 - 0.03 0.14 33104
aoDLAV 18e4 2 125 - 0.05 0.80 47912
aoULAV 18e4 2 125 - 0.05 0.80 47860
aoD2AG 18e4 2 125 - 0.06 1.04 58644
aoD2SG 18e4 2 125 - 0.05 1.14 60004
dry 1e3 2 152 - 0.02 0.12 26020
aoDLAV 1e3 2 152 - 0.04 0.14 30280
aoULAV 1e3 2 152 - 0.03 0.14 30292
aoD2AG 1e3 2 152 - 0.03 0.15 30540
aoD2SG 1e3 2 152 - 0.02 0.15 30560
moore 1e3 2 152 - 0.05 1.51 59804
nbpm 1e3 2 152 - 0.14 4.14 138560
greedy 1e3 2 152 - 0.10 1.04 139248
dry 325e2 2 227 - 0.02 0.12 27316
aoDLAV 325e2 2 227 - 0.03 0.22 31372
aoULAV 325e2 2 227 - 0.04 0.22 32088
aoD2AG 325e2 2 227 - 0.03 0.25 35004
aoD2SG 325e2 2 227 - 0.03 0.27 34756
dry 325e2 2 156 - 0.02 0.12 29080
aoDLAV 325e2 2 156 - 0.03 0.22 31376
aoULAV 325e2 2 156 - 0.03 0.23 32088
aoD2AG 325e2 2 156 - 0.04 0.24 35000
aoD2SG 325e2 2 156 - 0.04 0.28 34756
dry 275e2 2 67 - 0.03 0.12 29080
aoDLAV 275e2 2 67 - 0.03 0.21 31240
aoULAV 275e2 2 67 - 0.04 0.21 31572
aoD2AG 275e2 2 67 - 0.04 0.23 34692
aoD2SG 275e2 2 67 - 0.03 0.25 34812
dry 1e6 5 165 - 0.06 0.27 73156
aoDLAV 1e6 5 165 - 0.16 19.45 252692
aoULAV 1e6 5 165 - 0.16 19.51 252688
aoD2AG 1e6 5 165 - 0.25 21.91 323100
aoD2SG 1e6 5 165 - 0.30 25.64 332044
dry 32e4 2 124 - 0.03 0.17 36424
aoDLAV 32e4 2 124 - 0.07 1.24 70832
aoULAV 32e4 2 124 - 0.06 1.28 70840
aoD2AG 32e4 2 124 - 0.08 1.74 88536
aoD2SG 32e4 2 124 - 0.07 1.80 91676
dry 1e6 2 220 - 0.04 0.20 49704
aoDLAV 1e6 2 220 - 0.11 3.50 178456
aoULAV 1e6 2 220 - 0.12 3.67 178456
aoD2AG 1e6 2 220 - 0.17 5.38 233784
aoD2SG 1e6 2 220 - 0.19 6.01 240664
dry 275e2 2 138 - 0.02 0.12 27120
aoDLAV 275e2 2 138 - 0.03 0.21 31244
aoULAV 275e2 2 138 - 0.03 0.21 31572
aoD2AG 275e2 2 138 - 0.03 0.24 34696
aoD2SG 275e2 2 138 - 0.03 0.24 34812
dry 1e5 2 120 - 0.03 0.13 31112
aoDLAV 1e5 2 120 - 0.03 0.44 34840
aoULAV 1e5 2 120 - 0.03 0.44 35324
aoD2AG 1e5 2 120 - 0.04 0.56 42600
aoD2SG 1e5 2 120 - 0.04 0.62 43800
dry 1e2 10 245 - 0.03 0.11 26004
aoDLAV 1e2 10 245 - 0.03 0.15 30260
aoULAV 1e2 10 245 - 0.03 0.14 30272
aoD2AG 1e2 10 245 - 0.02 0.14 30440
aoD2SG 1e2 10 245 - 0.03 0.15 30448
moore 1e2 10 245 - 0.04 0.21 30496
nbpm 1e2 10 245 - 0.08 2.28 53072
greedy 1e2 10 245 - 0.03 0.15 30976
dry 1e3 10 212 - 0.02 0.12 26140
aoDLAV 1e3 10 212 - 0.03 0.15 30652
aoULAV 1e3 10 212 - 0.04 0.15 30668
aoD2AG 1e3 10 212 - 0.03 0.16 31076
aoD2SG 1e3 10 212 - 0.03 0.17 31088
moore 1e3 10 212 - 0.05 2.23 59868
nbpm 1e3 10 212 - 0.15 4.63 136140
greedy 1e3 10 212 - 0.08 1.01 139616
dry 18e1 2 201 - 0.02 0.12 26008
aoDLAV 18e1 2 201 - 0.02 0.15 30188
aoULAV 18e1 2 201 - 0.03 0.15 30196
aoD2AG 18e1 2 201 - 0.03 0.15 30356
aoD2SG 18e1 2 201 - 0.04 0.14 30364
moore 18e1 2 201 - 0.03 0.21 30500
nbpm 18e1 2 201 - 0.09 2.18 54440
greedy 18e1 2 201 - 0.02 0.17 33348
dry 32e1 2 135 - 0.03 0.12 26000
aoDLAV 32e1 2 135 - 0.03 0.14 30196
aoULAV 32e1 2 135 - 0.04 0.13 30208
aoD2AG 32e1 2 135 - 0.03 0.15 30380
aoD2SG 32e1 2 135 - 0.02 0.15 30384
moore 32e1 2 135 - 0.03 0.53 33684
nbpm 32e1 2 135 - 0.09 2.43 58344
greedy 32e1 2 135 - 0.03 0.22 40976
dry 1e1 2 58 - 0.02 0.12 25992
aoDLAV 1e1 2 58 - 0.03 0.14 30160
aoULAV 1e1 2 58 - 0.03 0.14 30176
aoD2AG 1e1 2 58 - 0.03 0.14 30316
aoD2SG 1e1 2 58 - 0.03 0.14 30324
moore 1e1 2 58 - 0.03 0.18 30476
nbpm 1e1 2 58 - 0.08 2.17 49816
greedy 1e1 2 58 - 0.03 0.14 30124
dry 300e2 2 28 - 0.02 0.12 27216
aoDLAV 300e2 2 28 - 0.04 0.21 31340
aoULAV 300e2 2 28 - 0.03 0.22 31896
aoD2AG 300e2 2 28 - 0.04 0.24 35056
aoD2SG 300e2 2 28 - 0.04 0.25 34720
dry 5e4 10 119 - 0.03 0.14 33888
aoDLAV 5e4 10 119 - 0.05 7.96 40200
aoULAV 5e4 10 119 - 0.05 8.09 40204
aoD2AG 5e4 10 119 - 0.05 7.90 44984
aoD2SG 5e4 10 119 - 0.05 8.60 45000
dry 18e1 2 194 - 0.02 0.12 26004
aoDLAV 18e1 2 194 - 0.03 0.15 30184
aoULAV 18e1 2 194 - 0.03 0.14 30200
aoD2AG 18e1 2 194 - 0.03 0.14 30396
aoD2SG 18e1 2 194 - 0.03 0.15 30364
moore 18e1 2 194 - 0.03 0.33 30496
nbpm 18e1 2 194 - 0.09 2.19 54448
greedy 18e1 2 194 - 0.03 0.16 33352
dry 1e2 2 198 - 0.02 0.13 25996
aoDLAV 1e2 2 198 - 0.03 0.14 30168
aoULAV 1e2 2 198 - 0.04 0.13 30180
aoD2AG 1e2 2 198 - 0.01 0.16 30336
aoD2SG 1e2 2 198 - 0.03 0.15 30340
moore 1e2 2 198 - 0.03 0.19 30480
nbpm 1e2 2 198 - 0.08 2.17 53000
greedy 1e2 2 198 - 0.03 0.15 30880
dry 5e4 10 183 - 0.04 0.14 33888
aoDLAV 5e4 10 183 - 0.04 7.66 40204
aoULAV 5e4 10 183 - 0.04 7.48 40200
aoD2AG 5e4 10 183 - 0.04 7.64 44988
aoD2SG 5e4 10 183 - 0.04 8.46 44996
dry 1e1 2 114 - 0.04 0.11 25996
aoDLAV 1e1 2 114 - 0.02 0.15 30160
aoULAV 1e1 2 114 - 0.03 0.14 30172
aoD2AG 1e1 2 114 - 0.01 0.16 30316
aoD2SG 1e1 2 114 - 0.04 0.14 30332
moore 1e1 2 114 - 0.03 0.18 30484
nbpm 1e1 2 114 - 0.10 2.15 49824
greedy 1e1 2 114 - 0.03 0.14 30124
dry 1e2 5 245 - 0.02 0.12 25996
aoDLAV 1e2 5 245 - 0.04 0.14 30212
aoULAV 1e2 5 245 - 0.03 0.14 30224
aoD2AG 1e2 5 245 - 0.02 0.15 30384
aoD2SG 1e2 5 245 - 0.02 0.15 30388
moore 1e2 5 245 - 0.03 0.20 30496
nbpm 1e2 5 245 - 0.08 2.15 53020
greedy 1e2 5 245 - 0.02 0.16 30920
dry 1e3 5 94 - 0.03 0.11 26056
aoDLAV 1e3 5 94 - 0.02 0.16 30424
aoULAV 1e3 5 94 - 0.02 0.15 30436
aoD2AG 1e3 5 94 - 0.03 0.15 30756
aoD2SG 1e3 5 94 - 0.02 0.16 30776
moore 1e3 5 94 - 0.05 5.46 59824
nbpm 1e3 5 94 - 0.12 4.46 129244
greedy 1e3 5 94 - 0.08 1.02 139388
dry 225e2 2 87 - 0.02 0.12 26920
aoDLAV 225e2 2 87 - 0.03 0.18 30980
aoULAV 225e2 2 87 - 0.03 0.19 30992
aoD2AG 225e2 2 87 - 0.02 0.22 33368
aoD2SG 225e2 2 87 - 0.02 0.23 33464
dry 5e4 2 80 - 0.01 0.13 29312
aoDLAV 5e4 2 80 - 0.03 0.27 33008
aoULAV 5e4 2 80 - 0.03 0.28 33312
aoD2AG 5e4 2 80 - 0.03 0.33 36408
aoD2SG 5e4 2 80 - 0.03 0.35 36424
dry 5e4 2 9 - 0.02 0.12 29584
aoDLAV 5e4 2 9 - 0.03 0.26 33012
aoULAV 5e4 2 9 - 0.03 0.26 33312
aoD2AG 5e4 2 9 - 0.03 0.33 36412
aoD2SG 5e4 2 9 - 0.04 0.35 36424
dry 1e3 2 13 - 0.02 0.11 26020
aoDLAV 1e3 2 13 - 0.03 0.14 30280
aoULAV 1e3 2 13 - 0.03 0.14 30296
aoD2AG 1e3 2 13 - 0.03 0.15 30532
aoD2SG 1e3 2 13 - 0.03 0.14 30556
moore 1e3 2 13 - 0.05 1.71 59796
nbpm 1e3 2 13 - 0.14 4.08 138552
greedy 1e3 2 13 - 0.07 1.05 139244
dry 1e2 10 144 - 0.02 0.12 26004
aoDLAV 1e2 10 144 - 0.03 0.14 30260
aoULAV 1e2 10 144 - 0.03 0.15 30276
aoD2AG 1e2 10 144 - 0.02 0.15 30440
aoD2SG 1e2 10 144 - 0.04 0.13 30444
moore 1e2 10 144 - 0.03 0.22 30496
nbpm 1e2 10 144 - 0.08 2.17 53076
greedy 1e2 10 144 - 0.03 0.15 30972
dry 350e2 2 98 - 0.03 0.12 28932
aoDLAV 350e2 2 98 - 0.03 0.23 31484
aoULAV 350e2 2 98 - 0.04 0.22 32260
aoD2AG 350e2 2 98 - 0.03 0.27 34856
aoD2SG 350e2 2 98 - 0.04 0.27 35132
dry 225e2 2 186 - 0.02 0.12 26920
aoDLAV 225e2 2 186 - 0.02 0.21 30980
aoULAV 225e2 2 186 - 0.03 0.20 30992
aoD2AG 225e2 2 186 - 0.03 0.21 33368
aoD2SG 225e2 2 186 - 0.02 0.24 33468
dry 275e2 2 123 - 0.03 0.12 27120
aoDLAV 275e2 2 123 - 0.03 0.21 31240
aoULAV 275e2 2 123 - 0.02 0.21 31572
aoD2AG 275e2 2 123 - 0.03 0.23 34692
aoD2SG 275e2 2 123 - 0.04 0.24 34812
dry 275e2 2 142 - 0.03 0.12 29072
aoDLAV 275e2 2 142 - 0.03 0.21 31240
aoULAV 275e2 2 142 - 0.03 0.21 31572
aoD2AG 275e2 2 142 - 0.03 0.24 34696
aoD2SG 275e2 2 142 - 0.03 0.25 34808
dry 56e1 2 170 - 0.02 0.12 26012
aoDLAV 56e1 2 170 - 0.03 0.15 30220
aoULAV 56e1 2 170 - 0.03 0.14 30232
aoD2AG 56e1 2 170 - 0.03 0.14 30416
aoD2SG 56e1 2 170 - 0.03 0.15 30428
moore 56e1 2 170 - 0.03 1.53 39660
nbpm 56e1 2 170 - 0.12 2.95 78712
greedy 56e1 2 170 - 0.05 0.39 64108
dry 5e4 5 229 - 0.04 0.12 30144
aoDLAV 5e4 5 229 - 0.03 0.76 34704
aoULAV 5e4 5 229 - 0.03 0.77 34708
aoD2AG 5e4 5 229 - 0.04 0.82 37728
aoD2SG 5e4 5 229 - 0.04 0.90 37936
dry 5e4 2 64 - 0.03 0.11 28000
aoDLAV 5e4 2 64 - 0.03 0.28 33008
aoULAV 5e4 2 64 - 0.03 0.27 33312
aoD2AG 5e4 2 64 - 0.04 0.34 36404
aoD2SG 5e4 2 64 - 0.03 0.36 36420
dry 1e3 10 37 - 0.02 0.12 26136
aoDLAV 1e3 10 37 - 0.03 0.16 30652
aoULAV 1e3 10 37 - 0.02 0.17 30664
aoD2AG 1e3 10 37 - 0.02 0.17 31064
aoD2SG 1e3 10 37 - 0.02 0.18 31092
moore 1e3 10 37 - 0.04 5.05 59840
nbpm 1e3 10 37 - 0.13 5.00 136140
greedy 1e3 10 37 - 0.09 1.05 139620
dry 1e2 5 100 - 0.03 0.11 26000
aoDLAV 1e2 5 100 - 0.02 0.15 30212
aoULAV 1e2 5 100 - 0.03 0.14 30224
aoD2AG 1e2 5 100 - 0.03 0.14 30384
aoD2SG 1e2 5 100 - 0.03 0.14 30388
moore 1e2 5 100 - 0.03 0.23 30492
nbpm 1e2 5 100 - 0.10 2.16 53016
greedy 1e2 5 100 - 0.03 0.15 30924
dry 400e2 2 59 - 0.02 0.12 29376
aoDLAV 400e2 2 59 - 0.03 0.24 32236
aoULAV 400e2 2 59 - 0.03 0.25 33112
aoD2AG 400e2 2 59 - 0.04 0.28 36072
aoD2SG 400e2 2 59 - 0.04 0.29 35928
dry 5e4 10 123 - 0.03 0.13 33888
aoDLAV 5e4 10 123 - 0.04 7.47 40204
aoULAV 5e4 10 123 - 0.05 7.59 40204
aoD2AG 5e4 10 123 - 0.05 7.61 44980
aoD2SG 5e4 10 123 - 0.05 8.42 44996
