dry 1e4 2 41 - 0.03 0.12 26432
aoDLAV 1e4 2 41 - 0.03 0.18 31868
aoULAV 1e4 2 41 - 0.04 0.17 31876
aoD2AG 1e4 2 41 - 0.02 0.19 31880
aoD2SG 1e4 2 41 - 0.03 0.19 31988
moore 1e4 2 41 - 1.11 1168.38 2960572
nbpm 1e4 2 41 - 7.51 355.88 7889416
greedy 1e4 2 41 - 6.64 307.08 10968568
dry 32e6 2 9 - 0.35 1.10 655176
aoDLAV 32e6 2 9 - 2.67 183.55 4768324
aoULAV 32e6 2 9 - 2.64 202.95 4768324
aoD2AG 32e6 2 9 - 6.26 277.30 7006924
aoD2SG 32e6 2 9 - 6.78 320.42 7264396
dry 3e7 2 113 - 0.36 1.03 616104
aoDLAV 3e7 2 113 - 2.48 166.15 4471428
aoULAV 3e7 2 113 - 2.61 180.34 4471428
aoD2AG 3e7 2 113 - 5.88 243.36 6569832
aoD2SG 3e7 2 113 - 6.25 292.21 6809320
dry 2e7 2 53 - 0.25 0.74 420800
aoDLAV 2e7 2 53 - 1.67 106.66 2987072
aoULAV 2e7 2 53 - 1.75 111.91 2987068
aoD2AG 2e7 2 53 - 4.19 166.13 4387636
aoD2SG 2e7 2 53 - 3.74 239.93 4545408
dry 3e7 2 62 - 0.34 1.07 616104
aoDLAV 3e7 2 62 - 2.45 170.73 4471428
aoULAV 3e7 2 62 - 3.22 179.13 4471432
aoD2AG 3e7 2 62 - 5.71 277.77 6570984
aoD2SG 3e7 2 62 - 6.39 304.15 6811576
dry 18e6 2 182 - 0.21 0.71 381736
aoDLAV 18e6 2 182 - 1.57 94.72 2690192
aoULAV 18e6 2 182 - 2.20 102.58 2690192
aoD2AG 18e6 2 182 - 3.21 144.15 3951068
aoD2SG 18e6 2 182 - 3.95 169.41 4095032
dry 56e6 2 11 - 0.60 1.80 1123928
aoDLAV 56e6 2 11 - 4.70 328.06 8330820
aoULAV 56e6 2 11 - 6.35 351.60 8330816
aoD2AG 56e6 2 11 - 11.03 481.72 12244288
aoD2SG 56e6 2 11 - 11.53 571.67 12690668
dry 32e6 2 61 - 0.39 1.10 655180
aoDLAV 32e6 2 61 - 2.64 177.46 4768324
aoULAV 32e6 2 61 - 3.54 189.47 4768328
aoD2AG 32e6 2 61 - 5.70 349.10 7008788
aoD2SG 32e6 2 61 - 6.85 310.14 7265124
dry 1e4 5 101 - 0.03 0.11 26900
aoDLAV 1e4 5 101 - 0.03 0.23 31088
aoULAV 1e4 5 101 - 0.03 0.21 31096
aoD2AG 1e4 5 101 - 0.03 0.23 32108
aoD2SG 1e4 5 101 - 0.02 0.24 32112
moore 1e4 5 101 - 1.11 988.31 2961740
nbpm 1e4 5 101 - 7.37 623.63 7811452
greedy 1e4 5 101 - 7.12 297.82 10959176
dry 25e2 2 43 - 0.02 0.12 26080
aoDLAV 25e2 2 43 - 0.03 0.15 30456
aoULAV 25e2 2 43 - 0.02 0.16 30468
aoD2AG 25e2 2 43 - 0.03 0.16 30992
aoD2SG 25e2 2 43 - 0.03 0.16 31052
moore 25e2 2 43 - 0.11 29.17 213652
nbpm 25e2 2 43 - 0.57 12.71 541644
greedy 25e2 2 43 - 0.48 9.36 713664
dry 5e7 2 154 - 0.58 1.59 1006740
aoDLAV 5e7 2 154 - 4.37 297.93 7440192
aoULAV 5e7 2 154 - 5.31 310.24 7440192
aoD2AG 5e7 2 154 - 10.00 457.98 10937580
aoD2SG 5e7 2 154 - 10.02 508.77 11337704
dry 4e7 2 97 - 0.54 1.35 811424
aoDLAV 4e7 2 97 - 3.56 238.90 5955816
aoULAV 4e7 2 97 - 3.66 241.67 5955820
aoD2AG 4e7 2 97 - 7.96 338.27 8754136
aoD2SG 4e7 2 97 - 8.37 397.77 9071432
dry 25e2 2 221 - 0.02 0.13 26080
aoDLAV 25e2 2 221 - 0.03 0.16 30452
aoULAV 25e2 2 221 - 0.03 0.15 30468
aoD2AG 25e2 2 221 - 0.03 0.16 30984
aoD2SG 25e2 2 221 - 0.03 0.16 31020
moore 25e2 2 221 - 0.10 25.75 213596
nbpm 25e2 2 221 - 0.56 12.04 541636
greedy 25e2 2 221 - 0.43 9.54 713664
dry 25e2 2 107 - 0.03 0.11 26080
aoDLAV 25e2 2 107 - 0.02 0.15 30456
aoULAV 25e2 2 107 - 0.03 0.15 30464
aoD2AG 25e2 2 107 - 0.03 0.15 30992
aoD2SG 25e2 2 107 - 0.02 0.16 31024
moore 25e2 2 107 - 0.09 71.49 213596
nbpm 25e2 2 107 - 0.57 12.87 541640
greedy 25e2 2 107 - 0.48 10.50 713664
dry 25e2 2 185 - 0.03 0.13 26080
aoDLAV 25e2 2 185 - 0.03 0.15 30452
aoULAV 25e2 2 185 - 0.02 0.16 30464
aoD2AG 25e2 2 185 - 0.03 0.15 30980
aoD2SG 25e2 2 185 - 0.03 0.15 31032
moore 25e2 2 185 - 0.13 34.98 213596
nbpm 25e2 2 185 - 0.54 12.57 541636
greedy 25e2 2 185 - 0.38 10.91 713664
dry 18e6 2 152 - 0.23 0.69 381736
aoDLAV 18e6 2 152 - 1.53 94.87 2690192
aoULAV 18e6 2 152 - 1.55 100.30 2690192
aoD2AG 18e6 2 152 - 3.35 152.49 3951764
aoD2SG 18e6 2 152 - 3.84 171.57 4095872
dry 25e2 2 68 - 0.03 0.12 26080
aoDLAV 25e2 2 68 - 0.03 0.16 30456
aoULAV 25e2 2 68 - 0.03 0.16 30468
aoD2AG 25e2 2 68 - 0.04 0.15 30996
aoD2SG 25e2 2 68 - 0.04 0.15 31024
moore 25e2 2 68 - 0.09 17.98 213624
nbpm 25e2 2 68 - 0.55 12.64 541640
greedy 25e2 2 68 - 0.46 11.20 713660
dry 1e4 5 234 - 0.03 0.13 28676
aoDLAV 1e4 5 234 - 0.03 0.22 31088
aoULAV 1e4 5 234 - 0.05 0.21 31100
aoD2AG 1e4 5 234 - 0.03 0.24 32112
aoD2SG 1e4 5 234 - 0.03 0.24 32112
moore 1e4 5 234 - 1.14 1326.08 2961736
nbpm 1e4 5 234 - 7.37 727.11 7811456
greedy 1e4 5 234 - 6.92 294.67 10959172
dry 18e2 2 69 - 0.02 0.12 26048
aoDLAV 18e2 2 69 - 0.02 0.16 30372
aoULAV 18e2 2 69 - 0.03 0.14 30384
aoD2AG 18e2 2 69 - 0.03 0.15 30792
aoD2SG 18e2 2 69 - 0.03 0.17 30832
moore 18e2 2 69 - 0.07 16.46 125420
nbpm 18e2 2 69 - 0.17 7.43 334536
greedy 18e2 2 69 - 0.21 3.91 384356
dry 5e7 2 224 - 0.52 1.59 1006736
aoDLAV 5e7 2 224 - 4.19 299.90 7440192
aoULAV 5e7 2 224 - 5.61 318.94 7440192
aoD2AG 5e7 2 224 - 9.90 435.55 10937088
aoD2SG 5e7 2 224 - 10.53 512.41 11335416
dry 6e7 2 61 - 0.73 1.88 1202048
aoDLAV 6e7 2 61 - 5.25 355.41 8924564
aoULAV 6e7 2 61 - 6.77 386.66 8924560
aoD2AG 6e7 2 61 - 12.13 612.96 13124036
aoD2SG 6e7 2 61 - 12.94 720.29 13601976
dry 18e2 2 3 - 0.02 0.12 26048
aoDLAV 18e2 2 3 - 0.03 0.14 30372
aoULAV 18e2 2 3 - 0.03 0.15 30388
aoD2AG 18e2 2 3 - 0.04 0.14 30796
aoD2SG 18e2 2 3 - 0.02 0.16 30820
moore 18e2 2 3 - 0.07 14.60 125408
nbpm 18e2 2 3 - 0.20 7.77 334528
greedy 18e2 2 3 - 0.23 4.10 384348
dry 25e2 2 99 - 0.02 0.13 26080
aoDLAV 25e2 2 99 - 0.03 0.16 30452
aoULAV 25e2 2 99 - 0.02 0.16 30468
aoD2AG 25e2 2 99 - 0.02 0.16 30980
aoD2SG 25e2 2 99 - 0.02 0.16 31020
moore 25e2 2 99 - 0.10 32.86 213596
nbpm 25e2 2 99 - 0.57 12.19 541636
greedy 25e2 2 99 - 0.45 10.80 713668
dry 5e7 2 76 - 0.60 1.62 1006736
aoDLAV 5e7 2 76 - 4.25 296.73 7440196
aoULAV 5e7 2 76 - 5.55 314.11 7440192
aoD2AG 5e7 2 76 - 9.80 452.33 10936376
aoD2SG 5e7 2 76 - 10.23 532.27 11335764
dry 18e2 2 30 - 0.03 0.11 26048
aoDLAV 18e2 2 30 - 0.02 0.16 30376
aoULAV 18e2 2 30 - 0.02 0.15 30384
aoD2AG 18e2 2 30 - 0.02 0.15 30796
aoD2SG 18e2 2 30 - 0.03 0.14 30824
moore 18e2 2 30 - 0.06 14.85 125520
nbpm 18e2 2 30 - 0.17 8.42 334528
greedy 18e2 2 30 - 0.24 3.53 384352
dry 1e4 10 30 - 0.02 0.12 29160
aoDLAV 1e4 10 30 - 0.03 0.66 32764
aoULAV 1e4 10 30 - 0.04 0.66 32776
aoD2AG 1e4 10 30 - 0.03 0.69 32744
aoD2SG 1e4 10 30 - 0.03 0.76 34180
moore 1e4 10 30 - 1.19 874.63 2963856
nbpm 1e4 10 30 - 7.46 742.31 7764392
greedy 1e4 10 30 - 6.73 287.39 10961108
dry 56e2 2 82 - 0.02 0.12 26236
aoDLAV 56e2 2 82 - 0.03 0.15 30980
aoULAV 56e2 2 82 - 0.04 0.15 31012
aoD2AG 56e2 2 82 - 0.03 0.18 32000
aoD2SG 56e2 2 82 - 0.03 0.18 31128
moore 56e2 2 82 - 0.81 241.06 952724
nbpm 56e2 2 82 - 2.37 75.87 2388092
greedy 56e2 2 82 - 2.39 107.18 3460492
dry 1e4 5 194 - 0.03 0.13 26900
aoDLAV 1e4 5 194 - 0.04 0.22 31084
aoULAV 1e4 5 194 - 0.02 0.23 31096
aoD2AG 1e4 5 194 - 0.04 0.22 32108
aoD2SG 1e4 5 194 - 0.04 0.22 32108
moore 1e4 5 194 - 1.07 1073.07 2961736
nbpm 1e4 5 194 - 7.31 664.56 7811452
greedy 1e4 5 194 - 6.35 289.31 10959172
dry 50e2 2 42 - 0.03 0.12 26204
aoDLAV 50e2 2 42 - 0.03 0.16 30852
aoULAV 50e2 2 42 - 0.03 0.16 30860
aoD2AG 50e2 2 42 - 0.03 0.16 31776
aoD2SG 50e2 2 42 - 0.04 0.17 31856
moore 50e2 2 42 - 0.66 193.14 764620
nbpm 50e2 2 42 - 1.95 54.41 2011916
greedy 50e2 2 42 - 1.66 61.65 2764780
dry 1e4 10 110 - 0.02 0.13 27952
aoDLAV 1e4 10 110 - 0.03 0.70 32764
aoULAV 1e4 10 110 - 0.03 0.70 32776
aoD2AG 1e4 10 110 - 0.03 0.70 32744
aoD2SG 1e4 10 110 - 0.03 0.77 34180
moore 1e4 10 110 - 1.15 1198.15 2963856
nbpm 1e4 10 110 - 7.87 718.03 7764384
greedy 1e4 10 110 - 6.27 277.52 10961132
dry 18e2 2 63 - 0.02 0.12 26048
aoDLAV 18e2 2 63 - 0.03 0.14 30372
aoULAV 18e2 2 63 - 0.03 0.15 30384
aoD2AG 18e2 2 63 - 0.03 0.14 30800
aoD2SG 18e2 2 63 - 0.02 0.15 30832
moore 18e2 2 63 - 0.06 12.46 125412
nbpm 18e2 2 63 - 0.17 7.76 334528
greedy 18e2 2 63 - 0.24 5.11 384348
dry 4e7 2 188 - 0.49 1.33 811424
aoDLAV 4e7 2 188 - 3.45 233.88 5955816
aoULAV 4e7 2 188 - 4.23 247.60 5955816
aoD2AG 4e7 2 188 - 7.75 349.34 8754208
aoD2SG 4e7 2 188 - 8.16 398.92 9074696
dry 2e7 2 183 - 0.24 0.76 420796
aoDLAV 2e7 2 183 - 1.70 108.37 2987068
aoULAV 2e7 2 183 - 2.19 140.24 2987068
aoD2AG 2e7 2 183 - 3.59 155.27 4388288
aoD2SG 2e7 2 183 - 4.08 186.59 4548188
dry 5e7 2 110 - 0.65 1.65 1006736
aoDLAV 5e7 2 110 - 4.38 293.95 7440192
aoULAV 5e7 2 110 - 5.41 313.89 7440196
aoD2AG 5e7 2 110 - 10.14 451.31 10936984
aoD2SG 5e7 2 110 - 10.42 515.53 11337128
dry 25e2 2 78 - 0.02 0.12 26080
aoDLAV 25e2 2 78 - 0.03 0.14 30456
aoULAV 25e2 2 78 - 0.03 0.15 30468
aoD2AG 25e2 2 78 - 0.03 0.15 30976
aoD2SG 25e2 2 78 - 0.03 0.15 31020
moore 25e2 2 78 - 0.10 34.30 213604
nbpm 25e2 2 78 - 0.62 12.40 541764
greedy 25e2 2 78 - 0.42 9.77 713724
dry 18e6 2 47 - 0.21 0.73 381740
aoDLAV 18e6 2 47 - 1.64 94.31 2690252
aoULAV 18e6 2 47 - 1.63 98.43 2690196
aoD2AG 18e6 2 47 - 3.61 145.62 3949776
aoD2SG 18e6 2 47 - 3.42 164.62 4094800
dry 18e2 2 111 - 0.03 0.11 26048
aoDLAV 18e2 2 111 - 0.02 0.16 30372
aoULAV 18e2 2 111 - 0.03 0.15 30384
aoD2AG 18e2 2 111 - 0.03 0.15 30780
aoD2SG 18e2 2 111 - 0.02 0.15 30824
moore 18e2 2 111 - 0.09 13.37 125416
nbpm 18e2 2 111 - 0.19 7.61 334536
greedy 18e2 2 111 - 0.25 3.81 384356
dry 18e6 2 183 - 0.22 0.68 381736
aoDLAV 18e6 2 183 - 1.54 95.79 2690192
aoULAV 18e6 2 183 - 1.54 100.78 2690196
aoD2AG 18e6 2 183 - 3.12 144.54 3950396
aoD2SG 18e6 2 183 - 3.84 162.99 4094368
dry 56e2 2 5 - 0.03 0.12 26236
aoDLAV 56e2 2 5 - 0.03 0.15 30976
aoULAV 56e2 2 5 - 0.03 0.15 30988
aoD2AG 56e2 2 5 - 0.04 0.17 32020
aoD2SG 56e2 2 5 - 0.03 0.18 31124
moore 56e2 2 5 - 0.64 220.55 952720
nbpm 56e2 2 5 - 2.33 77.53 2388080
greedy 56e2 2 5 - 1.95 76.97 3460492
dry 56e6 2 79 - 0.68 1.80 1123924
aoDLAV 56e6 2 79 - 4.78 330.16 8330816
aoULAV 56e6 2 79 - 6.06 352.23 8330816
aoD2AG 56e6 2 79 - 11.22 506.37 12244744
aoD2SG 56e6 2 79 - 11.95 578.68 12694592
dry 56e6 2 65 - 0.67 1.78 1123980
aoDLAV 56e6 2 65 - 4.85 332.93 8330816
aoULAV 56e6 2 65 - 6.13 360.20 8330820
aoD2AG 56e6 2 65 - 10.78 501.66 12249312
aoD2SG 56e6 2 65 - 11.36 577.35 12697136
dry 25e2 2 23 - 0.02 0.12 26084
aoDLAV 25e2 2 23 - 0.03 0.15 30452
aoULAV 25e2 2 23 - 0.02 0.15 30464
aoD2AG 25e2 2 23 - 0.02 0.15 30976
aoD2SG 25e2 2 23 - 0.02 0.15 31044
moore 25e2 2 23 - 0.11 28.28 213600
nbpm 25e2 2 23 - 0.55 12.72 541636
greedy 25e2 2 23 - 0.39 10.66 713664
dry 32e6 2 230 - 0.41 1.08 655176
aoDLAV 32e6 2 230 - 2.77 181.17 4768324
aoULAV 32e6 2 230 - 3.52 191.86 4768328
aoD2AG 32e6 2 230 - 5.42 266.97 7008196
aoD2SG 32e6 2 230 - 6.82 320.60 7262296
dry 25e2 2 224 - 0.03 0.12 26080
aoDLAV 25e2 2 224 - 0.03 0.14 30452
aoULAV 25e2 2 224 - 0.03 0.14 30464
aoD2AG 25e2 2 224 - 0.03 0.14 30996
aoD2SG 25e2 2 224 - 0.03 0.15 31040
moore 25e2 2 224 - 0.13 35.53 213604
nbpm 25e2 2 224 - 0.53 13.05 541644
greedy 25e2 2 224 - 0.46 10.28 713664
dry 56e2 2 87 - 0.03 0.11 26240
aoDLAV 56e2 2 87 - 0.03 0.15 30980
aoULAV 56e2 2 87 - 0.03 0.15 30992
aoD2AG 56e2 2 87 - 0.03 0.18 31992
aoD2SG 56e2 2 87 - 0.03 0.18 31124
moore 56e2 2 87 - 0.90 266.60 952720
nbpm 56e2 2 87 - 2.47 69.78 2388080
greedy 56e2 2 87 - 2.02 83.56 3460488
dry 5e7 2 236 - 0.62 1.69 1006736
aoDLAV 5e7 2 236 - 3.96 297.48 7440192
aoULAV 5e7 2 236 - 5.38 307.90 7440192
aoD2AG 5e7 2 236 - 10.10 445.81 10937868
aoD2SG 5e7 2 236 - 10.48 533.63 11337328
dry 32e6 2 201 - 0.40 1.12 655176
aoDLAV 32e6 2 201 - 2.83 179.59 4768324
aoULAV 32e6 2 201 - 2.77 187.68 4768360
aoD2AG 32e6 2 201 - 6.60 271.29 7005916
aoD2SG 32e6 2 201 - 6.69 324.81 7261064
dry 50e2 2 232 - 0.03 0.11 26204
aoDLAV 50e2 2 232 - 0.03 0.15 30848
aoULAV 50e2 2 232 - 0.03 0.15 30864
aoD2AG 50e2 2 232 - 0.03 0.16 31776
aoD2SG 50e2 2 232 - 0.03 0.17 31872
moore 50e2 2 232 - 0.66 197.32 764628
nbpm 50e2 2 232 - 1.90 62.37 2011924
greedy 50e2 2 232 - 1.59 61.49 2764780
dry 7e7 2 24 - 0.78 2.20 1397356
aoDLAV 7e7 2 24 - 5.77 419.97 10408936
aoULAV 7e7 2 24 - 7.58 431.25 10408936
aoD2AG 7e7 2 24 - 13.70 639.44 15307112
aoD2SG 7e7 2 24 - 14.57 745.55 15864116
dry 4e7 2 60 - 0.51 1.30 811432
aoDLAV 4e7 2 60 - 3.37 235.55 5955816
aoULAV 4e7 2 60 - 3.69 243.69 5955816
aoD2AG 4e7 2 60 - 7.89 343.09 8756356
aoD2SG 4e7 2 60 - 8.30 405.31 9074420
dry 75e2 2 46 - 0.02 0.12 26328
aoDLAV 75e2 2 46 - 0.03 0.15 31376
aoULAV 75e2 2 46 - 0.03 0.15 31388
aoD2AG 75e2 2 46 - 0.03 0.18 31380
aoD2SG 75e2 2 46 - 0.03 0.18 31380
moore 75e2 2 46 - 0.81 401.31 1688784
nbpm 75e2 2 46 - 4.02 163.94 4242124
greedy 75e2 2 46 - 3.41 148.56 6183096
dry 4e7 2 70 - 0.46 1.33 811424
aoDLAV 4e7 2 70 - 3.30 227.57 5955816
aoULAV 4e7 2 70 - 4.23 245.50 5955820
aoD2AG 4e7 2 70 - 7.87 417.38 8754396
aoD2SG 4e7 2 70 - 8.32 518.38 9071864
dry 25e2 2 104 - 0.03 0.12 26084
aoDLAV 25e2 2 104 - 0.03 0.15 30452
aoULAV 25e2 2 104 - 0.03 0.14 30464
aoD2AG 25e2 2 104 - 0.02 0.16 30980
aoD2SG 25e2 2 104 - 0.03 0.15 31044
moore 25e2 2 104 - 0.11 36.16 213600
nbpm 25e2 2 104 - 0.54 12.61 541636
greedy 25e2 2 104 - 0.39 9.24 713660
dry 1e4 5 56 - 0.02 0.12 26900
aoDLAV 1e4 5 56 - 0.02 0.22 31084
aoULAV 1e4 5 56 - 0.02 0.22 31100
aoD2AG 1e4 5 56 - 0.03 0.22 32112
aoD2SG 1e4 5 56 - 0.02 0.25 32108
moore 1e4 5 56 - 1.35 1224.95 2961736
nbpm 1e4 5 56 - 7.59 635.25 7811452
greedy 1e4 5 56 - 6.20 298.07 10959176
dry 2e7 2 59 - 0.26 0.74 420796
aoDLAV 2e7 2 59 - 1.69 106.44 2987068
aoULAV 2e7 2 59 - 1.63 112.22 2987068
aoD2AG 2e7 2 59 - 3.55 165.47 4385732
aoD2SG 2e7 2 59 - 4.08 184.21 4547284
dry 3e7 2 213 - 0.38 1.04 616140
aoDLAV 3e7 2 213 - 2.47 165.75 4471428
aoULAV 3e7 2 213 - 2.59 174.14 4471428
aoD2AG 3e7 2 213 - 6.02 260.13 6571208
aoD2SG 3e7 2 213 - 6.30 292.95 6810780
dry 50e2 2 213 - 0.02 0.12 26204
aoDLAV 50e2 2 213 - 0.03 0.15 30852
aoULAV 50e2 2 213 - 0.03 0.15 30860
aoD2AG 50e2 2 213 - 0.03 0.15 31792
aoD2SG 50e2 2 213 - 0.02 0.18 31880
moore 50e2 2 213 - 0.89 256.64 764628
nbpm 50e2 2 213 - 1.97 57.37 2011924
greedy 50e2 2 213 - 1.74 64.13 2764780
dry 6e7 2 214 - 0.66 1.94 1202044
aoDLAV 6e7 2 214 - 4.96 367.12 8924560
aoULAV 6e7 2 214 - 6.68 396.64 8924564
aoD2AG 6e7 2 214 - 11.55 547.87 13119956
aoD2SG 6e7 2 214 - 12.66 652.22 13601624
dry 32e6 2 35 - 0.38 1.11 655180
aoDLAV 32e6 2 35 - 2.73 178.90 4768324
aoULAV 32e6 2 35 - 2.89 184.33 4768324
aoD2AG 32e6 2 35 - 6.21 260.02 7007284
aoD2SG 32e6 2 35 - 6.90 307.07 7261928
dry 18e2 2 68 - 0.02 0.13 26048
aoDLAV 18e2 2 68 - 0.04 0.14 30372
aoULAV 18e2 2 68 - 0.02 0.16 30384
aoD2AG 18e2 2 68 - 0.03 0.15 30796
aoD2SG 18e2 2 68 - 0.03 0.15 30840
moore 18e2 2 68 - 0.07 21.43 125408
nbpm 18e2 2 68 - 0.18 7.77 334528
greedy 18e2 2 68 - 0.21 4.11 384352
dry 56e6 2 59 - 0.60 1.77 1123924
aoDLAV 56e6 2 59 - 4.64 335.06 8330820
aoULAV 56e6 2 59 - 6.07 350.62 8330816
aoD2AG 56e6 2 59 - 10.74 510.46 12248972
aoD2SG 56e6 2 59 - 11.50 702.47 12693528
dry 56e6 2 169 - 0.75 1.84 1123928
aoDLAV 56e6 2 169 - 4.98 441.86 8330816
aoULAV 56e6 2 169 - 5.95 343.99 8330836
aoD2AG 56e6 2 169 - 11.00 493.20 12245616
aoD2SG 56e6 2 169 - 11.65 570.19 12694480
dry 18e6 2 223 - 0.23 0.68 381740
aoDLAV 18e6 2 223 - 1.47 94.72 2690192
aoULAV 18e6 2 223 - 1.51 98.48 2690192
aoD2AG 18e6 2 223 - 3.16 145.88 3949772
aoD2SG 18e6 2 223 - 3.92 167.29 4093744
dry 6e7 2 98 - 0.68 1.91 1202044
aoDLAV 6e7 2 98 - 4.74 365.24 8924564
aoULAV 6e7 2 98 - 6.72 491.77 8924560
aoD2AG 6e7 2 98 - 12.04 560.95 13120736
aoD2SG 6e7 2 98 - 13.17 633.54 13599744
