dry 400e2 2 12 - 0.03 0.11 27616
aoDLAV 400e2 2 12 - 0.03 0.22 32236
aoULAV 400e2 2 12 - 0.03 0.25 33116
aoD2AG 400e2 2 12 - 0.03 0.31 36072
aoD2SG 400e2 2 12 - 0.02 0.31 35928
dry 56e3 2 159 - 0.03 0.12 29788
aoDLAV 56e3 2 159 - 0.03 0.29 33476
aoULAV 56e3 2 159 - 0.03 0.30 34696
aoD2AG 56e3 2 159 - 0.03 0.35 37284
aoD2SG 56e3 2 159 - 0.04 0.41 37300
dry 32e4 2 108 - 0.04 0.15 36424
aoDLAV 32e4 2 108 - 0.05 1.26 70832
aoULAV 32e4 2 108 - 0.06 1.24 70840
aoD2AG 32e4 2 108 - 0.06 1.68 88336
aoD2SG 32e4 2 108 - 0.07 1.93 90740
dry 32e4 2 104 - 0.03 0.16 36424
aoDLAV 32e4 2 104 - 0.04 1.20 70828
aoULAV 32e4 2 104 - 0.06 1.26 70844
aoD2AG 32e4 2 104 - 0.08 1.73 88312
aoD2SG 32e4 2 104 - 0.07 2.08 90816
dry 1e2 10 176 - 0.02 0.12 26004
aoDLAV 1e2 10 176 - 0.02 0.15 30260
aoULAV 1e2 10 176 - 0.02 0.15 30272
aoD2AG 1e2 10 176 - 0.03 0.14 30440
aoD2SG 1e2 10 176 - 0.02 0.14 30448
moore 1e2 10 176 - 0.02 0.21 30496
nbpm 1e2 10 176 - 0.08 2.09 53076
greedy 1e2 10 176 - 0.03 0.14 30976
dry 5e4 2 220 - 0.02 0.12 28000
aoDLAV 5e4 2 220 - 0.03 0.24 33008
aoULAV 5e4 2 220 - 0.03 0.32 33312
aoD2AG 5e4 2 220 - 0.03 0.31 36416
aoD2SG 5e4 2 220 - 0.03 0.34 36432
dry 350e2 2 70 - 0.02 0.12 27416
aoDLAV 350e2 2 70 - 0.03 0.22 31484
aoULAV 350e2 2 70 - 0.03 0.21 32260
aoD2AG 350e2 2 70 - 0.03 0.25 34848
aoD2SG 350e2 2 70 - 0.03 0.26 35132
dry 225e2 2 15 - 0.03 0.11 26924
aoDLAV 225e2 2 15 - 0.03 0.18 30980
aoULAV 225e2 2 15 - 0.02 0.20 30992
aoD2AG 225e2 2 15 - 0.04 0.20 33368
aoD2SG 225e2 2 15 - 0.03 0.21 33464
dry 1e6 2 233 - 0.04 0.19 49704
aoDLAV 1e6 2 233 - 0.11 3.47 178456
aoULAV 1e6 2 233 - 0.16 4.08 178456
aoD2AG 1e6 2 233 - 0.17 5.33 235096
aoD2SG 1e6 2 233 - 0.17 5.87 242812
dry 1e3 10 23 - 0.03 0.10 26140
aoDLAV 1e3 10 23 - 0.03 0.16 30652
aoULAV 1e3 10 23 - 0.03 0.16 30664
aoD2AG 1e3 10 23 - 0.03 0.16 31072
aoD2SG 1e3 10 23 - 0.03 0.15 31092
moore 1e3 10 23 - 0.04 6.78 59844
nbpm 1e3 10 23 - 0.13 4.66 136144
greedy 1e3 10 23 - 0.09 1.04 139616
dry 1e6 2 190 - 0.04 0.20 49708
aoDLAV 1e6 2 190 - 0.11 3.67 178456
aoULAV 1e6 2 190 - 0.12 3.87 178456
aoD2AG 1e6 2 190 - 0.18 5.49 234496
aoD2SG 1e6 2 190 - 0.20 6.59 241760
dry 1e2 2 187 - 0.02 0.12 25992
aoDLAV 1e2 2 187 - 0.03 0.14 30172
aoULAV 1e2 2 187 - 0.02 0.15 30184
aoD2AG 1e2 2 187 - 0.03 0.15 30336
aoD2SG 1e2 2 187 - 0.02 0.15 30340
moore 1e2 2 187 - 0.04 0.21 30492
nbpm 1e2 2 187 - 0.07 2.16 53008
greedy 1e2 2 187 - 0.02 0.15 30880
dry 1e5 10 21 - 0.04 0.17 38396
aoDLAV 1e5 10 21 - 0.05 21.10 53536
aoULAV 1e5 10 21 - 0.06 21.31 55312
aoD2AG 1e5 10 21 - 0.05 22.67 62684
aoD2SG 1e5 10 21 - 0.06 23.23 66832
dry 56e4 2 203 - 0.03 0.18 41104
aoDLAV 56e4 2 203 - 0.08 2.05 107984
aoULAV 56e4 2 203 - 0.08 2.15 107988
aoD2AG 56e4 2 203 - 0.11 3.12 138772
aoD2SG 56e4 2 203 - 0.12 3.45 144536
dry 32e4 2 111 - 0.03 0.16 36424
aoDLAV 32e4 2 111 - 0.07 1.24 70828
aoULAV 32e4 2 111 - 0.05 1.36 70844
aoD2AG 32e4 2 111 - 0.07 1.73 88768
aoD2SG 32e4 2 111 - 0.06 1.96 90976
dry 5e4 2 123 - 0.02 0.12 30008
aoDLAV 5e4 2 123 - 0.03 0.27 33008
aoULAV 5e4 2 123 - 0.03 0.29 33312
aoD2AG 5e4 2 123 - 0.04 0.32 36408
aoD2SG 5e4 2 123 - 0.03 0.35 36424
dry 1e2 2 76 - 0.02 0.11 27952
aoDLAV 1e2 2 76 - 0.02 0.15 30168
aoULAV 1e2 2 76 - 0.03 0.14 30180
aoD2AG 1e2 2 76 - 0.03 0.14 30336
aoD2SG 1e2 2 76 - 0.03 0.14 30344
moore 1e2 2 76 - 0.03 0.23 30480
nbpm 1e2 2 76 - 0.08 2.34 53000
greedy 1e2 2 76 - 0.02 0.14 30880
dry 1e3 5 22 - 0.02 0.11 26060
aoDLAV 1e3 5 22 - 0.02 0.15 30424
aoULAV 1e3 5 22 - 0.02 0.15 30436
aoD2AG 1e3 5 22 - 0.02 0.15 30736
aoD2SG 1e3 5 22 - 0.02 0.15 30756
moore 1e3 5 22 - 0.04 2.39 59832
nbpm 1e3 5 22 - 0.13 4.50 129248
greedy 1e3 5 22 - 0.07 1.00 139388
dry 1e2 5 233 - 0.02 0.12 25996
aoDLAV 1e2 5 233 - 0.02 0.15 30212
aoULAV 1e2 5 233 - 0.03 0.14 30224
aoD2AG 1e2 5 233 - 0.03 0.14 30376
aoD2SG 1e2 5 233 - 0.01 0.15 30380
moore 1e2 5 233 - 0.03 0.19 30496
nbpm 1e2 5 233 - 0.09 2.12 53016
greedy 1e2 5 233 - 0.02 0.15 30920
dry 32e3 2 41 - 0.02 0.12 29040
aoDLAV 32e3 2 41 - 0.03 0.22 31440
aoULAV 32e3 2 41 - 0.03 0.23 32148
aoD2AG 32e3 2 41 - 0.03 0.25 35024
aoD2SG 32e3 2 41 - 0.02 0.27 34788
dry 5e4 2 213 - 0.02 0.12 28000
aoDLAV 5e4 2 213 - 0.03 0.26 33008
aoULAV 5e4 2 213 - 0.04 0.26 33316
aoD2AG 5e4 2 213 - 0.05 0.31 36408
aoD2SG 5e4 2 213 - 0.03 0.35 36428
dry 32e1 2 70 - 0.02 0.12 26000
aoDLAV 32e1 2 70 - 0.03 0.14 30196
aoULAV 32e1 2 70 - 0.02 0.15 30208
aoD2AG 32e1 2 70 - 0.03 0.14 30376
aoD2SG 32e1 2 70 - 0.03 0.15 30384
moore 32e1 2 70 - 0.03 0.62 33676
nbpm 32e1 2 70 - 0.08 2.39 58300
greedy 32e1 2 70 - 0.04 0.21 40972
dry 32e1 2 200 - 0.02 0.12 26000
aoDLAV 32e1 2 200 - 0.03 0.13 30200
aoULAV 32e1 2 200 - 0.02 0.15 30212
aoD2AG 32e1 2 200 - 0.03 0.14 30380
aoD2SG 32e1 2 200 - 0.03 0.14 30384
moore 32e1 2 200 - 0.03 0.70 33684
nbpm 32e1 2 200 - 0.08 2.32 58304
greedy 32e1 2 200 - 0.04 0.20 40976
dry 350e2 2 150 - 0.02 0.12 27416
aoDLAV 350e2 2 150 - 0.03 0.25 31480
aoULAV 350e2 2 150 - 0.03 0.22 32260
aoD2AG 350e2 2 150 - 0.03 0.26 34856
aoD2SG 350e2 2 150 - 0.04 0.26 35136
dry 1e2 5 134 - 0.02 0.12 26000
aoDLAV 1e2 5 134 - 0.02 0.15 30216
aoULAV 1e2 5 134 - 0.02 0.15 30224
aoD2AG 1e2 5 134 - 0.02 0.15 30384
aoD2SG 1e2 5 134 - 0.03 0.14 30388
moore 1e2 5 134 - 0.03 0.25 30492
nbpm 1e2 5 134 - 0.08 2.16 53020
greedy 1e2 5 134 - 0.03 0.14 30920
dry 400e2 2 183 - 0.02 0.12 27616
aoDLAV 400e2 2 183 - 0.03 0.24 32236
aoULAV 400e2 2 183 - 0.03 0.24 33112
aoD2AG 400e2 2 183 - 0.04 0.28 36072
aoD2SG 400e2 2 183 - 0.04 0.29 35932
dry 1e3 10 224 - 0.03 0.11 26140
aoDLAV 1e3 10 224 - 0.03 0.16 30652
aoULAV 1e3 10 224 - 0.03 0.16 30664
aoD2AG 1e3 10 224 - 0.03 0.15 31076
aoD2SG 1e3 10 224 - 0.03 0.16 31088
moore 1e3 10 224 - 0.04 4.66 59840
nbpm 1e3 10 224 - 0.14 4.77 136136
greedy 1e3 10 224 - 0.08 1.01 139616
dry 5e4 10 187 - 0.03 0.14 33888
aoDLAV 5e4 10 187 - 0.04 7.09 40200
aoULAV 5e4 10 187 - 0.05 7.21 40200
aoD2AG 5e4 10 187 - 0.04 7.23 44984
aoD2SG 5e4 10 187 - 0.04 7.80 44996
dry 56e4 2 181 - 0.04 0.18 41104
aoDLAV 56e4 2 181 - 0.10 2.17 107984
aoULAV 56e4 2 181 - 0.09 2.18 107984
aoD2AG 56e4 2 181 - 0.14 3.25 138972
aoD2SG 56e4 2 181 - 0.13 4.03 144696
dry 5e4 5 64 - 0.02 0.14 30960
aoDLAV 5e4 5 64 - 0.03 0.70 34704
aoULAV 5e4 5 64 - 0.03 0.68 34704
aoD2AG 5e4 5 64 - 0.04 0.77 37736
aoD2SG 5e4 5 64 - 0.03 0.85 37940
dry 1e1 2 3 - 0.03 0.11 25992
aoDLAV 1e1 2 3 - 0.02 0.15 30160
aoULAV 1e1 2 3 - 0.03 0.14 30172
aoD2AG 1e1 2 3 - 0.03 0.15 30316
aoD2SG 1e1 2 3 - 0.02 0.16 30320
moore 1e1 2 3 - 0.03 0.17 30488
nbpm 1e1 2 3 - 0.07 2.16 49824
greedy 1e1 2 3 - 0.03 0.15 30124
dry 1e2 2 33 - 0.02 0.12 25992
aoDLAV 1e2 2 33 - 0.02 0.15 30172
aoULAV 1e2 2 33 - 0.03 0.14 30184
aoD2AG 1e2 2 33 - 0.03 0.15 30328
aoD2SG 1e2 2 33 - 0.03 0.14 30332
moore 1e2 2 33 - 0.03 0.24 30488
nbpm 1e2 2 33 - 0.09 2.16 53008
greedy 1e2 2 33 - 0.03 0.14 30880
dry 1e3 2 162 - 0.02 0.12 26020
aoDLAV 1e3 2 162 - 0.02 0.14 30280
aoULAV 1e3 2 162 - 0.03 0.14 30292
aoD2AG 1e3 2 162 - 0.02 0.15 30544
aoD2SG 1e3 2 162 - 0.03 0.15 30560
moore 1e3 2 162 - 0.04 2.03 59804
nbpm 1e3 2 162 - 0.18 4.19 138560
greedy 1e3 2 162 - 0.09 1.05 139244
dry 5e4 5 79 - 0.02 0.14 30360
aoDLAV 5e4 5 79 - 0.03 0.73 34708
aoULAV 5e4 5 79 - 0.04 0.77 34704
aoD2AG 5e4 5 79 - 0.04 0.83 37732
aoD2SG 5e4 5 79 - 0.04 0.99 37936
dry 250e2 2 133 - 0.03 0.11 28960
aoDLAV 250e2 2 133 - 0.03 0.19 31108
aoULAV 250e2 2 133 - 0.03 0.19 31216
aoD2AG 250e2 2 133 - 0.03 0.22 33860
aoD2SG 250e2 2 133 - 0.02 0.24 33960
dry 1e2 5 232 - 0.03 0.11 25996
aoDLAV 1e2 5 232 - 0.02 0.14 30212
aoULAV 1e2 5 232 - 0.03 0.14 30224
aoD2AG 1e2 5 232 - 0.03 0.14 30384
aoD2SG 1e2 5 232 - 0.03 0.14 30388
moore 1e2 5 232 - 0.02 0.19 30548
nbpm 1e2 5 232 - 0.07 2.12 53060
greedy 1e2 5 232 - 0.02 0.15 30920
dry 1e2 2 50 - 0.02 0.12 25992
aoDLAV 1e2 2 50 - 0.03 0.14 30168
aoULAV 1e2 2 50 - 0.03 0.13 30180
aoD2AG 1e2 2 50 - 0.02 0.14 30336
aoD2SG 1e2 2 50 - 0.03 0.14 30340
moore 1e2 2 50 - 0.03 0.21 30480
nbpm 1e2 2 50 - 0.08 2.30 53004
greedy 1e2 2 50 - 0.03 0.14 30880
dry 1e6 10 154 - 0.08 0.40 112232
aoDLAV 1e6 10 154 - 0.22 351.11 369888
aoULAV 1e6 10 154 - 0.30 360.89 369884
aoD2AG 1e6 10 154 - 0.42 390.74 447052
aoD2SG 1e6 10 154 - 0.40 452.38 458092
dry 300e2 2 199 - 0.02 0.13 30724
aoDLAV 300e2 2 199 - 0.02 0.23 31300
aoULAV 300e2 2 199 - 0.02 0.24 31896
aoD2AG 300e2 2 199 - 0.03 0.24 35060
aoD2SG 300e2 2 199 - 0.04 0.25 34728
dry 275e2 2 30 - 0.02 0.12 29056
aoDLAV 275e2 2 30 - 0.04 0.20 31240
aoULAV 275e2 2 30 - 0.02 0.21 31568
aoD2AG 275e2 2 30 - 0.03 0.23 34696
aoD2SG 275e2 2 30 - 0.03 0.24 34812
dry 56e1 2 133 - 0.03 0.11 26008
aoDLAV 56e1 2 133 - 0.03 0.14 30220
aoULAV 56e1 2 133 - 0.03 0.14 30232
aoD2AG 56e1 2 133 - 0.03 0.14 30416
aoD2SG 56e1 2 133 - 0.04 0.14 30424
moore 56e1 2 133 - 0.03 0.94 39680
nbpm 56e1 2 133 - 0.10 3.01 78704
greedy 56e1 2 133 - 0.05 0.40 64108
dry 400e2 2 36 - 0.02 0.12 29584
aoDLAV 400e2 2 36 - 0.03 0.25 32236
aoULAV 400e2 2 36 - 0.04 0.24 33112
aoD2AG 400e2 2 36 - 0.03 0.29 36072
aoD2SG 400e2 2 36 - 0.03 0.30 35928
dry 1e3 10 245 - 0.03 0.11 26136
aoDLAV 1e3 10 245 - 0.03 0.18 30652
aoULAV 1e3 10 245 - 0.03 0.16 30664
aoD2AG 1e3 10 245 - 0.02 0.17 31052
aoD2SG 1e3 10 245 - 0.02 0.18 31076
moore 1e3 10 245 - 0.05 3.93 59840
nbpm 1e3 10 245 - 0.13 4.77 136140
greedy 1e3 10 245 - 0.08 1.03 139616
dry 1e3 2 173 - 0.01 0.13 26024
aoDLAV 1e3 2 173 - 0.03 0.15 30280
aoULAV 1e3 2 173 - 0.02 0.15 30292
aoD2AG 1e3 2 173 - 0.02 0.15 30536
aoD2SG 1e3 2 173 - 0.02 0.15 30552
moore 1e3 2 173 - 0.04 8.37 59768
nbpm 1e3 2 173 - 0.14 4.12 138552
greedy 1e3 2 173 - 0.08 1.03 139248
dry 32e3 2 238 - 0.03 0.12 27296
aoDLAV 32e3 2 238 - 0.02 0.23 31440
aoULAV 32e3 2 238 - 0.03 0.22 32152
aoD2AG 32e3 2 238 - 0.04 0.25 35024
aoD2SG 32e3 2 238 - 0.03 0.27 34788
dry 300e2 2 52 - 0.02 0.12 27216
aoDLAV 300e2 2 52 - 0.03 0.21 31296
aoULAV 300e2 2 52 - 0.03 0.22 31892
aoD2AG 300e2 2 52 - 0.04 0.24 35056
aoD2SG 300e2 2 52 - 0.03 0.26 34720
dry 1e5 5 94 - 0.03 0.14 34480
aoDLAV 1e5 5 94 - 0.04 1.62 41820
aoULAV 1e5 5 94 - 0.04 1.65 43572
aoD2AG 1e5 5 94 - 0.05 1.79 53564
aoD2SG 1e5 5 94 - 0.06 1.99 53200
dry 1e2 5 160 - 0.03 0.11 25996
aoDLAV 1e2 5 160 - 0.03 0.14 30212
aoULAV 1e2 5 160 - 0.03 0.15 30228
aoD2AG 1e2 5 160 - 0.03 0.14 30388
aoD2SG 1e2 5 160 - 0.04 0.14 30388
moore 1e2 5 160 - 0.02 0.20 30492
nbpm 1e2 5 160 - 0.09 2.16 53052
greedy 1e2 5 160 - 0.03 0.15 30920
dry 1e5 10 137 - 0.03 0.18 38396
aoDLAV 1e5 10 137 - 0.05 22.77 53536
aoULAV 1e5 10 137 - 0.05 22.44 55312
aoD2AG 1e5 10 137 - 0.05 22.48 62652
aoD2SG 1e5 10 137 - 0.05 25.47 66832
dry 250e2 2 82 - 0.03 0.11 27020
aoDLAV 250e2 2 82 - 0.02 0.20 31108
aoULAV 250e2 2 82 - 0.03 0.19 31212
aoD2AG 250e2 2 82 - 0.03 0.22 33860
aoD2SG 250e2 2 82 - 0.03 0.23 33964
dry 350e2 2 36 - 0.02 0.12 27416
aoDLAV 350e2 2 36 - 0.03 0.22 31480
aoULAV 350e2 2 36 - 0.03 0.22 32264
aoD2AG 350e2 2 36 - 0.03 0.26 34848
aoD2SG 350e2 2 36 - 0.03 0.27 35128
dry 1e5 10 214 - 0.04 0.18 38396
aoDLAV 1e5 10 214 - 0.24 22.22 53536
aoULAV 1e5 10 214 - 0.04 22.04 55308
aoD2AG 1e5 10 214 - 0.06 20.12 62592
aoD2SG 1e5 10 214 - 0.05 22.33 66884
dry 1e3 2 75 - 0.02 0.12 26020
aoDLAV 1e3 2 75 - 0.03 0.14 30284
aoULAV 1e3 2 75 - 0.03 0.14 30292
aoD2AG 1e3 2 75 - 0.03 0.15 30532
aoD2SG 1e3 2 75 - 0.03 0.15 30556
moore 1e3 2 75 - 0.04 3.23 59808
nbpm 1e3 2 75 - 0.12 4.18 138560
greedy 1e3 2 75 - 0.08 0.97 139244
dry 1e2 2 87 - 0.03 0.12 25992
aoDLAV 1e2 2 87 - 0.03 0.15 30168
aoULAV 1e2 2 87 - 0.03 0.15 30180
aoD2AG 1e2 2 87 - 0.02 0.15 30340
aoD2SG 1e2 2 87 - 0.03 0.14 30340
moore 1e2 2 87 - 0.03 0.25 30488
nbpm 1e2 2 87 - 0.10 2.12 53008
greedy 1e2 2 87 - 0.03 0.15 30880
dry 325e2 2 100 - 0.03 0.12 27316
aoDLAV 325e2 2 100 - 0.04 0.21 31372
aoULAV 325e2 2 100 - 0.03 0.21 32084
aoD2AG 325e2 2 100 - 0.04 0.24 35000
aoD2SG 325e2 2 100 - 0.04 0.26 34760
dry 1e2 5 56 - 0.02 0.12 25996
aoDLAV 1e2 5 56 - 0.04 0.14 30212
aoULAV 1e2 5 56 - 0.03 0.14 30224
aoD2AG 1e2 5 56 - 0.02 0.14 30384
aoD2SG 1e2 5 56 - 0.03 0.14 30388
moore 1e2 5 56 - 0.03 0.25 30492
nbpm 1e2 5 56 - 0.07 2.20 53016
greedy 1e2 5 56 - 0.03 0.15 30924
dry 375e2 2 245 - 0.03 0.11 29332
aoDLAV 375e2 2 245 - 0.03 0.22 31784
aoULAV 375e2 2 245 - 0.03 0.24 32604
aoD2AG 375e2 2 245 - 0.04 0.27 35516
aoD2SG 375e2 2 245 - 0.03 0.28 35532
dry 56e4 2 152 - 0.04 0.18 41108
aoDLAV 56e4 2 152 - 0.08 1.91 107984
aoULAV 56e4 2 152 - 0.09 2.21 108012
aoD2AG 56e4 2 152 - 0.13 3.24 140452
aoD2SG 56e4 2 152 - 0.11 3.06 143208
dry 300e2 2 13 - 0.03 0.11 27220
aoDLAV 300e2 2 13 - 0.03 0.21 31296
aoULAV 300e2 2 13 - 0.03 0.21 31896
aoD2AG 300e2 2 13 - 0.03 0.25 35060
aoD2SG 300e2 2 13 - 0.03 0.26 34716
dry 325e2 2 125 - 0.02 0.12 27316
aoDLAV 325e2 2 125 - 0.03 0.23 31372
aoULAV 325e2 2 125 - 0.04 0.22 32084
aoD2AG 325e2 2 125 - 0.03 0.25 35004
aoD2SG 325e2 2 125 - 0.03 0.28 34760
dry 1e3 2 6 - 0.02 0.12 26020
aoDLAV 1e3 2 6 - 0.03 0.14 30280
aoULAV 1e3 2 6 - 0.02 0.15 30292
aoD2AG 1e3 2 6 - 0.03 0.15 30536
aoD2SG 1e3 2 6 - 0.03 0.14 30560
moore 1e3 2 6 - 0.03 2.64 59796
nbpm 1e3 2 6 - 0.12 3.88 138552
greedy 1e3 2 6 - 0.08 0.97 139244
dry 1e5 10 11 - 0.03 0.18 38396
aoDLAV 1e5 10 11 - 0.23 23.29 53536
aoULAV 1e5 10 11 - 0.05 33.79 55312
aoD2AG 1e5 10 11 - 0.05 19.06 62704
aoD2SG 1e5 10 11 - 0.06 20.59 66916
dry 275e2 2 204 - 0.02 0.11 27120
aoDLAV 275e2 2 204 - 0.04 0.21 31244
aoULAV 275e2 2 204 - 0.03 0.21 31572
aoD2AG 275e2 2 204 - 0.04 0.24 34692
aoD2SG 275e2 2 204 - 0.03 0.25 34812
dry 325e2 2 104 - 0.03 0.11 27316
aoDLAV 325e2 2 104 - 0.04 0.22 31372
aoULAV 325e2 2 104 - 0.02 0.25 32092
aoD2AG 325e2 2 104 - 0.03 0.27 35000
aoD2SG 325e2 2 104 - 0.03 0.27 34760
dry 1e6 10 240 - 0.08 0.42 112236
aoDLAV 1e6 10 240 - 0.51 471.64 369892
aoULAV 1e6 10 240 - 0.29 372.06 369888
aoD2AG 1e6 10 240 - 0.42 379.90 448788
aoD2SG 1e6 10 240 - 0.41 539.61 456992
dry 32e1 2 47 - 0.02 0.11 26004
aoDLAV 32e1 2 47 - 0.02 0.15 30196
aoULAV 32e1 2 47 - 0.03 0.14 30208
aoD2AG 32e1 2 47 - 0.03 0.14 30376
aoD2SG 32e1 2 47 - 0.03 0.14 30388
moore 32e1 2 47 - 0.03 0.78 33684
nbpm 32e1 2 47 - 0.09 2.63 58308
greedy 32e1 2 47 - 0.03 0.22 40972
dry 1e6 5 227 - 0.05 0.28 73152
aoDLAV 1e6 5 227 - 0.14 17.99 252692
aoULAV 1e6 5 227 - 0.15 19.79 252692
aoD2AG 1e6 5 227 - 0.20 20.35 324292
aoD2SG 1e6 5 227 - 0.23 25.37 332768
dry 56e1 2 43 - 0.02 0.12 26008
aoDLAV 56e1 2 43 - 0.03 0.15 30224
aoULAV 56e1 2 43 - 0.03 0.14 30232
aoD2AG 56e1 2 43 - 0.03 0.14 30416
aoD2SG 56e1 2 43 - 0.02 0.16 30428
moore 56e1 2 43 - 0.04 1.13 39692
nbpm 56e1 2 43 - 0.09 3.01 78712
greedy 56e1 2 43 - 0.05 0.38 64104
dry 250e2 2 48 - 0.02 0.12 30628
aoDLAV 250e2 2 48 - 0.03 0.20 31108
aoULAV 250e2 2 48 - 0.03 0.20 31212
aoD2AG 250e2 2 48 - 0.03 0.22 33864
aoD2SG 250e2 2 48 - 0.03 0.22 33964
dry 300e2 2 235 - 0.02 0.12 27216
aoDLAV 300e2 2 235 - 0.02 0.21 31300
aoULAV 300e2 2 235 - 0.03 0.22 31892
aoD2AG 300e2 2 235 - 0.03 0.25 35064
aoD2SG 300e2 2 235 - 0.02 0.27 34716
dry 1e2 10 223 - 0.03 0.11 26004
aoDLAV 1e2 10 223 - 0.03 0.15 30264
aoULAV 1e2 10 223 - 0.02 0.15 30276
aoD2AG 1e2 10 223 - 0.03 0.14 30444
aoD2SG 1e2 10 223 - 0.03 0.15 30448
moore 1e2 10 223 - 0.03 0.25 30496
nbpm 1e2 10 223 - 0.07 2.10 53072
greedy 1e2 10 223 - 0.03 0.15 31000
dry 400e2 2 173 - 0.03 0.12 27616
aoDLAV 400e2 2 173 - 0.03 0.25 32236
aoULAV 400e2 2 173 - 0.02 0.26 33116
aoD2AG 400e2 2 173 - 0.03 0.29 36072
aoD2SG 400e2 2 173 - 0.05 0.29 35928
dry 1e6 10 28 - 0.09 0.41 112236
aoDLAV 1e6 10 28 - 0.21 362.86 369884
aoULAV 1e6 10 28 - 0.30 357.42 369892
aoD2AG 1e6 10 28 - 0.41 356.15 446784
aoD2SG 1e6 10 28 - 0.42 432.37 459524
dry 1e5 10 58 - 0.03 0.19 38400
aoDLAV 1e5 10 58 - 0.05 22.11 53536
aoULAV 1e5 10 58 - 0.05 21.54 55332
aoD2AG 1e5 10 58 - 0.05 21.93 62788
aoD2SG 1e5 10 58 - 0.05 22.83 66832
dry 1e2 2 84 - 0.03 0.11 25992
aoDLAV 1e2 2 84 - 0.04 0.13 30168
aoULAV 1e2 2 84 - 0.02 0.15 30184
aoD2AG 1e2 2 84 - 0.02 0.15 30336
aoD2SG 1e2 2 84 - 0.02 0.15 30340
moore 1e2 2 84 - 0.02 0.25 30488
nbpm 1e2 2 84 - 0.09 2.17 53008
greedy 1e2 2 84 - 0.03 0.14 30880
dry 350e2 2 237 - 0.03 0.11 29096
aoDLAV 350e2 2 237 - 0.03 0.23 31484
aoULAV 350e2 2 237 - 0.04 0.22 32260
aoD2AG 350e2 2 237 - 0.03 0.26 34848
aoD2SG 350e2 2 237 - 0.04 0.30 35132
dry 32e3 2 186 - 0.02 0.13 27952
aoDLAV 32e3 2 186 - 0.03 0.22 31436
aoULAV 32e3 2 186 - 0.03 0.22 32148
aoD2AG 32e3 2 186 - 0.03 0.25 35020
aoD2SG 32e3 2 186 - 0.04 0.26 34788
dry 275e2 2 249 - 0.02 0.12 27120
aoDLAV 275e2 2 249 - 0.04 0.20 31240
aoULAV 275e2 2 249 - 0.03 0.22 31572
aoD2AG 275e2 2 249 - 0.03 0.23 34696
aoD2SG 275e2 2 249 - 0.03 0.24 34812
dry 1e6 5 208 - 0.06 0.26 73152
aoDLAV 1e6 5 208 - 0.15 19.34 252688
aoULAV 1e6 5 208 - 0.14 19.84 252688
aoD2AG 1e6 5 208 - 0.41 21.62 324676
aoD2SG 1e6 5 208 - 0.22 32.32 332152
dry 5e4 5 148 - 0.03 0.13 31820
aoDLAV 5e4 5 148 - 0.03 0.75 34708
aoULAV 5e4 5 148 - 0.03 0.74 34704
aoD2AG 5e4 5 148 - 0.04 0.78 37732
aoD2SG 5e4 5 148 - 0.04 0.88 37940
dry 56e3 2 100 - 0.03 0.12 28236
aoDLAV 56e3 2 100 - 0.03 0.28 33480
aoULAV 56e3 2 100 - 0.03 0.30 34696
aoD2AG 56e3 2 100 - 0.04 0.36 37288
aoD2SG 56e3 2 100 - 0.03 0.38 37300
dry 325e2 2 212 - 0.02 0.12 29124
aoDLAV 325e2 2 212 - 0.03 0.22 31372
aoULAV 325e2 2 212 - 0.04 0.24 32084
aoD2AG 325e2 2 212 - 0.03 0.26 35000
aoD2SG 325e2 2 212 - 0.04 0.26 34756
dry 5e4 5 85 - 0.03 0.13 31172
aoDLAV 5e4 5 85 - 0.03 0.83 34708
aoULAV 5e4 5 85 - 0.03 0.79 34708
aoD2AG 5e4 5 85 - 0.04 0.69 37724
aoD2SG 5e4 5 85 - 0.03 0.86 37936
dry 18e1 2 22 - 0.02 0.12 26008
aoDLAV 18e1 2 22 - 0.02 0.14 30184
aoULAV 18e1 2 22 - 0.03 0.14 30200
aoD2AG 18e1 2 22 - 0.02 0.15 30356
aoD2SG 18e1 2 22 - 0.02 0.14 30364
moore 18e1 2 22 - 0.02 0.25 30496
nbpm 18e1 2 22 - 0.07 2.35 54444
greedy 18e1 2 22 - 0.03 0.15 33348
dry 32e4 2 2 - 0.03 0.16 36424
aoDLAV 32e4 2 2 - 0.06 1.16 70828
aoULAV 32e4 2 2 - 0.06 1.18 70840
aoD2AG 32e4 2 2 - 0.07 1.77 88364
aoD2SG 32e4 2 2 - 0.06 2.02 91956
dry 32e4 2 58 - 0.03 0.17 36424
aoDLAV 32e4 2 58 - 0.05 1.24 70832
aoULAV 32e4 2 58 - 0.06 1.24 70844
aoD2AG 32e4 2 58 - 0.06 1.78 88196
aoD2SG 32e4 2 58 - 0.07 1.93 90816
dry 350e2 2 130 - 0.02 0.12 29092
aoDLAV 350e2 2 130 - 0.04 0.21 31480
aoULAV 350e2 2 130 - 0.04 0.22 32264
aoD2AG 350e2 2 130 - 0.03 0.26 34852
aoD2SG 350e2 2 130 - 0.03 0.28 35128
dry 325e2 2 4 - 0.02 0.12 29008
aoDLAV 325e2 2 4 - 0.03 0.22 31372
aoULAV 325e2 2 4 - 0.02 0.23 32088
aoD2AG 325e2 2 4 - 0.03 0.27 35008
aoD2SG 325e2 2 4 - 0.03 0.27 34764
dry 18e1 2 146 - 0.02 0.12 26004
aoDLAV 18e1 2 146 - 0.03 0.14 30184
aoULAV 18e1 2 146 - 0.03 0.14 30200
aoD2AG 18e1 2 146 - 0.03 0.14 30356
aoD2SG 18e1 2 146 - 0.03 0.15 30364
moore 18e1 2 146 - 0.03 0.32 30492
nbpm 18e1 2 146 - 0.08 2.21 54436
greedy 18e1 2 146 - 0.03 0.16 33348
dry 32e3 2 179 - 0.03 0.11 27296
aoDLAV 32e3 2 179 - 0.03 0.22 31436
aoULAV 32e3 2 179 - 0.03 0.23 32148
aoD2AG 32e3 2 179 - 0.04 0.24 35052
aoD2SG 32e3 2 179 - 0.04 0.26 34788
dry 32e1 2 183 - 0.02 0.12 26000
aoDLAV 32e1 2 183 - 0.03 0.14 30196
aoULAV 32e1 2 183 - 0.03 0.15 30208
aoD2AG 32e1 2 183 - 0.02 0.15 30376
aoD2SG 32e1 2 183 - 0.03 0.15 30384
moore 32e1 2 183 - 0.03 0.38 33676
nbpm 32e1 2 183 - 0.09 2.37 58300
greedy 32e1 2 183 - 0.04 0.21 40972
dry 32e3 2 116 - 0.02 0.12 27300
aoDLAV 32e3 2 116 - 0.02 0.22 31436
aoULAV 32e3 2 116 - 0.03 0.22 32148
aoD2AG 32e3 2 116 - 0.03 0.25 35024
aoD2SG 32e3 2 116 - 0.04 0.25 34788
dry 1e2 2 15 - 0.03 0.12 25996
aoDLAV 1e2 2 15 - 0.03 0.14 30168
aoULAV 1e2 2 15 - 0.04 0.14 30184
aoD2AG 1e2 2 15 - 0.02 0.15 30336
aoD2SG 1e2 2 15 - 0.03 0.14 30344
moore 1e2 2 15 - 0.04 0.19 30484
nbpm 1e2 2 15 - 0.08 2.21 52996
greedy 1e2 2 15 - 0.03 0.15 30904
dry 18e1 2 7 - 0.02 0.12 26004
aoDLAV 18e1 2 7 - 0.02 0.14 30188
aoULAV 18e1 2 7 - 0.03 0.15 30200
aoD2AG 18e1 2 7 - 0.03 0.14 30356
aoD2SG 18e1 2 7 - 0.02 0.15 30368
moore 18e1 2 7 - 0.03 0.27 30496
nbpm 18e1 2 7 - 0.09 2.18 54448
greedy 18e1 2 7 - 0.03 0.16 33348
dry 1e2 10 155 - 0.01 0.13 26004
aoDLAV 1e2 10 155 - 0.02 0.15 30260
aoULAV 1e2 10 155 - 0.03 0.14 30276
aoD2AG 1e2 10 155 - 0.02 0.15 30440
aoD2SG 1e2 10 155 - 0.02 0.15 30448
moore 1e2 10 155 - 0.03 0.22 30500
nbpm 1e2 10 155 - 0.08 2.16 53076
greedy 1e2 10 155 - 0.03 0.14 30976
dry 1e2 5 179 - 0.02 0.12 25996
aoDLAV 1e2 5 179 - 0.02 0.14 30212
aoULAV 1e2 5 179 - 0.03 0.14 30224
aoD2AG 1e2 5 179 - 0.03 0.15 30384
aoD2SG 1e2 5 179 - 0.03 0.14 30388
moore 1e2 5 179 - 0.04 0.20 30492
nbpm 1e2 5 179 - 0.08 2.18 53020
greedy 1e2 5 179 - 0.03 0.15 30920
dry 32e1 2 12 - 0.02 0.11 26004
aoDLAV 32e1 2 12 - 0.03 0.14 30200
aoULAV 32e1 2 12 - 0.02 0.14 30208
aoD2AG 32e1 2 12 - 0.03 0.15 30376
aoD2SG 32e1 2 12 - 0.03 0.14 30384
moore 32e1 2 12 - 0.04 0.52 33684
nbpm 32e1 2 12 - 0.08 2.41 58312
greedy 32e1 2 12 - 0.04 0.21 40972
dry 5e4 10 81 - 0.03 0.13 33888
aoDLAV 5e4 10 81 - 0.04 7.12 40204
aoULAV 5e4 10 81 - 0.04 7.04 40200
aoD2AG 5e4 10 81 - 0.04 7.31 44980
aoD2SG 5e4 10 81 - 0.04 8.49 44996
dry 1e5 10 134 - 0.02 0.19 38396
aoDLAV 1e5 10 134 - 0.04 21.61 53536
aoULAV 1e5 10 134 - 0.05 21.74 55312
aoD2AG 1e5 10 134 - 0.06 22.47 62752
aoD2SG 1e5 10 134 - 0.06 25.79 66832
dry 1e5 10 2 - 0.04 0.18 38396
aoDLAV 1e5 10 2 - 0.04 21.68 53536
aoULAV 1e5 10 2 - 0.05 21.38 55316
aoD2AG 1e5 10 2 - 0.05 21.88 62760
aoD2SG 1e5 10 2 - 0.06 24.73 66832
dry 300e2 2 157 - 0.02 0.12 27220
aoDLAV 300e2 2 157 - 0.03 0.21 31300
aoULAV 300e2 2 157 - 0.03 0.22 31892
aoD2AG 300e2 2 157 - 0.03 0.24 35056
aoD2SG 300e2 2 157 - 0.04 0.24 34712
dry 1e2 2 186 - 0.02 0.11 25996
aoDLAV 1e2 2 186 - 0.02 0.15 30172
aoULAV 1e2 2 186 - 0.02 0.14 30184
aoD2AG 1e2 2 186 - 0.02 0.14 30340
aoD2SG 1e2 2 186 - 0.03 0.14 30340
moore 1e2 2 186 - 0.03 0.18 30488
nbpm 1e2 2 186 - 0.08 2.15 53012
greedy 1e2 2 186 - 0.02 0.14 30880
dry 1e3 10 179 - 0.03 0.11 26140
aoDLAV 1e3 10 179 - 0.03 0.16 30652
aoULAV 1e3 10 179 - 0.02 0.17 30664
aoD2AG 1e3 10 179 - 0.03 0.16 31076
aoD2SG 1e3 10 179 - 0.03 0.15 31088
moore 1e3 10 179 - 0.03 2.05 59908
nbpm 1e3 10 179 - 0.11 4.87 136140
greedy 1e3 10 179 - 0.09 1.01 139616
dry 1e6 10 76 - 0.08 0.40 112232
aoDLAV 1e6 10 76 - 0.21 408.77 369996
aoULAV 1e6 10 76 - 0.29 358.71 369888
aoD2AG 1e6 10 76 - 0.38 347.06 448212
aoD2SG 1e6 10 76 - 0.40 515.41 457032
