dry 150e2 2 66 - 0.02 0.12 26628
aoDLAV 150e2 2 66 - 0.02 0.18 30824
aoULAV 150e2 2 66 - 0.03 0.18 30824
aoD2AG 150e2 2 66 - 0.04 0.19 31612
aoD2SG 150e2 2 66 - 0.03 0.20 31608
moore 150e2 2 66 - 2.08 3110.98 6629344
nbpm 150e2 2 66 - 14.61 1169.16 16814168
greedy 150e2 2 66 - 13.37 876.15 24630024
dry 175e2 2 196 - 0.03 0.12 30488
aoDLAV 175e2 2 196 - 0.03 0.19 30720
aoULAV 175e2 2 196 - 0.03 0.19 30720
aoD2AG 175e2 2 196 - 0.03 0.20 31756
aoD2SG 175e2 2 196 - 0.03 0.21 31756
moore 175e2 2 196 - 2.82 4867.39 9014080
nbpm 175e2 2 196 - 21.65 1811.28 22863136
greedy 175e2 2 196 - 18.36 1000.83 33516976
dry 125e2 2 55 - 0.02 0.12 26536
aoDLAV 125e2 2 55 - 0.04 0.16 30708
aoULAV 125e2 2 55 - 0.03 0.17 30708
aoD2AG 125e2 2 55 - 0.03 0.18 31376
aoD2SG 125e2 2 55 - 0.03 0.19 31376
moore 125e2 2 55 - 1.57 2282.58 4611540
nbpm 125e2 2 55 - 11.31 738.86 12302320
greedy 125e2 2 55 - 10.53 466.77 17109964
dry 9e7 2 65 - 0.98 2.78 1787984
aoDLAV 9e7 2 65 - 7.50 534.45 13377684
aoULAV 9e7 2 65 - 9.48 571.96 13377688
aoD2AG 9e7 2 65 - 16.67 814.48 19670400
aoD2SG 9e7 2 65 - 17.56 945.18 20387524
dry 2e4 10 6 - 0.03 0.12 29364
aoDLAV 2e4 10 6 - 0.04 1.73 34836
aoULAV 2e4 10 6 - 0.04 1.93 34848
aoD2AG 2e4 10 6 - 0.05 1.75 36076
aoD2SG 2e4 10 6 - 0.03 1.97 36076
moore 2e4 10 6 - 3.43 6227.65 11770836
nbpm 2e4 10 6 - 29.38 5511.24 30880036
greedy 2e4 10 6 - 23.71 1341.38 43775820
dry 9e7 2 15 - 0.96 2.74 1787988
aoDLAV 9e7 2 15 - 7.12 533.69 13377684
aoULAV 9e7 2 15 - 9.50 567.23 13377684
aoD2AG 9e7 2 15 - 16.67 786.08 19674172
aoD2SG 9e7 2 15 - 17.79 941.52 20388296
dry 18e3 2 191 - 0.03 0.12 26748
aoDLAV 18e3 2 191 - 0.03 0.19 30740
aoULAV 18e3 2 191 - 0.04 0.19 30740
aoD2AG 18e3 2 191 - 0.03 0.20 31804
aoD2SG 18e3 2 191 - 0.04 0.21 31812
moore 18e3 2 191 - 2.96 5979.11 9534984
nbpm 18e3 2 191 - 23.94 1890.47 25451068
greedy 18e3 2 191 - 19.93 1185.77 35458364
dry 1e8 2 81 - 1.05 3.00 1983296
aoDLAV 1e8 2 81 - 7.74 562.59 14862080
aoULAV 1e8 2 81 - 9.74 603.80 14862072
aoD2AG 1e8 2 81 - 17.85 862.54 21856656
aoD2SG 1e8 2 81 - 19.40 1002.60 22651976
dry 2e4 2 63 - 0.02 0.12 26828
aoDLAV 2e4 2 63 - 0.03 0.19 30808
aoULAV 2e4 2 63 - 0.02 0.19 30812
aoD2AG 2e4 2 63 - 0.04 0.20 32284
aoD2SG 2e4 2 63 - 0.03 0.21 32296
moore 2e4 2 63 - 3.46 6992.18 11765548
nbpm 2e4 2 63 - 28.70 2667.67 31402188
greedy 2e4 2 63 - 23.59 1260.83 43771040
dry 2e4 2 179 - 0.03 0.11 26828
aoDLAV 2e4 2 179 - 0.03 0.19 30808
aoULAV 2e4 2 179 - 0.03 0.19 30808
aoD2AG 2e4 2 179 - 0.03 0.21 32284
aoD2SG 2e4 2 179 - 0.03 0.21 32288
moore 2e4 2 179 - 3.44 7088.14 11765544
nbpm 2e4 2 179 - 28.87 2625.83 31402188
greedy 2e4 2 179 - 22.93 1216.60 43771040
dry 125e2 2 3 - 0.03 0.11 26532
aoDLAV 125e2 2 3 - 0.03 0.17 30708
aoULAV 125e2 2 3 - 0.03 0.17 30708
aoD2AG 125e2 2 3 - 0.03 0.18 31380
aoD2SG 125e2 2 3 - 0.02 0.20 31376
moore 125e2 2 3 - 1.59 1825.92 4611544
nbpm 125e2 2 3 - 11.13 660.88 12302316
greedy 125e2 2 3 - 8.97 470.67 17109964
dry 2e4 5 115 - 0.02 0.12 27780
aoDLAV 2e4 5 115 - 0.04 0.28 32756
aoULAV 2e4 5 115 - 0.03 0.29 32768
aoD2AG 2e4 5 115 - 0.04 0.31 33348
aoD2SG 2e4 5 115 - 0.03 0.34 32860
moore 2e4 5 115 - 3.51 7926.05 11768080
nbpm 2e4 5 115 - 28.80 4864.27 34200496
greedy 2e4 5 115 - 24.46 1337.83 43774000
dry 125e2 2 226 - 0.03 0.11 26532
aoDLAV 125e2 2 226 - 0.03 0.17 30708
aoULAV 125e2 2 226 - 0.03 0.18 30708
aoD2AG 125e2 2 226 - 0.03 0.18 31376
aoD2SG 125e2 2 226 - 0.04 0.19 31376
moore 125e2 2 226 - 1.60 1690.25 4611548
nbpm 125e2 2 226 - 11.85 757.54 12302328
greedy 125e2 2 226 - 10.30 462.34 17109968
dry 125e2 2 217 - 0.02 0.12 26532
aoDLAV 125e2 2 217 - 0.03 0.18 30708
aoULAV 125e2 2 217 - 0.03 0.18 30708
aoD2AG 125e2 2 217 - 0.02 0.20 31376
aoD2SG 125e2 2 217 - 0.04 0.19 31376
moore 125e2 2 217 - 1.56 1629.58 4611540
nbpm 125e2 2 217 - 11.11 662.71 12302324
greedy 125e2 2 217 - 9.33 459.86 17109964
dry 125e2 2 104 - 0.02 0.12 26532
aoDLAV 125e2 2 104 - 0.04 0.17 30712
aoULAV 125e2 2 104 - 0.03 0.17 30708
aoD2AG 125e2 2 104 - 0.03 0.19 31380
aoD2SG 125e2 2 104 - 0.04 0.18 31376
moore 125e2 2 104 - 1.59 1887.91 4611548
nbpm 125e2 2 104 - 11.31 657.00 12302328
greedy 125e2 2 104 - 9.68 460.80 17109964
dry 2e4 10 96 - 0.03 0.11 30656
aoDLAV 2e4 10 96 - 0.03 1.60 34840
aoULAV 2e4 10 96 - 0.04 1.60 34848
aoD2AG 2e4 10 96 - 0.04 1.62 36076
aoD2SG 2e4 10 96 - 0.03 1.84 36080
moore 2e4 10 96 - 3.38 7399.88 11770836
nbpm 2e4 10 96 - 29.24 5498.91 30880036
greedy 2e4 10 96 - 24.52 1335.81 43775820
dry 8e7 2 162 - 0.93 2.44 1592676
aoDLAV 8e7 2 162 - 7.23 475.39 11893324
aoULAV 8e7 2 162 - 9.18 511.59 11893324
aoD2AG 8e7 2 162 - 16.26 704.36 17488704
aoD2SG 8e7 2 162 - 16.71 864.89 18126216
dry 8e7 2 72 - 0.90 2.47 1592676
aoDLAV 8e7 2 72 - 6.41 462.73 11893328
aoULAV 8e7 2 72 - 8.41 497.63 11893324
aoD2AG 8e7 2 72 - 16.12 707.61 17485696
aoD2SG 8e7 2 72 - 16.19 827.00 18126584
dry 150e2 2 123 - 0.03 0.11 26628
aoDLAV 150e2 2 123 - 0.04 0.17 30828
aoULAV 150e2 2 123 - 0.03 0.18 30824
aoD2AG 150e2 2 123 - 0.03 0.19 31608
aoD2SG 150e2 2 123 - 0.02 0.19 31608
moore 150e2 2 123 - 2.05 2721.07 6629348
nbpm 150e2 2 123 - 14.67 1157.09 16814168
greedy 150e2 2 123 - 14.36 660.10 24630028
dry 2e4 5 224 - 0.03 0.11 27780
aoDLAV 2e4 5 224 - 0.04 0.29 32760
aoULAV 2e4 5 224 - 0.03 0.29 32768
aoD2AG 2e4 5 224 - 0.03 0.33 33344
aoD2SG 2e4 5 224 - 0.03 0.35 32864
moore 2e4 5 224 - 5.04 7697.37 11768084
nbpm 2e4 5 224 - 28.86 4813.18 34200496
greedy 2e4 5 224 - 24.45 1339.40 43774008
dry 175e2 2 162 - 0.02 0.12 26732
aoDLAV 175e2 2 162 - 0.02 0.19 30716
aoULAV 175e2 2 162 - 0.04 0.18 30720
aoD2AG 175e2 2 162 - 0.04 0.19 31756
aoD2SG 175e2 2 162 - 0.03 0.20 31760
moore 175e2 2 162 - 2.74 6155.95 9014020
nbpm 175e2 2 162 - 21.54 1947.89 22863136
greedy 175e2 2 162 - 18.30 883.74 33516976
dry 2e4 5 155 - 0.02 0.12 27776
aoDLAV 2e4 5 155 - 0.03 0.28 32756
aoULAV 2e4 5 155 - 0.02 0.28 32768
aoD2AG 2e4 5 155 - 0.03 0.31 33344
aoD2SG 2e4 5 155 - 0.03 0.33 32864
moore 2e4 5 155 - 3.37 7087.23 11768080
nbpm 2e4 5 155 - 28.72 4635.79 34200500
greedy 2e4 5 155 - 23.85 1219.20 43774004
dry 2e4 5 202 - 0.03 0.11 27780
aoDLAV 2e4 5 202 - 0.03 0.28 32756
aoULAV 2e4 5 202 - 0.03 0.28 32768
aoD2AG 2e4 5 202 - 0.03 0.31 33348
aoD2SG 2e4 5 202 - 0.04 0.32 32860
moore 2e4 5 202 - 3.47 6970.79 11768084
nbpm 2e4 5 202 - 29.09 4873.29 34200496
greedy 2e4 5 202 - 22.82 1305.71 43774008
dry 1e8 2 133 - 1.06 3.01 1983296
aoDLAV 1e8 2 133 - 7.75 733.92 14862072
aoULAV 1e8 2 133 - 9.69 791.80 14862068
aoD2AG 1e8 2 133 - 18.37 876.03 21858296
aoD2SG 1e8 2 133 - 20.01 1028.16 22656116
dry 2e4 10 77 - 0.03 0.12 29364
aoDLAV 2e4 10 77 - 0.03 1.63 34836
aoULAV 2e4 10 77 - 0.04 1.57 34848
aoD2AG 2e4 10 77 - 0.04 1.63 36076
aoD2SG 2e4 10 77 - 0.04 1.86 36076
moore 2e4 10 77 - 3.42 6785.17 11770836
nbpm 2e4 10 77 - 28.34 8626.09 30880144
greedy 2e4 10 77 - 24.54 1369.50 43775820
dry 2e4 5 236 - 0.02 0.12 27776
aoDLAV 2e4 5 236 - 0.03 0.29 32756
aoULAV 2e4 5 236 - 0.02 0.30 32768
aoD2AG 2e4 5 236 - 0.03 0.32 33344
aoD2SG 2e4 5 236 - 0.04 0.33 32860
moore 2e4 5 236 - 3.41 6813.80 11768080
nbpm 2e4 5 236 - 28.66 5438.08 34200504
greedy 2e4 5 236 - 24.43 1344.87 43774008
dry 150e2 2 33 - 0.03 0.11 26628
aoDLAV 150e2 2 33 - 0.03 0.18 30824
aoULAV 150e2 2 33 - 0.03 0.18 30828
aoD2AG 150e2 2 33 - 0.03 0.19 31612
aoD2SG 150e2 2 33 - 0.05 0.18 31608
moore 150e2 2 33 - 2.12 2871.42 6629352
nbpm 150e2 2 33 - 14.39 1119.98 16814180
greedy 150e2 2 33 - 14.17 658.62 24630024
dry 2e4 10 181 - 0.02 0.12 31128
aoDLAV 2e4 10 181 - 0.03 2.45 34840
aoULAV 2e4 10 181 - 0.04 2.31 34852
aoD2AG 2e4 10 181 - 0.04 2.33 36080
aoD2SG 2e4 10 181 - 0.03 2.61 36076
moore 2e4 10 181 - 3.54 7383.45 11770836
nbpm 2e4 10 181 - 29.32 5476.59 30880036
greedy 2e4 10 181 - 23.54 1341.57 43775820
dry 2e4 10 35 - 0.03 0.13 30532
aoDLAV 2e4 10 35 - 0.03 1.52 34836
aoULAV 2e4 10 35 - 0.03 1.83 34848
aoD2AG 2e4 10 35 - 0.05 1.98 36076
aoD2SG 2e4 10 35 - 0.03 2.01 36076
moore 2e4 10 35 - 3.44 7201.28 11770840
nbpm 2e4 10 35 - 29.03 5690.11 30880036
greedy 2e4 10 35 - 23.24 1250.44 43775820
dry 2e4 10 249 - 0.03 0.12 30536
aoDLAV 2e4 10 249 - 0.04 1.58 34836
aoULAV 2e4 10 249 - 0.03 1.58 34848
aoD2AG 2e4 10 249 - 0.04 1.64 36080
aoD2SG 2e4 10 249 - 0.03 1.86 36080
moore 2e4 10 249 - 3.41 7743.07 11770836
nbpm 2e4 10 249 - 29.38 5545.71 30880036
greedy 2e4 10 249 - 24.53 1310.88 43775820
dry 1e8 5 159 - 2.34 6.26 4327052
aoDLAV 1e8 5 159 - 11.56 2576.86 23065204
aoULAV 1e8 5 159 - 15.83 2579.34 23065204
aoD2AG 1e8 5 159 - 26.01 2910.90 30458424
