dry 2e4 10 25 - 0.03 0.11 31380
aoDLAV 2e4 10 25 - 0.02 1.45 34836
aoULAV 2e4 10 25 - 0.03 1.54 34848
aoD2AG 2e4 10 25 - 0.03 1.51 36076
aoD2SG 2e4 10 25 - 0.03 1.70 36076
moore 2e4 10 25 - 3.46 7313.68 11770836
nbpm 2e4 10 25 - 28.73 5962.49 30880040
greedy 2e4 10 25 - 23.89 1257.49 43775820
dry 175e2 2 225 - 0.03 0.12 28672
aoDLAV 175e2 2 225 - 0.02 0.19 30720
aoULAV 175e2 2 225 - 0.03 0.19 30720
aoD2AG 175e2 2 225 - 0.03 0.20 31752
aoD2SG 175e2 2 225 - 0.03 0.20 31756
moore 175e2 2 225 - 2.75 4658.89 9014020
nbpm 175e2 2 225 - 21.08 1775.97 22863136
greedy 175e2 2 225 - 18.39 987.75 33516976
dry 9e7 2 133 - 1.04 2.72 1787984
aoDLAV 9e7 2 133 - 7.62 678.26 13377684
aoULAV 9e7 2 133 - 9.32 557.70 13377688
aoD2AG 9e7 2 133 - 16.99 791.93 19674180
aoD2SG 9e7 2 133 - 17.69 909.79 20387736
dry 18e3 2 195 - 0.02 0.11 27952
aoDLAV 18e3 2 195 - 0.03 0.18 30740
aoULAV 18e3 2 195 - 0.03 0.18 30744
aoD2AG 18e3 2 195 - 0.03 0.19 31804
aoD2SG 18e3 2 195 - 0.02 0.21 31812
moore 18e3 2 195 - 3.01 7605.97 9534976
nbpm 18e3 2 195 - 23.89 1951.44 25451060
greedy 18e3 2 195 - 21.01 1088.61 35458364
dry 1e8 2 197 - 1.11 2.98 1983296
aoDLAV 1e8 2 197 - 7.98 576.88 14862072
aoULAV 1e8 2 197 - 10.54 648.64 14862068
aoD2AG 1e8 2 197 - 19.83 913.67 21854796
aoD2SG 1e8 2 197 - 20.17 1085.21 22653188
dry 2e4 2 187 - 0.04 0.11 26832
aoDLAV 2e4 2 187 - 0.02 0.20 30808
aoULAV 2e4 2 187 - 0.03 0.19 30808
aoD2AG 2e4 2 187 - 0.03 0.21 32284
aoD2SG 2e4 2 187 - 0.03 0.22 32292
moore 2e4 2 187 - 3.37 7115.70 11765544
nbpm 2e4 2 187 - 29.79 3409.78 31402196
greedy 2e4 2 187 - 24.90 1283.33 43771040
dry 150e2 2 74 - 0.03 0.11 26628
aoDLAV 150e2 2 74 - 0.03 0.18 30824
aoULAV 150e2 2 74 - 0.03 0.17 30860
aoD2AG 150e2 2 74 - 0.03 0.19 31612
aoD2SG 150e2 2 74 - 0.03 0.19 31608
moore 150e2 2 74 - 2.21 3293.40 6629356
nbpm 150e2 2 74 - 14.85 1165.96 16814176
greedy 150e2 2 74 - 13.99 707.85 24630024
dry 8e7 2 70 - 0.85 2.45 1592676
aoDLAV 8e7 2 70 - 6.28 480.15 11893324
aoULAV 8e7 2 70 - 8.37 526.24 11893324
aoD2AG 8e7 2 70 - 15.45 747.57 17487776
aoD2SG 8e7 2 70 - 16.12 1046.54 18126924
dry 18e3 2 99 - 0.02 0.12 30492
aoDLAV 18e3 2 99 - 0.03 0.18 30740
aoULAV 18e3 2 99 - 0.03 0.18 30740
aoD2AG 18e3 2 99 - 0.03 0.19 31808
aoD2SG 18e3 2 99 - 0.03 0.20 31808
moore 18e3 2 99 - 2.87 4864.67 9534980
nbpm 18e3 2 99 - 23.36 1999.81 25451056
greedy 18e3 2 99 - 19.81 1061.92 35458368
dry 2e4 5 222 - 0.02 0.13 29724
aoDLAV 2e4 5 222 - 0.04 0.30 32756
aoULAV 2e4 5 222 - 0.04 0.30 32772
aoD2AG 2e4 5 222 - 0.03 0.35 33344
aoD2SG 2e4 5 222 - 0.03 0.37 32864
moore 2e4 5 222 - 3.47 6504.55 11768080
nbpm 2e4 5 222 - 28.79 5041.35 34200496
greedy 2e4 5 222 - 24.40 1279.93 43774008
dry 150e2 2 4 - 0.04 0.11 26628
aoDLAV 150e2 2 4 - 0.03 0.18 30824
aoULAV 150e2 2 4 - 0.03 0.18 30824
aoD2AG 150e2 2 4 - 0.03 0.20 31608
aoD2SG 150e2 2 4 - 0.03 0.20 31608
moore 150e2 2 4 - 2.07 2562.03 6629344
nbpm 150e2 2 4 - 14.64 1242.10 16814172
greedy 150e2 2 4 - 13.84 670.63 24630028
dry 2e4 2 150 - 0.03 0.12 26828
aoDLAV 2e4 2 150 - 0.03 0.20 30808
aoULAV 2e4 2 150 - 0.03 0.19 30808
aoD2AG 2e4 2 150 - 0.03 0.21 32284
aoD2SG 2e4 2 150 - 0.04 0.21 32292
moore 2e4 2 150 - 3.45 6213.23 11765552
nbpm 2e4 2 150 - 29.04 2734.73 31402200
greedy 2e4 2 150 - 23.98 1221.25 43771092
dry 9e7 2 212 - 1.00 2.71 1787984
aoDLAV 9e7 2 212 - 7.36 610.60 13377684
aoULAV 9e7 2 212 - 9.47 702.47 13377684
aoD2AG 9e7 2 212 - 17.48 789.66 19674540
aoD2SG 9e7 2 212 - 18.00 1193.53 20395048
dry 150e2 2 59 - 0.02 0.12 26628
aoDLAV 150e2 2 59 - 0.04 0.17 30824
aoULAV 150e2 2 59 - 0.03 0.18 30872
aoD2AG 150e2 2 59 - 0.04 0.19 31608
aoD2SG 150e2 2 59 - 0.04 0.20 31612
moore 150e2 2 59 - 2.10 3330.61 6629352
nbpm 150e2 2 59 - 14.76 1160.33 16814224
greedy 150e2 2 59 - 14.18 658.81 24630024
dry 2e4 10 217 - 0.02 0.13 30556
aoDLAV 2e4 10 217 - 0.03 1.86 34840
aoULAV 2e4 10 217 - 0.04 1.94 34852
aoD2AG 2e4 10 217 - 0.04 2.00 36080
aoD2SG 2e4 10 217 - 0.05 2.15 36076
moore 2e4 10 217 - 3.48 6731.25 11770836
nbpm 2e4 10 217 - 29.41 5603.31 30880144
greedy 2e4 10 217 - 22.50 1306.48 43775820
dry 8e7 2 217 - 0.86 2.44 1592692
aoDLAV 8e7 2 217 - 6.41 476.08 11893328
aoULAV 8e7 2 217 - 8.80 509.17 11893324
aoD2AG 8e7 2 217 - 15.54 723.75 17489068
aoD2SG 8e7 2 217 - 16.24 861.59 18124472
dry 1e8 2 92 - 1.12 3.07 1983296
aoDLAV 1e8 2 92 - 8.47 689.62 14862068
aoULAV 1e8 2 92 - 10.52 613.50 14862068
aoD2AG 1e8 2 92 - 18.84 867.66 21856316
aoD2SG 1e8 2 92 - 19.36 1102.39 22652748
dry 150e2 2 28 - 0.03 0.11 26632
aoDLAV 150e2 2 28 - 0.03 0.18 30824
aoULAV 150e2 2 28 - 0.03 0.18 30824
aoD2AG 150e2 2 28 - 0.03 0.19 31608
aoD2SG 150e2 2 28 - 0.03 0.20 31608
moore 150e2 2 28 - 2.16 3173.15 6629400
nbpm 150e2 2 28 - 14.44 1161.79 16814168
greedy 150e2 2 28 - 13.13 700.92 24630028
dry 1e8 5 140 - 2.39 6.28 4327052
aoDLAV 1e8 5 140 - 11.38 2690.39 23065208
aoULAV 1e8 5 140 - 16.28 2847.98 23065204
aoD2AG 1e8 5 140 - 25.65 2874.60 30456564
aoD2SG 1e8 5 140 - 27.88 3435.96 31313324
dry 1e8 2 242 - 1.04 2.99 1983300
aoDLAV 1e8 2 242 - 7.68 576.15 14862068
aoULAV 1e8 2 242 - 10.50 611.94 14862068
aoD2AG 1e8 2 242 - 19.46 870.25 21856768
aoD2SG 1e8 2 242 - 20.07 1078.78 22653332
dry 18e3 2 173 - 0.03 0.11 26748
aoDLAV 18e3 2 173 - 0.04 0.18 30740
aoULAV 18e3 2 173 - 0.03 0.19 30740
aoD2AG 18e3 2 173 - 0.03 0.20 31808
aoD2SG 18e3 2 173 - 0.03 0.20 31816
moore 18e3 2 173 - 2.90 5364.51 9534976
nbpm 18e3 2 173 - 23.43 1904.35 25451056
greedy 18e3 2 173 - 20.43 1100.87 35458368
dry 125e2 2 68 - 0.03 0.12 28340
aoDLAV 125e2 2 68 - 0.03 0.18 30712
aoULAV 125e2 2 68 - 0.03 0.18 30712
aoD2AG 125e2 2 68 - 0.04 0.18 31376
aoD2SG 125e2 2 68 - 0.04 0.19 31376
moore 125e2 2 68 - 1.54 2171.37 4611548
nbpm 125e2 2 68 - 11.22 652.60 12302328
greedy 125e2 2 68 - 9.07 446.16 17109988
dry 1e8 2 20 - 1.03 3.03 1983300
aoDLAV 1e8 2 20 - 8.27 577.97 14862068
aoULAV 1e8 2 20 - 10.41 607.03 14862068
aoD2AG 1e8 2 20 - 19.05 919.51 21853692
aoD2SG 1e8 2 20 - 20.91 1096.54 22652408
dry 2e4 10 234 - 0.03 0.12 30776
aoDLAV 2e4 10 234 - 0.04 1.68 34836
aoULAV 2e4 10 234 - 0.03 1.68 34848
aoD2AG 2e4 10 234 - 0.04 1.72 36076
aoD2SG 2e4 10 234 - 0.03 2.07 36076
moore 2e4 10 234 - 3.57 8040.51 11770836
nbpm 2e4 10 234 - 29.75 5778.46 30880040
greedy 2e4 10 234 - 23.78 1281.81 43775820
dry 175e2 2 128 - 0.02 0.12 26732
aoDLAV 175e2 2 128 - 0.03 0.19 30716
aoULAV 175e2 2 128 - 0.03 0.18 30720
aoD2AG 175e2 2 128 - 0.03 0.20 31800
aoD2SG 175e2 2 128 - 0.03 0.21 31760
moore 175e2 2 128 - 2.79 4854.84 9014028
nbpm 175e2 2 128 - 21.45 1875.11 22863144
greedy 175e2 2 128 - 18.46 998.10 33516980
dry 150e2 2 151 - 0.02 0.12 26628
aoDLAV 150e2 2 151 - 0.03 0.20 30824
aoULAV 150e2 2 151 - 0.04 0.18 30824
aoD2AG 150e2 2 151 - 0.03 0.20 31608
aoD2SG 150e2 2 151 - 0.03 0.21 31608
moore 150e2 2 151 - 2.20 2641.34 6629352
nbpm 150e2 2 151 - 14.82 1225.10 16814176
greedy 150e2 2 151 - 13.29 698.87 24630024
dry 18e3 2 46 - 0.03 0.12 26752
aoDLAV 18e3 2 46 - 0.03 0.19 30740
aoULAV 18e3 2 46 - 0.03 0.19 30740
aoD2AG 18e3 2 46 - 0.04 0.20 31804
aoD2SG 18e3 2 46 - 0.04 0.21 31808
moore 18e3 2 46 - 4.58 4687.00 9534988
nbpm 18e3 2 46 - 23.88 2003.36 25451068
greedy 18e3 2 46 - 19.33 1074.42 35458368
dry 2e4 5 181 - 0.02 0.12 29372
aoDLAV 2e4 5 181 - 0.03 0.28 32756
aoULAV 2e4 5 181 - 0.03 0.28 32768
aoD2AG 2e4 5 181 - 0.03 0.32 33344
aoD2SG 2e4 5 181 - 0.04 0.36 32860
moore 2e4 5 181 - 3.39 6269.33 11768084
nbpm 2e4 5 181 - 28.63 4550.61 34200500
greedy 2e4 5 181 - 24.97 1295.61 43774004
dry 2e4 5 223 - 0.03 0.11 29176
aoDLAV 2e4 5 223 - 0.04 0.29 32756
aoULAV 2e4 5 223 - 0.03 0.30 32772
aoD2AG 2e4 5 223 - 0.03 0.34 33344
aoD2SG 2e4 5 223 - 0.04 0.35 32860
moore 2e4 5 223 - 3.57 6006.22 11768080
nbpm 2e4 5 223 - 29.12 5065.39 34200608
greedy 2e4 5 223 - 24.83 1251.58 43774008
dry 2e4 10 79 - 0.04 0.11 29384
aoDLAV 2e4 10 79 - 0.04 1.64 34840
aoULAV 2e4 10 79 - 0.04 1.66 34852
aoD2AG 2e4 10 79 - 0.04 1.67 36076
aoD2SG 2e4 10 79 - 0.04 1.89 36076
moore 2e4 10 79 - 3.44 5993.83 11770836
nbpm 2e4 10 79 - 28.68 6841.88 30880040
greedy 2e4 10 79 - 23.86 1307.14 43775824
dry 18e3 2 122 - 0.03 0.11 26752
aoDLAV 18e3 2 122 - 0.03 0.19 30740
aoULAV 18e3 2 122 - 0.03 0.18 30740
aoD2AG 18e3 2 122 - 0.04 0.20 31804
aoD2SG 18e3 2 122 - 0.03 0.21 31812
moore 18e3 2 122 - 3.07 5192.97 9534980
nbpm 18e3 2 122 - 23.29 2097.16 25451056
greedy 18e3 2 122 - 20.61 1023.01 35458368
dry 125e2 2 62 - 0.03 0.12 28508
aoDLAV 125e2 2 62 - 0.03 0.17 30712
aoULAV 125e2 2 62 - 0.03 0.18 30708
aoD2AG 125e2 2 62 - 0.03 0.19 31376
aoD2SG 125e2 2 62 - 0.04 0.19 31376
moore 125e2 2 62 - 1.61 2158.66 4611548
nbpm 125e2 2 62 - 11.65 731.88 12302332
greedy 125e2 2 62 - 10.11 440.72 17109968
dry 1e8 2 196 - 1.11 3.00 1983300
aoDLAV 1e8 2 196 - 8.27 578.93 14862072
aoULAV 1e8 2 196 - 10.80 619.36 14862068
aoD2AG 1e8 2 196 - 19.37 876.24 21858264
aoD2SG 1e8 2 196 - 20.02 1042.81 22655068
dry 2e4 10 160 - 0.03 0.12 30236
aoDLAV 2e4 10 160 - 0.04 1.80 34836
aoULAV 2e4 10 160 - 0.04 1.88 34848
aoD2AG 2e4 10 160 - 0.04 1.92 36076
aoD2SG 2e4 10 160 - 0.05 2.10 36076
moore 2e4 10 160 - 3.33 7320.86 11770832
