dry 18e5 2 43 - 0.04 0.24 65324
aoDLAV 18e5 2 43 - 0.15 5.21 285508
aoULAV 18e5 2 43 - 0.14 5.05 285520
aoD2AG 18e5 2 43 - 0.25 9.19 412568
aoD2SG 18e5 2 43 - 0.22 9.02 427732
dry 56e5 2 41 - 0.07 0.28 139544
aoDLAV 56e5 2 41 - 0.45 20.28 849556
aoULAV 56e5 2 41 - 0.42 23.26 849556
aoD2AG 56e5 2 41 - 0.70 34.62 1240416
aoD2SG 56e5 2 41 - 0.75 40.05 1286396
dry 56e5 2 97 - 0.08 0.32 139544
aoDLAV 56e5 2 97 - 0.47 22.77 849556
aoULAV 56e5 2 97 - 0.45 25.26 849556
aoD2AG 56e5 2 97 - 0.76 34.59 1241760
aoD2SG 56e5 2 97 - 0.88 39.45 1286852
dry 1e7 10 115 - 0.44 1.42 850508
aoDLAV 1e7 10 115 - 1.61 4737.59 3533952
aoULAV 1e7 10 115 - 2.44 4750.23 3533956
aoD2AG 1e7 10 115 - 3.71 4793.93 4337148
aoD2SG 1e7 10 115 - 3.84 5893.07 4425800
dry 1e7 5 44 - 0.22 0.79 459872
aoDLAV 1e7 5 44 - 1.04 215.12 2323016
aoULAV 1e7 5 44 - 1.49 216.75 2323016
aoD2AG 1e7 5 44 - 2.43 240.51 3065284
aoD2SG 1e7 5 44 - 2.06 286.94 3149784
dry 1e7 10 42 - 0.42 1.39 850508
aoDLAV 1e7 10 42 - 1.51 4729.14 3533952
aoULAV 1e7 10 42 - 2.39 4778.30 3533952
aoD2AG 1e7 10 42 - 3.49 4740.78 4337676
aoD2SG 1e7 10 42 - 3.81 7222.15 4427340
dry 56e5 2 9 - 0.08 0.31 139548
aoDLAV 56e5 2 9 - 0.43 22.75 849556
aoULAV 56e5 2 9 - 0.47 24.20 849560
aoD2AG 56e5 2 9 - 0.72 34.49 1242232
aoD2SG 56e5 2 9 - 0.75 39.47 1288092
dry 1e7 2 188 - 0.12 0.44 225484
aoDLAV 1e7 2 188 - 0.79 44.22 1502684
aoULAV 1e7 2 188 - 0.97 47.24 1502684
aoD2AG 1e7 2 188 - 1.62 67.44 2205704
aoD2SG 1e7 2 188 - 1.63 76.87 2283728
dry 32e5 2 10 - 0.06 0.25 92676
aoDLAV 32e5 2 10 - 0.25 11.97 493324
aoULAV 32e5 2 10 - 0.26 12.72 493340
aoD2AG 32e5 2 10 - 0.40 18.39 718304
aoD2SG 32e5 2 10 - 0.42 20.87 743844
dry 56e5 2 247 - 0.08 0.32 139544
aoDLAV 56e5 2 247 - 0.45 23.74 849560
aoULAV 56e5 2 247 - 0.43 24.39 849556
aoD2AG 56e5 2 247 - 0.84 34.52 1242784
aoD2SG 56e5 2 247 - 0.76 39.68 1288176
dry 32e5 2 71 - 0.06 0.25 92676
aoDLAV 32e5 2 71 - 0.26 12.00 493324
aoULAV 32e5 2 71 - 0.27 12.74 493340
aoD2AG 32e5 2 71 - 0.39 18.38 718172
aoD2SG 32e5 2 71 - 0.45 20.96 743768
dry 1e7 10 33 - 0.42 1.38 850508
aoDLAV 1e7 10 33 - 1.57 4794.83 3533956
aoULAV 1e7 10 33 - 2.27 4738.77 3533956
aoD2AG 1e7 10 33 - 3.64 4758.79 4336328
aoD2SG 1e7 10 33 - 3.66 5728.41 4427284
dry 32e5 2 36 - 0.05 0.25 92676
aoDLAV 32e5 2 36 - 0.26 11.27 493420
aoULAV 32e5 2 36 - 0.27 11.99 493340
aoD2AG 32e5 2 36 - 0.40 17.29 718464
aoD2SG 32e5 2 36 - 0.44 20.01 743560
dry 1e7 2 124 - 0.12 0.43 225488
aoDLAV 1e7 2 124 - 0.75 41.99 1502684
aoULAV 1e7 2 124 - 0.73 44.54 1502688
aoD2AG 1e7 2 124 - 1.55 62.95 2205632
aoD2SG 1e7 2 124 - 1.85 73.36 2282232
dry 32e5 2 182 - 0.05 0.25 92680
aoDLAV 32e5 2 182 - 0.27 11.33 493328
aoULAV 32e5 2 182 - 0.24 12.10 493336
aoD2AG 32e5 2 182 - 0.38 17.40 717496
aoD2SG 32e5 2 182 - 0.40 19.78 743584
dry 32e5 2 167 - 0.05 0.25 92676
aoDLAV 32e5 2 167 - 0.24 11.39 493328
aoULAV 32e5 2 167 - 0.24 12.13 493336
aoD2AG 32e5 2 167 - 0.43 17.37 718116
aoD2SG 32e5 2 167 - 0.43 19.73 743520
dry 56e5 2 148 - 0.07 0.32 139548
aoDLAV 56e5 2 148 - 0.45 21.74 849560
aoULAV 56e5 2 148 - 0.43 23.22 849556
aoD2AG 56e5 2 148 - 0.74 32.98 1241232
aoD2SG 56e5 2 148 - 0.85 38.02 1287160
dry 1e7 2 185 - 0.11 0.44 225484
aoDLAV 1e7 2 185 - 0.76 42.63 1502684
aoULAV 1e7 2 185 - 0.74 44.76 1502688
aoD2AG 1e7 2 185 - 1.42 63.27 2204576
aoD2SG 1e7 2 185 - 1.62 73.83 2284244
dry 32e5 2 130 - 0.06 0.24 92680
aoDLAV 32e5 2 130 - 0.25 11.46 493344
aoULAV 32e5 2 130 - 0.24 12.18 493336
aoD2AG 32e5 2 130 - 0.44 17.32 717480
aoD2SG 32e5 2 130 - 0.40 20.03 742784
dry 1e7 10 51 - 0.44 1.39 850512
aoDLAV 1e7 10 51 - 1.55 4754.58 3533952
aoULAV 1e7 10 51 - 2.36 4734.75 3533956
aoD2AG 1e7 10 51 - 3.47 4764.61 4337104
aoD2SG 1e7 10 51 - 3.60 5731.50 4426584
dry 1e7 10 15 - 0.42 1.38 850508
aoDLAV 1e7 10 15 - 1.51 4845.84 3533952
aoULAV 1e7 10 15 - 2.72 6236.95 3533964
aoD2AG 1e7 10 15 - 3.63 4772.46 4337680
aoD2SG 1e7 10 15 - 3.69 5716.57 4427584
dry 18e5 2 250 - 0.05 0.20 65328
aoDLAV 18e5 2 250 - 0.17 6.14 285508
aoULAV 18e5 2 250 - 0.17 6.55 285520
aoD2AG 18e5 2 250 - 0.28 9.43 411772
aoD2SG 18e5 2 250 - 0.26 10.98 427196
dry 32e5 2 244 - 0.07 0.24 92676
aoDLAV 32e5 2 244 - 0.26 11.45 493324
aoULAV 32e5 2 244 - 0.28 12.30 493340
aoD2AG 32e5 2 244 - 0.46 18.00 718352
aoD2SG 32e5 2 244 - 0.45 20.85 742788
dry 1e7 2 149 - 0.14 0.45 225488
aoDLAV 1e7 2 149 - 0.86 44.09 1502684
aoULAV 1e7 2 149 - 0.78 47.57 1502708
aoD2AG 1e7 2 149 - 1.60 65.92 2203720
aoD2SG 1e7 2 149 - 1.70 76.27 2284812
dry 1e7 2 79 - 0.17 0.44 225484
aoDLAV 1e7 2 79 - 0.79 44.07 1502684
aoULAV 1e7 2 79 - 1.09 46.70 1502688
aoD2AG 1e7 2 79 - 1.60 67.76 2202812
aoD2SG 1e7 2 79 - 1.76 76.34 2283496
dry 1e7 5 100 - 0.29 0.82 459876
aoDLAV 1e7 5 100 - 1.24 212.13 2323016
aoULAV 1e7 5 100 - 1.55 211.42 2323020
aoD2AG 1e7 5 100 - 2.40 233.89 3065176
aoD2SG 1e7 5 100 - 2.62 276.92 3149816
dry 18e5 2 7 - 0.04 0.22 65324
aoDLAV 18e5 2 7 - 0.17 6.88 285512
aoULAV 18e5 2 7 - 0.17 7.96 285520
aoD2AG 18e5 2 7 - 0.23 9.96 413160
aoD2SG 18e5 2 7 - 0.29 11.26 427128
dry 1e7 10 67 - 0.47 1.36 850508
aoDLAV 1e7 10 67 - 2.34 6141.63 3533960
aoULAV 1e7 10 67 - 2.34 4736.30 3533960
aoD2AG 1e7 10 67 - 3.52 4747.82 4337012
aoD2SG 1e7 10 67 - 3.70 5634.77 4425464
dry 56e5 2 93 - 0.08 0.32 139544
aoDLAV 56e5 2 93 - 0.47 22.79 849560
aoULAV 56e5 2 93 - 0.57 24.03 849556
aoD2AG 56e5 2 93 - 0.70 34.64 1241656
aoD2SG 56e5 2 93 - 0.75 39.92 1287020
dry 18e5 2 191 - 0.05 0.20 65324
aoDLAV 18e5 2 191 - 0.15 6.30 285512
aoULAV 18e5 2 191 - 0.16 6.72 285520
aoD2AG 18e5 2 191 - 0.26 9.67 413400
aoD2SG 18e5 2 191 - 0.24 11.03 426584
dry 1e7 2 63 - 0.13 0.44 225488
aoDLAV 1e7 2 63 - 0.78 44.93 1502688
aoULAV 1e7 2 63 - 0.77 47.67 1502688
aoD2AG 1e7 2 63 - 1.55 67.56 2203700
aoD2SG 1e7 2 63 - 1.87 78.31 2284360
dry 1e7 2 211 - 0.12 0.44 225484
aoDLAV 1e7 2 211 - 0.77 45.05 1502684
aoULAV 1e7 2 211 - 0.76 47.78 1502684
aoD2AG 1e7 2 211 - 1.59 68.15 2203800
aoD2SG 1e7 2 211 - 1.74 78.90 2284652
dry 56e5 2 187 - 0.07 0.33 139544
aoDLAV 56e5 2 187 - 0.45 23.18 849556
aoULAV 56e5 2 187 - 0.47 24.48 849556
aoD2AG 56e5 2 187 - 0.73 35.16 1242496
aoD2SG 56e5 2 187 - 0.76 40.40 1286520
dry 1e7 2 119 - 0.13 0.43 225484
aoDLAV 1e7 2 119 - 0.80 44.93 1502684
aoULAV 1e7 2 119 - 0.80 47.84 1502684
aoD2AG 1e7 2 119 - 1.51 68.09 2203068
aoD2SG 1e7 2 119 - 1.84 78.30 2281268
dry 1e7 5 48 - 0.25 0.79 459868
aoDLAV 1e7 5 48 - 1.10 218.31 2323020
aoULAV 1e7 5 48 - 1.55 221.83 2323020
aoD2AG 1e7 5 48 - 2.23 274.19 3065120
aoD2SG 1e7 5 48 - 2.84 323.04 3150856
dry 32e5 2 144 - 0.06 0.25 92676
aoDLAV 32e5 2 144 - 0.26 12.13 493324
aoULAV 32e5 2 144 - 0.27 12.93 493340
aoD2AG 32e5 2 144 - 0.49 18.61 718936
aoD2SG 32e5 2 144 - 0.44 21.33 742924
dry 1e7 5 72 - 0.24 0.79 459868
aoDLAV 1e7 5 72 - 1.12 247.38 2323016
aoULAV 1e7 5 72 - 1.58 250.22 2323016
aoD2AG 1e7 5 72 - 2.01 242.20 3065008
aoD2SG 1e7 5 72 - 2.62 287.05 3149608
dry 32e5 2 26 - 0.06 0.25 92680
aoDLAV 32e5 2 26 - 0.26 12.11 493344
aoULAV 32e5 2 26 - 0.27 12.89 493336
aoD2AG 32e5 2 26 - 0.41 18.54 717448
aoD2SG 32e5 2 26 - 0.39 21.25 742832
