dry 32e3 2 4 - 0.02 0.11 27300
aoDLAV 32e3 2 4 - 0.03 0.19 31440
aoULAV 32e3 2 4 - 0.03 0.20 32144
aoD2AG 32e3 2 4 - 0.03 0.23 35024
aoD2SG 32e3 2 4 - 0.03 0.23 34792
dry 1e6 5 78 - 0.05 0.24 73156
aoDLAV 1e6 5 78 - 0.13 16.39 252692
aoULAV 1e6 5 78 - 0.13 17.78 252744
aoD2AG 1e6 5 78 - 0.21 19.95 324256
aoD2SG 1e6 5 78 - 0.20 23.90 333048
dry 275e2 2 239 - 0.02 0.11 27120
aoDLAV 275e2 2 239 - 0.03 0.19 31240
aoULAV 275e2 2 239 - 0.03 0.20 31620
aoD2AG 275e2 2 239 - 0.03 0.22 34712
aoD2SG 275e2 2 239 - 0.03 0.24 34812
dry 1e5 10 236 - 0.04 0.17 38396
aoDLAV 1e5 10 236 - 0.05 21.13 53536
aoULAV 1e5 10 236 - 0.05 22.66 55308
aoD2AG 1e5 10 236 - 0.05 30.39 62648
aoD2SG 1e5 10 236 - 0.04 23.16 66832
dry 1e3 2 199 - 0.01 0.12 26020
aoDLAV 1e3 2 199 - 0.02 0.14 30280
aoULAV 1e3 2 199 - 0.03 0.14 30308
aoD2AG 1e3 2 199 - 0.04 0.13 30532
aoD2SG 1e3 2 199 - 0.03 0.14 30556
moore 1e3 2 199 - 0.04 5.79 59780
nbpm 1e3 2 199 - 0.12 4.05 138652
greedy 1e3 2 199 - 0.09 1.00 139244
dry 375e2 2 7 - 0.02 0.12 27520
aoDLAV 375e2 2 7 - 0.03 0.23 31788
aoULAV 375e2 2 7 - 0.03 0.23 32604
aoD2AG 375e2 2 7 - 0.03 0.26 35520
aoD2SG 375e2 2 7 - 0.03 0.28 35532
dry 18e1 2 203 - 0.02 0.11 26008
aoDLAV 18e1 2 203 - 0.03 0.14 30184
aoULAV 18e1 2 203 - 0.03 0.14 30196
aoD2AG 18e1 2 203 - 0.03 0.14 30348
aoD2SG 18e1 2 203 - 0.03 0.14 30408
moore 18e1 2 203 - 0.03 0.30 30500
nbpm 18e1 2 203 - 0.07 2.12 54444
greedy 18e1 2 203 - 0.03 0.15 33348
dry 350e2 2 192 - 0.03 0.11 27416
aoDLAV 350e2 2 192 - 0.04 0.21 31480
aoULAV 350e2 2 192 - 0.03 0.22 32260
aoD2AG 350e2 2 192 - 0.03 0.26 34848
aoD2SG 350e2 2 192 - 0.04 0.26 35128
dry 350e2 2 90 - 0.02 0.12 29420
aoDLAV 350e2 2 90 - 0.03 0.22 31480
aoULAV 350e2 2 90 - 0.03 0.22 32264
aoD2AG 350e2 2 90 - 0.03 0.25 34848
aoD2SG 350e2 2 90 - 0.03 0.27 35180
dry 32e4 2 45 - 0.03 0.17 36424
aoDLAV 32e4 2 45 - 0.06 1.23 70828
aoULAV 32e4 2 45 - 0.06 1.30 70844
aoD2AG 32e4 2 45 - 0.07 1.68 88184
aoD2SG 32e4 2 45 - 0.07 1.90 90772
dry 300e2 2 48 - 0.02 0.11 27216
aoDLAV 300e2 2 48 - 0.03 0.21 31296
aoULAV 300e2 2 48 - 0.03 0.21 31892
aoD2AG 300e2 2 48 - 0.02 0.25 35060
aoD2SG 300e2 2 48 - 0.02 0.26 34720
dry 1e2 2 174 - 0.02 0.12 25992
aoDLAV 1e2 2 174 - 0.04 0.13 30168
aoULAV 1e2 2 174 - 0.04 0.13 30184
aoD2AG 1e2 2 174 - 0.03 0.14 30340
aoD2SG 1e2 2 174 - 0.03 0.14 30340
moore 1e2 2 174 - 0.02 0.20 30480
nbpm 1e2 2 174 - 0.08 2.18 53004
greedy 1e2 2 174 - 0.02 0.15 30880
dry 1e2 10 116 - 0.02 0.12 26004
aoDLAV 1e2 10 116 - 0.03 0.14 30260
aoULAV 1e2 10 116 - 0.03 0.14 30276
aoD2AG 1e2 10 116 - 0.02 0.15 30444
aoD2SG 1e2 10 116 - 0.03 0.14 30444
moore 1e2 10 116 - 0.02 0.22 30496
nbpm 1e2 10 116 - 0.08 2.13 53080
greedy 1e2 10 116 - 0.03 0.15 30976
dry 32e1 2 206 - 0.02 0.12 26004
aoDLAV 32e1 2 206 - 0.02 0.14 30196
aoULAV 32e1 2 206 - 0.03 0.14 30208
aoD2AG 32e1 2 206 - 0.03 0.14 30380
aoD2SG 32e1 2 206 - 0.03 0.14 30388
moore 32e1 2 206 - 0.03 0.30 33676
nbpm 32e1 2 206 - 0.09 2.37 58304
greedy 32e1 2 206 - 0.03 0.21 40972
dry 1e6 2 47 - 0.03 0.20 49704
aoDLAV 1e6 2 47 - 0.11 3.79 178456
aoULAV 1e6 2 47 - 0.12 3.99 178456
aoD2AG 1e6 2 47 - 0.17 5.69 233360
aoD2SG 1e6 2 47 - 0.19 6.19 242684
dry 1e2 2 6 - 0.02 0.12 25992
aoDLAV 1e2 2 6 - 0.02 0.15 30168
aoULAV 1e2 2 6 - 0.03 0.14 30180
aoD2AG 1e2 2 6 - 0.02 0.15 30336
aoD2SG 1e2 2 6 - 0.03 0.14 30340
moore 1e2 2 6 - 0.04 0.21 30488
nbpm 1e2 2 6 - 0.08 2.16 53008
greedy 1e2 2 6 - 0.03 0.14 30880
dry 1e2 2 199 - 0.02 0.11 25992
aoDLAV 1e2 2 199 - 0.03 0.14 30168
aoULAV 1e2 2 199 - 0.02 0.14 30180
aoD2AG 1e2 2 199 - 0.04 0.13 30336
aoD2SG 1e2 2 199 - 0.03 0.14 30340
moore 1e2 2 199 - 0.03 0.21 30488
nbpm 1e2 2 199 - 0.09 2.18 53008
greedy 1e2 2 199 - 0.02 0.15 30880
dry 375e2 2 124 - 0.03 0.12 27520
aoDLAV 375e2 2 124 - 0.03 0.25 31784
aoULAV 375e2 2 124 - 0.03 0.24 32604
aoD2AG 375e2 2 124 - 0.03 0.28 35520
aoD2SG 375e2 2 124 - 0.04 0.31 35528
dry 1e3 5 50 - 0.02 0.11 26056
aoDLAV 1e3 5 50 - 0.03 0.15 30424
aoULAV 1e3 5 50 - 0.02 0.15 30436
aoD2AG 1e3 5 50 - 0.03 0.14 30748
aoD2SG 1e3 5 50 - 0.02 0.15 30772
moore 1e3 5 50 - 0.05 6.46 59816
nbpm 1e3 5 50 - 0.12 4.43 129244
greedy 1e3 5 50 - 0.09 1.05 139392
dry 18e4 2 107 - 0.04 0.13 33104
aoDLAV 18e4 2 107 - 0.05 0.74 47860
aoULAV 18e4 2 107 - 0.05 0.75 47860
aoD2AG 18e4 2 107 - 0.06 1.02 59228
aoD2SG 18e4 2 107 - 0.06 1.08 59860
dry 5e4 5 195 - 0.03 0.13 30516
aoDLAV 5e4 5 195 - 0.03 0.74 34704
aoULAV 5e4 5 195 - 0.03 0.76 34708
aoD2AG 5e4 5 195 - 0.04 0.81 37728
aoD2SG 5e4 5 195 - 0.04 0.86 37936
dry 275e2 2 59 - 0.03 0.12 27120
aoDLAV 275e2 2 59 - 0.02 0.21 31240
aoULAV 275e2 2 59 - 0.02 0.21 31572
aoD2AG 275e2 2 59 - 0.03 0.23 34692
aoD2SG 275e2 2 59 - 0.03 0.25 34816
dry 1e3 2 203 - 0.03 0.11 26024
aoDLAV 1e3 2 203 - 0.04 0.13 30280
aoULAV 1e3 2 203 - 0.03 0.14 30292
aoD2AG 1e3 2 203 - 0.02 0.15 30532
aoD2SG 1e3 2 203 - 0.03 0.14 30560
moore 1e3 2 203 - 0.06 5.12 59776
nbpm 1e3 2 203 - 0.12 4.07 138564
greedy 1e3 2 203 - 0.09 1.05 139248
dry 1e6 5 179 - 0.06 0.27 73152
aoDLAV 1e6 5 179 - 0.28 19.23 252692
aoULAV 1e6 5 179 - 0.22 20.03 252692
aoD2AG 1e6 5 179 - 0.27 27.03 323964
aoD2SG 1e6 5 179 - 0.22 23.71 333308
dry 1e3 10 56 - 0.02 0.12 26136
aoDLAV 1e3 10 56 - 0.03 0.16 30652
aoULAV 1e3 10 56 - 0.03 0.16 30664
aoD2AG 1e3 10 56 - 0.02 0.17 31072
aoD2SG 1e3 10 56 - 0.03 0.16 31100
moore 1e3 10 56 - 0.05 6.07 59840
nbpm 1e3 10 56 - 0.13 5.03 136140
greedy 1e3 10 56 - 0.08 1.06 139620
dry 225e2 2 49 - 0.03 0.12 30576
aoDLAV 225e2 2 49 - 0.03 0.19 30980
aoULAV 225e2 2 49 - 0.02 0.20 30992
aoD2AG 225e2 2 49 - 0.03 0.22 33372
aoD2SG 225e2 2 49 - 0.03 0.22 33460
dry 1e5 2 80 - 0.02 0.14 31016
aoDLAV 1e5 2 80 - 0.03 0.45 34800
aoULAV 1e5 2 80 - 0.04 0.46 35320
aoD2AG 1e5 2 80 - 0.04 0.58 42616
aoD2SG 1e5 2 80 - 0.04 0.66 43844
dry 375e2 2 232 - 0.03 0.12 29392
aoDLAV 375e2 2 232 - 0.03 0.23 31788
aoULAV 375e2 2 232 - 0.03 0.24 32604
aoD2AG 375e2 2 232 - 0.03 0.28 35516
aoD2SG 375e2 2 232 - 0.03 0.29 35528
dry 1e6 2 120 - 0.04 0.20 49704
aoDLAV 1e6 2 120 - 0.11 3.73 178456
aoULAV 1e6 2 120 - 0.13 3.91 178456
aoD2AG 1e6 2 120 - 0.17 5.55 234000
aoD2SG 1e6 2 120 - 0.19 6.16 240684
dry 1e5 2 148 - 0.03 0.12 32128
aoDLAV 1e5 2 148 - 0.04 0.43 34804
aoULAV 1e5 2 148 - 0.03 0.45 35320
aoD2AG 1e5 2 148 - 0.04 0.56 42596
aoD2SG 1e5 2 148 - 0.04 0.63 43796
dry 1e3 2 141 - 0.03 0.11 26020
aoDLAV 1e3 2 141 - 0.03 0.14 30280
aoULAV 1e3 2 141 - 0.03 0.15 30296
aoD2AG 1e3 2 141 - 0.03 0.14 30544
aoD2SG 1e3 2 141 - 0.03 0.14 30556
moore 1e3 2 141 - 0.04 4.92 59776
nbpm 1e3 2 141 - 0.13 4.07 138560
greedy 1e3 2 141 - 0.07 1.02 139244
dry 32e4 2 148 - 0.03 0.16 36424
aoDLAV 32e4 2 148 - 0.06 1.23 70828
aoULAV 32e4 2 148 - 0.07 1.25 70840
aoD2AG 32e4 2 148 - 0.07 1.68 88616
aoD2SG 32e4 2 148 - 0.07 1.86 90580
dry 1e2 2 90 - 0.02 0.12 25996
aoDLAV 1e2 2 90 - 0.03 0.14 30168
aoULAV 1e2 2 90 - 0.03 0.14 30180
aoD2AG 1e2 2 90 - 0.03 0.14 30336
aoD2SG 1e2 2 90 - 0.03 0.14 30380
moore 1e2 2 90 - 0.03 0.20 30488
nbpm 1e2 2 90 - 0.07 2.14 53012
greedy 1e2 2 90 - 0.03 0.14 30880
dry 1e3 5 202 - 0.02 0.12 26056
aoDLAV 1e3 5 202 - 0.02 0.15 30428
aoULAV 1e3 5 202 - 0.03 0.15 30436
aoD2AG 1e3 5 202 - 0.03 0.15 30752
aoD2SG 1e3 5 202 - 0.03 0.15 30772
moore 1e3 5 202 - 0.04 8.33 59804
nbpm 1e3 5 202 - 0.11 4.31 129240
greedy 1e3 5 202 - 0.08 1.01 139388
dry 400e2 2 239 - 0.03 0.11 30932
aoDLAV 400e2 2 239 - 0.03 0.23 32240
aoULAV 400e2 2 239 - 0.04 0.23 33112
aoD2AG 400e2 2 239 - 0.03 0.27 36072
aoD2SG 400e2 2 239 - 0.04 0.28 35928
dry 18e4 2 82 - 0.03 0.14 33484
aoDLAV 18e4 2 82 - 0.05 0.72 47860
aoULAV 18e4 2 82 - 0.05 0.74 47860
aoD2AG 18e4 2 82 - 0.06 0.94 58648
aoD2SG 18e4 2 82 - 0.06 1.03 59828
dry 1e5 10 106 - 0.03 0.18 38396
aoDLAV 1e5 10 106 - 0.05 21.85 53536
aoULAV 1e5 10 106 - 0.05 21.42 55312
aoD2AG 1e5 10 106 - 0.06 21.57 62588
aoD2SG 1e5 10 106 - 0.05 24.26 66832
dry 56e4 2 172 - 0.04 0.18 41104
aoDLAV 56e4 2 172 - 0.08 2.04 107988
aoULAV 56e4 2 172 - 0.09 2.10 107984
aoD2AG 56e4 2 172 - 0.11 2.99 139508
aoD2SG 56e4 2 172 - 0.10 3.38 143548
dry 1e6 5 164 - 0.05 0.28 73152
aoDLAV 1e6 5 164 - 0.14 18.69 252688
aoULAV 1e6 5 164 - 0.14 18.94 252688
aoD2AG 1e6 5 164 - 0.21 20.78 324204
aoD2SG 1e6 5 164 - 0.23 25.13 333388
dry 350e2 2 140 - 0.02 0.12 29428
aoDLAV 350e2 2 140 - 0.03 0.23 31480
aoULAV 350e2 2 140 - 0.03 0.23 32260
aoD2AG 350e2 2 140 - 0.03 0.26 34852
aoD2SG 350e2 2 140 - 0.04 0.27 35132
dry 5e4 2 173 - 0.03 0.11 29612
aoDLAV 5e4 2 173 - 0.03 0.28 33008
aoULAV 5e4 2 173 - 0.04 0.27 33312
aoD2AG 5e4 2 173 - 0.02 0.35 36408
aoD2SG 5e4 2 173 - 0.04 0.35 36428
dry 1e5 5 158 - 0.03 0.14 34480
aoDLAV 1e5 5 158 - 0.04 1.59 41816
aoULAV 1e5 5 158 - 0.04 1.61 43568
aoD2AG 1e5 5 158 - 0.05 1.75 53560
aoD2SG 1e5 5 158 - 0.05 1.96 53208
dry 32e1 2 13 - 0.02 0.12 26000
aoDLAV 32e1 2 13 - 0.03 0.14 30200
aoULAV 32e1 2 13 - 0.03 0.14 30208
aoD2AG 32e1 2 13 - 0.02 0.15 30376
aoD2SG 32e1 2 13 - 0.04 0.14 30384
moore 32e1 2 13 - 0.04 0.57 33676
nbpm 32e1 2 13 - 0.09 2.37 58300
greedy 32e1 2 13 - 0.04 0.21 40972
dry 5e4 10 117 - 0.03 0.13 33888
aoDLAV 5e4 10 117 - 0.05 7.40 40204
aoULAV 5e4 10 117 - 0.04 7.94 40200
aoD2AG 5e4 10 117 - 0.04 7.93 44988
aoD2SG 5e4 10 117 - 0.05 8.73 44992
dry 1e5 10 170 - 0.04 0.18 38396
aoDLAV 1e5 10 170 - 0.05 22.19 53540
aoULAV 1e5 10 170 - 0.05 21.99 55312
aoD2AG 1e5 10 170 - 0.07 22.14 63092
aoD2SG 1e5 10 170 - 0.06 25.57 66836
dry 400e2 2 38 - 0.02 0.12 27616
aoDLAV 400e2 2 38 - 0.03 0.24 32240
aoULAV 400e2 2 38 - 0.04 0.24 33112
aoD2AG 400e2 2 38 - 0.03 0.29 36072
aoD2SG 400e2 2 38 - 0.03 0.31 35932
dry 32e4 2 116 - 0.03 0.17 36424
aoDLAV 32e4 2 116 - 0.05 1.24 70828
aoULAV 32e4 2 116 - 0.06 1.27 70840
aoD2AG 32e4 2 116 - 0.07 1.75 88584
aoD2SG 32e4 2 116 - 0.07 2.00 90952
dry 1e2 5 55 - 0.02 0.13 26000
aoDLAV 1e2 5 55 - 0.02 0.15 30212
aoULAV 1e2 5 55 - 0.03 0.14 30228
aoD2AG 1e2 5 55 - 0.03 0.14 30384
aoD2SG 1e2 5 55 - 0.02 0.15 30384
moore 1e2 5 55 - 0.03 0.24 30492
nbpm 1e2 5 55 - 0.09 2.16 53016
greedy 1e2 5 55 - 0.03 0.14 30924
dry 5e4 5 65 - 0.04 0.12 29988
aoDLAV 5e4 5 65 - 0.03 0.76 34704
aoULAV 5e4 5 65 - 0.04 0.75 34704
aoD2AG 5e4 5 65 - 0.04 0.82 37724
aoD2SG 5e4 5 65 - 0.03 0.90 37936
dry 18e1 2 140 - 0.03 0.11 27952
aoDLAV 18e1 2 140 - 0.03 0.14 30184
aoULAV 18e1 2 140 - 0.02 0.15 30248
aoD2AG 18e1 2 140 - 0.02 0.15 30356
aoD2SG 18e1 2 140 - 0.03 0.14 30364
moore 18e1 2 140 - 0.03 0.29 30496
nbpm 18e1 2 140 - 0.08 2.18 54448
greedy 18e1 2 140 - 0.03 0.16 33352
dry 5e4 5 6 - 0.03 0.14 31588
aoDLAV 5e4 5 6 - 0.04 0.76 34704
aoULAV 5e4 5 6 - 0.05 0.84 34704
aoD2AG 5e4 5 6 - 0.04 0.83 37728
aoD2SG 5e4 5 6 - 0.04 0.90 37936
dry 32e3 2 130 - 0.03 0.12 29188
aoDLAV 32e3 2 130 - 0.02 0.23 31440
aoULAV 32e3 2 130 - 0.03 0.22 32144
aoD2AG 32e3 2 130 - 0.03 0.25 35024
aoD2SG 32e3 2 130 - 0.04 0.26 34840
dry 32e4 2 126 - 0.03 0.17 36424
aoDLAV 32e4 2 126 - 0.06 1.23 70828
aoULAV 32e4 2 126 - 0.06 1.30 70840
aoD2AG 32e4 2 126 - 0.07 1.75 88328
aoD2SG 32e4 2 126 - 0.08 1.95 91756
dry 56e3 2 179 - 0.02 0.12 28236
aoDLAV 56e3 2 179 - 0.03 0.29 33480
aoULAV 56e3 2 179 - 0.03 0.30 34696
aoD2AG 56e3 2 179 - 0.03 0.37 37284
aoD2SG 56e3 2 179 - 0.03 0.42 37304
dry 56e4 2 245 - 0.03 0.19 41104
aoDLAV 56e4 2 245 - 0.07 2.10 107988
aoULAV 56e4 2 245 - 0.09 2.19 107984
aoD2AG 56e4 2 245 - 0.10 3.17 139880
aoD2SG 56e4 2 245 - 0.11 3.50 144020
dry 1e5 10 243 - 0.03 0.18 38400
aoDLAV 1e5 10 243 - 0.04 22.47 53536
aoULAV 1e5 10 243 - 0.05 21.49 55312
aoD2AG 1e5 10 243 - 0.05 26.93 62636
aoD2SG 1e5 10 243 - 0.05 26.30 66832
dry 32e4 2 42 - 0.03 0.16 36424
aoDLAV 32e4 2 42 - 0.06 1.25 70832
aoULAV 32e4 2 42 - 0.05 1.32 70840
aoD2AG 32e4 2 42 - 0.07 1.77 88292
aoD2SG 32e4 2 42 - 0.07 2.00 90860
dry 1e5 5 190 - 0.04 0.13 34476
aoDLAV 1e5 5 190 - 0.04 1.64 41816
aoULAV 1e5 5 190 - 0.04 1.66 43568
aoD2AG 1e5 5 190 - 0.04 1.81 53568
aoD2SG 1e5 5 190 - 0.04 2.02 53404
dry 225e2 2 104 - 0.02 0.12 26920
aoDLAV 225e2 2 104 - 0.02 0.20 30980
aoULAV 225e2 2 104 - 0.03 0.20 30992
aoD2AG 225e2 2 104 - 0.03 0.22 33368
aoD2SG 225e2 2 104 - 0.03 0.23 33464
dry 1e2 10 220 - 0.02 0.12 26008
aoDLAV 1e2 10 220 - 0.03 0.14 30260
aoULAV 1e2 10 220 - 0.03 0.14 30276
aoD2AG 1e2 10 220 - 0.03 0.14 30440
aoD2SG 1e2 10 220 - 0.03 0.15 30452
moore 1e2 10 220 - 0.03 0.22 30496
nbpm 1e2 10 220 - 0.08 2.18 53080
greedy 1e2 10 220 - 0.03 0.14 30972
dry 1e2 2 115 - 0.02 0.12 25992
aoDLAV 1e2 2 115 - 0.03 0.14 30172
aoULAV 1e2 2 115 - 0.03 0.14 30180
aoD2AG 1e2 2 115 - 0.03 0.15 30332
aoD2SG 1e2 2 115 - 0.03 0.14 30340
moore 1e2 2 115 - 0.04 0.20 30492
nbpm 1e2 2 115 - 0.08 2.18 53004
greedy 1e2 2 115 - 0.03 0.14 30884
dry 32e3 2 131 - 0.02 0.13 29288
aoDLAV 32e3 2 131 - 0.03 0.22 31436
aoULAV 32e3 2 131 - 0.03 0.23 32148
aoD2AG 32e3 2 131 - 0.03 0.26 35028
aoD2SG 32e3 2 131 - 0.03 0.26 34788
dry 1e2 2 110 - 0.02 0.12 25992
aoDLAV 1e2 2 110 - 0.03 0.14 30168
aoULAV 1e2 2 110 - 0.02 0.15 30180
aoD2AG 1e2 2 110 - 0.02 0.15 30336
aoD2SG 1e2 2 110 - 0.03 0.14 30344
moore 1e2 2 110 - 0.02 0.22 30488
nbpm 1e2 2 110 - 0.08 2.17 53012
greedy 1e2 2 110 - 0.03 0.14 30880
dry 1e3 10 14 - 0.02 0.12 26136
aoDLAV 1e3 10 14 - 0.03 0.16 30652
aoULAV 1e3 10 14 - 0.02 0.17 30664
aoD2AG 1e3 10 14 - 0.04 0.16 31056
aoD2SG 1e3 10 14 - 0.04 0.16 31088
moore 1e3 10 14 - 0.04 4.47 59840
nbpm 1e3 10 14 - 0.12 4.77 136140
greedy 1e3 10 14 - 0.08 1.06 139616
dry 225e2 2 224 - 0.02 0.12 26924
aoDLAV 225e2 2 224 - 0.03 0.20 30980
aoULAV 225e2 2 224 - 0.02 0.21 30992
aoD2AG 225e2 2 224 - 0.03 0.22 33372
aoD2SG 225e2 2 224 - 0.04 0.22 33464
dry 1e2 2 55 - 0.02 0.12 25992
aoDLAV 1e2 2 55 - 0.02 0.15 30168
aoULAV 1e2 2 55 - 0.02 0.15 30180
aoD2AG 1e2 2 55 - 0.03 0.14 30328
aoD2SG 1e2 2 55 - 0.02 0.15 30340
moore 1e2 2 55 - 0.03 0.20 30488
nbpm 1e2 2 55 - 0.07 2.19 53008
greedy 1e2 2 55 - 0.03 0.15 30880
dry 1e6 10 85 - 0.09 0.39 112264
aoDLAV 1e6 10 85 - 0.23 445.69 369888
aoULAV 1e6 10 85 - 0.29 346.75 369884
aoD2AG 1e6 10 85 - 0.44 461.14 450124
aoD2SG 1e6 10 85 - 0.42 470.99 457064
dry 56e1 2 94 - 0.02 0.12 26012
aoDLAV 56e1 2 94 - 0.03 0.14 30220
aoULAV 56e1 2 94 - 0.02 0.15 30232
aoD2AG 56e1 2 94 - 0.02 0.15 30416
aoD2SG 56e1 2 94 - 0.04 0.14 30428
moore 56e1 2 94 - 0.04 0.52 39692
nbpm 56e1 2 94 - 0.11 2.82 78712
greedy 56e1 2 94 - 0.04 0.38 64108
dry 1e5 2 106 - 0.02 0.14 30596
aoDLAV 1e5 2 106 - 0.04 0.47 34800
aoULAV 1e5 2 106 - 0.04 0.47 35320
aoD2AG 1e5 2 106 - 0.04 0.60 42604
aoD2SG 1e5 2 106 - 0.05 0.61 43796
dry 1e2 5 30 - 0.02 0.12 26000
aoDLAV 1e2 5 30 - 0.02 0.15 30212
aoULAV 1e2 5 30 - 0.03 0.14 30228
aoD2AG 1e2 5 30 - 0.03 0.14 30384
aoD2SG 1e2 5 30 - 0.02 0.15 30388
moore 1e2 5 30 - 0.03 0.21 30496
nbpm 1e2 5 30 - 0.09 2.10 53016
greedy 1e2 5 30 - 0.03 0.15 30920
dry 5e4 5 122 - 0.03 0.13 31252
aoDLAV 5e4 5 122 - 0.04 0.78 34708
aoULAV 5e4 5 122 - 0.04 0.67 34704
aoD2AG 5e4 5 122 - 0.05 0.73 37724
aoD2SG 5e4 5 122 - 0.03 0.94 37936
dry 300e2 2 69 - 0.03 0.11 27216
aoDLAV 300e2 2 69 - 0.03 0.22 31296
aoULAV 300e2 2 69 - 0.03 0.22 31896
aoD2AG 300e2 2 69 - 0.02 0.25 35060
aoD2SG 300e2 2 69 - 0.04 0.24 34716
dry 5e4 2 95 - 0.03 0.11 28000
aoDLAV 5e4 2 95 - 0.03 0.28 33008
aoULAV 5e4 2 95 - 0.03 0.28 33312
aoD2AG 5e4 2 95 - 0.03 0.35 36412
aoD2SG 5e4 2 95 - 0.04 0.37 36424
dry 56e3 2 52 - 0.04 0.11 28236
aoDLAV 56e3 2 52 - 0.03 0.30 33480
aoULAV 56e3 2 52 - 0.03 0.29 34696
aoD2AG 56e3 2 52 - 0.04 0.35 37284
aoD2SG 56e3 2 52 - 0.03 0.37 37300
dry 32e4 2 173 - 0.02 0.17 36424
aoDLAV 32e4 2 173 - 0.06 1.18 70828
aoULAV 32e4 2 173 - 0.06 1.17 70844
aoD2AG 32e4 2 173 - 0.07 1.63 88716
aoD2SG 32e4 2 173 - 0.08 1.79 90680
dry 325e2 2 79 - 0.03 0.11 27320
aoDLAV 325e2 2 79 - 0.03 0.22 31376
aoULAV 325e2 2 79 - 0.04 0.22 32084
aoD2AG 325e2 2 79 - 0.03 0.26 35000
aoD2SG 325e2 2 79 - 0.04 0.27 34764
dry 1e3 10 246 - 0.02 0.12 26136
aoDLAV 1e3 10 246 - 0.03 0.16 30656
aoULAV 1e3 10 246 - 0.02 0.17 30664
aoD2AG 1e3 10 246 - 0.03 0.16 31076
aoD2SG 1e3 10 246 - 0.03 0.17 31096
moore 1e3 10 246 - 0.06 2.96 59928
nbpm 1e3 10 246 - 0.15 4.95 136140
greedy 1e3 10 246 - 0.10 1.08 139620
dry 300e2 2 19 - 0.02 0.12 29208
aoDLAV 300e2 2 19 - 0.03 0.21 31296
aoULAV 300e2 2 19 - 0.04 0.21 31896
aoD2AG 300e2 2 19 - 0.03 0.25 35060
aoD2SG 300e2 2 19 - 0.03 0.26 34716
dry 32e1 2 56 - 0.03 0.12 26000
aoDLAV 32e1 2 56 - 0.03 0.14 30200
aoULAV 32e1 2 56 - 0.03 0.15 30208
aoD2AG 32e1 2 56 - 0.03 0.14 30376
aoD2SG 32e1 2 56 - 0.04 0.14 30384
moore 32e1 2 56 - 0.04 0.51 33684
nbpm 32e1 2 56 - 0.07 2.53 58312
greedy 32e1 2 56 - 0.04 0.22 40972
dry 1e6 5 25 - 0.06 0.28 73152
aoDLAV 1e6 5 25 - 0.18 19.90 252700
aoULAV 1e6 5 25 - 0.20 20.03 252688
aoD2AG 1e6 5 25 - 0.24 22.31 324572
aoD2SG 1e6 5 25 - 0.23 26.49 332500
dry 1e3 5 86 - 0.03 0.11 26056
aoDLAV 1e3 5 86 - 0.02 0.15 30424
aoULAV 1e3 5 86 - 0.03 0.14 30440
aoD2AG 1e3 5 86 - 0.03 0.15 30744
aoD2SG 1e3 5 86 - 0.03 0.15 30756
moore 1e3 5 86 - 0.05 5.97 59800
nbpm 1e3 5 86 - 0.12 4.49 129248
greedy 1e3 5 86 - 0.10 1.06 139388
dry 1e3 5 178 - 0.02 0.12 26056
aoDLAV 1e3 5 178 - 0.02 0.15 30424
aoULAV 1e3 5 178 - 0.03 0.14 30436
aoD2AG 1e3 5 178 - 0.03 0.15 30736
aoD2SG 1e3 5 178 - 0.03 0.15 30756
moore 1e3 5 178 - 0.04 2.72 59828
nbpm 1e3 5 178 - 0.12 4.85 129244
greedy 1e3 5 178 - 0.09 1.07 139388
dry 32e3 2 135 - 0.03 0.12 27296
aoDLAV 32e3 2 135 - 0.04 0.21 31436
aoULAV 32e3 2 135 - 0.02 0.23 32148
aoD2AG 32e3 2 135 - 0.04 0.25 35024
aoD2SG 32e3 2 135 - 0.03 0.27 34788
dry 1e3 5 81 - 0.02 0.12 26056
aoDLAV 1e3 5 81 - 0.03 0.14 30428
aoULAV 1e3 5 81 - 0.03 0.14 30436
aoD2AG 1e3 5 81 - 0.02 0.16 30756
aoD2SG 1e3 5 81 - 0.03 0.15 30776
moore 1e3 5 81 - 0.05 4.27 59888
nbpm 1e3 5 81 - 0.14 4.52 129248
greedy 1e3 5 81 - 0.10 1.05 139388
dry 1e2 2 73 - 0.02 0.12 25996
aoDLAV 1e2 2 73 - 0.03 0.14 30168
aoULAV 1e2 2 73 - 0.04 0.14 30180
aoD2AG 1e2 2 73 - 0.04 0.14 30336
aoD2SG 1e2 2 73 - 0.02 0.15 30344
moore 1e2 2 73 - 0.04 0.21 30492
nbpm 1e2 2 73 - 0.08 2.19 53008
greedy 1e2 2 73 - 0.02 0.16 30880
dry 1e2 10 201 - 0.03 0.11 26008
aoDLAV 1e2 10 201 - 0.03 0.14 30260
aoULAV 1e2 10 201 - 0.03 0.15 30272
aoD2AG 1e2 10 201 - 0.04 0.14 30440
aoD2SG 1e2 10 201 - 0.03 0.14 30448
moore 1e2 10 201 - 0.04 0.22 30500
nbpm 1e2 10 201 - 0.08 2.19 53076
greedy 1e2 10 201 - 0.02 0.16 30972
dry 375e2 2 205 - 0.03 0.12 27516
aoDLAV 375e2 2 205 - 0.03 0.24 31788
aoULAV 375e2 2 205 - 0.03 0.24 32600
aoD2AG 375e2 2 205 - 0.03 0.28 35516
aoD2SG 375e2 2 205 - 0.04 0.29 35528
dry 300e2 2 55 - 0.02 0.13 29160
aoDLAV 300e2 2 55 - 0.04 0.21 31296
aoULAV 300e2 2 55 - 0.03 0.22 31896
aoD2AG 300e2 2 55 - 0.04 0.26 35064
aoD2SG 300e2 2 55 - 0.04 0.26 34720
dry 225e2 2 216 - 0.03 0.12 26920
aoDLAV 225e2 2 216 - 0.02 0.20 30980
aoULAV 225e2 2 216 - 0.02 0.20 30992
aoD2AG 225e2 2 216 - 0.04 0.21 33368
aoD2SG 225e2 2 216 - 0.04 0.21 33464
dry 56e1 2 28 - 0.01 0.13 26008
aoDLAV 56e1 2 28 - 0.02 0.15 30224
aoULAV 56e1 2 28 - 0.02 0.15 30232
aoD2AG 56e1 2 28 - 0.02 0.15 30416
aoD2SG 56e1 2 28 - 0.03 0.14 30424
moore 56e1 2 28 - 0.03 1.65 39660
nbpm 56e1 2 28 - 0.09 2.98 78712
greedy 56e1 2 28 - 0.05 0.39 64104
dry 1e6 10 129 - 0.08 0.40 112232
aoDLAV 1e6 10 129 - 0.19 382.49 369884
aoULAV 1e6 10 129 - 0.29 352.42 369888
aoD2AG 1e6 10 129 - 0.69 500.46 447508
aoD2SG 1e6 10 129 - 0.43 420.47 456848
dry 5e4 2 179 - 0.02 0.12 28000
aoDLAV 5e4 2 179 - 0.03 0.28 33008
aoULAV 5e4 2 179 - 0.04 0.26 33312
aoD2AG 5e4 2 179 - 0.04 0.33 36408
aoD2SG 5e4 2 179 - 0.03 0.36 36424
dry 1e6 10 35 - 0.08 0.42 112232
aoDLAV 1e6 10 35 - 0.20 569.34 369888
aoULAV 1e6 10 35 - 0.32 364.69 369884
aoD2AG 1e6 10 35 - 0.40 378.04 446852
aoD2SG 1e6 10 35 - 0.39 542.25 457568
