dry 18e6 2 164 - 0.22 0.70 381780
aoDLAV 18e6 2 164 - 1.55 98.30 2690192
aoULAV 18e6 2 164 - 1.87 100.52 2690192
aoD2AG 18e6 2 164 - 3.12 141.16 3950248
aoD2SG 18e6 2 164 - 3.61 169.86 4094952
dry 32e6 2 78 - 0.37 1.10 655180
aoDLAV 32e6 2 78 - 2.63 176.60 4768324
aoULAV 32e6 2 78 - 3.40 190.42 4768328
aoD2AG 32e6 2 78 - 5.47 268.05 7006456
aoD2SG 32e6 2 78 - 6.46 318.89 7262472
dry 32e6 2 99 - 0.37 1.11 655176
aoDLAV 32e6 2 99 - 2.56 177.09 4768324
aoULAV 32e6 2 99 - 2.83 186.68 4768324
aoD2AG 32e6 2 99 - 6.32 263.73 7008536
aoD2SG 32e6 2 99 - 6.93 312.83 7264432
dry 56e2 2 244 - 0.02 0.13 26236
aoDLAV 56e2 2 244 - 0.03 0.16 30976
aoULAV 56e2 2 244 - 0.03 0.16 30988
aoD2AG 56e2 2 244 - 0.03 0.17 31980
aoD2SG 56e2 2 244 - 0.02 0.18 31120
moore 56e2 2 244 - 0.80 240.69 952720
nbpm 56e2 2 244 - 2.28 74.36 2388080
greedy 56e2 2 244 - 2.01 81.03 3460488
dry 50e2 2 170 - 0.02 0.13 26204
aoDLAV 50e2 2 170 - 0.03 0.15 30848
aoULAV 50e2 2 170 - 0.02 0.16 30860
aoD2AG 50e2 2 170 - 0.03 0.16 31776
aoD2SG 50e2 2 170 - 0.03 0.17 31836
moore 50e2 2 170 - 0.49 166.08 764648
nbpm 50e2 2 170 - 2.05 55.21 2011924
greedy 50e2 2 170 - 1.60 63.67 2764780
dry 5e7 2 147 - 0.59 1.62 1006736
aoDLAV 5e7 2 147 - 4.32 292.55 7440208
aoULAV 5e7 2 147 - 5.49 314.01 7440196
aoD2AG 5e7 2 147 - 9.87 452.31 10938540
aoD2SG 5e7 2 147 - 10.52 521.03 11335672
dry 32e6 2 5 - 1.04 1.07 655176
aoDLAV 32e6 2 5 - 2.95 176.76 4768324
aoULAV 32e6 2 5 - 3.05 196.37 4768324
aoD2AG 32e6 2 5 - 6.59 272.54 7008936
aoD2SG 32e6 2 5 - 7.17 317.18 7262912
dry 6e7 2 83 - 0.74 1.92 1202044
aoDLAV 6e7 2 83 - 5.23 352.49 8924560
aoULAV 6e7 2 83 - 6.40 374.90 8924560
aoD2AG 6e7 2 83 - 11.53 521.14 13121068
aoD2SG 6e7 2 83 - 12.35 652.97 13600296
dry 18e2 2 159 - 0.03 0.12 26048
aoDLAV 18e2 2 159 - 0.02 0.15 30372
aoULAV 18e2 2 159 - 0.02 0.15 30384
aoD2AG 18e2 2 159 - 0.03 0.14 30792
aoD2SG 18e2 2 159 - 0.03 0.15 30828
moore 18e2 2 159 - 0.07 12.43 125408
nbpm 18e2 2 159 - 0.19 7.31 334532
greedy 18e2 2 159 - 0.22 3.87 384352
dry 1e4 10 142 - 0.02 0.12 27688
aoDLAV 1e4 10 142 - 0.03 0.66 32768
aoULAV 1e4 10 142 - 0.04 0.66 32776
aoD2AG 1e4 10 142 - 0.02 0.69 32744
aoD2SG 1e4 10 142 - 0.02 0.78 34176
moore 1e4 10 142 - 1.16 1035.09 2963856
nbpm 1e4 10 142 - 7.48 747.74 7764384
greedy 1e4 10 142 - 6.41 280.54 10961108
dry 2e7 2 19 - 0.25 0.75 420796
aoDLAV 2e7 2 19 - 1.71 106.80 2987124
aoULAV 2e7 2 19 - 2.24 142.05 2987072
aoD2AG 2e7 2 19 - 3.53 184.30 4384636
aoD2SG 2e7 2 19 - 4.14 186.11 4546628
dry 7e7 2 93 - 1.02 2.29 1397356
aoDLAV 7e7 2 93 - 5.82 422.47 10408940
aoULAV 7e7 2 93 - 7.77 450.94 10408940
aoD2AG 7e7 2 93 - 13.93 652.73 15305588
aoD2SG 7e7 2 93 - 15.15 759.55 15862744
dry 7e7 2 10 - 0.78 2.22 1397356
aoDLAV 7e7 2 10 - 6.04 424.49 10408940
aoULAV 7e7 2 10 - 7.71 446.57 10408936
aoD2AG 7e7 2 10 - 14.25 639.58 15302332
aoD2SG 7e7 2 10 - 15.05 756.12 15860456
dry 4e7 2 28 - 0.49 1.36 811428
aoDLAV 4e7 2 28 - 3.32 249.28 5955816
aoULAV 4e7 2 28 - 4.24 249.39 5955816
aoD2AG 4e7 2 28 - 7.53 350.54 8753868
aoD2SG 4e7 2 28 - 8.23 414.54 9072488
dry 18e6 2 216 - 0.26 0.69 381736
aoDLAV 18e6 2 216 - 1.59 96.20 2690192
aoULAV 18e6 2 216 - 1.53 99.90 2690192
aoD2AG 18e6 2 216 - 3.03 141.45 3948632
aoD2SG 18e6 2 216 - 3.74 164.97 4092392
dry 56e6 2 69 - 0.69 1.78 1123924
aoDLAV 56e6 2 69 - 4.83 327.40 8330820
aoULAV 56e6 2 69 - 6.23 367.40 8330816
aoD2AG 56e6 2 69 - 10.94 510.99 12246744
aoD2SG 56e6 2 69 - 11.53 586.48 12695244
dry 4e7 2 46 - 0.45 1.34 811424
aoDLAV 4e7 2 46 - 3.34 232.10 5955816
aoULAV 4e7 2 46 - 4.36 249.33 5955816
aoD2AG 4e7 2 46 - 8.07 351.22 8753612
aoD2SG 4e7 2 46 - 8.30 400.97 9072684
dry 56e2 2 156 - 0.02 0.12 26236
aoDLAV 56e2 2 156 - 0.03 0.15 30980
aoULAV 56e2 2 156 - 0.04 0.14 30992
aoD2AG 56e2 2 156 - 0.03 0.17 31976
aoD2SG 56e2 2 156 - 0.03 0.17 31120
moore 56e2 2 156 - 0.70 239.30 952724
nbpm 56e2 2 156 - 2.38 70.65 2388088
greedy 56e2 2 156 - 2.09 80.96 3460492
dry 4e7 2 240 - 0.46 1.33 811424
aoDLAV 4e7 2 240 - 3.30 231.82 5955816
aoULAV 4e7 2 240 - 4.47 249.69 5955816
aoD2AG 4e7 2 240 - 7.46 342.88 8754736
aoD2SG 4e7 2 240 - 8.13 418.97 9072592
dry 56e6 2 228 - 0.66 1.79 1123940
aoDLAV 56e6 2 228 - 4.59 342.24 8330820
aoULAV 56e6 2 228 - 6.00 359.39 8330848
aoD2AG 56e6 2 228 - 10.91 507.18 12245148
aoD2SG 56e6 2 228 - 11.60 743.68 12692468
dry 4e7 2 113 - 0.44 1.32 811424
aoDLAV 4e7 2 113 - 3.54 233.74 5955816
aoULAV 4e7 2 113 - 4.67 314.74 5955816
aoD2AG 4e7 2 113 - 8.13 397.16 8756360
aoD2SG 4e7 2 113 - 8.31 407.93 9074032
dry 1e4 10 107 - 0.02 0.13 29652
aoDLAV 1e4 10 107 - 0.03 0.74 32764
aoULAV 1e4 10 107 - 0.03 0.74 32776
aoD2AG 1e4 10 107 - 0.02 0.72 32744
aoD2SG 1e4 10 107 - 0.04 0.78 34176
moore 1e4 10 107 - 1.10 1290.28 2963852
nbpm 1e4 10 107 - 7.42 758.13 7764380
greedy 1e4 10 107 - 6.61 277.48 10961108
dry 3e7 2 188 - 0.41 1.06 616104
aoDLAV 3e7 2 188 - 2.55 169.71 4471428
aoULAV 3e7 2 188 - 3.29 190.03 4471428
aoD2AG 3e7 2 188 - 5.90 259.21 6569424
aoD2SG 3e7 2 188 - 6.49 303.26 6807336
dry 1e4 2 220 - 0.02 0.12 26432
aoDLAV 1e4 2 220 - 0.03 0.17 31864
aoULAV 1e4 2 220 - 0.03 0.17 31876
aoD2AG 1e4 2 220 - 0.03 0.18 31880
aoD2SG 1e4 2 220 - 0.03 0.18 31984
moore 1e4 2 220 - 1.31 1236.04 2960580
nbpm 1e4 2 220 - 7.45 359.11 7889424
greedy 1e4 2 220 - 6.42 277.00 10968572
dry 1e4 5 142 - 0.03 0.12 26904
aoDLAV 1e4 5 142 - 0.03 0.22 31084
aoULAV 1e4 5 142 - 0.03 0.21 31096
aoD2AG 1e4 5 142 - 0.03 0.23 32112
aoD2SG 1e4 5 142 - 0.03 0.24 32108
moore 1e4 5 142 - 1.15 1164.86 2961740
nbpm 1e4 5 142 - 7.11 622.64 7811448
greedy 1e4 5 142 - 7.10 297.44 10959172
dry 56e6 2 173 - 0.78 1.81 1123928
aoDLAV 56e6 2 173 - 4.76 338.34 8330816
aoULAV 56e6 2 173 - 5.80 353.01 8330820
aoD2AG 56e6 2 173 - 11.08 498.81 12245364
aoD2SG 56e6 2 173 - 11.83 596.50 12693856
dry 50e2 2 55 - 0.02 0.12 26208
aoDLAV 50e2 2 55 - 0.03 0.15 30848
aoULAV 50e2 2 55 - 0.03 0.15 30860
aoD2AG 50e2 2 55 - 0.03 0.15 31788
aoD2SG 50e2 2 55 - 0.03 0.17 31868
moore 50e2 2 55 - 0.32 114.22 762972
nbpm 50e2 2 55 - 1.95 55.63 2011916
greedy 50e2 2 55 - 1.59 62.35 2764780
dry 18e2 2 40 - 0.02 0.13 27956
aoDLAV 18e2 2 40 - 0.03 0.14 30372
aoULAV 18e2 2 40 - 0.02 0.15 30384
aoD2AG 18e2 2 40 - 0.03 0.15 30792
aoD2SG 18e2 2 40 - 0.02 0.15 30824
moore 18e2 2 40 - 0.08 14.37 125412
nbpm 18e2 2 40 - 0.18 7.61 334528
greedy 18e2 2 40 - 0.23 3.68 384352
dry 3e7 2 244 - 0.34 1.04 616104
aoDLAV 3e7 2 244 - 2.53 183.75 4471452
aoULAV 3e7 2 244 - 3.33 181.51 4471428
aoD2AG 3e7 2 244 - 5.49 251.45 6572008
aoD2SG 3e7 2 244 - 6.43 360.28 6809408
dry 6e7 2 13 - 0.70 1.89 1202044
aoDLAV 6e7 2 13 - 5.06 351.31 8924560
aoULAV 6e7 2 13 - 6.80 383.73 8924560
aoD2AG 6e7 2 13 - 11.70 549.59 13121388
aoD2SG 6e7 2 13 - 12.51 630.72 13600300
dry 32e2 2 74 - 0.03 0.11 26112
aoDLAV 32e2 2 74 - 0.03 0.14 30544
aoULAV 32e2 2 74 - 0.02 0.16 30552
aoD2AG 32e2 2 74 - 0.03 0.16 31204
aoD2SG 32e2 2 74 - 0.04 0.15 31252
moore 32e2 2 74 - 0.25 59.40 330512
nbpm 32e2 2 74 - 0.86 18.89 854752
greedy 32e2 2 74 - 0.71 24.98 1150164
dry 18e2 2 102 - 0.02 0.12 26052
aoDLAV 18e2 2 102 - 0.04 0.14 30372
aoULAV 18e2 2 102 - 0.03 0.15 30388
aoD2AG 18e2 2 102 - 0.03 0.15 30796
aoD2SG 18e2 2 102 - 0.03 0.15 30832
moore 18e2 2 102 - 0.06 11.74 125416
nbpm 18e2 2 102 - 0.21 7.46 334664
greedy 18e2 2 102 - 0.22 4.37 384356
dry 5e7 2 114 - 0.55 1.62 1006740
aoDLAV 5e7 2 114 - 4.21 295.99 7440192
aoULAV 5e7 2 114 - 5.62 314.81 7440192
aoD2AG 5e7 2 114 - 9.83 441.94 10937396
aoD2SG 5e7 2 114 - 10.81 513.22 11338176
dry 18e2 2 146 - 0.03 0.12 26048
aoDLAV 18e2 2 146 - 0.03 0.15 30372
aoULAV 18e2 2 146 - 0.03 0.15 30384
aoD2AG 18e2 2 146 - 0.03 0.15 30788
aoD2SG 18e2 2 146 - 0.02 0.16 30828
moore 18e2 2 146 - 0.06 5.54 125440
nbpm 18e2 2 146 - 0.20 7.88 334528
greedy 18e2 2 146 - 0.27 5.50 384352
dry 4e7 2 248 - 0.52 1.35 811428
aoDLAV 4e7 2 248 - 3.28 234.03 5955820
aoULAV 4e7 2 248 - 4.26 246.59 5955816
aoD2AG 4e7 2 248 - 7.05 345.19 8754728
aoD2SG 4e7 2 248 - 8.15 415.04 9073216
dry 6e7 2 148 - 0.66 1.91 1202048
aoDLAV 6e7 2 148 - 5.09 366.34 8924560
aoULAV 6e7 2 148 - 6.67 394.49 8924560
aoD2AG 6e7 2 148 - 11.82 540.49 13121248
aoD2SG 6e7 2 148 - 12.34 785.53 13601084
dry 1e4 5 151 - 0.02 0.12 26900
aoDLAV 1e4 5 151 - 0.03 0.21 31088
aoULAV 1e4 5 151 - 0.02 0.23 31096
aoD2AG 1e4 5 151 - 0.03 0.22 32108
aoD2SG 1e4 5 151 - 0.03 0.23 32108
moore 1e4 5 151 - 1.12 1145.03 2961736
nbpm 1e4 5 151 - 7.50 670.67 7811464
greedy 1e4 5 151 - 7.15 301.77 10959172
dry 3e7 2 150 - 0.35 1.05 616104
aoDLAV 3e7 2 150 - 2.67 170.56 4471428
aoULAV 3e7 2 150 - 3.44 182.35 4471428
aoD2AG 3e7 2 150 - 6.01 250.84 6569908
aoD2SG 3e7 2 150 - 5.75 289.79 6808520
dry 2e7 2 119 - 0.25 0.75 420796
aoDLAV 2e7 2 119 - 1.70 104.94 2987068
aoULAV 2e7 2 119 - 2.15 114.28 2987068
aoD2AG 2e7 2 119 - 3.60 169.02 4387264
aoD2SG 2e7 2 119 - 4.44 193.53 4545608
dry 6e7 2 118 - 0.74 1.94 1202044
aoDLAV 6e7 2 118 - 5.00 416.61 8924560
aoULAV 6e7 2 118 - 6.60 384.75 8924560
aoD2AG 6e7 2 118 - 11.88 552.90 13118680
aoD2SG 6e7 2 118 - 12.44 668.10 13597212
dry 50e2 2 52 - 0.03 0.12 26204
aoDLAV 50e2 2 52 - 0.04 0.14 30848
aoULAV 50e2 2 52 - 0.03 0.16 30860
aoD2AG 50e2 2 52 - 0.03 0.17 31784
aoD2SG 50e2 2 52 - 0.03 0.17 31860
moore 50e2 2 52 - 0.43 146.87 764628
nbpm 50e2 2 52 - 2.13 56.86 2011916
greedy 50e2 2 52 - 1.78 63.31 2764780
dry 32e6 2 116 - 0.40 1.13 655176
aoDLAV 32e6 2 116 - 2.64 181.83 4768324
aoULAV 32e6 2 116 - 3.50 196.92 4768324
aoD2AG 32e6 2 116 - 6.57 273.99 7009184
aoD2SG 32e6 2 116 - 7.23 399.14 7262148
dry 4e7 2 133 - 0.59 1.37 811424
aoDLAV 4e7 2 133 - 3.54 224.37 5955816
aoULAV 4e7 2 133 - 4.32 246.03 5955864
aoD2AG 4e7 2 133 - 8.10 347.93 8755968
aoD2SG 4e7 2 133 - 8.27 403.29 9072704
dry 5e7 2 200 - 0.56 1.59 1006736
aoDLAV 5e7 2 200 - 4.25 290.43 7440192
aoULAV 5e7 2 200 - 5.42 312.35 7440196
aoD2AG 5e7 2 200 - 9.84 441.78 10938256
aoD2SG 5e7 2 200 - 10.40 499.46 11336688
dry 56e2 2 217 - 0.03 0.12 26240
aoDLAV 56e2 2 217 - 0.03 0.15 30976
aoULAV 56e2 2 217 - 0.03 0.15 30992
aoD2AG 56e2 2 217 - 0.03 0.17 31992
aoD2SG 56e2 2 217 - 0.03 0.16 31124
moore 56e2 2 217 - 0.70 217.84 952724
nbpm 56e2 2 217 - 2.39 78.02 2388088
greedy 56e2 2 217 - 2.03 76.35 3460492
dry 25e2 2 77 - 0.03 0.12 27956
aoDLAV 25e2 2 77 - 0.02 0.16 30452
aoULAV 25e2 2 77 - 0.02 0.16 30468
aoD2AG 25e2 2 77 - 0.02 0.16 30992
aoD2SG 25e2 2 77 - 0.03 0.15 31040
moore 25e2 2 77 - 0.10 29.68 213608
nbpm 25e2 2 77 - 0.53 14.63 541644
greedy 25e2 2 77 - 0.44 10.61 713660
dry 18e6 2 7 - 0.22 0.70 381736
aoDLAV 18e6 2 7 - 1.50 92.36 2690192
aoULAV 18e6 2 7 - 1.71 104.08 2690192
aoD2AG 18e6 2 7 - 3.71 145.99 3949996
aoD2SG 18e6 2 7 - 3.42 165.69 4094888
dry 32e2 2 4 - 0.03 0.12 26116
aoDLAV 32e2 2 4 - 0.03 0.15 30544
aoULAV 32e2 2 4 - 0.03 0.15 30548
aoD2AG 32e2 2 4 - 0.03 0.15 31204
aoD2SG 32e2 2 4 - 0.03 0.16 31260
moore 32e2 2 4 - 0.19 46.26 330520
nbpm 32e2 2 4 - 0.98 19.59 854760
greedy 32e2 2 4 - 0.70 23.17 1150164
dry 3e7 2 247 - 0.34 1.05 616104
aoDLAV 3e7 2 247 - 2.49 165.63 4471428
aoULAV 3e7 2 247 - 3.27 171.48 4471428
aoD2AG 3e7 2 247 - 5.22 248.46 6569712
aoD2SG 3e7 2 247 - 6.41 287.14 6807172
dry 25e2 2 160 - 0.03 0.11 26080
aoDLAV 25e2 2 160 - 0.02 0.16 30456
aoULAV 25e2 2 160 - 0.03 0.15 30464
aoD2AG 25e2 2 160 - 0.02 0.16 30996
aoD2SG 25e2 2 160 - 0.03 0.16 31044
moore 25e2 2 160 - 0.09 16.99 213624
nbpm 25e2 2 160 - 0.56 12.70 541636
greedy 25e2 2 160 - 0.45 10.72 713664
dry 18e2 2 165 - 0.02 0.12 26048
aoDLAV 18e2 2 165 - 0.03 0.14 30372
aoULAV 18e2 2 165 - 0.03 0.15 30384
aoD2AG 18e2 2 165 - 0.02 0.16 30780
aoD2SG 18e2 2 165 - 0.03 0.15 30832
moore 18e2 2 165 - 0.06 12.25 125408
nbpm 18e2 2 165 - 0.19 8.09 334524
greedy 18e2 2 165 - 0.26 4.84 384348
dry 2e7 2 245 - 0.27 0.75 420800
aoDLAV 2e7 2 245 - 1.75 111.13 2987068
aoULAV 2e7 2 245 - 2.17 115.77 2987068
aoD2AG 2e7 2 245 - 3.62 163.59 4387536
aoD2SG 2e7 2 245 - 4.35 206.90 4547760
dry 1e4 10 66 - 0.03 0.12 27688
aoDLAV 1e4 10 66 - 0.03 0.68 32764
aoULAV 1e4 10 66 - 0.02 0.68 32776
aoD2AG 1e4 10 66 - 0.04 0.69 32744
aoD2SG 1e4 10 66 - 0.02 0.78 34176
moore 1e4 10 66 - 1.17 915.77 2963856
nbpm 1e4 10 66 - 7.38 678.10 7764384
greedy 1e4 10 66 - 6.71 266.20 10961108
dry 2e7 2 26 - 0.27 0.77 420796
aoDLAV 2e7 2 26 - 1.77 114.43 2987068
aoULAV 2e7 2 26 - 1.81 121.72 2987084
aoD2AG 2e7 2 26 - 3.61 165.93 4388436
aoD2SG 2e7 2 26 - 4.66 202.31 4548336
dry 7e7 2 125 - 0.78 2.23 1397356
aoDLAV 7e7 2 125 - 6.03 434.47 10408936
aoULAV 7e7 2 125 - 7.55 463.39 10408940
aoD2AG 7e7 2 125 - 13.96 645.78 15305136
aoD2SG 7e7 2 125 - 14.90 970.31 15863200
dry 6e7 2 18 - 0.66 1.89 1202044
aoDLAV 6e7 2 18 - 5.15 367.28 8924560
aoULAV 6e7 2 18 - 6.60 391.47 8924560
aoD2AG 6e7 2 18 - 12.03 535.08 13120552
aoD2SG 6e7 2 18 - 12.19 633.58 13599232
