dry 150e2 2 144 - 0.03 0.11 28436
aoDLAV 150e2 2 144 - 0.03 0.17 30828
aoULAV 150e2 2 144 - 0.02 0.18 30824
aoD2AG 150e2 2 144 - 0.04 0.18 31608
aoD2SG 150e2 2 144 - 0.03 0.19 31608
moore 150e2 2 144 - 2.21 3786.68 6629348
nbpm 150e2 2 144 - 14.43 1116.34 16814168
greedy 150e2 2 144 - 14.73 713.95 24630024
dry 2e4 2 67 - 0.02 0.13 30532
aoDLAV 2e4 2 67 - 0.04 0.21 30808
aoULAV 2e4 2 67 - 0.04 0.21 30808
aoD2AG 2e4 2 67 - 0.02 0.25 32292
aoD2SG 2e4 2 67 - 0.03 0.25 32292
moore 2e4 2 67 - 3.51 7820.90 11765552
nbpm 2e4 2 67 - 28.54 2585.83 31402196
greedy 2e4 2 67 - 24.63 1218.33 43771040
dry 2e4 10 105 - 0.03 0.12 29384
aoDLAV 2e4 10 105 - 0.03 1.77 34836
aoULAV 2e4 10 105 - 0.03 1.71 34848
aoD2AG 2e4 10 105 - 0.04 1.86 36080
aoD2SG 2e4 10 105 - 0.03 2.06 36080
moore 2e4 10 105 - 3.48 7174.85 11770836
nbpm 2e4 10 105 - 28.70 5329.77 30880080
greedy 2e4 10 105 - 24.54 1280.77 43775820
dry 8e7 2 3 - 0.87 2.43 1592676
aoDLAV 8e7 2 3 - 6.17 452.87 11893328
aoULAV 8e7 2 3 - 8.03 481.77 11893324
aoD2AG 8e7 2 3 - 15.67 699.19 17489040
aoD2SG 8e7 2 3 - 16.07 819.92 18127692
dry 1e8 2 63 - 1.34 3.04 1983296
aoDLAV 1e8 2 63 - 7.93 581.42 14862072
aoULAV 1e8 2 63 - 10.92 637.20 14862068
aoD2AG 1e8 2 63 - 18.80 1139.38 21854052
aoD2SG 1e8 2 63 - 20.00 1218.91 22652580
dry 1e8 2 243 - 1.07 2.99 1983296
aoDLAV 1e8 2 243 - 8.38 730.31 14862068
aoULAV 1e8 2 243 - 10.00 607.18 14862072
aoD2AG 1e8 2 243 - 18.49 851.80 21852928
aoD2SG 1e8 2 243 - 19.20 1014.09 22652888
dry 2e4 5 218 - 0.03 0.12 29428
aoDLAV 2e4 5 218 - 0.03 0.29 32816
aoULAV 2e4 5 218 - 0.03 0.29 32768
aoD2AG 2e4 5 218 - 0.04 0.34 33344
aoD2SG 2e4 5 218 - 0.05 0.36 32860
moore 2e4 5 218 - 3.49 6921.61 11768080
nbpm 2e4 5 218 - 29.21 4841.57 34200504
greedy 2e4 5 218 - 24.61 1316.55 43774008
dry 2e4 10 155 - 0.02 0.12 31816
aoDLAV 2e4 10 155 - 0.04 1.60 34836
aoULAV 2e4 10 155 - 0.03 1.61 34848
aoD2AG 2e4 10 155 - 0.03 1.73 36076
aoD2SG 2e4 10 155 - 0.04 1.85 36076
moore 2e4 10 155 - 3.36 6789.82 11770840
nbpm 2e4 10 155 - 28.77 5455.53 30880036
greedy 2e4 10 155 - 24.62 1219.10 43775828
dry 175e2 2 171 - 0.03 0.11 26732
aoDLAV 175e2 2 171 - 0.03 0.18 30720
aoULAV 175e2 2 171 - 0.03 0.18 30716
aoD2AG 175e2 2 171 - 0.03 0.20 31760
aoD2SG 175e2 2 171 - 0.03 0.20 31760
moore 175e2 2 171 - 2.67 5141.64 9014032
nbpm 175e2 2 171 - 21.26 2922.64 22863144
greedy 175e2 2 171 - 18.37 907.08 33516976
dry 2e4 10 10 - 0.02 0.12 29364
aoDLAV 2e4 10 10 - 0.03 1.73 34840
aoULAV 2e4 10 10 - 0.04 1.67 34852
aoD2AG 2e4 10 10 - 0.04 1.75 36080
aoD2SG 2e4 10 10 - 0.04 1.95 36080
moore 2e4 10 10 - 3.39 7007.64 11770840
nbpm 2e4 10 10 - 28.42 5788.85 30880036
greedy 2e4 10 10 - 26.85 1352.10 43775824
dry 175e2 2 185 - 0.02 0.13 26732
aoDLAV 175e2 2 185 - 0.04 0.18 30716
aoULAV 175e2 2 185 - 0.04 0.18 30720
aoD2AG 175e2 2 185 - 0.04 0.20 31756
aoD2SG 175e2 2 185 - 0.03 0.21 31756
moore 175e2 2 185 - 2.81 4819.31 9014032
nbpm 175e2 2 185 - 21.11 1862.83 22863144
greedy 175e2 2 185 - 19.01 929.99 33517016
dry 1e8 2 19 - 1.04 3.02 1983296
aoDLAV 1e8 2 19 - 7.91 606.06 14862068
aoULAV 1e8 2 19 - 10.28 654.27 14862068
aoD2AG 1e8 2 19 - 19.23 882.15 21854584
aoD2SG 1e8 2 19 - 19.35 1032.95 22647640
dry 150e2 2 16 - 0.02 0.12 26628
aoDLAV 150e2 2 16 - 0.02 0.18 30832
aoULAV 150e2 2 16 - 0.03 0.18 30824
aoD2AG 150e2 2 16 - 0.03 0.19 31612
aoD2SG 150e2 2 16 - 0.03 0.19 31608
moore 150e2 2 16 - 2.06 2524.04 6629344
nbpm 150e2 2 16 - 14.56 1149.41 16814168
greedy 150e2 2 16 - 14.15 704.56 24630024
dry 2e4 2 87 - 0.02 0.12 26828
aoDLAV 2e4 2 87 - 0.04 0.18 30812
aoULAV 2e4 2 87 - 0.02 0.20 30808
aoD2AG 2e4 2 87 - 0.04 0.20 32288
aoD2SG 2e4 2 87 - 0.04 0.20 32292
moore 2e4 2 87 - 4.86 7439.92 11765576
nbpm 2e4 2 87 - 33.56 2766.54 31402188
greedy 2e4 2 87 - 23.56 1163.91 43771044
dry 1e8 2 83 - 1.02 2.99 1983296
aoDLAV 1e8 2 83 - 7.96 573.49 14862068
aoULAV 1e8 2 83 - 10.62 603.31 14862068
aoD2AG 1e8 2 83 - 19.11 858.22 21855372
aoD2SG 1e8 2 83 - 20.04 1035.83 22653872
dry 125e2 2 50 - 0.03 0.11 26532
aoDLAV 125e2 2 50 - 0.03 0.18 30708
aoULAV 125e2 2 50 - 0.04 0.17 30708
aoD2AG 125e2 2 50 - 0.04 0.18 31400
aoD2SG 125e2 2 50 - 0.04 0.19 31376
moore 125e2 2 50 - 2.05 2294.67 4611540
nbpm 125e2 2 50 - 11.46 784.66 12302320
greedy 125e2 2 50 - 9.66 439.54 17109964
dry 1e8 5 118 - 2.25 6.19 4327052
aoDLAV 1e8 5 118 - 11.02 2584.62 23065208
aoULAV 1e8 5 118 - 17.83 3418.79 23065204
aoD2AG 1e8 5 118 - 24.79 2926.73 30454972
aoD2SG 1e8 5 118 - 26.61 3483.06 31311832
dry 175e2 2 96 - 0.04 0.11 26732
aoDLAV 175e2 2 96 - 0.04 0.18 30716
aoULAV 175e2 2 96 - 0.02 0.19 30720
aoD2AG 175e2 2 96 - 0.04 0.19 31756
aoD2SG 175e2 2 96 - 0.03 0.21 31760
moore 175e2 2 96 - 2.64 4692.11 9014024
nbpm 175e2 2 96 - 21.15 1831.62 22863136
greedy 175e2 2 96 - 18.88 970.43 33516980
dry 1e8 5 129 - 2.77 6.25 4327052
aoDLAV 1e8 5 129 - 11.30 2598.34 23065208
aoULAV 1e8 5 129 - 16.64 2618.28 23065204
aoD2AG 1e8 5 129 - 26.50 3693.80 30454300
aoD2SG 1e8 5 129 - 26.34 3457.07 31310488
dry 2e4 5 21 - 0.04 0.11 27780
aoDLAV 2e4 5 21 - 0.04 0.28 32756
aoULAV 2e4 5 21 - 0.03 0.29 32768
aoD2AG 2e4 5 21 - 0.04 0.31 33344
aoD2SG 2e4 5 21 - 0.03 0.33 32860
moore 2e4 5 21 - 3.45 6439.79 11768084
nbpm 2e4 5 21 - 29.03 4866.76 34200496
greedy 2e4 5 21 - 23.55 1276.70 43774000
dry 1e8 5 210 - 2.20 6.20 4327056
aoDLAV 1e8 5 210 - 10.84 2598.52 23065204
aoULAV 1e8 5 210 - 16.42 2716.18 23065204
aoD2AG 1e8 5 210 - 26.50 3027.45 30454980
aoD2SG 1e8 5 210 - 27.77 3681.34 31306224
dry 9e7 2 42 - 0.93 2.77 1787996
aoDLAV 9e7 2 42 - 7.14 523.89 13377688
aoULAV 9e7 2 42 - 9.12 557.52 13377688
aoD2AG 9e7 2 42 - 17.45 803.32 19671004
aoD2SG 9e7 2 42 - 19.09 1090.59 20389584
dry 2e4 10 220 - 0.03 0.12 31120
aoDLAV 2e4 10 220 - 0.03 1.75 34836
aoULAV 2e4 10 220 - 0.03 1.85 34848
aoD2AG 2e4 10 220 - 0.04 1.80 36076
aoD2SG 2e4 10 220 - 0.04 2.16 36080
moore 2e4 10 220 - 3.40 7787.55 11770836
nbpm 2e4 10 220 - 29.04 6402.23 30880144
greedy 2e4 10 220 - 23.91 1286.17 43775856
dry 150e2 2 119 - 0.02 0.12 26628
aoDLAV 150e2 2 119 - 0.03 0.17 30824
aoULAV 150e2 2 119 - 0.03 0.18 30824
aoD2AG 150e2 2 119 - 0.03 0.19 31608
aoD2SG 150e2 2 119 - 0.03 0.19 31608
moore 150e2 2 119 - 2.24 3692.45 6629352
nbpm 150e2 2 119 - 14.41 1122.27 16814176
greedy 150e2 2 119 - 14.05 690.86 24630024
dry 9e7 2 55 - 0.97 2.71 1787984
aoDLAV 9e7 2 55 - 7.32 533.73 13377684
aoULAV 9e7 2 55 - 9.70 555.81 13377684
aoD2AG 9e7 2 55 - 16.92 784.45 19672848
aoD2SG 9e7 2 55 - 17.47 960.91 20389572
dry 18e3 2 142 - 0.02 0.12 26748
aoDLAV 18e3 2 142 - 0.03 0.18 30740
aoULAV 18e3 2 142 - 0.02 0.19 30744
aoD2AG 18e3 2 142 - 0.02 0.21 31804
aoD2SG 18e3 2 142 - 0.03 0.21 31816
moore 18e3 2 142 - 2.86 4828.36 9534980
nbpm 18e3 2 142 - 23.96 2199.16 25451052
greedy 18e3 2 142 - 19.49 1093.43 35458364
dry 8e7 2 194 - 0.90 2.49 1592676
aoDLAV 8e7 2 194 - 6.86 473.58 11893324
aoULAV 8e7 2 194 - 8.58 506.66 11893324
aoD2AG 8e7 2 194 - 15.40 723.02 17491436
aoD2SG 8e7 2 194 - 15.82 805.17 18126228
dry 2e4 2 163 - 0.02 0.12 26832
aoDLAV 2e4 2 163 - 0.02 0.19 30808
aoULAV 2e4 2 163 - 0.02 0.19 30812
aoD2AG 2e4 2 163 - 0.03 0.20 32288
aoD2SG 2e4 2 163 - 0.03 0.21 32292
moore 2e4 2 163 - 3.54 6309.44 11765544
nbpm 2e4 2 163 - 29.07 2657.43 31402188
greedy 2e4 2 163 - 24.58 1260.48 43771040
dry 9e7 2 56 - 0.99 2.76 1787984
aoDLAV 9e7 2 56 - 7.37 524.93 13377684
aoULAV 9e7 2 56 - 9.20 558.44 13377684
aoD2AG 9e7 2 56 - 16.95 779.84 19672072
aoD2SG 9e7 2 56 - 17.92 922.08 20388388
dry 150e2 2 90 - 0.03 0.11 28408
aoDLAV 150e2 2 90 - 0.03 0.19 30824
aoULAV 150e2 2 90 - 0.02 0.19 30824
aoD2AG 150e2 2 90 - 0.03 0.19 31612
aoD2SG 150e2 2 90 - 0.03 0.19 31608
moore 150e2 2 90 - 2.13 2981.61 6629344
nbpm 150e2 2 90 - 14.96 1110.74 16814168
greedy 150e2 2 90 - 13.85 688.24 24630024
dry 2e4 10 22 - 0.03 0.12 29364
aoDLAV 2e4 10 22 - 0.03 1.70 34860
aoULAV 2e4 10 22 - 0.03 1.85 34852
aoD2AG 2e4 10 22 - 0.03 1.75 36076
aoD2SG 2e4 10 22 - 0.05 1.99 36076
moore 2e4 10 22 - 3.36 6363.84 11770832
nbpm 2e4 10 22 - 29.58 5498.80 30880036
greedy 2e4 10 22 - 24.26 1350.42 43775820
dry 8e7 2 144 - 0.85 2.46 1592696
aoDLAV 8e7 2 144 - 6.32 461.39 11893324
aoULAV 8e7 2 144 - 8.26 487.24 11893324
aoD2AG 8e7 2 144 - 15.03 696.50 17485784
aoD2SG 8e7 2 144 - 15.86 833.01 18124860
dry 1e8 2 70 - 1.12 3.03 1983300
aoDLAV 1e8 2 70 - 7.90 582.23 14862068
aoULAV 1e8 2 70 - 10.69 632.68 14862068
aoD2AG 1e8 2 70 - 19.08 915.94 21856668
aoD2SG 1e8 2 70 - 19.85 1049.82 22652264
dry 125e2 2 79 - 0.03 0.11 27952
aoDLAV 125e2 2 79 - 0.03 0.17 30712
aoULAV 125e2 2 79 - 0.03 0.17 30708
aoD2AG 125e2 2 79 - 0.03 0.19 31376
aoD2SG 125e2 2 79 - 0.03 0.19 31376
moore 125e2 2 79 - 1.59 1803.40 4611544
nbpm 125e2 2 79 - 11.36 673.25 12302320
