dry 25e2 2 34 - 0.03 0.13 26080
aoDLAV 25e2 2 34 - 0.03 0.16 30452
aoULAV 25e2 2 34 - 0.03 0.16 30464
aoD2AG 25e2 2 34 - 0.03 0.16 30988
aoD2SG 25e2 2 34 - 0.03 0.16 31020
moore 25e2 2 34 - 0.11 36.97 213604
nbpm 25e2 2 34 - 0.60 12.81 541648
greedy 25e2 2 34 - 0.43 10.70 713664
dry 56e6 2 172 - 0.62 1.79 1123924
aoDLAV 56e6 2 172 - 4.54 329.02 8330816
aoULAV 56e6 2 172 - 5.97 346.87 8330816
aoD2AG 56e6 2 172 - 10.06 488.12 12247036
aoD2SG 56e6 2 172 - 11.38 590.07 12693076
dry 56e6 2 201 - 0.62 1.79 1123928
aoDLAV 56e6 2 201 - 4.84 332.90 8330816
aoULAV 56e6 2 201 - 6.21 359.84 8330820
aoD2AG 56e6 2 201 - 11.08 509.44 12246908
aoD2SG 56e6 2 201 - 11.98 600.65 12696100
dry 4e7 2 6 - 0.49 1.34 811424
aoDLAV 4e7 2 6 - 3.47 237.85 5955816
aoULAV 4e7 2 6 - 4.60 248.56 5955816
aoD2AG 4e7 2 6 - 7.72 340.23 8756132
aoD2SG 4e7 2 6 - 8.67 419.78 9075624
dry 2e7 2 122 - 0.27 0.74 420796
aoDLAV 2e7 2 122 - 1.74 107.97 2987068
aoULAV 2e7 2 122 - 1.89 114.50 2987068
aoD2AG 2e7 2 122 - 4.13 160.56 4388208
aoD2SG 2e7 2 122 - 3.85 182.67 4545948
dry 50e2 2 174 - 0.02 0.13 26204
aoDLAV 50e2 2 174 - 0.03 0.16 30852
aoULAV 50e2 2 174 - 0.03 0.15 30860
aoD2AG 50e2 2 174 - 0.03 0.16 31788
aoD2SG 50e2 2 174 - 0.03 0.17 31880
moore 50e2 2 174 - 0.65 192.13 764620
nbpm 50e2 2 174 - 2.10 69.19 2011920
greedy 50e2 2 174 - 1.72 63.31 2764780
dry 6e7 2 55 - 0.67 1.89 1202044
aoDLAV 6e7 2 55 - 5.11 363.83 8924560
aoULAV 6e7 2 55 - 6.73 405.45 8924560
aoD2AG 6e7 2 55 - 11.73 534.54 13120540
aoD2SG 6e7 2 55 - 12.88 643.83 13602092
dry 4e7 2 236 - 0.45 1.33 811424
aoDLAV 4e7 2 236 - 3.33 229.11 5955816
aoULAV 4e7 2 236 - 4.47 246.55 5955816
aoD2AG 4e7 2 236 - 7.45 352.17 8753096
aoD2SG 4e7 2 236 - 8.70 413.98 9073348
dry 32e2 2 151 - 0.03 0.12 26116
aoDLAV 32e2 2 151 - 0.03 0.15 30540
aoULAV 32e2 2 151 - 0.04 0.15 30556
aoD2AG 32e2 2 151 - 0.03 0.16 31204
aoD2SG 32e2 2 151 - 0.03 0.16 31268
moore 32e2 2 151 - 0.18 47.94 330564
nbpm 32e2 2 151 - 0.92 23.17 854756
greedy 32e2 2 151 - 0.83 26.04 1150164
dry 3e7 2 220 - 0.38 1.07 616104
aoDLAV 3e7 2 220 - 2.68 167.81 4471428
aoULAV 3e7 2 220 - 3.47 178.37 4471432
aoD2AG 3e7 2 220 - 6.58 262.31 6571360
aoD2SG 3e7 2 220 - 6.39 344.46 6810040
dry 1e4 5 210 - 0.03 0.12 26900
aoDLAV 1e4 5 210 - 0.03 0.21 31084
aoULAV 1e4 5 210 - 0.03 0.22 31096
aoD2AG 1e4 5 210 - 0.05 0.21 32112
aoD2SG 1e4 5 210 - 0.04 0.23 32112
moore 1e4 5 210 - 1.13 1042.70 2961732
nbpm 1e4 5 210 - 7.40 620.33 7811460
greedy 1e4 5 210 - 6.57 309.51 10959172
dry 4e7 2 182 - 0.51 1.35 811424
aoDLAV 4e7 2 182 - 3.68 280.56 5955820
aoULAV 4e7 2 182 - 4.70 245.31 5955816
aoD2AG 4e7 2 182 - 7.96 364.25 8753540
aoD2SG 4e7 2 182 - 8.48 400.24 9073288
dry 3e7 2 112 - 0.35 1.04 616104
aoDLAV 3e7 2 112 - 2.63 171.34 4471432
aoULAV 3e7 2 112 - 2.83 174.22 4471432
aoD2AG 3e7 2 112 - 6.17 252.69 6572000
aoD2SG 3e7 2 112 - 6.40 290.97 6808580
dry 4e7 2 50 - 0.47 1.33 811424
aoDLAV 4e7 2 50 - 3.51 270.32 5955816
aoULAV 4e7 2 50 - 4.37 240.32 5955816
aoD2AG 4e7 2 50 - 8.11 407.92 8750728
aoD2SG 4e7 2 50 - 8.43 512.88 9071900
dry 32e6 2 81 - 0.40 1.10 655180
aoDLAV 32e6 2 81 - 2.71 179.86 4768324
aoULAV 32e6 2 81 - 2.86 198.26 4768324
aoD2AG 32e6 2 81 - 6.59 272.01 7008372
aoD2SG 32e6 2 81 - 6.83 321.42 7261920
dry 56e2 2 243 - 0.02 0.13 26240
aoDLAV 56e2 2 243 - 0.04 0.15 30976
aoULAV 56e2 2 243 - 0.04 0.15 30988
aoD2AG 56e2 2 243 - 0.03 0.18 32000
aoD2SG 56e2 2 243 - 0.04 0.17 31124
moore 56e2 2 243 - 0.91 259.39 952728
nbpm 56e2 2 243 - 2.47 77.94 2388092
greedy 56e2 2 243 - 2.06 91.88 3460496
dry 1e4 10 65 - 0.03 0.12 27692
aoDLAV 1e4 10 65 - 0.03 0.72 32768
aoULAV 1e4 10 65 - 0.03 0.71 32776
aoD2AG 1e4 10 65 - 0.04 0.71 32744
aoD2SG 1e4 10 65 - 0.04 0.79 34176
moore 1e4 10 65 - 1.21 834.29 2963852
nbpm 1e4 10 65 - 7.49 1139.52 7764392
greedy 1e4 10 65 - 6.81 274.78 10961108
dry 6e7 2 44 - 0.79 1.85 1202044
aoDLAV 6e7 2 44 - 5.16 354.29 8924564
aoULAV 6e7 2 44 - 6.48 380.00 8924560
aoD2AG 6e7 2 44 - 12.05 598.84 13122316
aoD2SG 6e7 2 44 - 12.21 638.02 13601060
dry 32e6 2 26 - 0.39 1.12 655176
aoDLAV 32e6 2 26 - 2.85 225.04 4768324
aoULAV 32e6 2 26 - 3.39 218.76 4768324
aoD2AG 32e6 2 26 - 5.56 272.05 7005616
aoD2SG 32e6 2 26 - 6.77 324.28 7261896
dry 5e7 2 39 - 0.64 1.61 1006768
aoDLAV 5e7 2 39 - 4.14 281.05 7440196
aoULAV 5e7 2 39 - 5.42 324.86 7440192
aoD2AG 5e7 2 39 - 9.86 536.09 10937324
aoD2SG 5e7 2 39 - 10.58 531.23 11336680
dry 1e4 5 154 - 0.02 0.12 26900
aoDLAV 1e4 5 154 - 0.03 0.22 31088
aoULAV 1e4 5 154 - 0.02 0.23 31096
aoD2AG 1e4 5 154 - 0.03 0.24 32108
aoD2SG 1e4 5 154 - 0.04 0.23 32108
moore 1e4 5 154 - 1.11 1292.14 2961732
nbpm 1e4 5 154 - 7.45 655.86 7811452
greedy 1e4 5 154 - 6.44 300.72 10959172
dry 1e4 10 42 - 0.03 0.12 27688
aoDLAV 1e4 10 42 - 0.03 0.67 32764
aoULAV 1e4 10 42 - 0.03 0.68 32780
aoD2AG 1e4 10 42 - 0.04 0.71 32744
aoD2SG 1e4 10 42 - 0.03 0.78 34176
moore 1e4 10 42 - 1.17 1281.28 2963856
nbpm 1e4 10 42 - 7.49 722.00 7764384
greedy 1e4 10 42 - 6.67 288.94 10961112
dry 50e2 2 163 - 0.03 0.12 26204
aoDLAV 50e2 2 163 - 0.03 0.16 30848
aoULAV 50e2 2 163 - 0.03 0.15 30860
aoD2AG 50e2 2 163 - 0.03 0.16 31780
aoD2SG 50e2 2 163 - 0.03 0.18 31880
moore 50e2 2 163 - 0.74 209.21 764620
nbpm 50e2 2 163 - 1.98 54.27 2011916
greedy 50e2 2 163 - 1.97 66.00 2764780
dry 1e4 2 239 - 0.03 0.12 26432
aoDLAV 1e4 2 239 - 0.03 0.17 31864
aoULAV 1e4 2 239 - 0.03 0.17 31876
aoD2AG 1e4 2 239 - 0.03 0.17 31880
aoD2SG 1e4 2 239 - 0.03 0.18 31988
moore 1e4 2 239 - 1.16 847.92 2960572
nbpm 1e4 2 239 - 7.56 348.59 7889416
greedy 1e4 2 239 - 6.38 267.59 10968572
dry 1e4 5 200 - 0.03 0.12 27956
aoDLAV 1e4 5 200 - 0.03 0.22 31084
aoULAV 1e4 5 200 - 0.03 0.22 31100
aoD2AG 1e4 5 200 - 0.04 0.22 32108
aoD2SG 1e4 5 200 - 0.03 0.23 32108
moore 1e4 5 200 - 1.20 1139.19 2961736
nbpm 1e4 5 200 - 7.52 613.97 7811452
greedy 1e4 5 200 - 6.90 290.07 10959172
dry 1e4 2 126 - 0.02 0.12 26432
aoDLAV 1e4 2 126 - 0.03 0.17 31868
aoULAV 1e4 2 126 - 0.03 0.17 31876
aoD2AG 1e4 2 126 - 0.03 0.18 31876
aoD2SG 1e4 2 126 - 0.04 0.18 31988
moore 1e4 2 126 - 1.15 860.95 2960580
nbpm 1e4 2 126 - 7.79 392.85 7889424
greedy 1e4 2 126 - 6.32 272.24 10968568
dry 32e2 2 229 - 0.02 0.12 26112
aoDLAV 32e2 2 229 - 0.03 0.16 30540
aoULAV 32e2 2 229 - 0.03 0.15 30548
aoD2AG 32e2 2 229 - 0.04 0.15 31216
aoD2SG 32e2 2 229 - 0.04 0.15 31284
moore 32e2 2 229 - 0.20 46.73 330512
nbpm 32e2 2 229 - 0.93 19.74 854752
greedy 32e2 2 229 - 0.72 21.51 1150168
dry 7e7 2 142 - 0.74 2.19 1397356
aoDLAV 7e7 2 142 - 5.67 432.85 10408976
aoULAV 7e7 2 142 - 8.11 461.30 10408936
aoD2AG 7e7 2 142 - 13.85 647.09 15307048
aoD2SG 7e7 2 142 - 15.09 772.99 15864716
dry 2e7 2 94 - 0.28 0.73 420800
aoDLAV 2e7 2 94 - 1.80 110.91 2987068
aoULAV 2e7 2 94 - 1.84 117.46 2987068
aoD2AG 2e7 2 94 - 4.07 163.09 4387368
aoD2SG 2e7 2 94 - 3.84 195.48 4544820
dry 1e4 10 90 - 0.02 0.12 29728
aoDLAV 1e4 10 90 - 0.03 0.71 32764
aoULAV 1e4 10 90 - 0.03 0.68 32776
aoD2AG 1e4 10 90 - 0.04 0.71 32744
aoD2SG 1e4 10 90 - 0.03 0.79 34176
moore 1e4 10 90 - 1.20 1134.81 2963852
nbpm 1e4 10 90 - 7.55 721.56 7764388
greedy 1e4 10 90 - 6.72 271.98 10961112
dry 4e7 2 56 - 0.52 1.34 811424
aoDLAV 4e7 2 56 - 3.50 226.18 5955816
aoULAV 4e7 2 56 - 4.52 247.10 5955816
aoD2AG 4e7 2 56 - 8.11 370.17 8755592
aoD2SG 4e7 2 56 - 8.70 397.74 9073292
dry 18e6 2 188 - 0.22 0.70 381736
aoDLAV 18e6 2 188 - 1.45 95.17 2690192
aoULAV 18e6 2 188 - 2.11 110.50 2690192
aoD2AG 18e6 2 188 - 3.14 142.10 3950748
aoD2SG 18e6 2 188 - 3.79 171.51 4094228
dry 2e7 2 216 - 0.28 0.77 420816
aoDLAV 2e7 2 216 - 1.78 107.40 2987072
aoULAV 2e7 2 216 - 1.81 112.05 2987068
aoD2AG 2e7 2 216 - 4.04 166.45 4386676
aoD2SG 2e7 2 216 - 3.87 194.91 4547000
dry 25e2 2 62 - 0.03 0.11 26080
aoDLAV 25e2 2 62 - 0.02 0.15 30456
aoULAV 25e2 2 62 - 0.03 0.15 30464
aoD2AG 25e2 2 62 - 0.03 0.15 31000
aoD2SG 25e2 2 62 - 0.02 0.16 31052
moore 25e2 2 62 - 0.09 39.78 213608
nbpm 25e2 2 62 - 0.53 12.64 541644
greedy 25e2 2 62 - 0.43 9.77 713664
dry 1e4 5 217 - 0.02 0.12 26904
aoDLAV 1e4 5 217 - 0.02 0.21 31084
aoULAV 1e4 5 217 - 0.02 0.22 31096
aoD2AG 1e4 5 217 - 0.03 0.23 32108
aoD2SG 1e4 5 217 - 0.04 0.23 32112
moore 1e4 5 217 - 1.29 962.25 2961732
nbpm 1e4 5 217 - 7.39 629.16 7811452
greedy 1e4 5 217 - 6.91 291.63 10959172
dry 1e4 5 90 - 0.02 0.12 26900
aoDLAV 1e4 5 90 - 0.03 0.21 31084
aoULAV 1e4 5 90 - 0.03 0.22 31148
aoD2AG 1e4 5 90 - 0.04 0.22 32108
aoD2SG 1e4 5 90 - 0.03 0.23 32112
moore 1e4 5 90 - 1.17 941.44 2961736
nbpm 1e4 5 90 - 7.34 600.66 7811452
greedy 1e4 5 90 - 6.30 289.65 10959172
dry 56e6 2 209 - 0.61 1.79 1123924
aoDLAV 56e6 2 209 - 4.59 325.58 8330816
aoULAV 56e6 2 209 - 6.02 353.44 8330816
aoD2AG 56e6 2 209 - 11.09 492.77 12248604
aoD2SG 56e6 2 209 - 11.74 603.46 12694184
dry 7e7 2 222 - 0.75 2.18 1397356
aoDLAV 7e7 2 222 - 6.11 413.91 10408936
aoULAV 7e7 2 222 - 7.63 461.68 10408936
aoD2AG 7e7 2 222 - 13.66 646.97 15302200
aoD2SG 7e7 2 222 - 14.73 854.43 15861452
dry 56e2 2 191 - 0.03 0.12 26236
aoDLAV 56e2 2 191 - 0.03 0.16 30976
aoULAV 56e2 2 191 - 0.02 0.16 30988
aoD2AG 56e2 2 191 - 0.03 0.17 31972
aoD2SG 56e2 2 191 - 0.03 0.18 31120
moore 56e2 2 191 - 0.47 190.80 952724
nbpm 56e2 2 191 - 2.42 71.27 2388088
greedy 56e2 2 191 - 2.23 85.44 3460488
dry 18e2 2 113 - 0.03 0.12 26048
aoDLAV 18e2 2 113 - 0.03 0.15 30376
aoULAV 18e2 2 113 - 0.03 0.15 30384
aoD2AG 18e2 2 113 - 0.03 0.15 30796
aoD2SG 18e2 2 113 - 0.03 0.15 30840
moore 18e2 2 113 - 0.08 14.54 125416
nbpm 18e2 2 113 - 0.22 8.44 334536
greedy 18e2 2 113 - 0.24 4.55 384348
dry 1e4 10 203 - 0.02 0.12 27688
aoDLAV 1e4 10 203 - 0.04 0.71 32764
aoULAV 1e4 10 203 - 0.03 0.73 32776
aoD2AG 1e4 10 203 - 0.03 0.74 32748
aoD2SG 1e4 10 203 - 0.03 0.79 34176
moore 1e4 10 203 - 1.23 1051.87 2963852
nbpm 1e4 10 203 - 7.77 860.57 7764388
greedy 1e4 10 203 - 6.12 280.82 10961108
dry 3e7 2 187 - 0.36 1.03 616104
aoDLAV 3e7 2 187 - 2.57 171.81 4471428
aoULAV 3e7 2 187 - 2.79 182.94 4471432
aoD2AG 3e7 2 187 - 6.11 259.39 6571004
aoD2SG 3e7 2 187 - 6.27 301.06 6811152
dry 32e6 2 212 - 0.39 1.08 655176
aoDLAV 32e6 2 212 - 2.68 184.83 4768328
aoULAV 32e6 2 212 - 3.48 189.69 4768324
aoD2AG 32e6 2 212 - 5.53 272.71 7008824
aoD2SG 32e6 2 212 - 6.89 392.39 7263116
dry 18e6 2 148 - 0.25 0.70 381736
aoDLAV 18e6 2 148 - 1.62 100.96 2690196
aoULAV 18e6 2 148 - 1.65 108.52 2690192
aoD2AG 18e6 2 148 - 3.10 150.41 3950076
aoD2SG 18e6 2 148 - 3.64 173.57 4093828
dry 4e7 2 74 - 0.48 1.32 811424
aoDLAV 4e7 2 74 - 3.56 263.33 5955820
aoULAV 4e7 2 74 - 4.60 244.57 5955816
aoD2AG 4e7 2 74 - 7.77 356.22 8754236
aoD2SG 4e7 2 74 - 8.17 409.34 9074888
dry 18e6 2 48 - 0.25 0.72 381736
aoDLAV 18e6 2 48 - 1.63 98.00 2690192
aoULAV 18e6 2 48 - 1.54 100.23 2690196
aoD2AG 18e6 2 48 - 3.07 180.81 3952784
aoD2SG 18e6 2 48 - 3.88 172.99 4095756
dry 32e6 2 50 - 0.39 1.10 655176
aoDLAV 32e6 2 50 - 2.64 192.35 4768328
aoULAV 32e6 2 50 - 2.87 197.49 4768328
aoD2AG 32e6 2 50 - 6.64 305.07 7010204
aoD2SG 32e6 2 50 - 6.44 304.13 7264532
dry 1e4 2 149 - 0.03 0.12 26436
aoDLAV 1e4 2 149 - 0.03 0.17 31868
aoULAV 1e4 2 149 - 0.03 0.18 31880
aoD2AG 1e4 2 149 - 0.03 0.18 31880
aoD2SG 1e4 2 149 - 0.03 0.18 31988
moore 1e4 2 149 - 1.10 1262.64 2960572
nbpm 1e4 2 149 - 7.54 407.78 7889416
greedy 1e4 2 149 - 6.64 271.66 10968568
dry 1e4 5 110 - 0.03 0.13 26904
aoDLAV 1e4 5 110 - 0.03 0.23 31088
aoULAV 1e4 5 110 - 0.04 0.21 31096
aoD2AG 1e4 5 110 - 0.03 0.23 32108
aoD2SG 1e4 5 110 - 0.03 0.25 32108
moore 1e4 5 110 - 1.20 905.75 2961772
nbpm 1e4 5 110 - 7.55 740.68 7811564
greedy 1e4 5 110 - 6.34 277.01 10959172
