dry 2e4 5 203 - 0.03 0.14 27780
aoDLAV 2e4 5 203 - 0.05 0.31 32756
aoULAV 2e4 5 203 - 0.05 0.29 32768
aoD2AG 2e4 5 203 - 0.04 0.33 33340
aoD2SG 2e4 5 203 - 0.05 0.36 32860
moore 2e4 5 203 - 3.53 8727.36 11768092
nbpm 2e4 5 203 - 28.84 4904.75 34200604
greedy 2e4 5 203 - 23.81 1339.65 43774004
dry 2e4 2 131 - 0.02 0.12 26828
aoDLAV 2e4 2 131 - 0.03 0.19 30812
aoULAV 2e4 2 131 - 0.03 0.18 30812
aoD2AG 2e4 2 131 - 0.03 0.20 32284
aoD2SG 2e4 2 131 - 0.04 0.20 32288
moore 2e4 2 131 - 3.42 6828.50 11765552
nbpm 2e4 2 131 - 28.79 2776.65 31402196
greedy 2e4 2 131 - 23.48 1194.96 43771040
dry 18e3 2 169 - 0.02 0.12 26748
aoDLAV 18e3 2 169 - 0.02 0.19 30744
aoULAV 18e3 2 169 - 0.03 0.18 30740
aoD2AG 18e3 2 169 - 0.03 0.20 31804
aoD2SG 18e3 2 169 - 0.03 0.21 31816
moore 18e3 2 169 - 2.91 5758.66 9534976
nbpm 18e3 2 169 - 23.48 1950.13 25451056
greedy 18e3 2 169 - 19.09 1026.10 35458364
dry 1e8 2 54 - 1.11 3.06 1983320
aoDLAV 1e8 2 54 - 8.17 583.04 14862068
aoULAV 1e8 2 54 - 10.74 613.79 14862068
aoD2AG 1e8 2 54 - 18.70 863.48 21855180
aoD2SG 1e8 2 54 - 19.94 1019.64 22653492
dry 2e4 2 44 - 0.02 0.12 26828
aoDLAV 2e4 2 44 - 0.02 0.19 30808
aoULAV 2e4 2 44 - 0.02 0.19 30812
aoD2AG 2e4 2 44 - 0.02 0.21 32284
aoD2SG 2e4 2 44 - 0.03 0.21 32292
moore 2e4 2 44 - 3.49 7411.68 11765548
nbpm 2e4 2 44 - 30.02 2603.67 31402192
greedy 2e4 2 44 - 26.03 1315.00 43771044
dry 150e2 2 165 - 0.03 0.12 26632
aoDLAV 150e2 2 165 - 0.02 0.19 30828
aoULAV 150e2 2 165 - 0.02 0.19 30824
aoD2AG 150e2 2 165 - 0.03 0.19 31612
aoD2SG 150e2 2 165 - 0.03 0.19 31612
moore 150e2 2 165 - 2.15 2784.50 6629344
nbpm 150e2 2 165 - 15.03 1250.43 16814168
greedy 150e2 2 165 - 14.41 693.29 24630028
dry 18e3 2 223 - 0.03 0.11 26748
aoDLAV 18e3 2 223 - 0.02 0.19 30740
aoULAV 18e3 2 223 - 0.02 0.20 30740
aoD2AG 18e3 2 223 - 0.02 0.21 31804
aoD2SG 18e3 2 223 - 0.03 0.20 31812
moore 18e3 2 223 - 2.83 5547.24 9534976
nbpm 18e3 2 223 - 23.70 1953.52 25451056
greedy 18e3 2 223 - 19.86 1052.01 35458364
dry 150e2 2 182 - 0.03 0.11 26632
aoDLAV 150e2 2 182 - 0.02 0.18 30824
aoULAV 150e2 2 182 - 0.03 0.18 30824
aoD2AG 150e2 2 182 - 0.02 0.20 31608
aoD2SG 150e2 2 182 - 0.03 0.20 31608
moore 150e2 2 182 - 2.21 2895.56 6629344
nbpm 150e2 2 182 - 14.59 1146.71 16814168
greedy 150e2 2 182 - 14.22 685.48 24630024
dry 18e3 2 79 - 0.03 0.12 26748
aoDLAV 18e3 2 79 - 0.03 0.19 30740
aoULAV 18e3 2 79 - 0.03 0.19 30740
aoD2AG 18e3 2 79 - 0.03 0.20 31804
aoD2SG 18e3 2 79 - 0.03 0.21 31808
moore 18e3 2 79 - 2.81 5556.48 9534976
nbpm 18e3 2 79 - 23.25 2642.86 25451060
greedy 18e3 2 79 - 19.46 1057.52 35458368
dry 175e2 2 59 - 0.03 0.12 26732
aoDLAV 175e2 2 59 - 0.03 0.19 30716
aoULAV 175e2 2 59 - 0.03 0.18 30716
aoD2AG 175e2 2 59 - 0.03 0.20 31752
aoD2SG 175e2 2 59 - 0.02 0.21 31756
moore 175e2 2 59 - 2.64 5147.56 9014028
nbpm 175e2 2 59 - 21.28 1941.53 22863148
greedy 175e2 2 59 - 19.15 994.56 33516976
dry 2e4 10 60 - 0.02 0.12 30628
aoDLAV 2e4 10 60 - 0.03 1.67 34836
aoULAV 2e4 10 60 - 0.04 1.68 34848
aoD2AG 2e4 10 60 - 0.05 1.70 36076
aoD2SG 2e4 10 60 - 0.04 1.96 36080
moore 2e4 10 60 - 3.47 7842.85 11770832
nbpm 2e4 10 60 - 29.19 5440.11 30880036
greedy 2e4 10 60 - 27.38 1537.51 43775820
dry 1e8 5 2 - 2.60 6.18 4327056
aoDLAV 1e8 5 2 - 10.97 3696.04 23065204
aoULAV 1e8 5 2 - 16.06 2600.21 23065208
aoD2AG 1e8 5 2 - 26.31 2826.93 30455636
aoD2SG 1e8 5 2 - 27.15 3386.15 31306272
dry 2e4 5 77 - 0.03 0.11 27952
aoDLAV 2e4 5 77 - 0.04 0.27 32760
aoULAV 2e4 5 77 - 0.04 0.27 32768
aoD2AG 2e4 5 77 - 0.03 0.31 33344
aoD2SG 2e4 5 77 - 0.03 0.33 32864
moore 2e4 5 77 - 3.34 6604.21 11768084
nbpm 2e4 5 77 - 29.04 4871.54 34200496
greedy 2e4 5 77 - 25.30 1237.46 43774004
dry 2e4 5 116 - 0.03 0.11 27776
aoDLAV 2e4 5 116 - 0.04 0.29 32760
aoULAV 2e4 5 116 - 0.05 0.28 32768
aoD2AG 2e4 5 116 - 0.03 0.32 33348
aoD2SG 2e4 5 116 - 0.03 0.35 32860
moore 2e4 5 116 - 3.39 7082.05 11768084
nbpm 2e4 5 116 - 28.66 4769.86 34200496
greedy 2e4 5 116 - 25.11 1430.80 43774008
dry 125e2 2 66 - 0.02 0.12 26536
aoDLAV 125e2 2 66 - 0.03 0.18 30712
aoULAV 125e2 2 66 - 0.03 0.17 30708
aoD2AG 125e2 2 66 - 0.04 0.18 31376
aoD2SG 125e2 2 66 - 0.03 0.19 31376
moore 125e2 2 66 - 1.55 1574.81 4611540
nbpm 125e2 2 66 - 11.52 686.30 12302320
greedy 125e2 2 66 - 9.84 436.47 17109968
dry 2e4 5 107 - 0.03 0.12 31012
aoDLAV 2e4 5 107 - 0.04 0.28 32756
aoULAV 2e4 5 107 - 0.03 0.29 32768
aoD2AG 2e4 5 107 - 0.03 0.32 33340
aoD2SG 2e4 5 107 - 0.04 0.34 32864
moore 2e4 5 107 - 3.44 7196.93 11768080
nbpm 2e4 5 107 - 28.76 5068.99 34200496
greedy 2e4 5 107 - 23.01 1254.59 43774008
dry 8e7 2 175 - 0.90 2.42 1592676
aoDLAV 8e7 2 175 - 6.69 451.12 11893328
aoULAV 8e7 2 175 - 8.54 478.68 11893328
aoD2AG 8e7 2 175 - 14.95 671.10 17486936
aoD2SG 8e7 2 175 - 16.24 831.65 18127764
dry 150e2 2 97 - 0.02 0.12 26628
aoDLAV 150e2 2 97 - 0.03 0.19 30824
aoULAV 150e2 2 97 - 0.03 0.19 30824
aoD2AG 150e2 2 97 - 0.03 0.20 31612
aoD2SG 150e2 2 97 - 0.02 0.22 31612
moore 150e2 2 97 - 2.18 3461.59 6629344
nbpm 150e2 2 97 - 15.00 1153.29 16814168
greedy 150e2 2 97 - 12.60 672.96 24630028
dry 2e4 5 16 - 0.02 0.12 27776
aoDLAV 2e4 5 16 - 0.04 0.28 32756
aoULAV 2e4 5 16 - 0.04 0.28 32772
aoD2AG 2e4 5 16 - 0.04 0.31 33344
aoD2SG 2e4 5 16 - 0.03 0.34 32860
moore 2e4 5 16 - 3.64 8306.13 11768084
nbpm 2e4 5 16 - 29.38 4945.24 34200496
greedy 2e4 5 16 - 25.14 1266.82 43774004
dry 175e2 2 87 - 0.02 0.12 26736
aoDLAV 175e2 2 87 - 0.03 0.18 30720
aoULAV 175e2 2 87 - 0.03 0.19 30716
aoD2AG 175e2 2 87 - 0.04 0.19 31760
aoD2SG 175e2 2 87 - 0.03 0.20 31760
moore 175e2 2 87 - 2.73 4245.18 9014032
nbpm 175e2 2 87 - 21.88 2970.02 22863144
greedy 175e2 2 87 - 18.74 1000.89 33516976
dry 9e7 2 214 - 1.03 2.71 1787996
aoDLAV 9e7 2 214 - 7.53 510.56 13377684
aoULAV 9e7 2 214 - 9.87 551.94 13377684
aoD2AG 9e7 2 214 - 17.80 789.59 19669084
aoD2SG 9e7 2 214 - 18.84 946.74 20388784
dry 2e4 5 59 - 0.03 0.12 31012
aoDLAV 2e4 5 59 - 0.04 0.29 32756
aoULAV 2e4 5 59 - 0.03 0.30 32768
aoD2AG 2e4 5 59 - 0.04 0.32 33344
aoD2SG 2e4 5 59 - 0.03 0.35 32860
moore 2e4 5 59 - 3.40 6279.34 11768084
nbpm 2e4 5 59 - 28.96 5162.66 34200496
greedy 2e4 5 59 - 24.62 1250.87 43774004
dry 150e2 2 6 - 0.02 0.12 26632
aoDLAV 150e2 2 6 - 0.04 0.17 30824
aoULAV 150e2 2 6 - 0.03 0.18 30824
aoD2AG 150e2 2 6 - 0.04 0.19 31608
aoD2SG 150e2 2 6 - 0.03 0.19 31608
moore 150e2 2 6 - 2.34 3541.95 6629352
nbpm 150e2 2 6 - 14.83 1141.14 16814176
greedy 150e2 2 6 - 15.09 853.51 24630024
dry 1e8 5 110 - 2.29 6.32 4327056
aoDLAV 1e8 5 110 - 11.31 2657.50 23065204
aoULAV 1e8 5 110 - 16.38 2627.30 23065204
aoD2AG 1e8 5 110 - 25.92 2856.38 30456500
aoD2SG 1e8 5 110 - 27.33 3485.49 31311740
dry 1e8 5 99 - 2.24 6.19 4327052
aoDLAV 1e8 5 99 - 11.66 2603.55 23065204
aoULAV 1e8 5 99 - 16.54 2599.20 23065240
aoD2AG 1e8 5 99 - 26.99 2845.16 30455436
aoD2SG 1e8 5 99 - 27.68 4863.20 31307356
dry 2e4 5 183 - 0.02 0.12 27776
aoDLAV 2e4 5 183 - 0.03 0.29 32756
aoULAV 2e4 5 183 - 0.03 0.29 32772
aoD2AG 2e4 5 183 - 0.03 0.32 33344
aoD2SG 2e4 5 183 - 0.04 0.34 32860
moore 2e4 5 183 - 3.68 7296.55 11768084
nbpm 2e4 5 183 - 29.07 4811.46 34200496
greedy 2e4 5 183 - 23.19 1320.13 43774004
dry 1e8 5 238 - 2.48 6.26 4327052
aoDLAV 1e8 5 238 - 11.13 2671.02 23065204
aoULAV 1e8 5 238 - 16.83 2725.37 23065204
aoD2AG 1e8 5 238 - 27.83 3021.73 30456684
aoD2SG 1e8 5 238 - 28.26 3447.87 31313784
dry 2e4 2 154 - 0.03 0.11 27952
aoDLAV 2e4 2 154 - 0.03 0.19 30808
aoULAV 2e4 2 154 - 0.03 0.19 30808
aoD2AG 2e4 2 154 - 0.03 0.21 32288
aoD2SG 2e4 2 154 - 0.04 0.21 32348
