dry 1e3 5 187 - 0.03 0.15 26056
aoDLAV 1e3 5 187 - 0.04 0.17 30428
aoULAV 1e3 5 187 - 0.03 0.18 30440
aoD2AG 1e3 5 187 - 0.03 0.18 30752
aoD2SG 1e3 5 187 - 0.04 0.17 30772
moore 1e3 5 187 - 0.06 2.29 59832
nbpm 1e3 5 187 - 0.11 3.86 129244
greedy 1e3 5 187 - 0.09 0.80 139392
dry 32e1 2 83 - 0.03 0.10 26000
aoDLAV 32e1 2 83 - 0.04 0.12 30196
aoULAV 32e1 2 83 - 0.04 0.16 30208
aoD2AG 32e1 2 83 - 0.04 0.16 30380
aoD2SG 32e1 2 83 - 0.04 0.12 30384
moore 32e1 2 83 - 0.03 0.73 33680
nbpm 32e1 2 83 - 0.10 2.02 58320
greedy 32e1 2 83 - 0.04 0.18 40972
dry 1e3 5 250 - 0.02 0.10 26056
aoDLAV 1e3 5 250 - 0.02 0.13 30424
aoULAV 1e3 5 250 - 0.02 0.13 30440
aoD2AG 1e3 5 250 - 0.03 0.12 30740
aoD2SG 1e3 5 250 - 0.02 0.13 30768
moore 1e3 5 250 - 0.04 4.19 59800
nbpm 1e3 5 250 - 0.11 4.11 129244
greedy 1e3 5 250 - 0.08 1.05 139388
dry 1e2 10 162 - 0.02 0.11 26004
aoDLAV 1e2 10 162 - 0.04 0.15 30260
aoULAV 1e2 10 162 - 0.03 0.15 30272
aoD2AG 1e2 10 162 - 0.02 0.16 30440
aoD2SG 1e2 10 162 - 0.02 0.14 30444
moore 1e2 10 162 - 0.03 0.24 30496
nbpm 1e2 10 162 - 0.07 2.23 53076
greedy 1e2 10 162 - 0.03 0.15 30972
dry 300e2 2 45 - 0.03 0.12 27216
aoDLAV 300e2 2 45 - 0.02 0.19 31300
aoULAV 300e2 2 45 - 0.03 0.19 31896
aoD2AG 300e2 2 45 - 0.03 0.21 35056
aoD2SG 300e2 2 45 - 0.03 0.25 34720
dry 325e2 2 137 - 0.03 0.11 27316
aoDLAV 325e2 2 137 - 0.03 0.18 31372
aoULAV 325e2 2 137 - 0.03 0.20 32084
aoD2AG 325e2 2 137 - 0.03 0.24 35004
aoD2SG 325e2 2 137 - 0.05 0.25 34756
dry 5e4 2 163 - 0.02 0.11 28000
aoDLAV 5e4 2 163 - 0.03 0.22 33008
aoULAV 5e4 2 163 - 0.02 0.22 33312
aoD2AG 5e4 2 163 - 0.02 0.27 36408
aoD2SG 5e4 2 163 - 0.03 0.30 36424
dry 225e2 2 206 - 0.02 0.11 26920
aoDLAV 225e2 2 206 - 0.02 0.18 30984
aoULAV 225e2 2 206 - 0.02 0.17 30992
aoD2AG 225e2 2 206 - 0.03 0.19 33368
aoD2SG 225e2 2 206 - 0.02 0.21 33464
dry 1e6 5 160 - 0.06 0.23 73152
aoDLAV 1e6 5 160 - 0.14 17.87 252688
aoULAV 1e6 5 160 - 0.23 18.14 252692
aoD2AG 1e6 5 160 - 0.19 19.28 324572
aoD2SG 1e6 5 160 - 0.20 22.68 333088
dry 1e3 2 235 - 0.02 0.12 27952
aoDLAV 1e3 2 235 - 0.02 0.15 30284
aoULAV 1e3 2 235 - 0.03 0.14 30292
aoD2AG 1e3 2 235 - 0.04 0.13 30532
aoD2SG 1e3 2 235 - 0.03 0.14 30556
moore 1e3 2 235 - 0.04 1.66 59804
nbpm 1e3 2 235 - 0.12 3.92 138560
greedy 1e3 2 235 - 0.07 1.00 139244
dry 1e5 10 80 - 0.03 0.17 38396
aoDLAV 1e5 10 80 - 0.29 24.98 53536
aoULAV 1e5 10 80 - 0.05 22.15 55312
aoD2AG 1e5 10 80 - 0.05 21.84 62652
aoD2SG 1e5 10 80 - 0.06 24.17 66832
dry 225e2 2 9 - 0.02 0.12 26920
aoDLAV 225e2 2 9 - 0.02 0.20 30980
aoULAV 225e2 2 9 - 0.03 0.19 30992
aoD2AG 225e2 2 9 - 0.03 0.21 33368
aoD2SG 225e2 2 9 - 0.03 0.22 33464
dry 18e4 2 113 - 0.03 0.13 33104
aoDLAV 18e4 2 113 - 0.04 0.73 47860
aoULAV 18e4 2 113 - 0.05 0.75 47860
aoD2AG 18e4 2 113 - 0.06 1.06 58648
aoD2SG 18e4 2 113 - 0.06 1.10 59816
dry 225e2 2 105 - 0.03 0.11 26924
aoDLAV 225e2 2 105 - 0.03 0.19 30980
aoULAV 225e2 2 105 - 0.03 0.19 30996
aoD2AG 225e2 2 105 - 0.03 0.21 33368
aoD2SG 225e2 2 105 - 0.02 0.23 33460
dry 1e5 2 179 - 0.03 0.13 31476
aoDLAV 1e5 2 179 - 0.04 0.42 34800
aoULAV 1e5 2 179 - 0.04 0.43 35320
aoD2AG 1e5 2 179 - 0.04 0.56 42600
aoD2SG 1e5 2 179 - 0.04 0.62 43804
dry 1e6 2 173 - 0.04 0.19 49704
aoDLAV 1e6 2 173 - 0.12 3.68 178456
aoULAV 1e6 2 173 - 0.12 3.81 178456
aoD2AG 1e6 2 173 - 0.17 5.37 235668
aoD2SG 1e6 2 173 - 0.20 6.15 242608
dry 1e5 10 94 - 0.04 0.17 38400
aoDLAV 1e5 10 94 - 0.05 23.54 53536
aoULAV 1e5 10 94 - 0.05 22.42 55308
aoD2AG 1e5 10 94 - 0.06 20.57 62612
aoD2SG 1e5 10 94 - 0.05 37.25 66832
dry 56e1 2 180 - 0.02 0.13 26008
aoDLAV 56e1 2 180 - 0.02 0.15 30220
aoULAV 56e1 2 180 - 0.03 0.14 30232
aoD2AG 56e1 2 180 - 0.03 0.14 30416
aoD2SG 56e1 2 180 - 0.03 0.15 30424
moore 56e1 2 180 - 0.04 1.33 39660
nbpm 56e1 2 180 - 0.10 2.97 78712
greedy 56e1 2 180 - 0.03 0.40 64104
dry 225e2 2 41 - 0.02 0.12 26920
aoDLAV 225e2 2 41 - 0.04 0.18 30980
aoULAV 225e2 2 41 - 0.03 0.19 30996
aoD2AG 225e2 2 41 - 0.03 0.21 33368
aoD2SG 225e2 2 41 - 0.03 0.23 33468
dry 275e2 2 181 - 0.02 0.12 28972
aoDLAV 275e2 2 181 - 0.03 0.20 31244
aoULAV 275e2 2 181 - 0.02 0.22 31572
aoD2AG 275e2 2 181 - 0.03 0.23 34696
aoD2SG 275e2 2 181 - 0.03 0.24 34808
dry 325e2 2 206 - 0.02 0.12 30776
aoDLAV 325e2 2 206 - 0.03 0.22 31372
aoULAV 325e2 2 206 - 0.02 0.22 32084
aoD2AG 325e2 2 206 - 0.04 0.23 35000
aoD2SG 325e2 2 206 - 0.03 0.26 34760
dry 5e4 10 179 - 0.04 0.13 33892
aoDLAV 5e4 10 179 - 0.03 7.09 40228
aoULAV 5e4 10 179 - 0.03 7.12 40204
aoD2AG 5e4 10 179 - 0.05 7.72 44984
aoD2SG 5e4 10 179 - 0.04 8.91 44996
dry 32e4 2 88 - 0.03 0.16 36424
aoDLAV 32e4 2 88 - 0.07 1.20 70828
aoULAV 32e4 2 88 - 0.07 1.61 70840
aoD2AG 32e4 2 88 - 0.09 1.67 88364
aoD2SG 32e4 2 88 - 0.08 2.14 90856
dry 18e1 2 55 - 0.02 0.11 26004
aoDLAV 18e1 2 55 - 0.03 0.14 30184
aoULAV 18e1 2 55 - 0.03 0.14 30200
aoD2AG 18e1 2 55 - 0.03 0.14 30356
aoD2SG 18e1 2 55 - 0.03 0.14 30364
moore 18e1 2 55 - 0.03 0.26 30488
nbpm 18e1 2 55 - 0.08 2.20 54436
greedy 18e1 2 55 - 0.04 0.15 33348
dry 56e1 2 90 - 0.02 0.12 26008
aoDLAV 56e1 2 90 - 0.02 0.15 30220
aoULAV 56e1 2 90 - 0.02 0.15 30232
aoD2AG 56e1 2 90 - 0.03 0.14 30420
aoD2SG 56e1 2 90 - 0.02 0.15 30424
moore 56e1 2 90 - 0.03 0.93 39692
nbpm 56e1 2 90 - 0.11 2.99 78712
greedy 56e1 2 90 - 0.04 0.39 64104
dry 56e1 2 35 - 0.01 0.13 26008
aoDLAV 56e1 2 35 - 0.02 0.15 30220
aoULAV 56e1 2 35 - 0.03 0.14 30232
aoD2AG 56e1 2 35 - 0.02 0.15 30416
aoD2SG 56e1 2 35 - 0.03 0.14 30424
moore 56e1 2 35 - 0.04 1.67 39664
nbpm 56e1 2 35 - 0.09 2.96 78712
greedy 56e1 2 35 - 0.06 0.38 64104
dry 250e2 2 31 - 0.02 0.12 28844
aoDLAV 250e2 2 31 - 0.03 0.22 31112
aoULAV 250e2 2 31 - 0.03 0.22 31212
aoD2AG 250e2 2 31 - 0.04 0.23 33864
aoD2SG 250e2 2 31 - 0.03 0.23 33968
dry 1e6 2 98 - 0.03 0.20 49704
aoDLAV 1e6 2 98 - 0.10 3.82 178456
aoULAV 1e6 2 98 - 0.11 4.08 178456
aoD2AG 1e6 2 98 - 0.18 5.75 233184
aoD2SG 1e6 2 98 - 0.21 6.51 241312
dry 1e5 2 15 - 0.03 0.12 30732
aoDLAV 1e5 2 15 - 0.03 0.45 34804
aoULAV 1e5 2 15 - 0.04 0.45 35320
aoD2AG 1e5 2 15 - 0.04 0.58 42596
aoD2SG 1e5 2 15 - 0.05 0.67 43800
dry 1e6 5 20 - 0.06 0.27 73152
aoDLAV 1e6 5 20 - 0.15 19.33 252692
aoULAV 1e6 5 20 - 0.14 19.16 252688
aoD2AG 1e6 5 20 - 0.22 20.64 323772
aoD2SG 1e6 5 20 - 0.27 23.57 332208
dry 5e4 2 184 - 0.03 0.12 28000
aoDLAV 5e4 2 184 - 0.02 0.28 33012
aoULAV 5e4 2 184 - 0.03 0.27 33312
aoD2AG 5e4 2 184 - 0.03 0.34 36448
aoD2SG 5e4 2 184 - 0.04 0.35 36420
dry 1e2 5 119 - 0.02 0.11 25996
aoDLAV 1e2 5 119 - 0.03 0.14 30212
aoULAV 1e2 5 119 - 0.03 0.14 30224
aoD2AG 1e2 5 119 - 0.03 0.14 30384
aoD2SG 1e2 5 119 - 0.03 0.14 30388
moore 1e2 5 119 - 0.02 0.20 30492
nbpm 1e2 5 119 - 0.06 2.12 53016
greedy 1e2 5 119 - 0.03 0.14 30924
dry 56e1 2 29 - 0.02 0.12 26008
aoDLAV 56e1 2 29 - 0.03 0.14 30220
aoULAV 56e1 2 29 - 0.02 0.15 30236
aoD2AG 56e1 2 29 - 0.03 0.14 30416
aoD2SG 56e1 2 29 - 0.03 0.14 30424
moore 56e1 2 29 - 0.03 1.36 39652
nbpm 56e1 2 29 - 0.11 2.86 78704
greedy 56e1 2 29 - 0.04 0.38 64104
dry 1e2 2 105 - 0.02 0.12 25992
aoDLAV 1e2 2 105 - 0.03 0.14 30168
aoULAV 1e2 2 105 - 0.03 0.14 30184
aoD2AG 1e2 2 105 - 0.02 0.15 30332
aoD2SG 1e2 2 105 - 0.03 0.14 30340
moore 1e2 2 105 - 0.02 0.20 30480
nbpm 1e2 2 105 - 0.09 2.10 53012
greedy 1e2 2 105 - 0.02 0.14 30880
dry 275e2 2 22 - 0.03 0.11 27124
aoDLAV 275e2 2 22 - 0.02 0.21 31240
aoULAV 275e2 2 22 - 0.03 0.21 31572
aoD2AG 275e2 2 22 - 0.03 0.23 34696
aoD2SG 275e2 2 22 - 0.03 0.24 34812
dry 56e1 2 27 - 0.02 0.11 26008
aoDLAV 56e1 2 27 - 0.02 0.14 30224
aoULAV 56e1 2 27 - 0.03 0.13 30236
aoD2AG 56e1 2 27 - 0.02 0.15 30416
aoD2SG 56e1 2 27 - 0.02 0.15 30424
moore 56e1 2 27 - 0.03 1.66 39652
nbpm 56e1 2 27 - 0.09 2.93 78708
greedy 56e1 2 27 - 0.04 0.38 64104
dry 300e2 2 40 - 0.02 0.11 27216
aoDLAV 300e2 2 40 - 0.03 0.21 31296
aoULAV 300e2 2 40 - 0.03 0.22 31892
aoD2AG 300e2 2 40 - 0.03 0.24 35056
aoD2SG 300e2 2 40 - 0.03 0.25 34716
dry 18e4 2 75 - 0.02 0.14 33108
aoDLAV 18e4 2 75 - 0.04 0.75 47860
aoULAV 18e4 2 75 - 0.04 0.78 47864
aoD2AG 18e4 2 75 - 0.05 0.98 58644
aoD2SG 18e4 2 75 - 0.05 1.09 59896
dry 300e2 2 207 - 0.02 0.11 27216
aoDLAV 300e2 2 207 - 0.02 0.22 31296
aoULAV 300e2 2 207 - 0.03 0.21 31892
aoD2AG 300e2 2 207 - 0.02 0.25 35060
aoD2SG 300e2 2 207 - 0.03 0.25 34716
dry 56e3 2 79 - 0.03 0.11 29440
aoDLAV 56e3 2 79 - 0.03 0.28 33480
aoULAV 56e3 2 79 - 0.03 0.29 34696
aoD2AG 56e3 2 79 - 0.03 0.36 37288
aoD2SG 56e3 2 79 - 0.03 0.38 37300
dry 18e4 2 208 - 0.03 0.13 33108
aoDLAV 18e4 2 208 - 0.05 0.74 47860
aoULAV 18e4 2 208 - 0.05 0.77 47868
aoD2AG 18e4 2 208 - 0.04 0.99 58684
aoD2SG 18e4 2 208 - 0.05 1.10 59892
dry 1e2 10 81 - 0.02 0.12 27952
aoDLAV 1e2 10 81 - 0.03 0.14 30260
aoULAV 1e2 10 81 - 0.02 0.14 30272
aoD2AG 1e2 10 81 - 0.02 0.15 30440
aoD2SG 1e2 10 81 - 0.03 0.14 30452
moore 1e2 10 81 - 0.02 0.21 30496
nbpm 1e2 10 81 - 0.08 2.15 53072
greedy 1e2 10 81 - 0.01 0.16 30972
dry 1e2 2 120 - 0.02 0.12 25992
aoDLAV 1e2 2 120 - 0.03 0.14 30168
aoULAV 1e2 2 120 - 0.03 0.14 30180
aoD2AG 1e2 2 120 - 0.02 0.15 30332
aoD2SG 1e2 2 120 - 0.03 0.14 30340
moore 1e2 2 120 - 0.03 0.24 30484
nbpm 1e2 2 120 - 0.08 2.14 53000
greedy 1e2 2 120 - 0.03 0.14 30884
dry 56e4 2 25 - 0.03 0.19 41104
aoDLAV 56e4 2 25 - 0.07 2.06 107984
aoULAV 56e4 2 25 - 0.08 2.13 107984
aoD2AG 56e4 2 25 - 0.13 3.13 139420
aoD2SG 56e4 2 25 - 0.11 3.39 143348
dry 18e1 2 215 - 0.02 0.12 26004
aoDLAV 18e1 2 215 - 0.03 0.14 30188
aoULAV 18e1 2 215 - 0.03 0.14 30196
aoD2AG 18e1 2 215 - 0.02 0.15 30356
aoD2SG 18e1 2 215 - 0.02 0.14 30368
moore 18e1 2 215 - 0.02 0.26 30488
nbpm 18e1 2 215 - 0.08 2.16 54436
greedy 18e1 2 215 - 0.02 0.16 33348
dry 375e2 2 45 - 0.03 0.12 27516
aoDLAV 375e2 2 45 - 0.03 0.23 31784
aoULAV 375e2 2 45 - 0.03 0.24 32600
aoD2AG 375e2 2 45 - 0.03 0.27 35516
aoD2SG 375e2 2 45 - 0.03 0.28 35528
dry 300e2 2 154 - 0.03 0.11 27216
aoDLAV 300e2 2 154 - 0.03 0.20 31300
aoULAV 300e2 2 154 - 0.02 0.21 31896
aoD2AG 300e2 2 154 - 0.04 0.23 35060
aoD2SG 300e2 2 154 - 0.03 0.25 34716
dry 5e4 10 214 - 0.03 0.13 33888
aoDLAV 5e4 10 214 - 0.04 7.62 40200
aoULAV 5e4 10 214 - 0.04 7.93 40204
aoD2AG 5e4 10 214 - 0.05 7.93 44984
aoD2SG 5e4 10 214 - 0.03 8.92 45000
dry 56e1 2 220 - 0.03 0.11 26012
aoDLAV 56e1 2 220 - 0.03 0.14 30220
aoULAV 56e1 2 220 - 0.02 0.14 30232
aoD2AG 56e1 2 220 - 0.03 0.14 30416
aoD2SG 56e1 2 220 - 0.04 0.13 30424
moore 56e1 2 220 - 0.03 1.50 39660
nbpm 56e1 2 220 - 0.09 2.96 78712
greedy 56e1 2 220 - 0.04 0.39 64104
dry 32e1 2 159 - 0.03 0.12 26000
aoDLAV 32e1 2 159 - 0.03 0.14 30228
aoULAV 32e1 2 159 - 0.03 0.14 30208
aoD2AG 32e1 2 159 - 0.02 0.15 30380
aoD2SG 32e1 2 159 - 0.03 0.14 30384
moore 32e1 2 159 - 0.03 0.57 33676
nbpm 32e1 2 159 - 0.07 2.39 58300
greedy 32e1 2 159 - 0.04 0.20 40972
dry 5e4 5 223 - 0.03 0.13 30660
aoDLAV 5e4 5 223 - 0.03 0.75 34744
aoULAV 5e4 5 223 - 0.04 0.75 34704
aoD2AG 5e4 5 223 - 0.03 0.81 37728
aoD2SG 5e4 5 223 - 0.04 0.89 37940
dry 1e3 5 61 - 0.02 0.12 26056
aoDLAV 1e3 5 61 - 0.03 0.14 30424
aoULAV 1e3 5 61 - 0.02 0.15 30436
aoD2AG 1e3 5 61 - 0.03 0.15 30744
aoD2SG 1e3 5 61 - 0.03 0.15 30776
moore 1e3 5 61 - 0.04 3.76 59804
nbpm 1e3 5 61 - 0.11 4.51 129244
greedy 1e3 5 61 - 0.07 1.05 139388
dry 56e1 2 227 - 0.03 0.11 26008
aoDLAV 56e1 2 227 - 0.03 0.14 30220
aoULAV 56e1 2 227 - 0.03 0.14 30232
aoD2AG 56e1 2 227 - 0.03 0.14 30420
aoD2SG 56e1 2 227 - 0.03 0.15 30428
moore 56e1 2 227 - 0.04 1.47 39660
nbpm 56e1 2 227 - 0.11 2.93 78716
greedy 56e1 2 227 - 0.04 0.40 64148
dry 275e2 2 183 - 0.02 0.12 27120
aoDLAV 275e2 2 183 - 0.03 0.21 31240
aoULAV 275e2 2 183 - 0.03 0.21 31572
aoD2AG 275e2 2 183 - 0.03 0.24 34696
aoD2SG 275e2 2 183 - 0.03 0.25 34816
dry 1e5 2 151 - 0.03 0.13 31984
aoDLAV 1e5 2 151 - 0.03 0.45 34800
aoULAV 1e5 2 151 - 0.04 0.45 35320
aoD2AG 1e5 2 151 - 0.04 0.57 42604
aoD2SG 1e5 2 151 - 0.04 0.64 43800
dry 1e3 10 116 - 0.03 0.11 26136
aoDLAV 1e3 10 116 - 0.02 0.16 30656
aoULAV 1e3 10 116 - 0.02 0.17 30664
aoD2AG 1e3 10 116 - 0.03 0.16 31052
aoD2SG 1e3 10 116 - 0.03 0.16 31072
moore 1e3 10 116 - 0.05 3.56 59868
nbpm 1e3 10 116 - 0.13 4.72 136140
greedy 1e3 10 116 - 0.08 1.03 139616
dry 1e3 2 140 - 0.02 0.12 26024
aoDLAV 1e3 2 140 - 0.02 0.15 30280
aoULAV 1e3 2 140 - 0.03 0.14 30292
aoD2AG 1e3 2 140 - 0.03 0.14 30536
aoD2SG 1e3 2 140 - 0.03 0.14 30560
moore 1e3 2 140 - 0.05 1.65 59796
nbpm 1e3 2 140 - 0.12 4.20 138552
greedy 1e3 2 140 - 0.09 1.01 139300
dry 56e1 2 11 - 0.02 0.12 26008
aoDLAV 56e1 2 11 - 0.03 0.14 30224
aoULAV 56e1 2 11 - 0.03 0.14 30232
aoD2AG 56e1 2 11 - 0.02 0.15 30416
aoD2SG 56e1 2 11 - 0.03 0.15 30428
moore 56e1 2 11 - 0.03 0.86 39692
nbpm 56e1 2 11 - 0.09 2.91 78712
greedy 56e1 2 11 - 0.04 0.39 64104
dry 1e6 10 180 - 0.09 0.38 112232
aoDLAV 1e6 10 180 - 0.20 364.00 369908
aoULAV 1e6 10 180 - 0.29 363.54 369888
aoD2AG 1e6 10 180 - 0.41 350.61 447300
aoD2SG 1e6 10 180 - 0.43 427.79 457708
dry 250e2 2 45 - 0.03 0.11 27020
aoDLAV 250e2 2 45 - 0.02 0.20 31108
aoULAV 250e2 2 45 - 0.03 0.20 31212
aoD2AG 250e2 2 45 - 0.03 0.22 33856
aoD2SG 250e2 2 45 - 0.03 0.23 33964
dry 32e4 2 194 - 0.03 0.16 36424
aoDLAV 32e4 2 194 - 0.07 1.22 70832
aoULAV 32e4 2 194 - 0.06 1.31 70844
aoD2AG 32e4 2 194 - 0.08 1.56 88220
aoD2SG 32e4 2 194 - 0.06 1.78 91564
dry 325e2 2 119 - 0.03 0.10 30776
aoDLAV 325e2 2 119 - 0.03 0.21 31372
aoULAV 325e2 2 119 - 0.04 0.19 32088
aoD2AG 325e2 2 119 - 0.04 0.23 35008
aoD2SG 325e2 2 119 - 0.03 0.26 34760
dry 32e3 2 222 - 0.02 0.12 29048
aoDLAV 32e3 2 222 - 0.03 0.22 31440
aoULAV 32e3 2 222 - 0.03 0.23 32148
aoD2AG 32e3 2 222 - 0.04 0.24 35080
aoD2SG 32e3 2 222 - 0.03 0.27 34788
dry 32e1 2 179 - 0.02 0.12 26000
aoDLAV 32e1 2 179 - 0.03 0.14 30196
aoULAV 32e1 2 179 - 0.02 0.14 30208
aoD2AG 32e1 2 179 - 0.04 0.13 30376
aoD2SG 32e1 2 179 - 0.04 0.14 30384
moore 32e1 2 179 - 0.04 0.25 33684
nbpm 32e1 2 179 - 0.08 2.43 58308
greedy 32e1 2 179 - 0.03 0.21 40976
dry 56e3 2 144 - 0.02 0.12 29448
aoDLAV 56e3 2 144 - 0.03 0.30 33476
aoULAV 56e3 2 144 - 0.04 0.34 34696
aoD2AG 56e3 2 144 - 0.03 0.40 37284
aoD2SG 56e3 2 144 - 0.03 0.43 37296
dry 1e6 10 30 - 0.07 0.41 112232
aoDLAV 1e6 10 30 - 0.21 391.22 369888
aoULAV 1e6 10 30 - 0.32 394.53 369884
aoD2AG 1e6 10 30 - 0.43 382.84 447140
aoD2SG 1e6 10 30 - 0.47 569.55 457472
dry 5e4 10 138 - 0.04 0.13 33888
aoDLAV 5e4 10 138 - 0.08 7.86 40200
aoULAV 5e4 10 138 - 0.10 8.36 40200
aoD2AG 5e4 10 138 - 0.04 8.13 44984
aoD2SG 5e4 10 138 - 0.05 8.77 44996
dry 56e4 2 242 - 0.03 0.19 41104
aoDLAV 56e4 2 242 - 0.07 2.12 107984
aoULAV 56e4 2 242 - 0.08 2.21 107984
aoD2AG 56e4 2 242 - 0.11 3.22 138740
aoD2SG 56e4 2 242 - 0.13 3.55 143116
dry 32e1 2 235 - 0.01 0.13 26000
aoDLAV 32e1 2 235 - 0.03 0.14 30196
aoULAV 32e1 2 235 - 0.03 0.14 30208
aoD2AG 32e1 2 235 - 0.02 0.15 30380
aoD2SG 32e1 2 235 - 0.03 0.14 30388
moore 32e1 2 235 - 0.03 0.64 33684
nbpm 32e1 2 235 - 0.09 2.38 58304
greedy 32e1 2 235 - 0.03 0.22 40976
dry 1e6 2 59 - 0.04 0.19 49708
aoDLAV 1e6 2 59 - 0.10 3.83 178456
aoULAV 1e6 2 59 - 0.11 3.99 178456
aoD2AG 1e6 2 59 - 0.18 5.76 234364
aoD2SG 1e6 2 59 - 0.20 5.86 242128
dry 56e4 2 77 - 0.04 0.18 41108
aoDLAV 56e4 2 77 - 0.08 2.40 107984
aoULAV 56e4 2 77 - 0.08 2.01 107988
aoD2AG 56e4 2 77 - 0.12 2.76 139884
aoD2SG 56e4 2 77 - 0.13 3.59 143872
dry 1e6 10 157 - 0.09 0.41 112232
aoDLAV 1e6 10 157 - 0.25 474.68 369888
aoULAV 1e6 10 157 - 0.28 388.08 369888
aoD2AG 1e6 10 157 - 0.44 487.96 446360
aoD2SG 1e6 10 157 - 0.41 533.81 457276
dry 400e2 2 52 - 0.02 0.12 27616
aoDLAV 400e2 2 52 - 0.03 0.24 32236
aoULAV 400e2 2 52 - 0.03 0.24 33112
aoD2AG 400e2 2 52 - 0.03 0.28 36072
aoD2SG 400e2 2 52 - 0.04 0.28 35928
dry 375e2 2 115 - 0.03 0.11 27952
aoDLAV 375e2 2 115 - 0.03 0.22 31784
aoULAV 375e2 2 115 - 0.03 0.23 32604
aoD2AG 375e2 2 115 - 0.03 0.26 35516
aoD2SG 375e2 2 115 - 0.04 0.27 35524
dry 32e4 2 79 - 0.04 0.16 36428
aoDLAV 32e4 2 79 - 0.05 1.17 70832
aoULAV 32e4 2 79 - 0.05 1.25 70840
aoD2AG 32e4 2 79 - 0.07 1.70 88156
aoD2SG 32e4 2 79 - 0.07 2.08 90916
dry 5e4 10 154 - 0.04 0.13 33892
aoDLAV 5e4 10 154 - 0.04 7.48 40200
aoULAV 5e4 10 154 - 0.04 7.05 40216
aoD2AG 5e4 10 154 - 0.04 7.24 44984
aoD2SG 5e4 10 154 - 0.04 8.03 44996
dry 56e3 2 36 - 0.02 0.13 28240
aoDLAV 56e3 2 36 - 0.03 0.29 33516
aoULAV 56e3 2 36 - 0.03 0.31 34696
aoD2AG 56e3 2 36 - 0.03 0.35 37284
aoD2SG 56e3 2 36 - 0.04 0.39 37300
dry 350e2 2 72 - 0.03 0.12 27416
aoDLAV 350e2 2 72 - 0.02 0.24 31480
aoULAV 350e2 2 72 - 0.03 0.23 32260
aoD2AG 350e2 2 72 - 0.03 0.26 34852
aoD2SG 350e2 2 72 - 0.04 0.26 35132
dry 5e4 2 69 - 0.03 0.11 28004
aoDLAV 5e4 2 69 - 0.03 0.27 33012
aoULAV 5e4 2 69 - 0.02 0.28 33316
aoD2AG 5e4 2 69 - 0.03 0.34 36408
aoD2SG 5e4 2 69 - 0.03 0.35 36428
dry 56e4 2 126 - 0.03 0.19 41104
aoDLAV 56e4 2 126 - 0.08 1.98 107984
aoULAV 56e4 2 126 - 0.09 2.10 107984
aoD2AG 56e4 2 126 - 0.10 3.12 140000
aoD2SG 56e4 2 126 - 0.11 3.45 144000
dry 32e3 2 28 - 0.03 0.12 30764
aoDLAV 32e3 2 28 - 0.04 0.23 31440
aoULAV 32e3 2 28 - 0.03 0.22 32148
aoD2AG 32e3 2 28 - 0.03 0.25 35020
aoD2SG 32e3 2 28 - 0.03 0.27 34784
dry 5e4 10 181 - 0.03 0.14 33888
aoDLAV 5e4 10 181 - 0.03 8.04 40220
aoULAV 5e4 10 181 - 0.05 8.15 40204
aoD2AG 5e4 10 181 - 0.03 8.41 44980
aoD2SG 5e4 10 181 - 0.04 9.14 44996
dry 400e2 2 134 - 0.03 0.11 29572
aoDLAV 400e2 2 134 - 0.03 0.24 32236
aoULAV 400e2 2 134 - 0.04 0.24 33112
aoD2AG 400e2 2 134 - 0.03 0.29 36072
aoD2SG 400e2 2 134 - 0.04 0.29 35924
dry 1e5 5 140 - 0.03 0.13 34476
aoDLAV 1e5 5 140 - 0.04 1.63 41820
aoULAV 1e5 5 140 - 0.05 1.65 43568
aoD2AG 1e5 5 140 - 0.06 1.75 53564
aoD2SG 1e5 5 140 - 0.06 1.97 53204
dry 375e2 2 74 - 0.03 0.11 27516
aoDLAV 375e2 2 74 - 0.03 0.25 31784
aoULAV 375e2 2 74 - 0.04 0.24 32604
aoD2AG 375e2 2 74 - 0.03 0.28 35520
aoD2SG 375e2 2 74 - 0.03 0.29 35532
dry 1e5 2 95 - 0.02 0.14 29996
aoDLAV 1e5 2 95 - 0.03 0.45 34800
aoULAV 1e5 2 95 - 0.03 0.46 35320
aoD2AG 1e5 2 95 - 0.04 0.57 42684
aoD2SG 1e5 2 95 - 0.03 0.65 43800
dry 1e1 2 181 - 0.02 0.12 25992
aoDLAV 1e1 2 181 - 0.03 0.14 30164
aoULAV 1e1 2 181 - 0.02 0.15 30184
aoD2AG 1e1 2 181 - 0.03 0.14 30320
aoD2SG 1e1 2 181 - 0.03 0.14 30320
moore 1e1 2 181 - 0.02 0.19 30476
nbpm 1e1 2 181 - 0.06 2.17 49820
greedy 1e1 2 181 - 0.03 0.14 30124
dry 1e5 10 233 - 0.03 0.18 38396
aoDLAV 1e5 10 233 - 0.05 21.34 53536
aoULAV 1e5 10 233 - 0.05 23.18 55312
aoD2AG 1e5 10 233 - 0.05 22.69 62752
aoD2SG 1e5 10 233 - 0.05 25.14 66840
dry 250e2 2 46 - 0.02 0.12 27024
aoDLAV 250e2 2 46 - 0.02 0.20 31112
aoULAV 250e2 2 46 - 0.03 0.19 31212
aoD2AG 250e2 2 46 - 0.03 0.22 33860
aoD2SG 250e2 2 46 - 0.03 0.24 33960
dry 18e1 2 171 - 0.02 0.12 26008
aoDLAV 18e1 2 171 - 0.03 0.14 30184
aoULAV 18e1 2 171 - 0.03 0.13 30196
aoD2AG 18e1 2 171 - 0.02 0.15 30356
aoD2SG 18e1 2 171 - 0.03 0.14 30364
moore 18e1 2 171 - 0.03 0.22 30496
nbpm 18e1 2 171 - 0.07 2.18 54448
greedy 18e1 2 171 - 0.03 0.15 33348
dry 1e6 5 43 - 0.06 0.27 73152
aoDLAV 1e6 5 43 - 0.15 19.75 252688
aoULAV 1e6 5 43 - 0.18 20.01 252688
aoD2AG 1e6 5 43 - 0.21 21.02 324072
aoD2SG 1e6 5 43 - 0.23 25.40 333264
