dry 1e8 2 127 - 0.93 2.86 1983296
aoDLAV 1e8 2 127 - 8.09 631.14 14862072
aoULAV 1e8 2 127 - 9.94 637.79 14862068
aoD2AG 1e8 2 127 - 18.62 1009.99 21856076
aoD2SG 1e8 2 127 - 19.24 1075.42 22652792
dry 2e4 2 129 - 0.03 0.12 30532
aoDLAV 2e4 2 129 - 0.03 0.19 30808
aoULAV 2e4 2 129 - 0.03 0.20 30808
aoD2AG 2e4 2 129 - 0.04 0.21 32284
aoD2SG 2e4 2 129 - 0.04 0.21 32296
moore 2e4 2 129 - 3.48 7018.81 11765548
nbpm 2e4 2 129 - 29.07 2768.43 31402188
greedy 2e4 2 129 - 26.02 1249.83 43771040
dry 1e8 5 83 - 2.29 6.19 4327052
aoDLAV 1e8 5 83 - 11.39 2609.19 23065208
aoULAV 1e8 5 83 - 16.93 2623.10 23065204
aoD2AG 1e8 5 83 - 26.88 2909.08 30455344
aoD2SG 1e8 5 83 - 27.92 3558.08 31308336
dry 8e7 2 151 - 0.88 2.45 1592680
aoDLAV 8e7 2 151 - 6.62 460.09 11893324
aoULAV 8e7 2 151 - 8.24 489.71 11893328
aoD2AG 8e7 2 151 - 15.53 706.03 17487384
aoD2SG 8e7 2 151 - 16.15 807.36 18124344
dry 2e4 10 9 - 0.02 0.12 29364
aoDLAV 2e4 10 9 - 0.03 1.58 34836
aoULAV 2e4 10 9 - 0.04 1.79 34848
aoD2AG 2e4 10 9 - 0.03 1.60 36080
aoD2SG 2e4 10 9 - 0.03 2.10 36080
moore 2e4 10 9 - 3.42 6994.22 11770836
nbpm 2e4 10 9 - 29.59 6851.38 30880148
greedy 2e4 10 9 - 25.18 1284.24 43775824
dry 8e7 2 216 - 0.81 2.46 1592676
aoDLAV 8e7 2 216 - 6.40 466.24 11893324
aoULAV 8e7 2 216 - 8.21 509.07 11893324
aoD2AG 8e7 2 216 - 15.17 704.56 17489088
aoD2SG 8e7 2 216 - 15.94 801.05 18123840
dry 9e7 2 106 - 1.01 2.73 1787984
aoDLAV 9e7 2 106 - 7.49 516.33 13377688
aoULAV 9e7 2 106 - 9.31 552.90 13377684
aoD2AG 9e7 2 106 - 16.97 786.63 19669340
aoD2SG 9e7 2 106 - 18.60 973.32 20389564
dry 8e7 2 139 - 0.90 2.45 1592676
aoDLAV 8e7 2 139 - 6.39 473.97 11893324
aoULAV 8e7 2 139 - 8.32 511.29 11893324
aoD2AG 8e7 2 139 - 15.53 699.58 17486420
aoD2SG 8e7 2 139 - 16.20 815.03 18124288
dry 125e2 2 138 - 0.04 0.11 27952
aoDLAV 125e2 2 138 - 0.04 0.17 30708
aoULAV 125e2 2 138 - 0.03 0.18 30708
aoD2AG 125e2 2 138 - 0.03 0.19 31376
aoD2SG 125e2 2 138 - 0.03 0.20 31380
moore 125e2 2 138 - 1.53 2239.42 4611548
nbpm 125e2 2 138 - 11.30 833.60 12302328
greedy 125e2 2 138 - 9.46 428.18 17110012
dry 150e2 2 24 - 0.02 0.12 27952
aoDLAV 150e2 2 24 - 0.03 0.18 30824
aoULAV 150e2 2 24 - 0.03 0.18 30824
aoD2AG 150e2 2 24 - 0.04 0.19 31612
aoD2SG 150e2 2 24 - 0.03 0.20 31612
moore 150e2 2 24 - 2.07 3083.86 6629356
nbpm 150e2 2 24 - 15.12 1080.86 16814176
greedy 150e2 2 24 - 15.10 686.79 24630024
dry 1e8 5 100 - 2.65 6.38 4327052
aoDLAV 1e8 5 100 - 11.11 3250.62 23065208
aoULAV 1e8 5 100 - 16.44 2600.07 23065208
aoD2AG 1e8 5 100 - 26.46 2890.75 30457276
aoD2SG 1e8 5 100 - 27.20 3469.39 31312280
dry 1e8 5 232 - 2.24 6.14 4327052
aoDLAV 1e8 5 232 - 11.04 2566.25 23065204
aoULAV 1e8 5 232 - 16.08 2963.51 23065208
aoD2AG 1e8 5 232 - 25.68 3021.42 30459876
aoD2SG 1e8 5 232 - 27.55 4445.34 31309648
dry 2e4 10 199 - 0.04 0.12 29364
aoDLAV 2e4 10 199 - 0.04 1.83 34836
aoULAV 2e4 10 199 - 0.04 1.81 34848
aoD2AG 2e4 10 199 - 0.04 1.90 36076
aoD2SG 2e4 10 199 - 0.04 2.06 36076
moore 2e4 10 199 - 3.48 7169.09 11770836
nbpm 2e4 10 199 - 28.98 5674.22 30880036
greedy 2e4 10 199 - 25.69 1488.06 43775820
dry 1e8 2 72 - 1.10 3.09 1983296
aoDLAV 1e8 2 72 - 8.77 798.50 14862072
aoULAV 1e8 2 72 - 10.44 618.05 14862068
aoD2AG 1e8 2 72 - 18.95 899.11 21853676
aoD2SG 1e8 2 72 - 20.74 1033.95 22654980
dry 2e4 10 180 - 0.03 0.12 31816
aoDLAV 2e4 10 180 - 0.04 1.70 34840
aoULAV 2e4 10 180 - 0.03 1.63 34852
aoD2AG 2e4 10 180 - 0.04 1.66 36080
aoD2SG 2e4 10 180 - 0.04 1.89 36080
moore 2e4 10 180 - 3.40 7226.41 11770836
nbpm 2e4 10 180 - 28.71 6615.91 30880144
greedy 2e4 10 180 - 23.88 1306.72 43775820
dry 1e8 5 87 - 2.35 6.28 4327052
aoDLAV 1e8 5 87 - 11.19 2584.55 23065208
aoULAV 1e8 5 87 - 15.99 2677.35 23065208
aoD2AG 1e8 5 87 - 25.97 2932.23 30454328
aoD2SG 1e8 5 87 - 27.40 3623.19 31308820
dry 1e8 5 88 - 2.22 6.24 4327052
aoDLAV 1e8 5 88 - 11.26 2594.71 23065204
aoULAV 1e8 5 88 - 16.28 3533.06 23065204
aoD2AG 1e8 5 88 - 26.33 2923.79 30457864
aoD2SG 1e8 5 88 - 27.57 3477.13 31306012
dry 1e8 2 64 - 1.02 3.01 1983296
aoDLAV 1e8 2 64 - 7.87 583.28 14862072
aoULAV 1e8 2 64 - 10.33 640.77 14862068
aoD2AG 1e8 2 64 - 19.53 1001.83 21853388
aoD2SG 1e8 2 64 - 20.33 1034.31 22651576
dry 18e3 2 56 - 0.03 0.12 26748
aoDLAV 18e3 2 56 - 0.02 0.19 30744
aoULAV 18e3 2 56 - 0.03 0.19 30740
aoD2AG 18e3 2 56 - 0.04 0.20 31808
aoD2SG 18e3 2 56 - 0.03 0.22 31812
moore 18e3 2 56 - 2.88 4706.27 9534980
nbpm 18e3 2 56 - 23.61 1932.52 25451052
greedy 18e3 2 56 - 21.88 1050.20 35458372
dry 175e2 2 37 - 0.02 0.12 26736
aoDLAV 175e2 2 37 - 0.04 0.18 30716
aoULAV 175e2 2 37 - 0.03 0.19 30720
aoD2AG 175e2 2 37 - 0.04 0.20 31752
aoD2SG 175e2 2 37 - 0.04 0.20 31764
moore 175e2 2 37 - 2.70 5448.05 9014028
nbpm 175e2 2 37 - 21.51 2525.12 22863148
greedy 175e2 2 37 - 19.92 961.15 33516980
dry 18e3 2 88 - 0.03 0.12 26752
aoDLAV 18e3 2 88 - 0.03 0.19 30740
aoULAV 18e3 2 88 - 0.03 0.19 30744
aoD2AG 18e3 2 88 - 0.04 0.20 31808
aoD2SG 18e3 2 88 - 0.05 0.21 31812
moore 18e3 2 88 - 2.94 4858.14 9534976
nbpm 18e3 2 88 - 23.30 2003.71 25451056
greedy 18e3 2 88 - 20.71 1038.43 35458368
dry 1e8 5 102 - 2.22 6.25 4327052
aoDLAV 1e8 5 102 - 11.39 2639.67 23065204
aoULAV 1e8 5 102 - 17.24 2726.77 23065204
aoD2AG 1e8 5 102 - 26.62 2928.67 30456452
aoD2SG 1e8 5 102 - 27.92 3604.93 31311084
dry 125e2 2 33 - 0.03 0.11 26536
aoDLAV 125e2 2 33 - 0.03 0.18 30708
aoULAV 125e2 2 33 - 0.03 0.18 30708
aoD2AG 125e2 2 33 - 0.03 0.19 31376
aoD2SG 125e2 2 33 - 0.03 0.19 31380
moore 125e2 2 33 - 1.71 1526.38 4611552
nbpm 125e2 2 33 - 11.36 928.77 12302328
greedy 125e2 2 33 - 9.51 440.88 17109964
dry 8e7 2 13 - 0.86 2.43 1592676
aoDLAV 8e7 2 13 - 6.35 457.98 11893328
aoULAV 8e7 2 13 - 8.07 480.35 11893348
aoD2AG 8e7 2 13 - 14.71 683.79 17487716
aoD2SG 8e7 2 13 - 15.96 804.14 18127848
dry 2e4 2 8 - 0.03 0.12 26828
aoDLAV 2e4 2 8 - 0.03 0.18 30808
aoULAV 2e4 2 8 - 0.04 0.18 30808
aoD2AG 2e4 2 8 - 0.03 0.20 32284
aoD2SG 2e4 2 8 - 0.04 0.21 32292
moore 2e4 2 8 - 3.77 6774.59 11765544
nbpm 2e4 2 8 - 29.06 2712.06 31402192
greedy 2e4 2 8 - 24.08 1238.23 43771040
dry 1e8 5 201 - 2.34 6.21 4327052
aoDLAV 1e8 5 201 - 11.29 3081.46 23065208
aoULAV 1e8 5 201 - 17.09 3498.00 23065204
aoD2AG 1e8 5 201 - 25.69 3840.18 30455064
aoD2SG 1e8 5 201 - 27.96 3750.86 31313996
dry 8e7 2 69 - 0.87 2.44 1592676
aoDLAV 8e7 2 69 - 6.41 443.64 11893324
aoULAV 8e7 2 69 - 8.23 473.35 11893324
aoD2AG 8e7 2 69 - 14.69 682.13 17486628
aoD2SG 8e7 2 69 - 16.65 822.79 18125084
dry 175e2 2 238 - 0.03 0.11 26732
aoDLAV 175e2 2 238 - 0.04 0.19 30716
aoULAV 175e2 2 238 - 0.04 0.18 30720
aoD2AG 175e2 2 238 - 0.04 0.20 31752
aoD2SG 175e2 2 238 - 0.03 0.21 31764
moore 175e2 2 238 - 2.68 4866.04 9014020
nbpm 175e2 2 238 - 21.08 1863.70 22863136
greedy 175e2 2 238 - 18.87 939.33 33516976
dry 9e7 2 169 - 0.91 2.72 1787984
aoDLAV 9e7 2 169 - 6.91 643.46 13377684
aoULAV 9e7 2 169 - 9.07 541.33 13377688
aoD2AG 9e7 2 169 - 16.88 791.12 19670884
aoD2SG 9e7 2 169 - 18.12 930.31 20391316
dry 2e4 10 245 - 0.03 0.13 31200
aoDLAV 2e4 10 245 - 0.04 1.81 34836
aoULAV 2e4 10 245 - 0.04 1.78 34848
aoD2AG 2e4 10 245 - 0.04 1.82 36076
aoD2SG 2e4 10 245 - 0.03 2.39 36080
moore 2e4 10 245 - 3.57 7471.08 11770832
nbpm 2e4 10 245 - 29.14 7074.94 30880040
greedy 2e4 10 245 - 24.40 1257.52 43775820
dry 150e2 2 130 - 0.02 0.12 26632
aoDLAV 150e2 2 130 - 0.03 0.18 30824
aoULAV 150e2 2 130 - 0.02 0.19 30824
aoD2AG 150e2 2 130 - 0.02 0.20 31612
aoD2SG 150e2 2 130 - 0.03 0.20 31608
moore 150e2 2 130 - 2.16 3812.50 6629356
nbpm 150e2 2 130 - 14.54 1458.01 16814176
greedy 150e2 2 130 - 13.81 674.58 24630028
dry 125e2 2 208 - 0.03 0.12 26532
aoDLAV 125e2 2 208 - 0.04 0.17 30708
aoULAV 125e2 2 208 - 0.04 0.17 30708
aoD2AG 125e2 2 208 - 0.03 0.19 31376
aoD2SG 125e2 2 208 - 0.03 0.19 31380
moore 125e2 2 208 - 1.65 3127.11 4611544
nbpm 125e2 2 208 - 11.95 698.98 12302320
greedy 125e2 2 208 - 8.97 464.35 17109964
dry 175e2 2 77 - 0.02 0.13 26732
aoDLAV 175e2 2 77 - 0.04 0.18 30720
aoULAV 175e2 2 77 - 0.04 0.18 30716
aoD2AG 175e2 2 77 - 0.04 0.20 31752
aoD2SG 175e2 2 77 - 0.03 0.21 31764
moore 175e2 2 77 - 2.76 4130.05 9014028
