dry 6e7 2 60 - 0.59 1.86 1202044
aoDLAV 6e7 2 60 - 4.59 365.88 8924560
aoULAV 6e7 2 60 - 6.28 413.29 8924560
aoD2AG 6e7 2 60 - 11.59 543.43 13121280
aoD2SG 6e7 2 60 - 12.07 642.51 13600224
dry 25e2 2 231 - 0.03 0.11 26080
aoDLAV 25e2 2 231 - 0.04 0.13 30452
aoULAV 25e2 2 231 - 0.03 0.14 30464
aoD2AG 25e2 2 231 - 0.03 0.15 30972
aoD2SG 25e2 2 231 - 0.03 0.15 31020
moore 25e2 2 231 - 0.09 30.95 213596
nbpm 25e2 2 231 - 0.51 12.09 541636
greedy 25e2 2 231 - 0.39 8.50 713664
dry 1e4 5 18 - 0.03 0.12 26900
aoDLAV 1e4 5 18 - 0.03 0.21 31084
aoULAV 1e4 5 18 - 0.03 0.21 31096
aoD2AG 1e4 5 18 - 0.04 0.21 32108
aoD2SG 1e4 5 18 - 0.04 0.23 32108
moore 1e4 5 18 - 1.16 1110.08 2961736
nbpm 1e4 5 18 - 7.53 1074.13 7811460
greedy 1e4 5 18 - 6.34 291.44 10959172
dry 32e6 2 45 - 0.39 1.09 655176
aoDLAV 32e6 2 45 - 2.67 180.69 4768332
aoULAV 32e6 2 45 - 3.36 195.60 4768324
aoD2AG 32e6 2 45 - 6.55 268.96 7005680
aoD2SG 32e6 2 45 - 6.85 320.28 7261428
dry 5e7 2 244 - 0.58 1.63 1006772
aoDLAV 5e7 2 244 - 4.39 294.11 7440192
aoULAV 5e7 2 244 - 5.57 309.31 7440192
aoD2AG 5e7 2 244 - 9.88 436.54 10939244
aoD2SG 5e7 2 244 - 10.62 506.17 11339320
dry 6e7 2 239 - 0.73 1.90 1202044
aoDLAV 6e7 2 239 - 5.05 370.22 8924580
aoULAV 6e7 2 239 - 6.75 381.91 8924564
aoD2AG 6e7 2 239 - 12.12 547.03 13123716
aoD2SG 6e7 2 239 - 12.89 805.34 13600108
dry 4e7 2 9 - 0.51 1.33 811428
aoDLAV 4e7 2 9 - 3.55 229.82 5955820
aoULAV 4e7 2 9 - 4.38 242.97 5955820
aoD2AG 4e7 2 9 - 8.13 343.35 8753536
aoD2SG 4e7 2 9 - 8.39 399.05 9070448
dry 50e2 2 156 - 0.02 0.12 26208
aoDLAV 50e2 2 156 - 0.03 0.15 30852
aoULAV 50e2 2 156 - 0.03 0.15 30864
aoD2AG 50e2 2 156 - 0.03 0.16 31780
aoD2SG 50e2 2 156 - 0.03 0.16 31868
moore 50e2 2 156 - 0.49 168.05 764628
nbpm 50e2 2 156 - 1.96 65.89 2011920
greedy 50e2 2 156 - 1.59 60.43 2764780
dry 18e6 2 214 - 0.21 0.72 381736
aoDLAV 18e6 2 214 - 1.57 96.65 2690196
aoULAV 18e6 2 214 - 2.18 101.63 2690192
aoD2AG 18e6 2 214 - 3.22 148.22 3951124
aoD2SG 18e6 2 214 - 3.87 175.16 4093272
dry 1e4 5 75 - 0.02 0.13 26904
aoDLAV 1e4 5 75 - 0.04 0.22 31084
aoULAV 1e4 5 75 - 0.02 0.24 31096
aoD2AG 1e4 5 75 - 0.03 0.23 32108
aoD2SG 1e4 5 75 - 0.04 0.25 32108
moore 1e4 5 75 - 1.13 1084.75 2961736
nbpm 1e4 5 75 - 7.42 673.63 7811448
greedy 1e4 5 75 - 6.61 300.81 10959172
dry 1e4 2 161 - 0.03 0.12 26432
aoDLAV 1e4 2 161 - 0.03 0.18 31864
aoULAV 1e4 2 161 - 0.03 0.17 31876
aoD2AG 1e4 2 161 - 0.03 0.19 31876
aoD2SG 1e4 2 161 - 0.03 0.19 31988
moore 1e4 2 161 - 1.17 856.83 2960572
nbpm 1e4 2 161 - 7.75 359.24 7889416
greedy 1e4 2 161 - 7.19 273.98 10968572
dry 3e7 2 122 - 0.41 1.01 616104
aoDLAV 3e7 2 122 - 2.52 171.98 4471432
aoULAV 3e7 2 122 - 3.22 173.47 4471428
aoD2AG 3e7 2 122 - 5.25 244.60 6568300
aoD2SG 3e7 2 122 - 6.19 296.19 6809808
dry 18e6 2 38 - 0.23 0.71 381736
aoDLAV 18e6 2 38 - 1.60 97.07 2690196
aoULAV 18e6 2 38 - 2.04 102.34 2690196
aoD2AG 18e6 2 38 - 3.08 142.69 3952052
aoD2SG 18e6 2 38 - 3.27 172.08 4095772
dry 18e2 2 212 - 0.02 0.12 26048
aoDLAV 18e2 2 212 - 0.03 0.15 30372
aoULAV 18e2 2 212 - 0.04 0.15 30384
aoD2AG 18e2 2 212 - 0.03 0.16 30780
aoD2SG 18e2 2 212 - 0.03 0.16 30820
moore 18e2 2 212 - 0.06 16.33 125416
nbpm 18e2 2 212 - 0.18 7.89 334536
greedy 18e2 2 212 - 0.22 4.77 384352
dry 56e2 2 28 - 0.02 0.12 26240
aoDLAV 56e2 2 28 - 0.02 0.16 30976
aoULAV 56e2 2 28 - 0.02 0.16 30988
aoD2AG 56e2 2 28 - 0.02 0.18 31980
aoD2SG 56e2 2 28 - 0.03 0.18 31128
moore 56e2 2 28 - 1.35 348.49 952716
nbpm 56e2 2 28 - 2.44 74.98 2388080
greedy 56e2 2 28 - 1.94 81.57 3460492
dry 1e4 5 172 - 0.02 0.13 28732
aoDLAV 1e4 5 172 - 0.03 0.23 31084
aoULAV 1e4 5 172 - 0.03 0.22 31096
aoD2AG 1e4 5 172 - 0.03 0.23 32108
aoD2SG 1e4 5 172 - 0.03 0.23 32108
moore 1e4 5 172 - 1.18 1021.71 2961736
nbpm 1e4 5 172 - 7.55 647.45 7811452
greedy 1e4 5 172 - 6.44 292.90 10959172
dry 4e7 2 249 - 0.47 1.32 811428
aoDLAV 4e7 2 249 - 3.52 231.01 5955820
aoULAV 4e7 2 249 - 3.65 312.66 5955816
aoD2AG 4e7 2 249 - 7.85 352.47 8756880
aoD2SG 4e7 2 249 - 8.54 398.23 9074520
dry 1e4 10 247 - 0.04 0.12 27688
aoDLAV 1e4 10 247 - 0.03 0.72 32764
aoULAV 1e4 10 247 - 0.03 0.79 32776
aoD2AG 1e4 10 247 - 0.03 0.79 32744
aoD2SG 1e4 10 247 - 0.03 0.89 34180
moore 1e4 10 247 - 1.11 1083.15 2963852
nbpm 1e4 10 247 - 7.56 801.08 7764384
greedy 1e4 10 247 - 6.43 273.63 10961108
dry 75e2 2 68 - 0.02 0.12 26332
aoDLAV 75e2 2 68 - 0.02 0.16 31376
aoULAV 75e2 2 68 - 0.03 0.16 31388
aoD2AG 75e2 2 68 - 0.02 0.18 31380
aoD2SG 75e2 2 68 - 0.02 0.18 31380
moore 75e2 2 68 - 0.69 389.90 1683884
nbpm 75e2 2 68 - 4.45 155.93 4242132
greedy 75e2 2 68 - 3.87 154.97 6183088
dry 2e7 2 163 - 0.25 0.77 420800
aoDLAV 2e7 2 163 - 1.76 107.42 2987068
aoULAV 2e7 2 163 - 1.76 116.31 2987068
aoD2AG 2e7 2 163 - 3.39 161.05 4388392
aoD2SG 2e7 2 163 - 4.33 190.65 4548048
dry 32e6 2 199 - 0.38 1.09 655176
aoDLAV 32e6 2 199 - 2.72 183.79 4768324
aoULAV 32e6 2 199 - 2.72 197.29 4768324
aoD2AG 32e6 2 199 - 6.49 275.60 7006844
aoD2SG 32e6 2 199 - 7.16 312.34 7261048
dry 1e4 10 94 - 0.03 0.13 27688
aoDLAV 1e4 10 94 - 0.03 0.73 32764
aoULAV 1e4 10 94 - 0.04 0.79 32780
aoD2AG 1e4 10 94 - 0.05 0.84 32748
aoD2SG 1e4 10 94 - 0.04 0.80 34180
moore 1e4 10 94 - 1.16 824.31 2963852
nbpm 1e4 10 94 - 7.65 741.18 7764384
greedy 1e4 10 94 - 7.01 260.41 10961108
dry 4e7 2 196 - 0.48 1.32 811424
aoDLAV 4e7 2 196 - 3.47 285.82 5955816
aoULAV 4e7 2 196 - 4.25 241.09 5955820
aoD2AG 4e7 2 196 - 7.81 339.84 8754800
aoD2SG 4e7 2 196 - 8.26 419.08 9073924
dry 5e7 2 141 - 0.58 1.64 1006736
aoDLAV 5e7 2 141 - 4.24 302.68 7440196
aoULAV 5e7 2 141 - 5.66 319.22 7440192
aoD2AG 5e7 2 141 - 9.68 452.59 10939276
aoD2SG 5e7 2 141 - 10.46 595.84 11337308
dry 1e4 10 114 - 0.02 0.13 27692
aoDLAV 1e4 10 114 - 0.02 0.68 32764
aoULAV 1e4 10 114 - 0.03 0.73 32776
aoD2AG 1e4 10 114 - 0.03 0.73 32744
aoD2SG 1e4 10 114 - 0.04 0.90 34176
moore 1e4 10 114 - 1.21 1209.04 2963856
nbpm 1e4 10 114 - 7.68 752.24 7764380
greedy 1e4 10 114 - 6.80 273.29 10961108
dry 56e2 2 76 - 0.02 0.12 26236
aoDLAV 56e2 2 76 - 0.03 0.15 30980
aoULAV 56e2 2 76 - 0.02 0.16 30988
aoD2AG 56e2 2 76 - 0.03 0.17 31972
aoD2SG 56e2 2 76 - 0.03 0.18 31120
moore 56e2 2 76 - 1.10 290.29 952724
nbpm 56e2 2 76 - 2.57 95.50 2388088
greedy 56e2 2 76 - 2.16 81.69 3460488
dry 18e2 2 116 - 0.02 0.12 26048
aoDLAV 18e2 2 116 - 0.03 0.15 30372
aoULAV 18e2 2 116 - 0.04 0.15 30388
aoD2AG 18e2 2 116 - 0.03 0.16 30796
aoD2SG 18e2 2 116 - 0.03 0.15 30828
moore 18e2 2 116 - 0.06 25.35 125412
nbpm 18e2 2 116 - 0.20 7.63 334528
greedy 18e2 2 116 - 0.26 3.82 384356
dry 1e4 10 173 - 0.03 0.12 27688
aoDLAV 1e4 10 173 - 0.03 0.66 32764
aoULAV 1e4 10 173 - 0.03 0.66 32776
aoD2AG 1e4 10 173 - 0.03 0.69 32744
aoD2SG 1e4 10 173 - 0.03 0.76 34176
moore 1e4 10 173 - 1.20 1436.07 2963852
nbpm 1e4 10 173 - 7.85 692.71 7764392
greedy 1e4 10 173 - 6.74 273.22 10961108
dry 1e4 2 141 - 0.03 0.12 26432
aoDLAV 1e4 2 141 - 0.03 0.17 31864
aoULAV 1e4 2 141 - 0.03 0.18 31880
aoD2AG 1e4 2 141 - 0.03 0.19 31880
aoD2SG 1e4 2 141 - 0.03 0.19 31988
moore 1e4 2 141 - 1.22 916.34 2960572
nbpm 1e4 2 141 - 7.61 363.79 7889416
greedy 1e4 2 141 - 6.49 278.34 10968568
dry 50e2 2 196 - 0.02 0.12 26204
aoDLAV 50e2 2 196 - 0.03 0.16 30848
aoULAV 50e2 2 196 - 0.03 0.16 30860
aoD2AG 50e2 2 196 - 0.03 0.16 31784
aoD2SG 50e2 2 196 - 0.03 0.17 31860
moore 50e2 2 196 - 0.52 169.79 764632
nbpm 50e2 2 196 - 2.10 55.04 2011928
greedy 50e2 2 196 - 1.64 60.99 2764812
dry 75e2 2 241 - 0.02 0.13 26332
aoDLAV 75e2 2 241 - 0.02 0.16 31376
aoULAV 75e2 2 241 - 0.03 0.15 31388
aoD2AG 75e2 2 241 - 0.03 0.18 31384
aoD2SG 75e2 2 241 - 0.03 0.17 31384
moore 75e2 2 241 - 1.29 496.44 1688788
nbpm 75e2 2 241 - 4.35 160.94 4242124
greedy 75e2 2 241 - 3.89 161.59 6183096
dry 3e7 2 75 - 0.40 1.00 616104
aoDLAV 3e7 2 75 - 2.64 222.40 4471428
aoULAV 3e7 2 75 - 2.49 178.50 4471432
aoD2AG 3e7 2 75 - 6.09 262.75 6570128
aoD2SG 3e7 2 75 - 6.28 294.04 6808904
dry 1e4 5 231 - 0.03 0.11 26900
aoDLAV 1e4 5 231 - 0.03 0.21 31084
aoULAV 1e4 5 231 - 0.03 0.21 31096
aoD2AG 1e4 5 231 - 0.02 0.22 32108
aoD2SG 1e4 5 231 - 0.02 0.23 32112
moore 1e4 5 231 - 1.30 974.98 2961736
nbpm 1e4 5 231 - 7.68 740.00 7811452
greedy 1e4 5 231 - 6.15 299.26 10959172
dry 50e2 2 102 - 0.03 0.12 26204
aoDLAV 50e2 2 102 - 0.04 0.15 30848
aoULAV 50e2 2 102 - 0.02 0.16 30860
aoD2AG 50e2 2 102 - 0.04 0.15 31764
aoD2SG 50e2 2 102 - 0.03 0.17 31860
moore 50e2 2 102 - 0.72 215.69 764624
nbpm 50e2 2 102 - 1.88 56.35 2011916
greedy 50e2 2 102 - 1.83 64.41 2764780
dry 1e4 5 70 - 0.02 0.14 26900
aoDLAV 1e4 5 70 - 0.03 0.25 31088
aoULAV 1e4 5 70 - 0.03 0.25 31096
aoD2AG 1e4 5 70 - 0.03 0.25 32108
aoD2SG 1e4 5 70 - 0.03 0.24 32112
moore 1e4 5 70 - 1.12 961.91 2961736
nbpm 1e4 5 70 - 7.68 621.18 7811456
greedy 1e4 5 70 - 6.92 301.26 10959172
dry 2e7 2 161 - 0.25 0.77 420800
aoDLAV 2e7 2 161 - 1.78 107.12 2987072
aoULAV 2e7 2 161 - 2.27 112.42 2987068
aoD2AG 2e7 2 161 - 3.35 153.46 4387472
aoD2SG 2e7 2 161 - 3.71 180.37 4548576
dry 18e6 2 220 - 0.27 0.68 381740
aoDLAV 18e6 2 220 - 1.56 97.74 2690192
aoULAV 18e6 2 220 - 1.54 102.03 2690192
aoD2AG 18e6 2 220 - 3.80 142.82 3949584
aoD2SG 18e6 2 220 - 3.55 161.99 4093072
dry 50e2 2 37 - 0.04 0.10 26208
aoDLAV 50e2 2 37 - 0.03 0.15 30848
aoULAV 50e2 2 37 - 0.03 0.15 30860
aoD2AG 50e2 2 37 - 0.03 0.16 31832
aoD2SG 50e2 2 37 - 0.03 0.17 31856
moore 50e2 2 37 - 0.62 185.89 764628
nbpm 50e2 2 37 - 2.00 56.62 2011928
greedy 50e2 2 37 - 1.75 59.85 2764780
dry 2e7 2 217 - 0.26 0.73 420796
aoDLAV 2e7 2 217 - 1.85 107.26 2987068
aoULAV 2e7 2 217 - 1.74 116.17 2987068
aoD2AG 2e7 2 217 - 4.13 168.97 4387524
aoD2SG 2e7 2 217 - 3.83 191.89 4546392
dry 2e7 2 23 - 0.25 0.77 420800
aoDLAV 2e7 2 23 - 1.68 109.75 2987068
aoULAV 2e7 2 23 - 1.62 116.28 2987068
aoD2AG 2e7 2 23 - 3.93 159.19 4386488
aoD2SG 2e7 2 23 - 3.66 189.36 4548488
dry 3e7 2 42 - 0.34 1.03 616108
aoDLAV 3e7 2 42 - 2.44 164.64 4471428
aoULAV 3e7 2 42 - 2.57 181.20 4471428
aoD2AG 3e7 2 42 - 5.90 252.42 6570556
aoD2SG 3e7 2 42 - 6.28 293.88 6809464
dry 7e7 2 138 - 0.76 2.18 1397356
aoDLAV 7e7 2 138 - 5.65 416.65 10408936
aoULAV 7e7 2 138 - 7.54 454.99 10408940
aoD2AG 7e7 2 138 - 13.64 655.00 15306280
aoD2SG 7e7 2 138 - 15.26 839.07 15866936
dry 4e7 2 207 - 0.46 1.32 811424
aoDLAV 4e7 2 207 - 3.36 231.56 5955816
aoULAV 4e7 2 207 - 4.60 255.68 5955816
aoD2AG 4e7 2 207 - 7.91 357.61 8753640
aoD2SG 4e7 2 207 - 8.42 401.57 9074172
dry 3e7 2 204 - 0.34 1.03 616104
aoDLAV 3e7 2 204 - 2.45 171.39 4471428
aoULAV 3e7 2 204 - 3.16 174.73 4471428
aoD2AG 3e7 2 204 - 5.39 250.40 6571132
aoD2SG 3e7 2 204 - 5.48 298.68 6810592
dry 56e2 2 185 - 0.02 0.13 26236
aoDLAV 56e2 2 185 - 0.03 0.15 30976
aoULAV 56e2 2 185 - 0.03 0.15 30988
aoD2AG 56e2 2 185 - 0.03 0.17 31996
aoD2SG 56e2 2 185 - 0.03 0.17 31120
moore 56e2 2 185 - 0.70 226.12 952724
nbpm 56e2 2 185 - 2.48 83.25 2388088
greedy 56e2 2 185 - 2.21 80.06 3460492
dry 5e7 2 113 - 0.54 1.65 1006736
aoDLAV 5e7 2 113 - 4.00 292.31 7440196
aoULAV 5e7 2 113 - 5.54 311.68 7440192
aoD2AG 5e7 2 113 - 9.55 452.02 10937956
aoD2SG 5e7 2 113 - 10.67 672.10 11336808
dry 3e7 2 83 - 0.38 1.03 616104
aoDLAV 3e7 2 83 - 2.68 164.73 4471428
aoULAV 3e7 2 83 - 2.75 182.23 4471428
aoD2AG 3e7 2 83 - 6.09 251.35 6569524
aoD2SG 3e7 2 83 - 6.34 292.65 6810024
dry 18e6 2 10 - 0.24 0.67 381740
aoDLAV 18e6 2 10 - 1.45 90.83 2690200
aoULAV 18e6 2 10 - 1.64 100.42 2690192
aoD2AG 18e6 2 10 - 3.12 141.80 3950160
aoD2SG 18e6 2 10 - 3.86 166.10 4094284
dry 7e7 2 186 - 0.88 2.20 1397356
aoDLAV 7e7 2 186 - 7.14 434.79 10408936
aoULAV 7e7 2 186 - 7.91 461.53 10408936
aoD2AG 7e7 2 186 - 14.02 642.55 15303184
aoD2SG 7e7 2 186 - 15.19 807.35 15862052
dry 1e4 2 196 - 0.03 0.12 26436
aoDLAV 1e4 2 196 - 0.03 0.19 31868
aoULAV 1e4 2 196 - 0.03 0.18 31932
aoD2AG 1e4 2 196 - 0.04 0.18 31876
aoD2SG 1e4 2 196 - 0.03 0.19 31996
moore 1e4 2 196 - 1.08 1233.07 2960572
nbpm 1e4 2 196 - 7.50 574.63 7889420
greedy 1e4 2 196 - 6.59 268.63 10968568
dry 6e7 2 88 - 0.65 1.94 1202048
aoDLAV 6e7 2 88 - 4.98 352.04 8924560
aoULAV 6e7 2 88 - 6.46 376.68 8924564
aoD2AG 6e7 2 88 - 12.10 525.29 13119152
aoD2SG 6e7 2 88 - 12.35 634.49 13597336
dry 2e7 2 241 - 0.25 0.74 420800
aoDLAV 2e7 2 241 - 1.70 110.23 2987072
aoULAV 2e7 2 241 - 1.89 116.15 2987072
aoD2AG 2e7 2 241 - 4.21 166.39 4388780
aoD2SG 2e7 2 241 - 3.87 186.92 4547280
