dry 32e5 2 249 - 0.08 0.31 92680
aoDLAV 32e5 2 249 - 0.26 9.22 493324
aoULAV 32e5 2 249 - 0.23 9.93 493336
aoD2AG 32e5 2 249 - 0.40 19.14 716792
aoD2SG 32e5 2 249 - 0.40 18.09 743544
dry 18e5 2 1 - 0.04 0.19 65324
aoDLAV 18e5 2 1 - 0.15 5.82 285528
aoULAV 18e5 2 1 - 0.13 6.58 285520
aoD2AG 18e5 2 1 - 0.25 9.74 412732
aoD2SG 18e5 2 1 - 0.21 11.20 427456
dry 1e7 2 59 - 0.12 0.44 225484
aoDLAV 1e7 2 59 - 0.73 44.82 1502684
aoULAV 1e7 2 59 - 0.74 47.43 1502684
aoD2AG 1e7 2 59 - 1.57 66.97 2202772
aoD2SG 1e7 2 59 - 1.77 77.70 2283596
dry 1e7 10 18 - 0.44 1.38 850512
aoDLAV 1e7 10 18 - 1.58 4751.36 3533952
aoULAV 1e7 10 18 - 2.85 4818.56 3533956
aoD2AG 1e7 10 18 - 4.00 4923.35 4337668
aoD2SG 1e7 10 18 - 3.57 5780.80 4425428
dry 1e7 2 97 - 0.13 0.45 225484
aoDLAV 1e7 2 97 - 0.84 44.66 1502688
aoULAV 1e7 2 97 - 0.79 47.16 1502684
aoD2AG 1e7 2 97 - 1.57 66.71 2204212
aoD2SG 1e7 2 97 - 1.65 77.29 2281284
dry 1e7 10 81 - 0.48 1.35 850508
aoDLAV 1e7 10 81 - 1.61 4808.29 3533952
aoULAV 1e7 10 81 - 2.38 4740.70 3533956
aoD2AG 1e7 10 81 - 3.43 4793.38 4337592
aoD2SG 1e7 10 81 - 3.65 5878.53 4428892
dry 1e7 5 247 - 0.23 0.78 459868
aoDLAV 1e7 5 247 - 1.04 213.58 2323020
aoULAV 1e7 5 247 - 1.41 214.66 2323016
aoD2AG 1e7 5 247 - 1.99 238.57 3063372
aoD2SG 1e7 5 247 - 2.44 283.36 3149320
dry 1e7 10 24 - 0.43 1.36 850512
aoDLAV 1e7 10 24 - 1.53 4781.67 3533960
aoULAV 1e7 10 24 - 2.31 4813.29 3533972
aoD2AG 1e7 10 24 - 3.65 4843.13 4336920
aoD2SG 1e7 10 24 - 3.61 5797.15 4425340
dry 1e7 10 103 - 0.42 1.37 850508
aoDLAV 1e7 10 103 - 1.53 4900.17 3533956
aoULAV 1e7 10 103 - 2.26 4833.95 3534064
aoD2AG 1e7 10 103 - 3.57 4799.44 4335960
aoD2SG 1e7 10 103 - 3.62 5872.41 4426440
dry 1e7 2 216 - 0.13 0.46 225484
aoDLAV 1e7 2 216 - 0.76 44.32 1502684
aoULAV 1e7 2 216 - 0.75 47.01 1502688
aoD2AG 1e7 2 216 - 1.58 66.54 2202904
aoD2SG 1e7 2 216 - 1.64 77.00 2283908
dry 32e5 2 43 - 0.07 0.24 92676
aoDLAV 32e5 2 43 - 0.27 11.93 493324
aoULAV 32e5 2 43 - 0.28 12.73 493336
aoD2AG 32e5 2 43 - 0.41 18.31 717444
aoD2SG 32e5 2 43 - 0.43 20.95 742268
dry 1e7 5 130 - 0.24 0.79 459868
aoDLAV 1e7 5 130 - 1.00 215.91 2323016
aoULAV 1e7 5 130 - 1.54 217.10 2323016
aoD2AG 1e7 5 130 - 1.97 241.79 3064972
aoD2SG 1e7 5 130 - 2.56 284.63 3150112
dry 1e7 5 15 - 0.23 0.79 459872
aoDLAV 1e7 5 15 - 1.11 214.53 2323020
aoULAV 1e7 5 15 - 1.45 217.75 2323020
aoD2AG 1e7 5 15 - 2.03 239.80 3065504
aoD2SG 1e7 5 15 - 2.55 281.69 3150204
dry 56e5 2 14 - 0.08 0.32 139548
aoDLAV 56e5 2 14 - 0.46 22.78 849556
aoULAV 56e5 2 14 - 0.46 24.23 849560
aoD2AG 56e5 2 14 - 0.75 34.65 1242344
aoD2SG 56e5 2 14 - 0.90 39.60 1287872
dry 1e7 10 29 - 0.43 1.37 850512
aoDLAV 1e7 10 29 - 1.54 4796.43 3533960
aoULAV 1e7 10 29 - 2.46 4768.28 3533956
aoD2AG 1e7 10 29 - 3.52 4794.48 4337652
aoD2SG 1e7 10 29 - 3.67 5718.52 4429240
dry 18e5 2 179 - 0.04 0.21 65328
aoDLAV 18e5 2 179 - 0.16 6.43 285556
aoULAV 18e5 2 179 - 0.16 6.75 285520
aoD2AG 18e5 2 179 - 0.22 9.83 413448
aoD2SG 18e5 2 179 - 0.26 11.25 428052
dry 56e5 2 79 - 0.08 0.32 139544
aoDLAV 56e5 2 79 - 0.45 23.37 849560
aoULAV 56e5 2 79 - 0.41 24.56 849556
aoD2AG 56e5 2 79 - 0.74 34.07 1242312
aoD2SG 56e5 2 79 - 0.78 39.49 1287044
dry 32e5 2 38 - 0.05 0.25 92676
aoDLAV 32e5 2 38 - 0.25 11.95 493324
aoULAV 32e5 2 38 - 0.26 12.66 493336
aoD2AG 32e5 2 38 - 0.39 18.22 718660
aoD2SG 32e5 2 38 - 0.45 20.99 744524
dry 1e7 5 94 - 0.24 0.79 459868
aoDLAV 1e7 5 94 - 1.08 217.77 2323016
aoULAV 1e7 5 94 - 1.57 219.72 2323020
aoD2AG 1e7 5 94 - 2.54 242.23 3064264
aoD2SG 1e7 5 94 - 2.58 287.08 3150800
dry 56e5 2 83 - 0.09 0.34 139544
aoDLAV 56e5 2 83 - 0.45 23.68 849560
aoULAV 56e5 2 83 - 0.46 24.36 849556
aoD2AG 56e5 2 83 - 0.75 34.59 1242864
aoD2SG 56e5 2 83 - 0.72 39.78 1286220
dry 18e5 2 128 - 0.05 0.21 65324
aoDLAV 18e5 2 128 - 0.18 6.33 285508
aoULAV 18e5 2 128 - 0.16 6.74 285520
aoD2AG 18e5 2 128 - 0.25 9.79 412176
aoD2SG 18e5 2 128 - 0.26 11.06 426360
dry 56e5 2 25 - 0.09 0.31 139544
aoDLAV 56e5 2 25 - 0.42 22.92 849556
aoULAV 56e5 2 25 - 0.43 24.40 849556
aoD2AG 56e5 2 25 - 0.70 34.68 1241780
aoD2SG 56e5 2 25 - 0.91 39.76 1287308
dry 18e5 2 9 - 0.04 0.21 65328
aoDLAV 18e5 2 9 - 0.16 6.35 285672
aoULAV 18e5 2 9 - 0.16 6.77 285524
aoD2AG 18e5 2 9 - 0.25 9.79 411944
aoD2SG 18e5 2 9 - 0.24 11.12 427792
dry 18e5 2 40 - 0.05 0.21 65324
aoDLAV 18e5 2 40 - 0.15 6.43 285512
aoULAV 18e5 2 40 - 0.16 6.83 285520
aoD2AG 18e5 2 40 - 0.25 9.86 413188
aoD2SG 18e5 2 40 - 0.23 11.21 427188
dry 56e5 2 96 - 0.08 0.32 139608
aoDLAV 56e5 2 96 - 0.44 22.94 849560
aoULAV 56e5 2 96 - 0.45 24.40 849556
aoD2AG 56e5 2 96 - 0.72 34.65 1242320
aoD2SG 56e5 2 96 - 0.74 39.84 1287040
dry 56e5 2 137 - 0.07 0.32 139544
aoDLAV 56e5 2 137 - 0.47 22.51 849560
aoULAV 56e5 2 137 - 0.44 23.98 849556
aoD2AG 56e5 2 137 - 0.77 34.28 1242248
aoD2SG 56e5 2 137 - 0.88 39.12 1286160
dry 18e5 2 165 - 0.04 0.21 65324
aoDLAV 18e5 2 165 - 0.16 6.40 285508
aoULAV 18e5 2 165 - 0.16 6.81 285520
aoD2AG 18e5 2 165 - 0.24 9.87 411796
aoD2SG 18e5 2 165 - 0.25 11.22 426324
dry 1e7 10 215 - 0.41 1.38 850508
aoDLAV 1e7 10 215 - 1.64 6018.83 3533956
aoULAV 1e7 10 215 - 2.38 4792.39 3533952
aoD2AG 1e7 10 215 - 3.65 4770.70 4337332
aoD2SG 1e7 10 215 - 3.56 5735.58 4427212
dry 18e5 2 72 - 0.04 0.21 65324
aoDLAV 18e5 2 72 - 0.16 6.28 285508
aoULAV 18e5 2 72 - 0.17 6.62 285540
aoD2AG 18e5 2 72 - 0.25 9.62 412296
aoD2SG 18e5 2 72 - 0.26 10.95 426172
dry 1e7 2 25 - 0.11 0.45 225484
aoDLAV 1e7 2 25 - 0.75 43.57 1502688
aoULAV 1e7 2 25 - 0.74 46.55 1502688
aoD2AG 1e7 2 25 - 1.49 65.60 2202844
aoD2SG 1e7 2 25 - 1.77 76.24 2284028
dry 1e7 5 14 - 0.23 0.79 459868
aoDLAV 1e7 5 14 - 1.02 213.17 2323020
aoULAV 1e7 5 14 - 1.45 218.68 2323016
aoD2AG 1e7 5 14 - 2.06 239.51 3064248
aoD2SG 1e7 5 14 - 2.52 288.97 3149048
dry 1e7 5 43 - 0.22 0.79 459868
aoDLAV 1e7 5 43 - 1.06 216.44 2323020
aoULAV 1e7 5 43 - 1.45 219.01 2323016
aoD2AG 1e7 5 43 - 2.37 242.29 3064088
aoD2SG 1e7 5 43 - 2.10 284.97 3150008
dry 56e5 2 151 - 0.08 0.32 139548
aoDLAV 56e5 2 151 - 0.42 22.94 849556
aoULAV 56e5 2 151 - 0.49 24.53 849560
aoD2AG 56e5 2 151 - 0.86 34.70 1241620
aoD2SG 56e5 2 151 - 0.78 39.38 1288092
dry 1e7 5 118 - 0.23 0.78 459868
aoDLAV 1e7 5 118 - 1.06 215.55 2323016
aoULAV 1e7 5 118 - 1.48 216.52 2323020
aoD2AG 1e7 5 118 - 1.93 240.50 3063636
aoD2SG 1e7 5 118 - 2.57 285.52 3148940
dry 18e5 2 168 - 0.04 0.21 65324
aoDLAV 18e5 2 168 - 0.16 6.32 285508
aoULAV 18e5 2 168 - 0.16 6.73 285520
aoD2AG 18e5 2 168 - 0.25 9.75 413812
aoD2SG 18e5 2 168 - 0.26 11.11 426572
dry 1e7 2 43 - 0.13 0.43 225488
aoDLAV 1e7 2 43 - 0.79 42.76 1502688
aoULAV 1e7 2 43 - 0.72 45.49 1502688
aoD2AG 1e7 2 43 - 1.54 65.14 2205020
aoD2SG 1e7 2 43 - 1.83 74.60 2281684
dry 1e7 2 130 - 0.13 0.43 225484
aoDLAV 1e7 2 130 - 0.76 44.03 1502684
aoULAV 1e7 2 130 - 0.83 46.60 1502688
aoD2AG 1e7 2 130 - 1.52 63.51 2203660
aoD2SG 1e7 2 130 - 1.80 73.93 2285264
