dry 125e2 2 195 - 0.03 0.11 26536
aoDLAV 125e2 2 195 - 0.03 0.18 30708
aoULAV 125e2 2 195 - 0.02 0.18 30712
aoD2AG 125e2 2 195 - 0.02 0.19 31376
aoD2SG 125e2 2 195 - 0.03 0.18 31380
moore 125e2 2 195 - 1.55 1884.73 4611540
nbpm 125e2 2 195 - 11.59 653.69 12302364
greedy 125e2 2 195 - 9.71 480.11 17109968
dry 1e8 2 106 - 1.07 3.10 1983300
aoDLAV 1e8 2 106 - 8.04 632.39 14862068
aoULAV 1e8 2 106 - 10.54 657.96 14862072
aoD2AG 1e8 2 106 - 18.34 922.56 21856804
aoD2SG 1e8 2 106 - 19.34 1073.49 22653404
dry 9e7 2 138 - 0.92 2.74 1787984
aoDLAV 9e7 2 138 - 6.79 527.42 13377688
aoULAV 9e7 2 138 - 9.03 566.47 13377684
aoD2AG 9e7 2 138 - 17.08 809.89 19671644
aoD2SG 9e7 2 138 - 17.87 932.43 20391376
dry 125e2 2 24 - 0.02 0.11 26536
aoDLAV 125e2 2 24 - 0.02 0.17 30712
aoULAV 125e2 2 24 - 0.03 0.17 30712
aoD2AG 125e2 2 24 - 0.02 0.19 31376
aoD2SG 125e2 2 24 - 0.03 0.19 31376
moore 125e2 2 24 - 1.59 1625.18 4611552
nbpm 125e2 2 24 - 11.52 693.28 12302328
greedy 125e2 2 24 - 9.38 430.88 17109968
dry 9e7 2 234 - 1.90 2.72 1787988
aoDLAV 9e7 2 234 - 8.48 513.71 13377684
aoULAV 9e7 2 234 - 9.40 549.15 13377688
aoD2AG 9e7 2 234 - 16.89 761.61 19667308
aoD2SG 9e7 2 234 - 17.98 923.28 20389584
dry 18e3 2 153 - 0.02 0.13 26752
aoDLAV 18e3 2 153 - 0.03 0.19 30744
aoULAV 18e3 2 153 - 0.03 0.19 30744
aoD2AG 18e3 2 153 - 0.02 0.21 31808
aoD2SG 18e3 2 153 - 0.03 0.21 31812
moore 18e3 2 153 - 2.94 5851.37 9534984
nbpm 18e3 2 153 - 23.45 1964.32 25451064
greedy 18e3 2 153 - 19.12 1062.85 35458364
dry 9e7 2 135 - 1.01 2.79 1787984
aoDLAV 9e7 2 135 - 8.15 534.01 13377688
aoULAV 9e7 2 135 - 9.65 570.70 13377684
aoD2AG 9e7 2 135 - 17.18 815.09 19671028
aoD2SG 9e7 2 135 - 17.64 965.76 20390488
dry 8e7 2 190 - 0.88 2.45 1592676
aoDLAV 8e7 2 190 - 6.23 473.29 11893324
aoULAV 8e7 2 190 - 8.43 509.14 11893324
aoD2AG 8e7 2 190 - 14.85 710.27 17489816
aoD2SG 8e7 2 190 - 15.54 813.15 18125156
dry 8e7 2 138 - 0.86 2.43 1592680
aoDLAV 8e7 2 138 - 6.28 462.46 11893328
aoULAV 8e7 2 138 - 8.03 483.51 11893324
aoD2AG 8e7 2 138 - 15.38 681.69 17486332
aoD2SG 8e7 2 138 - 15.76 813.03 18127288
dry 2e4 5 138 - 0.03 0.11 31012
aoDLAV 2e4 5 138 - 0.03 0.28 32756
aoULAV 2e4 5 138 - 0.04 0.31 32768
aoD2AG 2e4 5 138 - 0.03 0.32 33344
aoD2SG 2e4 5 138 - 0.02 0.34 32860
moore 2e4 5 138 - 3.36 6212.82 11768084
nbpm 2e4 5 138 - 28.94 4612.67 34200496
greedy 2e4 5 138 - 24.85 1339.26 43774008
dry 175e2 2 177 - 0.02 0.12 26732
aoDLAV 175e2 2 177 - 0.03 0.18 30716
aoULAV 175e2 2 177 - 0.02 0.19 30716
aoD2AG 175e2 2 177 - 0.03 0.20 31756
aoD2SG 175e2 2 177 - 0.04 0.19 31760
moore 175e2 2 177 - 2.77 4260.04 9014024
nbpm 175e2 2 177 - 22.67 1814.19 22863136
greedy 175e2 2 177 - 18.50 995.89 33516980
dry 8e7 2 205 - 0.91 2.45 1592676
aoDLAV 8e7 2 205 - 6.71 467.29 11893328
aoULAV 8e7 2 205 - 8.60 499.06 11893324
aoD2AG 8e7 2 205 - 15.37 688.81 17488724
aoD2SG 8e7 2 205 - 15.84 842.85 18127380
dry 18e3 2 18 - 0.03 0.12 26752
aoDLAV 18e3 2 18 - 0.03 0.18 30740
aoULAV 18e3 2 18 - 0.03 0.19 30740
aoD2AG 18e3 2 18 - 0.04 0.20 31804
aoD2SG 18e3 2 18 - 0.03 0.21 31812
moore 18e3 2 18 - 2.89 4767.04 9534980
nbpm 18e3 2 18 - 23.82 2038.27 25451056
greedy 18e3 2 18 - 19.79 1016.78 35458368
dry 150e2 2 184 - 0.03 0.11 26628
aoDLAV 150e2 2 184 - 0.02 0.19 30828
aoULAV 150e2 2 184 - 0.03 0.19 30828
aoD2AG 150e2 2 184 - 0.05 0.18 31608
aoD2SG 150e2 2 184 - 0.02 0.21 31608
moore 150e2 2 184 - 2.04 3303.78 6629344
nbpm 150e2 2 184 - 14.91 1153.53 16814168
greedy 150e2 2 184 - 14.36 669.11 24630024
dry 150e2 2 199 - 0.04 0.11 26628
aoDLAV 150e2 2 199 - 0.03 0.18 30824
aoULAV 150e2 2 199 - 0.03 0.18 30824
aoD2AG 150e2 2 199 - 0.04 0.20 31608
aoD2SG 150e2 2 199 - 0.03 0.20 31608
moore 150e2 2 199 - 2.14 3502.66 6629352
nbpm 150e2 2 199 - 14.69 1211.73 16814180
greedy 150e2 2 199 - 13.36 645.45 24630024
dry 9e7 2 151 - 0.99 2.74 1787988
aoDLAV 9e7 2 151 - 7.32 682.19 13377684
aoULAV 9e7 2 151 - 8.79 546.18 13377684
aoD2AG 9e7 2 151 - 16.89 786.28 19672160
aoD2SG 9e7 2 151 - 18.68 925.33 20387688
dry 9e7 2 236 - 1.00 2.77 1787984
aoDLAV 9e7 2 236 - 7.40 522.22 13377684
aoULAV 9e7 2 236 - 9.66 547.91 13377684
aoD2AG 9e7 2 236 - 16.69 820.59 19673468
aoD2SG 9e7 2 236 - 17.80 959.05 20393220
dry 125e2 2 51 - 0.02 0.12 26532
aoDLAV 125e2 2 51 - 0.03 0.18 30708
aoULAV 125e2 2 51 - 0.03 0.18 30708
aoD2AG 125e2 2 51 - 0.03 0.19 31380
aoD2SG 125e2 2 51 - 0.03 0.19 31376
moore 125e2 2 51 - 1.57 1797.40 4611548
nbpm 125e2 2 51 - 11.33 673.48 12302328
greedy 125e2 2 51 - 8.95 442.80 17109968
dry 2e4 2 38 - 0.03 0.12 26828
aoDLAV 2e4 2 38 - 0.03 0.19 30812
aoULAV 2e4 2 38 - 0.03 0.20 30812
aoD2AG 2e4 2 38 - 0.03 0.21 32344
aoD2SG 2e4 2 38 - 0.05 0.20 32288
moore 2e4 2 38 - 3.61 8473.97 11765548
nbpm 2e4 2 38 - 28.90 4337.10 31402188
greedy 2e4 2 38 - 24.42 1189.28 43771040
dry 125e2 2 193 - 0.03 0.13 28456
aoDLAV 125e2 2 193 - 0.05 0.19 30712
aoULAV 125e2 2 193 - 0.02 0.19 30708
aoD2AG 125e2 2 193 - 0.03 0.18 31376
aoD2SG 125e2 2 193 - 0.04 0.17 31376
moore 125e2 2 193 - 1.55 1584.63 4611540
nbpm 125e2 2 193 - 11.47 877.75 12302324
greedy 125e2 2 193 - 9.35 450.73 17109964
dry 175e2 2 169 - 0.03 0.12 26732
aoDLAV 175e2 2 169 - 0.02 0.20 30716
aoULAV 175e2 2 169 - 0.03 0.18 30716
aoD2AG 175e2 2 169 - 0.04 0.20 31752
aoD2SG 175e2 2 169 - 0.03 0.21 31756
moore 175e2 2 169 - 2.75 4959.21 9014032
nbpm 175e2 2 169 - 21.07 1750.80 22863144
greedy 175e2 2 169 - 19.66 963.52 33516976
dry 1e8 5 106 - 2.43 6.38 4327080
aoDLAV 1e8 5 106 - 11.65 2779.71 23065204
aoULAV 1e8 5 106 - 16.61 2749.01 23065204
aoD2AG 1e8 5 106 - 25.95 3828.91 30454396
aoD2SG 1e8 5 106 - 27.35 3543.67 31314164
dry 125e2 2 146 - 0.03 0.12 26536
aoDLAV 125e2 2 146 - 0.03 0.18 30708
aoULAV 125e2 2 146 - 0.02 0.18 30712
aoD2AG 125e2 2 146 - 0.02 0.19 31376
aoD2SG 125e2 2 146 - 0.03 0.19 31380
moore 125e2 2 146 - 1.64 1614.24 4611540
nbpm 125e2 2 146 - 11.43 677.27 12302320
greedy 125e2 2 146 - 9.07 455.99 17109964
dry 2e4 2 234 - 0.03 0.11 27956
aoDLAV 2e4 2 234 - 0.03 0.19 30808
aoULAV 2e4 2 234 - 0.03 0.19 30812
aoD2AG 2e4 2 234 - 0.03 0.21 32284
aoD2SG 2e4 2 234 - 0.04 0.21 32292
moore 2e4 2 234 - 3.52 6747.63 11765544
nbpm 2e4 2 234 - 29.34 2691.17 31402192
greedy 2e4 2 234 - 24.45 1224.51 43771040
dry 8e7 2 38 - 0.89 2.42 1592676
aoDLAV 8e7 2 38 - 6.52 456.70 11893328
aoULAV 8e7 2 38 - 8.41 477.62 11893328
aoD2AG 8e7 2 38 - 15.27 694.75 17488176
aoD2SG 8e7 2 38 - 16.11 799.15 18125996
dry 2e4 5 91 - 0.03 0.11 31016
aoDLAV 2e4 5 91 - 0.02 0.28 32756
aoULAV 2e4 5 91 - 0.03 0.32 32768
aoD2AG 2e4 5 91 - 0.03 0.34 33340
aoD2SG 2e4 5 91 - 0.04 0.35 32860
moore 2e4 5 91 - 3.71 7981.75 11768080
nbpm 2e4 5 91 - 28.60 4645.41 34200496
greedy 2e4 5 91 - 24.38 1393.88 43774008
dry 2e4 5 192 - 0.03 0.11 27780
aoDLAV 2e4 5 192 - 0.03 0.28 32756
aoULAV 2e4 5 192 - 0.03 0.30 32768
aoD2AG 2e4 5 192 - 0.04 0.33 33344
aoD2SG 2e4 5 192 - 0.03 0.34 32860
moore 2e4 5 192 - 3.38 6769.26 11768092
nbpm 2e4 5 192 - 28.75 4704.12 34200508
greedy 2e4 5 192 - 23.57 1267.09 43774008
dry 9e7 2 112 - 0.96 2.73 1787984
aoDLAV 9e7 2 112 - 7.14 525.33 13377688
aoULAV 9e7 2 112 - 9.60 577.40 13377684
aoD2AG 9e7 2 112 - 17.65 821.34 19671700
aoD2SG 9e7 2 112 - 17.64 924.45 20390016
dry 2e4 2 78 - 0.03 0.12 26828
aoDLAV 2e4 2 78 - 0.04 0.20 30808
aoULAV 2e4 2 78 - 0.03 0.19 30808
aoD2AG 2e4 2 78 - 0.02 0.22 32284
aoD2SG 2e4 2 78 - 0.03 0.22 32288
moore 2e4 2 78 - 3.35 6567.26 11765552
nbpm 2e4 2 78 - 29.02 2840.34 31402224
greedy 2e4 2 78 - 26.04 1328.29 43771040
dry 9e7 2 21 - 1.07 2.77 1787984
aoDLAV 9e7 2 21 - 7.84 599.54 13377684
aoULAV 9e7 2 21 - 9.79 589.98 13377684
aoD2AG 9e7 2 21 - 17.06 810.70 19667252
aoD2SG 9e7 2 21 - 17.39 1142.60 20384396
dry 1e8 5 96 - 2.39 6.22 4327056
aoDLAV 1e8 5 96 - 11.61 2645.38 23065208
aoULAV 1e8 5 96 - 16.73 2667.64 23065204
aoD2AG 1e8 5 96 - 26.26 2876.31 30457388
aoD2SG 1e8 5 96 - 28.62 3562.51 31311904
dry 150e2 2 194 - 0.03 0.12 26632
aoDLAV 150e2 2 194 - 0.03 0.19 30824
aoULAV 150e2 2 194 - 0.03 0.19 30824
aoD2AG 150e2 2 194 - 0.03 0.20 31608
aoD2SG 150e2 2 194 - 0.03 0.21 31612
moore 150e2 2 194 - 2.11 2927.32 6629344
nbpm 150e2 2 194 - 14.69 1148.76 16814168
greedy 150e2 2 194 - 13.64 666.03 24630024
dry 8e7 2 77 - 0.91 2.44 1592676
aoDLAV 8e7 2 77 - 6.54 472.31 11893324
aoULAV 8e7 2 77 - 8.63 503.34 11893328
aoD2AG 8e7 2 77 - 16.02 716.49 17486868
aoD2SG 8e7 2 77 - 16.11 835.87 18126244
dry 8e7 2 98 - 0.83 2.45 1592680
aoDLAV 8e7 2 98 - 6.49 474.38 11893324
aoULAV 8e7 2 98 - 8.55 511.85 11893328
aoD2AG 8e7 2 98 - 14.98 828.95 17488324
aoD2SG 8e7 2 98 - 15.95 834.04 18127116
dry 150e2 2 80 - 0.02 0.12 26632
aoDLAV 150e2 2 80 - 0.03 0.17 30824
aoULAV 150e2 2 80 - 0.04 0.18 30828
aoD2AG 150e2 2 80 - 0.02 0.20 31612
aoD2SG 150e2 2 80 - 0.03 0.19 31668
moore 150e2 2 80 - 2.24 3264.30 6629356
nbpm 150e2 2 80 - 14.64 1149.85 16814176
greedy 150e2 2 80 - 13.77 655.16 24630024
dry 2e4 2 130 - 0.02 0.12 26828
aoDLAV 2e4 2 130 - 0.03 0.19 30808
aoULAV 2e4 2 130 - 0.03 0.19 30808
aoD2AG 2e4 2 130 - 0.04 0.20 32288
aoD2SG 2e4 2 130 - 0.03 0.21 32288
moore 2e4 2 130 - 3.50 7047.91 11765544
nbpm 2e4 2 130 - 29.55 2841.59 31402188
greedy 2e4 2 130 - 23.35 1257.49 43771040
dry 2e4 5 113 - 0.02 0.12 27780
aoDLAV 2e4 5 113 - 0.03 0.29 32756
aoULAV 2e4 5 113 - 0.03 0.29 32772
aoD2AG 2e4 5 113 - 0.03 0.32 33344
aoD2SG 2e4 5 113 - 0.04 0.34 32860
moore 2e4 5 113 - 3.55 6119.90 11768084
nbpm 2e4 5 113 - 29.53 4850.30 34200496
greedy 2e4 5 113 - 23.61 1281.16 43774004
dry 175e2 2 243 - 0.04 0.11 26736
aoDLAV 175e2 2 243 - 0.03 0.18 30716
aoULAV 175e2 2 243 - 0.03 0.18 30716
aoD2AG 175e2 2 243 - 0.03 0.20 31752
aoD2SG 175e2 2 243 - 0.04 0.21 31756
moore 175e2 2 243 - 2.84 4381.55 9014020
nbpm 175e2 2 243 - 21.46 1842.69 22863140
greedy 175e2 2 243 - 19.25 1192.27 33516976
dry 125e2 2 28 - 0.03 0.11 26536
aoDLAV 125e2 2 28 - 0.04 0.17 30708
aoULAV 125e2 2 28 - 0.03 0.18 30708
aoD2AG 125e2 2 28 - 0.02 0.19 31376
aoD2SG 125e2 2 28 - 0.03 0.18 31380
moore 125e2 2 28 - 1.63 1987.35 4611540
nbpm 125e2 2 28 - 11.31 680.63 12302320
greedy 125e2 2 28 - 10.04 443.64 17109964
dry 2e4 10 134 - 0.03 0.12 30792
aoDLAV 2e4 10 134 - 0.04 1.68 34836
aoULAV 2e4 10 134 - 0.03 1.72 34852
aoD2AG 2e4 10 134 - 0.04 1.78 36076
aoD2SG 2e4 10 134 - 0.03 2.02 36076
moore 2e4 10 134 - 3.49 6597.99 11770836
nbpm 2e4 10 134 - 29.74 5767.29 30880036
greedy 2e4 10 134 - 23.49 1296.04 43775820
dry 175e2 2 6 - 0.03 0.10 26732
aoDLAV 175e2 2 6 - 0.03 0.17 30716
aoULAV 175e2 2 6 - 0.03 0.17 30720
aoD2AG 175e2 2 6 - 0.03 0.19 31752
aoD2SG 175e2 2 6 - 0.04 0.20 31756
moore 175e2 2 6 - 2.72 4863.13 9014020
