dry 1e8 2 248 - 0.74 2.67 1983296
aoDLAV 1e8 2 248 - 7.53 766.76 14862112
aoULAV 1e8 2 248 - 10.26 676.09 14862068
aoD2AG 1e8 2 248 - 18.88 934.11 21855000
aoD2SG 1e8 2 248 - 19.31 1366.09 22652656
dry 1e8 2 105 - 1.07 3.04 1983296
aoDLAV 1e8 2 105 - 8.00 600.99 14862068
aoULAV 1e8 2 105 - 10.12 646.96 14862068
aoD2AG 1e8 2 105 - 18.42 922.05 21853048
aoD2SG 1e8 2 105 - 19.70 1052.00 22651340
dry 2e4 10 238 - 0.03 0.12 30764
aoDLAV 2e4 10 238 - 0.03 1.65 34840
aoULAV 2e4 10 238 - 0.03 1.68 34852
aoD2AG 2e4 10 238 - 0.03 1.70 36080
aoD2SG 2e4 10 238 - 0.04 1.93 36076
moore 2e4 10 238 - 3.39 7345.91 11770836
nbpm 2e4 10 238 - 28.67 5896.14 30880044
greedy 2e4 10 238 - 23.41 1334.47 43775820
dry 1e8 2 202 - 1.01 2.98 1983296
aoDLAV 1e8 2 202 - 7.81 585.41 14862068
aoULAV 1e8 2 202 - 9.99 619.89 14862068
aoD2AG 1e8 2 202 - 18.46 886.29 21854368
aoD2SG 1e8 2 202 - 19.16 1050.39 22653392
dry 150e2 2 106 - 0.02 0.11 26628
aoDLAV 150e2 2 106 - 0.03 0.17 30828
aoULAV 150e2 2 106 - 0.03 0.17 30824
aoD2AG 150e2 2 106 - 0.03 0.19 31608
aoD2SG 150e2 2 106 - 0.03 0.19 31636
moore 150e2 2 106 - 2.08 3054.56 6629344
nbpm 150e2 2 106 - 15.06 1200.63 16814172
greedy 150e2 2 106 - 13.68 647.16 24630024
dry 175e2 2 218 - 0.03 0.12 26732
aoDLAV 175e2 2 218 - 0.03 0.19 30716
aoULAV 175e2 2 218 - 0.03 0.19 30720
aoD2AG 175e2 2 218 - 0.04 0.21 31752
aoD2SG 175e2 2 218 - 0.03 0.20 31756
moore 175e2 2 218 - 2.72 4768.12 9014028
nbpm 175e2 2 218 - 21.41 2181.47 22863144
greedy 175e2 2 218 - 19.73 1150.92 33516976
dry 2e4 5 190 - 0.03 0.12 27776
aoDLAV 2e4 5 190 - 0.04 0.31 32760
aoULAV 2e4 5 190 - 0.04 0.30 32772
aoD2AG 2e4 5 190 - 0.04 0.34 33344
aoD2SG 2e4 5 190 - 0.04 0.36 32860
moore 2e4 5 190 - 3.65 6717.34 11768080
nbpm 2e4 5 190 - 28.83 5043.76 34200508
greedy 2e4 5 190 - 25.60 1377.91 43774000
dry 1e8 2 155 - 1.10 3.06 1983296
aoDLAV 1e8 2 155 - 8.10 584.46 14862068
aoULAV 1e8 2 155 - 10.29 639.23 14862072
aoD2AG 1e8 2 155 - 18.30 892.03 21853852
aoD2SG 1e8 2 155 - 19.46 1041.40 22648580
dry 8e7 2 67 - 0.82 2.41 1592680
aoDLAV 8e7 2 67 - 6.12 456.78 11893328
aoULAV 8e7 2 67 - 8.12 491.75 11893328
aoD2AG 8e7 2 67 - 15.08 692.76 17487908
aoD2SG 8e7 2 67 - 15.60 830.74 18129884
dry 125e2 2 13 - 0.03 0.11 28440
aoDLAV 125e2 2 13 - 0.03 0.18 30712
aoULAV 125e2 2 13 - 0.03 0.17 30708
aoD2AG 125e2 2 13 - 0.03 0.19 31376
aoD2SG 125e2 2 13 - 0.02 0.20 31376
moore 125e2 2 13 - 1.59 1583.17 4611540
nbpm 125e2 2 13 - 11.48 680.63 12302320
greedy 125e2 2 13 - 9.61 460.53 17109964
dry 2e4 10 159 - 0.03 0.12 30356
aoDLAV 2e4 10 159 - 0.04 1.81 34840
aoULAV 2e4 10 159 - 0.04 1.77 34848
aoD2AG 2e4 10 159 - 0.04 1.82 36076
aoD2SG 2e4 10 159 - 0.04 2.05 36076
moore 2e4 10 159 - 3.49 7197.14 11770836
nbpm 2e4 10 159 - 29.26 5471.40 30880144
greedy 2e4 10 159 - 24.12 1420.14 43775848
dry 2e4 10 151 - 0.03 0.12 31404
aoDLAV 2e4 10 151 - 0.03 2.05 34836
aoULAV 2e4 10 151 - 0.04 2.02 34848
aoD2AG 2e4 10 151 - 0.04 2.04 36076
aoD2SG 2e4 10 151 - 0.05 2.28 36076
moore 2e4 10 151 - 3.60 6948.14 11770836
nbpm 2e4 10 151 - 29.08 5733.57 30880040
greedy 2e4 10 151 - 27.86 1698.42 43775820
dry 2e4 10 135 - 0.03 0.11 29424
aoDLAV 2e4 10 135 - 0.03 1.58 34836
aoULAV 2e4 10 135 - 0.03 1.58 34852
aoD2AG 2e4 10 135 - 0.04 1.61 36076
aoD2SG 2e4 10 135 - 0.04 1.80 36080
moore 2e4 10 135 - 3.45 6987.69 11770836
nbpm 2e4 10 135 - 29.02 5505.52 30880036
greedy 2e4 10 135 - 24.95 1289.79 43775820
dry 175e2 2 249 - 0.04 0.11 26732
aoDLAV 175e2 2 249 - 0.04 0.18 30716
aoULAV 175e2 2 249 - 0.03 0.19 30716
aoD2AG 175e2 2 249 - 0.03 0.20 31752
aoD2SG 175e2 2 249 - 0.03 0.22 31760
moore 175e2 2 249 - 2.83 4906.52 9014028
nbpm 175e2 2 249 - 21.64 1859.32 22863144
greedy 175e2 2 249 - 18.86 991.72 33516976
dry 2e4 10 201 - 0.03 0.11 30192
aoDLAV 2e4 10 201 - 0.05 1.61 34840
aoULAV 2e4 10 201 - 0.04 1.65 34848
aoD2AG 2e4 10 201 - 0.04 1.66 36076
aoD2SG 2e4 10 201 - 0.04 1.86 36080
moore 2e4 10 201 - 3.42 5967.64 11770836
nbpm 2e4 10 201 - 28.54 5704.92 30880040
greedy 2e4 10 201 - 24.83 1292.58 43775824
dry 1e8 5 222 - 2.27 6.23 4327052
aoDLAV 1e8 5 222 - 11.59 2555.36 23065204
aoULAV 1e8 5 222 - 15.58 2651.15 23065208
aoD2AG 1e8 5 222 - 28.05 3501.56 30453820
aoD2SG 1e8 5 222 - 27.50 3589.03 31311044
dry 2e4 2 107 - 0.03 0.12 30532
aoDLAV 2e4 2 107 - 0.03 0.19 30808
aoULAV 2e4 2 107 - 0.03 0.19 30812
aoD2AG 2e4 2 107 - 0.04 0.20 32284
aoD2SG 2e4 2 107 - 0.02 0.22 32292
moore 2e4 2 107 - 3.46 7092.82 11765544
nbpm 2e4 2 107 - 29.19 2640.28 31402188
greedy 2e4 2 107 - 24.93 1281.66 43771040
dry 2e4 2 115 - 0.02 0.12 26832
aoDLAV 2e4 2 115 - 0.03 0.19 30808
aoULAV 2e4 2 115 - 0.03 0.18 30808
aoD2AG 2e4 2 115 - 0.02 0.23 32284
aoD2SG 2e4 2 115 - 0.03 0.22 32292
moore 2e4 2 115 - 3.51 7630.47 11765552
nbpm 2e4 2 115 - 28.73 2673.03 31402232
greedy 2e4 2 115 - 24.36 1223.68 43771036
dry 1e8 5 79 - 2.28 6.28 4327056
aoDLAV 1e8 5 79 - 11.54 2564.72 23065204
aoULAV 1e8 5 79 - 16.12 2658.38 23065204
aoD2AG 1e8 5 79 - 26.08 2840.10 30455400
aoD2SG 1e8 5 79 - 27.09 3470.37 31309860
dry 8e7 2 221 - 0.85 2.45 1592676
aoDLAV 8e7 2 221 - 6.71 457.10 11893328
aoULAV 8e7 2 221 - 8.08 480.02 11893324
aoD2AG 8e7 2 221 - 15.11 677.86 17487576
aoD2SG 8e7 2 221 - 15.91 795.60 18125192
dry 150e2 2 46 - 0.02 0.12 26628
aoDLAV 150e2 2 46 - 0.02 0.19 30824
aoULAV 150e2 2 46 - 0.04 0.18 30828
aoD2AG 150e2 2 46 - 0.03 0.20 31612
aoD2SG 150e2 2 46 - 0.02 0.20 31608
moore 150e2 2 46 - 2.18 2608.22 6629344
nbpm 150e2 2 46 - 14.69 1267.11 16814168
greedy 150e2 2 46 - 13.31 685.37 24630028
dry 175e2 2 50 - 0.03 0.11 26732
aoDLAV 175e2 2 50 - 0.03 0.19 30716
aoULAV 175e2 2 50 - 0.04 0.18 30716
aoD2AG 175e2 2 50 - 0.04 0.19 31752
aoD2SG 175e2 2 50 - 0.03 0.20 31760
moore 175e2 2 50 - 2.92 4683.23 9014032
nbpm 175e2 2 50 - 21.64 1849.73 22863140
greedy 175e2 2 50 - 18.32 1220.29 33516976
dry 18e3 2 124 - 0.02 0.12 26752
aoDLAV 18e3 2 124 - 0.03 0.18 30740
aoULAV 18e3 2 124 - 0.03 0.19 30744
aoD2AG 18e3 2 124 - 0.04 0.19 31804
aoD2SG 18e3 2 124 - 0.04 0.21 31812
moore 18e3 2 124 - 2.97 4656.52 9534988
nbpm 18e3 2 124 - 24.11 1996.54 25451064
greedy 18e3 2 124 - 20.09 1047.58 35458368
dry 150e2 2 67 - 0.03 0.11 26628
aoDLAV 150e2 2 67 - 0.03 0.18 30824
aoULAV 150e2 2 67 - 0.03 0.18 30840
aoD2AG 150e2 2 67 - 0.03 0.19 31608
aoD2SG 150e2 2 67 - 0.03 0.19 31608
moore 150e2 2 67 - 2.11 3366.74 6629352
nbpm 150e2 2 67 - 15.25 1359.77 16814176
greedy 150e2 2 67 - 14.80 703.09 24630024
dry 2e4 2 3 - 0.02 0.12 27952
aoDLAV 2e4 2 3 - 0.03 0.19 30808
aoULAV 2e4 2 3 - 0.03 0.18 30808
aoD2AG 2e4 2 3 - 0.03 0.20 32284
aoD2SG 2e4 2 3 - 0.03 0.21 32292
moore 2e4 2 3 - 3.54 7326.33 11765548
nbpm 2e4 2 3 - 29.14 2683.53 31402188
greedy 2e4 2 3 - 24.18 1300.91 43771040
dry 1e8 5 200 - 2.25 6.21 4327052
aoDLAV 1e8 5 200 - 15.71 2718.02 23065204
aoULAV 1e8 5 200 - 15.59 2619.93 23065204
aoD2AG 1e8 5 200 - 25.87 2871.04 30458836
aoD2SG 1e8 5 200 - 26.75 4648.63 31313864
dry 2e4 5 121 - 0.03 0.12 27780
aoDLAV 2e4 5 121 - 0.04 0.28 32756
aoULAV 2e4 5 121 - 0.03 0.29 32784
aoD2AG 2e4 5 121 - 0.03 0.32 33344
aoD2SG 2e4 5 121 - 0.04 0.34 32860
moore 2e4 5 121 - 3.44 6513.52 11768080
nbpm 2e4 5 121 - 28.91 4933.28 34200500
greedy 2e4 5 121 - 24.57 1669.96 43774000
dry 1e8 5 105 - 2.13 6.17 4327056
aoDLAV 1e8 5 105 - 11.03 2576.30 23065204
aoULAV 1e8 5 105 - 16.11 2604.23 23065204
aoD2AG 1e8 5 105 - 26.06 2866.51 30457264
aoD2SG 1e8 5 105 - 27.32 3636.46 31311752
dry 2e4 5 187 - 0.03 0.13 27776
aoDLAV 2e4 5 187 - 0.03 0.33 32756
aoULAV 2e4 5 187 - 0.04 0.31 32768
aoD2AG 2e4 5 187 - 0.04 0.34 33344
aoD2SG 2e4 5 187 - 0.04 0.35 32864
moore 2e4 5 187 - 3.83 7571.24 11768080
