dry 32e4 2 214 - 0.04 0.16 36424
aoDLAV 32e4 2 214 - 0.07 0.97 70832
aoULAV 32e4 2 214 - 0.05 0.77 70840
aoD2AG 32e4 2 214 - 0.08 1.06 88280
aoD2SG 32e4 2 214 - 0.08 1.17 90928
dry 300e2 2 35 - 0.04 0.14 27216
aoDLAV 300e2 2 35 - 0.04 0.22 31296
aoULAV 300e2 2 35 - 0.04 0.23 31892
aoD2AG 300e2 2 35 - 0.05 0.25 35056
aoD2SG 300e2 2 35 - 0.05 0.26 34712
dry 1e3 2 151 - 0.03 0.14 26020
aoDLAV 1e3 2 151 - 0.04 0.16 30280
aoULAV 1e3 2 151 - 0.04 0.16 30292
aoD2AG 1e3 2 151 - 0.04 0.16 30540
aoD2SG 1e3 2 151 - 0.03 0.16 30560
moore 1e3 2 151 - 0.06 4.64 59784
nbpm 1e3 2 151 - 0.17 3.56 138564
greedy 1e3 2 151 - 0.09 0.85 139248
dry 1e1 2 73 - 0.03 0.09 25992
aoDLAV 1e1 2 73 - 0.03 0.12 30160
aoULAV 1e1 2 73 - 0.02 0.13 30172
aoD2AG 1e1 2 73 - 0.04 0.17 30316
aoD2SG 1e1 2 73 - 0.04 0.15 30324
moore 1e1 2 73 - 0.03 0.18 30484
nbpm 1e1 2 73 - 0.08 1.74 49824
greedy 1e1 2 73 - 0.03 0.12 30124
dry 5e4 10 79 - 0.02 0.13 33892
aoDLAV 5e4 10 79 - 0.03 3.87 40200
aoULAV 5e4 10 79 - 0.03 3.87 40200
aoD2AG 5e4 10 79 - 0.04 3.96 44980
aoD2SG 5e4 10 79 - 0.04 4.45 44996
dry 56e1 2 112 - 0.02 0.11 26008
aoDLAV 56e1 2 112 - 0.03 0.12 30224
aoULAV 56e1 2 112 - 0.03 0.13 30232
aoD2AG 56e1 2 112 - 0.03 0.13 30416
aoD2SG 56e1 2 112 - 0.02 0.13 30424
moore 56e1 2 112 - 0.03 1.71 39652
nbpm 56e1 2 112 - 0.09 2.69 78704
greedy 56e1 2 112 - 0.04 0.32 64104
dry 32e4 2 129 - 0.02 0.14 36424
aoDLAV 32e4 2 129 - 0.05 0.90 70832
aoULAV 32e4 2 129 - 0.05 1.11 70840
aoD2AG 32e4 2 129 - 0.08 1.34 88860
aoD2SG 32e4 2 129 - 0.06 1.66 91292
dry 1e6 2 65 - 0.03 0.18 49704
aoDLAV 1e6 2 65 - 0.12 3.09 178456
aoULAV 1e6 2 65 - 0.10 3.28 178456
aoD2AG 1e6 2 65 - 0.15 4.41 234512
aoD2SG 1e6 2 65 - 0.21 4.97 242700
dry 1e3 5 73 - 0.02 0.11 26056
aoDLAV 1e3 5 73 - 0.03 0.13 30424
aoULAV 1e3 5 73 - 0.02 0.14 30436
aoD2AG 1e3 5 73 - 0.02 0.14 30732
aoD2SG 1e3 5 73 - 0.02 0.14 30760
moore 1e3 5 73 - 0.04 4.35 59800
nbpm 1e3 5 73 - 0.09 4.10 129248
greedy 1e3 5 73 - 0.08 0.93 139388
dry 5e4 2 249 - 0.02 0.11 31120
aoDLAV 5e4 2 249 - 0.02 0.24 33008
aoULAV 5e4 2 249 - 0.03 0.23 33312
aoD2AG 5e4 2 249 - 0.03 0.29 36408
aoD2SG 5e4 2 249 - 0.02 0.32 36424
dry 1e6 2 123 - 0.03 0.18 49704
aoDLAV 1e6 2 123 - 0.16 3.35 178456
aoULAV 1e6 2 123 - 0.13 3.35 178456
aoD2AG 1e6 2 123 - 0.15 4.72 233216
aoD2SG 1e6 2 123 - 0.20 6.63 242348
dry 1e1 2 47 - 0.02 0.12 27956
aoDLAV 1e1 2 47 - 0.03 0.14 30160
aoULAV 1e1 2 47 - 0.02 0.14 30172
aoD2AG 1e1 2 47 - 0.03 0.14 30316
aoD2SG 1e1 2 47 - 0.03 0.13 30324
moore 1e1 2 47 - 0.03 0.17 30484
nbpm 1e1 2 47 - 0.07 2.06 49824
greedy 1e1 2 47 - 0.03 0.13 30124
dry 375e2 2 12 - 0.02 0.12 27520
aoDLAV 375e2 2 12 - 0.02 0.22 31784
aoULAV 375e2 2 12 - 0.02 0.24 32608
aoD2AG 375e2 2 12 - 0.03 0.26 35516
aoD2SG 375e2 2 12 - 0.03 0.27 35524
dry 1e6 10 56 - 0.08 0.36 112232
aoDLAV 1e6 10 56 - 0.20 362.71 369992
aoULAV 1e6 10 56 - 0.30 359.72 369884
aoD2AG 1e6 10 56 - 0.37 357.52 446768
aoD2SG 1e6 10 56 - 0.41 615.64 457936
dry 32e3 2 52 - 0.02 0.12 27300
aoDLAV 32e3 2 52 - 0.03 0.22 31436
aoULAV 32e3 2 52 - 0.03 0.22 32152
aoD2AG 32e3 2 52 - 0.03 0.25 35020
aoD2SG 32e3 2 52 - 0.03 0.26 34784
dry 1e6 10 100 - 0.09 0.39 112232
aoDLAV 1e6 10 100 - 0.20 348.28 369996
aoULAV 1e6 10 100 - 1.84 445.30 369996
aoD2AG 1e6 10 100 - 0.37 364.66 447504
aoD2SG 1e6 10 100 - 0.42 636.48 456292
dry 1e6 10 72 - 0.08 0.41 112236
aoDLAV 1e6 10 72 - 0.23 387.69 369884
aoULAV 1e6 10 72 - 0.30 380.13 369884
aoD2AG 1e6 10 72 - 0.40 376.11 449900
aoD2SG 1e6 10 72 - 0.38 528.44 457192
dry 1e5 5 111 - 0.03 0.14 34476
aoDLAV 1e5 5 111 - 0.04 1.46 41816
aoULAV 1e5 5 111 - 0.04 1.47 43572
aoD2AG 1e5 5 111 - 0.04 1.59 53560
aoD2SG 1e5 5 111 - 0.05 1.78 53200
dry 5e4 2 204 - 0.02 0.12 29504
aoDLAV 5e4 2 204 - 0.02 0.27 33008
aoULAV 5e4 2 204 - 0.02 0.27 33312
aoD2AG 5e4 2 204 - 0.02 0.33 36408
aoD2SG 5e4 2 204 - 0.03 0.34 36424
dry 1e3 10 26 - 0.02 0.11 26136
aoDLAV 1e3 10 26 - 0.02 0.17 30668
aoULAV 1e3 10 26 - 0.02 0.16 30668
aoD2AG 1e3 10 26 - 0.02 0.16 31064
aoD2SG 1e3 10 26 - 0.03 0.16 31092
moore 1e3 10 26 - 0.04 3.13 59868
nbpm 1e3 10 26 - 0.13 4.79 136140
greedy 1e3 10 26 - 0.07 1.01 139616
dry 275e2 2 77 - 0.02 0.12 30676
aoDLAV 275e2 2 77 - 0.02 0.21 31244
aoULAV 275e2 2 77 - 0.03 0.20 31568
aoD2AG 275e2 2 77 - 0.03 0.23 34700
aoD2SG 275e2 2 77 - 0.03 0.23 34816
dry 1e3 2 164 - 0.02 0.12 26020
aoDLAV 1e3 2 164 - 0.02 0.15 30280
aoULAV 1e3 2 164 - 0.02 0.14 30292
aoD2AG 1e3 2 164 - 0.02 0.15 30540
aoD2SG 1e3 2 164 - 0.03 0.14 30560
moore 1e3 2 164 - 0.03 2.45 59808
nbpm 1e3 2 164 - 0.13 4.10 138560
greedy 1e3 2 164 - 0.09 0.97 139248
dry 1e6 10 143 - 0.07 0.39 112232
aoDLAV 1e6 10 143 - 0.19 349.99 369976
aoULAV 1e6 10 143 - 0.32 359.45 369888
aoD2AG 1e6 10 143 - 0.39 346.93 448984
aoD2SG 1e6 10 143 - 0.41 409.80 456708
dry 1e3 2 196 - 0.02 0.12 26020
aoDLAV 1e3 2 196 - 0.02 0.14 30284
aoULAV 1e3 2 196 - 0.03 0.14 30296
aoD2AG 1e3 2 196 - 0.03 0.14 30540
aoD2SG 1e3 2 196 - 0.03 0.14 30568
moore 1e3 2 196 - 0.05 1.55 59796
nbpm 1e3 2 196 - 0.14 3.92 138548
greedy 1e3 2 196 - 0.07 0.98 139244
dry 1e5 5 53 - 0.03 0.13 34476
aoDLAV 1e5 5 53 - 0.04 1.42 41816
aoULAV 1e5 5 53 - 0.04 1.79 43576
aoD2AG 1e5 5 53 - 0.05 1.84 53560
aoD2SG 1e5 5 53 - 0.04 2.07 53200
dry 1e5 10 225 - 0.03 0.18 38396
aoDLAV 1e5 10 225 - 0.11 23.77 53540
aoULAV 1e5 10 225 - 0.11 24.33 55316
aoD2AG 1e5 10 225 - 0.05 23.24 62588
aoD2SG 1e5 10 225 - 0.07 32.05 66836
dry 1e6 10 231 - 0.07 0.39 112232
aoDLAV 1e6 10 231 - 1.27 387.60 369888
aoULAV 1e6 10 231 - 0.32 386.63 369884
aoD2AG 1e6 10 231 - 0.44 374.79 447420
aoD2SG 1e6 10 231 - 0.45 456.44 456760
dry 1e5 5 133 - 0.03 0.13 34480
aoDLAV 1e5 5 133 - 0.05 1.60 41816
aoULAV 1e5 5 133 - 0.04 1.60 43572
aoD2AG 1e5 5 133 - 0.05 1.75 53560
aoD2SG 1e5 5 133 - 0.05 1.96 53200
dry 1e1 2 6 - 0.03 0.11 25992
aoDLAV 1e1 2 6 - 0.02 0.15 30160
aoULAV 1e1 2 6 - 0.03 0.14 30176
aoD2AG 1e1 2 6 - 0.03 0.14 30316
aoD2SG 1e1 2 6 - 0.03 0.14 30320
moore 1e1 2 6 - 0.03 0.18 30484
nbpm 1e1 2 6 - 0.07 2.16 49824
greedy 1e1 2 6 - 0.02 0.15 30124
dry 300e2 2 120 - 0.03 0.11 27216
aoDLAV 300e2 2 120 - 0.03 0.20 31296
aoULAV 300e2 2 120 - 0.02 0.22 31952
aoD2AG 300e2 2 120 - 0.03 0.24 35056
aoD2SG 300e2 2 120 - 0.03 0.25 34716
dry 1e3 10 11 - 0.02 0.12 26136
aoDLAV 1e3 10 11 - 0.03 0.16 30652
aoULAV 1e3 10 11 - 0.03 0.17 30664
aoD2AG 1e3 10 11 - 0.03 0.16 31044
aoD2SG 1e3 10 11 - 0.03 0.16 31072
moore 1e3 10 11 - 0.05 3.29 59868
nbpm 1e3 10 11 - 0.11 4.78 136148
greedy 1e3 10 11 - 0.08 1.05 139616
dry 275e2 2 212 - 0.03 0.11 27120
aoDLAV 275e2 2 212 - 0.03 0.20 31240
aoULAV 275e2 2 212 - 0.04 0.20 31572
aoD2AG 275e2 2 212 - 0.03 0.23 34696
aoD2SG 275e2 2 212 - 0.02 0.25 34808
dry 325e2 2 187 - 0.03 0.11 29032
aoDLAV 325e2 2 187 - 0.03 0.22 31372
aoULAV 325e2 2 187 - 0.03 0.22 32088
aoD2AG 325e2 2 187 - 0.03 0.26 35000
aoD2SG 325e2 2 187 - 0.04 0.25 34760
dry 1e6 2 216 - 0.03 0.21 49704
aoDLAV 1e6 2 216 - 0.10 3.81 178456
aoULAV 1e6 2 216 - 0.11 4.07 178456
aoD2AG 1e6 2 216 - 0.15 5.73 234496
aoD2SG 1e6 2 216 - 0.20 5.88 242388
dry 1e3 5 105 - 0.02 0.12 26056
aoDLAV 1e3 5 105 - 0.03 0.14 30428
aoULAV 1e3 5 105 - 0.03 0.14 30436
aoD2AG 1e3 5 105 - 0.02 0.15 30744
aoD2SG 1e3 5 105 - 0.03 0.14 30772
moore 1e3 5 105 - 0.08 3.86 59800
nbpm 1e3 5 105 - 0.13 4.43 129244
greedy 1e3 5 105 - 0.10 0.98 139388
dry 56e3 2 103 - 0.03 0.12 28240
aoDLAV 56e3 2 103 - 0.04 0.28 33476
aoULAV 56e3 2 103 - 0.02 0.31 34696
aoD2AG 56e3 2 103 - 0.03 0.36 37284
aoD2SG 56e3 2 103 - 0.03 0.38 37304
dry 56e3 2 239 - 0.03 0.11 28240
aoDLAV 56e3 2 239 - 0.04 0.28 33476
aoULAV 56e3 2 239 - 0.03 0.29 34696
aoD2AG 56e3 2 239 - 0.03 0.36 37284
aoD2SG 56e3 2 239 - 0.03 0.38 37300
dry 250e2 2 202 - 0.02 0.12 27020
aoDLAV 250e2 2 202 - 0.03 0.21 31108
aoULAV 250e2 2 202 - 0.03 0.20 31212
aoD2AG 250e2 2 202 - 0.03 0.23 33860
aoD2SG 250e2 2 202 - 0.04 0.23 33968
dry 56e1 2 159 - 0.02 0.11 26008
aoDLAV 56e1 2 159 - 0.03 0.14 30220
aoULAV 56e1 2 159 - 0.04 0.13 30232
aoD2AG 56e1 2 159 - 0.02 0.15 30416
aoD2SG 56e1 2 159 - 0.03 0.14 30424
moore 56e1 2 159 - 0.03 2.91 39652
nbpm 56e1 2 159 - 0.09 2.98 78704
greedy 56e1 2 159 - 0.04 0.39 64104
dry 56e4 2 202 - 0.04 0.18 41108
aoDLAV 56e4 2 202 - 0.07 2.13 107984
aoULAV 56e4 2 202 - 0.08 2.24 107984
aoD2AG 56e4 2 202 - 0.11 3.15 140480
aoD2SG 56e4 2 202 - 0.11 3.48 143376
dry 1e3 2 223 - 0.02 0.12 26020
aoDLAV 1e3 2 223 - 0.02 0.15 30284
aoULAV 1e3 2 223 - 0.03 0.14 30292
aoD2AG 1e3 2 223 - 0.02 0.14 30540
aoD2SG 1e3 2 223 - 0.02 0.15 30596
moore 1e3 2 223 - 0.04 5.32 59780
nbpm 1e3 2 223 - 0.12 4.12 138564
greedy 1e3 2 223 - 0.08 1.06 139244
dry 1e1 2 201 - 0.03 0.11 25996
aoDLAV 1e1 2 201 - 0.03 0.14 30160
aoULAV 1e1 2 201 - 0.03 0.14 30176
aoD2AG 1e1 2 201 - 0.03 0.14 30316
aoD2SG 1e1 2 201 - 0.03 0.14 30320
moore 1e1 2 201 - 0.03 0.18 30484
nbpm 1e1 2 201 - 0.07 2.18 49828
greedy 1e1 2 201 - 0.03 0.14 30124
dry 56e3 2 70 - 0.03 0.12 28236
aoDLAV 56e3 2 70 - 0.04 0.29 33476
aoULAV 56e3 2 70 - 0.03 0.30 34696
aoD2AG 56e3 2 70 - 0.03 0.37 37284
aoD2SG 56e3 2 70 - 0.03 0.40 37304
dry 32e3 2 157 - 0.03 0.12 27296
aoDLAV 32e3 2 157 - 0.03 0.22 31440
aoULAV 32e3 2 157 - 0.02 0.24 32144
aoD2AG 32e3 2 157 - 0.03 0.26 35020
aoD2SG 32e3 2 157 - 0.03 0.27 34788
dry 1e2 10 235 - 0.02 0.12 26008
aoDLAV 1e2 10 235 - 0.02 0.15 30260
aoULAV 1e2 10 235 - 0.03 0.14 30272
aoD2AG 1e2 10 235 - 0.03 0.15 30440
aoD2SG 1e2 10 235 - 0.03 0.14 30448
moore 1e2 10 235 - 0.03 0.27 30496
nbpm 1e2 10 235 - 0.08 2.19 53076
greedy 1e2 10 235 - 0.03 0.15 30972
dry 1e2 5 189 - 0.02 0.12 25996
aoDLAV 1e2 5 189 - 0.03 0.14 30212
aoULAV 1e2 5 189 - 0.03 0.14 30224
aoD2AG 1e2 5 189 - 0.03 0.14 30384
aoD2SG 1e2 5 189 - 0.03 0.14 30388
moore 1e2 5 189 - 0.02 0.21 30492
nbpm 1e2 5 189 - 0.08 2.18 53016
greedy 1e2 5 189 - 0.03 0.14 30924
dry 1e3 5 115 - 0.02 0.12 26056
aoDLAV 1e3 5 115 - 0.02 0.15 30424
aoULAV 1e3 5 115 - 0.02 0.15 30436
aoD2AG 1e3 5 115 - 0.04 0.14 30748
aoD2SG 1e3 5 115 - 0.03 0.14 30776
moore 1e3 5 115 - 0.04 8.55 59800
nbpm 1e3 5 115 - 0.12 4.56 129244
greedy 1e3 5 115 - 0.07 1.07 139428
dry 32e4 2 80 - 0.03 0.16 36424
aoDLAV 32e4 2 80 - 0.07 1.30 70828
aoULAV 32e4 2 80 - 0.05 1.35 70840
aoD2AG 32e4 2 80 - 0.07 1.84 89432
aoD2SG 32e4 2 80 - 0.07 2.04 91132
dry 56e3 2 34 - 0.03 0.11 29480
aoDLAV 56e3 2 34 - 0.03 0.30 33476
aoULAV 56e3 2 34 - 0.03 0.30 34696
aoD2AG 56e3 2 34 - 0.04 0.37 37284
aoD2SG 56e3 2 34 - 0.04 0.39 37300
dry 18e1 2 83 - 0.02 0.11 26004
aoDLAV 18e1 2 83 - 0.02 0.15 30188
aoULAV 18e1 2 83 - 0.03 0.14 30196
aoD2AG 18e1 2 83 - 0.03 0.14 30356
aoD2SG 18e1 2 83 - 0.02 0.15 30368
moore 18e1 2 83 - 0.03 0.33 30496
nbpm 18e1 2 83 - 0.07 2.21 54444
greedy 18e1 2 83 - 0.03 0.16 33348
dry 1e2 5 40 - 0.02 0.12 26000
aoDLAV 1e2 5 40 - 0.02 0.15 30216
aoULAV 1e2 5 40 - 0.03 0.14 30224
aoD2AG 1e2 5 40 - 0.02 0.15 30384
aoD2SG 1e2 5 40 - 0.02 0.15 30388
moore 1e2 5 40 - 0.03 0.20 30492
nbpm 1e2 5 40 - 0.07 2.18 53016
greedy 1e2 5 40 - 0.02 0.15 30920
dry 56e4 2 220 - 0.04 0.19 41104
aoDLAV 56e4 2 220 - 0.08 2.78 107984
aoULAV 56e4 2 220 - 0.11 2.10 107988
aoD2AG 56e4 2 220 - 0.12 3.00 140252
aoD2SG 56e4 2 220 - 0.11 3.38 144200
dry 225e2 2 133 - 0.02 0.11 26920
aoDLAV 225e2 2 133 - 0.03 0.20 30980
aoULAV 225e2 2 133 - 0.03 0.20 30996
aoD2AG 225e2 2 133 - 0.03 0.21 33368
aoD2SG 225e2 2 133 - 0.03 0.22 33464
dry 225e2 2 89 - 0.03 0.11 26920
aoDLAV 225e2 2 89 - 0.03 0.20 30984
aoULAV 225e2 2 89 - 0.03 0.20 30996
aoD2AG 225e2 2 89 - 0.03 0.21 33368
aoD2SG 225e2 2 89 - 0.03 0.22 33464
dry 1e5 10 207 - 0.03 0.18 38400
aoDLAV 1e5 10 207 - 0.04 22.63 53536
aoULAV 1e5 10 207 - 0.05 22.51 55316
aoD2AG 1e5 10 207 - 0.05 22.60 62996
aoD2SG 1e5 10 207 - 0.05 25.18 66832
dry 250e2 2 20 - 0.02 0.12 27020
aoDLAV 250e2 2 20 - 0.03 0.20 31108
aoULAV 250e2 2 20 - 0.03 0.20 31212
aoD2AG 250e2 2 20 - 0.03 0.22 33860
aoD2SG 250e2 2 20 - 0.03 0.24 33964
dry 18e4 2 182 - 0.03 0.13 33444
aoDLAV 18e4 2 182 - 0.05 0.74 47864
aoULAV 18e4 2 182 - 0.04 0.75 47860
aoD2AG 18e4 2 182 - 0.06 0.96 58640
aoD2SG 18e4 2 182 - 0.06 1.06 59868
dry 5e4 10 114 - 0.03 0.14 33888
aoDLAV 5e4 10 114 - 0.04 7.22 40204
aoULAV 5e4 10 114 - 0.04 7.30 40200
aoD2AG 5e4 10 114 - 0.04 7.29 44976
aoD2SG 5e4 10 114 - 0.05 8.58 44996
dry 400e2 2 103 - 0.02 0.12 27616
aoDLAV 400e2 2 103 - 0.03 0.24 32240
aoULAV 400e2 2 103 - 0.04 0.24 33112
aoD2AG 400e2 2 103 - 0.03 0.29 36076
aoD2SG 400e2 2 103 - 0.03 0.30 35928
dry 1e2 2 189 - 0.03 0.11 25992
aoDLAV 1e2 2 189 - 0.03 0.13 30168
aoULAV 1e2 2 189 - 0.03 0.14 30184
aoD2AG 1e2 2 189 - 0.03 0.14 30336
aoD2SG 1e2 2 189 - 0.02 0.15 30344
moore 1e2 2 189 - 0.03 0.22 30488
nbpm 1e2 2 189 - 0.08 2.36 53012
greedy 1e2 2 189 - 0.03 0.14 30880
dry 1e2 2 234 - 0.02 0.12 25996
aoDLAV 1e2 2 234 - 0.03 0.14 30168
aoULAV 1e2 2 234 - 0.03 0.14 30184
aoD2AG 1e2 2 234 - 0.02 0.14 30336
aoD2SG 1e2 2 234 - 0.03 0.14 30344
moore 1e2 2 234 - 0.03 0.24 30488
nbpm 1e2 2 234 - 0.08 2.15 53008
greedy 1e2 2 234 - 0.02 0.15 30880
dry 5e4 10 105 - 0.03 0.13 33888
aoDLAV 5e4 10 105 - 0.04 8.11 40200
aoULAV 5e4 10 105 - 0.04 8.22 40204
aoD2AG 5e4 10 105 - 0.04 8.25 44984
aoD2SG 5e4 10 105 - 0.04 8.90 45004
dry 300e2 2 17 - 0.02 0.12 29004
aoDLAV 300e2 2 17 - 0.02 0.22 31296
aoULAV 300e2 2 17 - 0.02 0.22 31896
aoD2AG 300e2 2 17 - 0.03 0.25 35064
aoD2SG 300e2 2 17 - 0.03 0.25 34716
dry 1e1 2 164 - 0.02 0.12 25992
aoDLAV 1e1 2 164 - 0.03 0.14 30204
aoULAV 1e1 2 164 - 0.02 0.15 30172
aoD2AG 1e1 2 164 - 0.02 0.15 30320
aoD2SG 1e1 2 164 - 0.03 0.14 30328
moore 1e1 2 164 - 0.03 0.18 30476
nbpm 1e1 2 164 - 0.06 2.14 49816
greedy 1e1 2 164 - 0.03 0.14 30124
dry 32e4 2 98 - 0.04 0.16 36424
aoDLAV 32e4 2 98 - 0.06 1.25 70828
aoULAV 32e4 2 98 - 0.07 1.26 70840
aoD2AG 32e4 2 98 - 0.08 1.82 88436
aoD2SG 32e4 2 98 - 0.09 1.90 90884
dry 1e6 2 168 - 0.04 0.20 49704
aoDLAV 1e6 2 168 - 0.11 3.83 178456
aoULAV 1e6 2 168 - 0.12 3.97 178460
aoD2AG 1e6 2 168 - 0.18 5.71 233928
aoD2SG 1e6 2 168 - 0.20 6.30 241988
dry 300e2 2 219 - 0.02 0.12 27216
aoDLAV 300e2 2 219 - 0.03 0.22 31300
aoULAV 300e2 2 219 - 0.04 0.20 31896
aoD2AG 300e2 2 219 - 0.02 0.25 35060
aoD2SG 300e2 2 219 - 0.03 0.25 34716
dry 32e1 2 107 - 0.02 0.11 26000
aoDLAV 32e1 2 107 - 0.03 0.14 30196
aoULAV 32e1 2 107 - 0.02 0.14 30208
aoD2AG 32e1 2 107 - 0.03 0.13 30376
aoD2SG 32e1 2 107 - 0.03 0.14 30388
moore 32e1 2 107 - 0.03 0.45 33676
nbpm 32e1 2 107 - 0.08 2.37 58300
greedy 32e1 2 107 - 0.03 0.21 40976
dry 56e1 2 98 - 0.02 0.12 26008
aoDLAV 56e1 2 98 - 0.02 0.15 30220
aoULAV 56e1 2 98 - 0.03 0.14 30232
aoD2AG 56e1 2 98 - 0.02 0.15 30416
aoD2SG 56e1 2 98 - 0.03 0.14 30424
moore 56e1 2 98 - 0.04 1.91 39660
nbpm 56e1 2 98 - 0.09 2.96 78716
greedy 56e1 2 98 - 0.04 0.39 64108
dry 1e3 5 151 - 0.02 0.12 26056
aoDLAV 1e3 5 151 - 0.03 0.15 30428
aoULAV 1e3 5 151 - 0.02 0.15 30436
aoD2AG 1e3 5 151 - 0.03 0.15 30752
aoD2SG 1e3 5 151 - 0.03 0.14 30776
moore 1e3 5 151 - 0.03 5.31 59800
nbpm 1e3 5 151 - 0.14 5.11 129244
greedy 1e3 5 151 - 0.08 1.02 139388
dry 5e4 10 30 - 0.03 0.13 33888
aoDLAV 5e4 10 30 - 0.04 7.91 40200
aoULAV 5e4 10 30 - 0.04 8.05 40200
aoD2AG 5e4 10 30 - 0.04 8.48 44984
aoD2SG 5e4 10 30 - 0.04 13.02 44996
dry 1e5 2 83 - 0.02 0.13 31672
aoDLAV 1e5 2 83 - 0.03 0.43 34804
aoULAV 1e5 2 83 - 0.03 0.44 35320
aoD2AG 1e5 2 83 - 0.04 0.55 42620
aoD2SG 1e5 2 83 - 0.04 0.62 43868
dry 56e3 2 230 - 0.02 0.12 29616
aoDLAV 56e3 2 230 - 0.03 0.28 33476
aoULAV 56e3 2 230 - 0.04 0.28 34700
aoD2AG 56e3 2 230 - 0.03 0.36 37280
aoD2SG 56e3 2 230 - 0.04 0.37 37304
dry 1e6 5 196 - 0.05 0.28 73176
aoDLAV 1e6 5 196 - 0.18 20.10 252688
aoULAV 1e6 5 196 - 0.22 19.67 252692
aoD2AG 1e6 5 196 - 0.33 21.51 324584
aoD2SG 1e6 5 196 - 0.21 25.19 333204
