dry 32e1 2 166 - 0.02 0.11 26000
aoDLAV 32e1 2 166 - 0.03 0.13 30196
aoULAV 32e1 2 166 - 0.02 0.13 30212
aoD2AG 32e1 2 166 - 0.02 0.13 30376
aoD2SG 32e1 2 166 - 0.02 0.12 30384
moore 32e1 2 166 - 0.02 0.62 33676
nbpm 32e1 2 166 - 0.06 2.21 58304
greedy 32e1 2 166 - 0.03 0.19 41032
dry 1e6 5 36 - 0.04 0.23 73156
aoDLAV 1e6 5 36 - 0.13 23.62 252696
aoULAV 1e6 5 36 - 0.14 17.27 252688
aoD2AG 1e6 5 36 - 0.18 18.74 322900
aoD2SG 1e6 5 36 - 0.21 27.58 331936
dry 32e4 2 89 - 0.03 0.16 36424
aoDLAV 32e4 2 89 - 0.05 1.29 70828
aoULAV 32e4 2 89 - 0.04 1.35 70844
aoD2AG 32e4 2 89 - 0.07 1.74 88392
aoD2SG 32e4 2 89 - 0.07 1.80 90936
dry 1e5 10 173 - 0.03 0.19 38396
aoDLAV 1e5 10 173 - 0.05 22.37 53536
aoULAV 1e5 10 173 - 0.05 22.12 55308
aoD2AG 1e5 10 173 - 0.05 21.68 62708
aoD2SG 1e5 10 173 - 0.05 23.34 66832
dry 56e3 2 98 - 0.02 0.12 28236
aoDLAV 56e3 2 98 - 0.03 0.29 33476
aoULAV 56e3 2 98 - 0.03 0.30 34696
aoD2AG 56e3 2 98 - 0.04 0.35 37284
aoD2SG 56e3 2 98 - 0.03 0.38 37300
dry 1e3 10 61 - 0.03 0.11 26136
aoDLAV 1e3 10 61 - 0.03 0.16 30656
aoULAV 1e3 10 61 - 0.03 0.16 30700
aoD2AG 1e3 10 61 - 0.02 0.17 31060
aoD2SG 1e3 10 61 - 0.03 0.17 31092
moore 1e3 10 61 - 0.06 1.80 59872
nbpm 1e3 10 61 - 0.11 5.43 136140
greedy 1e3 10 61 - 0.08 1.01 139616
dry 1e3 10 194 - 0.02 0.12 26136
aoDLAV 1e3 10 194 - 0.03 0.16 30652
aoULAV 1e3 10 194 - 0.02 0.16 30668
aoD2AG 1e3 10 194 - 0.03 0.16 31064
aoD2SG 1e3 10 194 - 0.02 0.17 31084
moore 1e3 10 194 - 0.04 5.24 59840
nbpm 1e3 10 194 - 0.12 4.86 136140
greedy 1e3 10 194 - 0.07 1.06 139620
dry 1e5 5 203 - 0.04 0.14 34476
aoDLAV 1e5 5 203 - 0.04 1.64 41820
aoULAV 1e5 5 203 - 0.03 1.61 43568
aoD2AG 1e5 5 203 - 0.04 1.77 53936
aoD2SG 1e5 5 203 - 0.06 2.08 53204
dry 1e1 2 185 - 0.02 0.12 25992
aoDLAV 1e1 2 185 - 0.02 0.14 30160
aoULAV 1e1 2 185 - 0.02 0.15 30172
aoD2AG 1e1 2 185 - 0.02 0.15 30316
aoD2SG 1e1 2 185 - 0.02 0.15 30320
moore 1e1 2 185 - 0.02 0.19 30484
nbpm 1e1 2 185 - 0.09 2.20 49824
greedy 1e1 2 185 - 0.03 0.14 30124
dry 325e2 2 197 - 0.02 0.12 30776
aoDLAV 325e2 2 197 - 0.03 0.22 31372
aoULAV 325e2 2 197 - 0.04 0.21 32092
aoD2AG 325e2 2 197 - 0.04 0.24 35004
aoD2SG 325e2 2 197 - 0.04 0.26 34760
dry 32e3 2 224 - 0.02 0.12 27300
aoDLAV 32e3 2 224 - 0.03 0.21 31436
aoULAV 32e3 2 224 - 0.03 0.22 32148
aoD2AG 32e3 2 224 - 0.04 0.23 35024
aoD2SG 32e3 2 224 - 0.03 0.26 34792
dry 1e1 2 145 - 0.03 0.11 27952
aoDLAV 1e1 2 145 - 0.03 0.14 30164
aoULAV 1e1 2 145 - 0.03 0.14 30172
aoD2AG 1e1 2 145 - 0.02 0.15 30316
aoD2SG 1e1 2 145 - 0.02 0.15 30324
moore 1e1 2 145 - 0.02 0.18 30476
nbpm 1e1 2 145 - 0.08 2.15 49816
greedy 1e1 2 145 - 0.03 0.14 30124
dry 1e5 2 236 - 0.03 0.13 32124
aoDLAV 1e5 2 236 - 0.03 0.44 34800
aoULAV 1e5 2 236 - 0.03 0.46 35320
aoD2AG 1e5 2 236 - 0.04 0.57 42600
aoD2SG 1e5 2 236 - 0.05 0.63 43800
dry 400e2 2 130 - 0.03 0.11 27620
aoDLAV 400e2 2 130 - 0.03 0.24 32240
aoULAV 400e2 2 130 - 0.03 0.24 33112
aoD2AG 400e2 2 130 - 0.03 0.29 36072
aoD2SG 400e2 2 130 - 0.02 0.30 35928
dry 5e4 5 90 - 0.02 0.13 30668
aoDLAV 5e4 5 90 - 0.03 0.75 34708
aoULAV 5e4 5 90 - 0.04 0.72 34704
aoD2AG 5e4 5 90 - 0.04 0.91 37724
aoD2SG 5e4 5 90 - 0.05 1.03 37936
dry 325e2 2 10 - 0.02 0.12 27316
aoDLAV 325e2 2 10 - 0.03 0.22 31372
aoULAV 325e2 2 10 - 0.03 0.22 32084
aoD2AG 325e2 2 10 - 0.03 0.27 35004
aoD2SG 325e2 2 10 - 0.02 0.28 34760
dry 1e2 5 227 - 0.02 0.12 25996
aoDLAV 1e2 5 227 - 0.03 0.14 30212
aoULAV 1e2 5 227 - 0.03 0.14 30224
aoD2AG 1e2 5 227 - 0.03 0.14 30384
aoD2SG 1e2 5 227 - 0.03 0.14 30388
moore 1e2 5 227 - 0.02 0.23 30492
nbpm 1e2 5 227 - 0.07 2.16 53016
greedy 1e2 5 227 - 0.03 0.14 30920
dry 1e3 5 2 - 0.02 0.12 26056
aoDLAV 1e3 5 2 - 0.03 0.14 30424
aoULAV 1e3 5 2 - 0.02 0.15 30436
aoD2AG 1e3 5 2 - 0.03 0.14 30740
aoD2SG 1e3 5 2 - 0.03 0.15 30768
moore 1e3 5 2 - 0.04 4.88 59800
nbpm 1e3 5 2 - 0.11 4.58 129240
greedy 1e3 5 2 - 0.08 1.05 139388
dry 1e5 2 55 - 0.03 0.14 30944
aoDLAV 1e5 2 55 - 0.03 0.45 34800
aoULAV 1e5 2 55 - 0.04 0.44 35320
aoD2AG 1e5 2 55 - 0.05 0.59 42600
aoD2SG 1e5 2 55 - 0.04 0.62 43880
dry 325e2 2 24 - 0.02 0.12 27316
aoDLAV 325e2 2 24 - 0.04 0.22 31376
aoULAV 325e2 2 24 - 0.03 0.22 32088
aoD2AG 325e2 2 24 - 0.03 0.25 35000
aoD2SG 325e2 2 24 - 0.03 0.26 34792
dry 5e4 2 6 - 0.03 0.13 28004
aoDLAV 5e4 2 6 - 0.03 0.28 33012
aoULAV 5e4 2 6 - 0.03 0.29 33316
aoD2AG 5e4 2 6 - 0.04 0.32 36408
aoD2SG 5e4 2 6 - 0.03 0.35 36424
dry 32e3 2 108 - 0.02 0.12 27300
aoDLAV 32e3 2 108 - 0.03 0.21 31436
aoULAV 32e3 2 108 - 0.04 0.21 32148
aoD2AG 32e3 2 108 - 0.03 0.25 35024
aoD2SG 32e3 2 108 - 0.03 0.26 34788
dry 1e6 10 62 - 0.08 0.39 112232
aoDLAV 1e6 10 62 - 0.21 517.80 369888
aoULAV 1e6 10 62 - 0.29 359.42 369884
aoD2AG 1e6 10 62 - 0.39 348.19 447004
aoD2SG 1e6 10 62 - 0.41 422.77 456288
dry 375e2 2 128 - 0.03 0.12 27520
aoDLAV 375e2 2 128 - 0.04 0.25 31784
aoULAV 375e2 2 128 - 0.03 0.26 32604
aoD2AG 375e2 2 128 - 0.04 0.27 35516
aoD2SG 375e2 2 128 - 0.04 0.29 35528
dry 1e3 10 241 - 0.03 0.11 26136
aoDLAV 1e3 10 241 - 0.03 0.16 30652
aoULAV 1e3 10 241 - 0.02 0.17 30664
aoD2AG 1e3 10 241 - 0.03 0.16 31072
aoD2SG 1e3 10 241 - 0.03 0.16 31088
moore 1e3 10 241 - 0.05 4.10 59840
nbpm 1e3 10 241 - 0.11 4.86 136140
greedy 1e3 10 241 - 0.08 1.06 139616
dry 400e2 2 93 - 0.03 0.12 27616
aoDLAV 400e2 2 93 - 0.03 0.25 32236
aoULAV 400e2 2 93 - 0.04 0.24 33112
aoD2AG 400e2 2 93 - 0.03 0.29 36072
aoD2SG 400e2 2 93 - 0.04 0.31 35924
dry 400e2 2 121 - 0.02 0.13 27616
aoDLAV 400e2 2 121 - 0.03 0.25 32240
aoULAV 400e2 2 121 - 0.03 0.26 33112
aoD2AG 400e2 2 121 - 0.03 0.30 36068
aoD2SG 400e2 2 121 - 0.03 0.32 35928
dry 32e4 2 3 - 0.04 0.15 36424
aoDLAV 32e4 2 3 - 0.05 1.29 70832
aoULAV 32e4 2 3 - 0.06 1.31 70844
aoD2AG 32e4 2 3 - 0.07 1.82 88844
aoD2SG 32e4 2 3 - 0.09 1.98 90976
dry 1e5 2 104 - 0.03 0.14 31788
aoDLAV 1e5 2 104 - 0.04 0.44 34804
aoULAV 1e5 2 104 - 0.04 0.46 35320
aoD2AG 1e5 2 104 - 0.04 0.59 42600
aoD2SG 1e5 2 104 - 0.04 0.65 43808
dry 32e4 2 31 - 0.03 0.16 36428
aoDLAV 32e4 2 31 - 0.06 1.28 70832
aoULAV 32e4 2 31 - 0.06 1.29 70840
aoD2AG 32e4 2 31 - 0.08 1.74 88828
aoD2SG 32e4 2 31 - 0.08 1.99 91168
dry 1e2 10 29 - 0.02 0.12 26008
aoDLAV 1e2 10 29 - 0.02 0.15 30264
aoULAV 1e2 10 29 - 0.03 0.14 30272
aoD2AG 1e2 10 29 - 0.04 0.14 30440
aoD2SG 1e2 10 29 - 0.03 0.14 30448
moore 1e2 10 29 - 0.04 0.22 30496
nbpm 1e2 10 29 - 0.08 2.17 53076
greedy 1e2 10 29 - 0.02 0.15 30972
dry 32e1 2 198 - 0.03 0.11 26004
aoDLAV 32e1 2 198 - 0.03 0.14 30196
aoULAV 32e1 2 198 - 0.03 0.14 30208
aoD2AG 32e1 2 198 - 0.02 0.15 30376
aoD2SG 32e1 2 198 - 0.03 0.14 30384
moore 32e1 2 198 - 0.04 0.63 33676
nbpm 32e1 2 198 - 0.08 2.47 58300
greedy 32e1 2 198 - 0.03 0.22 40972
dry 375e2 2 82 - 0.02 0.12 27516
aoDLAV 375e2 2 82 - 0.03 0.23 31784
aoULAV 375e2 2 82 - 0.02 0.24 32604
aoD2AG 375e2 2 82 - 0.02 0.27 35520
aoD2SG 375e2 2 82 - 0.03 0.29 35528
dry 400e2 2 196 - 0.03 0.11 27616
aoDLAV 400e2 2 196 - 0.03 0.24 32240
aoULAV 400e2 2 196 - 0.03 0.25 33112
aoD2AG 400e2 2 196 - 0.04 0.28 36076
aoD2SG 400e2 2 196 - 0.04 0.29 35932
dry 1e6 5 30 - 0.06 0.27 73152
aoDLAV 1e6 5 30 - 0.14 18.11 252688
aoULAV 1e6 5 30 - 0.18 19.02 252688
aoD2AG 1e6 5 30 - 0.22 20.59 324108
aoD2SG 1e6 5 30 - 0.20 23.85 331644
dry 32e1 2 28 - 0.02 0.11 26000
aoDLAV 32e1 2 28 - 0.03 0.14 30200
aoULAV 32e1 2 28 - 0.02 0.14 30208
aoD2AG 32e1 2 28 - 0.02 0.14 30376
aoD2SG 32e1 2 28 - 0.02 0.14 30384
moore 32e1 2 28 - 0.03 0.99 33676
nbpm 32e1 2 28 - 0.08 2.28 58304
greedy 32e1 2 28 - 0.04 0.19 40972
dry 275e2 2 114 - 0.02 0.12 27124
aoDLAV 275e2 2 114 - 0.03 0.20 31244
aoULAV 275e2 2 114 - 0.03 0.20 31572
aoD2AG 275e2 2 114 - 0.03 0.22 34692
aoD2SG 275e2 2 114 - 0.04 0.23 34812
dry 5e4 5 225 - 0.03 0.13 31680
aoDLAV 5e4 5 225 - 0.04 0.66 34704
aoULAV 5e4 5 225 - 0.03 0.64 34704
aoD2AG 5e4 5 225 - 0.03 0.67 37724
aoD2SG 5e4 5 225 - 0.04 0.94 37932
dry 1e5 2 204 - 0.02 0.13 30708
aoDLAV 1e5 2 204 - 0.03 0.42 34800
aoULAV 1e5 2 204 - 0.03 0.46 35324
aoD2AG 1e5 2 204 - 0.04 0.58 42668
aoD2SG 1e5 2 204 - 0.05 0.66 43804
dry 1e3 5 74 - 0.02 0.12 26056
aoDLAV 1e3 5 74 - 0.03 0.14 30428
aoULAV 1e3 5 74 - 0.03 0.14 30440
aoD2AG 1e3 5 74 - 0.03 0.14 30744
aoD2SG 1e3 5 74 - 0.02 0.15 30760
moore 1e3 5 74 - 0.04 3.09 59828
nbpm 1e3 5 74 - 0.10 4.35 129244
greedy 1e3 5 74 - 0.08 0.96 139388
dry 5e4 2 12 - 0.03 0.12 31116
aoDLAV 5e4 2 12 - 0.03 0.29 33008
aoULAV 5e4 2 12 - 0.03 0.29 33316
aoD2AG 5e4 2 12 - 0.04 0.34 36408
aoD2SG 5e4 2 12 - 0.04 0.36 36424
dry 225e2 2 204 - 0.03 0.12 30576
aoDLAV 225e2 2 204 - 0.03 0.19 30984
aoULAV 225e2 2 204 - 0.03 0.19 30992
aoD2AG 225e2 2 204 - 0.03 0.21 33368
aoD2SG 225e2 2 204 - 0.03 0.24 33468
dry 1e2 10 7 - 0.02 0.12 26004
aoDLAV 1e2 10 7 - 0.02 0.15 30264
aoULAV 1e2 10 7 - 0.04 0.14 30272
aoD2AG 1e2 10 7 - 0.04 0.13 30440
aoD2SG 1e2 10 7 - 0.02 0.15 30452
moore 1e2 10 7 - 0.04 0.23 30496
nbpm 1e2 10 7 - 0.08 2.17 53076
greedy 1e2 10 7 - 0.02 0.15 30976
dry 1e3 10 76 - 0.02 0.12 26136
aoDLAV 1e3 10 76 - 0.03 0.16 30656
aoULAV 1e3 10 76 - 0.03 0.16 30664
aoD2AG 1e3 10 76 - 0.02 0.16 31072
aoD2SG 1e3 10 76 - 0.03 0.16 31096
moore 1e3 10 76 - 0.04 3.92 59840
nbpm 1e3 10 76 - 0.13 4.89 136140
greedy 1e3 10 76 - 0.08 1.07 139616
dry 250e2 2 52 - 0.02 0.12 27024
aoDLAV 250e2 2 52 - 0.03 0.19 31108
aoULAV 250e2 2 52 - 0.03 0.19 31216
aoD2AG 250e2 2 52 - 0.03 0.21 33856
aoD2SG 250e2 2 52 - 0.03 0.22 33960
dry 5e4 10 67 - 0.03 0.13 33888
aoDLAV 5e4 10 67 - 0.04 6.21 40200
aoULAV 5e4 10 67 - 0.04 6.44 40200
aoD2AG 5e4 10 67 - 0.03 7.47 44984
aoD2SG 5e4 10 67 - 0.04 8.29 44996
dry 1e6 2 177 - 0.03 0.20 49708
aoDLAV 1e6 2 177 - 0.09 3.71 178456
aoULAV 1e6 2 177 - 0.11 3.93 178456
aoD2AG 1e6 2 177 - 0.16 5.57 233368
aoD2SG 1e6 2 177 - 0.18 6.57 241292
dry 1e3 5 27 - 0.03 0.11 26056
aoDLAV 1e3 5 27 - 0.03 0.15 30424
aoULAV 1e3 5 27 - 0.02 0.14 30436
aoD2AG 1e3 5 27 - 0.03 0.15 30732
aoD2SG 1e3 5 27 - 0.03 0.14 30736
moore 1e3 5 27 - 0.04 3.04 59856
nbpm 1e3 5 27 - 0.11 4.46 129244
greedy 1e3 5 27 - 0.09 1.04 139388
dry 32e1 2 203 - 0.02 0.12 26000
aoDLAV 32e1 2 203 - 0.02 0.15 30196
aoULAV 32e1 2 203 - 0.03 0.14 30208
aoD2AG 32e1 2 203 - 0.04 0.14 30380
aoD2SG 32e1 2 203 - 0.02 0.15 30384
moore 32e1 2 203 - 0.03 0.47 33684
nbpm 32e1 2 203 - 0.09 2.39 58308
greedy 32e1 2 203 - 0.03 0.21 40976
dry 375e2 2 161 - 0.02 0.12 27520
aoDLAV 375e2 2 161 - 0.02 0.24 31784
aoULAV 375e2 2 161 - 0.02 0.23 32604
aoD2AG 375e2 2 161 - 0.02 0.28 35516
aoD2SG 375e2 2 161 - 0.03 0.29 35532
dry 1e5 5 240 - 0.03 0.14 34476
aoDLAV 1e5 5 240 - 0.04 1.54 41816
aoULAV 1e5 5 240 - 0.03 1.53 43568
aoD2AG 1e5 5 240 - 0.05 1.62 53556
aoD2SG 1e5 5 240 - 0.05 1.81 53196
dry 56e4 2 206 - 0.03 0.18 41104
aoDLAV 56e4 2 206 - 0.08 2.06 107984
aoULAV 56e4 2 206 - 0.08 2.27 107988
aoD2AG 56e4 2 206 - 0.12 3.21 140312
aoD2SG 56e4 2 206 - 0.12 3.52 143372
dry 5e4 5 159 - 0.03 0.13 31216
aoDLAV 5e4 5 159 - 0.03 0.76 34708
aoULAV 5e4 5 159 - 0.04 0.75 34704
aoD2AG 5e4 5 159 - 0.04 0.82 37724
aoD2SG 5e4 5 159 - 0.04 0.89 37936
dry 5e4 5 31 - 0.03 0.14 31536
aoDLAV 5e4 5 31 - 0.03 0.79 34704
aoULAV 5e4 5 31 - 0.04 0.76 34708
aoD2AG 5e4 5 31 - 0.04 0.75 37732
aoD2SG 5e4 5 31 - 0.04 0.90 37936
dry 18e4 2 60 - 0.04 0.14 33108
aoDLAV 18e4 2 60 - 0.04 0.78 47864
aoULAV 18e4 2 60 - 0.04 0.83 47860
aoD2AG 18e4 2 60 - 0.06 1.05 59032
aoD2SG 18e4 2 60 - 0.06 1.16 59820
dry 225e2 2 198 - 0.02 0.13 26920
aoDLAV 225e2 2 198 - 0.03 0.20 30980
aoULAV 225e2 2 198 - 0.03 0.20 30996
aoD2AG 225e2 2 198 - 0.03 0.22 33364
aoD2SG 225e2 2 198 - 0.03 0.23 33468
dry 275e2 2 92 - 0.03 0.12 27124
aoDLAV 275e2 2 92 - 0.03 0.20 31244
aoULAV 275e2 2 92 - 0.03 0.21 31572
aoD2AG 275e2 2 92 - 0.04 0.23 34700
aoD2SG 275e2 2 92 - 0.04 0.24 34816
dry 32e1 2 247 - 0.02 0.12 26000
aoDLAV 32e1 2 247 - 0.03 0.14 30196
aoULAV 32e1 2 247 - 0.03 0.14 30208
aoD2AG 32e1 2 247 - 0.02 0.15 30376
aoD2SG 32e1 2 247 - 0.03 0.14 30384
moore 32e1 2 247 - 0.03 0.51 33688
nbpm 32e1 2 247 - 0.09 2.30 58304
greedy 32e1 2 247 - 0.03 0.20 40972
dry 1e3 5 101 - 0.02 0.12 26056
aoDLAV 1e3 5 101 - 0.03 0.14 30424
aoULAV 1e3 5 101 - 0.02 0.15 30436
aoD2AG 1e3 5 101 - 0.03 0.15 30752
aoD2SG 1e3 5 101 - 0.02 0.15 30780
moore 1e3 5 101 - 0.04 2.79 59828
nbpm 1e3 5 101 - 0.12 4.26 129244
greedy 1e3 5 101 - 0.08 0.98 139388
dry 56e1 2 127 - 0.02 0.11 26012
aoDLAV 56e1 2 127 - 0.03 0.14 30220
aoULAV 56e1 2 127 - 0.03 0.14 30232
aoD2AG 56e1 2 127 - 0.03 0.14 30416
aoD2SG 56e1 2 127 - 0.03 0.14 30424
moore 56e1 2 127 - 0.04 1.87 39660
nbpm 56e1 2 127 - 0.11 2.78 78712
greedy 56e1 2 127 - 0.05 0.37 64104
dry 1e3 10 165 - 0.02 0.12 26136
aoDLAV 1e3 10 165 - 0.02 0.17 30652
aoULAV 1e3 10 165 - 0.04 0.15 30668
aoD2AG 1e3 10 165 - 0.02 0.16 31072
aoD2SG 1e3 10 165 - 0.04 0.15 31096
moore 1e3 10 165 - 0.04 2.36 59872
nbpm 1e3 10 165 - 0.14 4.54 136140
greedy 1e3 10 165 - 0.09 0.96 139616
dry 1e5 2 85 - 0.03 0.13 31828
aoDLAV 1e5 2 85 - 0.04 0.46 34800
aoULAV 1e5 2 85 - 0.03 0.45 35320
aoD2AG 1e5 2 85 - 0.05 0.63 42600
aoD2SG 1e5 2 85 - 0.04 0.67 43800
dry 1e3 5 131 - 0.02 0.12 26056
aoDLAV 1e3 5 131 - 0.02 0.15 30424
aoULAV 1e3 5 131 - 0.02 0.15 30436
aoD2AG 1e3 5 131 - 0.02 0.15 30736
aoD2SG 1e3 5 131 - 0.03 0.15 30760
moore 1e3 5 131 - 0.04 2.89 59828
nbpm 1e3 5 131 - 0.11 4.65 129248
greedy 1e3 5 131 - 0.08 0.99 139388
dry 1e5 5 244 - 0.03 0.14 34476
aoDLAV 1e5 5 244 - 0.05 1.66 41816
aoULAV 1e5 5 244 - 0.03 1.42 43568
aoD2AG 1e5 5 244 - 0.05 1.56 53560
aoD2SG 1e5 5 244 - 0.05 1.76 53200
dry 225e2 2 81 - 0.02 0.12 26920
aoDLAV 225e2 2 81 - 0.03 0.20 30984
aoULAV 225e2 2 81 - 0.03 0.20 30996
aoD2AG 225e2 2 81 - 0.03 0.22 33372
aoD2SG 225e2 2 81 - 0.03 0.22 33464
dry 56e3 2 248 - 0.03 0.12 31236
aoDLAV 56e3 2 248 - 0.04 0.28 33480
aoULAV 56e3 2 248 - 0.03 0.28 34696
aoD2AG 56e3 2 248 - 0.04 0.35 37284
aoD2SG 56e3 2 248 - 0.03 0.40 37300
dry 1e1 2 197 - 0.03 0.11 25992
aoDLAV 1e1 2 197 - 0.03 0.14 30160
aoULAV 1e1 2 197 - 0.03 0.14 30176
aoD2AG 1e1 2 197 - 0.03 0.14 30320
aoD2SG 1e1 2 197 - 0.02 0.15 30320
moore 1e1 2 197 - 0.03 0.19 30476
nbpm 1e1 2 197 - 0.08 2.10 49816
greedy 1e1 2 197 - 0.03 0.14 30124
dry 32e4 2 95 - 0.03 0.16 36424
aoDLAV 32e4 2 95 - 0.06 1.36 70828
aoULAV 32e4 2 95 - 0.06 1.37 70840
aoD2AG 32e4 2 95 - 0.08 1.60 88800
aoD2SG 32e4 2 95 - 0.07 1.82 91040
dry 1e2 5 5 - 0.02 0.12 26000
aoDLAV 1e2 5 5 - 0.03 0.15 30212
aoULAV 1e2 5 5 - 0.03 0.15 30228
aoD2AG 1e2 5 5 - 0.02 0.15 30384
aoD2SG 1e2 5 5 - 0.03 0.15 30392
moore 1e2 5 5 - 0.03 0.26 30492
nbpm 1e2 5 5 - 0.09 2.34 53020
greedy 1e2 5 5 - 0.03 0.15 30920
dry 56e3 2 23 - 0.03 0.12 28236
aoDLAV 56e3 2 23 - 0.04 0.33 33480
aoULAV 56e3 2 23 - 0.03 0.28 34700
aoD2AG 56e3 2 23 - 0.03 0.38 37284
aoD2SG 56e3 2 23 - 0.03 0.41 37304
dry 1e6 10 6 - 0.07 0.42 112232
aoDLAV 1e6 10 6 - 0.20 384.71 369884
aoULAV 1e6 10 6 - 0.28 373.76 369888
aoD2AG 1e6 10 6 - 0.38 376.82 447472
aoD2SG 1e6 10 6 - 0.41 453.69 457604
dry 1e2 5 111 - 0.03 0.11 25996
aoDLAV 1e2 5 111 - 0.03 0.14 30212
aoULAV 1e2 5 111 - 0.04 0.15 30224
aoD2AG 1e2 5 111 - 0.03 0.15 30376
aoD2SG 1e2 5 111 - 0.02 0.15 30388
moore 1e2 5 111 - 0.03 0.21 30492
nbpm 1e2 5 111 - 0.07 2.20 53020
greedy 1e2 5 111 - 0.02 0.15 30920
dry 225e2 2 109 - 0.02 0.11 26920
aoDLAV 225e2 2 109 - 0.02 0.20 30984
aoULAV 225e2 2 109 - 0.03 0.20 30992
aoD2AG 225e2 2 109 - 0.03 0.22 33368
aoD2SG 225e2 2 109 - 0.04 0.22 33464
dry 18e4 2 54 - 0.02 0.14 33108
aoDLAV 18e4 2 54 - 0.04 0.78 47860
aoULAV 18e4 2 54 - 0.05 0.79 47860
aoD2AG 18e4 2 54 - 0.05 1.05 58640
aoD2SG 18e4 2 54 - 0.06 1.15 60192
dry 400e2 2 56 - 0.03 0.11 29384
aoDLAV 400e2 2 56 - 0.02 0.25 32236
aoULAV 400e2 2 56 - 0.02 0.26 33112
aoD2AG 400e2 2 56 - 0.04 0.29 36076
aoD2SG 400e2 2 56 - 0.03 0.31 35928
dry 300e2 2 30 - 0.02 0.12 27216
aoDLAV 300e2 2 30 - 0.03 0.22 31296
aoULAV 300e2 2 30 - 0.03 0.22 31892
aoD2AG 300e2 2 30 - 0.03 0.25 35064
aoD2SG 300e2 2 30 - 0.03 0.26 34720
dry 375e2 2 197 - 0.03 0.12 29468
aoDLAV 375e2 2 197 - 0.03 0.24 31788
aoULAV 375e2 2 197 - 0.03 0.24 32600
aoD2AG 375e2 2 197 - 0.03 0.30 35520
aoD2SG 375e2 2 197 - 0.04 0.28 35528
dry 1e5 10 59 - 0.03 0.19 38396
aoDLAV 1e5 10 59 - 0.14 22.78 53536
aoULAV 1e5 10 59 - 0.09 22.75 55308
aoD2AG 1e5 10 59 - 0.12 24.67 62648
aoD2SG 1e5 10 59 - 0.06 22.58 66832
dry 32e3 2 227 - 0.02 0.12 29016
aoDLAV 32e3 2 227 - 0.02 0.22 31436
aoULAV 32e3 2 227 - 0.03 0.21 32148
aoD2AG 32e3 2 227 - 0.03 0.24 35020
aoD2SG 32e3 2 227 - 0.04 0.25 34792
dry 32e1 2 240 - 0.02 0.12 26004
aoDLAV 32e1 2 240 - 0.02 0.14 30196
aoULAV 32e1 2 240 - 0.03 0.14 30208
aoD2AG 32e1 2 240 - 0.02 0.15 30376
aoD2SG 32e1 2 240 - 0.03 0.14 30388
moore 32e1 2 240 - 0.04 0.57 33684
nbpm 32e1 2 240 - 0.08 2.42 58308
greedy 32e1 2 240 - 0.03 0.21 40972
dry 250e2 2 206 - 0.02 0.12 27020
aoDLAV 250e2 2 206 - 0.04 0.19 31108
aoULAV 250e2 2 206 - 0.03 0.20 31212
aoD2AG 250e2 2 206 - 0.03 0.22 33860
aoD2SG 250e2 2 206 - 0.03 0.23 33964
dry 1e2 5 195 - 0.03 0.11 25996
aoDLAV 1e2 5 195 - 0.03 0.14 30212
aoULAV 1e2 5 195 - 0.03 0.14 30228
aoD2AG 1e2 5 195 - 0.03 0.15 30384
aoD2SG 1e2 5 195 - 0.03 0.14 30384
moore 1e2 5 195 - 0.02 0.22 30492
nbpm 1e2 5 195 - 0.08 2.23 53016
greedy 1e2 5 195 - 0.04 0.14 30920
dry 1e5 5 213 - 0.04 0.13 34480
aoDLAV 1e5 5 213 - 0.05 1.49 41816
aoULAV 1e5 5 213 - 0.06 1.59 43568
aoD2AG 1e5 5 213 - 0.04 1.72 53564
aoD2SG 1e5 5 213 - 0.05 1.92 53200
dry 300e2 2 12 - 0.03 0.12 29048
aoDLAV 300e2 2 12 - 0.02 0.21 31300
aoULAV 300e2 2 12 - 0.02 0.22 31892
aoD2AG 300e2 2 12 - 0.03 0.25 35056
aoD2SG 300e2 2 12 - 0.03 0.25 34716
dry 300e2 2 144 - 0.02 0.13 27216
aoDLAV 300e2 2 144 - 0.04 0.20 31300
aoULAV 300e2 2 144 - 0.04 0.21 31892
aoD2AG 300e2 2 144 - 0.03 0.24 35056
aoD2SG 300e2 2 144 - 0.03 0.26 34720
dry 32e3 2 149 - 0.02 0.12 29240
aoDLAV 32e3 2 149 - 0.02 0.22 31436
aoULAV 32e3 2 149 - 0.03 0.23 32152
aoD2AG 32e3 2 149 - 0.03 0.25 35020
aoD2SG 32e3 2 149 - 0.02 0.26 34788
dry 250e2 2 229 - 0.02 0.12 27020
aoDLAV 250e2 2 229 - 0.03 0.20 31112
aoULAV 250e2 2 229 - 0.02 0.21 31212
aoD2AG 250e2 2 229 - 0.03 0.21 33864
aoD2SG 250e2 2 229 - 0.02 0.24 34016
dry 1e2 5 73 - 0.02 0.12 25996
aoDLAV 1e2 5 73 - 0.02 0.15 30212
aoULAV 1e2 5 73 - 0.02 0.15 30224
aoD2AG 1e2 5 73 - 0.02 0.15 30384
aoD2SG 1e2 5 73 - 0.02 0.15 30388
moore 1e2 5 73 - 0.02 0.20 30492
nbpm 1e2 5 73 - 0.09 2.17 53020
greedy 1e2 5 73 - 0.02 0.15 30920
dry 5e4 10 160 - 0.03 0.13 33892
aoDLAV 5e4 10 160 - 0.04 7.32 40200
aoULAV 5e4 10 160 - 0.10 7.29 40200
aoD2AG 5e4 10 160 - 0.05 7.64 44980
aoD2SG 5e4 10 160 - 0.04 8.88 44996
dry 1e2 2 232 - 0.03 0.11 25996
aoDLAV 1e2 2 232 - 0.02 0.15 30168
aoULAV 1e2 2 232 - 0.03 0.14 30180
aoD2AG 1e2 2 232 - 0.02 0.16 30340
aoD2SG 1e2 2 232 - 0.02 0.15 30340
moore 1e2 2 232 - 0.03 0.21 30480
nbpm 1e2 2 232 - 0.09 2.11 53000
greedy 1e2 2 232 - 0.03 0.14 30880
dry 400e2 2 29 - 0.02 0.13 30928
aoDLAV 400e2 2 29 - 0.03 0.23 32236
aoULAV 400e2 2 29 - 0.03 0.24 33112
aoD2AG 400e2 2 29 - 0.04 0.27 36076
aoD2SG 400e2 2 29 - 0.03 0.30 35928
dry 225e2 2 3 - 0.02 0.12 26924
aoDLAV 225e2 2 3 - 0.02 0.20 30980
aoULAV 225e2 2 3 - 0.04 0.19 30996
aoD2AG 225e2 2 3 - 0.03 0.21 33368
aoD2SG 225e2 2 3 - 0.03 0.22 33464
dry 1e6 5 138 - 0.05 0.27 73152
aoDLAV 1e6 5 138 - 0.13 19.53 252688
aoULAV 1e6 5 138 - 0.19 19.96 252688
aoD2AG 1e6 5 138 - 0.22 20.19 323972
aoD2SG 1e6 5 138 - 0.23 23.40 332716
dry 400e2 2 90 - 0.02 0.12 27620
aoDLAV 400e2 2 90 - 0.04 0.22 32284
aoULAV 400e2 2 90 - 0.03 0.23 33116
aoD2AG 400e2 2 90 - 0.04 0.26 36072
aoD2SG 400e2 2 90 - 0.03 0.29 35928
dry 250e2 2 167 - 0.02 0.12 28920
aoDLAV 250e2 2 167 - 0.03 0.20 31108
aoULAV 250e2 2 167 - 0.03 0.21 31212
aoD2AG 250e2 2 167 - 0.04 0.21 33860
aoD2SG 250e2 2 167 - 0.03 0.23 33964
dry 1e2 5 220 - 0.03 0.11 25996
aoDLAV 1e2 5 220 - 0.03 0.14 30212
aoULAV 1e2 5 220 - 0.03 0.13 30228
aoD2AG 1e2 5 220 - 0.03 0.14 30380
aoD2SG 1e2 5 220 - 0.03 0.15 30388
moore 1e2 5 220 - 0.03 0.21 30492
nbpm 1e2 5 220 - 0.07 2.22 53016
greedy 1e2 5 220 - 0.02 0.15 30920
dry 225e2 2 170 - 0.02 0.12 26924
aoDLAV 225e2 2 170 - 0.03 0.19 30980
aoULAV 225e2 2 170 - 0.02 0.20 30996
aoD2AG 225e2 2 170 - 0.03 0.21 33368
aoD2SG 225e2 2 170 - 0.03 0.22 33464
dry 1e6 2 95 - 0.04 0.20 49704
aoDLAV 1e6 2 95 - 0.10 3.82 178456
aoULAV 1e6 2 95 - 0.13 3.95 178456
aoD2AG 1e6 2 95 - 0.17 5.80 233420
aoD2SG 1e6 2 95 - 0.18 6.52 240784
dry 18e1 2 124 - 0.03 0.12 26008
aoDLAV 18e1 2 124 - 0.03 0.14 30184
aoULAV 18e1 2 124 - 0.03 0.14 30196
aoD2AG 18e1 2 124 - 0.03 0.14 30356
aoD2SG 18e1 2 124 - 0.04 0.14 30364
moore 18e1 2 124 - 0.03 0.21 30496
nbpm 18e1 2 124 - 0.09 2.19 54444
greedy 18e1 2 124 - 0.02 0.17 33348
dry 1e5 5 84 - 0.03 0.14 34476
aoDLAV 1e5 5 84 - 0.04 1.67 41816
aoULAV 1e5 5 84 - 0.04 1.74 43572
aoD2AG 1e5 5 84 - 0.05 1.94 53560
aoD2SG 1e5 5 84 - 0.04 1.80 53196
dry 56e3 2 39 - 0.02 0.12 29424
aoDLAV 56e3 2 39 - 0.03 0.30 33476
aoULAV 56e3 2 39 - 0.02 0.29 34696
aoD2AG 56e3 2 39 - 0.03 0.35 37280
aoD2SG 56e3 2 39 - 0.05 0.40 37300
dry 225e2 2 33 - 0.03 0.11 26924
aoDLAV 225e2 2 33 - 0.02 0.20 30980
aoULAV 225e2 2 33 - 0.02 0.20 30996
aoD2AG 225e2 2 33 - 0.02 0.21 33368
aoD2SG 225e2 2 33 - 0.02 0.24 33464
dry 1e2 2 151 - 0.03 0.11 25992
aoDLAV 1e2 2 151 - 0.03 0.15 30172
aoULAV 1e2 2 151 - 0.03 0.13 30180
aoD2AG 1e2 2 151 - 0.03 0.15 30328
aoD2SG 1e2 2 151 - 0.03 0.14 30336
moore 1e2 2 151 - 0.03 0.22 30484
nbpm 1e2 2 151 - 0.07 2.20 53000
greedy 1e2 2 151 - 0.03 0.14 30880
dry 18e1 2 107 - 0.02 0.12 26008
aoDLAV 18e1 2 107 - 0.03 0.14 30184
aoULAV 18e1 2 107 - 0.02 0.15 30196
aoD2AG 18e1 2 107 - 0.02 0.16 30360
aoD2SG 18e1 2 107 - 0.03 0.14 30364
moore 18e1 2 107 - 0.02 0.23 30496
nbpm 18e1 2 107 - 0.09 2.24 54448
greedy 18e1 2 107 - 0.03 0.16 33352
dry 32e3 2 213 - 0.02 0.12 27300
aoDLAV 32e3 2 213 - 0.03 0.23 31436
aoULAV 32e3 2 213 - 0.03 0.23 32148
aoD2AG 32e3 2 213 - 0.02 0.26 35024
aoD2SG 32e3 2 213 - 0.04 0.28 34788
dry 1e5 2 114 - 0.03 0.13 32124
aoDLAV 1e5 2 114 - 0.03 0.54 34804
aoULAV 1e5 2 114 - 0.03 0.48 35320
aoD2AG 1e5 2 114 - 0.04 0.57 42596
aoD2SG 1e5 2 114 - 0.05 0.66 44060
dry 56e3 2 107 - 0.03 0.11 28240
aoDLAV 56e3 2 107 - 0.04 0.29 33476
aoULAV 56e3 2 107 - 0.03 0.30 34696
aoD2AG 56e3 2 107 - 0.04 0.36 37280
aoD2SG 56e3 2 107 - 0.03 0.44 37300
dry 5e4 2 146 - 0.03 0.11 29624
aoDLAV 5e4 2 146 - 0.04 0.26 33008
aoULAV 5e4 2 146 - 0.03 0.27 33312
aoD2AG 5e4 2 146 - 0.04 0.32 36408
aoD2SG 5e4 2 146 - 0.04 0.36 36424
dry 325e2 2 211 - 0.02 0.12 27316
aoDLAV 325e2 2 211 - 0.03 0.22 31384
aoULAV 325e2 2 211 - 0.02 0.22 32084
aoD2AG 325e2 2 211 - 0.03 0.25 35004
aoD2SG 325e2 2 211 - 0.03 0.25 34760
dry 1e3 2 168 - 0.02 0.12 26024
aoDLAV 1e3 2 168 - 0.02 0.16 30280
aoULAV 1e3 2 168 - 0.03 0.15 30296
aoD2AG 1e3 2 168 - 0.03 0.14 30532
aoD2SG 1e3 2 168 - 0.03 0.14 30556
moore 1e3 2 168 - 0.04 6.56 59780
nbpm 1e3 2 168 - 0.12 4.15 138560
greedy 1e3 2 168 - 0.09 1.06 139244
dry 1e6 5 134 - 0.05 0.28 73152
aoDLAV 1e6 5 134 - 0.15 19.96 252688
aoULAV 1e6 5 134 - 0.14 19.82 252688
aoD2AG 1e6 5 134 - 0.21 20.42 324192
aoD2SG 1e6 5 134 - 0.22 23.81 331964
dry 18e1 2 23 - 0.03 0.11 26004
aoDLAV 18e1 2 23 - 0.02 0.16 30184
aoULAV 18e1 2 23 - 0.03 0.14 30196
aoD2AG 18e1 2 23 - 0.03 0.15 30360
aoD2SG 18e1 2 23 - 0.04 0.14 30364
moore 18e1 2 23 - 0.03 0.31 30492
nbpm 18e1 2 23 - 0.10 2.19 54436
greedy 18e1 2 23 - 0.02 0.16 33352
dry 1e5 2 57 - 0.03 0.14 30988
aoDLAV 1e5 2 57 - 0.02 0.45 34804
aoULAV 1e5 2 57 - 0.03 0.45 35320
aoD2AG 1e5 2 57 - 0.04 0.58 42604
aoD2SG 1e5 2 57 - 0.05 0.64 43808
dry 275e2 2 219 - 0.02 0.12 27120
aoDLAV 275e2 2 219 - 0.02 0.21 31240
aoULAV 275e2 2 219 - 0.03 0.21 31568
aoD2AG 275e2 2 219 - 0.03 0.23 34696
aoD2SG 275e2 2 219 - 0.02 0.25 34812
dry 5e4 5 179 - 0.03 0.13 31536
aoDLAV 5e4 5 179 - 0.03 0.72 34704
aoULAV 5e4 5 179 - 0.04 0.73 34708
aoD2AG 5e4 5 179 - 0.03 0.78 37728
aoD2SG 5e4 5 179 - 0.04 0.86 37940
dry 56e4 2 115 - 0.03 0.19 41108
aoDLAV 56e4 2 115 - 0.08 2.16 107984
aoULAV 56e4 2 115 - 0.10 2.21 107984
aoD2AG 56e4 2 115 - 0.12 3.14 139568
aoD2SG 56e4 2 115 - 0.11 3.50 143812
dry 32e4 2 183 - 0.03 0.16 36428
aoDLAV 32e4 2 183 - 0.06 1.23 70828
aoULAV 32e4 2 183 - 0.05 1.28 70840
aoD2AG 32e4 2 183 - 0.06 1.74 88472
aoD2SG 32e4 2 183 - 0.06 1.94 91116
dry 1e1 2 49 - 0.02 0.12 25992
aoDLAV 1e1 2 49 - 0.02 0.14 30164
aoULAV 1e1 2 49 - 0.02 0.14 30176
aoD2AG 1e1 2 49 - 0.03 0.14 30316
aoD2SG 1e1 2 49 - 0.03 0.14 30320
moore 1e1 2 49 - 0.02 0.18 30484
nbpm 1e1 2 49 - 0.06 2.16 49824
greedy 1e1 2 49 - 0.03 0.14 30124
dry 32e3 2 2 - 0.02 0.12 27296
aoDLAV 32e3 2 2 - 0.03 0.22 31436
aoULAV 32e3 2 2 - 0.03 0.22 32148
aoD2AG 32e3 2 2 - 0.03 0.25 35024
aoD2SG 32e3 2 2 - 0.03 0.26 34788
dry 225e2 2 223 - 0.02 0.12 26920
aoDLAV 225e2 2 223 - 0.03 0.20 30984
aoULAV 225e2 2 223 - 0.03 0.20 30996
aoD2AG 225e2 2 223 - 0.03 0.22 33368
aoD2SG 225e2 2 223 - 0.04 0.22 33464
dry 56e1 2 64 - 0.02 0.12 26008
aoDLAV 56e1 2 64 - 0.02 0.15 30220
aoULAV 56e1 2 64 - 0.03 0.14 30232
aoD2AG 56e1 2 64 - 0.02 0.15 30416
aoD2SG 56e1 2 64 - 0.03 0.14 30424
moore 56e1 2 64 - 0.03 1.11 39680
nbpm 56e1 2 64 - 0.10 3.01 78704
greedy 56e1 2 64 - 0.04 0.39 64108
dry 1e3 5 39 - 0.02 0.12 26056
aoDLAV 1e3 5 39 - 0.02 0.15 30424
aoULAV 1e3 5 39 - 0.03 0.15 30436
aoD2AG 1e3 5 39 - 0.02 0.15 30748
aoD2SG 1e3 5 39 - 0.03 0.15 30768
moore 1e3 5 39 - 0.05 6.79 59804
nbpm 1e3 5 39 - 0.11 4.51 129244
greedy 1e3 5 39 - 0.08 1.01 139388
dry 32e4 2 145 - 0.04 0.16 36424
aoDLAV 32e4 2 145 - 0.05 1.20 70832
aoULAV 32e4 2 145 - 0.05 1.26 70844
aoD2AG 32e4 2 145 - 0.08 1.66 88292
aoD2SG 32e4 2 145 - 0.07 1.88 90728
dry 32e1 2 171 - 0.03 0.11 26000
aoDLAV 32e1 2 171 - 0.02 0.15 30200
aoULAV 32e1 2 171 - 0.02 0.15 30208
aoD2AG 32e1 2 171 - 0.03 0.14 30376
aoD2SG 32e1 2 171 - 0.03 0.14 30384
moore 32e1 2 171 - 0.03 0.53 33676
nbpm 32e1 2 171 - 0.07 2.34 58300
greedy 32e1 2 171 - 0.03 0.21 40976
dry 1e2 2 192 - 0.03 0.11 25992
aoDLAV 1e2 2 192 - 0.02 0.15 30168
aoULAV 1e2 2 192 - 0.02 0.16 30184
aoD2AG 1e2 2 192 - 0.03 0.14 30332
aoD2SG 1e2 2 192 - 0.03 0.14 30340
moore 1e2 2 192 - 0.04 0.22 30488
nbpm 1e2 2 192 - 0.09 2.18 53012
greedy 1e2 2 192 - 0.03 0.15 30880
dry 1e6 10 124 - 0.08 0.40 112232
aoDLAV 1e6 10 124 - 0.20 384.73 369996
aoULAV 1e6 10 124 - 0.28 474.58 369888
aoD2AG 1e6 10 124 - 0.37 383.84 446220
aoD2SG 1e6 10 124 - 0.43 493.53 457120
dry 32e3 2 221 - 0.02 0.12 27296
aoDLAV 32e3 2 221 - 0.03 0.22 31436
aoULAV 32e3 2 221 - 0.03 0.21 32148
aoD2AG 32e3 2 221 - 0.03 0.24 35024
aoD2SG 32e3 2 221 - 0.04 0.26 34788
dry 1e5 5 211 - 0.03 0.14 34480
aoDLAV 1e5 5 211 - 0.04 1.49 41816
aoULAV 1e5 5 211 - 0.04 1.50 43576
aoD2AG 1e5 5 211 - 0.05 1.63 53560
aoD2SG 1e5 5 211 - 0.04 1.85 53200
dry 18e4 2 178 - 0.02 0.14 33104
aoDLAV 18e4 2 178 - 0.03 0.74 47860
aoULAV 18e4 2 178 - 0.04 0.76 47860
aoD2AG 18e4 2 178 - 0.06 0.95 58640
aoD2SG 18e4 2 178 - 0.06 1.08 60372
dry 18e1 2 68 - 0.03 0.12 26008
aoDLAV 18e1 2 68 - 0.03 0.14 30184
aoULAV 18e1 2 68 - 0.03 0.14 30196
aoD2AG 18e1 2 68 - 0.04 0.15 30360
aoD2SG 18e1 2 68 - 0.02 0.15 30364
moore 18e1 2 68 - 0.03 0.24 30488
nbpm 18e1 2 68 - 0.09 2.20 54436
greedy 18e1 2 68 - 0.04 0.15 33348
dry 18e4 2 66 - 0.03 0.14 33104
aoDLAV 18e4 2 66 - 0.04 0.78 47860
aoULAV 18e4 2 66 - 0.05 0.79 47860
aoD2AG 18e4 2 66 - 0.06 0.96 58640
aoD2SG 18e4 2 66 - 0.06 1.07 59924
dry 225e2 2 244 - 0.02 0.12 26920
aoDLAV 225e2 2 244 - 0.03 0.19 30980
aoULAV 225e2 2 244 - 0.02 0.20 30992
aoD2AG 225e2 2 244 - 0.02 0.22 33372
aoD2SG 225e2 2 244 - 0.03 0.23 33468
dry 375e2 2 166 - 0.02 0.12 27516
aoDLAV 375e2 2 166 - 0.02 0.25 31784
aoULAV 375e2 2 166 - 0.03 0.25 32608
aoD2AG 375e2 2 166 - 0.03 0.27 35560
aoD2SG 375e2 2 166 - 0.03 0.29 35528
dry 5e4 2 71 - 0.02 0.13 28000
aoDLAV 5e4 2 71 - 0.03 0.27 33012
aoULAV 5e4 2 71 - 0.03 0.27 33312
aoD2AG 5e4 2 71 - 0.04 0.34 36408
aoD2SG 5e4 2 71 - 0.04 0.36 36424
dry 5e4 10 229 - 0.04 0.14 33888
aoDLAV 5e4 10 229 - 0.04 7.76 40200
aoULAV 5e4 10 229 - 0.04 7.24 40200
aoD2AG 5e4 10 229 - 0.03 8.09 44980
aoD2SG 5e4 10 229 - 0.05 8.64 45000
dry 1e2 2 113 - 0.02 0.12 25992
aoDLAV 1e2 2 113 - 0.03 0.15 30168
aoULAV 1e2 2 113 - 0.03 0.14 30180
aoD2AG 1e2 2 113 - 0.03 0.14 30336
aoD2SG 1e2 2 113 - 0.03 0.14 30340
moore 1e2 2 113 - 0.03 0.24 30480
nbpm 1e2 2 113 - 0.11 2.16 53000
greedy 1e2 2 113 - 0.03 0.14 30884
dry 1e6 2 154 - 0.04 0.20 49704
aoDLAV 1e6 2 154 - 0.11 3.73 178460
aoULAV 1e6 2 154 - 0.12 3.98 178460
aoD2AG 1e6 2 154 - 0.18 5.65 233156
aoD2SG 1e6 2 154 - 0.20 6.22 243768
dry 1e3 5 154 - 0.03 0.11 26056
aoDLAV 1e3 5 154 - 0.02 0.15 30428
aoULAV 1e3 5 154 - 0.03 0.14 30440
aoD2AG 1e3 5 154 - 0.02 0.15 30732
aoD2SG 1e3 5 154 - 0.03 0.15 30760
moore 1e3 5 154 - 0.05 1.99 59828
nbpm 1e3 5 154 - 0.12 4.47 129296
greedy 1e3 5 154 - 0.08 1.01 139392
dry 225e2 2 240 - 0.03 0.11 26920
aoDLAV 225e2 2 240 - 0.03 0.19 30984
aoULAV 225e2 2 240 - 0.02 0.19 30992
aoD2AG 225e2 2 240 - 0.02 0.21 33372
aoD2SG 225e2 2 240 - 0.02 0.22 33464
dry 1e6 10 105 - 0.08 0.38 112232
aoDLAV 1e6 10 105 - 0.20 349.57 369888
aoULAV 1e6 10 105 - 1.73 433.15 370000
aoD2AG 1e6 10 105 - 0.47 368.54 446804
aoD2SG 1e6 10 105 - 0.43 501.49 458452
