dry 1e6 2 48 - 0.03 0.19 49704
aoDLAV 1e6 2 48 - 0.10 3.37 178460
aoULAV 1e6 2 48 - 0.09 3.59 178460
aoD2AG 1e6 2 48 - 0.16 4.97 234156
aoD2SG 1e6 2 48 - 0.19 5.92 244896
dry 1e3 10 137 - 0.02 0.11 26136
aoDLAV 1e3 10 137 - 0.02 0.16 30652
aoULAV 1e3 10 137 - 0.03 0.15 30664
aoD2AG 1e3 10 137 - 0.02 0.16 31060
aoD2SG 1e3 10 137 - 0.02 0.16 31084
moore 1e3 10 137 - 0.03 5.34 59840
nbpm 1e3 10 137 - 0.11 4.74 136136
greedy 1e3 10 137 - 0.07 0.98 139616
dry 300e2 2 111 - 0.02 0.12 29028
aoDLAV 300e2 2 111 - 0.02 0.21 31296
aoULAV 300e2 2 111 - 0.03 0.22 31892
aoD2AG 300e2 2 111 - 0.04 0.23 35056
aoD2SG 300e2 2 111 - 0.03 0.26 34720
dry 1e5 2 242 - 0.02 0.14 31916
aoDLAV 1e5 2 242 - 0.03 0.44 34808
aoULAV 1e5 2 242 - 0.03 0.41 35324
aoD2AG 1e5 2 242 - 0.04 0.52 42604
aoD2SG 1e5 2 242 - 0.03 0.59 43808
dry 225e2 2 154 - 0.01 0.12 26920
aoDLAV 225e2 2 154 - 0.02 0.20 30980
aoULAV 225e2 2 154 - 0.02 0.19 30992
aoD2AG 225e2 2 154 - 0.03 0.20 33372
aoD2SG 225e2 2 154 - 0.04 0.21 33464
dry 56e1 2 186 - 0.02 0.12 26008
aoDLAV 56e1 2 186 - 0.03 0.14 30224
aoULAV 56e1 2 186 - 0.03 0.13 30232
aoD2AG 56e1 2 186 - 0.03 0.14 30416
aoD2SG 56e1 2 186 - 0.02 0.14 30428
moore 56e1 2 186 - 0.04 0.95 39688
nbpm 56e1 2 186 - 0.08 2.81 78712
greedy 56e1 2 186 - 0.04 0.38 64104
dry 1e3 10 107 - 0.02 0.12 26136
aoDLAV 1e3 10 107 - 0.02 0.16 30656
aoULAV 1e3 10 107 - 0.02 0.16 30668
aoD2AG 1e3 10 107 - 0.02 0.16 31064
aoD2SG 1e3 10 107 - 0.02 0.16 31092
moore 1e3 10 107 - 0.04 3.94 59840
nbpm 1e3 10 107 - 0.11 4.73 136140
greedy 1e3 10 107 - 0.09 1.03 139616
dry 1e6 5 239 - 0.05 0.27 73152
aoDLAV 1e6 5 239 - 0.28 19.08 252692
aoULAV 1e6 5 239 - 0.28 19.33 252688
aoD2AG 1e6 5 239 - 0.32 20.91 324600
aoD2SG 1e6 5 239 - 0.22 24.42 333404
dry 1e3 10 211 - 0.03 0.11 26140
aoDLAV 1e3 10 211 - 0.03 0.16 30656
aoULAV 1e3 10 211 - 0.02 0.16 30672
aoD2AG 1e3 10 211 - 0.02 0.16 31068
aoD2SG 1e3 10 211 - 0.03 0.17 31092
moore 1e3 10 211 - 0.03 4.37 59840
nbpm 1e3 10 211 - 0.17 4.79 136136
greedy 1e3 10 211 - 0.07 1.04 139616
dry 56e1 2 237 - 0.02 0.12 26008
aoDLAV 56e1 2 237 - 0.02 0.15 30220
aoULAV 56e1 2 237 - 0.02 0.15 30236
aoD2AG 56e1 2 237 - 0.03 0.14 30416
aoD2SG 56e1 2 237 - 0.03 0.14 30424
moore 56e1 2 237 - 0.03 1.09 39684
nbpm 56e1 2 237 - 0.10 2.98 78704
greedy 56e1 2 237 - 0.04 0.39 64104
dry 56e3 2 112 - 0.03 0.11 28236
aoDLAV 56e3 2 112 - 0.04 0.29 33476
aoULAV 56e3 2 112 - 0.03 0.31 34696
aoD2AG 56e3 2 112 - 0.04 0.36 37288
aoD2SG 56e3 2 112 - 0.03 0.39 37300
dry 350e2 2 6 - 0.02 0.12 27416
aoDLAV 350e2 2 6 - 0.02 0.24 31480
aoULAV 350e2 2 6 - 0.03 0.22 32260
aoD2AG 350e2 2 6 - 0.03 0.26 34848
aoD2SG 350e2 2 6 - 0.04 0.26 35132
dry 275e2 2 71 - 0.02 0.12 30676
aoDLAV 275e2 2 71 - 0.03 0.20 31240
aoULAV 275e2 2 71 - 0.03 0.21 31568
aoD2AG 275e2 2 71 - 0.03 0.23 34692
aoD2SG 275e2 2 71 - 0.03 0.24 34812
dry 350e2 2 83 - 0.02 0.12 27420
aoDLAV 350e2 2 83 - 0.03 0.23 31484
aoULAV 350e2 2 83 - 0.03 0.23 32256
aoD2AG 350e2 2 83 - 0.03 0.27 34848
aoD2SG 350e2 2 83 - 0.03 0.27 35132
dry 375e2 2 21 - 0.02 0.11 29348
aoDLAV 375e2 2 21 - 0.03 0.23 31784
aoULAV 375e2 2 21 - 0.03 0.23 32608
aoD2AG 375e2 2 21 - 0.02 0.27 35516
aoD2SG 375e2 2 21 - 0.03 0.28 35532
dry 375e2 2 143 - 0.02 0.11 27952
aoDLAV 375e2 2 143 - 0.03 0.22 31784
aoULAV 375e2 2 143 - 0.03 0.24 32604
aoD2AG 375e2 2 143 - 0.03 0.28 35516
aoD2SG 375e2 2 143 - 0.03 0.29 35528
dry 350e2 2 15 - 0.02 0.12 27416
aoDLAV 350e2 2 15 - 0.02 0.23 31484
aoULAV 350e2 2 15 - 0.02 0.23 32260
aoD2AG 350e2 2 15 - 0.03 0.26 34848
aoD2SG 350e2 2 15 - 0.02 0.28 35132
dry 1e6 2 89 - 0.04 0.19 49704
aoDLAV 1e6 2 89 - 0.10 3.68 178456
aoULAV 1e6 2 89 - 0.14 3.82 178456
aoD2AG 1e6 2 89 - 0.17 5.67 234668
aoD2SG 1e6 2 89 - 0.19 6.41 244568
dry 225e2 2 247 - 0.03 0.11 26920
aoDLAV 225e2 2 247 - 0.03 0.19 30980
aoULAV 225e2 2 247 - 0.03 0.20 30992
aoD2AG 225e2 2 247 - 0.03 0.21 33368
aoD2SG 225e2 2 247 - 0.03 0.22 33464
dry 5e4 5 239 - 0.02 0.14 30148
aoDLAV 5e4 5 239 - 0.04 0.74 34704
aoULAV 5e4 5 239 - 0.04 0.75 34704
aoD2AG 5e4 5 239 - 0.03 0.82 37724
aoD2SG 5e4 5 239 - 0.03 0.89 37936
dry 275e2 2 246 - 0.02 0.12 27120
aoDLAV 275e2 2 246 - 0.03 0.21 31240
aoULAV 275e2 2 246 - 0.03 0.21 31572
aoD2AG 275e2 2 246 - 0.02 0.24 34692
aoD2SG 275e2 2 246 - 0.04 0.24 34812
dry 1e6 2 119 - 0.04 0.20 49708
aoDLAV 1e6 2 119 - 0.11 3.81 178456
aoULAV 1e6 2 119 - 0.12 4.01 178456
aoD2AG 1e6 2 119 - 0.16 5.67 233952
aoD2SG 1e6 2 119 - 0.19 6.36 241984
dry 56e4 2 27 - 0.04 0.19 41104
aoDLAV 56e4 2 27 - 0.07 2.13 107988
aoULAV 56e4 2 27 - 0.08 2.21 107984
aoD2AG 56e4 2 27 - 0.10 3.06 138616
aoD2SG 56e4 2 27 - 0.11 3.34 143264
dry 225e2 2 55 - 0.02 0.12 26920
aoDLAV 225e2 2 55 - 0.02 0.19 30980
aoULAV 225e2 2 55 - 0.02 0.20 30992
aoD2AG 225e2 2 55 - 0.02 0.21 33368
aoD2SG 225e2 2 55 - 0.03 0.21 33460
dry 1e2 10 90 - 0.02 0.12 26004
aoDLAV 1e2 10 90 - 0.02 0.14 30260
aoULAV 1e2 10 90 - 0.02 0.14 30276
aoD2AG 1e2 10 90 - 0.03 0.14 30440
aoD2SG 1e2 10 90 - 0.02 0.14 30452
moore 1e2 10 90 - 0.03 0.25 30516
nbpm 1e2 10 90 - 0.07 2.13 53076
greedy 1e2 10 90 - 0.02 0.15 30976
dry 1e1 2 117 - 0.02 0.12 25992
aoDLAV 1e1 2 117 - 0.03 0.14 30160
aoULAV 1e1 2 117 - 0.03 0.14 30172
aoD2AG 1e1 2 117 - 0.03 0.14 30312
aoD2SG 1e1 2 117 - 0.03 0.15 30316
moore 1e1 2 117 - 0.03 0.18 30484
nbpm 1e1 2 117 - 0.07 2.13 49824
greedy 1e1 2 117 - 0.03 0.14 30124
dry 1e1 2 22 - 0.02 0.12 25992
aoDLAV 1e1 2 22 - 0.03 0.14 30160
aoULAV 1e1 2 22 - 0.02 0.15 30172
aoD2AG 1e1 2 22 - 0.03 0.14 30316
aoD2SG 1e1 2 22 - 0.02 0.15 30312
moore 1e1 2 22 - 0.03 0.19 30476
nbpm 1e1 2 22 - 0.09 2.15 49816
greedy 1e1 2 22 - 0.02 0.15 30124
dry 5e4 5 216 - 0.02 0.14 30084
aoDLAV 5e4 5 216 - 0.02 0.77 34708
aoULAV 5e4 5 216 - 0.03 0.77 34704
aoD2AG 5e4 5 216 - 0.03 0.83 37732
aoD2SG 5e4 5 216 - 0.03 0.90 37936
dry 18e4 2 204 - 0.03 0.13 33104
aoDLAV 18e4 2 204 - 0.05 0.75 47864
aoULAV 18e4 2 204 - 0.04 0.78 47860
aoD2AG 18e4 2 204 - 0.06 0.99 58644
aoD2SG 18e4 2 204 - 0.06 1.08 59976
dry 350e2 2 1 - 0.02 0.12 29452
aoDLAV 350e2 2 1 - 0.03 0.23 31480
aoULAV 350e2 2 1 - 0.03 0.23 32260
aoD2AG 350e2 2 1 - 0.02 0.27 34848
aoD2SG 350e2 2 1 - 0.02 0.28 35132
dry 56e3 2 250 - 0.02 0.12 28236
aoDLAV 56e3 2 250 - 0.02 0.30 33476
aoULAV 56e3 2 250 - 0.03 0.30 34696
aoD2AG 56e3 2 250 - 0.05 0.35 37284
aoD2SG 56e3 2 250 - 0.03 0.39 37300
dry 32e4 2 35 - 0.04 0.16 36428
aoDLAV 32e4 2 35 - 0.06 1.22 70832
aoULAV 32e4 2 35 - 0.05 1.27 70840
aoD2AG 32e4 2 35 - 0.07 1.78 88360
aoD2SG 32e4 2 35 - 0.08 1.91 91740
dry 325e2 2 244 - 0.03 0.11 29264
aoDLAV 325e2 2 244 - 0.03 0.22 31372
aoULAV 325e2 2 244 - 0.03 0.22 32084
aoD2AG 325e2 2 244 - 0.03 0.26 35004
aoD2SG 325e2 2 244 - 0.03 0.27 34760
dry 300e2 2 178 - 0.02 0.11 27220
aoDLAV 300e2 2 178 - 0.03 0.21 31296
aoULAV 300e2 2 178 - 0.02 0.22 31892
aoD2AG 300e2 2 178 - 0.03 0.24 35060
aoD2SG 300e2 2 178 - 0.02 0.26 34716
dry 300e2 2 212 - 0.02 0.12 27216
aoDLAV 300e2 2 212 - 0.02 0.22 31300
aoULAV 300e2 2 212 - 0.03 0.22 31896
aoD2AG 300e2 2 212 - 0.04 0.24 35056
aoD2SG 300e2 2 212 - 0.03 0.26 34716
dry 32e1 2 212 - 0.02 0.11 26000
aoDLAV 32e1 2 212 - 0.03 0.15 30200
aoULAV 32e1 2 212 - 0.02 0.15 30208
aoD2AG 32e1 2 212 - 0.02 0.16 30392
aoD2SG 32e1 2 212 - 0.03 0.14 30388
moore 32e1 2 212 - 0.03 0.57 33684
nbpm 32e1 2 212 - 0.08 2.40 58308
greedy 32e1 2 212 - 0.03 0.22 40972
dry 375e2 2 220 - 0.02 0.12 27516
aoDLAV 375e2 2 220 - 0.03 0.24 31788
aoULAV 375e2 2 220 - 0.02 0.25 32604
aoD2AG 375e2 2 220 - 0.02 0.28 35516
aoD2SG 375e2 2 220 - 0.02 0.29 35528
dry 5e4 5 33 - 0.03 0.13 30348
aoDLAV 5e4 5 33 - 0.02 0.77 34708
aoULAV 5e4 5 33 - 0.03 0.77 34704
aoD2AG 5e4 5 33 - 0.04 0.83 37728
aoD2SG 5e4 5 33 - 0.04 0.90 37936
dry 225e2 2 131 - 0.01 0.12 26920
aoDLAV 225e2 2 131 - 0.03 0.19 30980
aoULAV 225e2 2 131 - 0.03 0.20 30992
aoD2AG 225e2 2 131 - 0.02 0.22 33368
aoD2SG 225e2 2 131 - 0.02 0.23 33464
dry 275e2 2 141 - 0.02 0.12 27120
aoDLAV 275e2 2 141 - 0.02 0.21 31240
aoULAV 275e2 2 141 - 0.03 0.21 31568
aoD2AG 275e2 2 141 - 0.02 0.24 34696
aoD2SG 275e2 2 141 - 0.02 0.25 34812
dry 32e3 2 51 - 0.03 0.11 27296
aoDLAV 32e3 2 51 - 0.03 0.22 31436
aoULAV 32e3 2 51 - 0.03 0.23 32152
aoD2AG 32e3 2 51 - 0.03 0.25 35024
aoD2SG 32e3 2 51 - 0.03 0.26 34784
dry 5e4 5 80 - 0.03 0.13 31296
aoDLAV 5e4 5 80 - 0.03 0.78 34708
aoULAV 5e4 5 80 - 0.03 0.78 34708
aoD2AG 5e4 5 80 - 0.03 0.81 37724
aoD2SG 5e4 5 80 - 0.04 0.88 37936
dry 350e2 2 97 - 0.03 0.11 27420
aoDLAV 350e2 2 97 - 0.03 0.22 31480
aoULAV 350e2 2 97 - 0.03 0.22 32264
aoD2AG 350e2 2 97 - 0.04 0.25 34848
aoD2SG 350e2 2 97 - 0.03 0.27 35128
dry 56e3 2 60 - 0.03 0.11 30216
aoDLAV 56e3 2 60 - 0.03 0.29 33476
aoULAV 56e3 2 60 - 0.04 0.28 34700
aoD2AG 56e3 2 60 - 0.03 0.35 37284
aoD2SG 56e3 2 60 - 0.04 0.37 37300
dry 350e2 2 66 - 0.03 0.11 27416
aoDLAV 350e2 2 66 - 0.02 0.22 31484
aoULAV 350e2 2 66 - 0.03 0.22 32260
aoD2AG 350e2 2 66 - 0.03 0.26 34848
aoD2SG 350e2 2 66 - 0.03 0.27 35128
dry 1e5 5 86 - 0.02 0.14 34476
aoDLAV 1e5 5 86 - 0.05 1.56 41820
aoULAV 1e5 5 86 - 0.04 1.62 43576
aoD2AG 1e5 5 86 - 0.04 1.79 53568
aoD2SG 1e5 5 86 - 0.05 1.97 53200
dry 1e1 2 13 - 0.02 0.12 25992
aoDLAV 1e1 2 13 - 0.02 0.15 30160
aoULAV 1e1 2 13 - 0.03 0.13 30204
aoD2AG 1e1 2 13 - 0.03 0.14 30324
aoD2SG 1e1 2 13 - 0.02 0.15 30332
moore 1e1 2 13 - 0.03 0.17 30484
nbpm 1e1 2 13 - 0.08 2.10 49828
greedy 1e1 2 13 - 0.03 0.13 30128
dry 250e2 2 42 - 0.02 0.12 27020
aoDLAV 250e2 2 42 - 0.03 0.20 31108
aoULAV 250e2 2 42 - 0.02 0.20 31264
aoD2AG 250e2 2 42 - 0.03 0.22 33864
aoD2SG 250e2 2 42 - 0.03 0.23 33960
dry 1e2 10 249 - 0.02 0.12 26004
aoDLAV 1e2 10 249 - 0.03 0.14 30260
aoULAV 1e2 10 249 - 0.02 0.14 30276
aoD2AG 1e2 10 249 - 0.03 0.14 30444
aoD2SG 1e2 10 249 - 0.03 0.13 30448
moore 1e2 10 249 - 0.02 0.21 30496
nbpm 1e2 10 249 - 0.08 2.13 53080
greedy 1e2 10 249 - 0.02 0.14 30976
dry 32e1 2 177 - 0.03 0.11 26004
aoDLAV 32e1 2 177 - 0.03 0.14 30196
aoULAV 32e1 2 177 - 0.02 0.15 30208
aoD2AG 32e1 2 177 - 0.03 0.14 30376
aoD2SG 32e1 2 177 - 0.02 0.15 30384
moore 32e1 2 177 - 0.03 0.50 33676
nbpm 32e1 2 177 - 0.08 2.33 58300
greedy 32e1 2 177 - 0.02 0.22 40976
dry 1e5 10 185 - 0.03 0.18 38396
aoDLAV 1e5 10 185 - 0.03 22.19 53536
aoULAV 1e5 10 185 - 0.05 22.59 55308
aoD2AG 1e5 10 185 - 0.05 22.46 62692
aoD2SG 1e5 10 185 - 0.06 25.49 66836
dry 1e1 2 202 - 0.02 0.11 25992
aoDLAV 1e1 2 202 - 0.03 0.14 30160
aoULAV 1e1 2 202 - 0.02 0.14 30172
aoD2AG 1e1 2 202 - 0.02 0.15 30316
aoD2SG 1e1 2 202 - 0.02 0.14 30320
moore 1e1 2 202 - 0.03 0.17 30476
nbpm 1e1 2 202 - 0.06 2.14 49816
greedy 1e1 2 202 - 0.03 0.14 30124
dry 350e2 2 212 - 0.03 0.11 27416
aoDLAV 350e2 2 212 - 0.03 0.23 31484
aoULAV 350e2 2 212 - 0.03 0.22 32260
aoD2AG 350e2 2 212 - 0.03 0.26 34848
aoD2SG 350e2 2 212 - 0.04 0.27 35132
dry 56e4 2 110 - 0.02 0.19 41104
aoDLAV 56e4 2 110 - 0.07 2.10 107984
aoULAV 56e4 2 110 - 0.09 2.13 107988
aoD2AG 56e4 2 110 - 0.12 3.01 140296
aoD2SG 56e4 2 110 - 0.14 3.42 144020
dry 1e5 2 147 - 0.02 0.13 31404
aoDLAV 1e5 2 147 - 0.03 0.43 34800
aoULAV 1e5 2 147 - 0.04 0.44 35320
aoD2AG 1e5 2 147 - 0.05 0.56 42596
aoD2SG 1e5 2 147 - 0.04 0.63 43796
dry 18e4 2 118 - 0.03 0.14 33104
aoDLAV 18e4 2 118 - 0.04 0.74 47860
aoULAV 18e4 2 118 - 0.06 0.76 47860
aoD2AG 18e4 2 118 - 0.05 1.00 58644
aoD2SG 18e4 2 118 - 0.06 1.08 60124
dry 1e2 5 3 - 0.03 0.11 26000
aoDLAV 1e2 5 3 - 0.02 0.14 30212
aoULAV 1e2 5 3 - 0.03 0.13 30224
aoD2AG 1e2 5 3 - 0.03 0.14 30384
aoD2SG 1e2 5 3 - 0.03 0.14 30388
moore 1e2 5 3 - 0.03 0.22 30492
nbpm 1e2 5 3 - 0.09 2.13 53016
greedy 1e2 5 3 - 0.03 0.14 30924
dry 325e2 2 28 - 0.03 0.11 30776
aoDLAV 325e2 2 28 - 0.03 0.21 31376
aoULAV 325e2 2 28 - 0.02 0.23 32088
aoD2AG 325e2 2 28 - 0.04 0.24 35004
aoD2SG 325e2 2 28 - 0.02 0.27 34764
dry 325e2 2 11 - 0.02 0.12 27316
aoDLAV 325e2 2 11 - 0.03 0.23 31376
aoULAV 325e2 2 11 - 0.03 0.22 32088
aoD2AG 325e2 2 11 - 0.03 0.25 35004
aoD2SG 325e2 2 11 - 0.03 0.26 34760
dry 375e2 2 209 - 0.03 0.11 27516
aoDLAV 375e2 2 209 - 0.04 0.22 31784
aoULAV 375e2 2 209 - 0.04 0.22 32604
aoD2AG 375e2 2 209 - 0.03 0.27 35516
aoD2SG 375e2 2 209 - 0.04 0.28 35532
dry 225e2 2 19 - 0.02 0.12 26920
aoDLAV 225e2 2 19 - 0.03 0.19 30984
aoULAV 225e2 2 19 - 0.03 0.20 30992
aoD2AG 225e2 2 19 - 0.03 0.22 33368
aoD2SG 225e2 2 19 - 0.03 0.23 33460
dry 56e3 2 154 - 0.02 0.12 28236
aoDLAV 56e3 2 154 - 0.03 0.28 33480
aoULAV 56e3 2 154 - 0.03 0.29 34696
aoD2AG 56e3 2 154 - 0.03 0.35 37284
aoD2SG 56e3 2 154 - 0.04 0.37 37304
dry 5e4 5 196 - 0.03 0.13 31484
aoDLAV 5e4 5 196 - 0.03 0.74 34704
aoULAV 5e4 5 196 - 0.03 0.73 34708
aoD2AG 5e4 5 196 - 0.04 0.79 37732
aoD2SG 5e4 5 196 - 0.03 0.86 37940
dry 1e5 5 38 - 0.04 0.13 34476
aoDLAV 1e5 5 38 - 0.04 1.58 41820
aoULAV 1e5 5 38 - 0.05 1.60 43568
aoD2AG 1e5 5 38 - 0.05 1.71 53560
aoD2SG 1e5 5 38 - 0.05 1.91 53204
dry 1e6 5 72 - 0.06 0.26 73152
aoDLAV 1e6 5 72 - 0.15 19.24 252784
aoULAV 1e6 5 72 - 0.19 19.56 252692
aoD2AG 1e6 5 72 - 0.22 21.52 322952
aoD2SG 1e6 5 72 - 0.20 25.24 332956
dry 32e4 2 38 - 0.03 0.16 36428
aoDLAV 32e4 2 38 - 0.07 1.27 70828
aoULAV 32e4 2 38 - 0.07 1.25 70844
aoD2AG 32e4 2 38 - 0.07 1.74 88420
aoD2SG 32e4 2 38 - 0.06 1.93 91052
dry 1e6 2 166 - 0.04 0.19 49704
aoDLAV 1e6 2 166 - 0.09 3.70 178456
aoULAV 1e6 2 166 - 0.12 3.80 178456
aoD2AG 1e6 2 166 - 0.20 5.54 233296
aoD2SG 1e6 2 166 - 0.21 6.26 242448
dry 18e1 2 82 - 0.02 0.12 26004
aoDLAV 18e1 2 82 - 0.03 0.13 30184
aoULAV 18e1 2 82 - 0.02 0.14 30196
aoD2AG 18e1 2 82 - 0.03 0.14 30356
aoD2SG 18e1 2 82 - 0.02 0.14 30364
moore 18e1 2 82 - 0.02 0.31 30488
nbpm 18e1 2 82 - 0.07 2.19 54440
greedy 18e1 2 82 - 0.03 0.16 33352
dry 375e2 2 203 - 0.02 0.13 30876
aoDLAV 375e2 2 203 - 0.03 0.23 31784
aoULAV 375e2 2 203 - 0.03 0.24 32604
aoD2AG 375e2 2 203 - 0.02 0.28 35516
aoD2SG 375e2 2 203 - 0.03 0.29 35528
dry 5e4 5 240 - 0.02 0.14 29984
aoDLAV 5e4 5 240 - 0.04 0.77 34708
aoULAV 5e4 5 240 - 0.04 0.76 34708
aoD2AG 5e4 5 240 - 0.04 0.81 37724
aoD2SG 5e4 5 240 - 0.03 0.91 37936
dry 400e2 2 156 - 0.02 0.12 27952
aoDLAV 400e2 2 156 - 0.03 0.23 32236
aoULAV 400e2 2 156 - 0.02 0.24 33112
aoD2AG 400e2 2 156 - 0.03 0.27 36068
aoD2SG 400e2 2 156 - 0.03 0.29 35928
dry 250e2 2 62 - 0.02 0.12 29012
aoDLAV 250e2 2 62 - 0.02 0.20 31108
aoULAV 250e2 2 62 - 0.02 0.20 31212
aoD2AG 250e2 2 62 - 0.03 0.21 33864
aoD2SG 250e2 2 62 - 0.03 0.22 33964
dry 5e4 10 204 - 0.02 0.14 33888
aoDLAV 5e4 10 204 - 0.04 7.76 40200
aoULAV 5e4 10 204 - 0.04 7.75 40200
aoD2AG 5e4 10 204 - 0.04 7.92 44980
aoD2SG 5e4 10 204 - 0.03 8.90 44996
dry 56e1 2 149 - 0.02 0.12 26008
aoDLAV 56e1 2 149 - 0.04 0.13 30220
aoULAV 56e1 2 149 - 0.04 0.13 30236
aoD2AG 56e1 2 149 - 0.03 0.15 30416
aoD2SG 56e1 2 149 - 0.03 0.14 30424
moore 56e1 2 149 - 0.04 1.34 39652
nbpm 56e1 2 149 - 0.09 2.92 78704
greedy 56e1 2 149 - 0.03 0.40 64104
dry 56e4 2 51 - 0.04 0.18 41104
aoDLAV 56e4 2 51 - 0.07 2.11 107988
aoULAV 56e4 2 51 - 0.08 2.19 107984
aoD2AG 56e4 2 51 - 0.11 3.11 140024
aoD2SG 56e4 2 51 - 0.11 3.46 143144
dry 400e2 2 222 - 0.02 0.12 27616
aoDLAV 400e2 2 222 - 0.03 0.23 32236
aoULAV 400e2 2 222 - 0.03 0.24 33112
aoD2AG 400e2 2 222 - 0.03 0.28 36072
aoD2SG 400e2 2 222 - 0.03 0.30 35928
dry 350e2 2 189 - 0.02 0.12 29456
aoDLAV 350e2 2 189 - 0.03 0.23 31480
aoULAV 350e2 2 189 - 0.03 0.22 32260
aoD2AG 350e2 2 189 - 0.03 0.26 34848
aoD2SG 350e2 2 189 - 0.03 0.28 35136
dry 1e3 5 56 - 0.02 0.12 26056
aoDLAV 1e3 5 56 - 0.02 0.15 30424
aoULAV 1e3 5 56 - 0.02 0.15 30436
aoD2AG 1e3 5 56 - 0.03 0.14 30764
aoD2SG 1e3 5 56 - 0.02 0.15 30784
moore 1e3 5 56 - 0.03 4.90 59800
nbpm 1e3 5 56 - 0.12 4.63 129244
greedy 1e3 5 56 - 0.07 1.04 139392
dry 32e1 2 49 - 0.02 0.12 26000
aoDLAV 32e1 2 49 - 0.02 0.15 30196
aoULAV 32e1 2 49 - 0.02 0.15 30208
aoD2AG 32e1 2 49 - 0.03 0.14 30376
aoD2SG 32e1 2 49 - 0.02 0.14 30384
moore 32e1 2 49 - 0.03 0.67 33684
nbpm 32e1 2 49 - 0.07 2.37 58312
greedy 32e1 2 49 - 0.03 0.20 40972
dry 5e4 2 124 - 0.02 0.13 29400
aoDLAV 5e4 2 124 - 0.03 0.27 33008
aoULAV 5e4 2 124 - 0.04 0.27 33316
aoD2AG 5e4 2 124 - 0.03 0.33 36408
aoD2SG 5e4 2 124 - 0.03 0.37 36428
dry 5e4 10 1 - 0.03 0.13 33888
aoDLAV 5e4 10 1 - 0.10 8.01 40200
aoULAV 5e4 10 1 - 0.08 8.32 40204
aoD2AG 5e4 10 1 - 0.09 8.04 44984
aoD2SG 5e4 10 1 - 0.04 13.29 44996
dry 5e4 2 78 - 0.02 0.12 31120
aoDLAV 5e4 2 78 - 0.03 0.27 33008
aoULAV 5e4 2 78 - 0.03 0.28 33312
aoD2AG 5e4 2 78 - 0.03 0.33 36412
aoD2SG 5e4 2 78 - 0.03 0.35 36424
dry 18e1 2 243 - 0.02 0.12 26004
aoDLAV 18e1 2 243 - 0.02 0.14 30184
aoULAV 18e1 2 243 - 0.02 0.15 30200
aoD2AG 18e1 2 243 - 0.03 0.14 30360
aoD2SG 18e1 2 243 - 0.01 0.15 30368
moore 18e1 2 243 - 0.03 0.34 30496
nbpm 18e1 2 243 - 0.07 2.19 54444
greedy 18e1 2 243 - 0.02 0.16 33348
dry 5e4 2 215 - 0.02 0.12 29572
aoDLAV 5e4 2 215 - 0.03 0.27 33008
aoULAV 5e4 2 215 - 0.02 0.28 33312
aoD2AG 5e4 2 215 - 0.04 0.34 36408
aoD2SG 5e4 2 215 - 0.03 0.36 36428
dry 32e3 2 236 - 0.02 0.12 30764
aoDLAV 32e3 2 236 - 0.03 0.21 31436
aoULAV 32e3 2 236 - 0.03 0.21 32148
aoD2AG 32e3 2 236 - 0.02 0.26 35020
aoD2SG 32e3 2 236 - 0.03 0.27 34784
dry 225e2 2 141 - 0.02 0.12 26924
aoDLAV 225e2 2 141 - 0.03 0.20 30980
aoULAV 225e2 2 141 - 0.03 0.19 30992
aoD2AG 225e2 2 141 - 0.03 0.21 33368
aoD2SG 225e2 2 141 - 0.03 0.22 33464
dry 5e4 2 200 - 0.01 0.13 30000
aoDLAV 5e4 2 200 - 0.04 0.26 33008
aoULAV 5e4 2 200 - 0.03 0.27 33312
aoD2AG 5e4 2 200 - 0.04 0.33 36412
aoD2SG 5e4 2 200 - 0.03 0.35 36420
dry 5e4 2 20 - 0.02 0.12 29764
aoDLAV 5e4 2 20 - 0.03 0.27 33008
aoULAV 5e4 2 20 - 0.04 0.26 33312
aoD2AG 5e4 2 20 - 0.03 0.33 36412
aoD2SG 5e4 2 20 - 0.03 0.34 36420
dry 1e6 5 70 - 0.05 0.27 73152
aoDLAV 1e6 5 70 - 0.15 18.32 252688
aoULAV 1e6 5 70 - 0.16 18.81 252692
aoD2AG 1e6 5 70 - 0.25 21.72 323496
aoD2SG 1e6 5 70 - 0.28 25.42 333416
dry 400e2 2 136 - 0.02 0.12 30932
aoDLAV 400e2 2 136 - 0.03 0.24 32240
aoULAV 400e2 2 136 - 0.04 0.23 33112
aoD2AG 400e2 2 136 - 0.03 0.28 36076
aoD2SG 400e2 2 136 - 0.03 0.30 35928
dry 400e2 2 113 - 0.03 0.11 27620
aoDLAV 400e2 2 113 - 0.03 0.24 32240
aoULAV 400e2 2 113 - 0.04 0.23 33112
aoD2AG 400e2 2 113 - 0.03 0.28 36068
aoD2SG 400e2 2 113 - 0.04 0.29 35924
dry 32e1 2 25 - 0.02 0.12 26000
aoDLAV 32e1 2 25 - 0.03 0.14 30196
aoULAV 32e1 2 25 - 0.03 0.14 30208
aoD2AG 32e1 2 25 - 0.02 0.15 30376
aoD2SG 32e1 2 25 - 0.03 0.14 30384
moore 32e1 2 25 - 0.03 0.85 33684
nbpm 32e1 2 25 - 0.09 2.36 58308
greedy 32e1 2 25 - 0.04 0.21 40972
dry 350e2 2 236 - 0.02 0.12 27416
aoDLAV 350e2 2 236 - 0.02 0.22 31480
aoULAV 350e2 2 236 - 0.03 0.22 32260
aoD2AG 350e2 2 236 - 0.03 0.24 34848
aoD2SG 350e2 2 236 - 0.02 0.27 35188
dry 1e1 2 179 - 0.02 0.11 25992
aoDLAV 1e1 2 179 - 0.02 0.14 30160
aoULAV 1e1 2 179 - 0.02 0.14 30176
aoD2AG 1e1 2 179 - 0.02 0.14 30316
aoD2SG 1e1 2 179 - 0.01 0.15 30312
moore 1e1 2 179 - 0.03 0.17 30476
nbpm 1e1 2 179 - 0.06 2.11 49816
greedy 1e1 2 179 - 0.02 0.14 30164
dry 300e2 2 231 - 0.02 0.11 27220
aoDLAV 300e2 2 231 - 0.02 0.21 31300
aoULAV 300e2 2 231 - 0.01 0.22 31892
aoD2AG 300e2 2 231 - 0.03 0.23 35060
aoD2SG 300e2 2 231 - 0.03 0.24 34712
dry 32e3 2 220 - 0.03 0.11 30768
aoDLAV 32e3 2 220 - 0.03 0.21 31436
aoULAV 32e3 2 220 - 0.03 0.21 32148
aoD2AG 32e3 2 220 - 0.04 0.23 35024
aoD2SG 32e3 2 220 - 0.02 0.26 34792
dry 1e5 5 138 - 0.02 0.14 34476
aoDLAV 1e5 5 138 - 0.04 1.58 41832
aoULAV 1e5 5 138 - 0.04 1.58 43572
aoD2AG 1e5 5 138 - 0.04 1.73 53560
aoD2SG 1e5 5 138 - 0.04 1.94 53428
dry 1e1 2 198 - 0.02 0.11 25992
aoDLAV 1e1 2 198 - 0.02 0.14 30164
aoULAV 1e1 2 198 - 0.02 0.15 30172
aoD2AG 1e1 2 198 - 0.02 0.14 30328
aoD2SG 1e1 2 198 - 0.03 0.14 30328
moore 1e1 2 198 - 0.03 0.17 30476
nbpm 1e1 2 198 - 0.06 2.14 49816
greedy 1e1 2 198 - 0.01 0.15 30124
dry 32e1 2 87 - 0.03 0.11 26004
aoDLAV 32e1 2 87 - 0.02 0.15 30196
aoULAV 32e1 2 87 - 0.02 0.15 30208
aoD2AG 32e1 2 87 - 0.01 0.15 30376
aoD2SG 32e1 2 87 - 0.02 0.14 30384
moore 32e1 2 87 - 0.03 0.42 33680
nbpm 32e1 2 87 - 0.09 2.39 58300
greedy 32e1 2 87 - 0.03 0.21 40976
dry 1e3 2 245 - 0.02 0.12 26024
aoDLAV 1e3 2 245 - 0.03 0.14 30280
aoULAV 1e3 2 245 - 0.02 0.15 30292
aoD2AG 1e3 2 245 - 0.02 0.15 30540
aoD2SG 1e3 2 245 - 0.02 0.15 30568
moore 1e3 2 245 - 0.04 5.34 59776
nbpm 1e3 2 245 - 0.12 4.21 138560
greedy 1e3 2 245 - 0.07 1.07 139248
dry 1e3 2 169 - 0.02 0.12 26020
aoDLAV 1e3 2 169 - 0.03 0.14 30284
aoULAV 1e3 2 169 - 0.03 0.14 30296
aoD2AG 1e3 2 169 - 0.02 0.15 30532
aoD2SG 1e3 2 169 - 0.03 0.14 30564
moore 1e3 2 169 - 0.05 3.32 59804
nbpm 1e3 2 169 - 0.13 4.17 138684
greedy 1e3 2 169 - 0.08 1.06 139248
dry 56e4 2 137 - 0.03 0.19 41104
aoDLAV 56e4 2 137 - 0.07 2.15 107984
aoULAV 56e4 2 137 - 0.09 2.26 107988
aoD2AG 56e4 2 137 - 0.11 3.14 140056
aoD2SG 56e4 2 137 - 0.12 3.49 146556
dry 1e2 2 220 - 0.02 0.12 25992
aoDLAV 1e2 2 220 - 0.03 0.14 30168
aoULAV 1e2 2 220 - 0.03 0.14 30180
aoD2AG 1e2 2 220 - 0.02 0.14 30340
aoD2SG 1e2 2 220 - 0.02 0.15 30340
moore 1e2 2 220 - 0.03 0.24 30480
nbpm 1e2 2 220 - 0.05 2.21 53000
greedy 1e2 2 220 - 0.02 0.15 30884
dry 1e3 10 205 - 0.02 0.12 26136
aoDLAV 1e3 10 205 - 0.03 0.15 30652
aoULAV 1e3 10 205 - 0.03 0.16 30664
aoD2AG 1e3 10 205 - 0.02 0.17 31088
aoD2SG 1e3 10 205 - 0.01 0.18 31104
moore 1e3 10 205 - 0.03 6.02 59844
nbpm 1e3 10 205 - 0.13 4.97 136140
greedy 1e3 10 205 - 0.09 1.06 139616
dry 1e5 5 40 - 0.03 0.14 34476
aoDLAV 1e5 5 40 - 0.04 1.66 41816
aoULAV 1e5 5 40 - 0.05 1.66 43568
aoD2AG 1e5 5 40 - 0.05 1.81 53560
aoD2SG 1e5 5 40 - 0.05 2.07 53304
dry 225e2 2 64 - 0.02 0.12 28948
aoDLAV 225e2 2 64 - 0.03 0.20 30984
aoULAV 225e2 2 64 - 0.03 0.20 30996
aoD2AG 225e2 2 64 - 0.03 0.22 33368
aoD2SG 225e2 2 64 - 0.03 0.22 33460
dry 5e4 2 152 - 0.02 0.12 28004
aoDLAV 5e4 2 152 - 0.02 0.29 33040
aoULAV 5e4 2 152 - 0.03 0.28 33328
aoD2AG 5e4 2 152 - 0.03 0.34 36412
aoD2SG 5e4 2 152 - 0.04 0.35 36424
dry 1e6 2 227 - 0.05 0.19 49704
aoDLAV 1e6 2 227 - 0.10 3.64 178460
aoULAV 1e6 2 227 - 0.12 3.81 178460
aoD2AG 1e6 2 227 - 0.17 5.44 234188
aoD2SG 1e6 2 227 - 0.20 6.55 240840
dry 56e1 2 93 - 0.02 0.12 26008
aoDLAV 56e1 2 93 - 0.04 0.13 30220
aoULAV 56e1 2 93 - 0.02 0.15 30236
aoD2AG 56e1 2 93 - 0.03 0.14 30416
aoD2SG 56e1 2 93 - 0.03 0.14 30424
moore 56e1 2 93 - 0.04 1.39 39664
nbpm 56e1 2 93 - 0.10 2.98 78712
greedy 56e1 2 93 - 0.05 0.39 64104
dry 32e1 2 139 - 0.03 0.11 26000
aoDLAV 32e1 2 139 - 0.03 0.13 30200
aoULAV 32e1 2 139 - 0.02 0.15 30212
aoD2AG 32e1 2 139 - 0.02 0.15 30380
aoD2SG 32e1 2 139 - 0.02 0.15 30384
moore 32e1 2 139 - 0.04 0.64 33680
nbpm 32e1 2 139 - 0.07 2.52 58300
greedy 32e1 2 139 - 0.03 0.21 40972
dry 1e5 10 16 - 0.04 0.18 38396
aoDLAV 1e5 10 16 - 0.05 21.56 53540
aoULAV 1e5 10 16 - 0.05 34.29 55312
aoD2AG 1e5 10 16 - 0.06 21.15 62696
aoD2SG 1e5 10 16 - 0.07 24.06 66836
dry 325e2 2 18 - 0.03 0.12 30780
aoDLAV 325e2 2 18 - 0.03 0.22 31372
aoULAV 325e2 2 18 - 0.03 0.22 32084
aoD2AG 325e2 2 18 - 0.04 0.24 35004
aoD2SG 325e2 2 18 - 0.03 0.26 34760
dry 225e2 2 205 - 0.02 0.13 26924
aoDLAV 225e2 2 205 - 0.03 0.19 30980
aoULAV 225e2 2 205 - 0.03 0.21 30992
aoD2AG 225e2 2 205 - 0.04 0.22 33372
aoD2SG 225e2 2 205 - 0.03 0.23 33460
dry 1e3 10 127 - 0.03 0.11 26136
aoDLAV 1e3 10 127 - 0.02 0.17 30652
aoULAV 1e3 10 127 - 0.02 0.16 30664
aoD2AG 1e3 10 127 - 0.02 0.17 31072
aoD2SG 1e3 10 127 - 0.03 0.16 31072
moore 1e3 10 127 - 0.05 3.88 59840
nbpm 1e3 10 127 - 0.12 4.93 136140
greedy 1e3 10 127 - 0.08 1.07 139656
dry 1e5 10 114 - 0.04 0.18 38400
aoDLAV 1e5 10 114 - 0.08 22.10 53536
aoULAV 1e5 10 114 - 0.07 22.09 55312
aoD2AG 1e5 10 114 - 0.06 23.81 62708
aoD2SG 1e5 10 114 - 0.05 26.99 66832
dry 1e6 5 195 - 0.06 0.28 73152
aoDLAV 1e6 5 195 - 0.16 20.30 252692
aoULAV 1e6 5 195 - 0.15 20.61 252688
aoD2AG 1e6 5 195 - 0.21 22.37 324860
aoD2SG 1e6 5 195 - 0.24 26.33 332752
dry 300e2 2 86 - 0.02 0.12 27220
aoDLAV 300e2 2 86 - 0.03 0.21 31296
aoULAV 300e2 2 86 - 0.03 0.21 31892
aoD2AG 300e2 2 86 - 0.04 0.24 35064
aoD2SG 300e2 2 86 - 0.03 0.26 34716
dry 1e2 2 82 - 0.02 0.12 25992
aoDLAV 1e2 2 82 - 0.03 0.14 30168
aoULAV 1e2 2 82 - 0.03 0.14 30184
aoD2AG 1e2 2 82 - 0.03 0.14 30336
aoD2SG 1e2 2 82 - 0.02 0.15 30332
moore 1e2 2 82 - 0.03 0.21 30480
nbpm 1e2 2 82 - 0.07 2.18 52996
greedy 1e2 2 82 - 0.03 0.14 30880
dry 5e4 10 159 - 0.03 0.14 33888
aoDLAV 5e4 10 159 - 0.05 8.30 40200
aoULAV 5e4 10 159 - 0.06 8.28 40200
aoD2AG 5e4 10 159 - 0.04 8.37 44988
aoD2SG 5e4 10 159 - 0.04 9.36 45000
dry 5e4 5 235 - 0.03 0.13 30320
aoDLAV 5e4 5 235 - 0.03 0.79 34704
aoULAV 5e4 5 235 - 0.02 0.79 34704
aoD2AG 5e4 5 235 - 0.03 0.84 37732
aoD2SG 5e4 5 235 - 0.05 0.99 37936
dry 350e2 2 172 - 0.03 0.11 30828
aoDLAV 350e2 2 172 - 0.02 0.23 31480
aoULAV 350e2 2 172 - 0.03 0.23 32260
aoD2AG 350e2 2 172 - 0.03 0.25 34852
aoD2SG 350e2 2 172 - 0.03 0.28 35132
dry 32e1 2 82 - 0.02 0.12 26000
aoDLAV 32e1 2 82 - 0.03 0.14 30196
aoULAV 32e1 2 82 - 0.02 0.15 30212
aoD2AG 32e1 2 82 - 0.02 0.15 30376
aoD2SG 32e1 2 82 - 0.02 0.15 30384
moore 32e1 2 82 - 0.03 0.43 33676
nbpm 32e1 2 82 - 0.10 2.33 58300
greedy 32e1 2 82 - 0.04 0.20 40972
dry 350e2 2 60 - 0.03 0.11 29024
aoDLAV 350e2 2 60 - 0.02 0.23 31480
aoULAV 350e2 2 60 - 0.02 0.23 32260
aoD2AG 350e2 2 60 - 0.04 0.25 34848
aoD2SG 350e2 2 60 - 0.03 0.27 35132
dry 18e1 2 109 - 0.02 0.12 26004
aoDLAV 18e1 2 109 - 0.03 0.14 30184
aoULAV 18e1 2 109 - 0.03 0.14 30196
aoD2AG 18e1 2 109 - 0.03 0.14 30356
aoD2SG 18e1 2 109 - 0.02 0.15 30368
moore 18e1 2 109 - 0.04 0.35 30536
nbpm 18e1 2 109 - 0.07 2.20 54436
greedy 18e1 2 109 - 0.02 0.16 33348
dry 400e2 2 175 - 0.03 0.11 29284
aoDLAV 400e2 2 175 - 0.03 0.24 32236
aoULAV 400e2 2 175 - 0.03 0.25 33112
aoD2AG 400e2 2 175 - 0.03 0.29 36072
aoD2SG 400e2 2 175 - 0.04 0.30 35928
dry 1e6 2 58 - 0.03 0.20 49704
aoDLAV 1e6 2 58 - 0.11 3.59 178456
aoULAV 1e6 2 58 - 0.11 4.05 178460
aoD2AG 1e6 2 58 - 0.17 5.78 234828
aoD2SG 1e6 2 58 - 0.18 6.52 241868
dry 1e5 10 65 - 0.04 0.18 38400
aoDLAV 1e5 10 65 - 0.06 23.25 53536
aoULAV 1e5 10 65 - 0.06 23.35 55312
aoD2AG 1e5 10 65 - 0.05 33.27 62784
aoD2SG 1e5 10 65 - 0.06 26.53 66836
dry 1e1 2 55 - 0.03 0.11 25992
aoDLAV 1e1 2 55 - 0.03 0.14 30160
aoULAV 1e1 2 55 - 0.03 0.15 30172
aoD2AG 1e1 2 55 - 0.03 0.14 30316
aoD2SG 1e1 2 55 - 0.03 0.14 30320
moore 1e1 2 55 - 0.03 0.19 30480
nbpm 1e1 2 55 - 0.10 2.14 49816
greedy 1e1 2 55 - 0.03 0.15 30124
dry 5e4 5 241 - 0.03 0.13 31808
aoDLAV 5e4 5 241 - 0.04 0.72 34704
aoULAV 5e4 5 241 - 0.04 0.72 34704
aoD2AG 5e4 5 241 - 0.04 0.84 37728
aoD2SG 5e4 5 241 - 0.04 0.91 37936
dry 5e4 2 239 - 0.02 0.12 28000
aoDLAV 5e4 2 239 - 0.03 0.29 33008
aoULAV 5e4 2 239 - 0.02 0.29 33312
aoD2AG 5e4 2 239 - 0.04 0.34 36416
aoD2SG 5e4 2 239 - 0.03 0.37 36424
dry 56e3 2 117 - 0.03 0.12 28240
aoDLAV 56e3 2 117 - 0.02 0.29 33476
aoULAV 56e3 2 117 - 0.04 0.30 34700
aoD2AG 56e3 2 117 - 0.04 0.35 37284
aoD2SG 56e3 2 117 - 0.05 0.37 37300
dry 56e1 2 119 - 0.02 0.12 26008
aoDLAV 56e1 2 119 - 0.03 0.14 30220
aoULAV 56e1 2 119 - 0.03 0.14 30232
aoD2AG 56e1 2 119 - 0.04 0.13 30416
aoD2SG 56e1 2 119 - 0.03 0.14 30428
moore 56e1 2 119 - 0.04 2.41 39652
nbpm 56e1 2 119 - 0.12 2.96 78704
greedy 56e1 2 119 - 0.04 0.39 64108
dry 375e2 2 229 - 0.02 0.12 30880
aoDLAV 375e2 2 229 - 0.03 0.23 31784
aoULAV 375e2 2 229 - 0.03 0.23 32604
aoD2AG 375e2 2 229 - 0.02 0.27 35520
aoD2SG 375e2 2 229 - 0.04 0.27 35528
dry 5e4 5 51 - 0.02 0.14 30268
aoDLAV 5e4 5 51 - 0.04 0.70 34708
aoULAV 5e4 5 51 - 0.04 0.77 34704
aoD2AG 5e4 5 51 - 0.04 0.83 37724
aoD2SG 5e4 5 51 - 0.04 0.91 37936
dry 250e2 2 3 - 0.02 0.12 27024
aoDLAV 250e2 2 3 - 0.03 0.21 31108
aoULAV 250e2 2 3 - 0.03 0.20 31216
aoD2AG 250e2 2 3 - 0.04 0.22 33860
aoD2SG 250e2 2 3 - 0.03 0.23 33960
dry 275e2 2 113 - 0.02 0.12 27120
aoDLAV 275e2 2 113 - 0.03 0.21 31240
aoULAV 275e2 2 113 - 0.03 0.21 31572
aoD2AG 275e2 2 113 - 0.03 0.24 34696
aoD2SG 275e2 2 113 - 0.03 0.25 34812
dry 5e4 5 71 - 0.03 0.13 31932
aoDLAV 5e4 5 71 - 0.03 0.79 34704
aoULAV 5e4 5 71 - 0.02 0.79 34708
aoD2AG 5e4 5 71 - 0.03 0.84 37732
aoD2SG 5e4 5 71 - 0.04 0.91 37940
dry 1e3 10 214 - 0.01 0.13 26136
aoDLAV 1e3 10 214 - 0.03 0.16 30656
aoULAV 1e3 10 214 - 0.03 0.16 30664
aoD2AG 1e3 10 214 - 0.03 0.16 31048
aoD2SG 1e3 10 214 - 0.03 0.16 31088
moore 1e3 10 214 - 0.04 4.43 59844
nbpm 1e3 10 214 - 0.13 4.85 136140
greedy 1e3 10 214 - 0.08 1.06 139616
dry 1e5 2 87 - 0.03 0.13 30580
aoDLAV 1e5 2 87 - 0.03 0.46 34800
aoULAV 1e5 2 87 - 0.04 0.45 35324
aoD2AG 1e5 2 87 - 0.04 0.59 42600
aoD2SG 1e5 2 87 - 0.04 0.66 43804
dry 32e3 2 69 - 0.03 0.12 27956
aoDLAV 32e3 2 69 - 0.03 0.22 31436
aoULAV 32e3 2 69 - 0.03 0.22 32148
aoD2AG 32e3 2 69 - 0.03 0.25 35020
aoD2SG 32e3 2 69 - 0.02 0.28 34784
dry 1e6 10 3 - 0.08 0.41 112276
aoDLAV 1e6 10 3 - 0.22 414.14 369888
aoULAV 1e6 10 3 - 0.30 344.50 369884
aoD2AG 1e6 10 3 - 0.43 385.12 447544
aoD2SG 1e6 10 3 - 0.41 427.51 458436
dry 1e6 2 64 - 0.04 0.19 49704
aoDLAV 1e6 2 64 - 0.10 3.59 178456
aoULAV 1e6 2 64 - 0.13 3.84 178460
aoD2AG 1e6 2 64 - 0.16 5.32 234016
aoD2SG 1e6 2 64 - 0.19 6.00 241568
dry 325e2 2 51 - 0.03 0.11 27320
aoDLAV 325e2 2 51 - 0.03 0.22 31372
aoULAV 325e2 2 51 - 0.03 0.23 32088
aoD2AG 325e2 2 51 - 0.03 0.25 35004
aoD2SG 325e2 2 51 - 0.03 0.27 34756
dry 5e4 5 59 - 0.02 0.13 31108
aoDLAV 5e4 5 59 - 0.03 0.67 34704
aoULAV 5e4 5 59 - 0.03 0.68 34704
aoD2AG 5e4 5 59 - 0.03 0.72 37724
aoD2SG 5e4 5 59 - 0.04 0.79 37940
dry 1e5 5 195 - 0.02 0.14 34476
aoDLAV 1e5 5 195 - 0.05 1.47 41816
aoULAV 1e5 5 195 - 0.04 1.47 43568
aoD2AG 1e5 5 195 - 0.04 1.81 53560
aoD2SG 1e5 5 195 - 0.05 2.02 53204
dry 56e1 2 79 - 0.02 0.11 26008
aoDLAV 56e1 2 79 - 0.03 0.14 30220
aoULAV 56e1 2 79 - 0.02 0.15 30232
aoD2AG 56e1 2 79 - 0.02 0.15 30416
aoD2SG 56e1 2 79 - 0.02 0.15 30424
moore 56e1 2 79 - 0.02 1.16 39680
nbpm 56e1 2 79 - 0.09 2.98 78704
greedy 56e1 2 79 - 0.05 0.39 64108
dry 1e2 2 114 - 0.02 0.12 25992
aoDLAV 1e2 2 114 - 0.03 0.14 30168
aoULAV 1e2 2 114 - 0.03 0.14 30180
aoD2AG 1e2 2 114 - 0.02 0.14 30336
aoD2SG 1e2 2 114 - 0.02 0.14 30344
moore 1e2 2 114 - 0.03 0.19 30504
nbpm 1e2 2 114 - 0.07 2.16 53000
greedy 1e2 2 114 - 0.03 0.14 30884
dry 350e2 2 152 - 0.02 0.12 28948
aoDLAV 350e2 2 152 - 0.03 0.22 31480
aoULAV 350e2 2 152 - 0.02 0.23 32264
aoD2AG 350e2 2 152 - 0.03 0.26 34852
aoD2SG 350e2 2 152 - 0.03 0.27 35136
dry 1e6 10 80 - 0.07 0.41 112236
aoDLAV 1e6 10 80 - 0.20 390.94 369992
aoULAV 1e6 10 80 - 0.31 523.27 369992
aoD2AG 1e6 10 80 - 0.39 369.17 448380
aoD2SG 1e6 10 80 - 0.42 441.25 456720
dry 1e5 2 247 - 0.03 0.13 30588
aoDLAV 1e5 2 247 - 0.03 0.44 34800
aoULAV 1e5 2 247 - 0.03 0.44 35320
aoD2AG 1e5 2 247 - 0.04 0.56 42600
aoD2SG 1e5 2 247 - 0.04 0.63 43800
dry 1e2 10 247 - 0.02 0.12 27956
aoDLAV 1e2 10 247 - 0.02 0.15 30260
aoULAV 1e2 10 247 - 0.03 0.14 30272
aoD2AG 1e2 10 247 - 0.03 0.14 30432
aoD2SG 1e2 10 247 - 0.03 0.14 30448
moore 1e2 10 247 - 0.03 0.21 30496
nbpm 1e2 10 247 - 0.07 2.18 53076
greedy 1e2 10 247 - 0.03 0.14 30976
dry 18e1 2 245 - 0.02 0.12 26004
aoDLAV 18e1 2 245 - 0.03 0.15 30184
aoULAV 18e1 2 245 - 0.03 0.14 30200
aoD2AG 18e1 2 245 - 0.03 0.14 30356
aoD2SG 18e1 2 245 - 0.02 0.15 30368
moore 18e1 2 245 - 0.03 0.22 30500
nbpm 18e1 2 245 - 0.08 2.17 54448
greedy 18e1 2 245 - 0.02 0.16 33348
dry 1e2 10 72 - 0.02 0.11 28028
aoDLAV 1e2 10 72 - 0.02 0.14 30260
aoULAV 1e2 10 72 - 0.02 0.14 30272
aoD2AG 1e2 10 72 - 0.02 0.15 30444
aoD2SG 1e2 10 72 - 0.02 0.15 30448
moore 1e2 10 72 - 0.03 0.20 30496
nbpm 1e2 10 72 - 0.09 2.21 53080
greedy 1e2 10 72 - 0.02 0.15 30972
dry 18e1 2 38 - 0.03 0.12 26004
aoDLAV 18e1 2 38 - 0.03 0.14 30184
aoULAV 18e1 2 38 - 0.02 0.15 30196
aoD2AG 18e1 2 38 - 0.03 0.15 30356
aoD2SG 18e1 2 38 - 0.03 0.14 30364
moore 18e1 2 38 - 0.03 0.34 30488
nbpm 18e1 2 38 - 0.07 2.15 54432
greedy 18e1 2 38 - 0.02 0.16 33348
dry 56e1 2 125 - 0.03 0.11 26008
aoDLAV 56e1 2 125 - 0.02 0.14 30220
aoULAV 56e1 2 125 - 0.03 0.14 30236
aoD2AG 56e1 2 125 - 0.02 0.15 30416
aoD2SG 56e1 2 125 - 0.02 0.14 30424
moore 56e1 2 125 - 0.03 1.09 39680
nbpm 56e1 2 125 - 0.11 2.89 78704
greedy 56e1 2 125 - 0.05 0.38 64104
dry 32e1 2 120 - 0.03 0.11 26000
aoDLAV 32e1 2 120 - 0.01 0.15 30196
aoULAV 32e1 2 120 - 0.03 0.14 30208
aoD2AG 32e1 2 120 - 0.03 0.14 30376
aoD2SG 32e1 2 120 - 0.02 0.15 30384
moore 32e1 2 120 - 0.03 0.54 33680
nbpm 32e1 2 120 - 0.07 2.33 58304
greedy 32e1 2 120 - 0.04 0.20 40976
dry 1e6 10 89 - 0.08 0.39 112236
aoDLAV 1e6 10 89 - 0.19 346.45 369884
aoULAV 1e6 10 89 - 0.28 352.76 369892
aoD2AG 1e6 10 89 - 0.40 364.65 447012
aoD2SG 1e6 10 89 - 0.42 417.17 456420
dry 1e5 10 103 - 0.03 0.18 38432
aoDLAV 1e5 10 103 - 0.06 20.01 53536
aoULAV 1e5 10 103 - 0.06 26.15 55308
aoD2AG 1e5 10 103 - 0.05 23.26 62716
aoD2SG 1e5 10 103 - 0.05 26.37 66836
dry 350e2 2 104 - 0.02 0.12 30828
aoDLAV 350e2 2 104 - 0.03 0.22 31484
aoULAV 350e2 2 104 - 0.02 0.23 32260
aoD2AG 350e2 2 104 - 0.03 0.26 34852
aoD2SG 350e2 2 104 - 0.03 0.27 35132
dry 1e6 5 80 - 0.06 0.27 73152
aoDLAV 1e6 5 80 - 0.14 19.78 252688
aoULAV 1e6 5 80 - 0.14 20.07 252688
aoD2AG 1e6 5 80 - 0.26 22.62 323172
aoD2SG 1e6 5 80 - 0.20 26.41 332184
dry 400e2 2 122 - 0.02 0.12 27616
aoDLAV 400e2 2 122 - 0.03 0.24 32236
aoULAV 400e2 2 122 - 0.02 0.25 33112
aoD2AG 400e2 2 122 - 0.03 0.28 36072
aoD2SG 400e2 2 122 - 0.03 0.29 35928
dry 56e4 2 239 - 0.03 0.19 41104
aoDLAV 56e4 2 239 - 0.08 2.08 107984
aoULAV 56e4 2 239 - 0.08 2.18 107984
aoD2AG 56e4 2 239 - 0.12 3.11 139244
aoD2SG 56e4 2 239 - 0.13 3.49 144836
dry 5e4 10 34 - 0.03 0.14 33892
aoDLAV 5e4 10 34 - 0.04 7.69 40200
aoULAV 5e4 10 34 - 0.03 7.71 40204
aoD2AG 5e4 10 34 - 0.04 7.78 44980
aoD2SG 5e4 10 34 - 0.04 8.67 45012
dry 1e2 2 119 - 0.02 0.12 25992
aoDLAV 1e2 2 119 - 0.03 0.14 30168
aoULAV 1e2 2 119 - 0.03 0.14 30184
aoD2AG 1e2 2 119 - 0.03 0.14 30336
aoD2SG 1e2 2 119 - 0.03 0.13 30340
moore 1e2 2 119 - 0.04 0.22 30492
nbpm 1e2 2 119 - 0.07 2.17 53008
greedy 1e2 2 119 - 0.03 0.14 30880
dry 5e4 5 72 - 0.02 0.13 30232
aoDLAV 5e4 5 72 - 0.04 0.73 34708
aoULAV 5e4 5 72 - 0.03 0.74 34704
aoD2AG 5e4 5 72 - 0.04 0.79 37724
aoD2SG 5e4 5 72 - 0.04 0.86 37940
dry 1e3 10 25 - 0.02 0.11 28156
aoDLAV 1e3 10 25 - 0.03 0.16 30656
aoULAV 1e3 10 25 - 0.02 0.16 30664
aoD2AG 1e3 10 25 - 0.02 0.17 31072
aoD2SG 1e3 10 25 - 0.02 0.17 31108
moore 1e3 10 25 - 0.04 2.03 59872
nbpm 1e3 10 25 - 0.12 4.90 136140
greedy 1e3 10 25 - 0.09 1.07 139616
dry 250e2 2 216 - 0.02 0.12 27020
aoDLAV 250e2 2 216 - 0.03 0.20 31108
aoULAV 250e2 2 216 - 0.03 0.20 31216
aoD2AG 250e2 2 216 - 0.04 0.22 33860
aoD2SG 250e2 2 216 - 0.03 0.24 33976
dry 350e2 2 209 - 0.02 0.13 29304
aoDLAV 350e2 2 209 - 0.03 0.23 31480
aoULAV 350e2 2 209 - 0.03 0.24 32260
aoD2AG 350e2 2 209 - 0.03 0.27 34848
aoD2SG 350e2 2 209 - 0.03 0.28 35132
dry 32e3 2 185 - 0.02 0.12 29140
aoDLAV 32e3 2 185 - 0.03 0.22 31436
aoULAV 32e3 2 185 - 0.03 0.22 32148
aoD2AG 32e3 2 185 - 0.04 0.25 35024
aoD2SG 32e3 2 185 - 0.04 0.26 34788
dry 18e4 2 123 - 0.03 0.14 33416
aoDLAV 18e4 2 123 - 0.04 0.78 47860
aoULAV 18e4 2 123 - 0.05 0.79 47860
aoD2AG 18e4 2 123 - 0.05 1.04 58648
aoD2SG 18e4 2 123 - 0.07 1.15 59864
dry 1e3 10 210 - 0.02 0.12 26136
aoDLAV 1e3 10 210 - 0.02 0.17 30652
aoULAV 1e3 10 210 - 0.02 0.17 30664
aoD2AG 1e3 10 210 - 0.03 0.16 31072
aoD2SG 1e3 10 210 - 0.03 0.16 31080
moore 1e3 10 210 - 0.03 2.04 59868
nbpm 1e3 10 210 - 0.11 5.04 136144
greedy 1e3 10 210 - 0.08 1.07 139616
dry 1e5 5 15 - 0.02 0.15 34476
aoDLAV 1e5 5 15 - 0.04 1.65 41816
aoULAV 1e5 5 15 - 0.04 1.63 43568
aoD2AG 1e5 5 15 - 0.04 1.81 53568
aoD2SG 1e5 5 15 - 0.04 1.99 53200
dry 275e2 2 28 - 0.02 0.12 27120
aoDLAV 275e2 2 28 - 0.03 0.21 31244
aoULAV 275e2 2 28 - 0.03 0.22 31572
aoD2AG 275e2 2 28 - 0.03 0.23 34696
aoD2SG 275e2 2 28 - 0.03 0.25 34812
dry 1e3 2 166 - 0.02 0.12 26020
aoDLAV 1e3 2 166 - 0.03 0.14 30280
aoULAV 1e3 2 166 - 0.02 0.15 30292
aoD2AG 1e3 2 166 - 0.02 0.15 30540
aoD2SG 1e3 2 166 - 0.02 0.15 30556
moore 1e3 2 166 - 0.05 5.13 59780
nbpm 1e3 2 166 - 0.13 4.19 138560
greedy 1e3 2 166 - 0.08 1.06 139244
dry 1e2 10 238 - 0.03 0.11 26004
aoDLAV 1e2 10 238 - 0.02 0.15 30264
aoULAV 1e2 10 238 - 0.03 0.14 30276
aoD2AG 1e2 10 238 - 0.02 0.15 30440
aoD2SG 1e2 10 238 - 0.03 0.14 30448
moore 1e2 10 238 - 0.03 0.22 30500
nbpm 1e2 10 238 - 0.06 2.20 53072
greedy 1e2 10 238 - 0.03 0.15 30972
dry 5e4 10 26 - 0.03 0.13 33888
aoDLAV 5e4 10 26 - 0.04 7.47 40200
aoULAV 5e4 10 26 - 0.04 7.16 40204
aoD2AG 5e4 10 26 - 0.04 7.11 44980
aoD2SG 5e4 10 26 - 0.05 8.07 44996
dry 32e3 2 141 - 0.02 0.12 27296
aoDLAV 32e3 2 141 - 0.03 0.21 31440
aoULAV 32e3 2 141 - 0.03 0.21 32148
aoD2AG 32e3 2 141 - 0.02 0.25 35024
aoD2SG 32e3 2 141 - 0.02 0.26 34788
dry 1e2 5 82 - 0.02 0.12 25996
aoDLAV 1e2 5 82 - 0.02 0.15 30212
aoULAV 1e2 5 82 - 0.03 0.14 30224
aoD2AG 1e2 5 82 - 0.02 0.15 30384
aoD2SG 1e2 5 82 - 0.02 0.15 30392
moore 1e2 5 82 - 0.03 0.19 30492
nbpm 1e2 5 82 - 0.08 2.11 53016
greedy 1e2 5 82 - 0.02 0.15 30924
dry 1e5 2 130 - 0.02 0.13 31248
aoDLAV 1e5 2 130 - 0.03 0.42 34800
aoULAV 1e5 2 130 - 0.04 0.43 35324
aoD2AG 1e5 2 130 - 0.04 0.55 42932
aoD2SG 1e5 2 130 - 0.04 0.60 43800
dry 1e6 5 16 - 0.05 0.26 73152
aoDLAV 1e6 5 16 - 0.14 18.02 252688
aoULAV 1e6 5 16 - 0.14 18.00 252688
aoD2AG 1e6 5 16 - 0.21 19.74 324048
aoD2SG 1e6 5 16 - 0.21 23.39 333672
dry 56e4 2 174 - 0.03 0.18 41104
aoDLAV 56e4 2 174 - 0.08 2.67 107988
aoULAV 56e4 2 174 - 0.09 2.05 107984
aoD2AG 56e4 2 174 - 0.11 3.03 138864
aoD2SG 56e4 2 174 - 0.13 3.27 143072
dry 225e2 2 145 - 0.02 0.12 28820
aoDLAV 225e2 2 145 - 0.02 0.20 30980
aoULAV 225e2 2 145 - 0.03 0.19 30996
aoD2AG 225e2 2 145 - 0.03 0.22 33368
aoD2SG 225e2 2 145 - 0.03 0.22 33460
dry 56e1 2 16 - 0.02 0.12 26008
aoDLAV 56e1 2 16 - 0.04 0.13 30220
aoULAV 56e1 2 16 - 0.03 0.15 30236
aoD2AG 56e1 2 16 - 0.03 0.14 30416
aoD2SG 56e1 2 16 - 0.03 0.14 30424
moore 56e1 2 16 - 0.04 2.10 39652
nbpm 56e1 2 16 - 0.10 2.97 78704
greedy 56e1 2 16 - 0.06 0.38 64104
dry 1e5 2 51 - 0.03 0.13 31580
aoDLAV 1e5 2 51 - 0.03 0.46 34804
aoULAV 1e5 2 51 - 0.04 0.46 35320
aoD2AG 1e5 2 51 - 0.04 0.59 42632
aoD2SG 1e5 2 51 - 0.04 0.66 43804
dry 1e1 2 249 - 0.03 0.11 25996
aoDLAV 1e1 2 249 - 0.03 0.14 30164
aoULAV 1e1 2 249 - 0.03 0.14 30172
aoD2AG 1e1 2 249 - 0.03 0.14 30316
aoD2SG 1e1 2 249 - 0.02 0.15 30320
moore 1e1 2 249 - 0.03 0.18 30484
nbpm 1e1 2 249 - 0.07 2.19 49828
greedy 1e1 2 249 - 0.02 0.15 30124
dry 1e3 2 65 - 0.02 0.12 26024
aoDLAV 1e3 2 65 - 0.02 0.14 30280
aoULAV 1e3 2 65 - 0.03 0.14 30292
aoD2AG 1e3 2 65 - 0.02 0.15 30544
aoD2SG 1e3 2 65 - 0.03 0.14 30576
moore 1e3 2 65 - 0.04 4.89 59768
nbpm 1e3 2 65 - 0.13 3.95 138584
greedy 1e3 2 65 - 0.09 1.06 139244
dry 5e4 2 112 - 0.02 0.12 28004
aoDLAV 5e4 2 112 - 0.03 0.27 33060
aoULAV 5e4 2 112 - 0.04 0.27 33312
aoD2AG 5e4 2 112 - 0.02 0.35 36408
aoD2SG 5e4 2 112 - 0.02 0.37 36424
dry 400e2 2 224 - 0.02 0.12 27620
aoDLAV 400e2 2 224 - 0.03 0.24 32236
aoULAV 400e2 2 224 - 0.03 0.24 33112
aoD2AG 400e2 2 224 - 0.03 0.29 36092
aoD2SG 400e2 2 224 - 0.03 0.30 35932
dry 18e4 2 36 - 0.03 0.14 33476
aoDLAV 18e4 2 36 - 0.04 0.72 47860
aoULAV 18e4 2 36 - 0.06 0.81 47864
aoD2AG 18e4 2 36 - 0.07 1.05 58664
aoD2SG 18e4 2 36 - 0.06 1.19 59880
dry 325e2 2 222 - 0.03 0.11 27316
aoDLAV 325e2 2 222 - 0.02 0.23 31372
aoULAV 325e2 2 222 - 0.04 0.21 32140
aoD2AG 325e2 2 222 - 0.02 0.26 35000
aoD2SG 325e2 2 222 - 0.04 0.26 34760
dry 1e5 2 219 - 0.02 0.14 31780
aoDLAV 1e5 2 219 - 0.03 0.45 34804
aoULAV 1e5 2 219 - 0.03 0.47 35324
aoD2AG 1e5 2 219 - 0.04 0.61 42600
aoD2SG 1e5 2 219 - 0.05 0.66 43804
dry 56e3 2 205 - 0.02 0.12 29952
aoDLAV 56e3 2 205 - 0.03 0.29 33476
aoULAV 56e3 2 205 - 0.03 0.30 34700
aoD2AG 56e3 2 205 - 0.03 0.36 37280
aoD2SG 56e3 2 205 - 0.03 0.39 37300
dry 1e6 2 55 - 0.04 0.20 49704
aoDLAV 1e6 2 55 - 0.10 3.92 178456
aoULAV 1e6 2 55 - 0.14 4.18 178456
aoD2AG 1e6 2 55 - 0.17 5.32 233980
aoD2SG 1e6 2 55 - 0.17 5.93 242680
dry 1e3 5 92 - 0.02 0.12 26056
aoDLAV 1e3 5 92 - 0.02 0.15 30424
aoULAV 1e3 5 92 - 0.02 0.15 30436
aoD2AG 1e3 5 92 - 0.03 0.15 30740
aoD2SG 1e3 5 92 - 0.04 0.14 30756
moore 1e3 5 92 - 0.04 4.13 59804
nbpm 1e3 5 92 - 0.11 4.40 129244
greedy 1e3 5 92 - 0.07 1.00 139388
dry 18e1 2 235 - 0.02 0.11 26008
aoDLAV 18e1 2 235 - 0.02 0.15 30184
aoULAV 18e1 2 235 - 0.03 0.13 30196
aoD2AG 18e1 2 235 - 0.03 0.14 30356
aoD2SG 18e1 2 235 - 0.02 0.14 30364
moore 18e1 2 235 - 0.02 0.41 30488
nbpm 18e1 2 235 - 0.08 2.10 54436
greedy 18e1 2 235 - 0.02 0.16 33348
dry 1e2 2 177 - 0.02 0.12 25992
aoDLAV 1e2 2 177 - 0.03 0.14 30172
aoULAV 1e2 2 177 - 0.03 0.14 30180
aoD2AG 1e2 2 177 - 0.03 0.14 30336
aoD2SG 1e2 2 177 - 0.02 0.15 30336
moore 1e2 2 177 - 0.03 0.19 30488
nbpm 1e2 2 177 - 0.08 2.10 53008
greedy 1e2 2 177 - 0.03 0.14 30880
dry 325e2 2 50 - 0.02 0.12 27316
aoDLAV 325e2 2 50 - 0.03 0.21 31376
aoULAV 325e2 2 50 - 0.04 0.21 32084
aoD2AG 325e2 2 50 - 0.03 0.24 35004
aoD2SG 325e2 2 50 - 0.02 0.26 34764
dry 225e2 2 132 - 0.02 0.12 26920
aoDLAV 225e2 2 132 - 0.02 0.19 30980
aoULAV 225e2 2 132 - 0.03 0.19 30996
aoD2AG 225e2 2 132 - 0.02 0.21 33372
aoD2SG 225e2 2 132 - 0.02 0.23 33468
dry 300e2 2 56 - 0.02 0.12 27220
aoDLAV 300e2 2 56 - 0.02 0.21 31296
aoULAV 300e2 2 56 - 0.03 0.21 31892
aoD2AG 300e2 2 56 - 0.03 0.24 35060
aoD2SG 300e2 2 56 - 0.03 0.25 34720
dry 32e4 2 110 - 0.04 0.16 36424
aoDLAV 32e4 2 110 - 0.06 1.25 70832
aoULAV 32e4 2 110 - 0.06 1.30 70844
aoD2AG 32e4 2 110 - 0.07 1.76 88592
aoD2SG 32e4 2 110 - 0.08 2.00 90800
dry 400e2 2 250 - 0.03 0.12 27616
aoDLAV 400e2 2 250 - 0.03 0.25 32276
aoULAV 400e2 2 250 - 0.04 0.24 33116
aoD2AG 400e2 2 250 - 0.03 0.28 36076
aoD2SG 400e2 2 250 - 0.04 0.30 35932
dry 1e6 10 116 - 0.07 0.41 112232
aoDLAV 1e6 10 116 - 0.22 384.66 369888
aoULAV 1e6 10 116 - 0.31 392.29 369932
aoD2AG 1e6 10 116 - 0.42 363.87 447980
aoD2SG 1e6 10 116 - 0.43 425.43 457252
dry 300e2 2 147 - 0.02 0.12 27216
aoDLAV 300e2 2 147 - 0.03 0.20 31296
aoULAV 300e2 2 147 - 0.03 0.22 31892
aoD2AG 300e2 2 147 - 0.03 0.23 35064
aoD2SG 300e2 2 147 - 0.03 0.25 34716
dry 18e4 2 14 - 0.04 0.12 33104
aoDLAV 18e4 2 14 - 0.04 0.75 47864
aoULAV 18e4 2 14 - 0.05 0.84 47860
aoD2AG 18e4 2 14 - 0.06 0.97 59076
aoD2SG 18e4 2 14 - 0.05 1.07 59792
dry 325e2 2 8 - 0.02 0.12 30780
aoDLAV 325e2 2 8 - 0.03 0.22 31376
aoULAV 325e2 2 8 - 0.02 0.22 32084
aoD2AG 325e2 2 8 - 0.03 0.25 35004
aoD2SG 325e2 2 8 - 0.03 0.26 34756
dry 56e3 2 95 - 0.03 0.11 28240
aoDLAV 56e3 2 95 - 0.03 0.29 33480
aoULAV 56e3 2 95 - 0.03 0.29 34696
aoD2AG 56e3 2 95 - 0.03 0.37 37288
aoD2SG 56e3 2 95 - 0.04 0.38 37296
dry 1e2 2 205 - 0.02 0.11 25992
aoDLAV 1e2 2 205 - 0.03 0.14 30172
aoULAV 1e2 2 205 - 0.03 0.13 30180
aoD2AG 1e2 2 205 - 0.03 0.14 30336
aoD2SG 1e2 2 205 - 0.03 0.14 30344
moore 1e2 2 205 - 0.04 0.22 30480
nbpm 1e2 2 205 - 0.07 2.18 53000
greedy 1e2 2 205 - 0.03 0.14 30884
dry 1e6 2 113 - 0.04 0.19 49704
aoDLAV 1e6 2 113 - 0.10 3.85 178456
aoULAV 1e6 2 113 - 0.13 4.07 178460
aoD2AG 1e6 2 113 - 0.18 5.75 232936
aoD2SG 1e6 2 113 - 0.22 6.46 241476
dry 275e2 2 116 - 0.02 0.12 27124
aoDLAV 275e2 2 116 - 0.03 0.21 31244
aoULAV 275e2 2 116 - 0.03 0.20 31572
aoD2AG 275e2 2 116 - 0.03 0.23 34692
aoD2SG 275e2 2 116 - 0.03 0.25 34808
dry 350e2 2 86 - 0.03 0.11 27416
aoDLAV 350e2 2 86 - 0.03 0.22 31480
aoULAV 350e2 2 86 - 0.03 0.22 32260
aoD2AG 350e2 2 86 - 0.02 0.26 34872
aoD2SG 350e2 2 86 - 0.04 0.26 35132
dry 375e2 2 49 - 0.03 0.11 29100
aoDLAV 375e2 2 49 - 0.03 0.22 31788
aoULAV 375e2 2 49 - 0.03 0.24 32604
aoD2AG 375e2 2 49 - 0.03 0.27 35568
aoD2SG 375e2 2 49 - 0.03 0.28 35528
dry 400e2 2 96 - 0.02 0.12 27616
aoDLAV 400e2 2 96 - 0.03 0.23 32240
aoULAV 400e2 2 96 - 0.03 0.24 33164
aoD2AG 400e2 2 96 - 0.03 0.28 36076
aoD2SG 400e2 2 96 - 0.03 0.29 35932
dry 375e2 2 105 - 0.02 0.12 27516
aoDLAV 375e2 2 105 - 0.03 0.23 31824
aoULAV 375e2 2 105 - 0.03 0.24 32608
aoD2AG 375e2 2 105 - 0.03 0.27 35516
aoD2SG 375e2 2 105 - 0.03 0.32 35536
dry 1e5 10 96 - 0.03 0.19 38396
aoDLAV 1e5 10 96 - 0.25 22.39 53540
aoULAV 1e5 10 96 - 0.05 22.39 55308
aoD2AG 1e5 10 96 - 0.06 23.22 62644
aoD2SG 1e5 10 96 - 0.06 26.12 66832
dry 1e6 2 199 - 0.05 0.19 49708
aoDLAV 1e6 2 199 - 0.11 3.71 178456
aoULAV 1e6 2 199 - 0.11 3.94 178460
aoD2AG 1e6 2 199 - 0.17 5.74 232976
aoD2SG 1e6 2 199 - 0.20 6.49 241428
dry 300e2 2 161 - 0.02 0.12 28964
aoDLAV 300e2 2 161 - 0.03 0.21 31300
aoULAV 300e2 2 161 - 0.03 0.21 31892
aoD2AG 300e2 2 161 - 0.04 0.24 35056
aoD2SG 300e2 2 161 - 0.03 0.26 34716
dry 32e3 2 36 - 0.02 0.12 27296
aoDLAV 32e3 2 36 - 0.02 0.23 31436
aoULAV 32e3 2 36 - 0.03 0.22 32148
aoD2AG 32e3 2 36 - 0.04 0.24 35024
aoD2SG 32e3 2 36 - 0.04 0.26 34788
dry 275e2 2 195 - 0.02 0.12 28972
aoDLAV 275e2 2 195 - 0.03 0.21 31240
aoULAV 275e2 2 195 - 0.03 0.21 31568
aoD2AG 275e2 2 195 - 0.03 0.23 34696
aoD2SG 275e2 2 195 - 0.04 0.24 34812
dry 18e4 2 212 - 0.04 0.12 33108
aoDLAV 18e4 2 212 - 0.04 0.77 47860
aoULAV 18e4 2 212 - 0.05 0.78 47860
aoD2AG 18e4 2 212 - 0.06 1.03 58924
aoD2SG 18e4 2 212 - 0.05 1.10 59844
dry 1e1 2 205 - 0.03 0.11 25992
aoDLAV 1e1 2 205 - 0.03 0.14 30164
aoULAV 1e1 2 205 - 0.03 0.14 30172
aoD2AG 1e1 2 205 - 0.02 0.15 30324
aoD2SG 1e1 2 205 - 0.02 0.15 30328
moore 1e1 2 205 - 0.03 0.18 30484
nbpm 1e1 2 205 - 0.08 2.16 49824
greedy 1e1 2 205 - 0.03 0.14 30128
dry 1e2 2 140 - 0.03 0.11 25992
aoDLAV 1e2 2 140 - 0.03 0.14 30168
aoULAV 1e2 2 140 - 0.03 0.14 30180
aoD2AG 1e2 2 140 - 0.02 0.15 30332
aoD2SG 1e2 2 140 - 0.03 0.14 30340
moore 1e2 2 140 - 0.04 0.22 30480
nbpm 1e2 2 140 - 0.08 2.16 53000
greedy 1e2 2 140 - 0.03 0.14 30880
dry 56e3 2 223 - 0.02 0.13 30172
aoDLAV 56e3 2 223 - 0.04 0.29 33476
aoULAV 56e3 2 223 - 0.03 0.30 34696
aoD2AG 56e3 2 223 - 0.04 0.36 37280
aoD2SG 56e3 2 223 - 0.03 0.39 37296
dry 350e2 2 119 - 0.03 0.11 27416
aoDLAV 350e2 2 119 - 0.04 0.23 31480
aoULAV 350e2 2 119 - 0.03 0.24 32264
aoD2AG 350e2 2 119 - 0.03 0.26 34852
aoD2SG 350e2 2 119 - 0.03 0.28 35132
dry 375e2 2 112 - 0.02 0.12 27520
aoDLAV 375e2 2 112 - 0.02 0.24 31784
aoULAV 375e2 2 112 - 0.03 0.24 32604
aoD2AG 375e2 2 112 - 0.03 0.27 35520
aoD2SG 375e2 2 112 - 0.04 0.29 35532
dry 1e3 5 109 - 0.02 0.12 26060
aoDLAV 1e3 5 109 - 0.02 0.15 30424
aoULAV 1e3 5 109 - 0.03 0.15 30436
aoD2AG 1e3 5 109 - 0.03 0.14 30744
aoD2SG 1e3 5 109 - 0.03 0.15 30772
moore 1e3 5 109 - 0.05 2.48 59832
nbpm 1e3 5 109 - 0.11 4.53 129244
greedy 1e3 5 109 - 0.09 1.04 139392
dry 1e6 2 150 - 0.04 0.20 49704
aoDLAV 1e6 2 150 - 0.13 3.76 178456
aoULAV 1e6 2 150 - 0.12 4.01 178456
aoD2AG 1e6 2 150 - 0.20 5.69 233860
aoD2SG 1e6 2 150 - 0.21 6.38 241036
dry 5e4 2 141 - 0.02 0.12 31116
aoDLAV 5e4 2 141 - 0.03 0.27 33012
aoULAV 5e4 2 141 - 0.04 0.27 33312
aoD2AG 5e4 2 141 - 0.02 0.35 36408
aoD2SG 5e4 2 141 - 0.03 0.36 36428
dry 1e5 5 68 - 0.03 0.13 34480
aoDLAV 1e5 5 68 - 0.04 1.61 41816
aoULAV 1e5 5 68 - 0.04 1.63 43572
aoD2AG 1e5 5 68 - 0.05 1.75 53568
aoD2SG 1e5 5 68 - 0.05 2.22 53200
dry 225e2 2 226 - 0.02 0.12 26920
aoDLAV 225e2 2 226 - 0.03 0.20 30980
aoULAV 225e2 2 226 - 0.03 0.20 30996
aoD2AG 225e2 2 226 - 0.03 0.22 33368
aoD2SG 225e2 2 226 - 0.03 0.23 33464
dry 1e2 10 187 - 0.03 0.12 26004
aoDLAV 1e2 10 187 - 0.03 0.15 30264
aoULAV 1e2 10 187 - 0.03 0.14 30272
aoD2AG 1e2 10 187 - 0.02 0.15 30440
aoD2SG 1e2 10 187 - 0.03 0.15 30452
moore 1e2 10 187 - 0.03 0.23 30500
nbpm 1e2 10 187 - 0.08 2.13 53076
greedy 1e2 10 187 - 0.02 0.15 30976
dry 275e2 2 234 - 0.03 0.11 27120
aoDLAV 275e2 2 234 - 0.03 0.20 31240
aoULAV 275e2 2 234 - 0.03 0.20 31572
aoD2AG 275e2 2 234 - 0.03 0.23 34696
aoD2SG 275e2 2 234 - 0.03 0.24 34808
dry 1e6 5 26 - 0.05 0.27 73152
aoDLAV 1e6 5 26 - 0.15 18.42 252692
aoULAV 1e6 5 26 - 0.22 19.92 252688
aoD2AG 1e6 5 26 - 0.30 21.87 323488
aoD2SG 1e6 5 26 - 0.23 24.65 332724
dry 275e2 2 150 - 0.03 0.12 27120
aoDLAV 275e2 2 150 - 0.03 0.22 31244
aoULAV 275e2 2 150 - 0.02 0.24 31572
aoD2AG 275e2 2 150 - 0.03 0.24 34692
aoD2SG 275e2 2 150 - 0.02 0.25 34812
dry 5e4 2 196 - 0.02 0.12 28000
aoDLAV 5e4 2 196 - 0.03 0.28 33008
aoULAV 5e4 2 196 - 0.03 0.28 33316
aoD2AG 5e4 2 196 - 0.03 0.35 36408
aoD2SG 5e4 2 196 - 0.03 0.36 36424
dry 1e2 10 230 - 0.02 0.12 26004
aoDLAV 1e2 10 230 - 0.02 0.15 30260
aoULAV 1e2 10 230 - 0.03 0.14 30276
aoD2AG 1e2 10 230 - 0.03 0.14 30440
aoD2SG 1e2 10 230 - 0.02 0.15 30448
moore 1e2 10 230 - 0.03 0.20 30500
nbpm 1e2 10 230 - 0.09 2.17 53076
greedy 1e2 10 230 - 0.03 0.14 30972
dry 32e3 2 206 - 0.02 0.12 27296
aoDLAV 32e3 2 206 - 0.03 0.22 31436
aoULAV 32e3 2 206 - 0.03 0.22 32148
aoD2AG 32e3 2 206 - 0.03 0.25 35020
aoD2SG 32e3 2 206 - 0.03 0.27 34788
dry 56e1 2 17 - 0.02 0.12 26008
aoDLAV 56e1 2 17 - 0.02 0.15 30220
aoULAV 56e1 2 17 - 0.03 0.14 30232
aoD2AG 56e1 2 17 - 0.02 0.15 30420
aoD2SG 56e1 2 17 - 0.02 0.15 30428
moore 56e1 2 17 - 0.04 1.30 39652
nbpm 56e1 2 17 - 0.09 2.96 78712
greedy 56e1 2 17 - 0.04 0.39 64144
dry 1e3 2 94 - 0.02 0.12 26024
aoDLAV 1e3 2 94 - 0.03 0.14 30284
aoULAV 1e3 2 94 - 0.02 0.15 30296
aoD2AG 1e3 2 94 - 0.03 0.14 30548
aoD2SG 1e3 2 94 - 0.03 0.14 30560
moore 1e3 2 94 - 0.05 2.30 59808
nbpm 1e3 2 94 - 0.13 4.12 138560
greedy 1e3 2 94 - 0.09 1.03 139248
dry 5e4 2 182 - 0.02 0.12 29792
aoDLAV 5e4 2 182 - 0.02 0.28 33008
aoULAV 5e4 2 182 - 0.02 0.29 33316
aoD2AG 5e4 2 182 - 0.03 0.34 36412
aoD2SG 5e4 2 182 - 0.03 0.36 36424
dry 1e3 10 77 - 0.03 0.11 26136
aoDLAV 1e3 10 77 - 0.02 0.16 30656
aoULAV 1e3 10 77 - 0.03 0.16 30664
aoD2AG 1e3 10 77 - 0.04 0.15 31072
aoD2SG 1e3 10 77 - 0.02 0.17 31096
moore 1e3 10 77 - 0.04 7.98 59840
nbpm 1e3 10 77 - 0.11 4.77 136140
greedy 1e3 10 77 - 0.09 1.05 139616
dry 1e2 5 140 - 0.02 0.12 26000
aoDLAV 1e2 5 140 - 0.03 0.13 30212
aoULAV 1e2 5 140 - 0.03 0.14 30224
aoD2AG 1e2 5 140 - 0.03 0.14 30384
aoD2SG 1e2 5 140 - 0.03 0.14 30388
moore 1e2 5 140 - 0.02 0.25 30492
nbpm 1e2 5 140 - 0.07 2.35 53016
greedy 1e2 5 140 - 0.03 0.14 30920
dry 1e2 2 225 - 0.02 0.12 25992
aoDLAV 1e2 2 225 - 0.03 0.14 30172
aoULAV 1e2 2 225 - 0.02 0.15 30184
aoD2AG 1e2 2 225 - 0.03 0.14 30336
aoD2SG 1e2 2 225 - 0.03 0.15 30344
moore 1e2 2 225 - 0.03 0.28 30480
nbpm 1e2 2 225 - 0.08 2.22 53000
greedy 1e2 2 225 - 0.03 0.14 30880
dry 300e2 2 39 - 0.03 0.11 27220
aoDLAV 300e2 2 39 - 0.03 0.21 31300
aoULAV 300e2 2 39 - 0.03 0.20 31896
aoD2AG 300e2 2 39 - 0.02 0.25 35060
aoD2SG 300e2 2 39 - 0.04 0.24 34716
dry 1e6 5 223 - 0.05 0.27 73152
aoDLAV 1e6 5 223 - 0.14 19.20 252688
aoULAV 1e6 5 223 - 0.17 19.65 252692
aoD2AG 1e6 5 223 - 0.20 22.23 324396
aoD2SG 1e6 5 223 - 0.23 25.95 331964
dry 350e2 2 199 - 0.02 0.12 27420
aoDLAV 350e2 2 199 - 0.04 0.22 31480
aoULAV 350e2 2 199 - 0.03 0.23 32264
aoD2AG 350e2 2 199 - 0.04 0.28 34856
aoD2SG 350e2 2 199 - 0.03 0.28 35132
dry 56e1 2 165 - 0.02 0.12 26008
aoDLAV 56e1 2 165 - 0.02 0.15 30220
aoULAV 56e1 2 165 - 0.03 0.14 30236
aoD2AG 56e1 2 165 - 0.02 0.15 30416
aoD2SG 56e1 2 165 - 0.03 0.14 30428
moore 56e1 2 165 - 0.04 2.70 39660
nbpm 56e1 2 165 - 0.10 2.93 78716
greedy 56e1 2 165 - 0.04 0.39 64104
dry 375e2 2 110 - 0.03 0.12 27516
aoDLAV 375e2 2 110 - 0.03 0.24 31784
aoULAV 375e2 2 110 - 0.04 0.23 32604
aoD2AG 375e2 2 110 - 0.03 0.28 35516
aoD2SG 375e2 2 110 - 0.03 0.29 35528
dry 1e3 5 90 - 0.02 0.12 26056
aoDLAV 1e3 5 90 - 0.03 0.15 30424
aoULAV 1e3 5 90 - 0.02 0.15 30436
aoD2AG 1e3 5 90 - 0.03 0.15 30744
aoD2SG 1e3 5 90 - 0.02 0.15 30760
moore 1e3 5 90 - 0.04 7.48 59800
nbpm 1e3 5 90 - 0.09 4.56 129244
greedy 1e3 5 90 - 0.10 1.01 139392
dry 56e3 2 171 - 0.02 0.12 28236
aoDLAV 56e3 2 171 - 0.03 0.29 33476
aoULAV 56e3 2 171 - 0.02 0.30 34700
aoD2AG 56e3 2 171 - 0.03 0.36 37288
aoD2SG 56e3 2 171 - 0.03 0.39 37300
dry 250e2 2 150 - 0.02 0.11 27020
aoDLAV 250e2 2 150 - 0.02 0.20 31108
aoULAV 250e2 2 150 - 0.03 0.20 31212
aoD2AG 250e2 2 150 - 0.02 0.23 33860
aoD2SG 250e2 2 150 - 0.04 0.22 33964
dry 250e2 2 79 - 0.02 0.12 30624
aoDLAV 250e2 2 79 - 0.02 0.20 31112
aoULAV 250e2 2 79 - 0.02 0.20 31212
aoD2AG 250e2 2 79 - 0.03 0.22 33860
aoD2SG 250e2 2 79 - 0.03 0.23 33964
dry 1e2 2 103 - 0.01 0.12 25992
aoDLAV 1e2 2 103 - 0.03 0.14 30168
aoULAV 1e2 2 103 - 0.02 0.15 30184
aoD2AG 1e2 2 103 - 0.02 0.14 30336
aoD2SG 1e2 2 103 - 0.03 0.14 30344
moore 1e2 2 103 - 0.03 0.22 30480
nbpm 1e2 2 103 - 0.09 2.13 53000
greedy 1e2 2 103 - 0.02 0.15 30884
dry 1e2 2 159 - 0.03 0.11 25996
aoDLAV 1e2 2 159 - 0.03 0.14 30168
aoULAV 1e2 2 159 - 0.03 0.14 30180
aoD2AG 1e2 2 159 - 0.03 0.14 30328
aoD2SG 1e2 2 159 - 0.03 0.14 30348
moore 1e2 2 159 - 0.03 0.19 30480
nbpm 1e2 2 159 - 0.07 2.14 53004
greedy 1e2 2 159 - 0.02 0.14 30884
dry 1e6 10 229 - 0.07 0.40 112236
aoDLAV 1e6 10 229 - 0.21 343.51 369884
aoULAV 1e6 10 229 - 0.27 336.34 369888
aoD2AG 1e6 10 229 - 0.38 345.90 447996
aoD2SG 1e6 10 229 - 0.37 304.61 456784
