dry 150e2 2 193 - 0.02 0.10 26628
aoDLAV 150e2 2 193 - 0.02 0.17 30824
aoULAV 150e2 2 193 - 0.03 0.16 30828
aoD2AG 150e2 2 193 - 0.02 0.18 31608
aoD2SG 150e2 2 193 - 0.02 0.18 31608
moore 150e2 2 193 - 2.17 2865.25 6629352
nbpm 150e2 2 193 - 14.77 1171.39 16814176
greedy 150e2 2 193 - 12.87 671.00 24630024
dry 9e7 2 51 - 0.97 2.75 1787988
aoDLAV 9e7 2 51 - 6.88 527.57 13377684
aoULAV 9e7 2 51 - 9.32 564.59 13377688
aoD2AG 9e7 2 51 - 16.31 800.13 19673404
aoD2SG 9e7 2 51 - 17.69 928.65 20388848
dry 2e4 10 117 - 0.02 0.12 30188
aoDLAV 2e4 10 117 - 0.04 1.70 34836
aoULAV 2e4 10 117 - 0.04 1.68 34848
aoD2AG 2e4 10 117 - 0.03 1.82 36080
aoD2SG 2e4 10 117 - 0.03 2.06 36076
moore 2e4 10 117 - 3.41 7001.96 11770836
nbpm 2e4 10 117 - 28.82 5877.57 30880040
greedy 2e4 10 117 - 25.82 1321.62 43775820
dry 175e2 2 181 - 0.02 0.12 28772
aoDLAV 175e2 2 181 - 0.03 0.19 30720
aoULAV 175e2 2 181 - 0.03 0.18 30720
aoD2AG 175e2 2 181 - 0.03 0.20 31752
aoD2SG 175e2 2 181 - 0.03 0.20 31756
moore 175e2 2 181 - 2.68 4633.43 9014024
nbpm 175e2 2 181 - 21.36 1838.86 22863132
greedy 175e2 2 181 - 18.70 948.67 33516976
dry 8e7 2 241 - 0.86 2.45 1592680
aoDLAV 8e7 2 241 - 6.88 461.46 11893328
aoULAV 8e7 2 241 - 8.71 490.76 11893328
aoD2AG 8e7 2 241 - 16.11 696.91 17484864
aoD2SG 8e7 2 241 - 15.80 1029.82 18120256
dry 175e2 2 186 - 0.03 0.12 30484
aoDLAV 175e2 2 186 - 0.03 0.18 30720
aoULAV 175e2 2 186 - 0.02 0.19 30716
aoD2AG 175e2 2 186 - 0.03 0.20 31752
aoD2SG 175e2 2 186 - 0.04 0.20 31760
moore 175e2 2 186 - 2.75 4898.27 9014020
nbpm 175e2 2 186 - 21.68 1897.76 22863136
greedy 175e2 2 186 - 19.02 984.14 33516976
dry 175e2 2 60 - 0.03 0.11 28700
aoDLAV 175e2 2 60 - 0.04 0.17 30716
aoULAV 175e2 2 60 - 0.03 0.18 30716
aoD2AG 175e2 2 60 - 0.04 0.19 31752
aoD2SG 175e2 2 60 - 0.04 0.20 31756
moore 175e2 2 60 - 2.80 5189.97 9014020
nbpm 175e2 2 60 - 21.81 1813.61 22863136
greedy 175e2 2 60 - 19.37 973.54 33516976
dry 1e8 5 71 - 2.28 6.29 4327052
aoDLAV 1e8 5 71 - 11.48 3454.95 23065204
aoULAV 1e8 5 71 - 17.04 2723.69 23065208
aoD2AG 1e8 5 71 - 26.24 2977.12 30456680
aoD2SG 1e8 5 71 - 26.92 3587.06 31308788
dry 2e4 5 56 - 0.03 0.12 29180
aoDLAV 2e4 5 56 - 0.04 0.28 32756
aoULAV 2e4 5 56 - 0.03 0.28 32772
aoD2AG 2e4 5 56 - 0.03 0.32 33344
aoD2SG 2e4 5 56 - 0.03 0.35 32860
moore 2e4 5 56 - 3.44 7099.81 11768080
nbpm 2e4 5 56 - 28.84 4761.46 34200496
greedy 2e4 5 56 - 24.03 1290.03 43774008
dry 18e3 2 50 - 0.03 0.12 30492
aoDLAV 18e3 2 50 - 0.02 0.19 30740
aoULAV 18e3 2 50 - 0.03 0.18 30740
aoD2AG 18e3 2 50 - 0.03 0.19 31804
aoD2SG 18e3 2 50 - 0.04 0.20 31808
moore 18e3 2 50 - 2.84 5742.75 9534988
nbpm 18e3 2 50 - 23.63 1883.03 25451064
greedy 18e3 2 50 - 19.37 1079.33 35458364
dry 2e4 10 91 - 0.03 0.13 30388
aoDLAV 2e4 10 91 - 0.04 1.74 34836
aoULAV 2e4 10 91 - 0.04 1.80 34852
aoD2AG 2e4 10 91 - 0.04 1.81 36080
aoD2SG 2e4 10 91 - 0.04 1.99 36076
moore 2e4 10 91 - 3.50 7414.77 11770832
nbpm 2e4 10 91 - 29.75 5208.20 30880032
greedy 2e4 10 91 - 25.41 1336.05 43775820
dry 8e7 2 188 - 0.93 2.46 1592680
aoDLAV 8e7 2 188 - 6.61 463.57 11893324
aoULAV 8e7 2 188 - 8.50 492.92 11893324
aoD2AG 8e7 2 188 - 15.88 706.08 17487272
aoD2SG 8e7 2 188 - 16.04 815.13 18124316
dry 2e4 2 233 - 0.03 0.12 28848
aoDLAV 2e4 2 233 - 0.03 0.19 30808
aoULAV 2e4 2 233 - 0.03 0.19 30808
aoD2AG 2e4 2 233 - 0.03 0.21 32284
aoD2SG 2e4 2 233 - 0.03 0.21 32296
moore 2e4 2 233 - 3.65 8987.26 11765548
nbpm 2e4 2 233 - 28.83 2655.56 31402188
greedy 2e4 2 233 - 24.70 1202.29 43771040
dry 8e7 2 234 - 0.83 2.46 1592676
aoDLAV 8e7 2 234 - 6.01 474.56 11893324
aoULAV 8e7 2 234 - 8.10 507.89 11893324
aoD2AG 8e7 2 234 - 15.71 719.31 17487748
aoD2SG 8e7 2 234 - 15.86 831.41 18125728
dry 2e4 2 190 - 0.02 0.12 26828
aoDLAV 2e4 2 190 - 0.04 0.18 30808
aoULAV 2e4 2 190 - 0.03 0.19 30808
aoD2AG 2e4 2 190 - 0.03 0.21 32288
aoD2SG 2e4 2 190 - 0.04 0.21 32292
moore 2e4 2 190 - 3.50 6461.93 11765552
nbpm 2e4 2 190 - 28.82 2748.68 31402196
greedy 2e4 2 190 - 24.14 1299.21 43771040
dry 1e8 5 65 - 2.49 6.23 4327052
aoDLAV 1e8 5 65 - 11.47 2596.03 23065204
aoULAV 1e8 5 65 - 16.34 2620.01 23065208
aoD2AG 1e8 5 65 - 25.74 2939.67 30455828
aoD2SG 1e8 5 65 - 27.75 3558.00 31313660
dry 18e3 2 72 - 0.02 0.12 26748
aoDLAV 18e3 2 72 - 0.03 0.19 30744
aoULAV 18e3 2 72 - 0.03 0.19 30740
aoD2AG 18e3 2 72 - 0.03 0.21 31808
aoD2SG 18e3 2 72 - 0.04 0.20 31860
moore 18e3 2 72 - 2.91 4726.45 9534988
nbpm 18e3 2 72 - 23.83 2098.56 25451064
greedy 18e3 2 72 - 20.06 1013.81 35458368
dry 125e2 2 220 - 0.03 0.12 26532
aoDLAV 125e2 2 220 - 0.03 0.18 30708
aoULAV 125e2 2 220 - 0.03 0.17 30708
aoD2AG 125e2 2 220 - 0.03 0.19 31376
aoD2SG 125e2 2 220 - 0.04 0.19 31380
moore 125e2 2 220 - 1.56 1791.90 4611540
nbpm 125e2 2 220 - 11.39 661.25 12302320
greedy 125e2 2 220 - 9.54 445.67 17109964
dry 2e4 2 32 - 0.03 0.11 26828
aoDLAV 2e4 2 32 - 0.03 0.19 30808
aoULAV 2e4 2 32 - 0.04 0.19 30812
aoD2AG 2e4 2 32 - 0.03 0.21 32324
aoD2SG 2e4 2 32 - 0.03 0.22 32292
moore 2e4 2 32 - 3.56 7116.06 11765552
nbpm 2e4 2 32 - 30.02 2744.53 31402196
greedy 2e4 2 32 - 26.26 1294.20 43771040
dry 9e7 2 184 - 1.00 2.70 1787984
aoDLAV 9e7 2 184 - 7.06 643.22 13377684
aoULAV 9e7 2 184 - 9.51 568.37 13377684
aoD2AG 9e7 2 184 - 17.85 828.02 19673156
aoD2SG 9e7 2 184 - 18.36 906.19 20390588
dry 2e4 2 88 - 0.03 0.12 26828
aoDLAV 2e4 2 88 - 0.03 0.19 30812
aoULAV 2e4 2 88 - 0.03 0.19 30808
aoD2AG 2e4 2 88 - 0.03 0.21 32288
aoD2SG 2e4 2 88 - 0.04 0.21 32292
moore 2e4 2 88 - 3.53 7359.81 11765556
nbpm 2e4 2 88 - 29.16 2631.27 31402196
greedy 2e4 2 88 - 24.69 1263.02 43771040
dry 125e2 2 1 - 0.03 0.12 26532
aoDLAV 125e2 2 1 - 0.03 0.19 30708
aoULAV 125e2 2 1 - 0.03 0.19 30708
aoD2AG 125e2 2 1 - 0.03 0.19 31380
aoD2SG 125e2 2 1 - 0.04 0.19 31376
moore 125e2 2 1 - 1.59 2109.85 4611552
nbpm 125e2 2 1 - 11.54 736.07 12302328
greedy 125e2 2 1 - 9.55 458.11 17109964
dry 125e2 2 134 - 0.02 0.12 26536
aoDLAV 125e2 2 134 - 0.03 0.18 30712
aoULAV 125e2 2 134 - 0.03 0.18 30708
aoD2AG 125e2 2 134 - 0.03 0.19 31376
aoD2SG 125e2 2 134 - 0.02 0.20 31380
moore 125e2 2 134 - 1.51 1515.26 4611540
nbpm 125e2 2 134 - 11.61 1045.92 12302324
greedy 125e2 2 134 - 9.89 439.45 17109968
dry 2e4 10 106 - 0.04 0.11 31344
aoDLAV 2e4 10 106 - 0.04 1.57 34836
aoULAV 2e4 10 106 - 0.03 1.65 34852
aoD2AG 2e4 10 106 - 0.04 1.72 36076
aoD2SG 2e4 10 106 - 0.04 1.84 36076
moore 2e4 10 106 - 3.40 6857.24 11770836
nbpm 2e4 10 106 - 29.27 5744.75 30880040
greedy 2e4 10 106 - 25.71 1339.39 43775820
dry 9e7 2 45 - 1.00 2.79 1787984
aoDLAV 9e7 2 45 - 7.25 542.44 13377684
aoULAV 9e7 2 45 - 9.54 582.07 13377684
aoD2AG 9e7 2 45 - 16.91 804.23 19672740
aoD2SG 9e7 2 45 - 18.09 1194.81 20388808
dry 2e4 5 132 - 0.03 0.11 27776
aoDLAV 2e4 5 132 - 0.04 0.29 32760
aoULAV 2e4 5 132 - 0.03 0.30 32768
aoD2AG 2e4 5 132 - 0.04 0.33 33340
aoD2SG 2e4 5 132 - 0.03 0.36 32860
moore 2e4 5 132 - 3.71 8165.84 11768080
nbpm 2e4 5 132 - 28.71 6147.88 34200504
greedy 2e4 5 132 - 25.94 1401.02 43774008
dry 2e4 5 242 - 0.03 0.12 27776
aoDLAV 2e4 5 242 - 0.04 0.29 32820
aoULAV 2e4 5 242 - 0.04 0.30 32768
aoD2AG 2e4 5 242 - 0.03 0.33 33344
aoD2SG 2e4 5 242 - 0.04 0.34 32864
moore 2e4 5 242 - 3.72 6738.71 11768080
nbpm 2e4 5 242 - 29.07 5573.07 34200496
greedy 2e4 5 242 - 24.96 1317.12 43774008
dry 1e8 2 154 - 1.08 3.02 1983296
aoDLAV 1e8 2 154 - 8.20 594.28 14862072
aoULAV 1e8 2 154 - 10.75 623.96 14862068
aoD2AG 1e8 2 154 - 18.43 876.98 21852888
aoD2SG 1e8 2 154 - 20.68 1365.41 22656392
dry 2e4 2 139 - 0.02 0.13 28820
aoDLAV 2e4 2 139 - 0.04 0.18 30808
aoULAV 2e4 2 139 - 0.03 0.20 30808
aoD2AG 2e4 2 139 - 0.03 0.23 32284
aoD2SG 2e4 2 139 - 0.04 0.22 32292
moore 2e4 2 139 - 3.54 7208.13 11765544
nbpm 2e4 2 139 - 29.32 2688.87 31402188
greedy 2e4 2 139 - 24.59 1250.95 43771040
dry 18e3 2 31 - 0.02 0.12 26748
aoDLAV 18e3 2 31 - 0.03 0.19 30744
aoULAV 18e3 2 31 - 0.03 0.18 30740
aoD2AG 18e3 2 31 - 0.03 0.20 31808
aoD2SG 18e3 2 31 - 0.03 0.21 31812
moore 18e3 2 31 - 3.07 4380.77 9534988
nbpm 18e3 2 31 - 23.43 1901.46 25451060
greedy 18e3 2 31 - 19.78 1081.88 35458364
dry 2e4 10 118 - 0.03 0.12 30148
aoDLAV 2e4 10 118 - 0.04 1.90 34836
aoULAV 2e4 10 118 - 0.04 1.77 34848
aoD2AG 2e4 10 118 - 0.04 1.88 36080
aoD2SG 2e4 10 118 - 0.03 2.06 36076
moore 2e4 10 118 - 3.52 8323.42 11770832
