dry 8e7 2 79 - 0.64 2.28 1592676
aoDLAV 8e7 2 79 - 5.88 473.15 11893324
aoULAV 8e7 2 79 - 8.11 510.93 11893324
aoD2AG 8e7 2 79 - 15.29 715.96 17488156
aoD2SG 8e7 2 79 - 15.84 853.47 18125280
dry 2e4 10 80 - 0.03 0.12 30624
aoDLAV 2e4 10 80 - 0.04 1.80 34836
aoULAV 2e4 10 80 - 0.04 1.77 34848
aoD2AG 2e4 10 80 - 0.04 2.09 36076
aoD2SG 2e4 10 80 - 0.04 2.04 36076
moore 2e4 10 80 - 3.51 6521.21 11770836
nbpm 2e4 10 80 - 28.39 6152.49 30880040
greedy 2e4 10 80 - 24.20 1312.77 43775824
dry 150e2 2 154 - 0.03 0.12 26628
aoDLAV 150e2 2 154 - 0.03 0.19 30828
aoULAV 150e2 2 154 - 0.03 0.19 30828
aoD2AG 150e2 2 154 - 0.03 0.21 31608
aoD2SG 150e2 2 154 - 0.02 0.21 31608
moore 150e2 2 154 - 2.22 3841.42 6629356
nbpm 150e2 2 154 - 14.65 1134.00 16814180
greedy 150e2 2 154 - 13.33 655.99 24630024
dry 2e4 10 142 - 0.03 0.11 31108
aoDLAV 2e4 10 142 - 0.03 1.73 34836
aoULAV 2e4 10 142 - 0.03 1.74 34848
aoD2AG 2e4 10 142 - 0.04 1.83 36076
aoD2SG 2e4 10 142 - 0.04 2.05 36076
moore 2e4 10 142 - 3.55 7311.99 11770836
nbpm 2e4 10 142 - 28.80 5838.70 30880144
greedy 2e4 10 142 - 24.22 1381.48 43775820
dry 18e3 2 151 - 0.03 0.12 26748
aoDLAV 18e3 2 151 - 0.02 0.19 30740
aoULAV 18e3 2 151 - 0.02 0.19 30740
aoD2AG 18e3 2 151 - 0.03 0.20 31808
aoD2SG 18e3 2 151 - 0.03 0.21 31816
moore 18e3 2 151 - 2.84 5449.64 9534980
nbpm 18e3 2 151 - 23.96 1895.25 25451060
greedy 18e3 2 151 - 19.90 1068.43 35458368
dry 125e2 2 170 - 0.03 0.12 26532
aoDLAV 125e2 2 170 - 0.03 0.18 30708
aoULAV 125e2 2 170 - 0.04 0.18 30708
aoD2AG 125e2 2 170 - 0.04 0.19 31380
aoD2SG 125e2 2 170 - 0.03 0.20 31376
moore 125e2 2 170 - 1.57 1748.12 4611548
nbpm 125e2 2 170 - 11.53 654.35 12302328
greedy 125e2 2 170 - 9.81 473.72 17109964
dry 9e7 2 16 - 0.97 2.72 1787984
aoDLAV 9e7 2 16 - 7.31 547.99 13377684
aoULAV 9e7 2 16 - 9.46 574.94 13377684
aoD2AG 9e7 2 16 - 17.40 823.25 19674284
aoD2SG 9e7 2 16 - 17.80 923.21 20390460
dry 125e2 2 247 - 0.03 0.11 26532
aoDLAV 125e2 2 247 - 0.03 0.17 30708
aoULAV 125e2 2 247 - 0.03 0.17 30712
aoD2AG 125e2 2 247 - 0.03 0.18 31376
aoD2SG 125e2 2 247 - 0.03 0.18 31376
moore 125e2 2 247 - 1.60 1831.92 4611544
nbpm 125e2 2 247 - 11.61 644.82 12302320
greedy 125e2 2 247 - 9.97 446.94 17109964
dry 150e2 2 138 - 0.03 0.12 26632
aoDLAV 150e2 2 138 - 0.04 0.18 30824
aoULAV 150e2 2 138 - 0.03 0.19 30824
aoD2AG 150e2 2 138 - 0.03 0.20 31612
aoD2SG 150e2 2 138 - 0.04 0.20 31608
moore 150e2 2 138 - 2.14 3113.51 6629344
nbpm 150e2 2 138 - 14.68 1553.29 16814168
greedy 150e2 2 138 - 13.58 798.41 24630028
dry 175e2 2 202 - 0.02 0.12 26732
aoDLAV 175e2 2 202 - 0.04 0.17 30716
aoULAV 175e2 2 202 - 0.03 0.18 30716
aoD2AG 175e2 2 202 - 0.03 0.19 31752
aoD2SG 175e2 2 202 - 0.02 0.20 31756
moore 175e2 2 202 - 2.69 4669.22 9014028
nbpm 175e2 2 202 - 20.95 1822.25 22863144
greedy 175e2 2 202 - 18.82 1012.72 33516976
dry 150e2 2 205 - 0.02 0.13 26632
aoDLAV 150e2 2 205 - 0.03 0.20 30828
aoULAV 150e2 2 205 - 0.03 0.19 30824
aoD2AG 150e2 2 205 - 0.03 0.20 31608
aoD2SG 150e2 2 205 - 0.03 0.21 31608
moore 150e2 2 205 - 2.22 3432.58 6629352
nbpm 150e2 2 205 - 14.62 1843.75 16814176
greedy 150e2 2 205 - 13.86 684.68 24630024
dry 18e3 2 156 - 0.02 0.12 26748
aoDLAV 18e3 2 156 - 0.03 0.18 30760
aoULAV 18e3 2 156 - 0.03 0.19 30740
aoD2AG 18e3 2 156 - 0.03 0.19 31804
aoD2SG 18e3 2 156 - 0.03 0.21 31816
moore 18e3 2 156 - 2.85 6474.57 9534984
nbpm 18e3 2 156 - 23.67 1940.27 25451064
greedy 18e3 2 156 - 20.45 1014.79 35458416
dry 1e8 5 221 - 2.40 6.29 4327052
aoDLAV 1e8 5 221 - 11.18 3515.30 23065208
aoULAV 1e8 5 221 - 16.45 2586.81 23065204
aoD2AG 1e8 5 221 - 26.43 2889.97 30452388
aoD2SG 1e8 5 221 - 28.20 3447.68 31307952
dry 150e2 2 17 - 0.03 0.12 26628
aoDLAV 150e2 2 17 - 0.02 0.19 30828
aoULAV 150e2 2 17 - 0.03 0.18 30824
aoD2AG 150e2 2 17 - 0.03 0.19 31612
aoD2SG 150e2 2 17 - 0.03 0.19 31612
moore 150e2 2 17 - 2.22 3005.55 6629356
nbpm 150e2 2 17 - 14.59 1142.49 16814180
greedy 150e2 2 17 - 14.12 703.74 24630024
dry 2e4 2 60 - 0.02 0.12 26828
aoDLAV 2e4 2 60 - 0.03 0.20 30812
aoULAV 2e4 2 60 - 0.02 0.21 30812
aoD2AG 2e4 2 60 - 0.03 0.21 32284
aoD2SG 2e4 2 60 - 0.03 0.22 32292
moore 2e4 2 60 - 3.55 7312.68 11765552
nbpm 2e4 2 60 - 29.02 2769.76 31402196
greedy 2e4 2 60 - 23.47 1254.93 43771044
dry 8e7 2 219 - 0.81 2.45 1592676
aoDLAV 8e7 2 219 - 6.02 462.27 11893328
aoULAV 8e7 2 219 - 8.05 481.70 11893328
aoD2AG 8e7 2 219 - 14.90 668.68 17488644
aoD2SG 8e7 2 219 - 16.20 784.78 18128940
dry 2e4 5 112 - 0.02 0.13 27780
aoDLAV 2e4 5 112 - 0.03 0.28 32756
aoULAV 2e4 5 112 - 0.04 0.28 32768
aoD2AG 2e4 5 112 - 0.04 0.30 33344
aoD2SG 2e4 5 112 - 0.03 0.33 32860
moore 2e4 5 112 - 3.46 6585.30 11768080
nbpm 2e4 5 112 - 28.52 4670.45 34200496
greedy 2e4 5 112 - 24.84 1284.18 43774004
dry 175e2 2 231 - 0.03 0.11 26732
aoDLAV 175e2 2 231 - 0.03 0.19 30716
aoULAV 175e2 2 231 - 0.03 0.19 30716
aoD2AG 175e2 2 231 - 0.03 0.20 31752
aoD2SG 175e2 2 231 - 0.03 0.21 31760
moore 175e2 2 231 - 2.68 4350.29 9014024
nbpm 175e2 2 231 - 21.21 1990.07 22863136
greedy 175e2 2 231 - 19.38 954.22 33516976
dry 2e4 2 7 - 0.03 0.11 26828
aoDLAV 2e4 2 7 - 0.03 0.18 30808
aoULAV 2e4 2 7 - 0.02 0.19 30808
aoD2AG 2e4 2 7 - 0.03 0.21 32284
aoD2SG 2e4 2 7 - 0.03 0.21 32292
moore 2e4 2 7 - 3.52 7232.60 11765556
nbpm 2e4 2 7 - 29.51 2677.85 31402196
greedy 2e4 2 7 - 24.48 1294.59 43771040
dry 9e7 2 222 - 1.01 2.75 1788032
aoDLAV 9e7 2 222 - 7.27 545.66 13377688
aoULAV 9e7 2 222 - 9.16 550.86 13377684
aoD2AG 9e7 2 222 - 16.31 770.71 19670676
aoD2SG 9e7 2 222 - 17.63 894.75 20389852
dry 9e7 2 238 - 0.92 2.73 1787984
aoDLAV 9e7 2 238 - 7.13 509.91 13377688
aoULAV 9e7 2 238 - 9.26 550.41 13377684
aoD2AG 9e7 2 238 - 17.64 816.15 19672572
aoD2SG 9e7 2 238 - 17.66 967.33 20391368
dry 125e2 2 21 - 0.02 0.12 26536
aoDLAV 125e2 2 21 - 0.03 0.18 30712
aoULAV 125e2 2 21 - 0.03 0.17 30712
aoD2AG 125e2 2 21 - 0.04 0.18 31380
aoD2SG 125e2 2 21 - 0.03 0.20 31376
moore 125e2 2 21 - 1.58 1631.70 4611544
nbpm 125e2 2 21 - 11.26 657.55 12302320
greedy 125e2 2 21 - 9.15 429.95 17109964
dry 150e2 2 132 - 0.02 0.12 26628
aoDLAV 150e2 2 132 - 0.04 0.17 30828
aoULAV 150e2 2 132 - 0.04 0.17 30824
aoD2AG 150e2 2 132 - 0.03 0.19 31608
aoD2SG 150e2 2 132 - 0.02 0.20 31608
moore 150e2 2 132 - 2.15 3193.77 6629348
nbpm 150e2 2 132 - 14.90 1290.54 16814172
greedy 150e2 2 132 - 15.42 727.25 24630024
dry 1e8 5 40 - 2.55 6.37 4327052
aoDLAV 1e8 5 40 - 11.54 2636.23 23065204
aoULAV 1e8 5 40 - 15.96 2709.33 23065204
aoD2AG 1e8 5 40 - 26.24 3688.23 30456856
aoD2SG 1e8 5 40 - 26.78 3531.54 31311324
dry 125e2 2 124 - 0.02 0.11 26532
aoDLAV 125e2 2 124 - 0.04 0.17 30708
aoULAV 125e2 2 124 - 0.02 0.18 30708
aoD2AG 125e2 2 124 - 0.03 0.18 31380
aoD2SG 125e2 2 124 - 0.02 0.20 31376
moore 125e2 2 124 - 1.59 2145.27 4611540
nbpm 125e2 2 124 - 11.69 659.31 12302320
greedy 125e2 2 124 - 9.80 478.50 17109964
dry 2e4 5 68 - 0.02 0.12 27776
aoDLAV 2e4 5 68 - 0.04 0.28 32756
aoULAV 2e4 5 68 - 0.03 0.29 32768
aoD2AG 2e4 5 68 - 0.03 0.33 33344
aoD2SG 2e4 5 68 - 0.03 0.35 32860
moore 2e4 5 68 - 3.50 7598.84 11768080
nbpm 2e4 5 68 - 28.82 5029.32 34200496
greedy 2e4 5 68 - 24.03 1327.48 43774004
dry 150e2 2 1 - 0.03 0.12 26632
aoDLAV 150e2 2 1 - 0.04 0.18 30824
aoULAV 150e2 2 1 - 0.03 0.19 30828
aoD2AG 150e2 2 1 - 0.03 0.19 31608
aoD2SG 150e2 2 1 - 0.03 0.20 31608
moore 150e2 2 1 - 2.18 3247.07 6629352
nbpm 150e2 2 1 - 14.75 1127.81 16814172
greedy 150e2 2 1 - 12.82 699.18 24630028
dry 1e8 2 168 - 1.07 3.00 1983296
aoDLAV 1e8 2 168 - 7.83 604.54 14862068
aoULAV 1e8 2 168 - 10.22 634.25 14862072
aoD2AG 1e8 2 168 - 19.34 919.56 21854168
aoD2SG 1e8 2 168 - 20.39 1200.04 22652104
dry 9e7 2 227 - 0.97 2.73 1787988
aoDLAV 9e7 2 227 - 7.20 517.56 13377684
aoULAV 9e7 2 227 - 9.56 546.16 13377688
aoD2AG 9e7 2 227 - 17.31 782.66 19672148
aoD2SG 9e7 2 227 - 17.92 910.82 20387680
dry 1e8 2 219 - 1.06 3.06 1983296
aoDLAV 1e8 2 219 - 7.92 572.02 14862068
aoULAV 1e8 2 219 - 10.89 615.59 14862068
aoD2AG 1e8 2 219 - 19.20 873.38 21852128
aoD2SG 1e8 2 219 - 20.93 1039.56 22651608
dry 9e7 2 107 - 1.01 2.72 1787988
aoDLAV 9e7 2 107 - 7.51 513.05 13377688
aoULAV 9e7 2 107 - 9.60 555.55 13377684
aoD2AG 9e7 2 107 - 17.10 770.49 19672688
aoD2SG 9e7 2 107 - 17.60 916.45 20389588
dry 175e2 2 246 - 0.04 0.11 28688
aoDLAV 175e2 2 246 - 0.03 0.17 30716
aoULAV 175e2 2 246 - 0.03 0.19 30716
aoD2AG 175e2 2 246 - 0.02 0.20 31756
aoD2SG 175e2 2 246 - 0.03 0.21 31756
moore 175e2 2 246 - 2.80 5990.08 9014020
nbpm 175e2 2 246 - 21.29 1808.29 22863140
greedy 175e2 2 246 - 18.15 940.80 33516980
dry 150e2 2 176 - 0.04 0.10 26628
aoDLAV 150e2 2 176 - 0.03 0.18 30824
aoULAV 150e2 2 176 - 0.04 0.18 30824
aoD2AG 150e2 2 176 - 0.03 0.19 31612
aoD2SG 150e2 2 176 - 0.04 0.20 31608
moore 150e2 2 176 - 2.05 2768.85 6629356
nbpm 150e2 2 176 - 14.52 1075.70 16814176
greedy 150e2 2 176 - 14.07 815.18 24630028
dry 150e2 2 161 - 0.03 0.12 26632
aoDLAV 150e2 2 161 - 0.04 0.17 30852
aoULAV 150e2 2 161 - 0.04 0.18 30824
aoD2AG 150e2 2 161 - 0.04 0.19 31608
aoD2SG 150e2 2 161 - 0.04 0.20 31608
moore 150e2 2 161 - 2.18 3210.69 6629344
nbpm 150e2 2 161 - 15.02 1309.70 16814168
greedy 150e2 2 161 - 13.50 710.63 24630024
dry 2e4 5 92 - 0.03 0.12 31012
aoDLAV 2e4 5 92 - 0.04 0.28 32756
aoULAV 2e4 5 92 - 0.03 0.28 32768
aoD2AG 2e4 5 92 - 0.03 0.31 33340
aoD2SG 2e4 5 92 - 0.03 0.33 32864
moore 2e4 5 92 - 3.43 7336.32 11768084
nbpm 2e4 5 92 - 29.51 4720.35 34200496
greedy 2e4 5 92 - 23.46 1296.60 43774004
dry 1e8 2 238 - 1.05 3.01 1983300
aoDLAV 1e8 2 238 - 7.90 587.86 14862068
aoULAV 1e8 2 238 - 10.34 631.25 14862068
aoD2AG 1e8 2 238 - 18.82 902.54 21852632
aoD2SG 1e8 2 238 - 19.68 1074.23 22655284
dry 125e2 2 161 - 0.02 0.12 26536
aoDLAV 125e2 2 161 - 0.03 0.18 30708
aoULAV 125e2 2 161 - 0.04 0.16 30712
aoD2AG 125e2 2 161 - 0.03 0.18 31380
aoD2SG 125e2 2 161 - 0.02 0.19 31380
moore 125e2 2 161 - 1.54 1631.01 4611548
nbpm 125e2 2 161 - 11.31 680.11 12302328
greedy 125e2 2 161 - 8.76 452.20 17109964
dry 2e4 2 108 - 0.03 0.11 26828
aoDLAV 2e4 2 108 - 0.03 0.19 30808
aoULAV 2e4 2 108 - 0.03 0.19 30812
aoD2AG 2e4 2 108 - 0.03 0.21 32284
aoD2SG 2e4 2 108 - 0.03 0.22 32288
moore 2e4 2 108 - 3.61 7792.41 11765552
nbpm 2e4 2 108 - 28.88 2611.47 31402200
greedy 2e4 2 108 - 23.83 1289.39 43771076
dry 175e2 2 227 - 0.03 0.11 28592
aoDLAV 175e2 2 227 - 0.03 0.19 30716
aoULAV 175e2 2 227 - 0.04 0.18 30716
aoD2AG 175e2 2 227 - 0.03 0.21 31756
aoD2SG 175e2 2 227 - 0.03 0.21 31764
