dry 125e2 2 43 - 0.02 0.11 26532
aoDLAV 125e2 2 43 - 0.03 0.16 30708
aoULAV 125e2 2 43 - 0.02 0.17 30708
aoD2AG 125e2 2 43 - 0.02 0.19 31380
aoD2SG 125e2 2 43 - 0.02 0.19 31376
moore 125e2 2 43 - 1.56 2220.66 4611540
nbpm 125e2 2 43 - 11.60 735.72 12302324
greedy 125e2 2 43 - 9.93 468.58 17109964
dry 125e2 2 221 - 0.02 0.13 26536
aoDLAV 125e2 2 221 - 0.03 0.18 30708
aoULAV 125e2 2 221 - 0.04 0.17 30712
aoD2AG 125e2 2 221 - 0.04 0.19 31376
aoD2SG 125e2 2 221 - 0.04 0.19 31376
moore 125e2 2 221 - 1.55 1661.00 4611548
nbpm 125e2 2 221 - 11.52 775.64 12302328
greedy 125e2 2 221 - 9.63 431.69 17109968
dry 1e8 2 15 - 1.01 2.99 1983300
aoDLAV 1e8 2 15 - 8.19 577.30 14862068
aoULAV 1e8 2 15 - 10.45 639.14 14862068
aoD2AG 1e8 2 15 - 18.85 885.96 21856196
aoD2SG 1e8 2 15 - 19.88 1044.16 22651644
dry 8e7 2 73 - 0.87 2.40 1592676
aoDLAV 8e7 2 73 - 6.50 465.81 11893324
aoULAV 8e7 2 73 - 8.18 499.27 11893324
aoD2AG 8e7 2 73 - 14.91 707.51 17487536
aoD2SG 8e7 2 73 - 16.53 1053.14 18126372
dry 8e7 2 95 - 0.86 2.46 1592676
aoDLAV 8e7 2 95 - 6.65 451.26 11893324
aoULAV 8e7 2 95 - 8.84 491.35 11893328
aoD2AG 8e7 2 95 - 15.51 733.10 17487660
aoD2SG 8e7 2 95 - 16.71 830.49 18127816
dry 150e2 2 42 - 0.02 0.12 26628
aoDLAV 150e2 2 42 - 0.02 0.18 30828
aoULAV 150e2 2 42 - 0.03 0.18 30828
aoD2AG 150e2 2 42 - 0.02 0.20 31608
aoD2SG 150e2 2 42 - 0.02 0.20 31612
moore 150e2 2 42 - 2.12 2745.84 6629356
nbpm 150e2 2 42 - 15.16 1141.10 16814172
greedy 150e2 2 42 - 13.70 671.52 24630028
dry 1e8 2 175 - 1.04 3.02 1983296
aoDLAV 1e8 2 175 - 8.05 595.25 14862068
aoULAV 1e8 2 175 - 9.94 644.18 14862068
aoD2AG 1e8 2 175 - 18.41 892.81 21853800
aoD2SG 1e8 2 175 - 19.71 1064.34 22651880
dry 1e8 5 212 - 2.23 6.18 4327052
aoDLAV 1e8 5 212 - 11.15 2596.65 23065208
aoULAV 1e8 5 212 - 16.09 2717.25 23065204
aoD2AG 1e8 5 212 - 26.13 2932.51 30458232
aoD2SG 1e8 5 212 - 27.51 3524.57 31312572
dry 9e7 2 80 - 1.03 2.72 1787988
aoDLAV 9e7 2 80 - 7.22 532.25 13377684
aoULAV 9e7 2 80 - 9.48 578.75 13377688
aoD2AG 9e7 2 80 - 17.22 797.71 19672608
aoD2SG 9e7 2 80 - 17.86 947.39 20390368
dry 18e3 2 178 - 0.02 0.12 26752
aoDLAV 18e3 2 178 - 0.04 0.20 30740
aoULAV 18e3 2 178 - 0.03 0.21 30744
aoD2AG 18e3 2 178 - 0.03 0.22 31808
aoD2SG 18e3 2 178 - 0.03 0.22 31816
moore 18e3 2 178 - 2.93 5576.84 9534976
nbpm 18e3 2 178 - 23.54 2001.27 25451056
greedy 18e3 2 178 - 19.66 994.97 35458368
dry 2e4 5 133 - 0.03 0.12 29788
aoDLAV 2e4 5 133 - 0.05 0.32 32756
aoULAV 2e4 5 133 - 0.04 0.30 32768
aoD2AG 2e4 5 133 - 0.04 0.33 33344
aoD2SG 2e4 5 133 - 0.04 0.35 32860
moore 2e4 5 133 - 3.58 6320.51 11768084
nbpm 2e4 5 133 - 29.30 4729.94 34200496
greedy 2e4 5 133 - 22.73 1308.67 43774008
dry 18e3 2 45 - 0.03 0.11 26748
aoDLAV 18e3 2 45 - 0.03 0.19 30740
aoULAV 18e3 2 45 - 0.03 0.19 30740
aoD2AG 18e3 2 45 - 0.03 0.20 31808
aoD2SG 18e3 2 45 - 0.03 0.21 31812
moore 18e3 2 45 - 3.34 5881.78 9534976
nbpm 18e3 2 45 - 23.56 2023.24 25451056
greedy 18e3 2 45 - 19.62 1049.04 35458368
dry 175e2 2 199 - 0.02 0.12 26736
aoDLAV 175e2 2 199 - 0.03 0.19 30716
aoULAV 175e2 2 199 - 0.03 0.18 30720
aoD2AG 175e2 2 199 - 0.03 0.20 31752
aoD2SG 175e2 2 199 - 0.03 0.20 31760
moore 175e2 2 199 - 2.75 4392.58 9014028
nbpm 175e2 2 199 - 21.33 1840.47 22863144
greedy 175e2 2 199 - 18.53 1223.54 33516976
dry 175e2 2 159 - 0.02 0.13 26732
aoDLAV 175e2 2 159 - 0.03 0.19 30716
aoULAV 175e2 2 159 - 0.02 0.19 30720
aoD2AG 175e2 2 159 - 0.03 0.21 31752
aoD2SG 175e2 2 159 - 0.03 0.21 31760
moore 175e2 2 159 - 2.75 4181.57 9014032
nbpm 175e2 2 159 - 20.90 1963.91 22863144
greedy 175e2 2 159 - 19.68 1270.39 33516976
dry 9e7 2 63 - 1.02 2.76 1787984
aoDLAV 9e7 2 63 - 7.44 532.57 13377684
aoULAV 9e7 2 63 - 9.62 580.60 13377688
aoD2AG 9e7 2 63 - 16.90 810.87 19667980
aoD2SG 9e7 2 63 - 17.95 910.33 20385072
dry 2e4 2 11 - 0.02 0.12 28728
aoDLAV 2e4 2 11 - 0.03 0.19 30808
aoULAV 2e4 2 11 - 0.03 0.19 30808
aoD2AG 2e4 2 11 - 0.03 0.21 32284
aoD2SG 2e4 2 11 - 0.03 0.22 32292
moore 2e4 2 11 - 3.39 6766.77 11765556
nbpm 2e4 2 11 - 30.74 2633.60 31402196
greedy 2e4 2 11 - 24.45 1261.86 43771040
dry 9e7 2 192 - 1.08 2.75 1787984
aoDLAV 9e7 2 192 - 7.41 511.11 13377688
aoULAV 9e7 2 192 - 9.38 550.80 13377688
aoD2AG 9e7 2 192 - 16.66 799.01 19671260
aoD2SG 9e7 2 192 - 18.06 937.39 20388276
dry 2e4 2 231 - 0.03 0.11 26828
aoDLAV 2e4 2 231 - 0.04 0.18 30808
aoULAV 2e4 2 231 - 0.03 0.19 30808
aoD2AG 2e4 2 231 - 0.04 0.19 32284
aoD2SG 2e4 2 231 - 0.02 0.21 32300
moore 2e4 2 231 - 3.52 6956.76 11765552
nbpm 2e4 2 231 - 29.55 2632.38 31402196
greedy 2e4 2 231 - 26.11 1244.67 43771040
dry 18e3 2 24 - 0.02 0.12 26748
aoDLAV 18e3 2 24 - 0.02 0.19 30740
aoULAV 18e3 2 24 - 0.03 0.19 30744
aoD2AG 18e3 2 24 - 0.03 0.21 31808
aoD2SG 18e3 2 24 - 0.04 0.21 31808
moore 18e3 2 24 - 2.91 5475.64 9534976
nbpm 18e3 2 24 - 23.66 1970.50 25451056
greedy 18e3 2 24 - 20.50 1029.57 35458364
dry 175e2 2 2 - 0.03 0.11 26736
aoDLAV 175e2 2 2 - 0.03 0.18 30716
aoULAV 175e2 2 2 - 0.02 0.20 30716
aoD2AG 175e2 2 2 - 0.03 0.20 31756
aoD2SG 175e2 2 2 - 0.03 0.21 31760
moore 175e2 2 2 - 2.80 4466.79 9014028
nbpm 175e2 2 2 - 21.33 1775.23 22863144
greedy 175e2 2 2 - 19.52 962.55 33516976
dry 1e8 5 33 - 2.35 6.24 4327052
aoDLAV 1e8 5 33 - 11.27 2617.11 23065208
aoULAV 1e8 5 33 - 16.80 2684.43 23065204
aoD2AG 1e8 5 33 - 26.05 3017.07 30455432
aoD2SG 1e8 5 33 - 27.08 3587.32 31311928
dry 150e2 2 187 - 0.02 0.12 28396
aoDLAV 150e2 2 187 - 0.03 0.18 30824
aoULAV 150e2 2 187 - 0.03 0.18 30828
aoD2AG 150e2 2 187 - 0.03 0.19 31608
aoD2SG 150e2 2 187 - 0.02 0.20 31612
moore 150e2 2 187 - 2.08 3096.28 6629352
nbpm 150e2 2 187 - 14.79 1255.84 16814180
greedy 150e2 2 187 - 13.67 658.17 24630028
dry 1e8 5 174 - 2.25 6.21 4327056
aoDLAV 1e8 5 174 - 11.28 2569.93 23065204
aoULAV 1e8 5 174 - 16.39 2638.42 23065260
aoD2AG 1e8 5 174 - 26.56 2927.39 30455616
aoD2SG 1e8 5 174 - 27.55 3614.18 31311304
dry 8e7 2 184 - 0.93 2.44 1592676
aoDLAV 8e7 2 184 - 6.75 473.12 11893324
aoULAV 8e7 2 184 - 8.72 576.23 11893324
aoD2AG 8e7 2 184 - 16.01 696.85 17485908
aoD2SG 8e7 2 184 - 16.99 829.37 18122972
dry 1e8 2 48 - 1.05 3.05 1983300
aoDLAV 1e8 2 48 - 8.15 597.64 14862068
aoULAV 1e8 2 48 - 10.75 625.53 14862068
aoD2AG 1e8 2 48 - 18.79 874.88 21854376
aoD2SG 1e8 2 48 - 20.32 1081.57 22654628
dry 18e3 2 11 - 0.03 0.12 26748
aoDLAV 18e3 2 11 - 0.04 0.18 30740
aoULAV 18e3 2 11 - 0.03 0.19 30740
aoD2AG 18e3 2 11 - 0.04 0.21 31804
aoD2SG 18e3 2 11 - 0.03 0.22 31808
moore 18e3 2 11 - 2.93 5340.93 9534980
nbpm 18e3 2 11 - 23.65 1964.93 25451056
greedy 18e3 2 11 - 19.18 1035.07 35458368
dry 150e2 2 241 - 0.03 0.11 26628
aoDLAV 150e2 2 241 - 0.02 0.18 30824
aoULAV 150e2 2 241 - 0.03 0.18 30828
aoD2AG 150e2 2 241 - 0.03 0.19 31624
aoD2SG 150e2 2 241 - 0.04 0.19 31608
moore 150e2 2 241 - 2.08 3054.04 6629352
nbpm 150e2 2 241 - 14.63 1102.44 16814180
greedy 150e2 2 241 - 15.07 704.42 24630024
dry 125e2 2 223 - 0.03 0.11 26532
aoDLAV 125e2 2 223 - 0.04 0.18 30708
aoULAV 125e2 2 223 - 0.03 0.18 30712
aoD2AG 125e2 2 223 - 0.03 0.20 31376
aoD2SG 125e2 2 223 - 0.04 0.19 31376
moore 125e2 2 223 - 1.61 1685.86 4611548
nbpm 125e2 2 223 - 11.74 686.27 12302328
greedy 125e2 2 223 - 9.44 447.39 17109964
dry 2e4 10 30 - 0.03 0.12 31816
aoDLAV 2e4 10 30 - 0.05 1.88 34840
aoULAV 2e4 10 30 - 0.03 1.73 34852
aoD2AG 2e4 10 30 - 0.03 1.80 36076
aoD2SG 2e4 10 30 - 0.04 2.21 36076
moore 2e4 10 30 - 3.46 7315.33 11770836
nbpm 2e4 10 30 - 29.35 5489.08 30880040
greedy 2e4 10 30 - 25.50 1304.61 43775824
dry 9e7 2 218 - 1.01 2.73 1788012
aoDLAV 9e7 2 218 - 7.69 519.37 13377700
aoULAV 9e7 2 218 - 9.94 562.64 13377684
aoD2AG 9e7 2 218 - 17.77 800.95 19671672
aoD2SG 9e7 2 218 - 17.94 939.49 20389220
dry 9e7 2 195 - 1.03 2.71 1787984
aoDLAV 9e7 2 195 - 7.70 522.46 13377684
aoULAV 9e7 2 195 - 9.86 560.21 13377684
aoD2AG 9e7 2 195 - 17.38 793.80 19670356
aoD2SG 9e7 2 195 - 18.28 929.32 20389888
dry 1e8 2 122 - 0.97 3.00 1983300
aoDLAV 1e8 2 122 - 7.48 595.94 14862068
aoULAV 1e8 2 122 - 10.92 766.38 14862068
aoD2AG 1e8 2 122 - 18.74 904.62 21857328
aoD2SG 1e8 2 122 - 19.90 1071.48 22655664
dry 2e4 2 207 - 0.03 0.12 26832
aoDLAV 2e4 2 207 - 0.03 0.19 30808
aoULAV 2e4 2 207 - 0.03 0.20 30812
aoD2AG 2e4 2 207 - 0.04 0.21 32284
aoD2SG 2e4 2 207 - 0.03 0.22 32292
moore 2e4 2 207 - 3.45 7591.18 11765548
nbpm 2e4 2 207 - 28.85 2618.67 31402188
greedy 2e4 2 207 - 23.77 1201.58 43771040
dry 2e4 10 213 - 0.03 0.12 30496
aoDLAV 2e4 10 213 - 0.03 1.90 34836
aoULAV 2e4 10 213 - 0.03 1.65 34848
aoD2AG 2e4 10 213 - 0.03 1.69 36076
aoD2SG 2e4 10 213 - 0.03 1.91 36076
moore 2e4 10 213 - 3.55 6736.82 11770840
nbpm 2e4 10 213 - 28.92 5490.57 30880040
greedy 2e4 10 213 - 24.02 1326.52 43775820
dry 1e8 5 104 - 2.34 6.26 4327052
aoDLAV 1e8 5 104 - 11.07 2620.40 23065204
aoULAV 1e8 5 104 - 16.15 2610.07 23065204
aoD2AG 1e8 5 104 - 27.38 3040.97 30457528
aoD2SG 1e8 5 104 - 27.86 3658.71 31310268
dry 18e3 2 106 - 0.04 0.11 27952
aoDLAV 18e3 2 106 - 0.03 0.19 30744
aoULAV 18e3 2 106 - 0.04 0.19 30744
aoD2AG 18e3 2 106 - 0.03 0.21 31808
aoD2SG 18e3 2 106 - 0.03 0.21 31816
moore 18e3 2 106 - 2.91 5212.68 9535036
nbpm 18e3 2 106 - 23.20 1923.68 25451060
greedy 18e3 2 106 - 20.76 1021.68 35458364
dry 175e2 2 134 - 0.03 0.12 26732
aoDLAV 175e2 2 134 - 0.03 0.19 30716
aoULAV 175e2 2 134 - 0.03 0.19 30716
aoD2AG 175e2 2 134 - 0.04 0.20 31760
aoD2SG 175e2 2 134 - 0.03 0.21 31764
moore 175e2 2 134 - 2.86 5457.98 9014028
nbpm 175e2 2 134 - 20.88 1837.51 22863144
greedy 175e2 2 134 - 18.63 998.29 33516976
dry 150e2 2 91 - 0.02 0.12 26628
aoDLAV 150e2 2 91 - 0.03 0.18 30824
aoULAV 150e2 2 91 - 0.03 0.17 30824
aoD2AG 150e2 2 91 - 0.03 0.19 31608
aoD2SG 150e2 2 91 - 0.02 0.20 31612
moore 150e2 2 91 - 2.12 2871.26 6629384
nbpm 150e2 2 91 - 14.45 1135.24 16814168
greedy 150e2 2 91 - 13.39 732.55 24630028
dry 125e2 2 107 - 0.02 0.12 26532
aoDLAV 125e2 2 107 - 0.03 0.17 30708
aoULAV 125e2 2 107 - 0.03 0.17 30712
aoD2AG 125e2 2 107 - 0.03 0.18 31376
aoD2SG 125e2 2 107 - 0.03 0.19 31380
