dry 2e4 2 215 - 0.02 0.11 26828
aoDLAV 2e4 2 215 - 0.02 0.17 30812
aoULAV 2e4 2 215 - 0.02 0.16 30812
aoD2AG 2e4 2 215 - 0.03 0.19 32288
aoD2SG 2e4 2 215 - 0.03 0.18 32292
moore 2e4 2 215 - 3.40 6233.64 11765548
nbpm 2e4 2 215 - 28.68 3235.47 31402192
greedy 2e4 2 215 - 24.59 1249.62 43771040
dry 2e4 10 108 - 0.04 0.11 30508
aoDLAV 2e4 10 108 - 0.04 1.77 34836
aoULAV 2e4 10 108 - 0.04 1.76 34852
aoD2AG 2e4 10 108 - 0.03 1.83 36076
aoD2SG 2e4 10 108 - 0.04 2.07 36076
moore 2e4 10 108 - 3.45 7240.92 11770836
nbpm 2e4 10 108 - 29.45 6020.41 30880076
greedy 2e4 10 108 - 23.85 1306.99 43775820
dry 150e2 2 213 - 0.03 0.11 26628
aoDLAV 150e2 2 213 - 0.04 0.16 30828
aoULAV 150e2 2 213 - 0.03 0.17 30824
aoD2AG 150e2 2 213 - 0.03 0.19 31608
aoD2SG 150e2 2 213 - 0.03 0.20 31608
moore 150e2 2 213 - 2.05 2817.57 6629344
nbpm 150e2 2 213 - 14.50 1283.33 16814168
greedy 150e2 2 213 - 13.17 643.27 24630024
dry 18e3 2 217 - 0.02 0.12 26752
aoDLAV 18e3 2 217 - 0.03 0.18 30740
aoULAV 18e3 2 217 - 0.03 0.18 30740
aoD2AG 18e3 2 217 - 0.03 0.20 31812
aoD2SG 18e3 2 217 - 0.03 0.21 31812
moore 18e3 2 217 - 2.89 4379.62 9534988
nbpm 18e3 2 217 - 23.63 1941.67 25451068
greedy 18e3 2 217 - 20.56 994.37 35458364
dry 175e2 2 135 - 0.02 0.12 30488
aoDLAV 175e2 2 135 - 0.03 0.18 30716
aoULAV 175e2 2 135 - 0.02 0.20 30716
aoD2AG 175e2 2 135 - 0.03 0.20 31756
aoD2SG 175e2 2 135 - 0.03 0.20 31760
moore 175e2 2 135 - 2.74 4258.01 9014032
nbpm 175e2 2 135 - 21.30 1834.95 22863144
greedy 175e2 2 135 - 18.45 958.34 33516976
dry 8e7 2 141 - 0.82 2.42 1592676
aoDLAV 8e7 2 141 - 6.39 463.43 11893324
aoULAV 8e7 2 141 - 8.31 491.32 11893324
aoD2AG 8e7 2 141 - 14.89 699.28 17487740
aoD2SG 8e7 2 141 - 15.32 820.49 18126636
dry 8e7 2 229 - 0.81 2.44 1592676
aoDLAV 8e7 2 229 - 6.37 542.93 11893324
aoULAV 8e7 2 229 - 8.50 513.98 11893328
aoD2AG 8e7 2 229 - 15.41 734.65 17486676
aoD2SG 8e7 2 229 - 16.63 926.28 18122924
dry 18e3 2 172 - 0.02 0.12 26748
aoDLAV 18e3 2 172 - 0.04 0.18 30744
aoULAV 18e3 2 172 - 0.02 0.20 30744
aoD2AG 18e3 2 172 - 0.03 0.20 31808
aoD2SG 18e3 2 172 - 0.03 0.21 31808
moore 18e3 2 172 - 2.92 5508.00 9534984
nbpm 18e3 2 172 - 23.39 1964.46 25451088
greedy 18e3 2 172 - 20.86 1083.37 35458364
dry 125e2 2 239 - 0.01 0.13 26536
aoDLAV 125e2 2 239 - 0.02 0.18 30708
aoULAV 125e2 2 239 - 0.03 0.18 30708
aoD2AG 125e2 2 239 - 0.03 0.19 31420
aoD2SG 125e2 2 239 - 0.03 0.19 31376
moore 125e2 2 239 - 1.73 1664.22 4611540
nbpm 125e2 2 239 - 11.67 677.53 12302316
greedy 125e2 2 239 - 9.32 455.83 17109964
dry 2e4 2 106 - 0.02 0.12 26828
aoDLAV 2e4 2 106 - 0.03 0.19 30812
aoULAV 2e4 2 106 - 0.03 0.19 30808
aoD2AG 2e4 2 106 - 0.03 0.20 32284
aoD2SG 2e4 2 106 - 0.03 0.22 32296
moore 2e4 2 106 - 3.47 7141.97 11765552
nbpm 2e4 2 106 - 28.65 2672.07 31402200
greedy 2e4 2 106 - 24.09 1298.30 43771040
dry 2e4 5 231 - 0.04 0.11 27780
aoDLAV 2e4 5 231 - 0.03 0.29 32756
aoULAV 2e4 5 231 - 0.03 0.29 32768
aoD2AG 2e4 5 231 - 0.03 0.33 33344
aoD2SG 2e4 5 231 - 0.05 0.33 32860
moore 2e4 5 231 - 3.63 7575.23 11768080
nbpm 2e4 5 231 - 28.62 5718.48 34200504
greedy 2e4 5 231 - 24.37 1283.29 43774004
dry 1e8 5 30 - 2.51 6.37 4327056
aoDLAV 1e8 5 30 - 11.55 2670.90 23065204
aoULAV 1e8 5 30 - 16.33 2671.70 23065204
aoD2AG 1e8 5 30 - 26.33 3016.92 30456724
aoD2SG 1e8 5 30 - 27.01 3601.59 31308916
dry 1e8 5 82 - 2.34 6.37 4327056
aoDLAV 1e8 5 82 - 11.55 2642.69 23065208
aoULAV 1e8 5 82 - 17.15 2744.43 23065208
aoD2AG 1e8 5 82 - 27.51 3866.38 30450788
aoD2SG 1e8 5 82 - 27.62 3639.83 31308528
dry 1e8 2 211 - 1.26 2.98 1983296
aoDLAV 1e8 2 211 - 8.13 600.43 14862072
aoULAV 1e8 2 211 - 10.22 642.25 14862068
aoD2AG 1e8 2 211 - 18.83 904.65 21851032
aoD2SG 1e8 2 211 - 20.24 1034.42 22647800
dry 8e7 2 75 - 0.85 2.44 1592676
aoDLAV 8e7 2 75 - 6.49 460.28 11893324
aoULAV 8e7 2 75 - 8.21 488.78 11893324
aoD2AG 8e7 2 75 - 14.76 683.93 17487672
aoD2SG 8e7 2 75 - 15.72 826.45 18127924
dry 175e2 2 13 - 0.02 0.12 26732
aoDLAV 175e2 2 13 - 0.03 0.18 30720
aoULAV 175e2 2 13 - 0.03 0.18 30720
aoD2AG 175e2 2 13 - 0.02 0.20 31760
aoD2SG 175e2 2 13 - 0.03 0.21 31760
moore 175e2 2 13 - 2.74 5387.22 9014024
nbpm 175e2 2 13 - 21.20 1876.98 22863136
greedy 175e2 2 13 - 18.32 1173.29 33516980
dry 18e3 2 8 - 0.02 0.12 26748
aoDLAV 18e3 2 8 - 0.03 0.18 30740
aoULAV 18e3 2 8 - 0.04 0.17 30740
aoD2AG 18e3 2 8 - 0.03 0.19 31808
aoD2SG 18e3 2 8 - 0.03 0.20 31808
moore 18e3 2 8 - 2.95 5323.02 9534984
nbpm 18e3 2 8 - 23.87 2066.35 25451064
greedy 18e3 2 8 - 20.63 1048.57 35458368
dry 125e2 2 155 - 0.02 0.12 26532
aoDLAV 125e2 2 155 - 0.03 0.17 30708
aoULAV 125e2 2 155 - 0.02 0.18 30712
aoD2AG 125e2 2 155 - 0.03 0.18 31376
aoD2SG 125e2 2 155 - 0.03 0.18 31376
moore 125e2 2 155 - 1.60 2015.20 4611548
nbpm 125e2 2 155 - 12.02 657.74 12302328
greedy 125e2 2 155 - 10.55 460.91 17110004
dry 1e8 5 173 - 2.31 6.27 4327056
aoDLAV 1e8 5 173 - 11.36 2674.99 23065208
aoULAV 1e8 5 173 - 15.88 2631.30 23065208
aoD2AG 1e8 5 173 - 25.73 2937.77 30453940
aoD2SG 1e8 5 173 - 28.62 3662.28 31307552
dry 2e4 5 227 - 0.02 0.12 29472
aoDLAV 2e4 5 227 - 0.04 0.28 32756
aoULAV 2e4 5 227 - 0.03 0.30 32768
aoD2AG 2e4 5 227 - 0.04 0.33 33344
aoD2SG 2e4 5 227 - 0.04 0.34 32860
moore 2e4 5 227 - 3.47 6702.80 11768084
nbpm 2e4 5 227 - 29.02 5108.38 34200500
greedy 2e4 5 227 - 25.51 1386.47 43774004
dry 150e2 2 111 - 0.04 0.11 26628
aoDLAV 150e2 2 111 - 0.04 0.18 30828
aoULAV 150e2 2 111 - 0.04 0.18 30824
aoD2AG 150e2 2 111 - 0.02 0.20 31620
aoD2SG 150e2 2 111 - 0.04 0.20 31608
moore 150e2 2 111 - 2.17 3316.36 6629356
nbpm 150e2 2 111 - 14.63 1108.35 16814176
greedy 150e2 2 111 - 12.90 648.47 24630024
dry 1e8 2 5 - 0.98 3.05 1983300
aoDLAV 1e8 2 5 - 8.12 588.05 14862068
aoULAV 1e8 2 5 - 10.08 615.82 14862068
aoD2AG 1e8 2 5 - 18.31 869.05 21853652
aoD2SG 1e8 2 5 - 19.57 1025.04 22651776
dry 2e4 10 47 - 0.03 0.11 30724
aoDLAV 2e4 10 47 - 0.03 1.55 34836
aoULAV 2e4 10 47 - 0.04 1.56 34852
aoD2AG 2e4 10 47 - 0.04 1.59 36076
aoD2SG 2e4 10 47 - 0.04 1.80 36080
moore 2e4 10 47 - 3.43 6365.68 11770836
nbpm 2e4 10 47 - 28.73 5920.72 30880040
greedy 2e4 10 47 - 23.99 1334.62 43775820
dry 9e7 2 82 - 1.01 2.76 1787988
aoDLAV 9e7 2 82 - 7.78 540.77 13377684
aoULAV 9e7 2 82 - 10.02 573.13 13377688
aoD2AG 9e7 2 82 - 17.25 818.61 19669176
aoD2SG 9e7 2 82 - 18.27 1219.33 20387256
dry 175e2 2 141 - 0.03 0.11 26736
aoDLAV 175e2 2 141 - 0.03 0.18 30720
aoULAV 175e2 2 141 - 0.02 0.19 30716
aoD2AG 175e2 2 141 - 0.03 0.20 31752
aoD2SG 175e2 2 141 - 0.04 0.20 31760
moore 175e2 2 141 - 2.70 4165.96 9014060
nbpm 175e2 2 141 - 21.34 1815.47 22863144
greedy 175e2 2 141 - 17.86 929.86 33516980
dry 1e8 5 160 - 2.35 6.20 4327056
aoDLAV 1e8 5 160 - 11.53 2613.37 23065204
aoULAV 1e8 5 160 - 16.13 2612.54 23065204
aoD2AG 1e8 5 160 - 25.82 2888.13 30456092
aoD2SG 1e8 5 160 - 27.38 3487.76 31309312
dry 8e7 2 211 - 0.83 2.44 1592676
aoDLAV 8e7 2 211 - 6.62 447.26 11893328
aoULAV 8e7 2 211 - 7.98 471.79 11893324
aoD2AG 8e7 2 211 - 15.38 663.96 17488300
aoD2SG 8e7 2 211 - 15.74 855.17 18127116
dry 2e4 10 100 - 0.02 0.13 30816
aoDLAV 2e4 10 100 - 0.03 1.88 34836
aoULAV 2e4 10 100 - 0.04 1.86 34852
aoD2AG 2e4 10 100 - 0.04 1.82 36080
aoD2SG 2e4 10 100 - 0.04 2.05 36076
moore 2e4 10 100 - 3.43 7939.91 11770836
nbpm 2e4 10 100 - 28.85 5759.19 30880040
greedy 2e4 10 100 - 24.49 1249.74 43775820
dry 2e4 5 214 - 0.03 0.11 31012
aoDLAV 2e4 5 214 - 0.03 0.27 32760
aoULAV 2e4 5 214 - 0.03 0.28 32768
aoD2AG 2e4 5 214 - 0.03 0.31 33344
aoD2SG 2e4 5 214 - 0.04 0.32 32860
moore 2e4 5 214 - 3.51 7861.88 11768080
nbpm 2e4 5 214 - 28.78 5538.39 34200504
greedy 2e4 5 214 - 23.31 1288.76 43774004
dry 9e7 2 62 - 0.94 2.72 1787984
aoDLAV 9e7 2 62 - 7.22 510.44 13377704
aoULAV 9e7 2 62 - 9.02 555.83 13377684
aoD2AG 9e7 2 62 - 15.90 805.75 19672504
aoD2SG 9e7 2 62 - 17.68 963.11 20388696
dry 8e7 2 212 - 0.83 2.44 1592676
aoDLAV 8e7 2 212 - 6.51 471.66 11893328
aoULAV 8e7 2 212 - 8.55 496.89 11893324
aoD2AG 8e7 2 212 - 15.42 683.22 17488304
aoD2SG 8e7 2 212 - 16.14 786.54 18127372
dry 2e4 10 182 - 0.03 0.12 30920
aoDLAV 2e4 10 182 - 0.05 1.56 34840
aoULAV 2e4 10 182 - 0.04 1.58 34852
aoD2AG 2e4 10 182 - 0.04 1.61 36080
aoD2SG 2e4 10 182 - 0.03 1.84 36080
moore 2e4 10 182 - 3.36 6486.94 11770836
nbpm 2e4 10 182 - 28.86 5868.73 30880040
greedy 2e4 10 182 - 23.85 1309.80 43775820
dry 9e7 2 99 - 1.03 2.73 1787984
