dry 32e2 2 164 - 0.02 0.11 26112
aoDLAV 32e2 2 164 - 0.03 0.13 30544
aoULAV 32e2 2 164 - 0.02 0.13 30552
aoD2AG 32e2 2 164 - 0.03 0.12 31188
aoD2SG 32e2 2 164 - 0.02 0.13 31244
moore 32e2 2 164 - 0.23 63.56 330512
nbpm 32e2 2 164 - 0.83 19.92 854752
greedy 32e2 2 164 - 0.65 20.49 1150164
dry 5e7 2 178 - 0.54 1.60 1006736
aoDLAV 5e7 2 178 - 3.98 290.93 7440196
aoULAV 5e7 2 178 - 5.26 301.12 7440196
aoD2AG 5e7 2 178 - 9.58 503.36 10937296
aoD2SG 5e7 2 178 - 10.42 517.55 11336544
dry 1e4 5 195 - 0.02 0.12 26900
aoDLAV 1e4 5 195 - 0.03 0.21 31084
aoULAV 1e4 5 195 - 0.03 0.21 31096
aoD2AG 1e4 5 195 - 0.02 0.23 32112
aoD2SG 1e4 5 195 - 0.03 0.23 32108
moore 1e4 5 195 - 1.18 939.33 2961736
nbpm 1e4 5 195 - 7.39 599.90 7811568
greedy 1e4 5 195 - 6.48 293.54 10959176
dry 4e7 2 1 - 0.47 1.33 811424
aoDLAV 4e7 2 1 - 3.45 236.16 5955816
aoULAV 4e7 2 1 - 4.35 237.48 5955816
aoD2AG 4e7 2 1 - 7.97 355.12 8754244
aoD2SG 4e7 2 1 - 8.88 412.55 9074744
dry 7e7 2 42 - 0.82 2.23 1397356
aoDLAV 7e7 2 42 - 6.29 414.59 10408996
aoULAV 7e7 2 42 - 7.76 441.63 10408936
aoD2AG 7e7 2 42 - 13.83 623.70 15304768
aoD2SG 7e7 2 42 - 14.29 733.45 15863324
dry 75e2 2 42 - 0.02 0.13 26328
aoDLAV 75e2 2 42 - 0.04 0.15 31380
aoULAV 75e2 2 42 - 0.04 0.15 31388
aoD2AG 75e2 2 42 - 0.03 0.18 31384
aoD2SG 75e2 2 42 - 0.03 0.18 31380
moore 75e2 2 42 - 1.86 628.64 1688792
nbpm 75e2 2 42 - 4.46 165.16 4242132
greedy 75e2 2 42 - 3.91 158.58 6183096
dry 4e7 2 200 - 0.50 1.35 811424
aoDLAV 4e7 2 200 - 3.45 234.66 5955816
aoULAV 4e7 2 200 - 4.53 241.86 5955820
aoD2AG 4e7 2 200 - 7.85 351.63 8753016
aoD2SG 4e7 2 200 - 8.31 474.22 9074080
dry 1e4 2 24 - 0.03 0.11 26432
aoDLAV 1e4 2 24 - 0.02 0.18 31864
aoULAV 1e4 2 24 - 0.02 0.19 31876
aoD2AG 1e4 2 24 - 0.03 0.19 31880
aoD2SG 1e4 2 24 - 0.03 0.18 32024
moore 1e4 2 24 - 1.23 1242.48 2960572
nbpm 1e4 2 24 - 8.07 363.22 7889416
greedy 1e4 2 24 - 6.57 283.81 10968568
dry 1e4 2 125 - 0.02 0.12 26432
aoDLAV 1e4 2 125 - 0.03 0.18 31868
aoULAV 1e4 2 125 - 0.03 0.18 31876
aoD2AG 1e4 2 125 - 0.03 0.19 31876
aoD2SG 1e4 2 125 - 0.03 0.19 31988
moore 1e4 2 125 - 1.34 1067.91 2960576
nbpm 1e4 2 125 - 7.67 357.28 7889416
greedy 1e4 2 125 - 6.46 274.79 10968572
dry 18e2 2 174 - 0.02 0.12 26052
aoDLAV 18e2 2 174 - 0.02 0.15 30372
aoULAV 18e2 2 174 - 0.03 0.14 30384
aoD2AG 18e2 2 174 - 0.03 0.15 30808
aoD2SG 18e2 2 174 - 0.03 0.15 30832
moore 18e2 2 174 - 0.07 17.61 125416
nbpm 18e2 2 174 - 0.18 7.47 334536
greedy 18e2 2 174 - 0.23 4.04 384356
dry 50e2 2 92 - 0.02 0.12 26204
aoDLAV 50e2 2 92 - 0.02 0.16 30848
aoULAV 50e2 2 92 - 0.03 0.15 30864
aoD2AG 50e2 2 92 - 0.03 0.15 31780
aoD2SG 50e2 2 92 - 0.02 0.17 31884
moore 50e2 2 92 - 0.65 194.24 764628
nbpm 50e2 2 92 - 2.04 56.28 2011988
greedy 50e2 2 92 - 1.60 63.63 2764784
dry 56e6 2 105 - 0.65 1.83 1123924
aoDLAV 56e6 2 105 - 4.75 328.89 8330820
aoULAV 56e6 2 105 - 5.79 354.51 8330820
aoD2AG 56e6 2 105 - 10.81 504.55 12247952
aoD2SG 56e6 2 105 - 11.88 618.37 12692852
dry 25e2 2 227 - 0.02 0.12 26084
aoDLAV 25e2 2 227 - 0.03 0.15 30452
aoULAV 25e2 2 227 - 0.03 0.15 30464
aoD2AG 25e2 2 227 - 0.03 0.15 30980
aoD2SG 25e2 2 227 - 0.03 0.16 31012
moore 25e2 2 227 - 0.07 20.16 213632
nbpm 25e2 2 227 - 0.49 11.84 541644
greedy 25e2 2 227 - 0.41 9.99 713664
dry 1e4 5 184 - 0.02 0.13 26900
aoDLAV 1e4 5 184 - 0.03 0.21 31084
aoULAV 1e4 5 184 - 0.03 0.21 31096
aoD2AG 1e4 5 184 - 0.03 0.23 32108
aoD2SG 1e4 5 184 - 0.03 0.23 32108
moore 1e4 5 184 - 1.18 1218.06 2961736
nbpm 1e4 5 184 - 7.43 633.11 7811456
greedy 1e4 5 184 - 7.02 367.87 10959172
dry 6e7 2 222 - 0.69 1.92 1202044
aoDLAV 6e7 2 222 - 5.13 358.32 8924560
aoULAV 6e7 2 222 - 6.27 386.25 8924564
aoD2AG 6e7 2 222 - 11.97 551.06 13120252
aoD2SG 6e7 2 222 - 12.88 657.33 13600020
dry 3e7 2 73 - 0.40 1.04 616108
aoDLAV 3e7 2 73 - 2.71 172.65 4471428
aoULAV 3e7 2 73 - 3.33 182.74 4471456
aoD2AG 3e7 2 73 - 6.00 250.43 6570912
aoD2SG 3e7 2 73 - 6.62 380.72 6809808
dry 2e7 2 248 - 0.26 0.75 420796
aoDLAV 2e7 2 248 - 1.63 110.10 2987068
aoULAV 2e7 2 248 - 1.58 112.37 2987072
aoD2AG 2e7 2 248 - 3.98 164.44 4389868
aoD2SG 2e7 2 248 - 3.68 190.00 4548628
dry 7e7 2 85 - 0.73 2.20 1397360
aoDLAV 7e7 2 85 - 5.87 422.71 10408936
aoULAV 7e7 2 85 - 7.50 474.15 10408936
aoD2AG 7e7 2 85 - 13.26 645.62 15304160
aoD2SG 7e7 2 85 - 14.51 751.44 15862120
dry 18e6 2 132 - 0.24 0.72 381740
aoDLAV 18e6 2 132 - 1.61 94.93 2690192
aoULAV 18e6 2 132 - 1.53 99.66 2690196
aoD2AG 18e6 2 132 - 2.95 139.61 3951088
aoD2SG 18e6 2 132 - 3.77 164.82 4094276
dry 32e6 2 156 - 0.36 1.08 655180
aoDLAV 32e6 2 156 - 2.76 181.95 4768324
aoULAV 32e6 2 156 - 3.35 185.35 4768324
aoD2AG 32e6 2 156 - 6.52 325.03 7008384
aoD2SG 32e6 2 156 - 6.73 308.13 7262072
dry 50e2 2 142 - 0.03 0.12 26204
aoDLAV 50e2 2 142 - 0.04 0.15 30848
aoULAV 50e2 2 142 - 0.03 0.15 30860
aoD2AG 50e2 2 142 - 0.03 0.16 31796
aoD2SG 50e2 2 142 - 0.03 0.18 31896
moore 50e2 2 142 - 0.32 117.57 762976
nbpm 50e2 2 142 - 1.86 54.93 2011912
greedy 50e2 2 142 - 1.75 61.23 2764780
dry 1e4 2 173 - 0.03 0.12 28364
aoDLAV 1e4 2 173 - 0.04 0.16 31868
aoULAV 1e4 2 173 - 0.04 0.17 31876
aoD2AG 1e4 2 173 - 0.03 0.18 31876
aoD2SG 1e4 2 173 - 0.03 0.19 31996
moore 1e4 2 173 - 1.17 1030.26 2960584
nbpm 1e4 2 173 - 7.81 358.28 7889424
greedy 1e4 2 173 - 6.80 280.85 10968568
dry 32e6 2 57 - 0.41 1.12 655176
aoDLAV 32e6 2 57 - 2.99 181.16 4768328
aoULAV 32e6 2 57 - 3.47 183.23 4768324
aoD2AG 32e6 2 57 - 6.22 266.43 7009256
aoD2SG 32e6 2 57 - 6.05 306.68 7264136
dry 56e6 2 43 - 0.71 1.81 1123924
aoDLAV 56e6 2 43 - 4.78 328.65 8330820
aoULAV 56e6 2 43 - 5.96 354.12 8330820
aoD2AG 56e6 2 43 - 10.97 503.21 12250272
aoD2SG 56e6 2 43 - 11.39 582.94 12696748
dry 56e6 2 175 - 0.73 1.83 1123928
aoDLAV 56e6 2 175 - 4.65 328.77 8330816
aoULAV 56e6 2 175 - 6.25 364.25 8330816
aoD2AG 56e6 2 175 - 11.05 529.40 12246712
aoD2SG 56e6 2 175 - 11.61 693.39 12695772
dry 18e6 2 43 - 0.21 0.71 381736
aoDLAV 18e6 2 43 - 1.46 94.57 2690192
aoULAV 18e6 2 43 - 2.04 115.40 2690192
aoD2AG 18e6 2 43 - 3.20 145.24 3951824
aoD2SG 18e6 2 43 - 3.54 171.00 4095740
dry 1e4 2 178 - 0.03 0.12 26432
aoDLAV 1e4 2 178 - 0.04 0.17 31864
aoULAV 1e4 2 178 - 0.03 0.18 31876
aoD2AG 1e4 2 178 - 0.04 0.18 31876
aoD2SG 1e4 2 178 - 0.04 0.18 31988
moore 1e4 2 178 - 1.14 1053.30 2960572
nbpm 1e4 2 178 - 8.01 542.95 7889416
greedy 1e4 2 178 - 6.88 326.21 10968572
dry 18e2 2 168 - 0.03 0.12 28092
aoDLAV 18e2 2 168 - 0.02 0.15 30372
aoULAV 18e2 2 168 - 0.03 0.14 30384
aoD2AG 18e2 2 168 - 0.02 0.16 30792
aoD2SG 18e2 2 168 - 0.03 0.14 30832
moore 18e2 2 168 - 0.07 13.87 125420
nbpm 18e2 2 168 - 0.18 8.07 334536
greedy 18e2 2 168 - 0.20 3.86 384356
dry 4e7 2 158 - 0.47 1.32 811428
aoDLAV 4e7 2 158 - 3.49 229.03 5955820
aoULAV 4e7 2 158 - 3.52 252.73 5955816
aoD2AG 4e7 2 158 - 7.95 419.98 8756064
aoD2SG 4e7 2 158 - 8.06 407.25 9073124
dry 50e2 2 228 - 0.03 0.12 26204
aoDLAV 50e2 2 228 - 0.03 0.15 30848
aoULAV 50e2 2 228 - 0.03 0.15 30864
aoD2AG 50e2 2 228 - 0.03 0.16 31812
aoD2SG 50e2 2 228 - 0.02 0.18 31896
moore 50e2 2 228 - 0.97 271.94 764600
nbpm 50e2 2 228 - 1.90 64.02 2011924
greedy 50e2 2 228 - 1.65 63.04 2764780
dry 56e2 2 199 - 0.02 0.12 26236
aoDLAV 56e2 2 199 - 0.03 0.16 30976
aoULAV 56e2 2 199 - 0.03 0.15 30988
aoD2AG 56e2 2 199 - 0.03 0.17 31972
aoD2SG 56e2 2 199 - 0.03 0.17 31124
moore 56e2 2 199 - 0.70 238.92 952728
nbpm 56e2 2 199 - 2.46 73.47 2388088
greedy 56e2 2 199 - 2.28 81.93 3460488
dry 2e7 2 35 - 0.29 0.74 420796
aoDLAV 2e7 2 35 - 1.75 105.41 2987068
aoULAV 2e7 2 35 - 1.78 113.91 2987068
aoD2AG 2e7 2 35 - 4.04 159.88 4385800
aoD2SG 2e7 2 35 - 3.59 190.95 4545952
dry 56e6 2 46 - 0.66 1.77 1123924
aoDLAV 56e6 2 46 - 4.66 326.53 8330816
aoULAV 56e6 2 46 - 6.06 351.38 8330820
aoD2AG 56e6 2 46 - 11.45 495.43 12249044
aoD2SG 56e6 2 46 - 11.68 592.22 12694124
dry 18e2 2 75 - 0.02 0.12 26048
aoDLAV 18e2 2 75 - 0.04 0.14 30372
aoULAV 18e2 2 75 - 0.03 0.14 30388
aoD2AG 18e2 2 75 - 0.02 0.16 30792
aoD2SG 18e2 2 75 - 0.03 0.15 30828
moore 18e2 2 75 - 0.06 7.31 125548
nbpm 18e2 2 75 - 0.20 7.68 334532
greedy 18e2 2 75 - 0.23 4.03 384352
dry 50e2 2 248 - 0.02 0.13 26204
aoDLAV 50e2 2 248 - 0.03 0.15 30848
aoULAV 50e2 2 248 - 0.03 0.15 30860
aoD2AG 50e2 2 248 - 0.03 0.15 31792
aoD2SG 50e2 2 248 - 0.03 0.17 31876
moore 50e2 2 248 - 0.32 103.82 762976
nbpm 50e2 2 248 - 2.03 54.50 2011916
greedy 50e2 2 248 - 1.79 62.60 2764784
dry 50e2 2 32 - 0.03 0.12 26204
aoDLAV 50e2 2 32 - 0.03 0.16 30848
aoULAV 50e2 2 32 - 0.03 0.15 30860
aoD2AG 50e2 2 32 - 0.03 0.15 31804
aoD2SG 50e2 2 32 - 0.03 0.17 31900
moore 50e2 2 32 - 0.77 207.57 764628
nbpm 50e2 2 32 - 2.05 54.47 2011976
greedy 50e2 2 32 - 1.73 61.29 2764784
dry 2e7 2 135 - 0.25 0.76 420800
aoDLAV 2e7 2 135 - 1.79 111.34 2987072
aoULAV 2e7 2 135 - 1.82 116.62 2987072
aoD2AG 2e7 2 135 - 4.00 167.12 4386148
aoD2SG 2e7 2 135 - 3.74 190.25 4547104
dry 18e6 2 103 - 0.22 0.70 381740
aoDLAV 18e6 2 103 - 1.55 97.30 2690196
aoULAV 18e6 2 103 - 1.51 103.97 2690192
aoD2AG 18e6 2 103 - 3.05 152.92 3951808
aoD2SG 18e6 2 103 - 3.81 168.32 4091388
dry 1e4 5 50 - 0.02 0.12 26904
aoDLAV 1e4 5 50 - 0.04 0.21 31084
aoULAV 1e4 5 50 - 0.03 0.21 31096
aoD2AG 1e4 5 50 - 0.03 0.22 32108
aoD2SG 1e4 5 50 - 0.03 0.23 32108
moore 1e4 5 50 - 1.08 934.31 2961740
nbpm 1e4 5 50 - 7.75 635.54 7811452
greedy 1e4 5 50 - 7.10 295.30 10959172
dry 18e2 2 176 - 0.02 0.13 26052
aoDLAV 18e2 2 176 - 0.03 0.15 30372
aoULAV 18e2 2 176 - 0.04 0.14 30384
aoD2AG 18e2 2 176 - 0.03 0.15 30784
aoD2SG 18e2 2 176 - 0.04 0.15 30816
moore 18e2 2 176 - 0.08 11.52 125412
nbpm 18e2 2 176 - 0.21 8.55 334528
greedy 18e2 2 176 - 0.24 4.35 384364
dry 3e7 2 214 - 0.33 1.06 616104
aoDLAV 3e7 2 214 - 2.58 170.54 4471428
aoULAV 3e7 2 214 - 3.38 183.52 4471432
aoD2AG 3e7 2 214 - 5.11 254.91 6570384
aoD2SG 3e7 2 214 - 6.09 307.59 6810788
dry 3e7 2 100 - 0.36 1.03 616104
aoDLAV 3e7 2 100 - 2.65 174.83 4471428
aoULAV 3e7 2 100 - 3.37 182.54 4471428
aoD2AG 3e7 2 100 - 5.12 248.53 6571656
aoD2SG 3e7 2 100 - 6.24 299.88 6809172
dry 56e6 2 47 - 0.60 1.81 1123924
aoDLAV 56e6 2 47 - 4.69 339.50 8330816
aoULAV 56e6 2 47 - 6.44 424.06 8330816
aoD2AG 56e6 2 47 - 10.87 521.34 12246920
aoD2SG 56e6 2 47 - 11.84 588.55 12693448
dry 25e2 2 219 - 0.02 0.12 26080
aoDLAV 25e2 2 219 - 0.02 0.15 30452
aoULAV 25e2 2 219 - 0.02 0.16 30464
aoD2AG 25e2 2 219 - 0.03 0.15 30996
aoD2SG 25e2 2 219 - 0.03 0.15 31032
moore 25e2 2 219 - 0.10 27.47 213604
nbpm 25e2 2 219 - 0.52 12.62 541644
greedy 25e2 2 219 - 0.40 9.09 713668
dry 5e7 2 202 - 0.57 1.60 1006736
aoDLAV 5e7 2 202 - 4.23 293.58 7440192
aoULAV 5e7 2 202 - 5.35 313.06 7440192
aoD2AG 5e7 2 202 - 9.99 448.43 10939056
aoD2SG 5e7 2 202 - 10.82 659.14 11336460
dry 1e4 5 205 - 0.02 0.12 26900
aoDLAV 1e4 5 205 - 0.03 0.22 31084
aoULAV 1e4 5 205 - 0.03 0.22 31096
aoD2AG 1e4 5 205 - 0.04 0.22 32108
aoD2SG 1e4 5 205 - 0.03 0.24 32116
moore 1e4 5 205 - 1.20 890.96 2961740
nbpm 1e4 5 205 - 7.60 589.58 7811452
greedy 1e4 5 205 - 6.48 304.41 10959172
dry 18e2 2 123 - 0.03 0.11 26052
aoDLAV 18e2 2 123 - 0.02 0.15 30372
aoULAV 18e2 2 123 - 0.03 0.15 30384
aoD2AG 18e2 2 123 - 0.03 0.14 30804
aoD2SG 18e2 2 123 - 0.03 0.15 30828
moore 18e2 2 123 - 0.08 24.81 125408
nbpm 18e2 2 123 - 0.21 7.57 334528
greedy 18e2 2 123 - 0.22 3.98 384356
dry 18e6 2 40 - 0.22 0.68 381736
aoDLAV 18e6 2 40 - 1.51 95.44 2690192
aoULAV 18e6 2 40 - 1.58 100.52 2690192
aoD2AG 18e6 2 40 - 3.79 142.03 3949832
aoD2SG 18e6 2 40 - 3.59 167.07 4094912
dry 32e2 2 152 - 0.03 0.12 26116
aoDLAV 32e2 2 152 - 0.04 0.14 30540
aoULAV 32e2 2 152 - 0.04 0.15 30548
aoD2AG 32e2 2 152 - 0.03 0.16 31220
aoD2SG 32e2 2 152 - 0.03 0.16 31280
moore 32e2 2 152 - 0.30 72.77 330512
nbpm 32e2 2 152 - 0.95 20.18 854752
greedy 32e2 2 152 - 0.71 22.96 1150164
dry 3e7 2 180 - 0.39 1.04 616108
aoDLAV 3e7 2 180 - 2.74 209.66 4471428
aoULAV 3e7 2 180 - 3.22 180.81 4471432
aoD2AG 3e7 2 180 - 5.17 252.40 6571064
aoD2SG 3e7 2 180 - 6.14 291.98 6809660
dry 1e4 2 97 - 0.02 0.12 26432
aoDLAV 1e4 2 97 - 0.03 0.17 31864
aoULAV 1e4 2 97 - 0.03 0.17 31876
aoD2AG 1e4 2 97 - 0.03 0.18 31876
aoD2SG 1e4 2 97 - 0.04 0.18 31988
moore 1e4 2 97 - 1.17 888.84 2960576
nbpm 1e4 2 97 - 7.41 352.35 7889456
greedy 1e4 2 97 - 6.96 275.66 10968572
dry 56e2 2 163 - 0.02 0.13 26236
aoDLAV 56e2 2 163 - 0.03 0.16 30976
aoULAV 56e2 2 163 - 0.02 0.16 30988
aoD2AG 56e2 2 163 - 0.03 0.18 31968
aoD2SG 56e2 2 163 - 0.03 0.18 31120
moore 56e2 2 163 - 0.91 262.66 952716
nbpm 56e2 2 163 - 2.36 71.15 2388080
greedy 56e2 2 163 - 2.20 81.73 3460492
dry 7e7 2 118 - 0.77 2.23 1397356
aoDLAV 7e7 2 118 - 5.77 551.89 10408940
aoULAV 7e7 2 118 - 7.68 432.63 10408940
aoD2AG 7e7 2 118 - 13.61 737.81 15303788
aoD2SG 7e7 2 118 - 14.27 755.86 15867408
dry 2e7 2 230 - 0.24 0.75 420796
aoDLAV 2e7 2 230 - 1.72 105.80 2987068
aoULAV 2e7 2 230 - 2.10 111.49 2987068
aoD2AG 2e7 2 230 - 3.43 157.23 4384544
aoD2SG 2e7 2 230 - 3.98 185.55 4546180
dry 32e6 2 153 - 0.37 1.12 655176
aoDLAV 32e6 2 153 - 2.67 177.72 4768328
aoULAV 32e6 2 153 - 3.52 192.62 4768324
aoD2AG 32e6 2 153 - 5.38 261.21 7009652
aoD2SG 32e6 2 153 - 6.58 313.25 7263764
dry 2e7 2 114 - 0.24 0.75 420796
aoDLAV 2e7 2 114 - 1.65 124.43 2987068
aoULAV 2e7 2 114 - 2.22 117.27 2987068
aoD2AG 2e7 2 114 - 3.49 160.55 4388240
aoD2SG 2e7 2 114 - 4.31 198.51 4549848
dry 56e2 2 79 - 0.03 0.12 26236
aoDLAV 56e2 2 79 - 0.03 0.15 30976
aoULAV 56e2 2 79 - 0.03 0.15 30992
aoD2AG 56e2 2 79 - 0.04 0.16 31992
aoD2SG 56e2 2 79 - 0.03 0.18 31124
moore 56e2 2 79 - 0.94 285.06 952716
nbpm 56e2 2 79 - 2.33 77.20 2388084
greedy 56e2 2 79 - 1.98 74.40 3460488
dry 32e6 2 249 - 0.40 1.09 655176
aoDLAV 32e6 2 249 - 2.48 177.60 4768324
aoULAV 32e6 2 249 - 3.52 194.65 4768328
aoD2AG 32e6 2 249 - 5.45 265.91 7009516
aoD2SG 32e6 2 249 - 6.74 313.72 7262920
dry 1e4 2 246 - 0.03 0.12 26432
aoDLAV 1e4 2 246 - 0.03 0.19 31900
aoULAV 1e4 2 246 - 0.03 0.19 31876
aoD2AG 1e4 2 246 - 0.03 0.19 31876
aoD2SG 1e4 2 246 - 0.03 0.19 31992
moore 1e4 2 246 - 1.15 1107.11 2960572
nbpm 1e4 2 246 - 7.52 378.63 7889472
greedy 1e4 2 246 - 6.90 266.94 10968568
dry 56e6 2 85 - 0.66 1.78 1123924
aoDLAV 56e6 2 85 - 4.74 325.99 8330832
aoULAV 56e6 2 85 - 6.06 336.75 8330816
aoD2AG 56e6 2 85 - 10.71 438.06 12248152
aoD2SG 56e6 2 85 - 10.99 478.86 12694404
