dry 32e6 2 245 - 0.36 1.09 655176
aoDLAV 32e6 2 245 - 2.56 183.83 4768328
aoULAV 32e6 2 245 - 3.19 198.01 4768324
aoD2AG 32e6 2 245 - 6.07 273.78 7005712
aoD2SG 32e6 2 245 - 5.85 311.20 7262772
dry 1e4 5 206 - 0.03 0.12 27952
aoDLAV 1e4 5 206 - 0.04 0.21 31084
aoULAV 1e4 5 206 - 0.04 0.23 31096
aoD2AG 1e4 5 206 - 0.04 0.24 32108
aoD2SG 1e4 5 206 - 0.04 0.24 32112
moore 1e4 5 206 - 1.17 844.00 2961736
nbpm 1e4 5 206 - 7.63 604.28 7811452
greedy 1e4 5 206 - 6.92 293.10 10959172
dry 7e7 2 43 - 0.80 2.22 1397360
aoDLAV 7e7 2 43 - 5.98 423.87 10408936
aoULAV 7e7 2 43 - 7.66 458.47 10408936
aoD2AG 7e7 2 43 - 13.91 646.57 15304488
aoD2SG 7e7 2 43 - 14.76 751.96 15864200
dry 2e7 2 125 - 0.26 0.74 420800
aoDLAV 2e7 2 125 - 1.74 109.13 2987072
aoULAV 2e7 2 125 - 2.20 115.49 2987068
aoD2AG 2e7 2 125 - 3.70 163.99 4388584
aoD2SG 2e7 2 125 - 4.29 191.78 4549328
dry 3e7 2 51 - 0.34 1.07 616104
aoDLAV 3e7 2 51 - 2.43 172.33 4471428
aoULAV 3e7 2 51 - 3.25 180.80 4471428
aoD2AG 3e7 2 51 - 5.21 256.46 6570892
aoD2SG 3e7 2 51 - 6.18 302.93 6809080
dry 56e2 2 90 - 0.01 0.13 26240
aoDLAV 56e2 2 90 - 0.03 0.15 30976
aoULAV 56e2 2 90 - 0.03 0.15 30988
aoD2AG 56e2 2 90 - 0.03 0.17 31972
aoD2SG 56e2 2 90 - 0.02 0.18 31120
moore 56e2 2 90 - 0.55 198.71 952724
nbpm 56e2 2 90 - 2.48 86.99 2388088
greedy 56e2 2 90 - 1.92 80.07 3460492
dry 6e7 2 17 - 0.66 1.88 1202044
aoDLAV 6e7 2 17 - 4.96 374.37 8924560
aoULAV 6e7 2 17 - 6.59 388.61 8924560
aoD2AG 6e7 2 17 - 11.70 538.16 13121164
aoD2SG 6e7 2 17 - 13.14 656.85 13600856
dry 18e2 2 217 - 0.02 0.12 26048
aoDLAV 18e2 2 217 - 0.03 0.15 30376
aoULAV 18e2 2 217 - 0.02 0.16 30388
aoD2AG 18e2 2 217 - 0.03 0.15 30796
aoD2SG 18e2 2 217 - 0.03 0.15 30820
moore 18e2 2 217 - 0.06 13.25 125412
nbpm 18e2 2 217 - 0.20 7.53 334528
greedy 18e2 2 217 - 0.26 3.99 384352
dry 1e4 5 7 - 0.03 0.12 28572
aoDLAV 1e4 5 7 - 0.03 0.21 31084
aoULAV 1e4 5 7 - 0.02 0.22 31100
aoD2AG 1e4 5 7 - 0.03 0.23 32108
aoD2SG 1e4 5 7 - 0.03 0.23 32108
moore 1e4 5 7 - 1.17 955.14 2961732
nbpm 1e4 5 7 - 7.97 636.36 7811452
greedy 1e4 5 7 - 6.70 295.63 10959176
dry 1e4 2 143 - 0.03 0.12 26432
aoDLAV 1e4 2 143 - 0.03 0.17 31864
aoULAV 1e4 2 143 - 0.03 0.18 31880
aoD2AG 1e4 2 143 - 0.03 0.19 31876
aoD2SG 1e4 2 143 - 0.03 0.19 31988
moore 1e4 2 143 - 1.18 1108.04 2960580
nbpm 1e4 2 143 - 7.56 362.02 7889428
greedy 1e4 2 143 - 6.58 275.56 10968568
dry 5e7 2 31 - 0.59 1.60 1006736
aoDLAV 5e7 2 31 - 4.19 296.52 7440192
aoULAV 5e7 2 31 - 5.46 315.04 7440192
aoD2AG 5e7 2 31 - 9.60 450.01 10935152
aoD2SG 5e7 2 31 - 10.57 527.04 11334192
dry 32e2 2 11 - 0.03 0.11 26116
aoDLAV 32e2 2 11 - 0.03 0.15 30540
aoULAV 32e2 2 11 - 0.03 0.15 30548
aoD2AG 32e2 2 11 - 0.03 0.15 31212
aoD2SG 32e2 2 11 - 0.02 0.16 31268
moore 32e2 2 11 - 0.23 54.13 330520
nbpm 32e2 2 11 - 0.90 19.87 854756
greedy 32e2 2 11 - 0.75 22.75 1150168
dry 56e6 2 94 - 0.68 1.76 1123924
aoDLAV 56e6 2 94 - 4.51 331.44 8330816
aoULAV 56e6 2 94 - 6.13 354.78 8330816
aoD2AG 56e6 2 94 - 10.77 515.04 12247964
aoD2SG 56e6 2 94 - 11.58 593.79 12693364
dry 32e6 2 48 - 0.40 1.11 655180
aoDLAV 32e6 2 48 - 2.81 185.29 4768364
aoULAV 32e6 2 48 - 2.62 185.88 4768328
aoD2AG 32e6 2 48 - 6.12 272.70 7006532
aoD2SG 32e6 2 48 - 6.63 315.70 7262408
dry 18e2 2 131 - 0.03 0.11 26048
aoDLAV 18e2 2 131 - 0.02 0.15 30376
aoULAV 18e2 2 131 - 0.02 0.15 30384
aoD2AG 18e2 2 131 - 0.02 0.15 30796
aoD2SG 18e2 2 131 - 0.04 0.14 30840
moore 18e2 2 131 - 0.09 31.77 125408
nbpm 18e2 2 131 - 0.18 7.48 334528
greedy 18e2 2 131 - 0.25 4.52 384352
dry 1e4 10 106 - 0.02 0.12 29200
aoDLAV 1e4 10 106 - 0.02 0.72 32764
aoULAV 1e4 10 106 - 0.03 0.70 32776
aoD2AG 1e4 10 106 - 0.03 0.74 32744
aoD2SG 1e4 10 106 - 0.04 0.79 34176
moore 1e4 10 106 - 1.12 1583.66 2963856
nbpm 1e4 10 106 - 7.57 1045.55 7764388
greedy 1e4 10 106 - 6.44 271.21 10961112
dry 32e6 2 128 - 0.42 1.13 655176
aoDLAV 32e6 2 128 - 3.11 192.59 4768328
aoULAV 32e6 2 128 - 3.61 193.99 4768328
aoD2AG 32e6 2 128 - 5.44 272.05 7008872
aoD2SG 32e6 2 128 - 6.54 318.91 7264952
dry 32e2 2 2 - 0.02 0.12 26112
aoDLAV 32e2 2 2 - 0.03 0.14 30540
aoULAV 32e2 2 2 - 0.03 0.15 30552
aoD2AG 32e2 2 2 - 0.03 0.15 31208
aoD2SG 32e2 2 2 - 0.03 0.15 31260
moore 32e2 2 2 - 0.16 46.48 330512
nbpm 32e2 2 2 - 0.82 19.05 854756
greedy 32e2 2 2 - 0.69 20.64 1150164
dry 75e2 2 193 - 0.03 0.11 26332
aoDLAV 75e2 2 193 - 0.03 0.15 31376
aoULAV 75e2 2 193 - 0.03 0.15 31388
aoD2AG 75e2 2 193 - 0.03 0.18 31380
aoD2SG 75e2 2 193 - 0.03 0.18 31384
moore 75e2 2 193 - 2.37 692.72 1688796
nbpm 75e2 2 193 - 4.51 184.77 4242132
greedy 75e2 2 193 - 3.79 155.84 6183108
dry 25e2 2 72 - 0.02 0.12 26080
aoDLAV 25e2 2 72 - 0.03 0.15 30456
aoULAV 25e2 2 72 - 0.03 0.15 30464
aoD2AG 25e2 2 72 - 0.04 0.16 30976
aoD2SG 25e2 2 72 - 0.03 0.15 31008
moore 25e2 2 72 - 0.08 17.62 213632
nbpm 25e2 2 72 - 0.54 13.14 541644
greedy 25e2 2 72 - 0.47 10.07 713664
dry 75e2 2 11 - 0.02 0.12 26328
aoDLAV 75e2 2 11 - 0.03 0.15 31376
aoULAV 75e2 2 11 - 0.03 0.15 31392
aoD2AG 75e2 2 11 - 0.02 0.18 31380
aoD2SG 75e2 2 11 - 0.03 0.17 31380
moore 75e2 2 11 - 1.31 499.51 1688788
nbpm 75e2 2 11 - 4.15 162.09 4242128
greedy 75e2 2 11 - 3.17 146.27 6183092
dry 5e7 2 170 - 0.61 1.63 1006736
aoDLAV 5e7 2 170 - 4.28 295.97 7440192
aoULAV 5e7 2 170 - 5.39 316.64 7440192
aoD2AG 5e7 2 170 - 9.95 455.33 10939192
aoD2SG 5e7 2 170 - 11.04 515.78 11336420
dry 32e2 2 248 - 0.03 0.12 26112
aoDLAV 32e2 2 248 - 0.03 0.16 30540
aoULAV 32e2 2 248 - 0.03 0.16 30552
aoD2AG 32e2 2 248 - 0.03 0.16 31212
aoD2SG 32e2 2 248 - 0.03 0.17 31272
moore 32e2 2 248 - 0.20 55.81 330512
nbpm 32e2 2 248 - 0.87 19.15 854756
greedy 32e2 2 248 - 0.72 20.43 1150168
dry 50e2 2 220 - 0.03 0.11 26204
aoDLAV 50e2 2 220 - 0.03 0.15 30848
aoULAV 50e2 2 220 - 0.02 0.15 30860
aoD2AG 50e2 2 220 - 0.03 0.15 31796
aoD2SG 50e2 2 220 - 0.03 0.17 31880
moore 50e2 2 220 - 0.42 148.88 764632
nbpm 50e2 2 220 - 1.91 55.74 2011924
greedy 50e2 2 220 - 1.60 59.34 2764844
dry 1e4 5 191 - 0.03 0.12 28740
aoDLAV 1e4 5 191 - 0.03 0.22 31088
aoULAV 1e4 5 191 - 0.04 0.22 31096
aoD2AG 1e4 5 191 - 0.03 0.23 32108
aoD2SG 1e4 5 191 - 0.03 0.24 32108
moore 1e4 5 191 - 1.16 846.84 2961736
nbpm 1e4 5 191 - 7.42 1059.74 7811564
greedy 1e4 5 191 - 6.68 291.06 10959176
dry 6e7 2 32 - 0.70 1.92 1202048
aoDLAV 6e7 2 32 - 4.92 353.19 8924560
aoULAV 6e7 2 32 - 6.84 396.24 8924560
aoD2AG 6e7 2 32 - 12.01 547.54 13123340
aoD2SG 6e7 2 32 - 12.63 646.16 13601684
dry 32e2 2 43 - 0.02 0.12 26112
aoDLAV 32e2 2 43 - 0.03 0.14 30552
aoULAV 32e2 2 43 - 0.03 0.15 30548
aoD2AG 32e2 2 43 - 0.02 0.15 31204
aoD2SG 32e2 2 43 - 0.03 0.15 31256
moore 32e2 2 43 - 0.33 79.31 330524
nbpm 32e2 2 43 - 0.90 21.15 854760
greedy 32e2 2 43 - 0.69 20.94 1150164
dry 7e7 2 151 - 0.78 2.19 1397356
aoDLAV 7e7 2 151 - 5.82 444.36 10408940
aoULAV 7e7 2 151 - 7.73 462.39 10408936
aoD2AG 7e7 2 151 - 13.90 631.54 15305856
aoD2SG 7e7 2 151 - 13.92 744.84 15859172
dry 2e7 2 8 - 0.30 0.75 420796
aoDLAV 2e7 2 8 - 1.76 110.82 2987068
aoULAV 2e7 2 8 - 1.86 117.16 2987068
aoD2AG 2e7 2 8 - 3.91 166.02 4386844
aoD2SG 2e7 2 8 - 4.04 186.05 4549444
dry 4e7 2 45 - 0.50 1.33 811428
aoDLAV 4e7 2 45 - 3.44 232.34 5955816
aoULAV 4e7 2 45 - 4.42 246.69 5955816
aoD2AG 4e7 2 45 - 7.96 348.33 8752692
aoD2SG 4e7 2 45 - 8.32 430.10 9074836
dry 32e2 2 36 - 0.02 0.12 26116
aoDLAV 32e2 2 36 - 0.03 0.15 30540
aoULAV 32e2 2 36 - 0.02 0.16 30552
aoD2AG 32e2 2 36 - 0.03 0.16 31188
aoD2SG 32e2 2 36 - 0.03 0.15 31260
moore 32e2 2 36 - 0.59 129.36 330512
nbpm 32e2 2 36 - 0.96 21.81 854752
greedy 32e2 2 36 - 0.71 20.48 1150168
dry 56e6 2 165 - 0.67 1.78 1123924
aoDLAV 56e6 2 165 - 4.87 337.01 8330820
aoULAV 56e6 2 165 - 6.11 349.63 8330816
aoD2AG 56e6 2 165 - 11.48 501.79 12247516
aoD2SG 56e6 2 165 - 11.54 700.59 12692304
dry 1e4 5 209 - 0.03 0.12 26904
aoDLAV 1e4 5 209 - 0.02 0.22 31088
aoULAV 1e4 5 209 - 0.03 0.22 31100
aoD2AG 1e4 5 209 - 0.04 0.23 32108
aoD2SG 1e4 5 209 - 0.03 0.25 32112
moore 1e4 5 209 - 1.20 1022.04 2961732
nbpm 1e4 5 209 - 7.68 671.75 7811452
greedy 1e4 5 209 - 7.27 302.29 10959172
dry 75e2 2 212 - 0.03 0.13 26328
aoDLAV 75e2 2 212 - 0.03 0.17 31376
aoULAV 75e2 2 212 - 0.03 0.17 31392
aoD2AG 75e2 2 212 - 0.04 0.17 31380
aoD2SG 75e2 2 212 - 0.03 0.18 31380
moore 75e2 2 212 - 0.68 383.48 1683872
nbpm 75e2 2 212 - 4.42 161.84 4242124
greedy 75e2 2 212 - 3.87 154.14 6183092
dry 56e2 2 6 - 0.03 0.13 26236
aoDLAV 56e2 2 6 - 0.04 0.14 30976
aoULAV 56e2 2 6 - 0.04 0.16 30988
aoD2AG 56e2 2 6 - 0.03 0.19 31984
aoD2SG 56e2 2 6 - 0.03 0.19 31124
moore 56e2 2 6 - 0.87 257.04 952724
nbpm 56e2 2 6 - 2.47 75.30 2388088
greedy 56e2 2 6 - 2.20 76.11 3460492
dry 56e2 2 127 - 0.02 0.12 26236
aoDLAV 56e2 2 127 - 0.03 0.16 30980
aoULAV 56e2 2 127 - 0.03 0.15 30992
aoD2AG 56e2 2 127 - 0.03 0.17 31976
aoD2SG 56e2 2 127 - 0.03 0.17 31140
moore 56e2 2 127 - 0.64 210.59 952716
nbpm 56e2 2 127 - 2.43 74.91 2388080
greedy 56e2 2 127 - 2.17 82.19 3460492
dry 6e7 2 58 - 0.73 1.91 1202044
aoDLAV 6e7 2 58 - 5.43 359.63 8924564
aoULAV 6e7 2 58 - 7.01 408.13 8924560
aoD2AG 6e7 2 58 - 11.48 555.28 13122384
aoD2SG 6e7 2 58 - 12.51 649.09 13602508
dry 75e2 2 198 - 0.03 0.11 26332
aoDLAV 75e2 2 198 - 0.02 0.16 31376
aoULAV 75e2 2 198 - 0.03 0.15 31388
aoD2AG 75e2 2 198 - 0.04 0.16 31380
aoD2SG 75e2 2 198 - 0.03 0.17 31384
moore 75e2 2 198 - 1.14 488.51 1688784
nbpm 75e2 2 198 - 4.15 161.77 4242188
greedy 75e2 2 198 - 3.63 151.28 6183088
dry 18e2 2 181 - 0.02 0.12 26048
aoDLAV 18e2 2 181 - 0.03 0.14 30376
aoULAV 18e2 2 181 - 0.03 0.14 30384
aoD2AG 18e2 2 181 - 0.03 0.14 30784
aoD2SG 18e2 2 181 - 0.03 0.14 30828
moore 18e2 2 181 - 0.08 9.01 125436
nbpm 18e2 2 181 - 0.19 7.59 334528
greedy 18e2 2 181 - 0.24 4.57 384356
dry 1e4 10 38 - 0.02 0.12 29592
aoDLAV 1e4 10 38 - 0.04 0.69 32768
aoULAV 1e4 10 38 - 0.03 0.68 32776
aoD2AG 1e4 10 38 - 0.03 0.75 32748
aoD2SG 1e4 10 38 - 0.03 0.81 34180
moore 1e4 10 38 - 1.16 1121.51 2963856
nbpm 1e4 10 38 - 7.48 766.83 7764384
greedy 1e4 10 38 - 6.00 270.09 10961112
dry 2e7 2 16 - 0.28 0.81 420796
aoDLAV 2e7 2 16 - 1.68 106.21 2987068
aoULAV 2e7 2 16 - 1.66 112.08 2987068
aoD2AG 2e7 2 16 - 4.02 200.56 4387284
aoD2SG 2e7 2 16 - 3.84 193.26 4546404
dry 25e2 2 165 - 0.02 0.12 26084
aoDLAV 25e2 2 165 - 0.03 0.15 30452
aoULAV 25e2 2 165 - 0.03 0.15 30468
aoD2AG 25e2 2 165 - 0.02 0.16 30988
aoD2SG 25e2 2 165 - 0.03 0.15 31020
moore 25e2 2 165 - 0.09 33.34 213604
nbpm 25e2 2 165 - 0.55 11.96 541644
greedy 25e2 2 165 - 0.45 10.32 713664
dry 32e6 2 115 - 0.38 1.08 655176
aoDLAV 32e6 2 115 - 2.74 184.53 4768324
aoULAV 32e6 2 115 - 3.65 191.37 4768360
aoD2AG 32e6 2 115 - 6.54 297.63 7005948
aoD2SG 32e6 2 115 - 6.95 321.97 7263268
dry 5e7 2 232 - 0.60 1.64 1006736
aoDLAV 5e7 2 232 - 4.28 302.99 7440192
aoULAV 5e7 2 232 - 5.65 310.18 7440192
aoD2AG 5e7 2 232 - 10.17 433.96 10937804
aoD2SG 5e7 2 232 - 10.61 531.37 11336276
dry 6e7 2 191 - 0.80 1.92 1202072
aoDLAV 6e7 2 191 - 5.16 348.88 8924560
aoULAV 6e7 2 191 - 6.74 376.08 8924564
aoD2AG 6e7 2 191 - 12.37 542.21 13120896
aoD2SG 6e7 2 191 - 13.10 624.75 13598296
dry 75e2 2 205 - 0.02 0.12 28244
aoDLAV 75e2 2 205 - 0.04 0.15 31376
aoULAV 75e2 2 205 - 0.03 0.15 31388
aoD2AG 75e2 2 205 - 0.03 0.17 31384
aoD2SG 75e2 2 205 - 0.03 0.18 31380
moore 75e2 2 205 - 1.23 487.32 1688784
nbpm 75e2 2 205 - 4.16 175.51 4242124
greedy 75e2 2 205 - 3.81 155.18 6183092
dry 25e2 2 44 - 0.03 0.11 26080
aoDLAV 25e2 2 44 - 0.04 0.14 30456
aoULAV 25e2 2 44 - 0.03 0.16 30464
aoD2AG 25e2 2 44 - 0.04 0.14 31000
aoD2SG 25e2 2 44 - 0.03 0.15 31048
moore 25e2 2 44 - 0.12 19.89 213624
nbpm 25e2 2 44 - 0.52 12.85 541640
greedy 25e2 2 44 - 0.43 10.43 713664
dry 6e7 2 121 - 0.68 1.93 1202044
aoDLAV 6e7 2 121 - 4.99 463.47 8924560
aoULAV 6e7 2 121 - 6.74 388.28 8924560
aoD2AG 6e7 2 121 - 12.08 553.65 13122128
aoD2SG 6e7 2 121 - 12.44 612.41 13600088
dry 2e7 2 188 - 0.28 0.77 420800
aoDLAV 2e7 2 188 - 1.87 129.36 2987068
aoULAV 2e7 2 188 - 1.65 118.51 2987068
aoD2AG 2e7 2 188 - 3.42 168.61 4385324
aoD2SG 2e7 2 188 - 4.29 188.51 4546004
dry 1e4 10 154 - 0.03 0.12 29484
aoDLAV 1e4 10 154 - 0.03 0.69 32764
aoULAV 1e4 10 154 - 0.03 0.70 32776
aoD2AG 1e4 10 154 - 0.03 0.71 32744
aoD2SG 1e4 10 154 - 0.04 0.77 34176
moore 1e4 10 154 - 1.22 1404.64 2963856
nbpm 1e4 10 154 - 7.88 684.27 7764384
greedy 1e4 10 154 - 6.87 279.85 10961112
dry 32e6 2 69 - 0.42 1.07 655176
aoDLAV 32e6 2 69 - 2.72 182.38 4768324
aoULAV 32e6 2 69 - 2.69 194.39 4768324
aoD2AG 32e6 2 69 - 6.20 267.70 7007384
aoD2SG 32e6 2 69 - 6.76 312.61 7262000
dry 1e4 5 122 - 0.02 0.13 26900
aoDLAV 1e4 5 122 - 0.03 0.21 31084
aoULAV 1e4 5 122 - 0.03 0.21 31096
aoD2AG 1e4 5 122 - 0.03 0.22 32112
aoD2SG 1e4 5 122 - 0.03 0.23 32108
moore 1e4 5 122 - 1.15 893.67 2961736
nbpm 1e4 5 122 - 7.52 667.21 7811452
greedy 1e4 5 122 - 6.98 293.56 10959172
dry 50e2 2 202 - 0.03 0.12 26204
aoDLAV 50e2 2 202 - 0.03 0.16 30848
aoULAV 50e2 2 202 - 0.03 0.15 30860
aoD2AG 50e2 2 202 - 0.03 0.16 31764
aoD2SG 50e2 2 202 - 0.03 0.18 31856
moore 50e2 2 202 - 0.53 161.97 764624
nbpm 50e2 2 202 - 1.96 61.77 2011916
greedy 50e2 2 202 - 1.64 56.21 2764780
dry 4e7 2 193 - 0.47 1.31 811424
aoDLAV 4e7 2 193 - 3.42 229.27 5955820
aoULAV 4e7 2 193 - 4.16 238.28 5955816
aoD2AG 4e7 2 193 - 7.80 343.90 8755008
aoD2SG 4e7 2 193 - 8.46 395.62 9073540
dry 32e2 2 155 - 0.02 0.12 26112
aoDLAV 32e2 2 155 - 0.04 0.14 30544
aoULAV 32e2 2 155 - 0.03 0.15 30552
aoD2AG 32e2 2 155 - 0.02 0.15 31192
aoD2SG 32e2 2 155 - 0.02 0.16 31296
moore 32e2 2 155 - 0.15 32.97 330516
nbpm 32e2 2 155 - 0.88 20.19 854752
greedy 32e2 2 155 - 0.80 19.95 1150164
dry 25e2 2 8 - 0.02 0.12 26080
aoDLAV 25e2 2 8 - 0.03 0.15 30456
aoULAV 25e2 2 8 - 0.03 0.16 30468
aoD2AG 25e2 2 8 - 0.03 0.15 30972
aoD2SG 25e2 2 8 - 0.04 0.14 31016
moore 25e2 2 8 - 0.11 48.46 213596
nbpm 25e2 2 8 - 0.54 12.07 541636
greedy 25e2 2 8 - 0.43 9.62 713664
dry 1e4 10 164 - 0.03 0.11 27688
aoDLAV 1e4 10 164 - 0.04 0.67 32768
aoULAV 1e4 10 164 - 0.04 0.66 32776
aoD2AG 1e4 10 164 - 0.04 0.70 32744
aoD2SG 1e4 10 164 - 0.04 0.77 34180
moore 1e4 10 164 - 1.16 985.01 2963852
nbpm 1e4 10 164 - 7.33 709.14 7764396
greedy 1e4 10 164 - 6.43 264.50 10961108
