dry 56e5 2 194 - 0.06 0.29 139544
aoDLAV 56e5 2 194 - 0.44 25.14 849556
aoULAV 56e5 2 194 - 0.40 23.25 849560
aoD2AG 56e5 2 194 - 0.72 35.29 1242992
aoD2SG 56e5 2 194 - 0.77 40.19 1286316
dry 32e5 2 98 - 0.07 0.24 92680
aoDLAV 32e5 2 98 - 0.25 12.32 493324
aoULAV 32e5 2 98 - 0.24 13.02 493412
aoD2AG 32e5 2 98 - 0.41 18.20 717316
aoD2SG 32e5 2 98 - 0.49 21.79 743220
dry 1e7 10 137 - 0.40 1.38 850512
aoDLAV 1e7 10 137 - 1.55 4782.96 3534064
aoULAV 1e7 10 137 - 2.63 4859.31 3533956
aoD2AG 1e7 10 137 - 3.51 4816.09 4337216
aoD2SG 1e7 10 137 - 3.65 5770.81 4428156
dry 1e7 2 241 - 0.12 0.45 225488
aoDLAV 1e7 2 241 - 0.76 43.23 1502684
aoULAV 1e7 2 241 - 0.77 45.87 1502684
aoD2AG 1e7 2 241 - 1.52 66.95 2203444
aoD2SG 1e7 2 241 - 1.78 77.39 2283968
dry 1e7 5 250 - 0.24 0.79 459868
aoDLAV 1e7 5 250 - 1.01 212.09 2323028
aoULAV 1e7 5 250 - 1.46 217.30 2323020
aoD2AG 1e7 5 250 - 2.04 240.86 3065524
aoD2SG 1e7 5 250 - 2.61 286.65 3150268
dry 32e5 2 97 - 0.06 0.25 92676
aoDLAV 32e5 2 97 - 0.27 11.90 493328
aoULAV 32e5 2 97 - 0.24 12.74 493336
aoD2AG 32e5 2 97 - 0.39 18.31 718360
aoD2SG 32e5 2 97 - 0.40 20.93 742536
dry 1e7 10 117 - 0.42 1.38 850508
aoDLAV 1e7 10 117 - 1.58 4767.69 3533952
aoULAV 1e7 10 117 - 2.33 4750.90 3533952
aoD2AG 1e7 10 117 - 3.74 4842.03 4336060
aoD2SG 1e7 10 117 - 3.62 5814.09 4426644
dry 1e7 2 177 - 0.13 0.43 225484
aoDLAV 1e7 2 177 - 0.79 44.42 1502684
aoULAV 1e7 2 177 - 0.76 47.28 1502688
aoD2AG 1e7 2 177 - 1.55 67.40 2205128
aoD2SG 1e7 2 177 - 1.65 76.58 2283756
dry 18e5 2 24 - 0.05 0.21 65324
aoDLAV 18e5 2 24 - 0.16 6.59 285508
aoULAV 18e5 2 24 - 0.15 7.05 285520
aoD2AG 18e5 2 24 - 0.27 9.99 413284
aoD2SG 18e5 2 24 - 0.25 11.11 427228
dry 1e7 5 150 - 0.23 0.79 459872
aoDLAV 1e7 5 150 - 1.06 216.05 2323020
aoULAV 1e7 5 150 - 1.03 218.62 2323016
aoD2AG 1e7 5 150 - 2.41 239.58 3064460
aoD2SG 1e7 5 150 - 2.53 285.55 3151184
dry 1e7 5 109 - 0.23 0.79 459868
aoDLAV 1e7 5 109 - 1.06 212.14 2323016
aoULAV 1e7 5 109 - 1.53 217.54 2323020
aoD2AG 1e7 5 109 - 2.08 236.39 3064904
aoD2SG 1e7 5 109 - 2.57 281.73 3150512
dry 1e7 2 135 - 0.11 0.45 225484
aoDLAV 1e7 2 135 - 0.80 43.88 1502688
aoULAV 1e7 2 135 - 0.77 46.66 1502684
aoD2AG 1e7 2 135 - 1.56 66.65 2203280
aoD2SG 1e7 2 135 - 1.82 75.96 2283908
dry 1e7 10 8 - 0.42 1.37 850508
aoDLAV 1e7 10 8 - 1.54 4818.35 3533960
aoULAV 1e7 10 8 - 2.40 4801.23 3533956
aoD2AG 1e7 10 8 - 3.45 4812.08 4336944
aoD2SG 1e7 10 8 - 4.21 7366.48 4427232
dry 1e7 10 156 - 0.43 1.36 850512
aoDLAV 1e7 10 156 - 2.13 4733.93 3533956
aoULAV 1e7 10 156 - 2.58 4697.91 3534064
aoD2AG 1e7 10 156 - 3.45 4761.90 4338764
aoD2SG 1e7 10 156 - 3.64 5581.38 4427772
dry 18e5 2 44 - 0.05 0.20 65328
aoDLAV 18e5 2 44 - 0.17 6.26 285508
aoULAV 18e5 2 44 - 0.17 6.68 285520
aoD2AG 18e5 2 44 - 0.24 9.64 411488
aoD2SG 18e5 2 44 - 0.25 10.92 427128
dry 32e5 2 9 - 0.06 0.24 92680
aoDLAV 32e5 2 9 - 0.27 11.74 493324
aoULAV 32e5 2 9 - 0.26 12.49 493340
aoD2AG 32e5 2 9 - 0.40 17.95 718680
aoD2SG 32e5 2 9 - 0.41 20.53 744884
dry 56e5 2 179 - 0.09 0.31 139544
aoDLAV 56e5 2 179 - 0.46 21.81 849556
aoULAV 56e5 2 179 - 0.47 23.37 849560
aoD2AG 56e5 2 179 - 0.70 33.46 1242128
aoD2SG 56e5 2 179 - 0.71 38.31 1286120
dry 1e7 10 71 - 0.40 1.38 850512
aoDLAV 1e7 10 71 - 1.51 4798.53 3534032
aoULAV 1e7 10 71 - 2.48 4815.80 3534060
aoD2AG 1e7 10 71 - 3.53 4826.16 4338660
aoD2SG 1e7 10 71 - 3.62 5709.94 4426244
dry 1e7 10 41 - 0.42 1.37 850512
aoDLAV 1e7 10 41 - 1.59 4867.93 3533956
aoULAV 1e7 10 41 - 2.29 6959.63 3533988
aoD2AG 1e7 10 41 - 3.60 4776.26 4336880
aoD2SG 1e7 10 41 - 3.74 6266.64 4428440
dry 1e7 5 158 - 0.24 0.78 459868
aoDLAV 1e7 5 158 - 1.04 214.47 2323016
aoULAV 1e7 5 158 - 1.48 218.25 2323020
aoD2AG 1e7 5 158 - 2.02 239.31 3062152
aoD2SG 1e7 5 158 - 2.48 283.83 3152380
dry 1e7 5 71 - 0.23 0.78 459868
aoDLAV 1e7 5 71 - 0.99 212.19 2323016
aoULAV 1e7 5 71 - 1.38 215.01 2323016
aoD2AG 1e7 5 71 - 2.38 235.59 3064172
aoD2SG 1e7 5 71 - 1.97 278.95 3149716
dry 56e5 2 128 - 0.08 0.31 139544
aoDLAV 56e5 2 128 - 0.43 22.54 849556
aoULAV 56e5 2 128 - 0.43 24.00 849556
aoD2AG 56e5 2 128 - 0.83 34.05 1241388
aoD2SG 56e5 2 128 - 0.80 39.14 1286148
dry 1e7 10 181 - 0.41 1.39 850508
aoDLAV 1e7 10 181 - 1.52 4554.29 3533952
aoULAV 1e7 10 181 - 2.27 5739.67 3533960
aoD2AG 1e7 10 181 - 3.12 4632.52 4337296
aoD2SG 1e7 10 181 - 3.58 6614.34 4425616
