dry 2e7 2 62 - 0.19 0.70 420796
aoDLAV 2e7 2 62 - 1.46 102.92 2987068
aoULAV 2e7 2 62 - 1.64 120.80 2987072
aoD2AG 2e7 2 62 - 3.74 164.45 4388192
aoD2SG 2e7 2 62 - 3.70 264.56 4546108
dry 75e2 2 177 - 0.02 0.12 26332
aoDLAV 75e2 2 177 - 0.03 0.17 31376
aoULAV 75e2 2 177 - 0.03 0.16 31388
aoD2AG 75e2 2 177 - 0.03 0.18 31380
aoD2SG 75e2 2 177 - 0.03 0.18 31380
moore 75e2 2 177 - 1.58 562.27 1688784
nbpm 75e2 2 177 - 4.36 166.09 4242124
greedy 75e2 2 177 - 3.47 153.47 6183092
dry 32e6 2 162 - 0.35 1.11 655176
aoDLAV 32e6 2 162 - 2.70 178.27 4768324
aoULAV 32e6 2 162 - 3.46 193.47 4768324
aoD2AG 32e6 2 162 - 6.22 274.94 7006608
aoD2SG 32e6 2 162 - 5.88 315.55 7261984
dry 7e7 2 211 - 0.79 2.22 1397356
aoDLAV 7e7 2 211 - 6.33 506.25 10408936
aoULAV 7e7 2 211 - 7.60 544.84 10408936
aoD2AG 7e7 2 211 - 14.01 643.33 15302656
aoD2SG 7e7 2 211 - 15.15 761.36 15861696
dry 25e2 2 133 - 0.02 0.13 26080
aoDLAV 25e2 2 133 - 0.03 0.15 30452
aoULAV 25e2 2 133 - 0.02 0.16 30464
aoD2AG 25e2 2 133 - 0.03 0.16 30988
aoD2SG 25e2 2 133 - 0.03 0.15 31020
moore 25e2 2 133 - 0.10 17.93 213628
nbpm 25e2 2 133 - 0.53 12.77 541636
greedy 25e2 2 133 - 0.41 8.86 713664
dry 75e2 2 208 - 0.03 0.11 26328
aoDLAV 75e2 2 208 - 0.02 0.16 31380
aoULAV 75e2 2 208 - 0.03 0.15 31388
aoD2AG 75e2 2 208 - 0.03 0.17 31380
aoD2SG 75e2 2 208 - 0.03 0.18 31380
moore 75e2 2 208 - 0.66 395.32 1683880
nbpm 75e2 2 208 - 4.43 153.28 4242132
greedy 75e2 2 208 - 4.22 155.79 6183092
dry 32e2 2 182 - 0.02 0.13 27952
aoDLAV 32e2 2 182 - 0.02 0.16 30540
aoULAV 32e2 2 182 - 0.03 0.16 30556
aoD2AG 32e2 2 182 - 0.03 0.16 31208
aoD2SG 32e2 2 182 - 0.03 0.16 31268
moore 32e2 2 182 - 0.24 62.37 330520
nbpm 32e2 2 182 - 0.91 19.62 854764
greedy 32e2 2 182 - 0.70 20.97 1150164
dry 56e2 2 138 - 0.03 0.12 26236
aoDLAV 56e2 2 138 - 0.02 0.17 30980
aoULAV 56e2 2 138 - 0.03 0.16 30992
aoD2AG 56e2 2 138 - 0.03 0.17 31988
aoD2SG 56e2 2 138 - 0.03 0.18 31124
moore 56e2 2 138 - 0.70 224.72 952716
nbpm 56e2 2 138 - 2.37 76.77 2388080
greedy 56e2 2 138 - 2.04 75.31 3460488
dry 32e6 2 198 - 0.35 1.09 655176
aoDLAV 32e6 2 198 - 2.71 176.41 4768324
aoULAV 32e6 2 198 - 3.34 186.67 4768340
aoD2AG 32e6 2 198 - 5.66 265.52 7007192
aoD2SG 32e6 2 198 - 6.71 316.43 7262388
dry 2e7 2 9 - 0.26 0.74 420796
aoDLAV 2e7 2 9 - 1.75 112.81 2987068
aoULAV 2e7 2 9 - 2.14 109.92 2987068
aoD2AG 2e7 2 9 - 3.68 158.92 4387888
aoD2SG 2e7 2 9 - 4.28 190.99 4545884
dry 1e4 2 137 - 0.02 0.13 26432
aoDLAV 1e4 2 137 - 0.03 0.18 31864
aoULAV 1e4 2 137 - 0.03 0.18 31880
aoD2AG 1e4 2 137 - 0.04 0.18 31876
aoD2SG 1e4 2 137 - 0.03 0.20 31988
moore 1e4 2 137 - 1.19 1150.40 2960580
nbpm 1e4 2 137 - 7.30 359.04 7889424
greedy 1e4 2 137 - 6.56 262.57 10968568
dry 75e2 2 57 - 0.02 0.12 26328
aoDLAV 75e2 2 57 - 0.04 0.16 31380
aoULAV 75e2 2 57 - 0.03 0.16 31388
aoD2AG 75e2 2 57 - 0.03 0.19 31380
aoD2SG 75e2 2 57 - 0.03 0.19 31384
moore 75e2 2 57 - 0.83 411.18 1688784
nbpm 75e2 2 57 - 4.46 162.39 4242124
greedy 75e2 2 57 - 3.94 147.50 6183092
dry 5e7 2 28 - 0.58 1.63 1006740
aoDLAV 5e7 2 28 - 4.25 287.32 7440192
aoULAV 5e7 2 28 - 5.35 311.38 7440196
aoD2AG 5e7 2 28 - 9.69 438.49 10936612
aoD2SG 5e7 2 28 - 10.38 519.57 11335568
dry 1e4 10 113 - 0.02 0.13 27688
aoDLAV 1e4 10 113 - 0.03 0.67 32764
aoULAV 1e4 10 113 - 0.03 0.66 32776
aoD2AG 1e4 10 113 - 0.04 0.69 32748
aoD2SG 1e4 10 113 - 0.04 0.76 34176
moore 1e4 10 113 - 1.15 1021.02 2963856
nbpm 1e4 10 113 - 7.44 792.70 7764408
greedy 1e4 10 113 - 6.57 266.37 10961108
dry 50e2 2 135 - 0.03 0.11 26204
aoDLAV 50e2 2 135 - 0.02 0.16 30848
aoULAV 50e2 2 135 - 0.02 0.16 30860
aoD2AG 50e2 2 135 - 0.02 0.16 31840
aoD2SG 50e2 2 135 - 0.03 0.17 31852
moore 50e2 2 135 - 0.42 144.53 764620
nbpm 50e2 2 135 - 2.03 52.34 2011916
greedy 50e2 2 135 - 1.76 64.67 2764784
dry 2e7 2 191 - 0.28 0.74 420796
aoDLAV 2e7 2 191 - 1.72 112.69 2987072
aoULAV 2e7 2 191 - 1.92 114.84 2987068
aoD2AG 2e7 2 191 - 4.19 196.22 4387096
aoD2SG 2e7 2 191 - 4.03 190.89 4546888
dry 32e6 2 27 - 0.37 1.09 655176
aoDLAV 32e6 2 27 - 2.73 186.16 4768324
aoULAV 32e6 2 27 - 3.58 188.82 4768324
aoD2AG 32e6 2 27 - 6.18 276.66 7006808
aoD2SG 32e6 2 27 - 5.99 312.15 7263892
dry 7e7 2 106 - 0.77 2.20 1397360
aoDLAV 7e7 2 106 - 5.83 419.01 10408936
aoULAV 7e7 2 106 - 7.54 480.95 10408940
aoD2AG 7e7 2 106 - 13.94 633.67 15304388
aoD2SG 7e7 2 106 - 14.23 849.62 15861272
dry 18e2 2 183 - 0.03 0.12 26048
aoDLAV 18e2 2 183 - 0.03 0.16 30372
aoULAV 18e2 2 183 - 0.03 0.14 30388
aoD2AG 18e2 2 183 - 0.02 0.16 30784
aoD2SG 18e2 2 183 - 0.03 0.15 30824
moore 18e2 2 183 - 0.06 23.48 125408
nbpm 18e2 2 183 - 0.19 7.36 334524
greedy 18e2 2 183 - 0.23 4.58 384352
dry 32e6 2 167 - 0.37 1.13 655176
aoDLAV 32e6 2 167 - 2.67 184.48 4768324
aoULAV 32e6 2 167 - 2.75 191.07 4768324
aoD2AG 32e6 2 167 - 6.20 273.88 7008812
aoD2SG 32e6 2 167 - 6.81 321.54 7264156
dry 7e7 2 86 - 0.77 2.25 1397356
aoDLAV 7e7 2 86 - 5.93 431.31 10408940
aoULAV 7e7 2 86 - 7.84 450.91 10408936
aoD2AG 7e7 2 86 - 13.32 676.83 15306120
aoD2SG 7e7 2 86 - 14.00 751.56 15861064
dry 56e6 2 124 - 0.63 1.83 1123924
aoDLAV 56e6 2 124 - 4.95 345.50 8330816
aoULAV 56e6 2 124 - 6.40 361.58 8330816
aoD2AG 56e6 2 124 - 11.18 490.74 12246740
aoD2SG 56e6 2 124 - 11.54 573.12 12694132
dry 56e2 2 194 - 0.02 0.12 26236
aoDLAV 56e2 2 194 - 0.03 0.15 30976
aoULAV 56e2 2 194 - 0.02 0.15 30992
aoD2AG 56e2 2 194 - 0.02 0.18 31992
aoD2SG 56e2 2 194 - 0.02 0.17 31124
moore 56e2 2 194 - 0.53 214.88 952716
nbpm 56e2 2 194 - 2.33 73.05 2388080
greedy 56e2 2 194 - 2.46 94.40 3460488
dry 18e6 2 158 - 0.24 0.69 381736
aoDLAV 18e6 2 158 - 1.53 96.11 2690196
aoULAV 18e6 2 158 - 1.61 101.67 2690192
aoD2AG 18e6 2 158 - 3.13 149.16 3951336
aoD2SG 18e6 2 158 - 3.85 168.29 4093540
dry 75e2 2 234 - 0.03 0.12 26328
aoDLAV 75e2 2 234 - 0.03 0.16 31376
aoULAV 75e2 2 234 - 0.03 0.15 31388
aoD2AG 75e2 2 234 - 0.02 0.19 31380
aoD2SG 75e2 2 234 - 0.03 0.18 31384
moore 75e2 2 234 - 1.06 448.16 1688796
nbpm 75e2 2 234 - 4.49 168.25 4242128
greedy 75e2 2 234 - 4.08 160.18 6183092
dry 2e7 2 213 - 0.26 0.74 420796
aoDLAV 2e7 2 213 - 1.71 116.44 2987068
aoULAV 2e7 2 213 - 1.76 120.52 2987072
aoD2AG 2e7 2 213 - 4.00 169.10 4385096
aoD2SG 2e7 2 213 - 3.89 191.93 4544608
dry 18e2 2 103 - 0.02 0.12 26052
aoDLAV 18e2 2 103 - 0.03 0.15 30372
aoULAV 18e2 2 103 - 0.02 0.15 30388
aoD2AG 18e2 2 103 - 0.03 0.15 30784
aoD2SG 18e2 2 103 - 0.03 0.14 30824
moore 18e2 2 103 - 0.06 8.61 125444
nbpm 18e2 2 103 - 0.19 7.83 334540
greedy 18e2 2 103 - 0.23 4.09 384352
dry 5e7 2 20 - 0.62 1.67 1006736
aoDLAV 5e7 2 20 - 4.32 287.83 7440224
aoULAV 5e7 2 20 - 5.63 308.57 7440196
aoD2AG 5e7 2 20 - 10.27 446.28 10938404
aoD2SG 5e7 2 20 - 10.32 507.67 11334068
dry 2e7 2 192 - 0.25 0.76 420796
aoDLAV 2e7 2 192 - 1.72 104.75 2987068
aoULAV 2e7 2 192 - 2.09 111.44 2987068
aoD2AG 2e7 2 192 - 3.63 157.82 4387780
aoD2SG 2e7 2 192 - 4.09 184.10 4547856
dry 1e4 2 12 - 0.03 0.12 26432
aoDLAV 1e4 2 12 - 0.03 0.18 31864
aoULAV 1e4 2 12 - 0.03 0.18 31876
aoD2AG 1e4 2 12 - 0.03 0.19 31876
aoD2SG 1e4 2 12 - 0.03 0.19 31988
moore 1e4 2 12 - 1.15 906.13 2960576
nbpm 1e4 2 12 - 7.93 370.85 7889416
greedy 1e4 2 12 - 7.06 279.65 10968568
dry 56e2 2 125 - 0.03 0.12 26236
aoDLAV 56e2 2 125 - 0.03 0.15 30980
aoULAV 56e2 2 125 - 0.03 0.15 30988
aoD2AG 56e2 2 125 - 0.04 0.16 32008
aoD2SG 56e2 2 125 - 0.02 0.17 31124
moore 56e2 2 125 - 1.07 298.68 952716
nbpm 56e2 2 125 - 2.39 74.75 2388076
greedy 56e2 2 125 - 2.11 78.51 3460496
dry 3e7 2 190 - 0.36 1.03 616104
aoDLAV 3e7 2 190 - 2.56 168.96 4471432
aoULAV 3e7 2 190 - 3.12 177.11 4471428
aoD2AG 3e7 2 190 - 5.13 255.56 6569812
aoD2SG 3e7 2 190 - 6.26 304.26 6810448
dry 1e4 5 188 - 0.03 0.12 26900
aoDLAV 1e4 5 188 - 0.03 0.22 31084
aoULAV 1e4 5 188 - 0.03 0.22 31096
aoD2AG 1e4 5 188 - 0.03 0.24 32108
aoD2SG 1e4 5 188 - 0.03 0.24 32108
moore 1e4 5 188 - 1.13 959.13 2961736
nbpm 1e4 5 188 - 7.57 635.38 7811448
greedy 1e4 5 188 - 6.40 290.96 10959172
dry 5e7 2 158 - 0.58 1.61 1006736
aoDLAV 5e7 2 158 - 4.32 294.95 7440192
aoULAV 5e7 2 158 - 5.38 314.32 7440192
aoD2AG 5e7 2 158 - 10.06 538.09 10937964
aoD2SG 5e7 2 158 - 10.31 509.20 11333808
dry 32e6 2 235 - 0.41 1.13 655176
aoDLAV 32e6 2 235 - 2.69 225.75 4768328
aoULAV 32e6 2 235 - 3.50 187.77 4768372
aoD2AG 32e6 2 235 - 6.13 274.31 7006252
aoD2SG 32e6 2 235 - 6.89 318.82 7262892
dry 1e4 10 104 - 0.02 0.13 27688
aoDLAV 1e4 10 104 - 0.03 0.69 32768
aoULAV 1e4 10 104 - 0.03 0.68 32780
aoD2AG 1e4 10 104 - 0.03 0.75 32744
aoD2SG 1e4 10 104 - 0.04 0.77 34176
moore 1e4 10 104 - 1.16 988.57 2963856
nbpm 1e4 10 104 - 7.66 962.07 7764396
greedy 1e4 10 104 - 6.41 289.63 10961112
dry 7e7 2 121 - 0.80 2.18 1397356
aoDLAV 7e7 2 121 - 6.01 436.19 10408940
aoULAV 7e7 2 121 - 7.62 451.04 10408936
aoD2AG 7e7 2 121 - 13.67 657.94 15305340
aoD2SG 7e7 2 121 - 14.88 801.17 15863316
dry 4e7 2 90 - 0.47 1.33 811424
aoDLAV 4e7 2 90 - 3.54 231.06 5955816
aoULAV 4e7 2 90 - 4.29 244.52 5955816
aoD2AG 4e7 2 90 - 7.86 347.57 8752820
aoD2SG 4e7 2 90 - 8.15 400.00 9071804
dry 18e2 2 226 - 0.02 0.12 26048
aoDLAV 18e2 2 226 - 0.04 0.14 30376
aoULAV 18e2 2 226 - 0.03 0.15 30384
aoD2AG 18e2 2 226 - 0.03 0.15 30788
aoD2SG 18e2 2 226 - 0.04 0.14 30824
moore 18e2 2 226 - 0.06 26.80 125420
nbpm 18e2 2 226 - 0.19 8.41 334540
greedy 18e2 2 226 - 0.25 4.26 384352
dry 3e7 2 4 - 0.33 1.05 616104
aoDLAV 3e7 2 4 - 2.71 202.99 4471432
aoULAV 3e7 2 4 - 2.61 170.64 4471428
aoD2AG 3e7 2 4 - 5.91 264.07 6571076
aoD2SG 3e7 2 4 - 6.27 300.64 6809836
dry 75e2 2 116 - 0.02 0.12 26328
aoDLAV 75e2 2 116 - 0.03 0.15 31376
aoULAV 75e2 2 116 - 0.03 0.16 31388
aoD2AG 75e2 2 116 - 0.03 0.18 31380
aoD2SG 75e2 2 116 - 0.02 0.18 31384
moore 75e2 2 116 - 0.69 383.87 1683872
nbpm 75e2 2 116 - 4.27 160.52 4242124
greedy 75e2 2 116 - 3.53 160.42 6183092
dry 32e6 2 202 - 0.38 1.09 655176
aoDLAV 32e6 2 202 - 2.80 188.34 4768328
aoULAV 32e6 2 202 - 3.57 193.49 4768328
aoD2AG 32e6 2 202 - 6.14 268.58 7005548
aoD2SG 32e6 2 202 - 6.74 323.13 7262628
dry 56e2 2 183 - 0.02 0.12 26236
aoDLAV 56e2 2 183 - 0.02 0.16 30976
aoULAV 56e2 2 183 - 0.02 0.15 30992
aoD2AG 56e2 2 183 - 0.02 0.17 31972
aoD2SG 56e2 2 183 - 0.02 0.18 31120
moore 56e2 2 183 - 0.83 255.34 952728
nbpm 56e2 2 183 - 2.37 80.51 2388088
greedy 56e2 2 183 - 2.09 77.87 3460488
dry 56e6 2 225 - 0.60 1.81 1123924
aoDLAV 56e6 2 225 - 4.53 338.47 8330816
aoULAV 56e6 2 225 - 6.10 357.90 8330816
aoD2AG 56e6 2 225 - 10.93 492.72 12247544
aoD2SG 56e6 2 225 - 11.96 592.55 12692044
dry 56e2 2 192 - 0.03 0.11 26236
aoDLAV 56e2 2 192 - 0.03 0.15 30976
aoULAV 56e2 2 192 - 0.04 0.14 31008
aoD2AG 56e2 2 192 - 0.04 0.18 32000
aoD2SG 56e2 2 192 - 0.03 0.18 31128
moore 56e2 2 192 - 0.67 231.21 952700
nbpm 56e2 2 192 - 2.38 74.63 2388084
greedy 56e2 2 192 - 2.08 80.65 3460488
dry 18e6 2 128 - 0.23 0.69 381736
aoDLAV 18e6 2 128 - 1.55 95.36 2690196
aoULAV 18e6 2 128 - 1.54 102.44 2690192
aoD2AG 18e6 2 128 - 3.11 148.08 3949552
aoD2SG 18e6 2 128 - 3.94 167.84 4092948
dry 1e4 10 61 - 0.03 0.12 29116
aoDLAV 1e4 10 61 - 0.04 0.71 32764
aoULAV 1e4 10 61 - 0.03 0.70 32780
aoD2AG 1e4 10 61 - 0.03 0.73 32744
aoD2SG 1e4 10 61 - 0.03 0.97 34176
moore 1e4 10 61 - 1.17 922.87 2963856
nbpm 1e4 10 61 - 7.65 833.79 7764388
greedy 1e4 10 61 - 6.54 271.58 10961152
dry 32e2 2 156 - 0.03 0.13 26112
aoDLAV 32e2 2 156 - 0.04 0.14 30540
aoULAV 32e2 2 156 - 0.03 0.15 30552
aoD2AG 32e2 2 156 - 0.04 0.15 31204
aoD2SG 32e2 2 156 - 0.03 0.17 31260
moore 32e2 2 156 - 0.23 48.85 330520
nbpm 32e2 2 156 - 0.85 19.06 854760
greedy 32e2 2 156 - 0.78 20.52 1150168
dry 18e2 2 9 - 0.03 0.12 26048
aoDLAV 18e2 2 9 - 0.03 0.14 30376
aoULAV 18e2 2 9 - 0.03 0.15 30388
aoD2AG 18e2 2 9 - 0.03 0.16 30808
aoD2SG 18e2 2 9 - 0.03 0.16 30836
moore 18e2 2 9 - 0.08 16.83 125408
nbpm 18e2 2 9 - 0.20 7.58 334548
greedy 18e2 2 9 - 0.26 4.45 384348
dry 32e6 2 238 - 0.45 1.09 655176
aoDLAV 32e6 2 238 - 2.69 180.01 4768324
aoULAV 32e6 2 238 - 2.76 189.04 4768324
aoD2AG 32e6 2 238 - 6.35 273.61 7007820
aoD2SG 32e6 2 238 - 6.77 313.97 7261952
dry 6e7 2 209 - 0.61 1.90 1202044
aoDLAV 6e7 2 209 - 4.78 357.18 8924564
aoULAV 6e7 2 209 - 6.35 379.06 8924560
aoD2AG 6e7 2 209 - 11.45 530.99 13120912
aoD2SG 6e7 2 209 - 12.18 638.12 13599156
dry 6e7 2 245 - 0.68 1.90 1202048
aoDLAV 6e7 2 245 - 5.09 355.37 8924564
aoULAV 6e7 2 245 - 6.77 381.79 8924560
aoD2AG 6e7 2 245 - 11.97 524.63 13120468
aoD2SG 6e7 2 245 - 12.73 670.77 13599652
dry 32e2 2 26 - 0.03 0.11 26112
aoDLAV 32e2 2 26 - 0.03 0.14 30540
aoULAV 32e2 2 26 - 0.03 0.15 30548
aoD2AG 32e2 2 26 - 0.03 0.14 31216
aoD2SG 32e2 2 26 - 0.03 0.15 31268
moore 32e2 2 26 - 0.24 58.94 330568
nbpm 32e2 2 26 - 0.96 20.16 854760
greedy 32e2 2 26 - 0.69 20.05 1150164
dry 4e7 2 77 - 0.42 1.33 811424
aoDLAV 4e7 2 77 - 3.29 222.99 5955816
aoULAV 4e7 2 77 - 4.19 267.34 5955816
aoD2AG 4e7 2 77 - 7.49 336.36 8753076
aoD2SG 4e7 2 77 - 8.34 400.15 9072184
dry 5e7 2 218 - 0.60 1.65 1006736
aoDLAV 5e7 2 218 - 4.29 310.96 7440192
aoULAV 5e7 2 218 - 5.50 311.81 7440192
aoD2AG 5e7 2 218 - 10.37 449.76 10937964
aoD2SG 5e7 2 218 - 10.62 507.47 11335312
dry 3e7 2 121 - 0.34 1.02 616104
aoDLAV 3e7 2 121 - 2.69 214.84 4471428
aoULAV 3e7 2 121 - 3.23 172.30 4471432
aoD2AG 3e7 2 121 - 5.27 252.01 6570460
aoD2SG 3e7 2 121 - 6.23 297.34 6809920
dry 7e7 2 239 - 0.81 2.19 1397356
aoDLAV 7e7 2 239 - 5.90 430.44 10408940
aoULAV 7e7 2 239 - 7.82 448.51 10408940
aoD2AG 7e7 2 239 - 13.58 638.52 15306016
aoD2SG 7e7 2 239 - 14.49 750.71 15864280
dry 32e6 2 49 - 0.36 1.08 655176
aoDLAV 32e6 2 49 - 2.56 177.35 4768324
aoULAV 32e6 2 49 - 3.41 198.66 4768324
aoD2AG 32e6 2 49 - 5.66 271.96 7007264
aoD2SG 32e6 2 49 - 6.47 332.00 7261440
