dry 56e5 2 86 - 0.08 0.29 139544
aoDLAV 56e5 2 86 - 0.45 17.53 849556
aoULAV 56e5 2 86 - 0.41 27.84 849560
aoD2AG 56e5 2 86 - 0.67 32.99 1242500
aoD2SG 56e5 2 86 - 0.74 46.29 1287252
dry 32e5 2 135 - 0.05 0.26 92708
aoDLAV 32e5 2 135 - 0.25 11.86 493324
aoULAV 32e5 2 135 - 0.24 12.58 493336
aoD2AG 32e5 2 135 - 0.42 18.26 719336
aoD2SG 32e5 2 135 - 0.37 20.53 743532
dry 1e7 2 42 - 0.12 0.43 225488
aoDLAV 1e7 2 42 - 0.75 44.52 1502684
aoULAV 1e7 2 42 - 0.95 46.90 1502684
aoD2AG 1e7 2 42 - 1.56 67.46 2204544
aoD2SG 1e7 2 42 - 1.67 77.43 2284220
dry 56e5 2 91 - 0.07 0.34 139544
aoDLAV 56e5 2 91 - 0.47 23.46 849556
aoULAV 56e5 2 91 - 0.43 24.54 849560
aoD2AG 56e5 2 91 - 0.75 33.86 1243200
aoD2SG 56e5 2 91 - 0.93 40.95 1288080
dry 1e7 5 27 - 0.23 0.84 459868
aoDLAV 1e7 5 27 - 1.07 212.20 2323016
aoULAV 1e7 5 27 - 1.13 214.21 2323016
aoD2AG 1e7 5 27 - 2.47 235.61 3064964
aoD2SG 1e7 5 27 - 2.49 279.15 3150680
dry 1e7 10 229 - 0.40 1.36 850508
aoDLAV 1e7 10 229 - 2.03 4756.21 3533956
aoULAV 1e7 10 229 - 2.83 4820.44 3534060
aoD2AG 1e7 10 229 - 4.06 4868.75 4336632
aoD2SG 1e7 10 229 - 3.86 5823.34 4427648
dry 18e5 2 97 - 0.04 0.21 65324
aoDLAV 18e5 2 97 - 0.18 6.31 285508
aoULAV 18e5 2 97 - 0.17 6.82 285524
aoD2AG 18e5 2 97 - 0.25 10.36 411496
aoD2SG 18e5 2 97 - 0.24 11.30 427200
dry 1e7 10 155 - 0.43 1.38 850508
aoDLAV 1e7 10 155 - 1.63 7000.01 3533968
aoULAV 1e7 10 155 - 2.50 4818.46 3533992
aoD2AG 1e7 10 155 - 3.61 4731.82 4336924
aoD2SG 1e7 10 155 - 3.71 5701.63 4424980
dry 1e7 2 246 - 0.13 0.43 225484
aoDLAV 1e7 2 246 - 0.77 44.71 1502688
aoULAV 1e7 2 246 - 0.77 47.40 1502684
aoD2AG 1e7 2 246 - 1.51 67.30 2203368
aoD2SG 1e7 2 246 - 1.67 77.63 2284268
dry 1e7 5 117 - 0.23 0.79 459868
aoDLAV 1e7 5 117 - 1.09 217.81 2323020
aoULAV 1e7 5 117 - 1.07 220.94 2323016
aoD2AG 1e7 5 117 - 2.43 242.88 3064544
aoD2SG 1e7 5 117 - 2.54 288.48 3151288
dry 18e5 2 23 - 0.04 0.21 65324
aoDLAV 18e5 2 23 - 0.13 6.49 285508
aoULAV 18e5 2 23 - 0.17 6.82 285520
aoD2AG 18e5 2 23 - 0.26 9.94 411664
aoD2SG 18e5 2 23 - 0.27 11.27 427008
dry 1e7 10 66 - 0.44 1.39 850508
aoDLAV 1e7 10 66 - 2.33 4869.09 3534060
aoULAV 1e7 10 66 - 2.45 6734.58 3533956
aoD2AG 1e7 10 66 - 3.49 4858.23 4337628
aoD2SG 1e7 10 66 - 3.66 5582.56 4428512
dry 1e7 10 73 - 0.43 1.36 850508
aoDLAV 1e7 10 73 - 1.52 4709.48 3533952
aoULAV 1e7 10 73 - 2.30 5307.87 3533956
aoD2AG 1e7 10 73 - 3.47 4783.03 4337760
aoD2SG 1e7 10 73 - 3.62 5806.54 4427128
dry 32e5 2 215 - 0.06 0.25 92676
aoDLAV 32e5 2 215 - 0.28 11.88 493324
aoULAV 32e5 2 215 - 0.27 12.88 493336
aoD2AG 32e5 2 215 - 0.46 18.15 717484
aoD2SG 32e5 2 215 - 0.41 20.58 744256
dry 18e5 2 121 - 0.04 0.22 65324
aoDLAV 18e5 2 121 - 0.15 6.49 285508
aoULAV 18e5 2 121 - 0.14 6.92 285520
aoD2AG 18e5 2 121 - 0.24 9.91 413388
aoD2SG 18e5 2 121 - 0.28 11.25 426848
dry 1e7 10 45 - 0.44 1.38 850512
aoDLAV 1e7 10 45 - 1.88 5923.86 3533952
aoULAV 1e7 10 45 - 2.93 4806.24 3534004
aoD2AG 1e7 10 45 - 3.50 4791.12 4335632
aoD2SG 1e7 10 45 - 3.65 5711.93 4426376
dry 56e5 2 71 - 0.07 0.32 139548
aoDLAV 56e5 2 71 - 0.45 22.29 849556
aoULAV 56e5 2 71 - 0.44 24.08 849560
aoD2AG 56e5 2 71 - 0.71 33.89 1242960
aoD2SG 56e5 2 71 - 0.75 38.87 1287308
dry 1e7 10 40 - 0.39 1.38 850512
aoDLAV 1e7 10 40 - 1.46 4806.53 3533960
aoULAV 1e7 10 40 - 2.64 5685.30 3533956
aoD2AG 1e7 10 40 - 3.55 4725.84 4336416
aoD2SG 1e7 10 40 - 3.64 5665.20 4427224
dry 56e5 2 125 - 0.09 0.32 139544
aoDLAV 56e5 2 125 - 0.51 26.98 849556
aoULAV 56e5 2 125 - 0.53 28.30 849556
aoD2AG 56e5 2 125 - 0.86 39.85 1242952
aoD2SG 56e5 2 125 - 0.92 45.15 1287340
dry 32e5 2 133 - 0.07 0.25 92676
aoDLAV 32e5 2 133 - 0.31 14.08 493324
aoULAV 32e5 2 133 - 0.32 14.86 493340
aoD2AG 32e5 2 133 - 0.46 21.03 717660
aoD2SG 32e5 2 133 - 0.51 23.97 744416
dry 1e7 10 170 - 0.55 1.39 850508
aoDLAV 1e7 10 170 - 2.33 6110.82 3533956
aoULAV 1e7 10 170 - 2.40 5367.90 3533952
aoD2AG 1e7 10 170 - 3.44 4598.28 4337820
aoD2SG 1e7 10 170 - 3.64 6371.17 4425108
