dry 5e7 2 49 - 0.56 1.61 1006736
aoDLAV 5e7 2 49 - 3.98 301.28 7440192
aoULAV 5e7 2 49 - 5.37 326.18 7440192
aoD2AG 5e7 2 49 - 9.66 445.53 10937836
aoD2SG 5e7 2 49 - 10.15 522.45 11336732
dry 56e2 2 61 - 0.02 0.12 26236
aoDLAV 56e2 2 61 - 0.03 0.15 30980
aoULAV 56e2 2 61 - 0.03 0.15 30992
aoD2AG 56e2 2 61 - 0.03 0.17 31980
aoD2SG 56e2 2 61 - 0.03 0.19 31128
moore 56e2 2 61 - 0.68 226.87 952716
nbpm 56e2 2 61 - 2.50 102.76 2388080
greedy 56e2 2 61 - 1.99 81.44 3460492
dry 25e2 2 33 - 0.02 0.12 26084
aoDLAV 25e2 2 33 - 0.03 0.15 30452
aoULAV 25e2 2 33 - 0.03 0.15 30464
aoD2AG 25e2 2 33 - 0.03 0.15 30988
aoD2SG 25e2 2 33 - 0.03 0.15 31016
moore 25e2 2 33 - 0.10 39.93 213596
nbpm 25e2 2 33 - 0.54 13.30 541636
greedy 25e2 2 33 - 0.43 9.65 713664
dry 32e2 2 212 - 0.03 0.11 26112
aoDLAV 32e2 2 212 - 0.03 0.15 30540
aoULAV 32e2 2 212 - 0.02 0.16 30548
aoD2AG 32e2 2 212 - 0.03 0.15 31208
aoD2SG 32e2 2 212 - 0.02 0.16 31268
moore 32e2 2 212 - 0.34 73.66 330516
nbpm 32e2 2 212 - 0.88 23.33 854752
greedy 32e2 2 212 - 0.78 22.68 1150168
dry 3e7 2 13 - 0.35 1.06 616104
aoDLAV 3e7 2 13 - 2.70 173.59 4471432
aoULAV 3e7 2 13 - 2.79 190.10 4471428
aoD2AG 3e7 2 13 - 5.85 258.07 6569540
aoD2SG 3e7 2 13 - 6.30 378.17 6808852
dry 3e7 2 226 - 0.34 1.03 616104
aoDLAV 3e7 2 226 - 2.64 173.69 4471428
aoULAV 3e7 2 226 - 3.33 181.84 4471428
aoD2AG 3e7 2 226 - 5.99 249.26 6570072
aoD2SG 3e7 2 226 - 5.75 297.46 6809948
dry 56e2 2 146 - 0.03 0.12 26240
aoDLAV 56e2 2 146 - 0.02 0.17 30976
aoULAV 56e2 2 146 - 0.03 0.15 30988
aoD2AG 56e2 2 146 - 0.03 0.17 31980
aoD2SG 56e2 2 146 - 0.03 0.18 31124
moore 56e2 2 146 - 0.40 158.34 949992
nbpm 56e2 2 146 - 2.32 73.78 2388088
greedy 56e2 2 146 - 2.15 80.89 3460492
dry 4e7 2 114 - 1.34 1.36 811428
aoDLAV 4e7 2 114 - 3.50 224.20 5955820
aoULAV 4e7 2 114 - 3.40 243.60 5955816
aoD2AG 4e7 2 114 - 7.49 344.07 8751948
aoD2SG 4e7 2 114 - 8.63 422.61 9072100
dry 1e4 2 240 - 0.03 0.12 28312
aoDLAV 1e4 2 240 - 0.03 0.17 31864
aoULAV 1e4 2 240 - 0.03 0.17 31876
aoD2AG 1e4 2 240 - 0.02 0.19 31880
aoD2SG 1e4 2 240 - 0.03 0.18 31992
moore 1e4 2 240 - 1.13 1255.74 2960580
nbpm 1e4 2 240 - 7.35 357.02 7889424
greedy 1e4 2 240 - 7.09 285.84 10968568
dry 6e7 2 233 - 0.68 1.90 1202096
aoDLAV 6e7 2 233 - 5.24 429.17 8924560
aoULAV 6e7 2 233 - 6.66 383.72 8924560
aoD2AG 6e7 2 233 - 12.18 641.23 13121468
aoD2SG 6e7 2 233 - 13.42 650.81 13599840
dry 1e4 5 156 - 0.03 0.14 28672
aoDLAV 1e4 5 156 - 0.04 0.24 31088
aoULAV 1e4 5 156 - 0.04 0.22 31096
aoD2AG 1e4 5 156 - 0.04 0.23 32108
aoD2SG 1e4 5 156 - 0.04 0.23 32108
moore 1e4 5 156 - 1.19 1107.90 2961732
nbpm 1e4 5 156 - 7.64 571.84 7811564
greedy 1e4 5 156 - 7.11 301.03 10959172
dry 32e2 2 246 - 0.03 0.12 26112
aoDLAV 32e2 2 246 - 0.03 0.15 30540
aoULAV 32e2 2 246 - 0.03 0.15 30548
aoD2AG 32e2 2 246 - 0.03 0.15 31204
aoD2SG 32e2 2 246 - 0.03 0.15 31268
moore 32e2 2 246 - 0.40 95.32 330520
nbpm 32e2 2 246 - 0.89 20.73 854760
greedy 32e2 2 246 - 0.69 19.68 1150164
dry 7e7 2 45 - 0.78 2.21 1397360
aoDLAV 7e7 2 45 - 5.88 413.33 10408940
aoULAV 7e7 2 45 - 8.18 465.22 10408936
aoD2AG 7e7 2 45 - 14.75 638.37 15303584
aoD2SG 7e7 2 45 - 14.69 747.37 15862740
dry 1e4 10 127 - 0.03 0.12 29032
aoDLAV 1e4 10 127 - 0.04 0.67 32764
aoULAV 1e4 10 127 - 0.04 0.67 32776
aoD2AG 1e4 10 127 - 0.03 0.71 32748
aoD2SG 1e4 10 127 - 0.03 0.82 34176
moore 1e4 10 127 - 1.19 943.32 2963856
nbpm 1e4 10 127 - 7.76 736.68 7764392
greedy 1e4 10 127 - 6.37 280.52 10961108
dry 3e7 2 70 - 0.35 1.05 616108
aoDLAV 3e7 2 70 - 2.64 169.21 4471428
aoULAV 3e7 2 70 - 2.80 179.38 4471428
aoD2AG 3e7 2 70 - 6.11 257.97 6569604
aoD2SG 3e7 2 70 - 6.15 295.93 6808336
dry 4e7 2 78 - 0.51 1.32 811424
aoDLAV 4e7 2 78 - 3.35 239.41 5955816
aoULAV 4e7 2 78 - 4.29 240.37 5955816
aoD2AG 4e7 2 78 - 7.88 349.55 8752668
aoD2SG 4e7 2 78 - 8.53 403.55 9072736
dry 32e2 2 121 - 0.02 0.12 26112
aoDLAV 32e2 2 121 - 0.03 0.15 30540
aoULAV 32e2 2 121 - 0.03 0.15 30552
aoD2AG 32e2 2 121 - 0.03 0.16 31208
aoD2SG 32e2 2 121 - 0.02 0.16 31256
moore 32e2 2 121 - 0.16 38.12 330524
nbpm 32e2 2 121 - 0.91 19.98 854760
greedy 32e2 2 121 - 0.71 22.79 1150164
dry 3e7 2 28 - 0.37 1.03 616108
aoDLAV 3e7 2 28 - 2.57 177.06 4471428
aoULAV 3e7 2 28 - 2.62 186.12 4471432
aoD2AG 3e7 2 28 - 5.94 259.94 6570984
aoD2SG 3e7 2 28 - 6.22 291.10 6811080
dry 3e7 2 55 - 0.41 1.05 616104
aoDLAV 3e7 2 55 - 2.55 169.30 4471428
aoULAV 3e7 2 55 - 2.39 174.93 4471432
aoD2AG 3e7 2 55 - 5.78 253.46 6572640
aoD2SG 3e7 2 55 - 6.12 286.41 6810880
dry 1e4 10 12 - 0.02 0.12 27692
aoDLAV 1e4 10 12 - 0.03 0.70 32768
aoULAV 1e4 10 12 - 0.04 0.67 32780
aoD2AG 1e4 10 12 - 0.04 0.70 32744
aoD2SG 1e4 10 12 - 0.03 0.77 34176
moore 1e4 10 12 - 1.32 1116.47 2963852
nbpm 1e4 10 12 - 7.71 904.88 7764384
greedy 1e4 10 12 - 6.47 272.96 10961108
dry 25e2 2 63 - 0.03 0.12 26080
aoDLAV 25e2 2 63 - 0.03 0.15 30452
aoULAV 25e2 2 63 - 0.02 0.16 30464
aoD2AG 25e2 2 63 - 0.03 0.16 30976
aoD2SG 25e2 2 63 - 0.03 0.15 31012
moore 25e2 2 63 - 0.10 30.27 213596
nbpm 25e2 2 63 - 0.57 12.46 541632
greedy 25e2 2 63 - 0.47 10.24 713664
dry 56e6 2 1 - 0.73 1.79 1123924
aoDLAV 56e6 2 1 - 4.88 342.82 8330816
aoULAV 56e6 2 1 - 6.49 346.41 8330820
aoD2AG 56e6 2 1 - 11.55 496.38 12246972
aoD2SG 56e6 2 1 - 11.97 603.77 12696844
dry 3e7 2 168 - 0.34 1.02 616104
aoDLAV 3e7 2 168 - 2.54 163.89 4471432
aoULAV 3e7 2 168 - 2.73 175.16 4471428
aoD2AG 3e7 2 168 - 5.91 253.46 6568804
aoD2SG 3e7 2 168 - 6.44 300.15 6809352
dry 4e7 2 126 - 0.46 1.33 811424
aoDLAV 4e7 2 126 - 3.61 297.42 5955820
aoULAV 4e7 2 126 - 4.58 246.42 5955816
aoD2AG 4e7 2 126 - 8.23 337.41 8752060
aoD2SG 4e7 2 126 - 8.30 411.38 9071408
dry 18e2 2 92 - 0.02 0.12 26048
aoDLAV 18e2 2 92 - 0.02 0.15 30376
aoULAV 18e2 2 92 - 0.02 0.15 30384
aoD2AG 18e2 2 92 - 0.01 0.16 30772
aoD2SG 18e2 2 92 - 0.02 0.15 30816
moore 18e2 2 92 - 0.06 26.11 125412
nbpm 18e2 2 92 - 0.19 7.64 334528
greedy 18e2 2 92 - 0.24 4.51 384356
dry 1e4 5 202 - 0.02 0.12 28664
aoDLAV 1e4 5 202 - 0.03 0.22 31084
aoULAV 1e4 5 202 - 0.03 0.22 31096
aoD2AG 1e4 5 202 - 0.03 0.23 32112
aoD2SG 1e4 5 202 - 0.03 0.23 32108
moore 1e4 5 202 - 1.16 814.22 2961736
nbpm 1e4 5 202 - 7.73 842.93 7811456
greedy 1e4 5 202 - 6.90 308.56 10959172
dry 50e2 2 30 - 0.03 0.11 26204
aoDLAV 50e2 2 30 - 0.04 0.15 30852
aoULAV 50e2 2 30 - 0.04 0.15 30860
aoD2AG 50e2 2 30 - 0.04 0.15 31796
aoD2SG 50e2 2 30 - 0.03 0.18 31896
moore 50e2 2 30 - 0.51 169.51 764628
nbpm 50e2 2 30 - 1.95 55.10 2011924
greedy 50e2 2 30 - 1.64 59.27 2764780
dry 1e4 5 21 - 0.03 0.13 26904
aoDLAV 1e4 5 21 - 0.03 0.22 31084
aoULAV 1e4 5 21 - 0.03 0.22 31100
aoD2AG 1e4 5 21 - 0.04 0.22 32108
aoD2SG 1e4 5 21 - 0.03 0.24 32112
moore 1e4 5 21 - 1.20 1100.13 2961736
nbpm 1e4 5 21 - 7.60 565.61 7811456
greedy 1e4 5 21 - 6.76 295.17 10959172
dry 3e7 2 43 - 0.37 1.05 616104
aoDLAV 3e7 2 43 - 2.61 165.65 4471432
aoULAV 3e7 2 43 - 2.65 221.74 4471432
aoD2AG 3e7 2 43 - 6.22 260.40 6573144
aoD2SG 3e7 2 43 - 6.58 301.31 6810704
dry 56e2 2 38 - 0.02 0.13 26236
aoDLAV 56e2 2 38 - 0.02 0.16 30976
aoULAV 56e2 2 38 - 0.03 0.15 30988
aoD2AG 56e2 2 38 - 0.04 0.17 31992
aoD2SG 56e2 2 38 - 0.03 0.18 31124
moore 56e2 2 38 - 0.65 211.28 952720
nbpm 56e2 2 38 - 2.49 78.15 2388080
greedy 56e2 2 38 - 2.02 78.64 3460488
dry 1e4 5 37 - 0.03 0.12 26900
aoDLAV 1e4 5 37 - 0.03 0.22 31084
aoULAV 1e4 5 37 - 0.03 0.22 31096
aoD2AG 1e4 5 37 - 0.03 0.23 32108
aoD2SG 1e4 5 37 - 0.03 0.23 32108
moore 1e4 5 37 - 1.16 1000.46 2961736
nbpm 1e4 5 37 - 7.69 612.30 7811568
greedy 1e4 5 37 - 6.60 295.30 10959172
dry 1e4 2 159 - 0.03 0.13 28428
aoDLAV 1e4 2 159 - 0.04 0.19 31868
aoULAV 1e4 2 159 - 0.04 0.18 31876
aoD2AG 1e4 2 159 - 0.03 0.19 31876
aoD2SG 1e4 2 159 - 0.04 0.19 31988
moore 1e4 2 159 - 1.12 1012.63 2960576
nbpm 1e4 2 159 - 7.80 374.93 7889416
greedy 1e4 2 159 - 6.79 274.96 10968572
dry 1e4 5 1 - 0.03 0.12 28924
aoDLAV 1e4 5 1 - 0.04 0.22 31084
aoULAV 1e4 5 1 - 0.04 0.21 31096
aoD2AG 1e4 5 1 - 0.03 0.23 32108
aoD2SG 1e4 5 1 - 0.03 0.24 32112
moore 1e4 5 1 - 1.18 1419.81 2961732
nbpm 1e4 5 1 - 7.54 601.89 7811452
greedy 1e4 5 1 - 6.60 337.73 10959172
dry 18e6 2 19 - 0.23 0.69 381736
aoDLAV 18e6 2 19 - 1.47 96.67 2690196
aoULAV 18e6 2 19 - 1.62 104.30 2690196
aoD2AG 18e6 2 19 - 3.58 145.38 3950240
aoD2SG 18e6 2 19 - 3.54 169.76 4095880
dry 18e2 2 25 - 0.03 0.12 26048
aoDLAV 18e2 2 25 - 0.03 0.14 30376
aoULAV 18e2 2 25 - 0.03 0.15 30384
aoD2AG 18e2 2 25 - 0.03 0.15 30776
aoD2SG 18e2 2 25 - 0.03 0.15 30820
moore 18e2 2 25 - 0.07 11.71 125408
nbpm 18e2 2 25 - 0.19 8.45 334528
greedy 18e2 2 25 - 0.24 4.92 384352
dry 56e6 2 9 - 0.65 1.79 1123924
aoDLAV 56e6 2 9 - 4.88 329.57 8330820
aoULAV 56e6 2 9 - 5.92 348.69 8330816
aoD2AG 56e6 2 9 - 10.91 518.63 12249172
aoD2SG 56e6 2 9 - 12.09 611.00 12695152
dry 75e2 2 160 - 0.03 0.11 26332
aoDLAV 75e2 2 160 - 0.03 0.15 31380
aoULAV 75e2 2 160 - 0.02 0.17 31392
aoD2AG 75e2 2 160 - 0.04 0.17 31380
aoD2SG 75e2 2 160 - 0.03 0.18 31380
moore 75e2 2 160 - 1.48 521.28 1688788
nbpm 75e2 2 160 - 4.11 159.08 4242124
greedy 75e2 2 160 - 3.88 149.93 6183092
dry 75e2 2 216 - 0.03 0.12 26332
aoDLAV 75e2 2 216 - 0.03 0.15 31380
aoULAV 75e2 2 216 - 0.02 0.16 31388
aoD2AG 75e2 2 216 - 0.03 0.18 31392
aoD2SG 75e2 2 216 - 0.03 0.18 31380
moore 75e2 2 216 - 1.70 573.26 1688784
nbpm 75e2 2 216 - 4.41 189.97 4242124
greedy 75e2 2 216 - 3.79 183.90 6183092
dry 5e7 2 168 - 0.56 1.62 1006736
aoDLAV 5e7 2 168 - 4.51 361.84 7440192
aoULAV 5e7 2 168 - 5.70 341.44 7440192
aoD2AG 5e7 2 168 - 9.80 442.01 10938312
aoD2SG 5e7 2 168 - 10.92 533.35 11336048
dry 1e4 5 157 - 0.03 0.13 26900
aoDLAV 1e4 5 157 - 0.03 0.24 31084
aoULAV 1e4 5 157 - 0.03 0.23 31096
aoD2AG 1e4 5 157 - 0.03 0.23 32108
aoD2SG 1e4 5 157 - 0.03 0.24 32108
moore 1e4 5 157 - 1.12 946.76 2961736
nbpm 1e4 5 157 - 7.78 721.85 7811464
greedy 1e4 5 157 - 6.19 300.21 10959172
dry 75e2 2 149 - 0.03 0.12 26332
aoDLAV 75e2 2 149 - 0.03 0.15 31380
aoULAV 75e2 2 149 - 0.03 0.16 31388
aoD2AG 75e2 2 149 - 0.03 0.19 31380
aoD2SG 75e2 2 149 - 0.02 0.19 31380
moore 75e2 2 149 - 0.69 383.06 1683880
nbpm 75e2 2 149 - 4.28 242.33 4242136
greedy 75e2 2 149 - 3.80 154.83 6183088
dry 5e7 2 182 - 0.57 1.59 1006736
aoDLAV 5e7 2 182 - 4.21 291.28 7440196
aoULAV 5e7 2 182 - 5.75 320.07 7440192
aoD2AG 5e7 2 182 - 10.09 434.69 10939156
aoD2SG 5e7 2 182 - 11.04 523.17 11337936
dry 56e6 2 15 - 0.65 1.78 1123956
aoDLAV 56e6 2 15 - 4.74 335.81 8330816
aoULAV 56e6 2 15 - 6.16 341.55 8330816
aoD2AG 56e6 2 15 - 11.25 478.87 12248372
aoD2SG 56e6 2 15 - 11.89 583.61 12696680
dry 18e6 2 11 - 0.26 0.70 381736
aoDLAV 18e6 2 11 - 1.52 95.38 2690192
aoULAV 18e6 2 11 - 1.56 98.22 2690192
aoD2AG 18e6 2 11 - 3.30 143.58 3951004
aoD2SG 18e6 2 11 - 3.66 166.03 4095852
dry 56e2 2 75 - 0.02 0.12 26236
aoDLAV 56e2 2 75 - 0.03 0.16 30976
aoULAV 56e2 2 75 - 0.03 0.15 30988
aoD2AG 56e2 2 75 - 0.04 0.16 31960
aoD2SG 56e2 2 75 - 0.02 0.19 31120
moore 56e2 2 75 - 0.74 230.79 952724
nbpm 56e2 2 75 - 2.39 74.95 2388092
greedy 56e2 2 75 - 2.38 82.93 3460488
dry 6e7 2 179 - 0.68 1.90 1202044
aoDLAV 6e7 2 179 - 5.18 353.62 8924560
aoULAV 6e7 2 179 - 6.62 380.71 8924564
aoD2AG 6e7 2 179 - 12.01 537.99 13124072
aoD2SG 6e7 2 179 - 12.40 634.28 13601256
dry 50e2 2 66 - 0.03 0.12 26204
aoDLAV 50e2 2 66 - 0.02 0.16 30852
aoULAV 50e2 2 66 - 0.03 0.15 30864
aoD2AG 50e2 2 66 - 0.04 0.15 31788
aoD2SG 50e2 2 66 - 0.03 0.18 31884
moore 50e2 2 66 - 0.96 243.89 764628
nbpm 50e2 2 66 - 2.10 55.01 2011924
greedy 50e2 2 66 - 1.64 59.47 2764780
dry 32e6 2 185 - 0.39 1.10 655176
aoDLAV 32e6 2 185 - 2.78 177.52 4768324
aoULAV 32e6 2 185 - 3.54 223.80 4768324
aoD2AG 32e6 2 185 - 6.20 273.13 7005576
aoD2SG 32e6 2 185 - 6.96 328.80 7261804
dry 1e4 10 165 - 0.02 0.13 27688
aoDLAV 1e4 10 165 - 0.04 0.67 32768
aoULAV 1e4 10 165 - 0.03 0.69 32776
aoD2AG 1e4 10 165 - 0.03 0.70 32744
aoD2SG 1e4 10 165 - 0.03 0.78 34176
moore 1e4 10 165 - 1.21 1123.38 2963852
nbpm 1e4 10 165 - 8.10 722.29 7764384
greedy 1e4 10 165 - 6.75 350.24 10961108
dry 4e7 2 26 - 0.49 1.32 811424
aoDLAV 4e7 2 26 - 3.70 249.16 5955816
aoULAV 4e7 2 26 - 4.40 252.15 5955816
aoD2AG 4e7 2 26 - 7.83 363.47 8754912
aoD2SG 4e7 2 26 - 8.77 431.36 9073252
dry 32e6 2 98 - 0.38 1.11 655188
aoDLAV 32e6 2 98 - 2.60 181.65 4768324
aoULAV 32e6 2 98 - 2.72 190.67 4768324
aoD2AG 32e6 2 98 - 6.14 276.16 7008624
aoD2SG 32e6 2 98 - 6.59 331.00 7262940
dry 25e2 2 214 - 0.03 0.12 26080
aoDLAV 25e2 2 214 - 0.02 0.17 30452
aoULAV 25e2 2 214 - 0.04 0.14 30464
aoD2AG 25e2 2 214 - 0.02 0.16 30996
aoD2SG 25e2 2 214 - 0.03 0.15 31040
moore 25e2 2 214 - 0.09 28.54 213604
nbpm 25e2 2 214 - 0.56 12.88 541644
greedy 25e2 2 214 - 0.42 9.86 713664
dry 75e2 2 95 - 0.02 0.12 26332
aoDLAV 75e2 2 95 - 0.02 0.16 31376
aoULAV 75e2 2 95 - 0.03 0.15 31388
aoD2AG 75e2 2 95 - 0.03 0.17 31384
aoD2SG 75e2 2 95 - 0.03 0.17 31380
moore 75e2 2 95 - 1.02 446.52 1688784
nbpm 75e2 2 95 - 4.05 191.01 4242124
greedy 75e2 2 95 - 3.49 154.57 6183092
dry 18e6 2 81 - 0.25 0.68 381736
aoDLAV 18e6 2 81 - 1.56 96.25 2690192
aoULAV 18e6 2 81 - 1.70 104.61 2690196
aoD2AG 18e6 2 81 - 3.60 149.52 3952612
aoD2SG 18e6 2 81 - 3.34 165.90 4092680
dry 4e7 2 76 - 0.46 1.32 811424
aoDLAV 4e7 2 76 - 3.22 233.40 5955816
aoULAV 4e7 2 76 - 4.45 317.29 5955816
aoD2AG 4e7 2 76 - 8.26 347.70 8757116
aoD2SG 4e7 2 76 - 8.40 395.74 9073692
