dry 56e6 2 211 - 0.61 1.80 1123928
aoDLAV 56e6 2 211 - 4.60 325.74 8330816
aoULAV 56e6 2 211 - 5.86 350.79 8330860
aoD2AG 56e6 2 211 - 10.84 504.52 12249688
aoD2SG 56e6 2 211 - 11.49 583.38 12694584
dry 50e2 2 31 - 0.02 0.12 28244
aoDLAV 50e2 2 31 - 0.03 0.15 30848
aoULAV 50e2 2 31 - 0.03 0.15 30860
aoD2AG 50e2 2 31 - 0.03 0.15 31784
aoD2SG 50e2 2 31 - 0.02 0.17 31868
moore 50e2 2 31 - 0.37 146.79 764620
nbpm 50e2 2 31 - 1.92 56.69 2011916
greedy 50e2 2 31 - 1.64 60.93 2764784
dry 25e2 2 245 - 0.02 0.12 26080
aoDLAV 25e2 2 245 - 0.03 0.14 30452
aoULAV 25e2 2 245 - 0.03 0.15 30464
aoD2AG 25e2 2 245 - 0.03 0.16 30992
aoD2SG 25e2 2 245 - 0.02 0.15 31028
moore 25e2 2 245 - 0.12 51.87 213596
nbpm 25e2 2 245 - 0.58 14.52 541640
greedy 25e2 2 245 - 0.42 10.71 713664
dry 5e7 2 144 - 0.54 1.64 1006736
aoDLAV 5e7 2 144 - 4.09 291.05 7440192
aoULAV 5e7 2 144 - 5.36 304.76 7440196
aoD2AG 5e7 2 144 - 9.72 440.58 10938944
aoD2SG 5e7 2 144 - 10.53 530.81 11337016
dry 1e4 10 131 - 0.03 0.12 27688
aoDLAV 1e4 10 131 - 0.03 0.70 32812
aoULAV 1e4 10 131 - 0.03 0.74 32776
aoD2AG 1e4 10 131 - 0.04 0.72 32744
aoD2SG 1e4 10 131 - 0.03 0.79 34176
moore 1e4 10 131 - 1.17 976.26 2963852
nbpm 1e4 10 131 - 7.36 677.24 7764384
greedy 1e4 10 131 - 6.54 292.25 10961108
dry 6e7 2 244 - 0.67 1.93 1202044
aoDLAV 6e7 2 244 - 5.18 367.12 8924564
aoULAV 6e7 2 244 - 6.46 383.46 8924560
aoD2AG 6e7 2 244 - 11.86 544.15 13121800
aoD2SG 6e7 2 244 - 12.31 631.89 13595644
dry 56e2 2 57 - 0.03 0.12 26240
aoDLAV 56e2 2 57 - 0.02 0.16 30980
aoULAV 56e2 2 57 - 0.03 0.15 30992
aoD2AG 56e2 2 57 - 0.04 0.16 31988
aoD2SG 56e2 2 57 - 0.03 0.17 31124
moore 56e2 2 57 - 0.51 200.44 952716
nbpm 56e2 2 57 - 2.29 72.33 2388080
greedy 56e2 2 57 - 1.95 79.16 3460492
dry 5e7 2 112 - 0.54 1.64 1006736
aoDLAV 5e7 2 112 - 4.38 377.88 7440196
aoULAV 5e7 2 112 - 5.51 321.43 7440192
aoD2AG 5e7 2 112 - 10.44 458.63 10938892
aoD2SG 5e7 2 112 - 10.78 528.34 11338080
dry 56e2 2 34 - 0.02 0.12 26240
aoDLAV 56e2 2 34 - 0.03 0.16 30976
aoULAV 56e2 2 34 - 0.03 0.16 30988
aoD2AG 56e2 2 34 - 0.04 0.17 31992
aoD2SG 56e2 2 34 - 0.02 0.18 31120
moore 56e2 2 34 - 0.67 227.23 952716
nbpm 56e2 2 34 - 2.41 69.75 2388076
greedy 56e2 2 34 - 2.27 84.20 3460488
dry 5e7 2 219 - 0.58 1.65 1006740
aoDLAV 5e7 2 219 - 4.26 300.57 7440192
aoULAV 5e7 2 219 - 5.54 306.85 7440192
aoD2AG 5e7 2 219 - 9.79 435.55 10938132
aoD2SG 5e7 2 219 - 10.54 523.96 11335564
dry 18e2 2 231 - 0.02 0.13 26048
aoDLAV 18e2 2 231 - 0.02 0.15 30372
aoULAV 18e2 2 231 - 0.03 0.16 30384
aoD2AG 18e2 2 231 - 0.03 0.15 30792
aoD2SG 18e2 2 231 - 0.03 0.16 30836
moore 18e2 2 231 - 0.07 12.98 125416
nbpm 18e2 2 231 - 0.19 7.39 334536
greedy 18e2 2 231 - 0.23 4.13 384352
dry 4e7 2 235 - 0.46 1.34 811424
aoDLAV 4e7 2 235 - 3.38 237.10 5955816
aoULAV 4e7 2 235 - 4.26 256.41 5955820
aoD2AG 4e7 2 235 - 8.13 425.34 8754796
aoD2SG 4e7 2 235 - 8.51 422.72 9073896
dry 32e2 2 84 - 0.03 0.12 26116
aoDLAV 32e2 2 84 - 0.03 0.15 30544
aoULAV 32e2 2 84 - 0.03 0.16 30548
aoD2AG 32e2 2 84 - 0.03 0.15 31196
aoD2SG 32e2 2 84 - 0.03 0.15 31268
moore 32e2 2 84 - 0.19 47.14 330516
nbpm 32e2 2 84 - 0.88 19.42 854752
greedy 32e2 2 84 - 0.75 21.28 1150168
dry 56e6 2 171 - 0.66 1.80 1123924
aoDLAV 56e6 2 171 - 4.60 340.79 8330816
aoULAV 56e6 2 171 - 5.73 350.96 8330816
aoD2AG 56e6 2 171 - 10.83 518.84 12246632
aoD2SG 56e6 2 171 - 11.71 610.90 12692640
dry 32e6 2 93 - 0.38 1.09 655176
aoDLAV 32e6 2 93 - 2.56 175.57 4768324
aoULAV 32e6 2 93 - 3.44 195.29 4768324
aoD2AG 32e6 2 93 - 5.62 271.52 7008152
aoD2SG 32e6 2 93 - 6.83 332.83 7263764
dry 75e2 2 76 - 0.03 0.11 26328
aoDLAV 75e2 2 76 - 0.02 0.16 31376
aoULAV 75e2 2 76 - 0.02 0.16 31388
aoD2AG 75e2 2 76 - 0.04 0.16 31380
aoD2SG 75e2 2 76 - 0.03 0.18 31384
moore 75e2 2 76 - 0.73 381.83 1683880
nbpm 75e2 2 76 - 4.07 157.32 4242184
greedy 75e2 2 76 - 4.04 158.67 6183092
dry 18e6 2 213 - 0.22 0.71 381740
aoDLAV 18e6 2 213 - 1.62 96.44 2690196
aoULAV 18e6 2 213 - 1.56 128.49 2690196
aoD2AG 18e6 2 213 - 3.63 142.65 3950204
aoD2SG 18e6 2 213 - 3.61 165.12 4094296
dry 6e7 2 7 - 0.69 1.91 1202044
aoDLAV 6e7 2 7 - 4.98 356.28 8924564
aoULAV 6e7 2 7 - 6.95 374.76 8924564
aoD2AG 6e7 2 7 - 12.33 547.59 13120104
aoD2SG 6e7 2 7 - 12.43 735.09 13601116
dry 4e7 2 185 - 0.41 1.40 811424
aoDLAV 4e7 2 185 - 3.30 233.77 5955816
aoULAV 4e7 2 185 - 3.44 241.66 5955820
aoD2AG 4e7 2 185 - 7.54 340.09 8755592
aoD2SG 4e7 2 185 - 8.37 400.73 9073240
dry 56e2 2 118 - 0.03 0.11 26236
aoDLAV 56e2 2 118 - 0.02 0.16 30976
aoULAV 56e2 2 118 - 0.03 0.15 30992
aoD2AG 56e2 2 118 - 0.03 0.17 31980
aoD2SG 56e2 2 118 - 0.03 0.17 31124
moore 56e2 2 118 - 1.00 282.23 952724
nbpm 56e2 2 118 - 2.54 76.21 2388084
greedy 56e2 2 118 - 1.86 79.53 3460488
dry 32e2 2 198 - 0.03 0.11 26112
aoDLAV 32e2 2 198 - 0.03 0.14 30540
aoULAV 32e2 2 198 - 0.02 0.15 30556
aoD2AG 32e2 2 198 - 0.03 0.16 31204
aoD2SG 32e2 2 198 - 0.04 0.15 31244
moore 32e2 2 198 - 0.25 58.79 330524
nbpm 32e2 2 198 - 0.88 20.09 854760
greedy 32e2 2 198 - 0.77 21.62 1150164
dry 75e2 2 32 - 0.03 0.12 26328
aoDLAV 75e2 2 32 - 0.03 0.16 31376
aoULAV 75e2 2 32 - 0.04 0.15 31388
aoD2AG 75e2 2 32 - 0.02 0.19 31384
aoD2SG 75e2 2 32 - 0.04 0.18 31380
moore 75e2 2 32 - 0.76 356.92 1683880
nbpm 75e2 2 32 - 4.28 171.26 4242132
greedy 75e2 2 32 - 3.81 156.02 6183092
dry 18e2 2 82 - 0.03 0.12 26052
aoDLAV 18e2 2 82 - 0.03 0.15 30376
aoULAV 18e2 2 82 - 0.04 0.14 30400
aoD2AG 18e2 2 82 - 0.03 0.16 30788
aoD2SG 18e2 2 82 - 0.04 0.15 30812
moore 18e2 2 82 - 0.06 18.86 125424
nbpm 18e2 2 82 - 0.19 7.45 334528
greedy 18e2 2 82 - 0.22 3.58 384348
dry 6e7 2 47 - 0.71 1.91 1202044
aoDLAV 6e7 2 47 - 4.93 354.51 8924560
aoULAV 6e7 2 47 - 6.78 445.48 8924560
aoD2AG 6e7 2 47 - 11.93 540.90 13120836
aoD2SG 6e7 2 47 - 12.59 753.93 13600108
dry 32e6 2 213 - 0.39 1.10 655176
aoDLAV 32e6 2 213 - 2.85 177.58 4768324
aoULAV 32e6 2 213 - 3.71 187.96 4768324
aoD2AG 32e6 2 213 - 5.84 262.01 7006576
aoD2SG 32e6 2 213 - 6.94 311.56 7262120
dry 1e4 5 8 - 0.03 0.12 27952
aoDLAV 1e4 5 8 - 0.02 0.22 31084
aoULAV 1e4 5 8 - 0.03 0.22 31096
aoD2AG 1e4 5 8 - 0.04 0.22 32160
aoD2SG 1e4 5 8 - 0.04 0.24 32108
moore 1e4 5 8 - 1.20 902.82 2961736
nbpm 1e4 5 8 - 7.46 696.84 7811460
greedy 1e4 5 8 - 6.90 305.51 10959176
dry 2e7 2 74 - 0.29 0.75 420796
aoDLAV 2e7 2 74 - 1.75 111.06 2987072
aoULAV 2e7 2 74 - 1.75 114.79 2987072
aoD2AG 2e7 2 74 - 4.05 167.81 4388212
aoD2SG 2e7 2 74 - 3.85 190.09 4547240
dry 18e6 2 73 - 0.23 0.69 381740
aoDLAV 18e6 2 73 - 1.54 94.07 2690192
aoULAV 18e6 2 73 - 1.60 105.22 2690196
aoD2AG 18e6 2 73 - 3.55 145.30 3949068
aoD2SG 18e6 2 73 - 3.45 170.71 4093992
dry 32e2 2 83 - 0.03 0.11 26112
aoDLAV 32e2 2 83 - 0.03 0.15 30544
aoULAV 32e2 2 83 - 0.03 0.16 30548
aoD2AG 32e2 2 83 - 0.04 0.16 31212
aoD2SG 32e2 2 83 - 0.02 0.16 31272
moore 32e2 2 83 - 0.33 79.61 330524
nbpm 32e2 2 83 - 0.87 19.75 854764
greedy 32e2 2 83 - 0.72 22.34 1150164
dry 50e2 2 24 - 0.03 0.11 26208
aoDLAV 50e2 2 24 - 0.03 0.14 30848
aoULAV 50e2 2 24 - 0.03 0.15 30860
aoD2AG 50e2 2 24 - 0.03 0.15 31768
aoD2SG 50e2 2 24 - 0.03 0.18 31868
moore 50e2 2 24 - 0.82 226.31 764628
nbpm 50e2 2 24 - 2.00 55.68 2011924
greedy 50e2 2 24 - 1.69 59.47 2764780
dry 5e7 2 79 - 0.62 1.63 1006736
aoDLAV 5e7 2 79 - 4.33 305.01 7440192
aoULAV 5e7 2 79 - 5.55 310.57 7440192
aoD2AG 5e7 2 79 - 10.24 453.24 10936576
aoD2SG 5e7 2 79 - 10.58 523.07 11336636
dry 56e2 2 203 - 0.03 0.11 26236
aoDLAV 56e2 2 203 - 0.03 0.15 30976
aoULAV 56e2 2 203 - 0.03 0.16 30992
aoD2AG 56e2 2 203 - 0.03 0.17 31996
aoD2SG 56e2 2 203 - 0.03 0.18 31124
moore 56e2 2 203 - 0.92 279.80 952728
nbpm 56e2 2 203 - 2.40 76.48 2388092
greedy 56e2 2 203 - 2.17 79.93 3460492
dry 5e7 2 33 - 0.55 1.62 1006736
aoDLAV 5e7 2 33 - 4.23 284.63 7440192
aoULAV 5e7 2 33 - 5.56 308.03 7440192
aoD2AG 5e7 2 33 - 10.27 449.73 10938196
aoD2SG 5e7 2 33 - 10.75 532.75 11336896
dry 6e7 2 69 - 0.78 1.95 1202044
aoDLAV 6e7 2 69 - 5.25 359.11 8924560
aoULAV 6e7 2 69 - 6.82 382.90 8924560
aoD2AG 6e7 2 69 - 12.29 634.46 13121692
aoD2SG 6e7 2 69 - 12.34 631.22 13599052
dry 5e7 2 98 - 0.56 1.61 1006736
aoDLAV 5e7 2 98 - 4.31 360.77 7440192
aoULAV 5e7 2 98 - 5.17 310.55 7440192
aoD2AG 5e7 2 98 - 9.74 447.34 10937672
aoD2SG 5e7 2 98 - 10.46 541.08 11336508
dry 4e7 2 103 - 0.51 1.30 811424
aoDLAV 4e7 2 103 - 3.42 236.94 5955816
aoULAV 4e7 2 103 - 4.36 246.70 5955816
aoD2AG 4e7 2 103 - 8.25 454.86 8754700
aoD2SG 4e7 2 103 - 8.83 469.39 9071912
dry 4e7 2 3 - 0.46 1.38 811424
aoDLAV 4e7 2 3 - 3.46 288.08 5955820
aoULAV 4e7 2 3 - 4.42 235.29 5955820
aoD2AG 4e7 2 3 - 8.05 342.10 8754480
aoD2SG 4e7 2 3 - 8.84 403.26 9076452
dry 32e6 2 95 - 0.38 1.09 655176
aoDLAV 32e6 2 95 - 2.81 213.19 4768324
aoULAV 32e6 2 95 - 3.62 188.26 4768328
aoD2AG 32e6 2 95 - 6.47 275.12 7007612
aoD2SG 32e6 2 95 - 6.49 318.52 7265060
dry 1e4 10 125 - 0.02 0.12 27688
aoDLAV 1e4 10 125 - 0.04 0.67 32764
aoULAV 1e4 10 125 - 0.03 0.68 32780
aoD2AG 1e4 10 125 - 0.03 0.70 32744
aoD2SG 1e4 10 125 - 0.02 0.78 34176
moore 1e4 10 125 - 1.18 1077.42 2963856
nbpm 1e4 10 125 - 7.86 783.88 7764392
greedy 1e4 10 125 - 7.00 276.75 10961108
dry 6e7 2 137 - 0.68 1.92 1202044
aoDLAV 6e7 2 137 - 5.19 354.24 8924560
aoULAV 6e7 2 137 - 6.58 381.62 8924560
aoD2AG 6e7 2 137 - 11.39 543.27 13120532
aoD2SG 6e7 2 137 - 12.45 634.41 13601420
dry 18e2 2 58 - 0.03 0.12 26052
aoDLAV 18e2 2 58 - 0.03 0.15 30372
aoULAV 18e2 2 58 - 0.03 0.15 30384
aoD2AG 18e2 2 58 - 0.03 0.15 30792
aoD2SG 18e2 2 58 - 0.03 0.15 30828
moore 18e2 2 58 - 0.09 12.33 125484
nbpm 18e2 2 58 - 0.20 7.62 334524
greedy 18e2 2 58 - 0.27 4.00 384356
dry 32e2 2 87 - 0.03 0.12 26112
aoDLAV 32e2 2 87 - 0.04 0.14 30540
aoULAV 32e2 2 87 - 0.03 0.15 30552
aoD2AG 32e2 2 87 - 0.03 0.15 31192
aoD2SG 32e2 2 87 - 0.03 0.16 31240
moore 32e2 2 87 - 0.27 60.14 330520
nbpm 32e2 2 87 - 0.97 20.11 854764
greedy 32e2 2 87 - 0.65 20.78 1150168
dry 56e2 2 165 - 0.03 0.12 26236
aoDLAV 56e2 2 165 - 0.03 0.15 30976
aoULAV 56e2 2 165 - 0.03 0.15 30988
aoD2AG 56e2 2 165 - 0.03 0.17 31964
aoD2SG 56e2 2 165 - 0.03 0.17 31120
moore 56e2 2 165 - 0.82 259.44 952716
nbpm 56e2 2 165 - 2.40 72.17 2388084
greedy 56e2 2 165 - 2.06 82.14 3460512
dry 18e2 2 15 - 0.02 0.12 26048
aoDLAV 18e2 2 15 - 0.04 0.15 30372
aoULAV 18e2 2 15 - 0.03 0.16 30388
aoD2AG 18e2 2 15 - 0.03 0.15 30788
aoD2SG 18e2 2 15 - 0.03 0.15 30828
moore 18e2 2 15 - 0.06 6.87 125436
nbpm 18e2 2 15 - 0.18 7.46 334528
greedy 18e2 2 15 - 0.24 3.71 384356
dry 1e4 2 133 - 0.02 0.12 26432
aoDLAV 1e4 2 133 - 0.03 0.17 31864
aoULAV 1e4 2 133 - 0.03 0.17 31876
aoD2AG 1e4 2 133 - 0.03 0.18 31880
aoD2SG 1e4 2 133 - 0.02 0.19 31988
moore 1e4 2 133 - 1.19 1073.91 2960584
nbpm 1e4 2 133 - 7.55 410.43 7889420
greedy 1e4 2 133 - 6.02 268.28 10968568
dry 56e6 2 29 - 0.63 1.79 1123928
aoDLAV 56e6 2 29 - 4.56 329.73 8330820
aoULAV 56e6 2 29 - 5.81 346.11 8330816
aoD2AG 56e6 2 29 - 10.72 497.70 12249804
aoD2SG 56e6 2 29 - 12.02 751.46 12695320
dry 25e2 2 52 - 0.03 0.12 26080
aoDLAV 25e2 2 52 - 0.03 0.15 30452
aoULAV 25e2 2 52 - 0.03 0.15 30464
aoD2AG 25e2 2 52 - 0.03 0.16 30988
aoD2SG 25e2 2 52 - 0.03 0.15 31028
moore 25e2 2 52 - 0.09 22.93 213636
nbpm 25e2 2 52 - 0.58 14.53 541648
greedy 25e2 2 52 - 0.39 10.97 713664
dry 56e6 2 97 - 0.69 1.80 1123924
aoDLAV 56e6 2 97 - 4.95 332.55 8330816
aoULAV 56e6 2 97 - 6.37 350.65 8330816
aoD2AG 56e6 2 97 - 11.38 528.35 12249052
aoD2SG 56e6 2 97 - 11.92 616.29 12695380
dry 3e7 2 72 - 0.43 0.98 616104
aoDLAV 3e7 2 72 - 2.68 176.67 4471432
aoULAV 3e7 2 72 - 2.40 181.13 4471428
aoD2AG 3e7 2 72 - 6.12 259.19 6570492
aoD2SG 3e7 2 72 - 6.42 302.48 6808796
dry 18e6 2 13 - 0.22 0.69 381740
aoDLAV 18e6 2 13 - 1.44 92.24 2690192
aoULAV 18e6 2 13 - 1.47 103.26 2690196
aoD2AG 18e6 2 13 - 3.18 144.37 3952764
aoD2SG 18e6 2 13 - 3.95 215.18 4094960
dry 4e7 2 118 - 0.45 1.32 811432
aoDLAV 4e7 2 118 - 3.31 234.37 5955816
aoULAV 4e7 2 118 - 3.56 241.97 5955820
aoD2AG 4e7 2 118 - 8.03 348.24 8756012
aoD2SG 4e7 2 118 - 8.74 458.29 9073936
dry 56e2 2 83 - 0.03 0.12 26240
aoDLAV 56e2 2 83 - 0.03 0.15 30976
aoULAV 56e2 2 83 - 0.03 0.15 30988
aoD2AG 56e2 2 83 - 0.03 0.17 32004
aoD2SG 56e2 2 83 - 0.03 0.18 31120
moore 56e2 2 83 - 0.43 148.12 949992
nbpm 56e2 2 83 - 2.53 86.79 2388088
greedy 56e2 2 83 - 2.12 80.49 3460488
dry 1e4 5 52 - 0.03 0.13 26900
aoDLAV 1e4 5 52 - 0.04 0.22 31088
aoULAV 1e4 5 52 - 0.04 0.22 31100
aoD2AG 1e4 5 52 - 0.03 0.23 32108
aoD2SG 1e4 5 52 - 0.03 0.24 32108
moore 1e4 5 52 - 1.09 958.30 2961736
nbpm 1e4 5 52 - 7.51 620.63 7811452
greedy 1e4 5 52 - 7.18 311.80 10959184
dry 56e6 2 86 - 0.81 1.86 1123924
aoDLAV 56e6 2 86 - 4.84 321.93 8330816
aoULAV 56e6 2 86 - 6.11 345.50 8330816
aoD2AG 56e6 2 86 - 10.98 506.30 12248704
aoD2SG 56e6 2 86 - 11.64 583.22 12696324
dry 75e2 2 141 - 0.03 0.12 26328
aoDLAV 75e2 2 141 - 0.03 0.16 31376
aoULAV 75e2 2 141 - 0.03 0.16 31392
aoD2AG 75e2 2 141 - 0.03 0.17 31380
aoD2SG 75e2 2 141 - 0.03 0.18 31380
moore 75e2 2 141 - 0.83 404.89 1688784
nbpm 75e2 2 141 - 4.23 151.40 4242124
greedy 75e2 2 141 - 3.98 150.95 6183092
dry 56e2 2 137 - 0.03 0.13 26240
aoDLAV 56e2 2 137 - 0.04 0.17 30980
aoULAV 56e2 2 137 - 0.03 0.18 30992
aoD2AG 56e2 2 137 - 0.03 0.19 31996
aoD2SG 56e2 2 137 - 0.03 0.19 31128
moore 56e2 2 137 - 0.54 184.37 952724
nbpm 56e2 2 137 - 2.50 73.19 2388088
greedy 56e2 2 137 - 2.22 78.33 3460488
dry 3e7 2 77 - 0.35 1.05 616104
aoDLAV 3e7 2 77 - 2.61 166.94 4471428
aoULAV 3e7 2 77 - 3.41 175.49 4471428
aoD2AG 3e7 2 77 - 5.21 248.29 6571548
aoD2SG 3e7 2 77 - 6.36 293.70 6809448
dry 1e4 5 78 - 0.03 0.12 26900
aoDLAV 1e4 5 78 - 0.03 0.22 31088
aoULAV 1e4 5 78 - 0.03 0.22 31096
aoD2AG 1e4 5 78 - 0.04 0.23 32112
aoD2SG 1e4 5 78 - 0.04 0.23 32108
moore 1e4 5 78 - 1.20 927.25 2961736
nbpm 1e4 5 78 - 7.36 634.51 7811472
greedy 1e4 5 78 - 6.62 306.09 10959176
dry 5e7 2 133 - 0.61 1.66 1006740
aoDLAV 5e7 2 133 - 4.34 295.23 7440196
aoULAV 5e7 2 133 - 5.57 311.49 7440192
aoD2AG 5e7 2 133 - 9.58 420.88 10939184
aoD2SG 5e7 2 133 - 10.14 456.44 11336872
