dry 1e8 5 113 - 1.86 5.91 4327052
aoDLAV 1e8 5 113 - 10.79 3503.42 23065204
aoULAV 1e8 5 113 - 16.28 2730.26 23065204
aoD2AG 1e8 5 113 - 25.49 2995.74 30455848
aoD2SG 1e8 5 113 - 26.74 3612.83 31307920
dry 125e2 2 250 - 0.02 0.12 26532
aoDLAV 125e2 2 250 - 0.03 0.17 30744
aoULAV 125e2 2 250 - 0.03 0.17 30708
aoD2AG 125e2 2 250 - 0.02 0.19 31376
aoD2SG 125e2 2 250 - 0.03 0.18 31376
moore 125e2 2 250 - 1.56 1757.65 4611548
nbpm 125e2 2 250 - 11.59 683.96 12302332
greedy 125e2 2 250 - 8.99 457.07 17109964
dry 18e3 2 225 - 0.03 0.11 26748
aoDLAV 18e3 2 225 - 0.03 0.19 30740
aoULAV 18e3 2 225 - 0.03 0.18 30740
aoD2AG 18e3 2 225 - 0.02 0.21 31804
aoD2SG 18e3 2 225 - 0.03 0.21 31812
moore 18e3 2 225 - 2.94 4576.81 9534976
nbpm 18e3 2 225 - 23.55 2038.40 25451056
greedy 18e3 2 225 - 20.50 1063.21 35458392
dry 150e2 2 116 - 0.03 0.11 26632
aoDLAV 150e2 2 116 - 0.03 0.18 30824
aoULAV 150e2 2 116 - 0.03 0.18 30824
aoD2AG 150e2 2 116 - 0.03 0.19 31612
aoD2SG 150e2 2 116 - 0.02 0.20 31608
moore 150e2 2 116 - 2.13 3018.91 6629348
nbpm 150e2 2 116 - 14.64 1156.62 16814168
greedy 150e2 2 116 - 14.24 698.32 24630028
dry 2e4 10 102 - 0.03 0.12 30260
aoDLAV 2e4 10 102 - 0.03 1.88 34836
aoULAV 2e4 10 102 - 0.04 1.54 34852
aoD2AG 2e4 10 102 - 0.04 1.58 36076
aoD2SG 2e4 10 102 - 0.03 1.80 36080
moore 2e4 10 102 - 3.41 6808.16 11770844
nbpm 2e4 10 102 - 28.66 5890.43 30880044
greedy 2e4 10 102 - 26.01 1379.29 43775820
dry 1e8 5 243 - 2.39 6.25 4327056
aoDLAV 1e8 5 243 - 11.62 3342.35 23065204
aoULAV 1e8 5 243 - 17.09 3294.91 23065204
aoD2AG 1e8 5 243 - 26.91 2987.02 30456512
aoD2SG 1e8 5 243 - 28.19 3656.52 31315568
dry 150e2 2 35 - 0.02 0.12 26628
aoDLAV 150e2 2 35 - 0.03 0.19 30828
aoULAV 150e2 2 35 - 0.04 0.17 30824
aoD2AG 150e2 2 35 - 0.03 0.19 31608
aoD2SG 150e2 2 35 - 0.02 0.21 31608
moore 150e2 2 35 - 2.19 3725.51 6629356
nbpm 150e2 2 35 - 14.50 1128.32 16814176
greedy 150e2 2 35 - 14.35 659.02 24630024
dry 1e8 5 94 - 2.33 6.17 4327052
aoDLAV 1e8 5 94 - 11.48 2544.27 23065204
aoULAV 1e8 5 94 - 16.43 2636.37 23065208
aoD2AG 1e8 5 94 - 26.05 2918.10 30455160
aoD2SG 1e8 5 94 - 27.17 3567.71 31310088
dry 150e2 2 99 - 0.02 0.11 26632
aoDLAV 150e2 2 99 - 0.03 0.18 30824
aoULAV 150e2 2 99 - 0.02 0.18 30824
aoD2AG 150e2 2 99 - 0.03 0.19 31612
aoD2SG 150e2 2 99 - 0.03 0.19 31656
moore 150e2 2 99 - 2.16 3235.37 6629344
nbpm 150e2 2 99 - 14.98 1382.78 16814168
greedy 150e2 2 99 - 14.35 671.57 24630028
dry 2e4 2 199 - 0.03 0.12 26828
aoDLAV 2e4 2 199 - 0.04 0.19 30808
aoULAV 2e4 2 199 - 0.04 0.19 30808
aoD2AG 2e4 2 199 - 0.03 0.21 32284
aoD2SG 2e4 2 199 - 0.03 0.22 32292
moore 2e4 2 199 - 3.60 6029.77 11765544
nbpm 2e4 2 199 - 29.50 2731.67 31402188
greedy 2e4 2 199 - 24.59 1229.69 43771040
dry 175e2 2 163 - 0.03 0.11 26732
aoDLAV 175e2 2 163 - 0.03 0.18 30716
aoULAV 175e2 2 163 - 0.04 0.18 30720
aoD2AG 175e2 2 163 - 0.03 0.20 31752
aoD2SG 175e2 2 163 - 0.03 0.21 31764
moore 175e2 2 163 - 2.64 4383.86 9014024
nbpm 175e2 2 163 - 21.60 2148.14 22863136
greedy 175e2 2 163 - 20.85 1053.74 33516976
dry 125e2 2 61 - 0.02 0.12 26532
aoDLAV 125e2 2 61 - 0.02 0.19 30708
aoULAV 125e2 2 61 - 0.03 0.18 30708
aoD2AG 125e2 2 61 - 0.02 0.19 31376
aoD2SG 125e2 2 61 - 0.04 0.18 31376
moore 125e2 2 61 - 1.58 1831.77 4611548
nbpm 125e2 2 61 - 11.75 664.30 12302328
greedy 125e2 2 61 - 9.25 458.88 17109968
dry 1e8 2 67 - 1.03 3.04 1983300
aoDLAV 1e8 2 67 - 8.06 599.62 14862068
aoULAV 1e8 2 67 - 10.76 644.66 14862068
aoD2AG 1e8 2 67 - 18.82 920.11 21854224
aoD2SG 1e8 2 67 - 20.78 1075.37 22652116
dry 8e7 2 160 - 0.86 2.46 1592676
aoDLAV 8e7 2 160 - 6.52 465.78 11893328
aoULAV 8e7 2 160 - 8.25 507.70 11893324
aoD2AG 8e7 2 160 - 14.59 735.57 17487052
aoD2SG 8e7 2 160 - 16.27 847.71 18124352
dry 2e4 5 24 - 0.03 0.11 31016
aoDLAV 2e4 5 24 - 0.03 0.28 32756
aoULAV 2e4 5 24 - 0.03 0.29 32768
aoD2AG 2e4 5 24 - 0.03 0.33 33348
aoD2SG 2e4 5 24 - 0.03 0.34 32860
moore 2e4 5 24 - 3.53 6527.91 11768084
nbpm 2e4 5 24 - 27.98 5919.83 34200504
greedy 2e4 5 24 - 25.13 1304.31 43774004
dry 18e3 2 170 - 0.02 0.12 26748
aoDLAV 18e3 2 170 - 0.03 0.19 30740
aoULAV 18e3 2 170 - 0.03 0.19 30744
aoD2AG 18e3 2 170 - 0.03 0.21 31808
aoD2SG 18e3 2 170 - 0.04 0.21 31812
moore 18e3 2 170 - 2.99 6390.52 9534984
nbpm 18e3 2 170 - 23.59 2517.06 25451064
greedy 18e3 2 170 - 21.11 999.55 35458364
dry 150e2 2 79 - 0.03 0.12 26628
aoDLAV 150e2 2 79 - 0.03 0.19 30824
aoULAV 150e2 2 79 - 0.04 0.18 30824
aoD2AG 150e2 2 79 - 0.03 0.21 31608
aoD2SG 150e2 2 79 - 0.03 0.21 31608
moore 150e2 2 79 - 2.10 3238.82 6629344
nbpm 150e2 2 79 - 14.39 1257.87 16814164
greedy 150e2 2 79 - 13.90 686.56 24630024
dry 9e7 2 180 - 0.98 2.77 1787984
aoDLAV 9e7 2 180 - 7.59 656.64 13377684
aoULAV 9e7 2 180 - 9.58 585.44 13377688
aoD2AG 9e7 2 180 - 16.86 837.26 19669244
aoD2SG 9e7 2 180 - 17.83 913.75 20388688
dry 8e7 2 245 - 0.82 2.47 1592676
aoDLAV 8e7 2 245 - 6.10 493.81 11893328
aoULAV 8e7 2 245 - 8.37 526.07 11893324
aoD2AG 8e7 2 245 - 15.14 735.73 17486172
aoD2SG 8e7 2 245 - 15.78 835.57 18124352
dry 1e8 2 181 - 1.15 2.99 1983296
aoDLAV 1e8 2 181 - 8.05 598.33 14862068
aoULAV 1e8 2 181 - 10.31 634.93 14862072
aoD2AG 1e8 2 181 - 18.21 903.99 21854320
aoD2SG 1e8 2 181 - 19.98 1077.15 22649368
dry 1e8 5 170 - 2.36 6.23 4327052
aoDLAV 1e8 5 170 - 11.64 2739.62 23065204
aoULAV 1e8 5 170 - 17.22 2722.40 23065204
aoD2AG 1e8 5 170 - 27.01 3033.18 30457604
aoD2SG 1e8 5 170 - 28.13 4247.01 31311376
dry 2e4 5 169 - 0.03 0.12 29572
aoDLAV 2e4 5 169 - 0.04 0.30 32760
aoULAV 2e4 5 169 - 0.05 0.29 32768
aoD2AG 2e4 5 169 - 0.04 0.33 33348
aoD2SG 2e4 5 169 - 0.04 0.39 32860
moore 2e4 5 169 - 3.39 7022.62 11768080
nbpm 2e4 5 169 - 29.93 4925.50 34200496
greedy 2e4 5 169 - 25.33 1281.75 43774004
dry 150e2 2 15 - 0.03 0.11 26628
aoDLAV 150e2 2 15 - 0.03 0.17 30828
aoULAV 150e2 2 15 - 0.03 0.18 30828
aoD2AG 150e2 2 15 - 0.03 0.19 31608
aoD2SG 150e2 2 15 - 0.02 0.21 31612
moore 150e2 2 15 - 2.12 2873.23 6629352
nbpm 150e2 2 15 - 14.26 1194.56 16814176
greedy 150e2 2 15 - 14.75 705.82 24630028
dry 2e4 2 122 - 0.02 0.12 27956
aoDLAV 2e4 2 122 - 0.04 0.18 30808
aoULAV 2e4 2 122 - 0.04 0.19 30812
aoD2AG 2e4 2 122 - 0.03 0.21 32288
aoD2SG 2e4 2 122 - 0.04 0.21 32292
moore 2e4 2 122 - 3.46 7131.71 11765544
nbpm 2e4 2 122 - 29.70 2857.16 31402188
greedy 2e4 2 122 - 23.95 1179.74 43771040
dry 2e4 10 124 - 0.04 0.11 31112
aoDLAV 2e4 10 124 - 0.05 1.64 34836
aoULAV 2e4 10 124 - 0.04 1.68 34848
aoD2AG 2e4 10 124 - 0.04 1.73 36076
aoD2SG 2e4 10 124 - 0.04 1.95 36076
moore 2e4 10 124 - 3.41 7175.52 11770840
nbpm 2e4 10 124 - 29.19 5565.69 30880036
greedy 2e4 10 124 - 26.65 1380.14 43775820
dry 1e8 2 131 - 1.07 3.02 1983296
aoDLAV 1e8 2 131 - 7.89 592.14 14862068
aoULAV 1e8 2 131 - 10.73 750.76 14862068
aoD2AG 1e8 2 131 - 19.17 878.19 21853476
aoD2SG 1e8 2 131 - 20.28 1039.21 22653380
dry 2e4 10 62 - 0.03 0.12 30272
aoDLAV 2e4 10 62 - 0.04 1.65 34836
aoULAV 2e4 10 62 - 0.04 1.68 34848
aoD2AG 2e4 10 62 - 0.04 1.64 36076
aoD2SG 2e4 10 62 - 0.05 1.84 36076
moore 2e4 10 62 - 3.39 6212.35 11770836
nbpm 2e4 10 62 - 29.68 5493.45 30880036
greedy 2e4 10 62 - 24.85 1253.62 43775820
dry 2e4 10 243 - 0.03 0.13 30908
aoDLAV 2e4 10 243 - 0.04 1.71 34840
aoULAV 2e4 10 243 - 0.04 1.60 34848
aoD2AG 2e4 10 243 - 0.04 1.66 36076
aoD2SG 2e4 10 243 - 0.04 1.97 36076
moore 2e4 10 243 - 4.04 8447.24 11770844
nbpm 2e4 10 243 - 29.36 5568.89 30880036
greedy 2e4 10 243 - 24.14 1312.88 43775820
dry 2e4 10 24 - 0.03 0.12 31408
aoDLAV 2e4 10 24 - 0.04 1.75 34836
aoULAV 2e4 10 24 - 0.05 1.74 34848
aoD2AG 2e4 10 24 - 0.03 1.82 36076
aoD2SG 2e4 10 24 - 0.04 1.97 36080
moore 2e4 10 24 - 3.46 6893.49 11770836
nbpm 2e4 10 24 - 28.94 5662.41 30880044
greedy 2e4 10 24 - 24.21 1721.26 43775824
dry 2e4 10 239 - 0.03 0.12 31816
aoDLAV 2e4 10 239 - 0.03 1.61 34840
aoULAV 2e4 10 239 - 0.04 1.58 34848
aoD2AG 2e4 10 239 - 0.03 1.70 36076
aoD2SG 2e4 10 239 - 0.04 1.87 36076
moore 2e4 10 239 - 3.41 7118.60 11770892
nbpm 2e4 10 239 - 28.74 5658.08 30880144
