dry 3e7 2 27 - 0.37 1.05 616108
aoDLAV 3e7 2 27 - 2.45 174.77 4471428
aoULAV 3e7 2 27 - 3.11 186.85 4471444
aoD2AG 3e7 2 27 - 5.93 260.98 6571288
aoD2SG 3e7 2 27 - 5.34 302.83 6812960
dry 7e7 2 75 - 0.79 2.17 1397356
aoDLAV 7e7 2 75 - 5.66 414.68 10408940
aoULAV 7e7 2 75 - 7.38 451.85 10408936
aoD2AG 7e7 2 75 - 14.12 649.82 15303848
aoD2SG 7e7 2 75 - 14.94 770.66 15861124
dry 18e2 2 112 - 0.02 0.13 26048
aoDLAV 18e2 2 112 - 0.02 0.15 30372
aoULAV 18e2 2 112 - 0.03 0.15 30384
aoD2AG 18e2 2 112 - 0.03 0.15 30800
aoD2SG 18e2 2 112 - 0.03 0.15 30836
moore 18e2 2 112 - 0.06 10.51 125444
nbpm 18e2 2 112 - 0.19 7.71 334536
greedy 18e2 2 112 - 0.24 4.18 384352
dry 32e2 2 41 - 0.03 0.12 26116
aoDLAV 32e2 2 41 - 0.03 0.15 30540
aoULAV 32e2 2 41 - 0.03 0.15 30552
aoD2AG 32e2 2 41 - 0.02 0.16 31212
aoD2SG 32e2 2 41 - 0.03 0.16 31272
moore 32e2 2 41 - 0.35 74.12 330516
nbpm 32e2 2 41 - 0.83 19.72 854752
greedy 32e2 2 41 - 0.67 22.32 1150164
dry 18e2 2 74 - 0.02 0.12 26048
aoDLAV 18e2 2 74 - 0.03 0.15 30376
aoULAV 18e2 2 74 - 0.03 0.15 30388
aoD2AG 18e2 2 74 - 0.02 0.15 30788
aoD2SG 18e2 2 74 - 0.03 0.15 30812
moore 18e2 2 74 - 0.06 8.13 125436
nbpm 18e2 2 74 - 0.20 7.92 334528
greedy 18e2 2 74 - 0.25 4.21 384352
dry 5e7 2 22 - 0.55 1.64 1006736
aoDLAV 5e7 2 22 - 4.34 295.51 7440192
aoULAV 5e7 2 22 - 5.53 310.83 7440192
aoD2AG 5e7 2 22 - 10.04 555.56 10939188
aoD2SG 5e7 2 22 - 10.86 534.54 11336868
dry 32e2 2 190 - 0.02 0.12 26112
aoDLAV 32e2 2 190 - 0.04 0.15 30540
aoULAV 32e2 2 190 - 0.03 0.17 30552
aoD2AG 32e2 2 190 - 0.03 0.16 31200
aoD2SG 32e2 2 190 - 0.04 0.16 31244
moore 32e2 2 190 - 0.34 73.88 330524
nbpm 32e2 2 190 - 0.92 19.41 854760
greedy 32e2 2 190 - 0.78 22.32 1150168
dry 50e2 2 205 - 0.03 0.12 28176
aoDLAV 50e2 2 205 - 0.04 0.15 30848
aoULAV 50e2 2 205 - 0.03 0.16 30860
aoD2AG 50e2 2 205 - 0.04 0.15 31776
aoD2SG 50e2 2 205 - 0.03 0.17 31856
moore 50e2 2 205 - 0.57 169.22 764628
nbpm 50e2 2 205 - 1.99 54.72 2011924
greedy 50e2 2 205 - 1.79 59.36 2764780
dry 7e7 2 213 - 0.85 2.20 1397356
aoDLAV 7e7 2 213 - 6.10 419.08 10408940
aoULAV 7e7 2 213 - 7.62 452.47 10408936
aoD2AG 7e7 2 213 - 13.46 625.21 15304436
aoD2SG 7e7 2 213 - 14.30 889.08 15863416
dry 18e6 2 34 - 0.22 0.69 381736
aoDLAV 18e6 2 34 - 1.53 96.38 2690192
aoULAV 18e6 2 34 - 1.99 101.13 2690192
aoD2AG 18e6 2 34 - 3.09 144.68 3952544
aoD2SG 18e6 2 34 - 3.48 166.32 4094748
dry 1e4 5 138 - 0.03 0.12 26900
aoDLAV 1e4 5 138 - 0.03 0.22 31084
aoULAV 1e4 5 138 - 0.03 0.22 31096
aoD2AG 1e4 5 138 - 0.02 0.24 32112
aoD2SG 1e4 5 138 - 0.04 0.23 32108
moore 1e4 5 138 - 1.24 980.88 2961732
nbpm 1e4 5 138 - 7.73 598.31 7811448
greedy 1e4 5 138 - 6.90 292.53 10959172
dry 75e2 2 219 - 0.02 0.12 28376
aoDLAV 75e2 2 219 - 0.03 0.16 31376
aoULAV 75e2 2 219 - 0.04 0.15 31388
aoD2AG 75e2 2 219 - 0.03 0.17 31380
aoD2SG 75e2 2 219 - 0.03 0.18 31380
moore 75e2 2 219 - 0.83 409.74 1688784
nbpm 75e2 2 219 - 4.29 157.06 4242124
greedy 75e2 2 219 - 3.95 151.74 6183096
dry 2e7 2 80 - 0.28 0.75 420796
aoDLAV 2e7 2 80 - 1.70 107.42 2987068
aoULAV 2e7 2 80 - 1.70 111.97 2987068
aoD2AG 2e7 2 80 - 4.15 161.77 4387544
aoD2SG 2e7 2 80 - 3.77 187.42 4545340
dry 32e2 2 204 - 0.02 0.12 26112
aoDLAV 32e2 2 204 - 0.03 0.14 30540
aoULAV 32e2 2 204 - 0.03 0.15 30552
aoD2AG 32e2 2 204 - 0.03 0.15 31204
aoD2SG 32e2 2 204 - 0.02 0.16 31260
moore 32e2 2 204 - 0.31 73.87 330520
nbpm 32e2 2 204 - 0.98 20.30 854764
greedy 32e2 2 204 - 0.82 19.99 1150164
dry 4e7 2 129 - 0.55 1.34 811424
aoDLAV 4e7 2 129 - 3.44 237.46 5955816
aoULAV 4e7 2 129 - 4.37 255.81 5955816
aoD2AG 4e7 2 129 - 8.24 355.57 8756652
aoD2SG 4e7 2 129 - 8.76 427.87 9074900
dry 1e4 10 159 - 0.03 0.13 27692
aoDLAV 1e4 10 159 - 0.04 0.68 32764
aoULAV 1e4 10 159 - 0.03 0.70 32776
aoD2AG 1e4 10 159 - 0.03 0.73 32748
aoD2SG 1e4 10 159 - 0.03 0.79 34176
moore 1e4 10 159 - 1.07 1140.10 2963852
nbpm 1e4 10 159 - 7.59 733.81 7764384
greedy 1e4 10 159 - 6.16 268.17 10961108
dry 1e4 5 80 - 0.02 0.13 28932
aoDLAV 1e4 5 80 - 0.03 0.21 31084
aoULAV 1e4 5 80 - 0.04 0.21 31096
aoD2AG 1e4 5 80 - 0.04 0.22 32108
aoD2SG 1e4 5 80 - 0.03 0.24 32108
moore 1e4 5 80 - 1.12 925.84 2961740
nbpm 1e4 5 80 - 7.79 623.07 7811452
greedy 1e4 5 80 - 6.66 305.06 10959172
dry 75e2 2 65 - 0.02 0.12 26328
aoDLAV 75e2 2 65 - 0.03 0.15 31376
aoULAV 75e2 2 65 - 0.02 0.16 31392
aoD2AG 75e2 2 65 - 0.03 0.18 31380
aoD2SG 75e2 2 65 - 0.02 0.18 31380
moore 75e2 2 65 - 0.70 373.39 1683872
nbpm 75e2 2 65 - 4.18 295.44 4242132
greedy 75e2 2 65 - 3.98 149.66 6183096
dry 18e6 2 236 - 0.25 0.69 381736
aoDLAV 18e6 2 236 - 1.61 93.04 2690196
aoULAV 18e6 2 236 - 1.58 103.04 2690192
aoD2AG 18e6 2 236 - 3.12 148.81 3949876
aoD2SG 18e6 2 236 - 4.14 166.19 4094944
dry 1e4 2 217 - 0.03 0.12 26436
aoDLAV 1e4 2 217 - 0.03 0.18 31864
aoULAV 1e4 2 217 - 0.03 0.18 31876
aoD2AG 1e4 2 217 - 0.03 0.19 31876
aoD2SG 1e4 2 217 - 0.03 0.19 31992
moore 1e4 2 217 - 1.23 1288.38 2960572
nbpm 1e4 2 217 - 7.45 351.58 7889416
greedy 1e4 2 217 - 6.47 269.39 10968568
dry 56e6 2 212 - 0.65 1.75 1123928
aoDLAV 56e6 2 212 - 4.55 330.75 8330816
aoULAV 56e6 2 212 - 6.08 352.05 8330816
aoD2AG 56e6 2 212 - 11.02 509.67 12249104
aoD2SG 56e6 2 212 - 11.66 566.18 12693580
dry 1e4 5 153 - 0.02 0.12 26904
aoDLAV 1e4 5 153 - 0.02 0.22 31084
aoULAV 1e4 5 153 - 0.03 0.21 31100
aoD2AG 1e4 5 153 - 0.03 0.23 32108
aoD2SG 1e4 5 153 - 0.03 0.24 32164
moore 1e4 5 153 - 1.24 795.95 2961736
nbpm 1e4 5 153 - 7.49 633.05 7811452
greedy 1e4 5 153 - 6.35 291.60 10959172
dry 1e4 2 207 - 0.03 0.13 26432
aoDLAV 1e4 2 207 - 0.03 0.19 31864
aoULAV 1e4 2 207 - 0.03 0.17 31876
aoD2AG 1e4 2 207 - 0.03 0.18 31876
aoD2SG 1e4 2 207 - 0.03 0.18 31992
moore 1e4 2 207 - 1.34 978.21 2960580
nbpm 1e4 2 207 - 7.98 359.02 7889428
greedy 1e4 2 207 - 7.35 277.41 10968568
dry 32e2 2 116 - 0.02 0.13 26112
aoDLAV 32e2 2 116 - 0.03 0.16 30540
aoULAV 32e2 2 116 - 0.03 0.17 30552
aoD2AG 32e2 2 116 - 0.03 0.17 31224
aoD2SG 32e2 2 116 - 0.03 0.17 31288
moore 32e2 2 116 - 0.21 49.16 330512
nbpm 32e2 2 116 - 0.93 20.02 854756
greedy 32e2 2 116 - 0.75 22.01 1150164
dry 32e2 2 56 - 0.02 0.12 26112
aoDLAV 32e2 2 56 - 0.03 0.15 30540
aoULAV 32e2 2 56 - 0.03 0.15 30548
aoD2AG 32e2 2 56 - 0.03 0.16 31208
aoD2SG 32e2 2 56 - 0.04 0.14 31268
moore 32e2 2 56 - 0.24 59.21 330512
nbpm 32e2 2 56 - 0.96 19.51 854752
greedy 32e2 2 56 - 0.74 22.98 1150164
dry 32e6 2 132 - 0.41 1.09 655176
aoDLAV 32e6 2 132 - 2.77 181.80 4768324
aoULAV 32e6 2 132 - 3.50 188.77 4768328
aoD2AG 32e6 2 132 - 5.29 266.55 7007780
aoD2SG 32e6 2 132 - 6.58 318.98 7265212
dry 3e7 2 169 - 0.39 1.04 616128
aoDLAV 3e7 2 169 - 2.53 170.73 4471452
aoULAV 3e7 2 169 - 3.23 178.31 4471432
aoD2AG 3e7 2 169 - 5.29 251.57 6570924
aoD2SG 3e7 2 169 - 6.17 301.19 6811368
dry 5e7 2 193 - 0.59 1.63 1006736
aoDLAV 5e7 2 193 - 4.29 296.79 7440192
aoULAV 5e7 2 193 - 5.38 309.24 7440192
aoD2AG 5e7 2 193 - 9.62 430.32 10937836
aoD2SG 5e7 2 193 - 10.08 510.23 11337288
dry 56e6 2 112 - 0.63 1.78 1123924
aoDLAV 56e6 2 112 - 4.71 338.75 8330816
aoULAV 56e6 2 112 - 6.01 357.25 8330816
aoD2AG 56e6 2 112 - 11.24 501.78 12246536
aoD2SG 56e6 2 112 - 11.74 750.10 12691748
dry 5e7 2 6 - 0.59 1.60 1006736
aoDLAV 5e7 2 6 - 4.23 299.28 7440196
aoULAV 5e7 2 6 - 5.43 307.27 7440192
aoD2AG 5e7 2 6 - 9.99 436.45 10937808
aoD2SG 5e7 2 6 - 10.22 507.81 11335464
dry 3e7 2 76 - 0.42 1.08 616104
aoDLAV 3e7 2 76 - 2.56 168.29 4471428
aoULAV 3e7 2 76 - 2.65 176.29 4471432
aoD2AG 3e7 2 76 - 5.75 248.95 6570236
aoD2SG 3e7 2 76 - 6.13 290.17 6810824
dry 6e7 2 160 - 0.68 1.90 1202044
aoDLAV 6e7 2 160 - 4.89 352.07 8924564
aoULAV 6e7 2 160 - 6.35 377.05 8924560
aoD2AG 6e7 2 160 - 12.10 627.22 13120976
aoD2SG 6e7 2 160 - 12.80 718.49 13602052
dry 75e2 2 245 - 0.02 0.12 26328
aoDLAV 75e2 2 245 - 0.03 0.15 31376
aoULAV 75e2 2 245 - 0.03 0.15 31392
aoD2AG 75e2 2 245 - 0.03 0.17 31380
aoD2SG 75e2 2 245 - 0.02 0.18 31384
moore 75e2 2 245 - 0.67 384.16 1683872
nbpm 75e2 2 245 - 4.19 174.64 4242124
greedy 75e2 2 245 - 3.90 153.47 6183096
dry 18e6 2 225 - 0.25 0.69 381740
aoDLAV 18e6 2 225 - 1.67 98.23 2690192
aoULAV 18e6 2 225 - 2.06 105.03 2690192
aoD2AG 18e6 2 225 - 3.29 148.10 3949920
aoD2SG 18e6 2 225 - 3.60 171.01 4094900
dry 1e4 10 62 - 0.03 0.12 28916
aoDLAV 1e4 10 62 - 0.04 0.70 32788
aoULAV 1e4 10 62 - 0.03 0.71 32776
aoD2AG 1e4 10 62 - 0.04 0.80 32744
aoD2SG 1e4 10 62 - 0.04 0.80 34176
moore 1e4 10 62 - 1.15 1679.57 2963852
nbpm 1e4 10 62 - 7.86 964.83 7764388
greedy 1e4 10 62 - 6.97 276.77 10961108
dry 3e7 2 54 - 0.40 1.05 616168
aoDLAV 3e7 2 54 - 2.54 168.08 4471432
aoULAV 3e7 2 54 - 2.69 179.20 4471428
aoD2AG 3e7 2 54 - 6.02 247.36 6572656
aoD2SG 3e7 2 54 - 6.58 295.12 6811596
dry 56e6 2 17 - 0.71 1.81 1123924
aoDLAV 56e6 2 17 - 4.97 329.45 8330816
aoULAV 56e6 2 17 - 6.10 353.25 8330816
aoD2AG 56e6 2 17 - 11.37 531.24 12247364
aoD2SG 56e6 2 17 - 11.93 696.35 12694040
dry 2e7 2 172 - 0.28 0.75 420796
aoDLAV 2e7 2 172 - 1.73 109.51 2987072
aoULAV 2e7 2 172 - 1.79 115.04 2987072
aoD2AG 2e7 2 172 - 3.49 160.56 4388524
aoD2SG 2e7 2 172 - 4.23 190.20 4546340
dry 18e6 2 156 - 0.24 0.70 381736
aoDLAV 18e6 2 156 - 1.63 121.83 2690192
aoULAV 18e6 2 156 - 2.00 106.51 2690192
aoD2AG 18e6 2 156 - 3.10 143.68 3949880
aoD2SG 18e6 2 156 - 3.95 169.41 4093356
dry 56e6 2 200 - 0.68 1.81 1123924
aoDLAV 56e6 2 200 - 4.99 347.88 8330816
aoULAV 56e6 2 200 - 6.66 365.98 8330820
aoD2AG 56e6 2 200 - 11.40 508.55 12250424
aoD2SG 56e6 2 200 - 12.02 590.31 12695996
dry 75e2 2 153 - 0.03 0.13 26328
aoDLAV 75e2 2 153 - 0.04 0.15 31380
aoULAV 75e2 2 153 - 0.04 0.16 31388
aoD2AG 75e2 2 153 - 0.03 0.20 31380
aoD2SG 75e2 2 153 - 0.04 0.19 31380
moore 75e2 2 153 - 3.01 805.54 1688796
nbpm 75e2 2 153 - 4.51 153.51 4242132
greedy 75e2 2 153 - 4.07 161.63 6183092
dry 56e2 2 213 - 0.03 0.12 26236
aoDLAV 56e2 2 213 - 0.04 0.15 31012
aoULAV 56e2 2 213 - 0.03 0.15 30988
aoD2AG 56e2 2 213 - 0.03 0.18 31976
aoD2SG 56e2 2 213 - 0.04 0.17 31120
moore 56e2 2 213 - 0.51 181.72 952724
nbpm 56e2 2 213 - 2.54 72.20 2388088
greedy 56e2 2 213 - 2.23 87.31 3460492
dry 4e7 2 234 - 0.53 1.34 811424
aoDLAV 4e7 2 234 - 3.33 229.92 5955816
aoULAV 4e7 2 234 - 3.49 245.42 5955816
aoD2AG 4e7 2 234 - 8.10 361.34 8752608
aoD2SG 4e7 2 234 - 8.56 405.85 9073536
dry 7e7 2 143 - 0.78 2.19 1397360
aoDLAV 7e7 2 143 - 5.68 430.31 10408936
aoULAV 7e7 2 143 - 7.48 479.84 10408936
aoD2AG 7e7 2 143 - 14.10 706.83 15305276
aoD2SG 7e7 2 143 - 14.74 750.88 15863796
dry 32e6 2 118 - 0.37 1.09 655180
aoDLAV 32e6 2 118 - 2.90 180.12 4768328
aoULAV 32e6 2 118 - 3.63 192.15 4768328
aoD2AG 32e6 2 118 - 5.80 270.76 7007540
aoD2SG 32e6 2 118 - 7.01 317.86 7261556
dry 32e6 2 108 - 0.39 1.10 655176
aoDLAV 32e6 2 108 - 2.80 180.09 4768324
aoULAV 32e6 2 108 - 3.91 190.34 4768324
aoD2AG 32e6 2 108 - 6.44 279.11 7006868
aoD2SG 32e6 2 108 - 6.22 319.78 7262708
dry 75e2 2 150 - 0.03 0.12 28228
aoDLAV 75e2 2 150 - 0.03 0.15 31376
aoULAV 75e2 2 150 - 0.02 0.16 31388
aoD2AG 75e2 2 150 - 0.03 0.17 31380
aoD2SG 75e2 2 150 - 0.02 0.18 31380
moore 75e2 2 150 - 0.78 414.84 1688792
nbpm 75e2 2 150 - 4.37 160.27 4242136
greedy 75e2 2 150 - 3.85 153.75 6183116
dry 7e7 2 61 - 0.81 2.17 1397356
aoDLAV 7e7 2 61 - 6.19 505.55 10408936
aoULAV 7e7 2 61 - 7.64 474.91 10408936
aoD2AG 7e7 2 61 - 13.71 833.71 15306748
aoD2SG 7e7 2 61 - 14.67 746.56 15868420
dry 5e7 2 151 - 0.64 1.68 1006736
aoDLAV 5e7 2 151 - 4.25 291.73 7440244
aoULAV 5e7 2 151 - 5.24 327.63 7440192
aoD2AG 5e7 2 151 - 9.87 455.76 10938632
aoD2SG 5e7 2 151 - 10.93 551.97 11334944
dry 56e2 2 136 - 0.02 0.14 28268
aoDLAV 56e2 2 136 - 0.03 0.16 30980
aoULAV 56e2 2 136 - 0.03 0.16 30988
aoD2AG 56e2 2 136 - 0.03 0.19 31980
aoD2SG 56e2 2 136 - 0.02 0.19 31128
moore 56e2 2 136 - 0.80 255.81 952724
nbpm 56e2 2 136 - 2.38 73.16 2388092
greedy 56e2 2 136 - 2.22 78.47 3460488
dry 1e4 5 220 - 0.02 0.12 26900
aoDLAV 1e4 5 220 - 0.03 0.21 31084
aoULAV 1e4 5 220 - 0.03 0.22 31100
aoD2AG 1e4 5 220 - 0.02 0.23 32108
aoD2SG 1e4 5 220 - 0.04 0.23 32112
moore 1e4 5 220 - 1.25 1138.71 2961736
nbpm 1e4 5 220 - 7.43 597.78 7811464
greedy 1e4 5 220 - 6.42 296.06 10959172
dry 56e6 2 158 - 0.70 1.75 1123932
aoDLAV 56e6 2 158 - 4.92 334.09 8330820
aoULAV 56e6 2 158 - 6.12 354.91 8330816
aoD2AG 56e6 2 158 - 11.18 492.02 12245092
aoD2SG 56e6 2 158 - 11.80 525.10 12692148
