dry 5e4 2 181 - 0.02 0.11 28004
aoDLAV 5e4 2 181 - 0.03 0.29 33012
aoULAV 5e4 2 181 - 0.04 0.26 33312
aoD2AG 5e4 2 181 - 0.03 0.30 36408
aoD2SG 5e4 2 181 - 0.04 0.31 36420
dry 375e2 2 98 - 0.02 0.12 27520
aoDLAV 375e2 2 98 - 0.02 0.22 31784
aoULAV 375e2 2 98 - 0.03 0.22 32604
aoD2AG 375e2 2 98 - 0.03 0.25 35520
aoD2SG 375e2 2 98 - 0.03 0.26 35536
dry 325e2 2 103 - 0.02 0.11 29044
aoDLAV 325e2 2 103 - 0.02 0.21 31372
aoULAV 325e2 2 103 - 0.02 0.21 32084
aoD2AG 325e2 2 103 - 0.03 0.24 35000
aoD2SG 325e2 2 103 - 0.02 0.25 34756
dry 1e5 2 63 - 0.03 0.13 31868
aoDLAV 1e5 2 63 - 0.03 0.40 34800
aoULAV 1e5 2 63 - 0.03 0.40 35320
aoD2AG 1e5 2 63 - 0.04 0.51 42600
aoD2SG 1e5 2 63 - 0.05 0.56 43800
dry 1e2 10 47 - 0.02 0.11 26004
aoDLAV 1e2 10 47 - 0.02 0.14 30260
aoULAV 1e2 10 47 - 0.02 0.14 30272
aoD2AG 1e2 10 47 - 0.03 0.13 30440
aoD2SG 1e2 10 47 - 0.03 0.14 30444
moore 1e2 10 47 - 0.03 0.22 30496
nbpm 1e2 10 47 - 0.07 2.07 53072
greedy 1e2 10 47 - 0.02 0.14 30972
dry 400e2 2 179 - 0.03 0.11 27616
aoDLAV 400e2 2 179 - 0.03 0.21 32236
aoULAV 400e2 2 179 - 0.03 0.22 33112
aoD2AG 400e2 2 179 - 0.03 0.26 36076
aoD2SG 400e2 2 179 - 0.03 0.27 35928
dry 56e4 2 43 - 0.04 0.18 41104
aoDLAV 56e4 2 43 - 0.07 1.97 107984
aoULAV 56e4 2 43 - 0.09 2.01 108016
aoD2AG 56e4 2 43 - 0.11 2.90 139128
aoD2SG 56e4 2 43 - 0.10 3.20 143796
dry 250e2 2 208 - 0.02 0.11 27020
aoDLAV 250e2 2 208 - 0.03 0.19 31108
aoULAV 250e2 2 208 - 0.02 0.20 31212
aoD2AG 250e2 2 208 - 0.03 0.21 33864
aoD2SG 250e2 2 208 - 0.02 0.23 33968
dry 32e4 2 115 - 0.04 0.15 36428
aoDLAV 32e4 2 115 - 0.06 1.17 70828
aoULAV 32e4 2 115 - 0.06 1.18 70840
aoD2AG 32e4 2 115 - 0.07 1.62 88332
aoD2SG 32e4 2 115 - 0.07 1.76 91304
dry 56e1 2 184 - 0.03 0.11 26012
aoDLAV 56e1 2 184 - 0.02 0.14 30220
aoULAV 56e1 2 184 - 0.02 0.14 30232
aoD2AG 56e1 2 184 - 0.02 0.14 30416
aoD2SG 56e1 2 184 - 0.02 0.14 30476
moore 56e1 2 184 - 0.03 1.86 39652
nbpm 56e1 2 184 - 0.10 2.85 78708
greedy 56e1 2 184 - 0.05 0.37 64104
dry 1e3 5 217 - 0.01 0.12 26056
aoDLAV 1e3 5 217 - 0.03 0.14 30428
aoULAV 1e3 5 217 - 0.03 0.14 30436
aoD2AG 1e3 5 217 - 0.03 0.14 30756
aoD2SG 1e3 5 217 - 0.02 0.15 30768
moore 1e3 5 217 - 0.04 7.31 59800
nbpm 1e3 5 217 - 0.12 4.38 129248
greedy 1e3 5 217 - 0.08 1.01 139392
dry 1e1 2 23 - 0.03 0.11 25996
aoDLAV 1e1 2 23 - 0.03 0.14 30160
aoULAV 1e1 2 23 - 0.02 0.14 30172
aoD2AG 1e1 2 23 - 0.02 0.14 30312
aoD2SG 1e1 2 23 - 0.02 0.14 30312
moore 1e1 2 23 - 0.03 0.18 30484
nbpm 1e1 2 23 - 0.08 2.09 49824
greedy 1e1 2 23 - 0.03 0.14 30124
dry 56e1 2 151 - 0.02 0.11 26008
aoDLAV 56e1 2 151 - 0.02 0.14 30224
aoULAV 56e1 2 151 - 0.03 0.13 30232
aoD2AG 56e1 2 151 - 0.03 0.15 30416
aoD2SG 56e1 2 151 - 0.04 0.13 30428
moore 56e1 2 151 - 0.04 1.16 39688
nbpm 56e1 2 151 - 0.10 2.94 78712
greedy 56e1 2 151 - 0.04 0.38 64104
dry 225e2 2 201 - 0.02 0.12 26920
aoDLAV 225e2 2 201 - 0.03 0.19 30980
aoULAV 225e2 2 201 - 0.03 0.19 30992
aoD2AG 225e2 2 201 - 0.02 0.22 33372
aoD2SG 225e2 2 201 - 0.03 0.23 33464
dry 1e6 10 159 - 0.09 0.39 112232
aoDLAV 1e6 10 159 - 0.19 358.20 369884
aoULAV 1e6 10 159 - 0.28 365.42 369884
aoD2AG 1e6 10 159 - 0.38 362.53 450136
aoD2SG 1e6 10 159 - 0.43 424.86 457588
dry 1e2 5 9 - 0.03 0.11 25996
aoDLAV 1e2 5 9 - 0.02 0.15 30212
aoULAV 1e2 5 9 - 0.03 0.15 30224
aoD2AG 1e2 5 9 - 0.03 0.15 30384
aoD2SG 1e2 5 9 - 0.04 0.14 30388
moore 1e2 5 9 - 0.03 0.20 30492
nbpm 1e2 5 9 - 0.08 2.35 53016
greedy 1e2 5 9 - 0.02 0.15 30920
dry 400e2 2 170 - 0.02 0.12 27616
aoDLAV 400e2 2 170 - 0.03 0.24 32240
aoULAV 400e2 2 170 - 0.03 0.26 33112
aoD2AG 400e2 2 170 - 0.04 0.29 36072
aoD2SG 400e2 2 170 - 0.04 0.30 35928
dry 18e1 2 99 - 0.02 0.12 26008
aoDLAV 18e1 2 99 - 0.03 0.14 30184
aoULAV 18e1 2 99 - 0.03 0.14 30196
aoD2AG 18e1 2 99 - 0.03 0.14 30356
aoD2SG 18e1 2 99 - 0.02 0.15 30364
moore 18e1 2 99 - 0.03 0.21 30496
nbpm 18e1 2 99 - 0.07 2.30 54444
greedy 18e1 2 99 - 0.03 0.16 33352
dry 1e5 2 79 - 0.04 0.12 30576
aoDLAV 1e5 2 79 - 0.04 0.45 34800
aoULAV 1e5 2 79 - 0.03 0.43 35324
aoD2AG 1e5 2 79 - 0.03 0.60 42600
aoD2SG 1e5 2 79 - 0.04 0.65 43800
dry 1e6 2 133 - 0.04 0.20 49708
aoDLAV 1e6 2 133 - 0.14 4.09 178456
aoULAV 1e6 2 133 - 0.14 3.97 178456
aoD2AG 1e6 2 133 - 0.17 6.48 232872
aoD2SG 1e6 2 133 - 0.21 7.58 242244
dry 1e5 10 200 - 0.03 0.18 38400
aoDLAV 1e5 10 200 - 0.05 22.46 53540
aoULAV 1e5 10 200 - 0.05 22.42 55308
aoD2AG 1e5 10 200 - 0.06 22.62 62660
aoD2SG 1e5 10 200 - 0.06 38.40 66836
dry 1e3 2 161 - 0.03 0.11 26020
aoDLAV 1e3 2 161 - 0.02 0.15 30280
aoULAV 1e3 2 161 - 0.03 0.14 30292
aoD2AG 1e3 2 161 - 0.02 0.15 30532
aoD2SG 1e3 2 161 - 0.03 0.15 30552
moore 1e3 2 161 - 0.04 1.76 59796
nbpm 1e3 2 161 - 0.13 4.22 138552
greedy 1e3 2 161 - 0.08 1.04 139244
dry 1e6 2 84 - 0.04 0.20 49704
aoDLAV 1e6 2 84 - 0.10 3.77 178456
aoULAV 1e6 2 84 - 0.12 4.00 178456
aoD2AG 1e6 2 84 - 0.20 5.91 234852
aoD2SG 1e6 2 84 - 0.21 7.81 242812
dry 225e2 2 119 - 0.02 0.12 26924
aoDLAV 225e2 2 119 - 0.03 0.20 30980
aoULAV 225e2 2 119 - 0.03 0.20 30992
aoD2AG 225e2 2 119 - 0.03 0.21 33368
aoD2SG 225e2 2 119 - 0.03 0.23 33464
dry 375e2 2 53 - 0.02 0.12 27516
aoDLAV 375e2 2 53 - 0.03 0.24 31788
aoULAV 375e2 2 53 - 0.03 0.24 32604
aoD2AG 375e2 2 53 - 0.03 0.27 35516
aoD2SG 375e2 2 53 - 0.03 0.29 35524
dry 1e2 5 52 - 0.03 0.11 25996
aoDLAV 1e2 5 52 - 0.03 0.14 30212
aoULAV 1e2 5 52 - 0.03 0.14 30224
aoD2AG 1e2 5 52 - 0.03 0.14 30384
aoD2SG 1e2 5 52 - 0.03 0.14 30388
moore 1e2 5 52 - 0.03 0.23 30492
nbpm 1e2 5 52 - 0.09 2.29 53012
greedy 1e2 5 52 - 0.02 0.16 30920
dry 56e1 2 7 - 0.03 0.12 26008
aoDLAV 56e1 2 7 - 0.03 0.14 30220
aoULAV 56e1 2 7 - 0.04 0.13 30236
aoD2AG 56e1 2 7 - 0.03 0.14 30416
aoD2SG 56e1 2 7 - 0.03 0.14 30424
moore 56e1 2 7 - 0.04 2.41 39664
nbpm 56e1 2 7 - 0.09 2.91 78716
greedy 56e1 2 7 - 0.05 0.38 64104
dry 1e6 10 4 - 0.08 0.39 112232
aoDLAV 1e6 10 4 - 1.21 398.64 369888
aoULAV 1e6 10 4 - 0.64 539.88 369912
aoD2AG 1e6 10 4 - 0.38 345.40 446748
aoD2SG 1e6 10 4 - 0.44 544.36 456552
dry 1e6 5 157 - 0.05 0.27 73156
aoDLAV 1e6 5 157 - 0.17 19.31 252688
aoULAV 1e6 5 157 - 0.16 18.87 252688
aoD2AG 1e6 5 157 - 0.21 20.98 323200
aoD2SG 1e6 5 157 - 0.19 24.52 332424
dry 32e3 2 125 - 0.03 0.11 27296
aoDLAV 32e3 2 125 - 0.03 0.21 31436
aoULAV 32e3 2 125 - 0.03 0.22 32148
aoD2AG 32e3 2 125 - 0.03 0.25 35020
aoD2SG 32e3 2 125 - 0.03 0.26 34792
dry 250e2 2 242 - 0.02 0.13 27024
aoDLAV 250e2 2 242 - 0.02 0.21 31108
aoULAV 250e2 2 242 - 0.02 0.20 31216
aoD2AG 250e2 2 242 - 0.03 0.22 33860
aoD2SG 250e2 2 242 - 0.03 0.24 33960
dry 300e2 2 185 - 0.02 0.12 29028
aoDLAV 300e2 2 185 - 0.03 0.21 31300
aoULAV 300e2 2 185 - 0.03 0.23 31892
aoD2AG 300e2 2 185 - 0.03 0.24 35056
aoD2SG 300e2 2 185 - 0.03 0.25 34716
dry 1e6 2 15 - 0.04 0.21 49704
aoDLAV 1e6 2 15 - 0.10 3.73 178456
aoULAV 1e6 2 15 - 0.11 3.92 178456
aoD2AG 1e6 2 15 - 0.16 5.80 233728
aoD2SG 1e6 2 15 - 0.19 6.49 242092
dry 1e3 10 84 - 0.02 0.12 26136
aoDLAV 1e3 10 84 - 0.03 0.16 30652
aoULAV 1e3 10 84 - 0.02 0.17 30664
aoD2AG 1e3 10 84 - 0.02 0.17 31048
aoD2SG 1e3 10 84 - 0.03 0.16 31084
moore 1e3 10 84 - 0.04 4.86 59840
nbpm 1e3 10 84 - 0.14 4.94 136140
greedy 1e3 10 84 - 0.09 1.06 139616
dry 56e1 2 234 - 0.03 0.11 26008
aoDLAV 56e1 2 234 - 0.03 0.15 30224
aoULAV 56e1 2 234 - 0.04 0.14 30236
aoD2AG 56e1 2 234 - 0.03 0.14 30416
aoD2SG 56e1 2 234 - 0.03 0.14 30428
moore 56e1 2 234 - 0.04 1.92 39664
nbpm 56e1 2 234 - 0.10 2.95 78716
greedy 56e1 2 234 - 0.04 0.40 64104
dry 325e2 2 153 - 0.03 0.11 27316
aoDLAV 325e2 2 153 - 0.04 0.22 31372
aoULAV 325e2 2 153 - 0.03 0.23 32088
aoD2AG 325e2 2 153 - 0.03 0.25 35008
aoD2SG 325e2 2 153 - 0.04 0.26 34764
dry 1e5 2 169 - 0.02 0.14 30972
aoDLAV 1e5 2 169 - 0.03 0.43 34800
aoULAV 1e5 2 169 - 0.03 0.45 35320
aoD2AG 1e5 2 169 - 0.04 0.57 42600
aoD2SG 1e5 2 169 - 0.05 0.64 43796
dry 1e3 2 207 - 0.03 0.11 26024
aoDLAV 1e3 2 207 - 0.03 0.14 30280
aoULAV 1e3 2 207 - 0.03 0.14 30292
aoD2AG 1e3 2 207 - 0.03 0.14 30536
aoD2SG 1e3 2 207 - 0.02 0.15 30556
moore 1e3 2 207 - 0.05 1.41 59804
nbpm 1e3 2 207 - 0.13 4.20 138560
greedy 1e3 2 207 - 0.08 1.05 139248
dry 1e6 10 242 - 0.09 0.39 112232
aoDLAV 1e6 10 242 - 0.19 493.97 369892
aoULAV 1e6 10 242 - 0.30 350.81 369924
aoD2AG 1e6 10 242 - 0.42 498.68 447388
aoD2SG 1e6 10 242 - 0.43 431.75 459452
dry 1e2 5 209 - 0.02 0.13 25996
aoDLAV 1e2 5 209 - 0.03 0.14 30212
aoULAV 1e2 5 209 - 0.03 0.14 30224
aoD2AG 1e2 5 209 - 0.03 0.14 30384
aoD2SG 1e2 5 209 - 0.03 0.15 30388
moore 1e2 5 209 - 0.03 0.20 30492
nbpm 1e2 5 209 - 0.09 2.18 53016
greedy 1e2 5 209 - 0.02 0.16 30920
dry 1e6 2 160 - 0.04 0.20 49708
aoDLAV 1e6 2 160 - 0.11 3.85 178460
aoULAV 1e6 2 160 - 0.12 4.06 178460
aoD2AG 1e6 2 160 - 0.16 5.78 233604
aoD2SG 1e6 2 160 - 0.19 6.50 242736
dry 300e2 2 149 - 0.02 0.12 27216
aoDLAV 300e2 2 149 - 0.03 0.22 31296
aoULAV 300e2 2 149 - 0.02 0.22 31892
aoD2AG 300e2 2 149 - 0.03 0.25 35060
aoD2SG 300e2 2 149 - 0.03 0.26 34720
dry 275e2 2 99 - 0.02 0.13 27124
aoDLAV 275e2 2 99 - 0.03 0.21 31244
aoULAV 275e2 2 99 - 0.02 0.22 31572
aoD2AG 275e2 2 99 - 0.03 0.23 34712
aoD2SG 275e2 2 99 - 0.02 0.26 34816
dry 32e1 2 164 - 0.02 0.12 26000
aoDLAV 32e1 2 164 - 0.02 0.15 30200
aoULAV 32e1 2 164 - 0.03 0.14 30208
aoD2AG 32e1 2 164 - 0.03 0.14 30380
aoD2SG 32e1 2 164 - 0.03 0.14 30384
moore 32e1 2 164 - 0.03 0.34 33680
nbpm 32e1 2 164 - 0.08 2.40 58300
greedy 32e1 2 164 - 0.03 0.21 40976
dry 1e5 2 35 - 0.03 0.12 32124
aoDLAV 1e5 2 35 - 0.02 0.46 34800
aoULAV 1e5 2 35 - 0.03 0.46 35320
aoD2AG 1e5 2 35 - 0.04 0.59 42596
aoD2SG 1e5 2 35 - 0.03 0.67 43800
dry 5e4 10 248 - 0.03 0.14 33892
aoDLAV 5e4 10 248 - 0.03 7.71 40200
aoULAV 5e4 10 248 - 0.07 7.85 40200
aoD2AG 5e4 10 248 - 0.06 7.86 44980
aoD2SG 5e4 10 248 - 0.06 8.90 44992
dry 32e4 2 23 - 0.03 0.16 36428
aoDLAV 32e4 2 23 - 0.05 1.24 70828
aoULAV 32e4 2 23 - 0.06 1.29 70864
aoD2AG 32e4 2 23 - 0.07 1.79 88476
aoD2SG 32e4 2 23 - 0.07 1.92 90852
dry 32e3 2 49 - 0.03 0.11 27296
aoDLAV 32e3 2 49 - 0.03 0.22 31436
aoULAV 32e3 2 49 - 0.02 0.23 32152
aoD2AG 32e3 2 49 - 0.02 0.26 35024
aoD2SG 32e3 2 49 - 0.03 0.27 34792
dry 1e3 10 132 - 0.02 0.12 26136
aoDLAV 1e3 10 132 - 0.03 0.16 30652
aoULAV 1e3 10 132 - 0.03 0.16 30664
aoD2AG 1e3 10 132 - 0.03 0.16 31052
aoD2SG 1e3 10 132 - 0.02 0.17 31084
moore 1e3 10 132 - 0.04 4.47 59840
nbpm 1e3 10 132 - 0.12 4.76 136140
greedy 1e3 10 132 - 0.09 1.06 139620
dry 1e3 5 114 - 0.01 0.12 26056
aoDLAV 1e3 5 114 - 0.03 0.15 30424
aoULAV 1e3 5 114 - 0.03 0.15 30436
aoD2AG 1e3 5 114 - 0.02 0.15 30740
aoD2SG 1e3 5 114 - 0.03 0.15 30768
moore 1e3 5 114 - 0.04 5.36 59800
nbpm 1e3 5 114 - 0.11 4.49 129264
greedy 1e3 5 114 - 0.09 1.04 139392
dry 1e2 10 195 - 0.02 0.12 26004
aoDLAV 1e2 10 195 - 0.02 0.15 30260
aoULAV 1e2 10 195 - 0.02 0.15 30276
aoD2AG 1e2 10 195 - 0.02 0.14 30440
aoD2SG 1e2 10 195 - 0.01 0.15 30448
moore 1e2 10 195 - 0.03 0.26 30496
nbpm 1e2 10 195 - 0.08 2.16 53072
greedy 1e2 10 195 - 0.03 0.14 30976
dry 32e3 2 119 - 0.02 0.12 27296
aoDLAV 32e3 2 119 - 0.03 0.21 31440
aoULAV 32e3 2 119 - 0.02 0.22 32148
aoD2AG 32e3 2 119 - 0.03 0.25 35020
aoD2SG 32e3 2 119 - 0.03 0.26 34788
dry 1e5 2 115 - 0.03 0.13 32128
aoDLAV 1e5 2 115 - 0.04 0.43 34800
aoULAV 1e5 2 115 - 0.02 0.46 35320
aoD2AG 1e5 2 115 - 0.04 0.56 42596
aoD2SG 1e5 2 115 - 0.05 0.63 43804
dry 1e3 2 246 - 0.02 0.11 26020
aoDLAV 1e3 2 246 - 0.03 0.14 30280
aoULAV 1e3 2 246 - 0.03 0.14 30292
aoD2AG 1e3 2 246 - 0.02 0.14 30536
aoD2SG 1e3 2 246 - 0.03 0.14 30560
moore 1e3 2 246 - 0.04 4.84 59772
nbpm 1e3 2 246 - 0.13 4.10 138552
greedy 1e3 2 246 - 0.08 1.04 139244
dry 350e2 2 170 - 0.02 0.12 27420
aoDLAV 350e2 2 170 - 0.03 0.22 31484
aoULAV 350e2 2 170 - 0.03 0.23 32256
aoD2AG 350e2 2 170 - 0.03 0.26 34848
aoD2SG 350e2 2 170 - 0.03 0.27 35132
dry 250e2 2 53 - 0.03 0.12 27024
aoDLAV 250e2 2 53 - 0.03 0.20 31108
aoULAV 250e2 2 53 - 0.03 0.20 31216
aoD2AG 250e2 2 53 - 0.04 0.22 33864
aoD2SG 250e2 2 53 - 0.03 0.23 33964
dry 225e2 2 245 - 0.03 0.11 27956
aoDLAV 225e2 2 245 - 0.02 0.20 30980
aoULAV 225e2 2 245 - 0.02 0.20 30992
aoD2AG 225e2 2 245 - 0.03 0.21 33368
aoD2SG 225e2 2 245 - 0.04 0.21 33464
dry 5e4 5 125 - 0.02 0.13 31592
aoDLAV 5e4 5 125 - 0.04 0.72 34704
aoULAV 5e4 5 125 - 0.03 0.73 34704
aoD2AG 5e4 5 125 - 0.04 0.78 37732
aoD2SG 5e4 5 125 - 0.03 0.86 37940
dry 18e1 2 47 - 0.01 0.12 26008
aoDLAV 18e1 2 47 - 0.02 0.14 30184
aoULAV 18e1 2 47 - 0.04 0.14 30196
aoD2AG 18e1 2 47 - 0.03 0.15 30360
aoD2SG 18e1 2 47 - 0.03 0.15 30364
moore 18e1 2 47 - 0.03 0.34 30488
nbpm 18e1 2 47 - 0.09 2.20 54436
greedy 18e1 2 47 - 0.03 0.16 33352
dry 1e2 10 175 - 0.02 0.12 26008
aoDLAV 1e2 10 175 - 0.02 0.15 30264
aoULAV 1e2 10 175 - 0.02 0.15 30272
aoD2AG 1e2 10 175 - 0.02 0.15 30440
aoD2SG 1e2 10 175 - 0.03 0.14 30448
moore 1e2 10 175 - 0.02 0.23 30500
nbpm 1e2 10 175 - 0.10 2.14 53076
greedy 1e2 10 175 - 0.02 0.15 30976
dry 18e1 2 244 - 0.02 0.12 26008
aoDLAV 18e1 2 244 - 0.02 0.14 30184
aoULAV 18e1 2 244 - 0.03 0.14 30200
aoD2AG 18e1 2 244 - 0.03 0.15 30356
aoD2SG 18e1 2 244 - 0.03 0.14 30368
moore 18e1 2 244 - 0.03 0.37 30488
nbpm 18e1 2 244 - 0.08 2.21 54436
greedy 18e1 2 244 - 0.02 0.17 33348
dry 5e4 2 117 - 0.03 0.11 29404
aoDLAV 5e4 2 117 - 0.03 0.30 33008
aoULAV 5e4 2 117 - 0.04 0.28 33368
aoD2AG 5e4 2 117 - 0.03 0.35 36408
aoD2SG 5e4 2 117 - 0.04 0.37 36424
dry 1e2 5 81 - 0.02 0.12 25996
aoDLAV 1e2 5 81 - 0.03 0.14 30212
aoULAV 1e2 5 81 - 0.02 0.15 30228
aoD2AG 1e2 5 81 - 0.03 0.14 30388
aoD2SG 1e2 5 81 - 0.03 0.15 30384
moore 1e2 5 81 - 0.03 0.24 30496
nbpm 1e2 5 81 - 0.08 2.20 53016
greedy 1e2 5 81 - 0.03 0.15 30920
dry 56e1 2 129 - 0.03 0.11 26008
aoDLAV 56e1 2 129 - 0.03 0.14 30220
aoULAV 56e1 2 129 - 0.03 0.15 30232
aoD2AG 56e1 2 129 - 0.03 0.14 30416
aoD2SG 56e1 2 129 - 0.02 0.15 30428
moore 56e1 2 129 - 0.04 1.84 39652
nbpm 56e1 2 129 - 0.11 2.97 78704
greedy 56e1 2 129 - 0.04 0.40 64108
dry 32e1 2 138 - 0.02 0.12 26000
aoDLAV 32e1 2 138 - 0.02 0.14 30196
aoULAV 32e1 2 138 - 0.03 0.15 30208
aoD2AG 32e1 2 138 - 0.03 0.13 30380
aoD2SG 32e1 2 138 - 0.02 0.15 30384
moore 32e1 2 138 - 0.04 0.57 33676
nbpm 32e1 2 138 - 0.08 2.41 58300
greedy 32e1 2 138 - 0.04 0.20 40976
dry 350e2 2 210 - 0.03 0.11 30832
aoDLAV 350e2 2 210 - 0.03 0.23 31480
aoULAV 350e2 2 210 - 0.02 0.23 32256
aoD2AG 350e2 2 210 - 0.04 0.26 34844
aoD2SG 350e2 2 210 - 0.04 0.27 35128
dry 225e2 2 233 - 0.02 0.12 27952
aoDLAV 225e2 2 233 - 0.03 0.19 30984
aoULAV 225e2 2 233 - 0.03 0.20 30992
aoD2AG 225e2 2 233 - 0.03 0.22 33372
aoD2SG 225e2 2 233 - 0.04 0.22 33464
dry 32e1 2 23 - 0.02 0.12 26000
aoDLAV 32e1 2 23 - 0.03 0.14 30196
aoULAV 32e1 2 23 - 0.03 0.14 30208
aoD2AG 32e1 2 23 - 0.02 0.15 30380
aoD2SG 32e1 2 23 - 0.03 0.15 30384
moore 32e1 2 23 - 0.03 0.32 33676
nbpm 32e1 2 23 - 0.06 2.41 58300
greedy 32e1 2 23 - 0.04 0.21 40972
dry 32e1 2 21 - 0.02 0.11 26000
aoDLAV 32e1 2 21 - 0.03 0.15 30196
aoULAV 32e1 2 21 - 0.02 0.15 30212
aoD2AG 32e1 2 21 - 0.03 0.14 30376
aoD2SG 32e1 2 21 - 0.04 0.14 30388
moore 32e1 2 21 - 0.03 0.78 33676
nbpm 32e1 2 21 - 0.07 2.41 58300
greedy 32e1 2 21 - 0.03 0.22 40972
dry 1e6 5 122 - 0.05 0.28 73152
aoDLAV 1e6 5 122 - 0.16 20.07 252692
aoULAV 1e6 5 122 - 0.17 20.39 252688
aoD2AG 1e6 5 122 - 0.31 22.02 323964
aoD2SG 1e6 5 122 - 0.26 24.23 331924
dry 300e2 2 214 - 0.02 0.12 27220
aoDLAV 300e2 2 214 - 0.03 0.21 31300
aoULAV 300e2 2 214 - 0.03 0.22 31892
aoD2AG 300e2 2 214 - 0.03 0.24 35060
aoD2SG 300e2 2 214 - 0.03 0.26 34716
dry 1e5 5 73 - 0.03 0.14 34476
aoDLAV 1e5 5 73 - 0.04 1.58 41832
aoULAV 1e5 5 73 - 0.05 1.64 43568
aoD2AG 1e5 5 73 - 0.05 1.77 53560
aoD2SG 1e5 5 73 - 0.05 1.98 53200
dry 56e4 2 162 - 0.04 0.19 41104
aoDLAV 56e4 2 162 - 0.08 2.14 107988
aoULAV 56e4 2 162 - 0.07 2.20 107988
aoD2AG 56e4 2 162 - 0.13 3.14 140284
aoD2SG 56e4 2 162 - 0.12 3.37 143492
dry 1e3 10 1 - 0.03 0.11 26136
aoDLAV 1e3 10 1 - 0.03 0.15 30652
aoULAV 1e3 10 1 - 0.04 0.16 30668
aoD2AG 1e3 10 1 - 0.03 0.16 31060
aoD2SG 1e3 10 1 - 0.03 0.16 31088
moore 1e3 10 1 - 0.05 5.03 59840
nbpm 1e3 10 1 - 0.10 4.83 136160
greedy 1e3 10 1 - 0.07 1.06 139616
dry 1e5 2 52 - 0.03 0.13 32124
aoDLAV 1e5 2 52 - 0.03 0.43 34800
aoULAV 1e5 2 52 - 0.04 0.43 35320
aoD2AG 1e5 2 52 - 0.03 0.57 42600
aoD2SG 1e5 2 52 - 0.03 0.63 43800
dry 18e4 2 16 - 0.02 0.14 33108
aoDLAV 18e4 2 16 - 0.03 0.73 47860
aoULAV 18e4 2 16 - 0.04 0.74 47864
aoD2AG 18e4 2 16 - 0.05 0.95 58648
aoD2SG 18e4 2 16 - 0.06 1.10 59928
dry 1e6 10 230 - 0.08 0.43 112232
aoDLAV 1e6 10 230 - 0.20 354.47 369888
aoULAV 1e6 10 230 - 0.29 386.72 369992
aoD2AG 1e6 10 230 - 0.37 321.58 447384
aoD2SG 1e6 10 230 - 0.41 424.14 458464
