dry 2e4 5 149 - 0.02 0.11 29260
aoDLAV 2e4 5 149 - 0.03 0.25 32756
aoULAV 2e4 5 149 - 0.02 0.25 32772
aoD2AG 2e4 5 149 - 0.03 0.27 33344
aoD2SG 2e4 5 149 - 0.03 0.28 32864
moore 2e4 5 149 - 3.43 7222.71 11768088
nbpm 2e4 5 149 - 28.44 4698.03 34200496
greedy 2e4 5 149 - 24.27 1296.37 43774008
dry 2e4 10 122 - 0.03 0.12 30156
aoDLAV 2e4 10 122 - 0.04 1.89 34836
aoULAV 2e4 10 122 - 0.03 1.64 34848
aoD2AG 2e4 10 122 - 0.04 1.71 36076
aoD2SG 2e4 10 122 - 0.04 1.89 36076
moore 2e4 10 122 - 3.37 7244.97 11770832
nbpm 2e4 10 122 - 29.83 5553.78 30880040
greedy 2e4 10 122 - 24.93 1275.83 43775832
dry 2e4 10 17 - 0.02 0.12 30220
aoDLAV 2e4 10 17 - 0.03 1.73 34836
aoULAV 2e4 10 17 - 0.03 1.74 34848
aoD2AG 2e4 10 17 - 0.04 1.75 36076
aoD2SG 2e4 10 17 - 0.03 1.98 36076
moore 2e4 10 17 - 3.43 7118.29 11770840
nbpm 2e4 10 17 - 28.62 6422.42 30880036
greedy 2e4 10 17 - 23.43 1330.68 43775824
dry 2e4 5 240 - 0.03 0.12 27776
aoDLAV 2e4 5 240 - 0.04 0.28 32756
aoULAV 2e4 5 240 - 0.04 0.29 32768
aoD2AG 2e4 5 240 - 0.03 0.32 33340
aoD2SG 2e4 5 240 - 0.03 0.34 32860
moore 2e4 5 240 - 3.51 8347.99 11768080
nbpm 2e4 5 240 - 29.54 4628.51 34200496
greedy 2e4 5 240 - 24.70 1252.49 43774004
dry 1e8 5 249 - 2.27 6.20 4327056
aoDLAV 1e8 5 249 - 11.38 3497.94 23065204
aoULAV 1e8 5 249 - 17.37 2617.62 23065204
aoD2AG 1e8 5 249 - 27.48 2878.05 30455384
aoD2SG 1e8 5 249 - 28.74 3499.09 31309916
dry 2e4 2 1 - 0.03 0.12 26828
aoDLAV 2e4 2 1 - 0.03 0.19 30808
aoULAV 2e4 2 1 - 0.02 0.20 30808
aoD2AG 2e4 2 1 - 0.03 0.21 32284
aoD2SG 2e4 2 1 - 0.03 0.22 32292
moore 2e4 2 1 - 3.48 7370.23 11765556
nbpm 2e4 2 1 - 28.69 2641.19 31402196
greedy 2e4 2 1 - 25.11 1161.41 43771040
dry 1e8 5 1 - 2.20 6.15 4327052
aoDLAV 1e8 5 1 - 11.33 2514.71 23065204
aoULAV 1e8 5 1 - 16.68 2485.71 23065208
aoD2AG 1e8 5 1 - 27.78 3334.01 30458132
aoD2SG 1e8 5 1 - 28.13 3451.39 31313960
dry 125e2 2 197 - 0.03 0.12 26532
aoDLAV 125e2 2 197 - 0.04 0.17 30748
aoULAV 125e2 2 197 - 0.04 0.17 30708
aoD2AG 125e2 2 197 - 0.03 0.19 31376
aoD2SG 125e2 2 197 - 0.03 0.20 31376
moore 125e2 2 197 - 1.58 1591.94 4611552
nbpm 125e2 2 197 - 11.67 665.12 12302336
greedy 125e2 2 197 - 9.63 426.85 17109968
dry 1e8 5 250 - 2.24 6.17 4327052
aoDLAV 1e8 5 250 - 11.11 2554.15 23065204
aoULAV 1e8 5 250 - 19.06 3325.47 23065204
aoD2AG 1e8 5 250 - 26.56 3066.00 30455484
aoD2SG 1e8 5 250 - 27.82 3667.94 31308660
dry 18e3 2 62 - 0.03 0.12 26748
aoDLAV 18e3 2 62 - 0.03 0.19 30744
aoULAV 18e3 2 62 - 0.02 0.19 30740
aoD2AG 18e3 2 62 - 0.03 0.20 31804
aoD2SG 18e3 2 62 - 0.03 0.21 31812
moore 18e3 2 62 - 2.91 5784.43 9534976
nbpm 18e3 2 62 - 23.57 2008.74 25451060
greedy 18e3 2 62 - 19.96 1001.94 35458372
dry 125e2 2 72 - 0.02 0.12 26532
aoDLAV 125e2 2 72 - 0.03 0.17 30708
aoULAV 125e2 2 72 - 0.03 0.17 30708
aoD2AG 125e2 2 72 - 0.03 0.18 31380
aoD2SG 125e2 2 72 - 0.03 0.18 31376
moore 125e2 2 72 - 2.36 1887.71 4611540
nbpm 125e2 2 72 - 11.61 668.87 12302320
greedy 125e2 2 72 - 9.48 447.04 17109968
dry 125e2 2 187 - 0.03 0.11 26532
aoDLAV 125e2 2 187 - 0.03 0.17 30708
aoULAV 125e2 2 187 - 0.03 0.18 30708
aoD2AG 125e2 2 187 - 0.04 0.18 31380
aoD2SG 125e2 2 187 - 0.03 0.19 31376
moore 125e2 2 187 - 1.62 1876.65 4611540
nbpm 125e2 2 187 - 11.87 646.55 12302320
greedy 125e2 2 187 - 10.42 446.97 17109964
dry 2e4 2 172 - 0.03 0.11 26832
aoDLAV 2e4 2 172 - 0.02 0.19 30808
aoULAV 2e4 2 172 - 0.03 0.18 30808
aoD2AG 2e4 2 172 - 0.03 0.20 32288
aoD2SG 2e4 2 172 - 0.03 0.21 32292
moore 2e4 2 172 - 4.30 6485.63 11765552
nbpm 2e4 2 172 - 31.70 2683.56 31402196
greedy 2e4 2 172 - 24.71 1322.60 43771040
dry 2e4 5 57 - 0.03 0.12 27776
aoDLAV 2e4 5 57 - 0.03 0.30 32756
aoULAV 2e4 5 57 - 0.03 0.29 32788
aoD2AG 2e4 5 57 - 0.05 0.32 33344
aoD2SG 2e4 5 57 - 0.02 0.36 32864
moore 2e4 5 57 - 3.69 6977.94 11768080
nbpm 2e4 5 57 - 28.73 5172.42 34200496
greedy 2e4 5 57 - 26.15 1539.07 43774008
dry 2e4 5 124 - 0.03 0.12 29276
aoDLAV 2e4 5 124 - 0.04 0.29 32756
aoULAV 2e4 5 124 - 0.04 0.29 32768
aoD2AG 2e4 5 124 - 0.04 0.33 33344
aoD2SG 2e4 5 124 - 0.03 0.36 32860
moore 2e4 5 124 - 3.55 6512.90 11768084
nbpm 2e4 5 124 - 28.96 4770.32 34200504
greedy 2e4 5 124 - 24.97 1759.53 43774004
dry 8e7 2 143 - 0.86 2.46 1592676
aoDLAV 8e7 2 143 - 6.80 445.70 11893324
aoULAV 8e7 2 143 - 8.55 466.24 11893324
aoD2AG 8e7 2 143 - 15.12 904.05 17487772
aoD2SG 8e7 2 143 - 15.50 796.85 18125096
dry 150e2 2 27 - 0.02 0.12 26628
aoDLAV 150e2 2 27 - 0.03 0.19 30824
aoULAV 150e2 2 27 - 0.03 0.19 30824
aoD2AG 150e2 2 27 - 0.03 0.20 31612
aoD2SG 150e2 2 27 - 0.03 0.20 31608
moore 150e2 2 27 - 2.22 2770.29 6629344
nbpm 150e2 2 27 - 15.21 1467.53 16814164
greedy 150e2 2 27 - 14.56 762.16 24630024
dry 18e3 2 162 - 0.02 0.12 26748
aoDLAV 18e3 2 162 - 0.03 0.19 30740
aoULAV 18e3 2 162 - 0.03 0.19 30740
aoD2AG 18e3 2 162 - 0.04 0.20 31804
aoD2SG 18e3 2 162 - 0.04 0.20 31816
moore 18e3 2 162 - 3.57 6144.55 9534988
nbpm 18e3 2 162 - 24.09 2232.59 25451064
greedy 18e3 2 162 - 20.89 1234.70 35458364
dry 1e8 5 149 - 2.38 6.28 4327052
aoDLAV 1e8 5 149 - 11.47 2637.69 23065204
aoULAV 1e8 5 149 - 17.25 2697.82 23065208
aoD2AG 1e8 5 149 - 27.21 2999.37 30454652
aoD2SG 1e8 5 149 - 27.53 3595.32 31312004
dry 125e2 2 44 - 0.03 0.12 26532
aoDLAV 125e2 2 44 - 0.02 0.18 30712
aoULAV 125e2 2 44 - 0.03 0.17 30712
aoD2AG 125e2 2 44 - 0.03 0.19 31376
aoD2SG 125e2 2 44 - 0.03 0.19 31388
moore 125e2 2 44 - 1.61 2213.39 4611540
nbpm 125e2 2 44 - 11.56 666.50 12302320
greedy 125e2 2 44 - 9.11 430.51 17109964
dry 2e4 5 211 - 0.03 0.11 31012
aoDLAV 2e4 5 211 - 0.03 0.28 32756
aoULAV 2e4 5 211 - 0.03 0.28 32768
aoD2AG 2e4 5 211 - 0.04 0.31 33344
aoD2SG 2e4 5 211 - 0.03 0.35 32860
moore 2e4 5 211 - 3.58 7373.27 11768080
nbpm 2e4 5 211 - 29.83 5188.86 34200508
greedy 2e4 5 211 - 23.48 1321.63 43774004
dry 175e2 2 20 - 0.03 0.12 26732
aoDLAV 175e2 2 20 - 0.03 0.19 30716
aoULAV 175e2 2 20 - 0.03 0.18 30720
aoD2AG 175e2 2 20 - 0.04 0.19 31756
aoD2SG 175e2 2 20 - 0.03 0.20 31760
moore 175e2 2 20 - 2.75 4019.58 9014028
nbpm 175e2 2 20 - 22.11 1921.43 22863144
greedy 175e2 2 20 - 19.77 1085.12 33516976
dry 18e3 2 136 - 0.03 0.11 26748
aoDLAV 18e3 2 136 - 0.03 0.19 30740
aoULAV 18e3 2 136 - 0.03 0.19 30740
aoD2AG 18e3 2 136 - 0.03 0.21 31804
aoD2SG 18e3 2 136 - 0.03 0.21 31808
moore 18e3 2 136 - 2.82 5231.10 9534976
nbpm 18e3 2 136 - 24.06 2081.65 25451056
greedy 18e3 2 136 - 19.35 1017.39 35458364
dry 2e4 10 114 - 0.03 0.12 29364
aoDLAV 2e4 10 114 - 0.03 1.51 34836
aoULAV 2e4 10 114 - 0.04 1.52 34848
aoD2AG 2e4 10 114 - 0.04 1.56 36076
aoD2SG 2e4 10 114 - 0.03 1.80 36076
moore 2e4 10 114 - 3.50 8121.34 11770836
nbpm 2e4 10 114 - 29.55 5803.76 30880064
greedy 2e4 10 114 - 24.58 1224.56 43775820
dry 150e2 2 150 - 0.03 0.11 26632
aoDLAV 150e2 2 150 - 0.02 0.18 30828
aoULAV 150e2 2 150 - 0.03 0.18 30824
aoD2AG 150e2 2 150 - 0.02 0.20 31608
aoD2SG 150e2 2 150 - 0.03 0.20 31612
moore 150e2 2 150 - 2.16 2639.97 6629344
nbpm 150e2 2 150 - 14.66 1184.40 16814168
greedy 150e2 2 150 - 13.89 644.61 24630028
dry 125e2 2 160 - 0.02 0.12 26532
aoDLAV 125e2 2 160 - 0.03 0.18 30708
aoULAV 125e2 2 160 - 0.03 0.18 30708
aoD2AG 125e2 2 160 - 0.04 0.18 31376
aoD2SG 125e2 2 160 - 0.03 0.19 31376
moore 125e2 2 160 - 1.55 1462.10 4611548
nbpm 125e2 2 160 - 11.61 678.94 12302328
greedy 125e2 2 160 - 9.01 453.63 17109964
dry 2e4 5 103 - 0.02 0.12 27776
aoDLAV 2e4 5 103 - 0.03 0.29 32756
aoULAV 2e4 5 103 - 0.03 0.31 32768
aoD2AG 2e4 5 103 - 0.04 0.34 33344
aoD2SG 2e4 5 103 - 0.04 0.35 32860
moore 2e4 5 103 - 3.63 8328.74 11768084
nbpm 2e4 5 103 - 29.40 4605.57 34200496
greedy 2e4 5 103 - 25.40 1351.43 43774004
dry 2e4 10 5 - 0.03 0.11 29364
aoDLAV 2e4 10 5 - 0.03 1.76 34892
aoULAV 2e4 10 5 - 0.05 1.77 34852
aoD2AG 2e4 10 5 - 0.04 1.80 36076
aoD2SG 2e4 10 5 - 0.04 2.00 36076
