dry 50e2 2 14 - 0.02 0.11 26204
aoDLAV 50e2 2 14 - 0.02 0.12 30848
aoULAV 50e2 2 14 - 0.02 0.12 30860
aoD2AG 50e2 2 14 - 0.02 0.13 31784
aoD2SG 50e2 2 14 - 0.02 0.14 31876
moore 50e2 2 14 - 0.44 171.57 764632
nbpm 50e2 2 14 - 1.90 61.49 2011924
greedy 50e2 2 14 - 1.56 62.54 2764780
dry 4e7 2 245 - 0.45 1.32 811424
aoDLAV 4e7 2 245 - 3.31 226.98 5955816
aoULAV 4e7 2 245 - 4.28 245.12 5955820
aoD2AG 4e7 2 245 - 7.77 343.72 8753496
aoD2SG 4e7 2 245 - 8.06 403.34 9073668
dry 1e4 2 48 - 0.03 0.12 26432
aoDLAV 1e4 2 48 - 0.05 0.16 31864
aoULAV 1e4 2 48 - 0.02 0.18 31880
aoD2AG 1e4 2 48 - 0.03 0.18 31876
aoD2SG 1e4 2 48 - 0.04 0.19 31988
moore 1e4 2 48 - 1.13 1145.01 2960580
nbpm 1e4 2 48 - 7.30 335.33 7889428
greedy 1e4 2 48 - 6.53 276.40 10968572
dry 6e7 2 57 - 0.74 1.96 1202048
aoDLAV 6e7 2 57 - 5.32 360.48 8924560
aoULAV 6e7 2 57 - 6.76 402.82 8924620
aoD2AG 6e7 2 57 - 11.87 552.33 13120900
aoD2SG 6e7 2 57 - 12.85 630.79 13600148
dry 25e2 2 50 - 0.03 0.12 26080
aoDLAV 25e2 2 50 - 0.02 0.16 30452
aoULAV 25e2 2 50 - 0.03 0.15 30468
aoD2AG 25e2 2 50 - 0.03 0.15 30972
aoD2SG 25e2 2 50 - 0.03 0.16 31020
moore 25e2 2 50 - 0.10 14.01 213628
nbpm 25e2 2 50 - 0.61 13.16 541636
greedy 25e2 2 50 - 0.47 11.82 713684
dry 1e4 10 205 - 0.03 0.13 29568
aoDLAV 1e4 10 205 - 0.04 0.74 32768
aoULAV 1e4 10 205 - 0.04 0.73 32780
aoD2AG 1e4 10 205 - 0.03 0.73 32744
aoD2SG 1e4 10 205 - 0.05 0.81 34176
moore 1e4 10 205 - 1.19 1104.88 2963852
nbpm 1e4 10 205 - 7.61 742.82 7764388
greedy 1e4 10 205 - 6.77 259.06 10961108
dry 3e7 2 241 - 0.42 0.99 616108
aoDLAV 3e7 2 241 - 2.59 167.06 4471428
aoULAV 3e7 2 241 - 3.29 177.79 4471460
aoD2AG 3e7 2 241 - 5.28 252.89 6570640
aoD2SG 3e7 2 241 - 6.45 298.23 6809228
dry 32e6 2 219 - 0.44 1.14 655176
aoDLAV 32e6 2 219 - 2.81 176.80 4768328
aoULAV 32e6 2 219 - 3.50 187.08 4768324
aoD2AG 32e6 2 219 - 5.61 261.07 7005400
aoD2SG 32e6 2 219 - 6.96 321.71 7260880
dry 18e6 2 37 - 0.25 0.70 381736
aoDLAV 18e6 2 37 - 1.50 98.14 2690192
aoULAV 18e6 2 37 - 1.92 105.20 2690196
aoD2AG 18e6 2 37 - 3.30 149.48 3948936
aoD2SG 18e6 2 37 - 3.84 169.50 4091900
dry 32e6 2 134 - 0.42 1.07 655180
aoDLAV 32e6 2 134 - 2.72 178.04 4768324
aoULAV 32e6 2 134 - 3.69 195.63 4768328
aoD2AG 32e6 2 134 - 5.81 259.63 7007528
aoD2SG 32e6 2 134 - 6.67 406.69 7261512
dry 32e2 2 85 - 0.02 0.12 26112
aoDLAV 32e2 2 85 - 0.03 0.15 30540
aoULAV 32e2 2 85 - 0.03 0.15 30548
aoD2AG 32e2 2 85 - 0.04 0.15 31216
aoD2SG 32e2 2 85 - 0.02 0.16 31268
moore 32e2 2 85 - 0.26 62.35 330512
nbpm 32e2 2 85 - 0.99 20.61 854752
greedy 32e2 2 85 - 0.79 23.65 1150164
dry 50e2 2 35 - 0.03 0.13 26208
aoDLAV 50e2 2 35 - 0.03 0.17 30848
aoULAV 50e2 2 35 - 0.03 0.16 30908
aoD2AG 50e2 2 35 - 0.04 0.16 31788
aoD2SG 50e2 2 35 - 0.04 0.18 31868
moore 50e2 2 35 - 0.60 170.06 764628
nbpm 50e2 2 35 - 2.01 53.68 2011924
greedy 50e2 2 35 - 1.67 71.09 2764780
dry 50e2 2 56 - 0.02 0.12 26208
aoDLAV 50e2 2 56 - 0.03 0.16 30848
aoULAV 50e2 2 56 - 0.03 0.15 30860
aoD2AG 50e2 2 56 - 0.03 0.16 31768
aoD2SG 50e2 2 56 - 0.03 0.17 31848
moore 50e2 2 56 - 0.49 170.10 764628
nbpm 50e2 2 56 - 1.97 63.47 2011924
greedy 50e2 2 56 - 1.63 65.23 2764784
dry 18e2 2 250 - 0.02 0.13 26048
aoDLAV 18e2 2 250 - 0.02 0.16 30376
aoULAV 18e2 2 250 - 0.02 0.15 30388
aoD2AG 18e2 2 250 - 0.04 0.15 30792
aoD2SG 18e2 2 250 - 0.03 0.16 30836
moore 18e2 2 250 - 0.09 14.54 125408
nbpm 18e2 2 250 - 0.18 8.15 334528
greedy 18e2 2 250 - 0.24 4.18 384356
dry 6e7 2 92 - 0.75 1.87 1202044
aoDLAV 6e7 2 92 - 5.09 352.41 8924564
aoULAV 6e7 2 92 - 6.54 372.55 8924564
aoD2AG 6e7 2 92 - 11.33 536.30 13123112
aoD2SG 6e7 2 92 - 12.19 650.29 13598592
dry 1e4 10 240 - 0.03 0.12 29684
aoDLAV 1e4 10 240 - 0.02 0.72 32764
aoULAV 1e4 10 240 - 0.02 0.80 32776
aoD2AG 1e4 10 240 - 0.04 0.76 32744
aoD2SG 1e4 10 240 - 0.03 0.81 34192
moore 1e4 10 240 - 1.22 1233.51 2963852
nbpm 1e4 10 240 - 7.35 697.08 7764384
greedy 1e4 10 240 - 6.49 283.79 10961112
dry 7e7 2 69 - 0.81 2.22 1397356
aoDLAV 7e7 2 69 - 6.38 426.45 10408936
aoULAV 7e7 2 69 - 7.57 447.82 10408940
aoD2AG 7e7 2 69 - 13.41 644.04 15304200
aoD2SG 7e7 2 69 - 14.61 778.43 15864072
dry 75e2 2 45 - 0.03 0.12 26332
aoDLAV 75e2 2 45 - 0.03 0.16 31376
aoULAV 75e2 2 45 - 0.02 0.16 31388
aoD2AG 75e2 2 45 - 0.03 0.18 31384
aoD2SG 75e2 2 45 - 0.03 0.17 31380
moore 75e2 2 45 - 2.22 666.73 1688796
nbpm 75e2 2 45 - 4.36 164.62 4242128
greedy 75e2 2 45 - 3.74 156.50 6183092
dry 56e6 2 30 - 0.69 1.79 1123924
aoDLAV 56e6 2 30 - 4.85 402.29 8330816
aoULAV 56e6 2 30 - 5.99 353.88 8330816
aoD2AG 56e6 2 30 - 10.58 497.03 12245536
aoD2SG 56e6 2 30 - 11.34 591.47 12693156
dry 7e7 2 33 - 0.78 2.16 1397360
aoDLAV 7e7 2 33 - 5.60 419.64 10408940
aoULAV 7e7 2 33 - 7.87 462.37 10408936
aoD2AG 7e7 2 33 - 13.74 683.32 15304508
aoD2SG 7e7 2 33 - 14.56 746.00 15862508
dry 56e6 2 215 - 0.62 1.78 1123924
aoDLAV 56e6 2 215 - 4.55 326.80 8330816
aoULAV 56e6 2 215 - 6.04 363.38 8330820
aoD2AG 56e6 2 215 - 11.30 514.41 12248904
aoD2SG 56e6 2 215 - 11.78 597.91 12694448
dry 32e2 2 110 - 0.03 0.12 26112
aoDLAV 32e2 2 110 - 0.03 0.15 30540
aoULAV 32e2 2 110 - 0.02 0.16 30548
aoD2AG 32e2 2 110 - 0.04 0.15 31208
aoD2SG 32e2 2 110 - 0.03 0.16 31260
moore 32e2 2 110 - 0.29 70.22 330512
nbpm 32e2 2 110 - 0.88 23.98 854748
greedy 32e2 2 110 - 0.72 22.42 1150168
dry 56e2 2 216 - 0.03 0.11 26236
aoDLAV 56e2 2 216 - 0.03 0.15 30980
aoULAV 56e2 2 216 - 0.02 0.16 30988
aoD2AG 56e2 2 216 - 0.03 0.18 31984
aoD2SG 56e2 2 216 - 0.03 0.18 31124
moore 56e2 2 216 - 0.72 228.31 952724
nbpm 56e2 2 216 - 2.55 73.26 2388088
greedy 56e2 2 216 - 2.30 85.00 3460492
dry 6e7 2 67 - 0.76 1.90 1202044
aoDLAV 6e7 2 67 - 4.97 363.42 8924560
aoULAV 6e7 2 67 - 6.43 380.64 8924560
aoD2AG 6e7 2 67 - 11.99 536.76 13118288
aoD2SG 6e7 2 67 - 12.30 627.41 13598068
dry 25e2 2 170 - 0.02 0.12 26080
aoDLAV 25e2 2 170 - 0.03 0.15 30452
aoULAV 25e2 2 170 - 0.02 0.16 30468
aoD2AG 25e2 2 170 - 0.03 0.15 30976
aoD2SG 25e2 2 170 - 0.04 0.14 31032
moore 25e2 2 170 - 0.11 29.56 213596
nbpm 25e2 2 170 - 0.56 14.22 541636
greedy 25e2 2 170 - 0.45 9.80 713688
dry 25e2 2 24 - 0.03 0.12 26080
aoDLAV 25e2 2 24 - 0.03 0.15 30456
aoULAV 25e2 2 24 - 0.02 0.16 30468
aoD2AG 25e2 2 24 - 0.03 0.15 30980
aoD2SG 25e2 2 24 - 0.03 0.15 31028
moore 25e2 2 24 - 0.11 27.64 213600
nbpm 25e2 2 24 - 0.54 12.48 541636
greedy 25e2 2 24 - 0.43 12.33 713668
dry 6e7 2 193 - 0.66 1.91 1202048
aoDLAV 6e7 2 193 - 5.11 465.57 8924564
aoULAV 6e7 2 193 - 6.76 386.53 8924564
aoD2AG 6e7 2 193 - 11.68 550.15 13120136
aoD2SG 6e7 2 193 - 12.73 639.05 13599592
dry 5e7 2 17 - 0.62 1.65 1006736
aoDLAV 5e7 2 17 - 4.28 304.63 7440192
aoULAV 5e7 2 17 - 5.87 323.71 7440192
aoD2AG 5e7 2 17 - 9.74 459.84 10937160
aoD2SG 5e7 2 17 - 10.70 519.80 11334208
dry 6e7 2 237 - 0.66 1.94 1202044
aoDLAV 6e7 2 237 - 4.86 353.36 8924564
aoULAV 6e7 2 237 - 6.41 373.03 8924560
aoD2AG 6e7 2 237 - 11.79 546.19 13121388
aoD2SG 6e7 2 237 - 12.49 633.50 13601180
dry 50e2 2 77 - 0.02 0.12 26204
aoDLAV 50e2 2 77 - 0.03 0.15 30848
aoULAV 50e2 2 77 - 0.03 0.15 30860
aoD2AG 50e2 2 77 - 0.04 0.14 31792
aoD2SG 50e2 2 77 - 0.03 0.17 31880
moore 50e2 2 77 - 0.79 218.52 764624
nbpm 50e2 2 77 - 2.02 66.36 2011916
greedy 50e2 2 77 - 1.52 60.83 2764780
dry 7e7 2 116 - 0.73 2.14 1397360
aoDLAV 7e7 2 116 - 5.57 411.75 10408936
aoULAV 7e7 2 116 - 7.27 458.42 10408936
aoD2AG 7e7 2 116 - 13.67 654.36 15305516
aoD2SG 7e7 2 116 - 14.69 765.54 15864920
dry 32e6 2 133 - 0.43 1.09 655180
aoDLAV 32e6 2 133 - 2.87 180.76 4768328
aoULAV 32e6 2 133 - 2.77 193.07 4768324
aoD2AG 32e6 2 133 - 6.23 285.27 7005716
aoD2SG 32e6 2 133 - 6.52 313.40 7265224
dry 1e4 10 189 - 0.03 0.12 29136
aoDLAV 1e4 10 189 - 0.03 0.72 32764
aoULAV 1e4 10 189 - 0.04 0.71 32776
aoD2AG 1e4 10 189 - 0.03 0.70 32744
aoD2SG 1e4 10 189 - 0.03 0.78 34176
moore 1e4 10 189 - 1.24 964.69 2963852
nbpm 1e4 10 189 - 7.60 817.63 7764496
greedy 1e4 10 189 - 7.00 279.43 10961108
dry 1e4 2 176 - 0.02 0.12 26432
aoDLAV 1e4 2 176 - 0.03 0.19 31864
aoULAV 1e4 2 176 - 0.04 0.17 31880
aoD2AG 1e4 2 176 - 0.03 0.19 31876
aoD2SG 1e4 2 176 - 0.04 0.18 31988
moore 1e4 2 176 - 1.17 845.88 2960580
nbpm 1e4 2 176 - 7.60 346.84 7889428
greedy 1e4 2 176 - 6.89 274.41 10968568
dry 1e4 5 250 - 0.04 0.11 26900
aoDLAV 1e4 5 250 - 0.03 0.21 31088
aoULAV 1e4 5 250 - 0.03 0.21 31096
aoD2AG 1e4 5 250 - 0.03 0.23 32108
aoD2SG 1e4 5 250 - 0.03 0.25 32108
moore 1e4 5 250 - 1.16 1040.85 2961736
nbpm 1e4 5 250 - 7.67 581.27 7811456
greedy 1e4 5 250 - 7.09 315.91 10959172
dry 3e7 2 119 - 0.39 1.06 616108
aoDLAV 3e7 2 119 - 2.63 174.09 4471428
aoULAV 3e7 2 119 - 2.67 188.18 4471432
aoD2AG 3e7 2 119 - 6.09 254.08 6570352
aoD2SG 3e7 2 119 - 6.44 286.95 6808908
dry 50e2 2 97 - 0.03 0.11 26204
aoDLAV 50e2 2 97 - 0.03 0.15 30848
aoULAV 50e2 2 97 - 0.03 0.14 30860
aoD2AG 50e2 2 97 - 0.03 0.15 31780
aoD2SG 50e2 2 97 - 0.02 0.17 31848
moore 50e2 2 97 - 0.67 195.98 764628
nbpm 50e2 2 97 - 1.97 56.15 2011924
greedy 50e2 2 97 - 1.68 59.25 2764780
dry 1e4 5 187 - 0.02 0.12 26900
aoDLAV 1e4 5 187 - 0.03 0.22 31084
aoULAV 1e4 5 187 - 0.03 0.22 31096
aoD2AG 1e4 5 187 - 0.04 0.22 32112
aoD2SG 1e4 5 187 - 0.03 0.23 32108
moore 1e4 5 187 - 1.06 1043.92 2961736
nbpm 1e4 5 187 - 7.52 612.25 7811460
greedy 1e4 5 187 - 7.09 309.49 10959176
dry 1e4 5 149 - 0.03 0.12 28852
aoDLAV 1e4 5 149 - 0.03 0.23 31084
aoULAV 1e4 5 149 - 0.03 0.23 31096
aoD2AG 1e4 5 149 - 0.04 0.23 32108
aoD2SG 1e4 5 149 - 0.03 0.24 32108
moore 1e4 5 149 - 1.18 884.24 2961740
nbpm 1e4 5 149 - 7.66 701.93 7811460
greedy 1e4 5 149 - 7.01 306.16 10959172
dry 6e7 2 127 - 0.69 1.88 1202044
aoDLAV 6e7 2 127 - 5.00 366.52 8924560
aoULAV 6e7 2 127 - 6.56 392.56 8924560
aoD2AG 6e7 2 127 - 12.05 534.43 13120440
aoD2SG 6e7 2 127 - 13.34 640.02 13599544
dry 25e2 2 16 - 0.02 0.12 26080
aoDLAV 25e2 2 16 - 0.02 0.15 30456
aoULAV 25e2 2 16 - 0.04 0.14 30464
aoD2AG 25e2 2 16 - 0.03 0.15 30968
aoD2SG 25e2 2 16 - 0.03 0.15 31012
moore 25e2 2 16 - 0.11 28.41 213720
nbpm 25e2 2 16 - 0.60 12.47 541644
greedy 25e2 2 16 - 0.47 10.12 713664
dry 18e2 2 88 - 0.03 0.11 26052
aoDLAV 18e2 2 88 - 0.03 0.14 30372
aoULAV 18e2 2 88 - 0.03 0.14 30388
aoD2AG 18e2 2 88 - 0.03 0.15 30792
aoD2SG 18e2 2 88 - 0.03 0.15 30820
moore 18e2 2 88 - 0.06 10.31 125436
nbpm 18e2 2 88 - 0.18 7.52 334528
greedy 18e2 2 88 - 0.23 3.75 384348
dry 4e7 2 184 - 0.55 1.35 811424
aoDLAV 4e7 2 184 - 3.53 232.54 5955816
aoULAV 4e7 2 184 - 4.44 241.95 5955820
aoD2AG 4e7 2 184 - 6.97 347.64 8754492
aoD2SG 4e7 2 184 - 8.33 415.53 9073872
dry 1e4 10 243 - 0.02 0.12 27688
aoDLAV 1e4 10 243 - 0.04 0.69 32768
aoULAV 1e4 10 243 - 0.03 0.70 32776
aoD2AG 1e4 10 243 - 0.02 0.72 32744
aoD2SG 1e4 10 243 - 0.03 0.78 34180
moore 1e4 10 243 - 1.15 1005.16 2963852
nbpm 1e4 10 243 - 7.58 744.00 7764388
greedy 1e4 10 243 - 6.45 280.15 10961108
dry 1e4 5 162 - 0.02 0.13 27952
aoDLAV 1e4 5 162 - 0.04 0.23 31084
aoULAV 1e4 5 162 - 0.04 0.22 31096
aoD2AG 1e4 5 162 - 0.04 0.23 32108
aoD2SG 1e4 5 162 - 0.03 0.24 32108
moore 1e4 5 162 - 1.18 1121.07 2961732
nbpm 1e4 5 162 - 7.67 628.23 7811452
greedy 1e4 5 162 - 6.85 306.87 10959172
dry 56e6 2 142 - 0.63 1.79 1123928
aoDLAV 56e6 2 142 - 4.85 373.09 8330820
aoULAV 56e6 2 142 - 6.20 354.24 8330820
aoD2AG 56e6 2 142 - 11.15 500.24 12246556
aoD2SG 56e6 2 142 - 11.75 624.40 12695576
dry 1e4 5 134 - 0.03 0.12 26904
aoDLAV 1e4 5 134 - 0.03 0.21 31084
aoULAV 1e4 5 134 - 0.03 0.22 31100
aoD2AG 1e4 5 134 - 0.03 0.23 32108
aoD2SG 1e4 5 134 - 0.03 0.24 32112
moore 1e4 5 134 - 1.22 986.06 2961732
nbpm 1e4 5 134 - 8.09 628.47 7811504
greedy 1e4 5 134 - 6.90 297.40 10959172
dry 1e4 10 210 - 0.03 0.12 29308
aoDLAV 1e4 10 210 - 0.04 0.70 32764
aoULAV 1e4 10 210 - 0.03 0.74 32776
aoD2AG 1e4 10 210 - 0.04 0.76 32744
aoD2SG 1e4 10 210 - 0.03 0.81 34176
moore 1e4 10 210 - 1.19 841.77 2963852
nbpm 1e4 10 210 - 7.96 766.04 7764384
greedy 1e4 10 210 - 6.63 273.77 10961108
dry 50e2 2 1 - 0.02 0.12 26204
aoDLAV 50e2 2 1 - 0.03 0.15 30852
aoULAV 50e2 2 1 - 0.03 0.15 30860
aoD2AG 50e2 2 1 - 0.02 0.16 31792
aoD2SG 50e2 2 1 - 0.03 0.17 31888
moore 50e2 2 1 - 0.37 124.92 762984
nbpm 50e2 2 1 - 2.05 54.23 2011928
greedy 50e2 2 1 - 1.78 61.90 2764784
dry 75e2 2 182 - 0.02 0.12 26328
aoDLAV 75e2 2 182 - 0.02 0.16 31376
aoULAV 75e2 2 182 - 0.02 0.16 31392
aoD2AG 75e2 2 182 - 0.03 0.18 31380
aoD2SG 75e2 2 182 - 0.02 0.20 31380
moore 75e2 2 182 - 0.85 425.78 1688764
nbpm 75e2 2 182 - 4.12 151.74 4242132
greedy 75e2 2 182 - 4.23 110.21 6183092
