dry 32e5 2 140 - 0.07 0.31 92680
aoDLAV 32e5 2 140 - 0.24 9.25 493328
aoULAV 32e5 2 140 - 0.25 12.70 493336
aoD2AG 32e5 2 140 - 0.40 16.99 717520
aoD2SG 32e5 2 140 - 0.39 24.13 745112
dry 1e7 2 23 - 0.13 0.41 225484
aoDLAV 1e7 2 23 - 0.74 44.89 1502688
aoULAV 1e7 2 23 - 0.75 47.59 1502684
aoD2AG 1e7 2 23 - 1.56 67.34 2201976
aoD2SG 1e7 2 23 - 1.93 78.30 2282720
dry 1e7 10 190 - 0.42 1.35 850512
aoDLAV 1e7 10 190 - 1.48 4791.20 3533960
aoULAV 1e7 10 190 - 2.31 4762.20 3533952
aoD2AG 1e7 10 190 - 3.59 4800.26 4336916
aoD2SG 1e7 10 190 - 3.91 5789.44 4426904
dry 1e7 5 122 - 0.26 0.80 459872
aoDLAV 1e7 5 122 - 1.05 215.60 2323020
aoULAV 1e7 5 122 - 1.52 317.57 2323016
aoD2AG 1e7 5 122 - 2.51 240.17 3065448
aoD2SG 1e7 5 122 - 2.52 285.68 3150056
dry 1e7 10 102 - 0.42 1.39 850508
aoDLAV 1e7 10 102 - 1.54 4810.48 3533956
aoULAV 1e7 10 102 - 2.41 4747.84 3533952
aoD2AG 1e7 10 102 - 3.75 4838.58 4336172
aoD2SG 1e7 10 102 - 3.59 5760.59 4425516
dry 18e5 2 20 - 0.04 0.21 65324
aoDLAV 18e5 2 20 - 0.14 6.32 285600
aoULAV 18e5 2 20 - 0.15 6.71 285540
aoD2AG 18e5 2 20 - 0.25 9.70 412332
aoD2SG 18e5 2 20 - 0.24 11.02 426404
dry 1e7 5 228 - 0.22 0.80 459868
aoDLAV 1e7 5 228 - 1.09 212.81 2323016
aoULAV 1e7 5 228 - 1.45 216.87 2323020
aoD2AG 1e7 5 228 - 2.49 238.84 3062340
aoD2SG 1e7 5 228 - 2.08 283.98 3151388
dry 1e7 2 179 - 0.12 0.44 225484
aoDLAV 1e7 2 179 - 0.76 44.18 1502684
aoULAV 1e7 2 179 - 0.78 47.29 1502684
aoD2AG 1e7 2 179 - 1.70 65.71 2204464
aoD2SG 1e7 2 179 - 1.63 77.22 2281156
dry 32e5 2 247 - 0.05 0.25 92676
aoDLAV 32e5 2 247 - 0.25 11.93 493324
aoULAV 32e5 2 247 - 0.24 12.66 493336
aoD2AG 32e5 2 247 - 0.40 18.22 718664
aoD2SG 32e5 2 247 - 0.44 20.96 742888
dry 56e5 2 87 - 0.08 0.32 139548
aoDLAV 56e5 2 87 - 0.46 23.22 849556
aoULAV 56e5 2 87 - 0.45 24.19 849556
aoD2AG 56e5 2 87 - 0.75 34.07 1241332
aoD2SG 56e5 2 87 - 0.88 39.40 1286188
dry 56e5 2 52 - 0.08 0.32 139544
aoDLAV 56e5 2 52 - 0.45 22.77 849556
aoULAV 56e5 2 52 - 0.43 24.29 849556
aoD2AG 56e5 2 52 - 0.69 34.82 1242536
aoD2SG 56e5 2 52 - 0.79 39.65 1285856
dry 1e7 10 149 - 0.42 1.38 850512
aoDLAV 1e7 10 149 - 1.45 4827.96 3533956
aoULAV 1e7 10 149 - 2.41 4821.17 3533952
aoD2AG 1e7 10 149 - 3.54 4769.96 4339248
aoD2SG 1e7 10 149 - 3.57 5962.96 4428064
dry 1e7 2 173 - 0.12 0.43 225484
aoDLAV 1e7 2 173 - 0.75 43.49 1502684
aoULAV 1e7 2 173 - 0.72 46.23 1502688
aoD2AG 1e7 2 173 - 1.58 65.10 2202160
aoD2SG 1e7 2 173 - 1.81 75.27 2283560
dry 1e7 2 89 - 0.12 0.44 225512
aoDLAV 1e7 2 89 - 0.76 43.41 1502688
aoULAV 1e7 2 89 - 0.76 46.10 1502684
aoD2AG 1e7 2 89 - 1.56 65.29 2203204
aoD2SG 1e7 2 89 - 1.61 75.41 2284696
dry 56e5 2 4 - 0.08 0.32 139548
aoDLAV 56e5 2 4 - 0.44 23.19 849560
aoULAV 56e5 2 4 - 0.44 24.72 849556
aoD2AG 56e5 2 4 - 0.75 35.14 1241280
aoD2SG 56e5 2 4 - 0.77 40.41 1286716
dry 1e7 10 240 - 0.42 1.38 850508
aoDLAV 1e7 10 240 - 1.60 4893.69 3533952
aoULAV 1e7 10 240 - 2.48 6405.28 3533960
aoD2AG 1e7 10 240 - 4.36 6115.09 4337912
aoD2SG 1e7 10 240 - 4.13 5898.31 4428476
dry 1e7 10 175 - 0.43 1.38 850512
aoDLAV 1e7 10 175 - 1.53 4802.50 3533956
aoULAV 1e7 10 175 - 2.38 4739.24 3533956
aoD2AG 1e7 10 175 - 3.56 4804.02 4337212
aoD2SG 1e7 10 175 - 4.09 6669.67 4425196
dry 1e7 10 151 - 0.43 1.37 850508
aoDLAV 1e7 10 151 - 1.89 5137.41 3533952
aoULAV 1e7 10 151 - 2.34 5715.44 3533956
aoD2AG 1e7 10 151 - 3.53 4804.12 4337968
aoD2SG 1e7 10 151 - 3.71 7791.13 4428952
