dry 5e7 2 71 - 0.48 1.57 1006736
aoDLAV 5e7 2 71 - 3.97 298.77 7440192
aoULAV 5e7 2 71 - 5.06 326.75 7440196
aoD2AG 5e7 2 71 - 9.95 437.83 10939784
aoD2SG 5e7 2 71 - 10.35 515.79 11337864
dry 7e7 2 115 - 0.78 2.19 1397356
aoDLAV 7e7 2 115 - 5.59 430.01 10408936
aoULAV 7e7 2 115 - 7.58 465.95 10408936
aoD2AG 7e7 2 115 - 13.78 646.35 15302684
aoD2SG 7e7 2 115 - 14.37 743.64 15864432
dry 75e2 2 240 - 0.02 0.13 26332
aoDLAV 75e2 2 240 - 0.03 0.16 31380
aoULAV 75e2 2 240 - 0.02 0.17 31388
aoD2AG 75e2 2 240 - 0.03 0.18 31384
aoD2SG 75e2 2 240 - 0.03 0.19 31384
moore 75e2 2 240 - 1.33 524.75 1688788
nbpm 75e2 2 240 - 4.11 164.60 4242124
greedy 75e2 2 240 - 3.97 189.85 6183128
dry 50e2 2 165 - 0.02 0.13 26204
aoDLAV 50e2 2 165 - 0.03 0.15 30848
aoULAV 50e2 2 165 - 0.03 0.16 30860
aoD2AG 50e2 2 165 - 0.03 0.16 31780
aoD2SG 50e2 2 165 - 0.03 0.17 31876
moore 50e2 2 165 - 0.57 170.76 764628
nbpm 50e2 2 165 - 1.93 57.50 2011924
greedy 50e2 2 165 - 1.65 59.37 2764784
dry 18e2 2 188 - 0.03 0.12 26048
aoDLAV 18e2 2 188 - 0.02 0.15 30372
aoULAV 18e2 2 188 - 0.03 0.14 30384
aoD2AG 18e2 2 188 - 0.03 0.14 30796
aoD2SG 18e2 2 188 - 0.02 0.15 30832
moore 18e2 2 188 - 0.07 26.34 125416
nbpm 18e2 2 188 - 0.17 7.62 334536
greedy 18e2 2 188 - 0.26 5.25 384352
dry 75e2 2 121 - 0.03 0.12 26332
aoDLAV 75e2 2 121 - 0.04 0.15 31380
aoULAV 75e2 2 121 - 0.03 0.16 31388
aoD2AG 75e2 2 121 - 0.03 0.19 31380
aoD2SG 75e2 2 121 - 0.03 0.19 31380
moore 75e2 2 121 - 1.55 539.84 1688784
nbpm 75e2 2 121 - 4.04 153.24 4242128
greedy 75e2 2 121 - 3.76 159.35 6183092
dry 50e2 2 25 - 0.01 0.13 26204
aoDLAV 50e2 2 25 - 0.04 0.14 30848
aoULAV 50e2 2 25 - 0.03 0.15 30860
aoD2AG 50e2 2 25 - 0.02 0.16 31792
aoD2SG 50e2 2 25 - 0.03 0.18 31868
moore 50e2 2 25 - 0.76 225.89 764628
nbpm 50e2 2 25 - 2.00 57.34 2011924
greedy 50e2 2 25 - 1.79 67.31 2764780
dry 2e7 2 96 - 0.30 0.79 420796
aoDLAV 2e7 2 96 - 1.69 111.54 2987068
aoULAV 2e7 2 96 - 1.66 112.84 2987072
aoD2AG 2e7 2 96 - 3.40 159.62 4386756
aoD2SG 2e7 2 96 - 4.25 194.62 4545800
dry 1e4 5 178 - 0.02 0.12 28772
aoDLAV 1e4 5 178 - 0.03 0.21 31088
aoULAV 1e4 5 178 - 0.03 0.21 31096
aoD2AG 1e4 5 178 - 0.03 0.23 32108
aoD2SG 1e4 5 178 - 0.03 0.24 32108
moore 1e4 5 178 - 1.13 1039.00 2961736
nbpm 1e4 5 178 - 7.44 578.94 7811452
greedy 1e4 5 178 - 7.13 363.75 10959172
dry 32e6 2 166 - 0.37 1.10 655176
aoDLAV 32e6 2 166 - 2.86 184.29 4768328
aoULAV 32e6 2 166 - 3.70 194.26 4768324
aoD2AG 32e6 2 166 - 6.40 267.76 7008700
aoD2SG 32e6 2 166 - 6.02 352.40 7261792
dry 56e6 2 104 - 0.63 1.79 1123924
aoDLAV 56e6 2 104 - 4.78 372.31 8330820
aoULAV 56e6 2 104 - 5.98 353.01 8330816
aoD2AG 56e6 2 104 - 10.93 507.10 12246676
aoD2SG 56e6 2 104 - 11.96 609.81 12693312
dry 5e7 2 160 - 0.57 1.60 1006736
aoDLAV 5e7 2 160 - 4.05 291.02 7440196
aoULAV 5e7 2 160 - 5.30 304.21 7440196
aoD2AG 5e7 2 160 - 9.57 578.26 10936728
aoD2SG 5e7 2 160 - 10.25 506.99 11336040
dry 32e6 2 42 - 0.38 1.09 655180
aoDLAV 32e6 2 42 - 2.71 178.12 4768324
aoULAV 32e6 2 42 - 2.82 188.54 4768324
aoD2AG 32e6 2 42 - 6.46 268.26 7007468
aoD2SG 32e6 2 42 - 6.69 328.28 7262096
dry 25e2 2 171 - 0.03 0.12 26080
aoDLAV 25e2 2 171 - 0.03 0.15 30456
aoULAV 25e2 2 171 - 0.03 0.15 30464
aoD2AG 25e2 2 171 - 0.03 0.16 30988
aoD2SG 25e2 2 171 - 0.04 0.15 31024
moore 25e2 2 171 - 0.08 21.45 213628
nbpm 25e2 2 171 - 0.54 12.59 541636
greedy 25e2 2 171 - 0.42 10.11 713664
dry 50e2 2 128 - 0.03 0.12 26204
aoDLAV 50e2 2 128 - 0.03 0.15 30852
aoULAV 50e2 2 128 - 0.03 0.15 30860
aoD2AG 50e2 2 128 - 0.03 0.15 31792
aoD2SG 50e2 2 128 - 0.02 0.18 31880
moore 50e2 2 128 - 0.50 160.67 764628
nbpm 50e2 2 128 - 1.93 57.51 2011924
greedy 50e2 2 128 - 1.65 60.21 2764780
dry 6e7 2 199 - 0.77 1.89 1202044
aoDLAV 6e7 2 199 - 5.23 357.85 8924564
aoULAV 6e7 2 199 - 6.77 391.86 8924560
aoD2AG 6e7 2 199 - 11.68 544.55 13121448
aoD2SG 6e7 2 199 - 12.30 628.79 13599280
dry 3e7 2 6 - 0.38 1.09 616104
aoDLAV 3e7 2 6 - 2.68 170.04 4471428
aoULAV 3e7 2 6 - 2.69 176.81 4471428
aoD2AG 3e7 2 6 - 5.95 262.44 6570792
aoD2SG 3e7 2 6 - 6.23 302.86 6809560
dry 50e2 2 73 - 0.02 0.13 26204
aoDLAV 50e2 2 73 - 0.02 0.16 30848
aoULAV 50e2 2 73 - 0.03 0.15 30864
aoD2AG 50e2 2 73 - 0.03 0.15 31792
aoD2SG 50e2 2 73 - 0.02 0.18 31888
moore 50e2 2 73 - 0.55 174.06 764628
nbpm 50e2 2 73 - 2.03 75.29 2011960
greedy 50e2 2 73 - 1.61 59.27 2764780
dry 5e7 2 80 - 0.59 1.60 1006736
aoDLAV 5e7 2 80 - 4.03 293.51 7440192
aoULAV 5e7 2 80 - 5.51 307.77 7440192
aoD2AG 5e7 2 80 - 9.93 442.50 10938488
aoD2SG 5e7 2 80 - 10.72 515.40 11334548
dry 1e4 2 132 - 0.03 0.12 26432
aoDLAV 1e4 2 132 - 0.04 0.16 31864
aoULAV 1e4 2 132 - 0.03 0.18 31876
aoD2AG 1e4 2 132 - 0.03 0.18 31876
aoD2SG 1e4 2 132 - 0.03 0.18 31992
moore 1e4 2 132 - 1.23 897.52 2960572
nbpm 1e4 2 132 - 7.45 360.24 7889420
greedy 1e4 2 132 - 6.39 270.48 10968568
dry 25e2 2 1 - 0.03 0.11 26084
aoDLAV 25e2 2 1 - 0.03 0.14 30456
aoULAV 25e2 2 1 - 0.03 0.15 30464
aoD2AG 25e2 2 1 - 0.03 0.15 30996
aoD2SG 25e2 2 1 - 0.03 0.15 31028
moore 25e2 2 1 - 0.10 37.92 213596
nbpm 25e2 2 1 - 0.57 13.13 541640
greedy 25e2 2 1 - 0.46 10.67 713664
dry 1e4 5 88 - 0.02 0.12 26900
aoDLAV 1e4 5 88 - 0.02 0.22 31084
aoULAV 1e4 5 88 - 0.02 0.22 31096
aoD2AG 1e4 5 88 - 0.04 0.22 32108
aoD2SG 1e4 5 88 - 0.02 0.24 32108
moore 1e4 5 88 - 1.10 1432.27 2961736
nbpm 1e4 5 88 - 7.58 635.17 7811452
greedy 1e4 5 88 - 6.71 303.20 10959172
dry 18e6 2 56 - 0.24 0.70 381736
aoDLAV 18e6 2 56 - 1.60 97.36 2690196
aoULAV 18e6 2 56 - 1.59 103.29 2690192
aoD2AG 18e6 2 56 - 3.14 146.86 3951908
aoD2SG 18e6 2 56 - 3.88 175.38 4091604
dry 7e7 2 126 - 0.78 2.21 1397356
aoDLAV 7e7 2 126 - 6.35 435.86 10408940
aoULAV 7e7 2 126 - 7.55 451.34 10408940
aoD2AG 7e7 2 126 - 13.62 653.67 15304052
aoD2SG 7e7 2 126 - 14.26 758.23 15860256
dry 4e7 2 13 - 0.49 1.31 811428
aoDLAV 4e7 2 13 - 3.38 231.09 5955816
aoULAV 4e7 2 13 - 4.16 234.57 5955856
aoD2AG 4e7 2 13 - 7.76 354.34 8751976
aoD2SG 4e7 2 13 - 8.31 394.22 9072676
dry 1e4 10 250 - 0.03 0.12 29140
aoDLAV 1e4 10 250 - 0.04 0.67 32764
aoULAV 1e4 10 250 - 0.03 0.68 32776
aoD2AG 1e4 10 250 - 0.03 0.71 32744
aoD2SG 1e4 10 250 - 0.03 0.78 34176
moore 1e4 10 250 - 1.21 1012.77 2963856
nbpm 1e4 10 250 - 7.43 730.90 7764380
greedy 1e4 10 250 - 6.91 283.81 10961124
dry 5e7 2 64 - 0.61 1.64 1006736
aoDLAV 5e7 2 64 - 4.46 289.04 7440192
aoULAV 5e7 2 64 - 5.53 312.56 7440192
aoD2AG 5e7 2 64 - 9.86 457.95 10937840
aoD2SG 5e7 2 64 - 10.61 664.91 11336908
dry 50e2 2 28 - 0.02 0.13 26204
aoDLAV 50e2 2 28 - 0.02 0.17 30852
aoULAV 50e2 2 28 - 0.03 0.16 30860
aoD2AG 50e2 2 28 - 0.03 0.16 31780
aoD2SG 50e2 2 28 - 0.03 0.18 31852
moore 50e2 2 28 - 0.33 116.07 762976
nbpm 50e2 2 28 - 2.03 56.11 2011956
greedy 50e2 2 28 - 1.75 61.65 2764784
dry 32e2 2 178 - 0.02 0.12 26116
aoDLAV 32e2 2 178 - 0.04 0.15 30540
aoULAV 32e2 2 178 - 0.03 0.15 30552
aoD2AG 32e2 2 178 - 0.04 0.15 31268
aoD2SG 32e2 2 178 - 0.04 0.14 31268
moore 32e2 2 178 - 0.19 46.47 330520
nbpm 32e2 2 178 - 0.85 19.83 854792
greedy 32e2 2 178 - 0.71 22.13 1150168
dry 18e6 2 178 - 0.21 0.69 381736
aoDLAV 18e6 2 178 - 1.59 94.26 2690192
aoULAV 18e6 2 178 - 1.87 96.25 2690196
aoD2AG 18e6 2 178 - 3.11 139.77 3950156
aoD2SG 18e6 2 178 - 3.72 176.68 4094508
dry 1e4 2 227 - 0.02 0.12 26432
aoDLAV 1e4 2 227 - 0.03 0.18 31864
aoULAV 1e4 2 227 - 0.02 0.18 31880
aoD2AG 1e4 2 227 - 0.02 0.19 31876
aoD2SG 1e4 2 227 - 0.03 0.19 31988
moore 1e4 2 227 - 1.31 1331.90 2960580
nbpm 1e4 2 227 - 7.55 354.71 7889424
greedy 1e4 2 227 - 6.39 274.92 10968572
dry 25e2 2 217 - 0.02 0.12 26084
aoDLAV 25e2 2 217 - 0.03 0.15 30452
aoULAV 25e2 2 217 - 0.03 0.15 30464
aoD2AG 25e2 2 217 - 0.03 0.15 30972
aoD2SG 25e2 2 217 - 0.04 0.15 31012
moore 25e2 2 217 - 0.09 44.63 213604
nbpm 25e2 2 217 - 0.56 12.65 541644
greedy 25e2 2 217 - 0.42 9.36 713668
dry 18e2 2 175 - 0.03 0.11 26052
aoDLAV 18e2 2 175 - 0.02 0.15 30372
aoULAV 18e2 2 175 - 0.04 0.14 30384
aoD2AG 18e2 2 175 - 0.03 0.15 30784
aoD2SG 18e2 2 175 - 0.03 0.15 30828
moore 18e2 2 175 - 0.07 16.18 125412
nbpm 18e2 2 175 - 0.21 7.73 334528
greedy 18e2 2 175 - 0.24 4.29 384352
dry 5e7 2 165 - 0.58 1.62 1006740
aoDLAV 5e7 2 165 - 4.38 379.02 7440268
aoULAV 5e7 2 165 - 5.66 315.18 7440192
aoD2AG 5e7 2 165 - 9.73 459.84 10940248
aoD2SG 5e7 2 165 - 10.34 524.36 11338760
dry 32e2 2 63 - 0.03 0.12 26112
aoDLAV 32e2 2 63 - 0.03 0.15 30540
aoULAV 32e2 2 63 - 0.03 0.16 30552
aoD2AG 32e2 2 63 - 0.03 0.15 31212
aoD2SG 32e2 2 63 - 0.03 0.15 31256
moore 32e2 2 63 - 0.25 62.17 330520
nbpm 32e2 2 63 - 0.91 19.61 854756
greedy 32e2 2 63 - 0.73 21.67 1150168
dry 1e4 10 23 - 0.02 0.13 27688
aoDLAV 1e4 10 23 - 0.03 0.85 32764
aoULAV 1e4 10 23 - 0.04 0.74 32776
aoD2AG 1e4 10 23 - 0.03 0.71 32744
aoD2SG 1e4 10 23 - 0.03 0.77 34180
moore 1e4 10 23 - 1.23 1055.35 2963880
nbpm 1e4 10 23 - 7.64 738.10 7764384
greedy 1e4 10 23 - 6.95 274.99 10961112
dry 32e6 2 97 - 0.38 1.11 655176
aoDLAV 32e6 2 97 - 2.86 183.14 4768328
aoULAV 32e6 2 97 - 3.67 194.60 4768324
aoD2AG 32e6 2 97 - 6.22 275.98 7007540
aoD2SG 32e6 2 97 - 6.67 321.05 7261408
dry 4e7 2 32 - 0.55 1.39 811428
aoDLAV 4e7 2 32 - 3.34 231.67 5955816
aoULAV 4e7 2 32 - 3.54 243.10 5955816
aoD2AG 4e7 2 32 - 7.88 344.62 8753352
aoD2SG 4e7 2 32 - 8.87 420.58 9074308
dry 18e6 2 26 - 0.25 0.69 381740
aoDLAV 18e6 2 26 - 1.52 96.60 2690192
aoULAV 18e6 2 26 - 1.53 102.50 2690192
aoD2AG 18e6 2 26 - 3.69 150.46 3949296
aoD2SG 18e6 2 26 - 3.66 161.40 4094072
dry 32e6 2 140 - 0.39 1.12 655180
aoDLAV 32e6 2 140 - 2.83 187.93 4768324
aoULAV 32e6 2 140 - 2.81 187.71 4768324
aoD2AG 32e6 2 140 - 6.33 348.75 7006928
aoD2SG 32e6 2 140 - 6.48 315.22 7262768
dry 75e2 2 146 - 0.02 0.12 26328
aoDLAV 75e2 2 146 - 0.03 0.16 31376
aoULAV 75e2 2 146 - 0.03 0.15 31392
aoD2AG 75e2 2 146 - 0.03 0.17 31380
aoD2SG 75e2 2 146 - 0.02 0.18 31384
moore 75e2 2 146 - 1.47 556.72 1688784
nbpm 75e2 2 146 - 4.17 156.10 4242124
greedy 75e2 2 146 - 3.62 146.06 6183092
dry 1e4 10 219 - 0.02 0.12 27688
aoDLAV 1e4 10 219 - 0.03 0.66 32764
aoULAV 1e4 10 219 - 0.03 0.67 32776
aoD2AG 1e4 10 219 - 0.03 0.69 32748
aoD2SG 1e4 10 219 - 0.04 0.76 34176
moore 1e4 10 219 - 1.08 1101.44 2963856
nbpm 1e4 10 219 - 7.55 726.33 7764388
greedy 1e4 10 219 - 6.53 271.60 10961108
dry 18e6 2 114 - 0.22 0.71 381736
aoDLAV 18e6 2 114 - 1.59 95.75 2690196
aoULAV 18e6 2 114 - 2.04 104.32 2690196
aoD2AG 18e6 2 114 - 2.97 143.73 3949064
aoD2SG 18e6 2 114 - 3.29 167.01 4093540
dry 7e7 2 206 - 0.74 2.17 1397356
aoDLAV 7e7 2 206 - 5.53 416.23 10408936
aoULAV 7e7 2 206 - 7.75 516.98 10408936
aoD2AG 7e7 2 206 - 13.75 645.31 15304944
aoD2SG 7e7 2 206 - 14.62 759.59 15864104
dry 5e7 2 90 - 0.64 1.64 1006740
aoDLAV 5e7 2 90 - 4.43 303.50 7440196
aoULAV 5e7 2 90 - 5.61 308.98 7440196
aoD2AG 5e7 2 90 - 9.86 438.52 10937824
aoD2SG 5e7 2 90 - 10.64 520.52 11336836
dry 2e7 2 240 - 0.24 0.77 420796
aoDLAV 2e7 2 240 - 1.74 107.50 2987072
aoULAV 2e7 2 240 - 2.17 117.21 2987068
aoD2AG 2e7 2 240 - 3.36 161.64 4388732
aoD2SG 2e7 2 240 - 4.05 184.30 4548996
dry 32e6 2 168 - 0.37 1.10 655180
aoDLAV 32e6 2 168 - 2.88 217.40 4768324
aoULAV 32e6 2 168 - 3.46 190.23 4768324
aoD2AG 32e6 2 168 - 6.20 262.23 7004000
aoD2SG 32e6 2 168 - 6.60 316.53 7260076
dry 50e2 2 175 - 0.03 0.12 26204
aoDLAV 50e2 2 175 - 0.03 0.15 30848
aoULAV 50e2 2 175 - 0.03 0.15 30864
aoD2AG 50e2 2 175 - 0.03 0.15 31784
aoD2SG 50e2 2 175 - 0.03 0.17 31876
moore 50e2 2 175 - 0.92 252.30 764624
nbpm 50e2 2 175 - 1.96 56.00 2011916
greedy 50e2 2 175 - 1.67 60.85 2764780
dry 32e6 2 159 - 0.36 1.11 655176
aoDLAV 32e6 2 159 - 2.66 178.94 4768324
aoULAV 32e6 2 159 - 3.55 217.17 4768324
aoD2AG 32e6 2 159 - 5.62 275.66 7008700
aoD2SG 32e6 2 159 - 6.87 388.75 7264956
dry 1e4 5 143 - 0.02 0.13 26904
aoDLAV 1e4 5 143 - 0.03 0.22 31124
aoULAV 1e4 5 143 - 0.04 0.21 31112
aoD2AG 1e4 5 143 - 0.03 0.22 32108
aoD2SG 1e4 5 143 - 0.03 0.24 32108
moore 1e4 5 143 - 1.18 1085.39 2961736
nbpm 1e4 5 143 - 7.53 617.49 7811456
greedy 1e4 5 143 - 6.55 294.54 10959228
dry 7e7 2 231 - 0.86 2.20 1397360
aoDLAV 7e7 2 231 - 6.05 446.15 10408936
aoULAV 7e7 2 231 - 7.38 460.26 10408936
aoD2AG 7e7 2 231 - 13.91 647.32 15305236
aoD2SG 7e7 2 231 - 14.48 819.14 15864048
dry 18e6 2 4 - 0.23 0.69 381736
aoDLAV 18e6 2 4 - 1.56 89.93 2690240
aoULAV 18e6 2 4 - 2.22 97.94 2690192
aoD2AG 18e6 2 4 - 3.31 154.46 3950160
aoD2SG 18e6 2 4 - 3.78 174.73 4094748
dry 1e4 10 26 - 0.02 0.13 28920
aoDLAV 1e4 10 26 - 0.03 0.73 32776
aoULAV 1e4 10 26 - 0.04 0.71 32776
aoD2AG 1e4 10 26 - 0.04 0.75 32744
aoD2SG 1e4 10 26 - 0.04 0.85 34176
moore 1e4 10 26 - 1.13 1272.06 2963856
nbpm 1e4 10 26 - 7.96 990.82 7764396
greedy 1e4 10 26 - 6.52 280.52 10961108
dry 3e7 2 49 - 0.37 1.05 616108
aoDLAV 3e7 2 49 - 2.70 174.23 4471428
aoULAV 3e7 2 49 - 2.69 186.46 4471432
aoD2AG 3e7 2 49 - 6.16 256.97 6570216
aoD2SG 3e7 2 49 - 6.42 293.77 6809932
