dry 1e4 5 232 - 0.04 0.16 28868
aoDLAV 1e4 5 232 - 0.06 0.29 31084
aoULAV 1e4 5 232 - 0.03 0.26 31096
aoD2AG 1e4 5 232 - 0.05 0.26 32112
aoD2SG 1e4 5 232 - 0.03 0.27 32108
moore 1e4 5 232 - 1.11 962.60 2961736
nbpm 1e4 5 232 - 7.20 717.83 7811460
greedy 1e4 5 232 - 6.61 300.06 10959176
dry 75e2 2 243 - 0.02 0.13 26328
aoDLAV 75e2 2 243 - 0.03 0.16 31376
aoULAV 75e2 2 243 - 0.03 0.16 31392
aoD2AG 75e2 2 243 - 0.03 0.17 31380
aoD2SG 75e2 2 243 - 0.03 0.17 31380
moore 75e2 2 243 - 0.91 443.40 1688780
nbpm 75e2 2 243 - 4.40 162.78 4242128
greedy 75e2 2 243 - 3.89 159.03 6183088
dry 50e2 2 9 - 0.02 0.12 26204
aoDLAV 50e2 2 9 - 0.03 0.16 30848
aoULAV 50e2 2 9 - 0.03 0.15 30860
aoD2AG 50e2 2 9 - 0.02 0.16 31784
aoD2SG 50e2 2 9 - 0.03 0.17 31868
moore 50e2 2 9 - 0.41 143.45 764624
nbpm 50e2 2 9 - 1.97 57.57 2011916
greedy 50e2 2 9 - 1.85 65.31 2764780
dry 32e2 2 34 - 0.03 0.12 26116
aoDLAV 32e2 2 34 - 0.03 0.16 30544
aoULAV 32e2 2 34 - 0.04 0.15 30548
aoD2AG 32e2 2 34 - 0.03 0.16 31212
aoD2SG 32e2 2 34 - 0.03 0.18 31252
moore 32e2 2 34 - 0.39 91.52 330520
nbpm 32e2 2 34 - 0.86 20.21 854760
greedy 32e2 2 34 - 0.71 21.71 1150164
dry 7e7 2 141 - 0.92 2.19 1397356
aoDLAV 7e7 2 141 - 6.12 431.73 10408936
aoULAV 7e7 2 141 - 8.03 461.07 10408936
aoD2AG 7e7 2 141 - 14.08 746.52 15304304
aoD2SG 7e7 2 141 - 14.45 753.12 15863112
dry 4e7 2 199 - 0.46 1.30 811428
aoDLAV 4e7 2 199 - 3.21 241.14 5955820
aoULAV 4e7 2 199 - 4.64 251.90 5955816
aoD2AG 4e7 2 199 - 7.03 352.73 8753020
aoD2SG 4e7 2 199 - 8.50 410.09 9073000
dry 18e2 2 148 - 0.02 0.12 26048
aoDLAV 18e2 2 148 - 0.03 0.14 30372
aoULAV 18e2 2 148 - 0.02 0.15 30384
aoD2AG 18e2 2 148 - 0.03 0.15 30784
aoD2SG 18e2 2 148 - 0.03 0.15 30824
moore 18e2 2 148 - 0.05 9.69 125448
nbpm 18e2 2 148 - 0.19 7.87 334540
greedy 18e2 2 148 - 0.22 4.02 384352
dry 32e6 2 54 - 0.38 1.10 655176
aoDLAV 32e6 2 54 - 2.60 231.25 4768324
aoULAV 32e6 2 54 - 3.45 195.06 4768324
aoD2AG 32e6 2 54 - 6.29 272.18 7008436
aoD2SG 32e6 2 54 - 6.01 322.20 7262840
dry 6e7 2 25 - 0.72 1.92 1202044
aoDLAV 6e7 2 25 - 4.98 358.00 8924560
aoULAV 6e7 2 25 - 6.40 382.40 8924560
aoD2AG 6e7 2 25 - 12.16 556.02 13118712
aoD2SG 6e7 2 25 - 13.13 653.42 13597592
dry 7e7 2 145 - 0.90 2.16 1397356
aoDLAV 7e7 2 145 - 6.57 525.98 10408936
aoULAV 7e7 2 145 - 7.57 447.10 10408936
aoD2AG 7e7 2 145 - 13.32 639.49 15303568
aoD2SG 7e7 2 145 - 14.82 1002.05 15865168
dry 7e7 2 221 - 0.81 2.19 1397360
aoDLAV 7e7 2 221 - 6.14 439.85 10408940
aoULAV 7e7 2 221 - 7.71 445.85 10408936
aoD2AG 7e7 2 221 - 14.55 635.31 15302876
aoD2SG 7e7 2 221 - 15.11 740.95 15863172
dry 75e2 2 170 - 0.03 0.12 26328
aoDLAV 75e2 2 170 - 0.03 0.16 31376
aoULAV 75e2 2 170 - 0.03 0.17 31388
aoD2AG 75e2 2 170 - 0.03 0.19 31380
aoD2SG 75e2 2 170 - 0.03 0.19 31380
moore 75e2 2 170 - 0.78 406.41 1688792
nbpm 75e2 2 170 - 4.13 157.96 4242132
greedy 75e2 2 170 - 4.00 156.02 6183092
dry 25e2 2 114 - 0.02 0.13 28104
aoDLAV 25e2 2 114 - 0.04 0.15 30452
aoULAV 25e2 2 114 - 0.03 0.16 30464
aoD2AG 25e2 2 114 - 0.03 0.16 30996
aoD2SG 25e2 2 114 - 0.04 0.15 31036
moore 25e2 2 114 - 0.09 22.28 213624
nbpm 25e2 2 114 - 0.58 12.77 541644
greedy 25e2 2 114 - 0.48 10.16 713664
dry 25e2 2 67 - 0.03 0.12 26084
aoDLAV 25e2 2 67 - 0.03 0.15 30452
aoULAV 25e2 2 67 - 0.04 0.14 30464
aoD2AG 25e2 2 67 - 0.03 0.16 30992
aoD2SG 25e2 2 67 - 0.04 0.15 31032
moore 25e2 2 67 - 0.12 67.81 213604
nbpm 25e2 2 67 - 0.52 11.85 541644
greedy 25e2 2 67 - 0.47 10.46 713664
dry 7e7 2 78 - 0.83 2.21 1397356
aoDLAV 7e7 2 78 - 5.94 417.15 10408940
aoULAV 7e7 2 78 - 7.92 454.28 10408936
aoD2AG 7e7 2 78 - 13.94 649.73 15303108
aoD2SG 7e7 2 78 - 14.96 750.60 15861336
dry 32e6 2 208 - 0.39 1.09 655176
aoDLAV 32e6 2 208 - 2.67 189.87 4768340
aoULAV 32e6 2 208 - 2.74 199.89 4768324
aoD2AG 32e6 2 208 - 6.55 268.30 7009672
aoD2SG 32e6 2 208 - 6.97 307.77 7264488
dry 5e7 2 228 - 0.68 1.63 1006736
aoDLAV 5e7 2 228 - 4.04 291.04 7440192
aoULAV 5e7 2 228 - 5.31 313.04 7440192
aoD2AG 5e7 2 228 - 9.49 442.61 10936860
aoD2SG 5e7 2 228 - 9.94 509.93 11336748
dry 6e7 2 220 - 0.66 1.93 1202044
aoDLAV 6e7 2 220 - 5.05 352.75 8924560
aoULAV 6e7 2 220 - 6.41 380.81 8924560
aoD2AG 6e7 2 220 - 11.72 555.05 13121372
aoD2SG 6e7 2 220 - 12.71 648.27 13601420
dry 7e7 2 146 - 0.78 2.19 1397356
aoDLAV 7e7 2 146 - 5.73 556.83 10408936
aoULAV 7e7 2 146 - 7.73 464.85 10408940
aoD2AG 7e7 2 146 - 14.68 663.14 15304080
aoD2SG 7e7 2 146 - 15.24 990.22 15862696
dry 1e4 2 13 - 0.02 0.13 26432
aoDLAV 1e4 2 13 - 0.03 0.18 31868
aoULAV 1e4 2 13 - 0.03 0.18 31876
aoD2AG 1e4 2 13 - 0.04 0.18 31880
aoD2SG 1e4 2 13 - 0.03 0.19 31992
moore 1e4 2 13 - 1.10 1148.01 2960580
nbpm 1e4 2 13 - 7.66 355.64 7889428
greedy 1e4 2 13 - 6.84 282.72 10968568
dry 1e4 10 178 - 0.02 0.12 29380
aoDLAV 1e4 10 178 - 0.04 0.67 32764
aoULAV 1e4 10 178 - 0.03 0.70 32776
aoD2AG 1e4 10 178 - 0.04 0.71 32744
aoD2SG 1e4 10 178 - 0.04 0.77 34176
moore 1e4 10 178 - 1.18 880.08 2963852
nbpm 1e4 10 178 - 7.59 920.81 7764392
greedy 1e4 10 178 - 6.30 271.28 10961112
dry 1e4 10 34 - 0.03 0.11 27688
aoDLAV 1e4 10 34 - 0.02 0.72 32764
aoULAV 1e4 10 34 - 0.03 0.71 32780
aoD2AG 1e4 10 34 - 0.03 0.72 32744
aoD2SG 1e4 10 34 - 0.04 0.80 34180
moore 1e4 10 34 - 1.12 979.93 2963852
nbpm 1e4 10 34 - 7.46 1133.80 7764400
greedy 1e4 10 34 - 6.74 285.49 10961108
dry 6e7 2 161 - 0.68 1.91 1202044
aoDLAV 6e7 2 161 - 5.12 355.36 8924564
aoULAV 6e7 2 161 - 6.50 375.01 8924564
aoD2AG 6e7 2 161 - 11.37 528.47 13121280
aoD2SG 6e7 2 161 - 12.53 629.19 13598164
dry 18e6 2 143 - 0.23 0.69 381736
aoDLAV 18e6 2 143 - 1.52 94.45 2690196
aoULAV 18e6 2 143 - 1.72 99.01 2690196
aoD2AG 18e6 2 143 - 3.12 146.50 3950124
aoD2SG 18e6 2 143 - 3.72 163.85 4094852
dry 4e7 2 227 - 0.44 1.32 811424
aoDLAV 4e7 2 227 - 3.33 228.66 5955816
aoULAV 4e7 2 227 - 4.34 242.77 5955820
aoD2AG 4e7 2 227 - 7.69 338.63 8754304
aoD2SG 4e7 2 227 - 8.25 415.81 9073212
dry 5e7 2 8 - 0.63 1.64 1006736
aoDLAV 5e7 2 8 - 4.24 295.08 7440192
aoULAV 5e7 2 8 - 5.56 318.38 7440192
aoD2AG 5e7 2 8 - 9.90 448.97 10938348
aoD2SG 5e7 2 8 - 11.08 541.09 11334656
dry 1e4 10 236 - 0.03 0.12 29716
aoDLAV 1e4 10 236 - 0.04 0.67 32764
aoULAV 1e4 10 236 - 0.03 0.70 32824
aoD2AG 1e4 10 236 - 0.03 0.70 32748
aoD2SG 1e4 10 236 - 0.03 0.78 34176
moore 1e4 10 236 - 1.21 991.10 2963856
nbpm 1e4 10 236 - 7.52 866.99 7764384
greedy 1e4 10 236 - 6.59 271.87 10961108
dry 25e2 2 236 - 0.03 0.12 26084
aoDLAV 25e2 2 236 - 0.03 0.15 30452
aoULAV 25e2 2 236 - 0.03 0.15 30468
aoD2AG 25e2 2 236 - 0.03 0.16 30980
aoD2SG 25e2 2 236 - 0.03 0.15 31008
moore 25e2 2 236 - 0.09 30.59 213596
nbpm 25e2 2 236 - 0.54 12.16 541632
greedy 25e2 2 236 - 0.44 8.99 713668
dry 3e7 2 234 - 0.37 1.04 616104
aoDLAV 3e7 2 234 - 2.53 163.40 4471428
aoULAV 3e7 2 234 - 2.53 176.20 4471432
aoD2AG 3e7 2 234 - 5.86 250.40 6570284
aoD2SG 3e7 2 234 - 6.43 293.04 6809080
dry 3e7 2 131 - 0.39 1.06 616104
aoDLAV 3e7 2 131 - 2.68 166.36 4471428
aoULAV 3e7 2 131 - 2.65 180.73 4471428
aoD2AG 3e7 2 131 - 5.81 324.63 6571140
aoD2SG 3e7 2 131 - 6.70 290.58 6809640
dry 56e2 2 12 - 0.02 0.12 26236
aoDLAV 56e2 2 12 - 0.04 0.14 30980
aoULAV 56e2 2 12 - 0.03 0.16 30992
aoD2AG 56e2 2 12 - 0.04 0.16 31992
aoD2SG 56e2 2 12 - 0.02 0.18 31128
moore 56e2 2 12 - 0.60 214.98 952716
nbpm 56e2 2 12 - 2.36 74.13 2388080
greedy 56e2 2 12 - 2.11 82.80 3460492
dry 25e2 2 158 - 0.02 0.13 26080
aoDLAV 25e2 2 158 - 0.03 0.14 30452
aoULAV 25e2 2 158 - 0.03 0.15 30464
aoD2AG 25e2 2 158 - 0.03 0.15 30984
aoD2SG 25e2 2 158 - 0.02 0.16 31028
moore 25e2 2 158 - 0.12 41.46 213596
nbpm 25e2 2 158 - 0.55 12.07 541632
greedy 25e2 2 158 - 0.41 9.34 713668
dry 75e2 2 189 - 0.02 0.12 28364
aoDLAV 75e2 2 189 - 0.03 0.14 31380
aoULAV 75e2 2 189 - 0.02 0.16 31388
aoD2AG 75e2 2 189 - 0.03 0.17 31380
aoD2SG 75e2 2 189 - 0.03 0.17 31380
moore 75e2 2 189 - 1.05 448.28 1688764
nbpm 75e2 2 189 - 4.16 177.86 4242132
greedy 75e2 2 189 - 3.83 149.71 6183092
dry 1e4 5 11 - 0.02 0.12 26904
aoDLAV 1e4 5 11 - 0.03 0.22 31084
aoULAV 1e4 5 11 - 0.03 0.21 31100
aoD2AG 1e4 5 11 - 0.03 0.22 32108
aoD2SG 1e4 5 11 - 0.02 0.24 32108
moore 1e4 5 11 - 1.18 1015.17 2961728
nbpm 1e4 5 11 - 7.50 586.30 7811448
greedy 1e4 5 11 - 6.56 295.02 10959172
dry 50e2 2 193 - 0.03 0.11 26208
aoDLAV 50e2 2 193 - 0.03 0.15 30852
aoULAV 50e2 2 193 - 0.03 0.15 30860
aoD2AG 50e2 2 193 - 0.03 0.16 31776
aoD2SG 50e2 2 193 - 0.03 0.18 31864
moore 50e2 2 193 - 0.67 193.84 764620
nbpm 50e2 2 193 - 1.99 53.19 2011916
greedy 50e2 2 193 - 1.76 64.06 2764780
dry 2e7 2 129 - 0.26 0.75 420796
aoDLAV 2e7 2 129 - 1.80 139.16 2987072
aoULAV 2e7 2 129 - 2.35 120.99 2987072
aoD2AG 2e7 2 129 - 3.68 166.86 4386516
aoD2SG 2e7 2 129 - 4.15 193.50 4546420
dry 56e6 2 81 - 0.64 1.82 1123924
aoDLAV 56e6 2 81 - 4.83 336.91 8330816
aoULAV 56e6 2 81 - 6.11 348.15 8330820
aoD2AG 56e6 2 81 - 10.93 493.85 12247764
aoD2SG 56e6 2 81 - 11.27 578.20 12693904
dry 1e4 10 89 - 0.02 0.12 27688
aoDLAV 1e4 10 89 - 0.03 0.67 32764
aoULAV 1e4 10 89 - 0.03 0.68 32776
aoD2AG 1e4 10 89 - 0.03 0.70 32748
aoD2SG 1e4 10 89 - 0.04 0.77 34180
moore 1e4 10 89 - 1.25 783.03 2963852
nbpm 1e4 10 89 - 7.84 738.64 7764392
greedy 1e4 10 89 - 6.37 276.24 10961108
dry 75e2 2 115 - 0.02 0.12 26328
aoDLAV 75e2 2 115 - 0.03 0.16 31376
aoULAV 75e2 2 115 - 0.04 0.15 31388
aoD2AG 75e2 2 115 - 0.02 0.18 31380
aoD2SG 75e2 2 115 - 0.03 0.17 31416
moore 75e2 2 115 - 1.04 467.38 1688784
nbpm 75e2 2 115 - 4.33 156.33 4242124
greedy 75e2 2 115 - 3.90 192.58 6183092
dry 18e6 2 154 - 0.22 0.67 381736
aoDLAV 18e6 2 154 - 1.53 89.31 2690192
aoULAV 18e6 2 154 - 2.17 99.26 2690192
aoD2AG 18e6 2 154 - 3.23 139.93 3949208
aoD2SG 18e6 2 154 - 3.90 163.15 4094292
dry 6e7 2 100 - 0.72 1.91 1202044
aoDLAV 6e7 2 100 - 5.39 352.45 8924560
aoULAV 6e7 2 100 - 7.05 387.24 8924560
aoD2AG 6e7 2 100 - 11.72 533.78 13120188
aoD2SG 6e7 2 100 - 13.31 659.80 13598572
dry 18e6 2 99 - 0.27 0.71 381736
aoDLAV 18e6 2 99 - 1.46 97.67 2690196
aoULAV 18e6 2 99 - 1.63 102.53 2690196
aoD2AG 18e6 2 99 - 3.15 146.17 3950944
aoD2SG 18e6 2 99 - 3.67 166.10 4093144
dry 3e7 2 197 - 0.39 1.05 616104
aoDLAV 3e7 2 197 - 2.67 169.96 4471428
aoULAV 3e7 2 197 - 2.63 177.85 4471428
aoD2AG 3e7 2 197 - 6.06 250.94 6569200
aoD2SG 3e7 2 197 - 6.55 292.88 6809044
dry 2e7 2 10 - 0.31 0.77 420796
aoDLAV 2e7 2 10 - 1.68 106.93 2987068
aoULAV 2e7 2 10 - 1.80 142.42 2987068
aoD2AG 2e7 2 10 - 3.47 189.64 4387728
aoD2SG 2e7 2 10 - 4.32 192.75 4545672
dry 1e4 2 211 - 0.02 0.12 26432
aoDLAV 1e4 2 211 - 0.03 0.17 31868
aoULAV 1e4 2 211 - 0.03 0.17 31924
aoD2AG 1e4 2 211 - 0.03 0.19 31876
aoD2SG 1e4 2 211 - 0.03 0.19 31992
moore 1e4 2 211 - 1.17 1152.95 2960580
nbpm 1e4 2 211 - 7.53 362.40 7889424
greedy 1e4 2 211 - 6.46 321.88 10968568
dry 32e2 2 90 - 0.02 0.12 26112
aoDLAV 32e2 2 90 - 0.02 0.16 30540
aoULAV 32e2 2 90 - 0.03 0.15 30548
aoD2AG 32e2 2 90 - 0.03 0.15 31192
aoD2SG 32e2 2 90 - 0.02 0.16 31252
moore 32e2 2 90 - 0.24 57.70 330512
nbpm 32e2 2 90 - 0.95 20.96 854752
greedy 32e2 2 90 - 0.68 21.31 1150196
dry 75e2 2 217 - 0.02 0.12 26328
aoDLAV 75e2 2 217 - 0.02 0.16 31376
aoULAV 75e2 2 217 - 0.03 0.15 31388
aoD2AG 75e2 2 217 - 0.03 0.17 31380
aoD2SG 75e2 2 217 - 0.03 0.18 31380
moore 75e2 2 217 - 1.78 576.87 1688788
nbpm 75e2 2 217 - 4.00 174.11 4242124
greedy 75e2 2 217 - 3.87 163.33 6183088
dry 56e6 2 155 - 0.66 1.77 1123928
aoDLAV 56e6 2 155 - 4.88 350.41 8330820
aoULAV 56e6 2 155 - 6.04 362.90 8330820
aoD2AG 56e6 2 155 - 11.78 529.81 12246036
aoD2SG 56e6 2 155 - 11.89 596.74 12693032
dry 4e7 2 89 - 0.46 1.34 811424
aoDLAV 4e7 2 89 - 3.52 232.72 5955816
aoULAV 4e7 2 89 - 4.56 323.86 5955816
aoD2AG 4e7 2 89 - 8.06 349.88 8752120
aoD2SG 4e7 2 89 - 8.40 394.38 9072004
dry 50e2 2 245 - 0.03 0.12 26204
aoDLAV 50e2 2 245 - 0.04 0.14 30848
aoULAV 50e2 2 245 - 0.04 0.15 30860
aoD2AG 50e2 2 245 - 0.03 0.16 31784
aoD2SG 50e2 2 245 - 0.03 0.18 31860
moore 50e2 2 245 - 0.47 159.14 764628
nbpm 50e2 2 245 - 2.01 54.77 2011924
greedy 50e2 2 245 - 1.56 61.90 2764780
dry 6e7 2 95 - 0.64 1.92 1202044
aoDLAV 6e7 2 95 - 5.01 360.58 8924560
aoULAV 6e7 2 95 - 6.67 380.24 8924560
aoD2AG 6e7 2 95 - 12.31 534.25 13119428
aoD2SG 6e7 2 95 - 12.25 571.37 13596100
