dry 25e2 2 190 - 0.03 0.11 26080
aoDLAV 25e2 2 190 - 0.03 0.15 30452
aoULAV 25e2 2 190 - 0.02 0.16 30464
aoD2AG 25e2 2 190 - 0.03 0.15 30980
aoD2SG 25e2 2 190 - 0.03 0.16 31028
moore 25e2 2 190 - 0.10 24.90 213596
nbpm 25e2 2 190 - 0.54 13.13 541636
greedy 25e2 2 190 - 0.39 11.58 713668
dry 6e7 2 125 - 0.62 1.92 1202044
aoDLAV 6e7 2 125 - 4.93 356.25 8924560
aoULAV 6e7 2 125 - 6.26 482.37 8924560
aoD2AG 6e7 2 125 - 11.62 547.95 13121136
aoD2SG 6e7 2 125 - 12.22 804.01 13598012
dry 56e6 2 236 - 0.62 1.79 1123928
aoDLAV 56e6 2 236 - 4.78 325.15 8330820
aoULAV 56e6 2 236 - 6.02 354.70 8330816
aoD2AG 56e6 2 236 - 11.03 507.47 12247952
aoD2SG 56e6 2 236 - 11.61 596.12 12695840
dry 32e6 2 196 - 0.37 1.09 655228
aoDLAV 32e6 2 196 - 2.62 172.38 4768324
aoULAV 32e6 2 196 - 3.35 189.78 4768324
aoD2AG 32e6 2 196 - 5.48 273.04 7006472
aoD2SG 32e6 2 196 - 6.77 313.00 7262012
dry 5e7 2 77 - 0.67 1.70 1006736
aoDLAV 5e7 2 77 - 4.16 298.58 7440192
aoULAV 5e7 2 77 - 5.74 323.61 7440192
aoD2AG 5e7 2 77 - 9.86 449.98 10939020
aoD2SG 5e7 2 77 - 10.04 526.46 11339024
dry 4e7 2 153 - 0.47 1.32 811424
aoDLAV 4e7 2 153 - 3.31 236.51 5955816
aoULAV 4e7 2 153 - 4.42 322.91 5955816
aoD2AG 4e7 2 153 - 7.88 343.64 8754248
aoD2SG 4e7 2 153 - 8.52 409.07 9073256
dry 56e2 2 71 - 0.02 0.12 26236
aoDLAV 56e2 2 71 - 0.02 0.16 30980
aoULAV 56e2 2 71 - 0.03 0.16 30988
aoD2AG 56e2 2 71 - 0.03 0.18 31976
aoD2SG 56e2 2 71 - 0.03 0.18 31120
moore 56e2 2 71 - 0.48 191.96 952700
nbpm 56e2 2 71 - 2.47 74.24 2388088
greedy 56e2 2 71 - 2.29 77.45 3460492
dry 2e7 2 168 - 0.24 0.74 420796
aoDLAV 2e7 2 168 - 1.73 104.70 2987068
aoULAV 2e7 2 168 - 1.78 112.92 2987068
aoD2AG 2e7 2 168 - 3.37 156.36 4385652
aoD2SG 2e7 2 168 - 4.19 182.58 4545540
dry 5e7 2 205 - 0.65 1.59 1006740
aoDLAV 5e7 2 205 - 4.50 301.62 7440192
aoULAV 5e7 2 205 - 5.32 319.64 7440208
aoD2AG 5e7 2 205 - 10.05 570.76 10938756
aoD2SG 5e7 2 205 - 10.20 512.39 11334472
dry 32e2 2 69 - 0.02 0.13 26112
aoDLAV 32e2 2 69 - 0.03 0.15 30540
aoULAV 32e2 2 69 - 0.03 0.15 30548
aoD2AG 32e2 2 69 - 0.03 0.16 31212
aoD2SG 32e2 2 69 - 0.03 0.15 31264
moore 32e2 2 69 - 0.17 35.86 330512
nbpm 32e2 2 69 - 0.85 20.90 854756
greedy 32e2 2 69 - 0.82 21.15 1150164
dry 1e4 2 244 - 0.02 0.12 26432
aoDLAV 1e4 2 244 - 0.04 0.16 31864
aoULAV 1e4 2 244 - 0.03 0.18 31876
aoD2AG 1e4 2 244 - 0.03 0.19 31876
aoD2SG 1e4 2 244 - 0.03 0.19 31992
moore 1e4 2 244 - 1.23 1222.20 2960572
nbpm 1e4 2 244 - 7.41 352.60 7889416
greedy 1e4 2 244 - 6.21 274.89 10968568
dry 32e2 2 183 - 0.02 0.12 26112
aoDLAV 32e2 2 183 - 0.03 0.15 30540
aoULAV 32e2 2 183 - 0.03 0.16 30552
aoD2AG 32e2 2 183 - 0.03 0.15 31228
aoD2SG 32e2 2 183 - 0.02 0.16 31268
moore 32e2 2 183 - 0.24 61.79 330512
nbpm 32e2 2 183 - 0.86 19.33 854752
greedy 32e2 2 183 - 0.66 20.59 1150164
dry 3e7 2 35 - 0.35 1.02 616104
aoDLAV 3e7 2 35 - 2.58 164.92 4471428
aoULAV 3e7 2 35 - 3.18 174.62 4471428
aoD2AG 3e7 2 35 - 5.29 246.49 6570312
aoD2SG 3e7 2 35 - 6.28 298.37 6810148
dry 5e7 2 121 - 0.62 1.60 1006740
aoDLAV 5e7 2 121 - 4.18 295.69 7440192
aoULAV 5e7 2 121 - 5.59 321.01 7440192
aoD2AG 5e7 2 121 - 9.84 442.86 10936724
aoD2SG 5e7 2 121 - 10.42 523.06 11336508
dry 50e2 2 132 - 0.02 0.12 26204
aoDLAV 50e2 2 132 - 0.04 0.14 30848
aoULAV 50e2 2 132 - 0.03 0.16 30860
aoD2AG 50e2 2 132 - 0.03 0.15 31780
aoD2SG 50e2 2 132 - 0.03 0.17 31872
moore 50e2 2 132 - 0.58 188.40 764620
nbpm 50e2 2 132 - 1.98 69.54 2011916
greedy 50e2 2 132 - 1.60 60.60 2764780
dry 2e7 2 160 - 0.27 0.77 420796
aoDLAV 2e7 2 160 - 1.71 112.27 2987072
aoULAV 2e7 2 160 - 1.73 111.54 2987068
aoD2AG 2e7 2 160 - 4.04 159.40 4387680
aoD2SG 2e7 2 160 - 3.87 187.88 4545652
dry 56e2 2 25 - 0.03 0.12 27956
aoDLAV 56e2 2 25 - 0.03 0.16 30976
aoULAV 56e2 2 25 - 0.03 0.16 30992
aoD2AG 56e2 2 25 - 0.04 0.16 32000
aoD2SG 56e2 2 25 - 0.03 0.17 31128
moore 56e2 2 25 - 0.55 203.77 952724
nbpm 56e2 2 25 - 2.48 77.96 2388088
greedy 56e2 2 25 - 1.95 79.45 3460488
dry 56e6 2 72 - 0.60 1.79 1123928
aoDLAV 56e6 2 72 - 4.60 326.58 8330816
aoULAV 56e6 2 72 - 6.33 360.79 8330816
aoD2AG 56e6 2 72 - 11.55 494.60 12248108
aoD2SG 56e6 2 72 - 11.83 584.01 12692316
dry 7e7 2 31 - 0.87 2.22 1397360
aoDLAV 7e7 2 31 - 5.93 416.76 10408936
aoULAV 7e7 2 31 - 7.76 452.91 10408968
aoD2AG 7e7 2 31 - 14.32 657.11 15302980
aoD2SG 7e7 2 31 - 15.03 778.66 15864324
dry 32e6 2 177 - 0.41 1.10 655176
aoDLAV 32e6 2 177 - 2.75 179.53 4768324
aoULAV 32e6 2 177 - 3.47 184.10 4768324
aoD2AG 32e6 2 177 - 5.59 270.91 7006000
aoD2SG 32e6 2 177 - 6.56 314.76 7261796
dry 75e2 2 92 - 0.03 0.11 26332
aoDLAV 75e2 2 92 - 0.03 0.15 31376
aoULAV 75e2 2 92 - 0.03 0.15 31388
aoD2AG 75e2 2 92 - 0.02 0.18 31380
aoD2SG 75e2 2 92 - 0.02 0.18 31384
moore 75e2 2 92 - 2.15 631.58 1688788
nbpm 75e2 2 92 - 4.18 161.41 4242124
greedy 75e2 2 92 - 3.74 147.92 6183092
dry 4e7 2 33 - 0.43 1.35 811424
aoDLAV 4e7 2 33 - 3.45 230.97 5955816
aoULAV 4e7 2 33 - 4.36 245.47 5955820
aoD2AG 4e7 2 33 - 7.85 347.06 8753028
aoD2SG 4e7 2 33 - 8.65 415.32 9073256
dry 1e4 2 108 - 0.03 0.12 28452
aoDLAV 1e4 2 108 - 0.03 0.17 31864
aoULAV 1e4 2 108 - 0.04 0.17 31876
aoD2AG 1e4 2 108 - 0.03 0.20 31876
aoD2SG 1e4 2 108 - 0.03 0.19 31984
moore 1e4 2 108 - 1.22 994.74 2960580
nbpm 1e4 2 108 - 7.43 342.99 7889468
greedy 1e4 2 108 - 6.54 271.32 10968572
dry 18e2 2 195 - 0.02 0.13 26048
aoDLAV 18e2 2 195 - 0.03 0.15 30372
aoULAV 18e2 2 195 - 0.03 0.15 30384
aoD2AG 18e2 2 195 - 0.03 0.15 30804
aoD2SG 18e2 2 195 - 0.03 0.15 30824
moore 18e2 2 195 - 0.08 12.50 125408
nbpm 18e2 2 195 - 0.19 7.52 334528
greedy 18e2 2 195 - 0.26 4.10 384348
dry 32e2 2 12 - 0.03 0.12 26112
aoDLAV 32e2 2 12 - 0.03 0.15 30544
aoULAV 32e2 2 12 - 0.03 0.15 30552
aoD2AG 32e2 2 12 - 0.02 0.16 31204
aoD2SG 32e2 2 12 - 0.03 0.15 31268
moore 32e2 2 12 - 0.32 71.92 330520
nbpm 32e2 2 12 - 0.86 19.92 854764
greedy 32e2 2 12 - 0.67 22.35 1150164
dry 25e2 2 97 - 0.02 0.13 26080
aoDLAV 25e2 2 97 - 0.03 0.15 30456
aoULAV 25e2 2 97 - 0.03 0.15 30464
aoD2AG 25e2 2 97 - 0.02 0.16 31004
aoD2SG 25e2 2 97 - 0.03 0.15 31028
moore 25e2 2 97 - 0.10 29.06 213600
nbpm 25e2 2 97 - 0.53 12.89 541636
greedy 25e2 2 97 - 0.39 9.80 713664
dry 32e2 2 95 - 0.03 0.12 28116
aoDLAV 32e2 2 95 - 0.03 0.15 30544
aoULAV 32e2 2 95 - 0.03 0.14 30552
aoD2AG 32e2 2 95 - 0.02 0.16 31200
aoD2SG 32e2 2 95 - 0.02 0.16 31256
moore 32e2 2 95 - 0.41 90.81 330520
nbpm 32e2 2 95 - 0.84 20.39 854760
greedy 32e2 2 95 - 0.67 20.32 1150164
dry 1e4 5 176 - 0.02 0.12 28728
aoDLAV 1e4 5 176 - 0.03 0.21 31084
aoULAV 1e4 5 176 - 0.02 0.22 31096
aoD2AG 1e4 5 176 - 0.03 0.22 32108
aoD2SG 1e4 5 176 - 0.04 0.22 32108
moore 1e4 5 176 - 1.10 947.94 2961736
nbpm 1e4 5 176 - 7.47 636.37 7811464
greedy 1e4 5 176 - 6.82 284.89 10959172
dry 1e4 5 165 - 0.02 0.12 26900
aoDLAV 1e4 5 165 - 0.03 0.21 31084
aoULAV 1e4 5 165 - 0.04 0.22 31100
aoD2AG 1e4 5 165 - 0.04 0.22 32108
aoD2SG 1e4 5 165 - 0.03 0.23 32108
moore 1e4 5 165 - 1.12 1050.45 2961736
nbpm 1e4 5 165 - 7.51 613.27 7811452
greedy 1e4 5 165 - 6.65 303.47 10959172
dry 50e2 2 122 - 0.03 0.12 26208
aoDLAV 50e2 2 122 - 0.03 0.15 30848
aoULAV 50e2 2 122 - 0.04 0.15 30860
aoD2AG 50e2 2 122 - 0.03 0.16 31784
aoD2SG 50e2 2 122 - 0.04 0.17 31876
moore 50e2 2 122 - 1.27 294.61 764632
nbpm 50e2 2 122 - 1.97 57.68 2011924
greedy 50e2 2 122 - 1.77 60.50 2764780
dry 18e2 2 186 - 0.02 0.12 26048
aoDLAV 18e2 2 186 - 0.03 0.15 30376
aoULAV 18e2 2 186 - 0.03 0.15 30384
aoD2AG 18e2 2 186 - 0.03 0.14 30784
aoD2SG 18e2 2 186 - 0.03 0.15 30824
moore 18e2 2 186 - 0.09 11.07 125408
nbpm 18e2 2 186 - 0.20 7.85 334656
greedy 18e2 2 186 - 0.27 4.25 384352
dry 56e2 2 151 - 0.03 0.12 26236
aoDLAV 56e2 2 151 - 0.03 0.16 30976
aoULAV 56e2 2 151 - 0.03 0.15 30988
aoD2AG 56e2 2 151 - 0.03 0.18 31984
aoD2SG 56e2 2 151 - 0.03 0.18 31124
moore 56e2 2 151 - 0.38 153.76 949980
nbpm 56e2 2 151 - 2.51 75.06 2388080
greedy 56e2 2 151 - 2.01 80.96 3460492
dry 1e4 5 4 - 0.03 0.12 26904
aoDLAV 1e4 5 4 - 0.03 0.23 31084
aoULAV 1e4 5 4 - 0.03 0.21 31100
aoD2AG 1e4 5 4 - 0.03 0.23 32112
aoD2SG 1e4 5 4 - 0.04 0.23 32112
moore 1e4 5 4 - 1.35 953.01 2961736
nbpm 1e4 5 4 - 7.33 607.53 7811452
greedy 1e4 5 4 - 6.25 296.78 10959172
dry 75e2 2 213 - 0.03 0.12 26328
aoDLAV 75e2 2 213 - 0.03 0.16 31376
aoULAV 75e2 2 213 - 0.02 0.16 31388
aoD2AG 75e2 2 213 - 0.02 0.18 31384
aoD2SG 75e2 2 213 - 0.02 0.18 31380
moore 75e2 2 213 - 0.74 381.42 1683876
nbpm 75e2 2 213 - 4.08 163.00 4242124
greedy 75e2 2 213 - 3.62 150.21 6183088
dry 5e7 2 167 - 0.56 1.62 1006736
aoDLAV 5e7 2 167 - 4.15 295.18 7440192
aoULAV 5e7 2 167 - 5.21 307.77 7440192
aoD2AG 5e7 2 167 - 9.67 432.14 10937404
aoD2SG 5e7 2 167 - 10.27 516.76 11336120
dry 56e2 2 250 - 0.02 0.13 26236
aoDLAV 56e2 2 250 - 0.02 0.16 30976
aoULAV 56e2 2 250 - 0.02 0.16 30988
aoD2AG 56e2 2 250 - 0.03 0.18 32000
aoD2SG 56e2 2 250 - 0.03 0.18 31124
moore 56e2 2 250 - 1.06 287.98 952724
nbpm 56e2 2 250 - 2.31 75.74 2388084
greedy 56e2 2 250 - 2.24 81.07 3460488
dry 3e7 2 136 - 0.38 1.04 616104
aoDLAV 3e7 2 136 - 2.54 169.82 4471428
aoULAV 3e7 2 136 - 4.18 187.13 4471428
aoD2AG 3e7 2 136 - 5.35 253.69 6569844
aoD2SG 3e7 2 136 - 6.11 295.68 6808604
dry 32e2 2 205 - 0.02 0.12 28100
aoDLAV 32e2 2 205 - 0.03 0.14 30540
aoULAV 32e2 2 205 - 0.02 0.15 30552
aoD2AG 32e2 2 205 - 0.03 0.15 31196
aoD2SG 32e2 2 205 - 0.03 0.15 31248
moore 32e2 2 205 - 0.26 71.01 330512
nbpm 32e2 2 205 - 0.92 20.05 854752
greedy 32e2 2 205 - 0.75 22.57 1150168
dry 3e7 2 29 - 0.36 1.05 616104
aoDLAV 3e7 2 29 - 2.54 168.83 4471428
aoULAV 3e7 2 29 - 2.67 177.05 4471428
aoD2AG 3e7 2 29 - 6.05 253.49 6573608
aoD2SG 3e7 2 29 - 6.26 291.39 6809768
dry 32e2 2 61 - 0.02 0.12 26112
aoDLAV 32e2 2 61 - 0.04 0.14 30544
aoULAV 32e2 2 61 - 0.02 0.15 30548
aoD2AG 32e2 2 61 - 0.02 0.16 31212
aoD2SG 32e2 2 61 - 0.03 0.15 31260
moore 32e2 2 61 - 0.14 31.68 330520
nbpm 32e2 2 61 - 0.85 19.87 854756
greedy 32e2 2 61 - 0.66 20.44 1150164
dry 4e7 2 7 - 0.46 1.32 811428
aoDLAV 4e7 2 7 - 3.32 292.61 5955820
aoULAV 4e7 2 7 - 4.35 250.76 5955816
aoD2AG 4e7 2 7 - 7.97 356.64 8754456
aoD2SG 4e7 2 7 - 8.02 404.10 9072244
dry 1e4 5 79 - 0.02 0.12 28812
aoDLAV 1e4 5 79 - 0.03 0.22 31084
aoULAV 1e4 5 79 - 0.03 0.23 31096
aoD2AG 1e4 5 79 - 0.03 0.23 32108
aoD2SG 1e4 5 79 - 0.04 0.24 32108
moore 1e4 5 79 - 1.16 913.95 2961736
nbpm 1e4 5 79 - 7.42 702.50 7811452
greedy 1e4 5 79 - 6.52 285.36 10959172
dry 2e7 2 170 - 0.29 0.72 420796
aoDLAV 2e7 2 170 - 1.80 110.68 2987072
aoULAV 2e7 2 170 - 1.75 113.41 2987068
aoD2AG 2e7 2 170 - 4.18 161.99 4388032
aoD2SG 2e7 2 170 - 3.73 189.19 4546348
dry 25e2 2 238 - 0.02 0.12 27952
aoDLAV 25e2 2 238 - 0.03 0.15 30452
aoULAV 25e2 2 238 - 0.04 0.14 30464
aoD2AG 25e2 2 238 - 0.03 0.15 30984
aoD2SG 25e2 2 238 - 0.03 0.15 31024
moore 25e2 2 238 - 0.09 15.28 213628
nbpm 25e2 2 238 - 0.55 13.10 541636
greedy 25e2 2 238 - 0.42 9.90 713668
dry 5e7 2 190 - 0.54 1.59 1006740
aoDLAV 5e7 2 190 - 4.11 302.99 7440192
aoULAV 5e7 2 190 - 5.54 310.96 7440192
aoD2AG 5e7 2 190 - 10.15 458.76 10937072
aoD2SG 5e7 2 190 - 10.18 540.77 11333936
dry 5e7 2 138 - 0.68 1.66 1006740
aoDLAV 5e7 2 138 - 4.42 304.68 7440192
aoULAV 5e7 2 138 - 5.63 406.51 7440192
aoD2AG 5e7 2 138 - 9.76 449.27 10938308
aoD2SG 5e7 2 138 - 10.04 507.74 11337436
dry 1e4 5 144 - 0.02 0.12 26900
aoDLAV 1e4 5 144 - 0.03 0.21 31088
aoULAV 1e4 5 144 - 0.02 0.22 31096
aoD2AG 1e4 5 144 - 0.02 0.23 32108
aoD2SG 1e4 5 144 - 0.03 0.25 32108
moore 1e4 5 144 - 1.14 1007.35 2961736
nbpm 1e4 5 144 - 7.46 649.39 7811452
greedy 1e4 5 144 - 6.41 305.60 10959172
dry 6e7 2 154 - 0.66 1.88 1202044
aoDLAV 6e7 2 154 - 4.76 352.96 8924564
aoULAV 6e7 2 154 - 6.35 384.45 8924560
aoD2AG 6e7 2 154 - 11.50 552.63 13120096
aoD2SG 6e7 2 154 - 12.41 622.08 13597976
dry 18e6 2 118 - 0.22 0.69 381736
aoDLAV 18e6 2 118 - 1.56 92.40 2690192
aoULAV 18e6 2 118 - 1.98 101.01 2690192
aoD2AG 18e6 2 118 - 3.10 146.31 3948936
aoD2SG 18e6 2 118 - 3.91 173.90 4093408
dry 1e4 10 74 - 0.03 0.12 29492
aoDLAV 1e4 10 74 - 0.03 0.68 32764
aoULAV 1e4 10 74 - 0.03 0.72 32780
aoD2AG 1e4 10 74 - 0.03 0.77 32744
aoD2SG 1e4 10 74 - 0.03 0.84 34176
moore 1e4 10 74 - 1.25 894.21 2963856
nbpm 1e4 10 74 - 7.53 775.11 7764392
greedy 1e4 10 74 - 6.07 277.80 10961112
dry 1e4 5 85 - 0.02 0.13 26904
aoDLAV 1e4 5 85 - 0.03 0.22 31088
aoULAV 1e4 5 85 - 0.03 0.21 31100
aoD2AG 1e4 5 85 - 0.03 0.22 32112
aoD2SG 1e4 5 85 - 0.03 0.24 32108
moore 1e4 5 85 - 1.19 859.13 2961740
nbpm 1e4 5 85 - 7.63 626.73 7811456
greedy 1e4 5 85 - 6.26 290.89 10959172
dry 4e7 2 96 - 0.44 1.31 811424
aoDLAV 4e7 2 96 - 3.43 241.28 5955820
aoULAV 4e7 2 96 - 4.32 245.64 5955816
aoD2AG 4e7 2 96 - 7.20 350.05 8754944
aoD2SG 4e7 2 96 - 8.55 402.73 9073324
dry 56e2 2 91 - 0.03 0.12 26236
aoDLAV 56e2 2 91 - 0.03 0.15 30976
aoULAV 56e2 2 91 - 0.03 0.16 30988
aoD2AG 56e2 2 91 - 0.03 0.18 31976
aoD2SG 56e2 2 91 - 0.02 0.18 31124
moore 56e2 2 91 - 0.41 159.27 949992
nbpm 56e2 2 91 - 2.44 121.38 2388088
greedy 56e2 2 91 - 2.27 80.11 3460488
dry 75e2 2 108 - 0.03 0.12 26332
aoDLAV 75e2 2 108 - 0.03 0.15 31376
aoULAV 75e2 2 108 - 0.03 0.15 31392
aoD2AG 75e2 2 108 - 0.03 0.17 31380
aoD2SG 75e2 2 108 - 0.03 0.18 31384
moore 75e2 2 108 - 0.80 420.49 1688784
nbpm 75e2 2 108 - 4.21 153.42 4242124
greedy 75e2 2 108 - 3.88 149.98 6183096
dry 18e6 2 12 - 0.25 0.69 381740
aoDLAV 18e6 2 12 - 1.61 93.47 2690192
aoULAV 18e6 2 12 - 1.59 97.69 2690196
aoD2AG 18e6 2 12 - 3.13 142.76 3951044
aoD2SG 18e6 2 12 - 3.82 170.36 4092692
dry 56e6 2 231 - 0.63 1.79 1123924
aoDLAV 56e6 2 231 - 4.85 337.46 8330816
aoULAV 56e6 2 231 - 6.00 353.15 8330820
aoD2AG 56e6 2 231 - 10.81 611.50 12245280
aoD2SG 56e6 2 231 - 11.48 625.31 12693364
dry 25e2 2 127 - 0.02 0.12 26080
aoDLAV 25e2 2 127 - 0.03 0.14 30456
aoULAV 25e2 2 127 - 0.03 0.15 30468
aoD2AG 25e2 2 127 - 0.03 0.15 30992
aoD2SG 25e2 2 127 - 0.02 0.16 31036
moore 25e2 2 127 - 0.11 35.11 213604
nbpm 25e2 2 127 - 0.55 13.16 541648
greedy 25e2 2 127 - 0.40 11.70 713664
dry 4e7 2 203 - 0.51 1.37 811424
aoDLAV 4e7 2 203 - 3.54 237.38 5955820
aoULAV 4e7 2 203 - 4.35 247.89 5955816
aoD2AG 4e7 2 203 - 7.81 358.30 8753808
aoD2SG 4e7 2 203 - 8.20 409.41 9073440
dry 18e6 2 186 - 0.26 0.68 381736
aoDLAV 18e6 2 186 - 1.54 95.81 2690192
aoULAV 18e6 2 186 - 1.51 101.13 2690192
aoD2AG 18e6 2 186 - 3.18 147.89 3950584
aoD2SG 18e6 2 186 - 3.63 174.50 4095668
dry 3e7 2 205 - 0.38 1.07 616104
aoDLAV 3e7 2 205 - 2.58 170.07 4471428
aoULAV 3e7 2 205 - 3.36 183.95 4471428
aoD2AG 3e7 2 205 - 6.13 261.59 6571884
aoD2SG 3e7 2 205 - 5.61 304.60 6809796
dry 18e6 2 197 - 0.24 0.69 381736
aoDLAV 18e6 2 197 - 1.61 98.97 2690196
aoULAV 18e6 2 197 - 1.58 105.65 2690196
aoD2AG 18e6 2 197 - 3.20 149.34 3950188
aoD2SG 18e6 2 197 - 3.89 175.31 4094316
dry 75e2 2 109 - 0.03 0.12 26328
aoDLAV 75e2 2 109 - 0.03 0.15 31376
aoULAV 75e2 2 109 - 0.03 0.16 31388
aoD2AG 75e2 2 109 - 0.03 0.18 31380
aoD2SG 75e2 2 109 - 0.03 0.17 31384
moore 75e2 2 109 - 2.06 618.95 1688900
nbpm 75e2 2 109 - 4.20 163.08 4242132
greedy 75e2 2 109 - 3.70 135.37 6183092
