dry 32e5 2 184 - 0.04 0.24 92676
aoDLAV 32e5 2 184 - 0.27 15.20 493324
aoULAV 32e5 2 184 - 0.27 13.36 493336
aoD2AG 32e5 2 184 - 0.40 18.21 719108
aoD2SG 32e5 2 184 - 0.38 21.16 744984
dry 56e5 2 139 - 0.07 0.32 139544
aoDLAV 56e5 2 139 - 0.42 22.86 849556
aoULAV 56e5 2 139 - 0.44 24.17 849560
aoD2AG 56e5 2 139 - 0.73 34.76 1242360
aoD2SG 56e5 2 139 - 0.86 40.42 1286024
dry 32e5 2 137 - 0.06 0.24 92676
aoDLAV 32e5 2 137 - 0.25 11.62 493328
aoULAV 32e5 2 137 - 0.25 13.00 493352
aoD2AG 32e5 2 137 - 0.42 18.78 718200
aoD2SG 32e5 2 137 - 0.39 21.13 744220
dry 1e7 10 1 - 0.42 1.36 850508
aoDLAV 1e7 10 1 - 1.49 4711.03 3533956
aoULAV 1e7 10 1 - 2.39 4712.44 3533956
aoD2AG 1e7 10 1 - 3.59 4895.08 4336800
aoD2SG 1e7 10 1 - 3.74 5707.76 4428044
dry 18e5 2 14 - 0.05 0.20 65324
aoDLAV 18e5 2 14 - 0.16 6.21 285508
aoULAV 18e5 2 14 - 0.15 6.61 285564
aoD2AG 18e5 2 14 - 0.24 9.57 412924
aoD2SG 18e5 2 14 - 0.27 10.91 426780
dry 18e5 2 148 - 0.05 0.20 65328
aoDLAV 18e5 2 148 - 0.17 6.20 285508
aoULAV 18e5 2 148 - 0.15 6.63 285520
aoD2AG 18e5 2 148 - 0.26 9.55 412376
aoD2SG 18e5 2 148 - 0.28 10.90 426684
dry 1e7 5 35 - 0.25 0.78 459872
aoDLAV 1e7 5 35 - 1.05 212.83 2323016
aoULAV 1e7 5 35 - 1.56 213.86 2323016
aoD2AG 1e7 5 35 - 2.10 237.75 3065168
aoD2SG 1e7 5 35 - 2.63 278.55 3150852
dry 1e7 10 218 - 0.43 1.36 850508
aoDLAV 1e7 10 218 - 1.63 5652.88 3533956
aoULAV 1e7 10 218 - 2.36 4953.90 3534060
aoD2AG 1e7 10 218 - 3.55 4745.32 4337420
aoD2SG 1e7 10 218 - 3.76 5600.11 4426720
dry 56e5 2 31 - 0.07 0.32 139548
aoDLAV 56e5 2 31 - 0.47 22.40 849556
aoULAV 56e5 2 31 - 0.43 23.78 849556
aoD2AG 56e5 2 31 - 0.73 33.75 1242928
aoD2SG 56e5 2 31 - 0.77 38.72 1286396
dry 32e5 2 139 - 0.07 0.23 92684
aoDLAV 32e5 2 139 - 0.27 11.70 493324
aoULAV 32e5 2 139 - 0.28 12.44 493336
aoD2AG 32e5 2 139 - 0.41 17.88 718996
aoD2SG 32e5 2 139 - 0.43 20.45 744124
dry 1e7 10 225 - 0.44 1.37 850508
aoDLAV 1e7 10 225 - 1.50 4678.01 3533956
aoULAV 1e7 10 225 - 2.30 4689.21 3533960
aoD2AG 1e7 10 225 - 3.84 5673.88 4337156
aoD2SG 1e7 10 225 - 3.64 5671.45 4428324
dry 1e7 2 36 - 0.10 0.44 225484
aoDLAV 1e7 2 36 - 0.74 43.50 1502684
aoULAV 1e7 2 36 - 0.72 46.20 1502684
aoD2AG 1e7 2 36 - 1.54 65.15 2204736
aoD2SG 1e7 2 36 - 1.55 75.97 2282948
dry 32e5 2 15 - 0.05 0.25 92676
aoDLAV 32e5 2 15 - 0.29 11.85 493324
aoULAV 32e5 2 15 - 0.27 12.61 493340
aoD2AG 32e5 2 15 - 0.40 18.19 718316
aoD2SG 32e5 2 15 - 0.41 20.82 742636
dry 1e7 2 20 - 0.12 0.43 225484
aoDLAV 1e7 2 20 - 0.73 44.19 1502684
aoULAV 1e7 2 20 - 0.79 46.83 1502684
aoD2AG 1e7 2 20 - 1.55 66.35 2204948
aoD2SG 1e7 2 20 - 1.67 76.24 2282100
dry 1e7 10 37 - 0.44 1.37 850508
aoDLAV 1e7 10 37 - 2.30 4796.11 3533952
aoULAV 1e7 10 37 - 2.54 4782.59 3533960
aoD2AG 1e7 10 37 - 3.67 4820.00 4336764
aoD2SG 1e7 10 37 - 4.09 5719.78 4426788
dry 56e5 2 105 - 0.08 0.31 139544
aoDLAV 56e5 2 105 - 0.49 22.52 849556
aoULAV 56e5 2 105 - 0.46 23.97 849668
aoD2AG 56e5 2 105 - 0.73 34.14 1242828
aoD2SG 56e5 2 105 - 0.76 39.15 1286524
dry 32e5 2 11 - 0.06 0.25 92676
aoDLAV 32e5 2 11 - 0.27 11.82 493324
aoULAV 32e5 2 11 - 0.28 12.57 493340
aoD2AG 32e5 2 11 - 0.41 18.10 717680
aoD2SG 32e5 2 11 - 0.44 20.70 743236
dry 18e5 2 62 - 0.05 0.20 65324
aoDLAV 18e5 2 62 - 0.15 6.33 285508
aoULAV 18e5 2 62 - 0.16 6.71 285520
aoD2AG 18e5 2 62 - 0.28 9.70 411812
aoD2SG 18e5 2 62 - 0.30 11.07 427356
dry 56e5 2 12 - 0.09 0.31 139544
aoDLAV 56e5 2 12 - 0.45 22.63 849560
aoULAV 56e5 2 12 - 0.45 24.02 849560
aoD2AG 56e5 2 12 - 0.73 34.12 1242212
aoD2SG 56e5 2 12 - 0.78 39.17 1287944
dry 1e7 5 82 - 0.24 0.78 459868
aoDLAV 1e7 5 82 - 1.12 214.55 2323016
aoULAV 1e7 5 82 - 1.51 215.49 2323020
aoD2AG 1e7 5 82 - 2.12 237.80 3064576
aoD2SG 1e7 5 82 - 2.60 284.44 3151216
dry 1e7 5 145 - 0.27 0.79 459868
aoDLAV 1e7 5 145 - 1.07 217.32 2323020
aoULAV 1e7 5 145 - 1.51 216.50 2323020
aoD2AG 1e7 5 145 - 2.50 239.42 3064340
aoD2SG 1e7 5 145 - 2.13 282.54 3152104
dry 1e7 2 139 - 0.13 0.45 225484
aoDLAV 1e7 2 139 - 0.84 50.88 1502684
aoULAV 1e7 2 139 - 1.05 47.32 1502688
aoD2AG 1e7 2 139 - 1.64 73.28 2202540
aoD2SG 1e7 2 139 - 1.78 77.24 2283272
dry 18e5 2 30 - 0.06 0.20 65364
aoDLAV 18e5 2 30 - 0.15 6.41 285544
aoULAV 18e5 2 30 - 0.17 6.77 285520
aoD2AG 18e5 2 30 - 0.25 9.77 412140
aoD2SG 18e5 2 30 - 0.29 11.06 427352
dry 1e7 5 129 - 0.23 0.80 459872
aoDLAV 1e7 5 129 - 1.06 216.91 2323044
aoULAV 1e7 5 129 - 1.54 217.13 2323016
aoD2AG 1e7 5 129 - 2.48 239.09 3065712
aoD2SG 1e7 5 129 - 2.59 284.07 3152212
dry 18e5 2 49 - 0.05 0.21 65324
aoDLAV 18e5 2 49 - 0.16 6.51 285508
aoULAV 18e5 2 49 - 0.16 6.83 285604
aoD2AG 18e5 2 49 - 0.26 9.80 413516
aoD2SG 18e5 2 49 - 0.27 11.16 426808
dry 56e5 2 98 - 0.09 0.30 139544
aoDLAV 56e5 2 98 - 0.45 22.86 849556
aoULAV 56e5 2 98 - 0.46 24.29 849556
aoD2AG 56e5 2 98 - 0.75 34.52 1242336
aoD2SG 56e5 2 98 - 0.72 39.68 1287416
dry 32e5 2 207 - 0.06 0.25 92676
aoDLAV 32e5 2 207 - 0.28 12.01 493328
aoULAV 32e5 2 207 - 0.28 12.73 493336
aoD2AG 32e5 2 207 - 0.42 18.32 718728
aoD2SG 32e5 2 207 - 0.42 20.94 743724
dry 56e5 2 244 - 0.09 0.31 139548
aoDLAV 56e5 2 244 - 0.45 22.82 849624
aoULAV 56e5 2 244 - 0.45 24.25 849556
aoD2AG 56e5 2 244 - 0.88 34.44 1243336
aoD2SG 56e5 2 244 - 0.75 39.97 1287108
dry 32e5 2 222 - 0.05 0.26 92680
aoDLAV 32e5 2 222 - 0.26 11.92 493324
aoULAV 32e5 2 222 - 0.25 12.71 493336
aoD2AG 32e5 2 222 - 0.38 18.25 718748
aoD2SG 32e5 2 222 - 0.45 20.82 743252
dry 18e5 2 67 - 0.05 0.21 65324
aoDLAV 18e5 2 67 - 0.18 6.29 285512
aoULAV 18e5 2 67 - 0.17 6.69 285520
aoD2AG 18e5 2 67 - 0.27 9.75 412900
aoD2SG 18e5 2 67 - 0.25 11.05 425488
dry 56e5 2 122 - 0.09 0.31 139544
aoDLAV 56e5 2 122 - 0.47 22.80 849556
aoULAV 56e5 2 122 - 0.44 24.29 849560
aoD2AG 56e5 2 122 - 0.78 34.30 1244036
aoD2SG 56e5 2 122 - 0.74 39.75 1287440
dry 32e5 2 181 - 0.06 0.25 92680
aoDLAV 32e5 2 181 - 0.25 11.96 493324
aoULAV 32e5 2 181 - 0.26 12.73 493336
aoD2AG 32e5 2 181 - 0.42 18.29 718520
aoD2SG 32e5 2 181 - 0.42 20.98 743864
dry 1e7 5 195 - 0.25 0.78 459868
aoDLAV 1e7 5 195 - 1.07 215.83 2323020
aoULAV 1e7 5 195 - 1.48 219.92 2323016
aoD2AG 1e7 5 195 - 1.99 241.82 3064476
aoD2SG 1e7 5 195 - 2.54 279.07 3150172
dry 1e7 5 239 - 0.24 0.79 459872
aoDLAV 1e7 5 239 - 1.08 210.89 2323020
aoULAV 1e7 5 239 - 1.50 213.69 2323016
aoD2AG 1e7 5 239 - 2.04 237.92 3063292
aoD2SG 1e7 5 239 - 2.50 279.45 3147536
dry 1e7 10 233 - 0.41 1.36 850508
aoDLAV 1e7 10 233 - 1.54 4712.56 3533952
aoULAV 1e7 10 233 - 2.37 4830.84 3533952
aoD2AG 1e7 10 233 - 3.52 5684.59 4337084
aoD2SG 1e7 10 233 - 3.63 5729.45 4428336
dry 1e7 10 209 - 0.40 1.36 850508
aoDLAV 1e7 10 209 - 1.54 4765.82 3533956
aoULAV 1e7 10 209 - 3.28 6250.39 3533956
aoD2AG 1e7 10 209 - 3.85 4779.15 4339204
aoD2SG 1e7 10 209 - 3.66 5759.91 4426796
