dry 1e2 2 212 - 0.02 0.11 25996
aoDLAV 1e2 2 212 - 0.02 0.14 30172
aoULAV 1e2 2 212 - 0.02 0.14 30184
aoD2AG 1e2 2 212 - 0.02 0.14 30328
aoD2SG 1e2 2 212 - 0.02 0.14 30332
moore 1e2 2 212 - 0.03 0.19 30480
nbpm 1e2 2 212 - 0.07 2.08 53000
greedy 1e2 2 212 - 0.03 0.14 30880
dry 1e3 10 115 - 0.02 0.11 26140
aoDLAV 1e3 10 115 - 0.02 0.16 30656
aoULAV 1e3 10 115 - 0.02 0.16 30664
aoD2AG 1e3 10 115 - 0.03 0.16 31060
aoD2SG 1e3 10 115 - 0.03 0.15 31088
moore 1e3 10 115 - 0.05 2.56 59868
nbpm 1e3 10 115 - 0.12 4.86 136140
greedy 1e3 10 115 - 0.07 1.01 139616
dry 1e1 2 196 - 0.02 0.11 27952
aoDLAV 1e1 2 196 - 0.02 0.14 30160
aoULAV 1e1 2 196 - 0.03 0.14 30172
aoD2AG 1e1 2 196 - 0.02 0.14 30320
aoD2SG 1e1 2 196 - 0.02 0.14 30332
moore 1e1 2 196 - 0.02 0.18 30488
nbpm 1e1 2 196 - 0.07 2.24 49824
greedy 1e1 2 196 - 0.03 0.13 30124
dry 32e4 2 91 - 0.04 0.15 36428
aoDLAV 32e4 2 91 - 0.07 1.12 70828
aoULAV 32e4 2 91 - 0.06 1.23 70844
aoD2AG 32e4 2 91 - 0.07 1.62 89240
aoD2SG 32e4 2 91 - 0.08 1.86 90864
dry 325e2 2 89 - 0.02 0.12 27316
aoDLAV 325e2 2 89 - 0.03 0.21 31376
aoULAV 325e2 2 89 - 0.02 0.21 32088
aoD2AG 325e2 2 89 - 0.03 0.24 35000
aoD2SG 325e2 2 89 - 0.03 0.25 34756
dry 5e4 10 211 - 0.02 0.14 33888
aoDLAV 5e4 10 211 - 0.04 6.24 40200
aoULAV 5e4 10 211 - 0.04 6.88 40204
aoD2AG 5e4 10 211 - 0.04 7.02 44980
aoD2SG 5e4 10 211 - 0.05 8.04 44996
dry 5e4 2 113 - 0.03 0.12 29716
aoDLAV 5e4 2 113 - 0.03 0.26 33008
aoULAV 5e4 2 113 - 0.03 0.27 33312
aoD2AG 5e4 2 113 - 0.03 0.33 36408
aoD2SG 5e4 2 113 - 0.04 0.36 36424
dry 1e5 2 194 - 0.02 0.14 31888
aoDLAV 1e5 2 194 - 0.03 0.44 34800
aoULAV 1e5 2 194 - 0.03 0.44 35320
aoD2AG 1e5 2 194 - 0.03 0.70 42600
aoD2SG 1e5 2 194 - 0.04 0.63 43804
dry 250e2 2 171 - 0.02 0.12 30624
aoDLAV 250e2 2 171 - 0.03 0.20 31108
aoULAV 250e2 2 171 - 0.02 0.21 31212
aoD2AG 250e2 2 171 - 0.03 0.22 33860
aoD2SG 250e2 2 171 - 0.03 0.24 33980
dry 18e1 2 64 - 0.02 0.12 26004
aoDLAV 18e1 2 64 - 0.03 0.14 30184
aoULAV 18e1 2 64 - 0.03 0.14 30196
aoD2AG 18e1 2 64 - 0.02 0.15 30356
aoD2SG 18e1 2 64 - 0.03 0.14 30364
moore 18e1 2 64 - 0.04 0.27 30488
nbpm 18e1 2 64 - 0.08 2.21 54436
greedy 18e1 2 64 - 0.04 0.15 33352
dry 1e6 10 171 - 0.07 0.39 112232
aoDLAV 1e6 10 171 - 0.20 353.25 369888
aoULAV 1e6 10 171 - 0.28 364.44 369888
aoD2AG 1e6 10 171 - 0.53 498.75 447344
aoD2SG 1e6 10 171 - 0.48 509.36 458180
dry 18e1 2 134 - 0.02 0.12 26008
aoDLAV 18e1 2 134 - 0.03 0.14 30188
aoULAV 18e1 2 134 - 0.02 0.14 30196
aoD2AG 18e1 2 134 - 0.03 0.14 30360
aoD2SG 18e1 2 134 - 0.03 0.14 30364
moore 18e1 2 134 - 0.03 0.25 30488
nbpm 18e1 2 134 - 0.07 2.22 54440
greedy 18e1 2 134 - 0.03 0.15 33348
dry 225e2 2 178 - 0.02 0.11 26920
aoDLAV 225e2 2 178 - 0.03 0.19 30984
aoULAV 225e2 2 178 - 0.03 0.19 30996
aoD2AG 225e2 2 178 - 0.03 0.21 33368
aoD2SG 225e2 2 178 - 0.04 0.21 33464
dry 1e2 10 16 - 0.03 0.11 26004
aoDLAV 1e2 10 16 - 0.03 0.15 30260
aoULAV 1e2 10 16 - 0.03 0.14 30276
aoD2AG 1e2 10 16 - 0.02 0.15 30440
aoD2SG 1e2 10 16 - 0.03 0.14 30452
moore 1e2 10 16 - 0.03 0.20 30496
nbpm 1e2 10 16 - 0.08 2.15 53076
greedy 1e2 10 16 - 0.03 0.14 30972
dry 56e3 2 187 - 0.04 0.11 28236
aoDLAV 56e3 2 187 - 0.03 0.33 33476
aoULAV 56e3 2 187 - 0.03 0.29 34696
aoD2AG 56e3 2 187 - 0.03 0.35 37284
aoD2SG 56e3 2 187 - 0.04 0.38 37300
dry 300e2 2 31 - 0.03 0.11 27216
aoDLAV 300e2 2 31 - 0.03 0.22 31296
aoULAV 300e2 2 31 - 0.03 0.21 31896
aoD2AG 300e2 2 31 - 0.03 0.25 35060
aoD2SG 300e2 2 31 - 0.03 0.25 34716
dry 325e2 2 128 - 0.03 0.11 27316
aoDLAV 325e2 2 128 - 0.02 0.22 31376
aoULAV 325e2 2 128 - 0.03 0.23 32088
aoD2AG 325e2 2 128 - 0.03 0.26 35000
aoD2SG 325e2 2 128 - 0.04 0.26 34760
dry 32e3 2 94 - 0.02 0.13 27296
aoDLAV 32e3 2 94 - 0.03 0.23 31436
aoULAV 32e3 2 94 - 0.03 0.23 32148
aoD2AG 32e3 2 94 - 0.04 0.23 35020
aoD2SG 32e3 2 94 - 0.02 0.28 34792
dry 1e3 2 3 - 0.02 0.12 26020
aoDLAV 1e3 2 3 - 0.03 0.14 30280
aoULAV 1e3 2 3 - 0.02 0.15 30292
aoD2AG 1e3 2 3 - 0.02 0.14 30540
aoD2SG 1e3 2 3 - 0.03 0.14 30560
moore 1e3 2 3 - 0.04 6.02 59768
nbpm 1e3 2 3 - 0.10 4.04 138552
greedy 1e3 2 3 - 0.09 1.01 139244
dry 350e2 2 248 - 0.02 0.12 27416
aoDLAV 350e2 2 248 - 0.03 0.22 31484
aoULAV 350e2 2 248 - 0.03 0.22 32264
aoD2AG 350e2 2 248 - 0.03 0.25 34852
aoD2SG 350e2 2 248 - 0.03 0.27 35132
dry 56e4 2 175 - 0.04 0.19 41104
aoDLAV 56e4 2 175 - 0.07 2.03 107988
aoULAV 56e4 2 175 - 0.08 2.11 107984
aoD2AG 56e4 2 175 - 0.11 2.96 141240
aoD2SG 56e4 2 175 - 0.12 3.33 145040
dry 18e1 2 202 - 0.02 0.11 26004
aoDLAV 18e1 2 202 - 0.03 0.14 30232
aoULAV 18e1 2 202 - 0.03 0.14 30196
aoD2AG 18e1 2 202 - 0.03 0.14 30356
aoD2SG 18e1 2 202 - 0.03 0.15 30364
moore 18e1 2 202 - 0.04 0.31 30500
nbpm 18e1 2 202 - 0.07 2.38 54448
greedy 18e1 2 202 - 0.03 0.16 33348
dry 56e1 2 230 - 0.03 0.12 26012
aoDLAV 56e1 2 230 - 0.03 0.14 30220
aoULAV 56e1 2 230 - 0.03 0.14 30232
aoD2AG 56e1 2 230 - 0.03 0.14 30416
aoD2SG 56e1 2 230 - 0.01 0.16 30428
moore 56e1 2 230 - 0.03 1.09 39692
nbpm 56e1 2 230 - 0.09 2.97 78712
greedy 56e1 2 230 - 0.05 0.38 64104
dry 5e4 10 147 - 0.03 0.13 33892
aoDLAV 5e4 10 147 - 0.04 7.66 40200
aoULAV 5e4 10 147 - 0.04 7.32 40200
aoD2AG 5e4 10 147 - 0.04 7.47 44980
aoD2SG 5e4 10 147 - 0.05 10.22 45000
dry 325e2 2 238 - 0.03 0.12 29352
aoDLAV 325e2 2 238 - 0.03 0.22 31376
aoULAV 325e2 2 238 - 0.03 0.23 32088
aoD2AG 325e2 2 238 - 0.02 0.28 35000
aoD2SG 325e2 2 238 - 0.04 0.27 34756
dry 1e2 5 191 - 0.02 0.12 26000
aoDLAV 1e2 5 191 - 0.03 0.14 30212
aoULAV 1e2 5 191 - 0.04 0.14 30224
aoD2AG 1e2 5 191 - 0.03 0.14 30384
aoD2SG 1e2 5 191 - 0.03 0.15 30384
moore 1e2 5 191 - 0.03 0.25 30496
nbpm 1e2 5 191 - 0.09 2.17 53016
greedy 1e2 5 191 - 0.02 0.15 30920
dry 1e3 5 40 - 0.03 0.11 26056
aoDLAV 1e3 5 40 - 0.02 0.15 30424
aoULAV 1e3 5 40 - 0.02 0.15 30440
aoD2AG 1e3 5 40 - 0.02 0.15 30736
aoD2SG 1e3 5 40 - 0.03 0.14 30756
moore 1e3 5 40 - 0.06 3.70 59800
nbpm 1e3 5 40 - 0.13 4.43 129244
greedy 1e3 5 40 - 0.09 1.01 139388
dry 1e1 2 118 - 0.02 0.12 25992
aoDLAV 1e1 2 118 - 0.03 0.14 30160
aoULAV 1e1 2 118 - 0.03 0.14 30172
aoD2AG 1e1 2 118 - 0.02 0.15 30312
aoD2SG 1e1 2 118 - 0.03 0.14 30312
moore 1e1 2 118 - 0.03 0.17 30484
nbpm 1e1 2 118 - 0.08 2.10 49824
greedy 1e1 2 118 - 0.02 0.15 30124
dry 56e4 2 65 - 0.03 0.19 41104
aoDLAV 56e4 2 65 - 0.07 2.01 107984
aoULAV 56e4 2 65 - 0.09 2.09 107984
aoD2AG 56e4 2 65 - 0.12 3.51 139732
aoD2SG 56e4 2 65 - 0.11 3.27 144020
dry 225e2 2 77 - 0.02 0.12 26920
aoDLAV 225e2 2 77 - 0.03 0.19 30980
aoULAV 225e2 2 77 - 0.03 0.19 31032
aoD2AG 225e2 2 77 - 0.03 0.23 33368
aoD2SG 225e2 2 77 - 0.03 0.22 33464
dry 32e4 2 228 - 0.02 0.17 36424
aoDLAV 32e4 2 228 - 0.06 1.24 70832
aoULAV 32e4 2 228 - 0.06 1.31 70840
aoD2AG 32e4 2 228 - 0.07 1.80 89328
aoD2SG 32e4 2 228 - 0.08 2.00 90796
dry 300e2 2 177 - 0.04 0.11 27216
aoDLAV 300e2 2 177 - 0.03 0.22 31296
aoULAV 300e2 2 177 - 0.03 0.21 31896
aoD2AG 300e2 2 177 - 0.03 0.25 35056
aoD2SG 300e2 2 177 - 0.04 0.25 34716
dry 1e2 2 247 - 0.02 0.12 25992
aoDLAV 1e2 2 247 - 0.03 0.14 30168
aoULAV 1e2 2 247 - 0.04 0.13 30180
aoD2AG 1e2 2 247 - 0.03 0.14 30340
aoD2SG 1e2 2 247 - 0.04 0.13 30340
moore 1e2 2 247 - 0.03 0.21 30480
nbpm 1e2 2 247 - 0.08 2.14 53000
greedy 1e2 2 247 - 0.03 0.15 30880
dry 1e2 2 18 - 0.02 0.12 25996
aoDLAV 1e2 2 18 - 0.02 0.15 30168
aoULAV 1e2 2 18 - 0.02 0.15 30180
aoD2AG 1e2 2 18 - 0.02 0.15 30340
aoD2SG 1e2 2 18 - 0.03 0.14 30344
moore 1e2 2 18 - 0.02 0.23 30480
nbpm 1e2 2 18 - 0.07 2.18 53000
greedy 1e2 2 18 - 0.02 0.15 30880
dry 18e1 2 5 - 0.02 0.12 26004
aoDLAV 18e1 2 5 - 0.03 0.14 30184
aoULAV 18e1 2 5 - 0.03 0.15 30196
aoD2AG 18e1 2 5 - 0.03 0.15 30356
aoD2SG 18e1 2 5 - 0.03 0.14 30364
moore 18e1 2 5 - 0.03 0.23 30492
nbpm 18e1 2 5 - 0.10 2.14 54432
greedy 18e1 2 5 - 0.03 0.16 33348
dry 375e2 2 42 - 0.02 0.12 27520
aoDLAV 375e2 2 42 - 0.03 0.23 31784
aoULAV 375e2 2 42 - 0.03 0.26 32604
aoD2AG 375e2 2 42 - 0.03 0.28 35520
aoD2SG 375e2 2 42 - 0.03 0.30 35528
dry 275e2 2 17 - 0.02 0.12 27120
aoDLAV 275e2 2 17 - 0.03 0.21 31244
aoULAV 275e2 2 17 - 0.03 0.21 31572
aoD2AG 275e2 2 17 - 0.04 0.23 34744
aoD2SG 275e2 2 17 - 0.03 0.25 34812
dry 5e4 2 90 - 0.03 0.12 30032
aoDLAV 5e4 2 90 - 0.04 0.27 33008
aoULAV 5e4 2 90 - 0.03 0.28 33312
aoD2AG 5e4 2 90 - 0.03 0.35 36412
aoD2SG 5e4 2 90 - 0.04 0.36 36424
dry 1e6 10 144 - 0.08 0.41 112232
aoDLAV 1e6 10 144 - 0.41 550.28 369888
aoULAV 1e6 10 144 - 0.41 552.34 369892
aoD2AG 1e6 10 144 - 0.37 341.60 448160
aoD2SG 1e6 10 144 - 0.45 417.86 457336
dry 1e3 10 92 - 0.02 0.12 26140
aoDLAV 1e3 10 92 - 0.03 0.16 30656
aoULAV 1e3 10 92 - 0.03 0.16 30668
aoD2AG 1e3 10 92 - 0.03 0.16 31064
aoD2SG 1e3 10 92 - 0.03 0.17 31100
moore 1e3 10 92 - 0.03 5.64 59844
nbpm 1e3 10 92 - 0.13 4.97 136152
greedy 1e3 10 92 - 0.09 1.06 139616
dry 350e2 2 164 - 0.03 0.12 27416
aoDLAV 350e2 2 164 - 0.03 0.22 31484
aoULAV 350e2 2 164 - 0.03 0.23 32260
aoD2AG 350e2 2 164 - 0.04 0.26 34848
aoD2SG 350e2 2 164 - 0.03 0.28 35132
dry 5e4 10 243 - 0.03 0.14 33892
aoDLAV 5e4 10 243 - 0.04 7.78 40200
aoULAV 5e4 10 243 - 0.05 7.47 40200
aoD2AG 5e4 10 243 - 0.06 8.13 44984
aoD2SG 5e4 10 243 - 0.05 7.47 45000
dry 250e2 2 55 - 0.02 0.12 28856
aoDLAV 250e2 2 55 - 0.03 0.20 31108
aoULAV 250e2 2 55 - 0.03 0.21 31216
aoD2AG 250e2 2 55 - 0.03 0.22 33860
aoD2SG 250e2 2 55 - 0.03 0.23 33964
dry 5e4 2 139 - 0.02 0.12 28000
aoDLAV 5e4 2 139 - 0.03 0.27 33008
aoULAV 5e4 2 139 - 0.02 0.28 33312
aoD2AG 5e4 2 139 - 0.03 0.34 36408
aoD2SG 5e4 2 139 - 0.04 0.36 36424
dry 375e2 2 120 - 0.03 0.12 27516
aoDLAV 375e2 2 120 - 0.03 0.23 31788
aoULAV 375e2 2 120 - 0.03 0.24 32600
aoD2AG 375e2 2 120 - 0.03 0.26 35516
aoD2SG 375e2 2 120 - 0.03 0.27 35532
dry 1e3 10 144 - 0.02 0.12 26136
aoDLAV 1e3 10 144 - 0.03 0.16 30652
aoULAV 1e3 10 144 - 0.02 0.16 30664
aoD2AG 1e3 10 144 - 0.03 0.16 31048
aoD2SG 1e3 10 144 - 0.03 0.16 31072
moore 1e3 10 144 - 0.05 3.78 59868
nbpm 1e3 10 144 - 0.11 4.78 136140
greedy 1e3 10 144 - 0.10 1.03 139616
dry 250e2 2 127 - 0.02 0.12 28928
aoDLAV 250e2 2 127 - 0.02 0.20 31108
aoULAV 250e2 2 127 - 0.03 0.19 31212
aoD2AG 250e2 2 127 - 0.03 0.22 33860
aoD2SG 250e2 2 127 - 0.03 0.23 33960
dry 56e3 2 47 - 0.02 0.12 31236
aoDLAV 56e3 2 47 - 0.02 0.29 33476
aoULAV 56e3 2 47 - 0.03 0.30 34696
aoD2AG 56e3 2 47 - 0.04 0.35 37284
aoD2SG 56e3 2 47 - 0.02 0.40 37300
dry 275e2 2 190 - 0.02 0.12 27120
aoDLAV 275e2 2 190 - 0.03 0.21 31240
aoULAV 275e2 2 190 - 0.03 0.20 31572
aoD2AG 275e2 2 190 - 0.03 0.23 34696
aoD2SG 275e2 2 190 - 0.03 0.24 34812
dry 18e1 2 178 - 0.02 0.11 26008
aoDLAV 18e1 2 178 - 0.03 0.14 30184
aoULAV 18e1 2 178 - 0.03 0.14 30196
aoD2AG 18e1 2 178 - 0.03 0.14 30356
aoD2SG 18e1 2 178 - 0.03 0.14 30364
moore 18e1 2 178 - 0.03 0.29 30496
nbpm 18e1 2 178 - 0.08 2.19 54444
greedy 18e1 2 178 - 0.03 0.15 33348
dry 325e2 2 169 - 0.02 0.12 27316
aoDLAV 325e2 2 169 - 0.03 0.22 31372
aoULAV 325e2 2 169 - 0.02 0.23 32084
aoD2AG 325e2 2 169 - 0.04 0.23 35008
aoD2SG 325e2 2 169 - 0.03 0.25 34760
dry 1e1 2 193 - 0.02 0.12 25992
aoDLAV 1e1 2 193 - 0.03 0.14 30172
aoULAV 1e1 2 193 - 0.03 0.14 30176
aoD2AG 1e1 2 193 - 0.02 0.15 30316
aoD2SG 1e1 2 193 - 0.02 0.15 30320
moore 1e1 2 193 - 0.03 0.18 30480
nbpm 1e1 2 193 - 0.07 2.16 49816
greedy 1e1 2 193 - 0.03 0.14 30124
dry 5e4 5 228 - 0.03 0.13 30692
aoDLAV 5e4 5 228 - 0.03 0.65 34708
aoULAV 5e4 5 228 - 0.03 0.64 34704
aoD2AG 5e4 5 228 - 0.04 1.03 37728
aoD2SG 5e4 5 228 - 0.04 0.90 37936
dry 375e2 2 88 - 0.03 0.11 29444
aoDLAV 375e2 2 88 - 0.03 0.22 31784
aoULAV 375e2 2 88 - 0.03 0.22 32604
aoD2AG 375e2 2 88 - 0.03 0.26 35516
aoD2SG 375e2 2 88 - 0.03 0.28 35524
dry 56e3 2 12 - 0.03 0.11 30056
aoDLAV 56e3 2 12 - 0.03 0.30 33476
aoULAV 56e3 2 12 - 0.03 0.32 34696
aoD2AG 56e3 2 12 - 0.05 0.36 37284
aoD2SG 56e3 2 12 - 0.03 0.36 37300
dry 1e6 10 54 - 0.08 0.37 112232
aoDLAV 1e6 10 54 - 0.19 340.08 369884
aoULAV 1e6 10 54 - 0.63 458.50 369996
aoD2AG 1e6 10 54 - 0.38 398.63 448404
aoD2SG 1e6 10 54 - 0.39 438.14 457688
dry 18e1 2 183 - 0.03 0.11 26004
aoDLAV 18e1 2 183 - 0.02 0.14 30184
aoULAV 18e1 2 183 - 0.02 0.15 30200
aoD2AG 18e1 2 183 - 0.03 0.14 30360
aoD2SG 18e1 2 183 - 0.03 0.14 30364
moore 18e1 2 183 - 0.03 0.27 30492
nbpm 18e1 2 183 - 0.08 2.20 54460
greedy 18e1 2 183 - 0.03 0.16 33348
dry 1e2 2 12 - 0.02 0.12 25992
aoDLAV 1e2 2 12 - 0.03 0.14 30168
aoULAV 1e2 2 12 - 0.04 0.13 30180
aoD2AG 1e2 2 12 - 0.03 0.14 30336
aoD2SG 1e2 2 12 - 0.03 0.14 30344
moore 1e2 2 12 - 0.03 0.19 30488
nbpm 1e2 2 12 - 0.08 2.17 53008
greedy 1e2 2 12 - 0.03 0.14 30880
dry 32e3 2 181 - 0.03 0.11 30764
aoDLAV 32e3 2 181 - 0.03 0.22 31440
aoULAV 32e3 2 181 - 0.03 0.23 32144
aoD2AG 32e3 2 181 - 0.03 0.25 35076
aoD2SG 32e3 2 181 - 0.02 0.27 34788
dry 325e2 2 98 - 0.02 0.12 27316
aoDLAV 325e2 2 98 - 0.02 0.23 31376
aoULAV 325e2 2 98 - 0.03 0.23 32084
aoD2AG 325e2 2 98 - 0.02 0.27 35004
aoD2SG 325e2 2 98 - 0.03 0.27 34764
dry 400e2 2 206 - 0.03 0.12 27616
aoDLAV 400e2 2 206 - 0.03 0.25 32236
aoULAV 400e2 2 206 - 0.03 0.25 33112
aoD2AG 400e2 2 206 - 0.04 0.28 36076
aoD2SG 400e2 2 206 - 0.03 0.31 35928
dry 5e4 2 167 - 0.03 0.12 28000
aoDLAV 5e4 2 167 - 0.03 0.28 33012
aoULAV 5e4 2 167 - 0.03 0.28 33312
aoD2AG 5e4 2 167 - 0.03 0.34 36408
aoD2SG 5e4 2 167 - 0.04 0.35 36424
dry 56e1 2 19 - 0.03 0.11 26008
aoDLAV 56e1 2 19 - 0.02 0.15 30220
aoULAV 56e1 2 19 - 0.03 0.14 30232
aoD2AG 56e1 2 19 - 0.02 0.15 30416
aoD2SG 56e1 2 19 - 0.02 0.15 30468
moore 56e1 2 19 - 0.03 0.92 39680
nbpm 56e1 2 19 - 0.10 2.98 78708
greedy 56e1 2 19 - 0.04 0.40 64104
dry 225e2 2 130 - 0.02 0.12 26920
aoDLAV 225e2 2 130 - 0.03 0.20 30984
aoULAV 225e2 2 130 - 0.03 0.20 30992
aoD2AG 225e2 2 130 - 0.03 0.22 33368
aoD2SG 225e2 2 130 - 0.03 0.22 33464
dry 1e6 10 194 - 0.08 0.40 112232
aoDLAV 1e6 10 194 - 0.88 469.74 369888
aoULAV 1e6 10 194 - 0.30 340.89 369884
aoD2AG 1e6 10 194 - 0.41 376.29 447608
aoD2SG 1e6 10 194 - 0.36 354.15 457580
