dry 1e2 2 194 - 0.02 0.12 25996
aoDLAV 1e2 2 194 - 0.02 0.14 30168
aoULAV 1e2 2 194 - 0.02 0.13 30184
aoD2AG 1e2 2 194 - 0.02 0.13 30336
aoD2SG 1e2 2 194 - 0.02 0.13 30340
moore 1e2 2 194 - 0.02 0.18 30492
nbpm 1e2 2 194 - 0.08 2.10 53008
greedy 1e2 2 194 - 0.03 0.13 30880
dry 1e6 10 165 - 0.08 0.32 112232
aoDLAV 1e6 10 165 - 0.19 353.86 370008
aoULAV 1e6 10 165 - 0.29 359.58 369884
aoD2AG 1e6 10 165 - 0.40 351.37 447648
aoD2SG 1e6 10 165 - 0.42 413.27 459116
dry 1e1 2 212 - 0.02 0.11 25992
aoDLAV 1e1 2 212 - 0.02 0.14 30160
aoULAV 1e1 2 212 - 0.03 0.14 30176
aoD2AG 1e1 2 212 - 0.02 0.15 30320
aoD2SG 1e1 2 212 - 0.02 0.14 30320
moore 1e1 2 212 - 0.02 0.19 30488
nbpm 1e1 2 212 - 0.06 2.10 49820
greedy 1e1 2 212 - 0.03 0.14 30124
dry 1e3 10 199 - 0.03 0.11 26136
aoDLAV 1e3 10 199 - 0.02 0.16 30652
aoULAV 1e3 10 199 - 0.03 0.16 30664
aoD2AG 1e3 10 199 - 0.03 0.16 31068
aoD2SG 1e3 10 199 - 0.02 0.17 31092
moore 1e3 10 199 - 0.05 4.07 59840
nbpm 1e3 10 199 - 0.11 4.84 136140
greedy 1e3 10 199 - 0.09 1.00 139616
dry 300e2 2 61 - 0.02 0.12 27216
aoDLAV 300e2 2 61 - 0.03 0.21 31296
aoULAV 300e2 2 61 - 0.03 0.21 31896
aoD2AG 300e2 2 61 - 0.04 0.23 35060
aoD2SG 300e2 2 61 - 0.03 0.25 34716
dry 1e6 5 156 - 0.05 0.27 73152
aoDLAV 1e6 5 156 - 0.17 18.38 252688
aoULAV 1e6 5 156 - 0.14 18.52 252692
aoD2AG 1e6 5 156 - 0.23 20.40 324484
aoD2SG 1e6 5 156 - 0.22 23.83 333028
dry 1e6 10 119 - 0.07 0.42 112284
aoDLAV 1e6 10 119 - 0.68 478.92 369896
aoULAV 1e6 10 119 - 0.30 343.79 369884
aoD2AG 1e6 10 119 - 0.41 385.52 448128
aoD2SG 1e6 10 119 - 0.44 454.17 457992
dry 5e4 2 96 - 0.02 0.12 28004
aoDLAV 5e4 2 96 - 0.03 0.28 33008
aoULAV 5e4 2 96 - 0.03 0.28 33316
aoD2AG 5e4 2 96 - 0.03 0.32 36412
aoD2SG 5e4 2 96 - 0.04 0.34 36420
dry 225e2 2 239 - 0.02 0.12 26920
aoDLAV 225e2 2 239 - 0.02 0.20 30984
aoULAV 225e2 2 239 - 0.03 0.19 30992
aoD2AG 225e2 2 239 - 0.03 0.22 33368
aoD2SG 225e2 2 239 - 0.03 0.23 33476
dry 18e1 2 20 - 0.02 0.12 26004
aoDLAV 18e1 2 20 - 0.02 0.14 30184
aoULAV 18e1 2 20 - 0.03 0.14 30200
aoD2AG 18e1 2 20 - 0.02 0.14 30356
aoD2SG 18e1 2 20 - 0.02 0.15 30364
moore 18e1 2 20 - 0.03 0.33 30492
nbpm 18e1 2 20 - 0.08 2.22 54436
greedy 18e1 2 20 - 0.03 0.16 33348
dry 225e2 2 22 - 0.02 0.12 26924
aoDLAV 225e2 2 22 - 0.03 0.19 30980
aoULAV 225e2 2 22 - 0.03 0.19 30992
aoD2AG 225e2 2 22 - 0.04 0.21 33368
aoD2SG 225e2 2 22 - 0.03 0.23 33460
dry 56e1 2 100 - 0.02 0.12 26012
aoDLAV 56e1 2 100 - 0.03 0.14 30224
aoULAV 56e1 2 100 - 0.03 0.14 30232
aoD2AG 56e1 2 100 - 0.03 0.14 30416
aoD2SG 56e1 2 100 - 0.02 0.15 30428
moore 56e1 2 100 - 0.04 1.82 39656
nbpm 56e1 2 100 - 0.10 2.96 78704
greedy 56e1 2 100 - 0.05 0.39 64108
dry 300e2 2 215 - 0.02 0.12 27216
aoDLAV 300e2 2 215 - 0.03 0.21 31300
aoULAV 300e2 2 215 - 0.02 0.21 31892
aoD2AG 300e2 2 215 - 0.03 0.23 35056
aoD2SG 300e2 2 215 - 0.03 0.25 34716
dry 18e4 2 87 - 0.03 0.13 33216
aoDLAV 18e4 2 87 - 0.05 0.81 47860
aoULAV 18e4 2 87 - 0.04 0.82 47884
aoD2AG 18e4 2 87 - 0.06 1.04 59156
aoD2SG 18e4 2 87 - 0.05 1.15 59868
dry 1e5 2 128 - 0.03 0.13 31528
aoDLAV 1e5 2 128 - 0.04 0.42 34804
aoULAV 1e5 2 128 - 0.04 0.45 35320
aoD2AG 1e5 2 128 - 0.04 0.58 42600
aoD2SG 1e5 2 128 - 0.04 0.62 43804
dry 1e3 2 98 - 0.03 0.11 26020
aoDLAV 1e3 2 98 - 0.02 0.15 30284
aoULAV 1e3 2 98 - 0.03 0.14 30296
aoD2AG 1e3 2 98 - 0.03 0.15 30548
aoD2SG 1e3 2 98 - 0.03 0.14 30564
moore 1e3 2 98 - 0.04 4.17 59768
nbpm 1e3 2 98 - 0.11 4.39 138552
greedy 1e3 2 98 - 0.10 1.04 139248
dry 350e2 2 47 - 0.03 0.11 27416
aoDLAV 350e2 2 47 - 0.02 0.25 31480
aoULAV 350e2 2 47 - 0.03 0.25 32260
aoD2AG 350e2 2 47 - 0.03 0.31 34848
aoD2SG 350e2 2 47 - 0.03 0.32 35128
dry 56e4 2 146 - 0.03 0.18 41104
aoDLAV 56e4 2 146 - 0.08 1.96 107984
aoULAV 56e4 2 146 - 0.08 2.02 107988
aoD2AG 56e4 2 146 - 0.09 2.89 138624
aoD2SG 56e4 2 146 - 0.11 3.21 143560
dry 5e4 5 129 - 0.03 0.13 30748
aoDLAV 5e4 5 129 - 0.03 0.79 34704
aoULAV 5e4 5 129 - 0.04 0.79 34704
aoD2AG 5e4 5 129 - 0.03 0.94 37724
aoD2SG 5e4 5 129 - 0.04 0.94 37936
dry 56e4 2 53 - 0.03 0.19 41104
aoDLAV 56e4 2 53 - 0.08 2.21 107988
aoULAV 56e4 2 53 - 0.08 2.31 107984
aoD2AG 56e4 2 53 - 0.11 3.22 139372
aoD2SG 56e4 2 53 - 0.14 3.58 144540
dry 400e2 2 53 - 0.02 0.12 30928
aoDLAV 400e2 2 53 - 0.03 0.24 32236
aoULAV 400e2 2 53 - 0.03 0.25 33112
aoD2AG 400e2 2 53 - 0.04 0.28 36072
aoD2SG 400e2 2 53 - 0.03 0.31 35924
dry 1e6 10 147 - 0.08 0.41 112232
aoDLAV 1e6 10 147 - 0.22 354.79 369884
aoULAV 1e6 10 147 - 0.32 388.39 369892
aoD2AG 1e6 10 147 - 0.40 364.03 448216
aoD2SG 1e6 10 147 - 0.45 434.81 456260
dry 5e4 10 47 - 0.03 0.14 33888
aoDLAV 5e4 10 47 - 0.04 7.38 40200
aoULAV 5e4 10 47 - 0.03 6.88 40200
aoD2AG 5e4 10 47 - 0.09 8.64 44984
aoD2SG 5e4 10 47 - 0.06 9.34 45000
dry 1e1 2 36 - 0.02 0.12 25992
aoDLAV 1e1 2 36 - 0.03 0.14 30160
aoULAV 1e1 2 36 - 0.03 0.14 30172
aoD2AG 1e1 2 36 - 0.02 0.15 30316
aoD2SG 1e1 2 36 - 0.01 0.15 30320
moore 1e1 2 36 - 0.03 0.18 30476
nbpm 1e1 2 36 - 0.07 2.16 49820
greedy 1e1 2 36 - 0.03 0.14 30124
dry 5e4 10 45 - 0.03 0.13 33888
aoDLAV 5e4 10 45 - 0.04 8.13 40200
aoULAV 5e4 10 45 - 0.05 8.10 40200
aoD2AG 5e4 10 45 - 0.05 8.23 44984
aoD2SG 5e4 10 45 - 0.10 10.83 45000
dry 1e1 2 91 - 0.02 0.12 25996
aoDLAV 1e1 2 91 - 0.03 0.14 30160
aoULAV 1e1 2 91 - 0.03 0.14 30176
aoD2AG 1e1 2 91 - 0.03 0.14 30312
aoD2SG 1e1 2 91 - 0.03 0.14 30312
moore 1e1 2 91 - 0.03 0.18 30484
nbpm 1e1 2 91 - 0.10 2.33 49820
greedy 1e1 2 91 - 0.03 0.14 30124
dry 250e2 2 19 - 0.02 0.12 28852
aoDLAV 250e2 2 19 - 0.02 0.20 31112
aoULAV 250e2 2 19 - 0.02 0.21 31212
aoD2AG 250e2 2 19 - 0.02 0.23 33856
aoD2SG 250e2 2 19 - 0.03 0.24 33964
dry 325e2 2 31 - 0.02 0.12 27316
aoDLAV 325e2 2 31 - 0.03 0.22 31376
aoULAV 325e2 2 31 - 0.03 0.22 32084
aoD2AG 325e2 2 31 - 0.03 0.26 35000
aoD2SG 325e2 2 31 - 0.04 0.25 34756
dry 5e4 2 79 - 0.03 0.12 31120
aoDLAV 5e4 2 79 - 0.02 0.28 33008
aoULAV 5e4 2 79 - 0.03 0.28 33316
aoD2AG 5e4 2 79 - 0.04 0.33 36412
aoD2SG 5e4 2 79 - 0.03 0.37 36424
dry 1e2 2 163 - 0.02 0.12 25992
aoDLAV 1e2 2 163 - 0.03 0.14 30168
aoULAV 1e2 2 163 - 0.02 0.14 30180
aoD2AG 1e2 2 163 - 0.03 0.14 30328
aoD2SG 1e2 2 163 - 0.02 0.14 30340
moore 1e2 2 163 - 0.03 0.20 30488
nbpm 1e2 2 163 - 0.08 2.37 53008
greedy 1e2 2 163 - 0.03 0.15 30880
dry 5e4 2 23 - 0.02 0.12 28000
aoDLAV 5e4 2 23 - 0.04 0.28 33012
aoULAV 5e4 2 23 - 0.04 0.27 33316
aoD2AG 5e4 2 23 - 0.04 0.33 36432
aoD2SG 5e4 2 23 - 0.03 0.37 36420
dry 32e1 2 85 - 0.02 0.11 26000
aoDLAV 32e1 2 85 - 0.02 0.14 30200
aoULAV 32e1 2 85 - 0.03 0.14 30208
aoD2AG 32e1 2 85 - 0.03 0.14 30380
aoD2SG 32e1 2 85 - 0.03 0.14 30384
moore 32e1 2 85 - 0.02 0.51 33676
nbpm 32e1 2 85 - 0.06 2.40 58300
greedy 32e1 2 85 - 0.03 0.21 41004
dry 1e3 2 73 - 0.03 0.11 26024
aoDLAV 1e3 2 73 - 0.03 0.14 30284
aoULAV 1e3 2 73 - 0.03 0.14 30292
aoD2AG 1e3 2 73 - 0.04 0.14 30540
aoD2SG 1e3 2 73 - 0.02 0.15 30568
moore 1e3 2 73 - 0.02 5.58 59772
nbpm 1e3 2 73 - 0.11 4.14 138552
greedy 1e3 2 73 - 0.09 1.04 139248
dry 32e4 2 69 - 0.03 0.16 36424
aoDLAV 32e4 2 69 - 0.06 1.21 70828
aoULAV 32e4 2 69 - 0.07 1.21 70840
aoD2AG 32e4 2 69 - 0.07 1.66 88280
aoD2SG 32e4 2 69 - 0.07 1.83 90968
dry 1e5 10 97 - 0.03 0.18 38396
aoDLAV 1e5 10 97 - 0.04 20.62 53536
aoULAV 1e5 10 97 - 0.04 20.75 55308
aoD2AG 1e5 10 97 - 0.05 19.76 62956
aoD2SG 1e5 10 97 - 0.06 22.47 66832
dry 225e2 2 235 - 0.02 0.12 26920
aoDLAV 225e2 2 235 - 0.03 0.19 30980
aoULAV 225e2 2 235 - 0.02 0.20 30996
aoD2AG 225e2 2 235 - 0.03 0.20 33372
aoD2SG 225e2 2 235 - 0.03 0.22 33468
dry 1e2 2 9 - 0.02 0.12 25996
aoDLAV 1e2 2 9 - 0.03 0.14 30172
aoULAV 1e2 2 9 - 0.03 0.13 30184
aoD2AG 1e2 2 9 - 0.03 0.14 30328
aoD2SG 1e2 2 9 - 0.03 0.14 30344
moore 1e2 2 9 - 0.04 0.23 30480
nbpm 1e2 2 9 - 0.08 2.10 53000
greedy 1e2 2 9 - 0.03 0.14 30880
dry 32e4 2 59 - 0.03 0.16 36424
aoDLAV 32e4 2 59 - 0.05 1.33 70828
aoULAV 32e4 2 59 - 0.06 1.17 70840
aoD2AG 32e4 2 59 - 0.07 1.64 89188
aoD2SG 32e4 2 59 - 0.08 1.75 90900
dry 225e2 2 165 - 0.02 0.12 26920
aoDLAV 225e2 2 165 - 0.03 0.19 30980
aoULAV 225e2 2 165 - 0.02 0.19 30996
aoD2AG 225e2 2 165 - 0.03 0.21 33368
aoD2SG 225e2 2 165 - 0.03 0.22 33460
dry 300e2 2 183 - 0.03 0.11 27220
aoDLAV 300e2 2 183 - 0.03 0.20 31300
aoULAV 300e2 2 183 - 0.02 0.22 31896
aoD2AG 300e2 2 183 - 0.03 0.23 35060
aoD2SG 300e2 2 183 - 0.03 0.24 34716
dry 1e1 2 113 - 0.03 0.11 25996
aoDLAV 1e1 2 113 - 0.04 0.13 30160
aoULAV 1e1 2 113 - 0.03 0.14 30172
aoD2AG 1e1 2 113 - 0.01 0.15 30316
aoD2SG 1e1 2 113 - 0.03 0.13 30320
moore 1e1 2 113 - 0.02 0.19 30476
nbpm 1e1 2 113 - 0.08 2.21 49816
greedy 1e1 2 113 - 0.02 0.14 30124
dry 1e6 2 23 - 0.03 0.20 49704
aoDLAV 1e6 2 23 - 0.12 3.89 178456
aoULAV 1e6 2 23 - 0.13 3.56 178456
aoD2AG 1e6 2 23 - 0.17 5.16 233300
aoD2SG 1e6 2 23 - 0.19 6.06 241748
dry 350e2 2 178 - 0.02 0.12 27416
aoDLAV 350e2 2 178 - 0.03 0.21 31480
aoULAV 350e2 2 178 - 0.04 0.22 32260
aoD2AG 350e2 2 178 - 0.02 0.27 34852
aoD2SG 350e2 2 178 - 0.03 0.27 35136
dry 1e2 10 110 - 0.01 0.13 26008
aoDLAV 1e2 10 110 - 0.03 0.14 30260
aoULAV 1e2 10 110 - 0.03 0.14 30272
aoD2AG 1e2 10 110 - 0.01 0.16 30444
aoD2SG 1e2 10 110 - 0.04 0.13 30452
moore 1e2 10 110 - 0.03 0.20 30540
nbpm 1e2 10 110 - 0.09 2.10 53076
greedy 1e2 10 110 - 0.03 0.15 30976
dry 350e2 2 148 - 0.02 0.12 27420
aoDLAV 350e2 2 148 - 0.02 0.24 31480
aoULAV 350e2 2 148 - 0.03 0.23 32260
aoD2AG 350e2 2 148 - 0.03 0.27 34848
aoD2SG 350e2 2 148 - 0.03 0.28 35132
dry 1e6 10 182 - 0.08 0.40 112236
aoDLAV 1e6 10 182 - 0.20 344.93 369884
aoULAV 1e6 10 182 - 0.29 370.86 369888
aoD2AG 1e6 10 182 - 0.41 381.72 446916
aoD2SG 1e6 10 182 - 0.41 560.38 457820
dry 1e5 2 213 - 0.02 0.13 30040
aoDLAV 1e5 2 213 - 0.04 0.41 34800
aoULAV 1e5 2 213 - 0.04 0.42 35320
aoD2AG 1e5 2 213 - 0.05 0.64 42640
aoD2SG 1e5 2 213 - 0.04 0.62 43800
dry 18e4 2 126 - 0.03 0.13 33108
aoDLAV 18e4 2 126 - 0.04 0.71 47860
aoULAV 18e4 2 126 - 0.04 0.75 47860
aoD2AG 18e4 2 126 - 0.04 0.96 58644
aoD2SG 18e4 2 126 - 0.05 1.06 60076
dry 1e5 10 168 - 0.03 0.18 38440
aoDLAV 1e5 10 168 - 0.04 19.97 53540
aoULAV 1e5 10 168 - 0.06 20.52 55312
aoD2AG 1e5 10 168 - 0.06 19.86 62648
aoD2SG 1e5 10 168 - 0.07 34.60 66832
dry 18e4 2 214 - 0.04 0.13 33104
aoDLAV 18e4 2 214 - 0.04 0.79 47860
aoULAV 18e4 2 214 - 0.05 0.73 47860
aoD2AG 18e4 2 214 - 0.05 1.04 58644
aoD2SG 18e4 2 214 - 0.07 1.12 59820
dry 1e2 5 229 - 0.03 0.11 25996
aoDLAV 1e2 5 229 - 0.01 0.15 30212
aoULAV 1e2 5 229 - 0.03 0.14 30272
aoD2AG 1e2 5 229 - 0.02 0.15 30384
aoD2SG 1e2 5 229 - 0.03 0.14 30392
moore 1e2 5 229 - 0.02 0.21 30492
nbpm 1e2 5 229 - 0.08 2.19 53016
greedy 1e2 5 229 - 0.02 0.15 30920
dry 1e5 10 46 - 0.03 0.18 38396
aoDLAV 1e5 10 46 - 0.05 22.94 53540
aoULAV 1e5 10 46 - 0.06 20.61 55312
aoD2AG 1e5 10 46 - 0.05 20.43 62656
aoD2SG 1e5 10 46 - 0.04 23.18 66832
dry 18e1 2 13 - 0.02 0.12 26008
aoDLAV 18e1 2 13 - 0.02 0.14 30184
aoULAV 18e1 2 13 - 0.02 0.15 30196
aoD2AG 18e1 2 13 - 0.02 0.15 30356
aoD2SG 18e1 2 13 - 0.02 0.14 30368
moore 18e1 2 13 - 0.03 0.38 30496
nbpm 18e1 2 13 - 0.07 2.14 54444
greedy 18e1 2 13 - 0.02 0.16 33348
dry 1e2 10 158 - 0.03 0.11 26004
aoDLAV 1e2 10 158 - 0.03 0.14 30260
aoULAV 1e2 10 158 - 0.03 0.14 30272
aoD2AG 1e2 10 158 - 0.03 0.14 30444
aoD2SG 1e2 10 158 - 0.02 0.15 30448
moore 1e2 10 158 - 0.04 0.19 30496
nbpm 1e2 10 158 - 0.07 2.12 53076
greedy 1e2 10 158 - 0.02 0.15 30976
dry 1e3 10 180 - 0.02 0.12 26136
aoDLAV 1e3 10 180 - 0.03 0.16 30652
aoULAV 1e3 10 180 - 0.02 0.16 30704
aoD2AG 1e3 10 180 - 0.03 0.16 31048
aoD2SG 1e3 10 180 - 0.02 0.17 31084
moore 1e3 10 180 - 0.04 4.74 59840
nbpm 1e3 10 180 - 0.13 4.69 136144
greedy 1e3 10 180 - 0.08 1.02 139620
dry 56e1 2 9 - 0.02 0.12 26008
aoDLAV 56e1 2 9 - 0.02 0.15 30224
aoULAV 56e1 2 9 - 0.02 0.14 30232
aoD2AG 56e1 2 9 - 0.03 0.14 30416
aoD2SG 56e1 2 9 - 0.02 0.15 30424
moore 56e1 2 9 - 0.04 1.53 39652
nbpm 56e1 2 9 - 0.10 2.91 78704
greedy 56e1 2 9 - 0.04 0.38 64104
dry 32e1 2 131 - 0.02 0.11 26000
aoDLAV 32e1 2 131 - 0.02 0.14 30220
aoULAV 32e1 2 131 - 0.02 0.14 30212
aoD2AG 32e1 2 131 - 0.03 0.14 30380
aoD2SG 32e1 2 131 - 0.02 0.14 30384
moore 32e1 2 131 - 0.03 0.37 33676
nbpm 32e1 2 131 - 0.09 2.32 58300
greedy 32e1 2 131 - 0.03 0.21 40972
dry 250e2 2 94 - 0.03 0.11 27020
aoDLAV 250e2 2 94 - 0.03 0.20 31108
aoULAV 250e2 2 94 - 0.03 0.20 31212
aoD2AG 250e2 2 94 - 0.02 0.23 33860
aoD2SG 250e2 2 94 - 0.02 0.23 33964
dry 400e2 2 167 - 0.01 0.12 27616
aoDLAV 400e2 2 167 - 0.02 0.24 32236
aoULAV 400e2 2 167 - 0.02 0.25 33116
aoD2AG 400e2 2 167 - 0.03 0.28 36068
aoD2SG 400e2 2 167 - 0.03 0.29 35928
dry 1e6 10 79 - 0.08 0.40 112232
aoDLAV 1e6 10 79 - 0.20 525.95 369888
aoULAV 1e6 10 79 - 1.02 435.38 369892
aoD2AG 1e6 10 79 - 0.38 379.21 447912
aoD2SG 1e6 10 79 - 0.40 448.99 459672
dry 1e6 5 103 - 0.05 0.27 73152
aoDLAV 1e6 5 103 - 0.15 19.10 252688
aoULAV 1e6 5 103 - 0.17 19.40 252688
aoD2AG 1e6 5 103 - 0.24 21.37 323792
aoD2SG 1e6 5 103 - 0.21 25.51 333236
dry 32e4 2 186 - 0.04 0.16 36428
aoDLAV 32e4 2 186 - 0.06 1.30 70828
aoULAV 32e4 2 186 - 0.06 1.60 70840
aoD2AG 32e4 2 186 - 0.09 2.18 89372
aoD2SG 32e4 2 186 - 0.07 2.00 90904
dry 56e1 2 18 - 0.02 0.12 26008
aoDLAV 56e1 2 18 - 0.02 0.15 30220
aoULAV 56e1 2 18 - 0.03 0.14 30232
aoD2AG 56e1 2 18 - 0.02 0.15 30416
aoD2SG 56e1 2 18 - 0.03 0.14 30424
moore 56e1 2 18 - 0.03 1.94 39652
nbpm 56e1 2 18 - 0.12 3.00 78708
greedy 56e1 2 18 - 0.03 0.41 64104
dry 1e5 10 159 - 0.03 0.19 38396
aoDLAV 1e5 10 159 - 0.07 31.22 53536
aoULAV 1e5 10 159 - 0.06 21.01 55316
aoD2AG 1e5 10 159 - 0.05 21.04 62648
aoD2SG 1e5 10 159 - 0.05 23.43 66832
