dry 1e7 5 164 - 0.21 0.79 459868
aoDLAV 1e7 5 164 - 1.10 248.40 2323016
aoULAV 1e7 5 164 - 1.47 212.56 2323016
aoD2AG 1e7 5 164 - 2.52 302.96 3064440
aoD2SG 1e7 5 164 - 2.53 284.17 3149504
dry 32e5 2 217 - 0.07 0.24 92676
aoDLAV 32e5 2 217 - 0.27 11.99 493324
aoULAV 32e5 2 217 - 0.28 12.91 493340
aoD2AG 32e5 2 217 - 0.40 18.35 717232
aoD2SG 32e5 2 217 - 0.41 20.89 743892
dry 1e7 10 241 - 0.42 1.37 850508
aoDLAV 1e7 10 241 - 1.53 4807.72 3533956
aoULAV 1e7 10 241 - 2.41 4797.71 3533956
aoD2AG 1e7 10 241 - 3.53 4804.13 4340616
aoD2SG 1e7 10 241 - 3.67 5742.60 4429104
dry 1e7 5 173 - 0.23 0.83 459868
aoDLAV 1e7 5 173 - 1.09 214.70 2323016
aoULAV 1e7 5 173 - 1.61 221.54 2323016
aoD2AG 1e7 5 173 - 2.46 242.91 3064928
aoD2SG 1e7 5 173 - 2.09 286.62 3151248
dry 1e7 5 107 - 0.24 0.78 459872
aoDLAV 1e7 5 107 - 1.12 219.55 2323056
aoULAV 1e7 5 107 - 1.53 222.78 2323020
aoD2AG 1e7 5 107 - 2.41 246.56 3064564
aoD2SG 1e7 5 107 - 2.59 287.90 3149824
dry 18e5 2 132 - 0.05 0.23 65324
aoDLAV 18e5 2 132 - 0.15 6.69 285512
aoULAV 18e5 2 132 - 0.15 7.05 285520
aoD2AG 18e5 2 132 - 0.24 9.94 412000
aoD2SG 18e5 2 132 - 0.25 11.24 426864
dry 18e5 2 100 - 0.04 0.22 65324
aoDLAV 18e5 2 100 - 0.16 6.44 285524
aoULAV 18e5 2 100 - 0.17 6.83 285520
aoD2AG 18e5 2 100 - 0.25 9.90 412032
aoD2SG 18e5 2 100 - 0.27 11.20 426156
dry 18e5 2 103 - 0.05 0.21 65324
aoDLAV 18e5 2 103 - 0.15 6.44 285508
aoULAV 18e5 2 103 - 0.14 6.84 285524
aoD2AG 18e5 2 103 - 0.23 9.93 411820
aoD2SG 18e5 2 103 - 0.25 11.26 427812
dry 18e5 2 84 - 0.05 0.20 65324
aoDLAV 18e5 2 84 - 0.17 6.41 285512
aoULAV 18e5 2 84 - 0.15 6.84 285524
aoD2AG 18e5 2 84 - 0.25 9.89 411196
aoD2SG 18e5 2 84 - 0.24 11.26 427628
dry 18e5 2 177 - 0.04 0.21 65324
aoDLAV 18e5 2 177 - 0.15 6.45 285508
aoULAV 18e5 2 177 - 0.17 6.83 285524
aoD2AG 18e5 2 177 - 0.23 9.92 411224
aoD2SG 18e5 2 177 - 0.24 11.25 427460
dry 1e7 2 128 - 0.12 0.44 225484
aoDLAV 1e7 2 128 - 0.76 45.38 1502688
aoULAV 1e7 2 128 - 0.78 47.51 1502688
aoD2AG 1e7 2 128 - 1.72 67.09 2203556
aoD2SG 1e7 2 128 - 1.66 77.47 2283664
dry 1e7 2 230 - 0.12 0.44 225488
aoDLAV 1e7 2 230 - 0.75 45.40 1502684
aoULAV 1e7 2 230 - 0.74 47.55 1502688
aoD2AG 1e7 2 230 - 1.57 67.13 2204228
aoD2SG 1e7 2 230 - 1.90 77.53 2282616
dry 18e5 2 136 - 0.05 0.20 65324
aoDLAV 18e5 2 136 - 0.17 6.47 285552
aoULAV 18e5 2 136 - 0.16 6.73 285520
aoD2AG 18e5 2 136 - 0.26 10.10 411596
aoD2SG 18e5 2 136 - 0.25 11.12 426432
dry 32e5 2 199 - 0.06 0.25 92676
aoDLAV 32e5 2 199 - 0.26 12.03 493324
aoULAV 32e5 2 199 - 0.27 12.82 493340
aoD2AG 32e5 2 199 - 0.39 17.88 718352
aoD2SG 32e5 2 199 - 0.42 20.33 743720
dry 1e7 2 229 - 0.11 0.44 225484
aoDLAV 1e7 2 229 - 0.74 43.44 1502684
aoULAV 1e7 2 229 - 0.76 46.11 1502688
aoD2AG 1e7 2 229 - 1.78 81.78 2205188
aoD2SG 1e7 2 229 - 1.66 77.12 2284616
dry 32e5 2 246 - 0.06 0.25 92676
aoDLAV 32e5 2 246 - 0.25 11.97 493324
aoULAV 32e5 2 246 - 0.25 12.72 493340
aoD2AG 32e5 2 246 - 0.41 18.30 718928
aoD2SG 32e5 2 246 - 0.42 20.88 744900
dry 1e7 10 201 - 0.41 1.38 850508
aoDLAV 1e7 10 201 - 1.46 4773.15 3533956
aoULAV 1e7 10 201 - 2.63 4756.46 3533956
aoD2AG 1e7 10 201 - 3.51 6793.49 4337008
aoD2SG 1e7 10 201 - 3.68 5712.68 4428092
dry 1e7 2 60 - 0.11 0.45 225488
aoDLAV 1e7 2 60 - 0.76 43.97 1502688
aoULAV 1e7 2 60 - 0.79 46.57 1502684
aoD2AG 1e7 2 60 - 1.54 66.30 2203948
aoD2SG 1e7 2 60 - 1.62 76.20 2282456
dry 1e7 5 63 - 0.24 0.79 459872
aoDLAV 1e7 5 63 - 1.08 214.93 2323016
aoULAV 1e7 5 63 - 1.05 218.31 2323016
aoD2AG 1e7 5 63 - 2.44 241.87 3065172
aoD2SG 1e7 5 63 - 2.54 285.15 3150268
dry 1e7 5 144 - 0.25 0.78 459868
aoDLAV 1e7 5 144 - 1.04 213.61 2323052
aoULAV 1e7 5 144 - 1.48 217.11 2323016
aoD2AG 1e7 5 144 - 1.98 241.21 3065248
aoD2SG 1e7 5 144 - 2.48 286.11 3152008
dry 56e5 2 102 - 0.09 0.31 139544
aoDLAV 56e5 2 102 - 0.46 22.24 849560
aoULAV 56e5 2 102 - 0.43 23.73 849556
aoD2AG 56e5 2 102 - 0.74 33.95 1241920
aoD2SG 56e5 2 102 - 0.75 38.85 1286432
dry 32e5 2 200 - 0.05 0.25 92676
aoDLAV 32e5 2 200 - 0.27 11.90 493336
aoULAV 32e5 2 200 - 0.28 12.90 493336
aoD2AG 32e5 2 200 - 0.40 18.11 718584
aoD2SG 32e5 2 200 - 0.44 20.94 743292
dry 56e5 2 216 - 0.07 0.32 139544
aoDLAV 56e5 2 216 - 0.44 22.70 849556
aoULAV 56e5 2 216 - 0.42 24.13 849556
aoD2AG 56e5 2 216 - 0.73 34.66 1242484
aoD2SG 56e5 2 216 - 0.74 39.60 1286596
dry 56e5 2 53 - 0.08 0.31 139544
aoDLAV 56e5 2 53 - 0.44 22.80 849556
aoULAV 56e5 2 53 - 0.47 24.23 849560
aoD2AG 56e5 2 53 - 0.72 34.54 1241212
aoD2SG 56e5 2 53 - 0.73 39.63 1285728
dry 1e7 2 38 - 0.12 0.44 225488
aoDLAV 1e7 2 38 - 0.79 44.04 1502688
aoULAV 1e7 2 38 - 0.77 46.92 1502688
aoD2AG 1e7 2 38 - 1.57 66.42 2202876
aoD2SG 1e7 2 38 - 1.63 76.92 2283212
dry 32e5 2 93 - 0.06 0.25 92680
aoDLAV 32e5 2 93 - 0.26 11.91 493324
aoULAV 32e5 2 93 - 0.27 12.74 493340
aoD2AG 32e5 2 93 - 0.43 18.23 716572
aoD2SG 32e5 2 93 - 0.50 20.92 742796
dry 1e7 10 242 - 0.42 1.36 850508
aoDLAV 1e7 10 242 - 1.48 4789.96 3534060
aoULAV 1e7 10 242 - 2.80 4812.58 3534064
aoD2AG 1e7 10 242 - 3.86 5319.32 4337976
aoD2SG 1e7 10 242 - 3.72 5908.88 4426388
dry 1e7 5 108 - 0.23 0.78 459868
aoDLAV 1e7 5 108 - 1.04 213.19 2323016
aoULAV 1e7 5 108 - 1.49 212.69 2323020
aoD2AG 1e7 5 108 - 2.37 234.66 3065352
aoD2SG 1e7 5 108 - 2.10 280.89 3150676
dry 32e5 2 158 - 0.04 0.26 92720
aoDLAV 32e5 2 158 - 0.25 11.86 493324
aoULAV 32e5 2 158 - 0.26 12.64 493336
aoD2AG 32e5 2 158 - 0.38 18.29 718708
aoD2SG 32e5 2 158 - 0.42 20.79 743276
dry 56e5 2 136 - 0.08 0.31 139544
aoDLAV 56e5 2 136 - 0.45 22.71 849556
aoULAV 56e5 2 136 - 0.45 24.37 849556
aoD2AG 56e5 2 136 - 0.71 34.40 1242840
aoD2SG 56e5 2 136 - 0.73 39.67 1286664
dry 1e7 5 219 - 0.23 0.79 459868
aoDLAV 1e7 5 219 - 1.01 212.91 2323016
aoULAV 1e7 5 219 - 1.47 215.45 2323020
aoD2AG 1e7 5 219 - 1.97 237.62 3064556
aoD2SG 1e7 5 219 - 2.39 282.41 3149832
dry 1e7 5 172 - 0.24 0.79 459868
aoDLAV 1e7 5 172 - 1.06 214.99 2323016
aoULAV 1e7 5 172 - 1.50 218.15 2323016
aoD2AG 1e7 5 172 - 2.43 241.45 3064924
aoD2SG 1e7 5 172 - 2.15 286.37 3150504
dry 1e7 5 227 - 0.25 0.80 459872
aoDLAV 1e7 5 227 - 1.07 214.77 2323020
aoULAV 1e7 5 227 - 1.51 220.86 2323016
aoD2AG 1e7 5 227 - 2.37 240.43 3065008
aoD2SG 1e7 5 227 - 2.60 283.47 3150764
dry 56e5 2 180 - 0.08 0.32 139544
aoDLAV 56e5 2 180 - 0.46 22.73 849560
aoULAV 56e5 2 180 - 0.45 24.46 849560
aoD2AG 56e5 2 180 - 0.71 34.45 1241492
aoD2SG 56e5 2 180 - 0.72 39.24 1286620
dry 32e5 2 216 - 0.06 0.24 92676
aoDLAV 32e5 2 216 - 0.25 11.88 493328
aoULAV 32e5 2 216 - 0.25 12.65 493340
aoD2AG 32e5 2 216 - 0.40 18.48 718860
aoD2SG 32e5 2 216 - 0.40 21.02 742496
dry 56e5 2 118 - 0.08 0.31 139544
aoDLAV 56e5 2 118 - 0.44 22.62 849620
aoULAV 56e5 2 118 - 0.47 23.99 849556
aoD2AG 56e5 2 118 - 0.73 34.61 1241924
aoD2SG 56e5 2 118 - 0.85 39.61 1287320
dry 1e7 2 86 - 0.12 0.44 225484
aoDLAV 1e7 2 86 - 0.77 43.94 1502684
aoULAV 1e7 2 86 - 0.77 46.81 1502684
aoD2AG 1e7 2 86 - 1.50 66.11 2203188
aoD2SG 1e7 2 86 - 1.58 76.88 2283776
dry 1e7 2 103 - 0.12 0.43 225548
aoDLAV 1e7 2 103 - 0.81 44.10 1502684
aoULAV 1e7 2 103 - 0.73 47.07 1502684
aoD2AG 1e7 2 103 - 1.56 66.65 2205128
aoD2SG 1e7 2 103 - 1.64 76.95 2284088
dry 1e7 10 227 - 0.42 1.39 850508
aoDLAV 1e7 10 227 - 1.50 4808.52 3533960
aoULAV 1e7 10 227 - 2.57 4889.21 3533956
aoD2AG 1e7 10 227 - 3.89 4831.03 4337720
aoD2SG 1e7 10 227 - 3.63 5735.58 4426372
dry 1e7 2 92 - 0.12 0.44 225484
aoDLAV 1e7 2 92 - 0.76 44.08 1502684
aoULAV 1e7 2 92 - 0.79 46.77 1502688
aoD2AG 1e7 2 92 - 1.52 66.30 2202424
aoD2SG 1e7 2 92 - 1.63 76.81 2282292
dry 18e5 2 229 - 0.05 0.20 65324
aoDLAV 18e5 2 229 - 0.17 6.38 285508
aoULAV 18e5 2 229 - 0.17 6.80 285520
aoD2AG 18e5 2 229 - 0.24 9.92 413220
aoD2SG 18e5 2 229 - 0.24 10.99 426104
dry 56e5 2 24 - 0.08 0.31 139548
aoDLAV 56e5 2 24 - 0.44 22.76 849556
aoULAV 56e5 2 24 - 0.44 24.82 849556
aoD2AG 56e5 2 24 - 0.71 34.60 1242288
aoD2SG 56e5 2 24 - 0.72 39.47 1286564
dry 1e7 5 198 - 0.23 0.78 459868
aoDLAV 1e7 5 198 - 1.02 212.62 2323020
aoULAV 1e7 5 198 - 1.52 214.22 2323020
aoD2AG 1e7 5 198 - 2.42 235.67 3064284
aoD2SG 1e7 5 198 - 2.46 279.22 3151360
dry 32e5 2 228 - 0.06 0.24 92680
aoDLAV 32e5 2 228 - 0.28 11.75 493440
aoULAV 32e5 2 228 - 0.32 12.52 493336
aoD2AG 32e5 2 228 - 0.37 18.01 717860
aoD2SG 32e5 2 228 - 0.40 20.62 743256
dry 56e5 2 13 - 0.08 0.31 139544
aoDLAV 56e5 2 13 - 0.46 22.44 849556
aoULAV 56e5 2 13 - 0.47 23.95 849556
aoD2AG 56e5 2 13 - 0.74 33.91 1243072
aoD2SG 56e5 2 13 - 0.79 39.80 1287412
dry 56e5 2 19 - 0.08 0.34 139544
aoDLAV 56e5 2 19 - 0.42 22.94 849556
aoULAV 56e5 2 19 - 0.46 24.07 849556
aoD2AG 56e5 2 19 - 0.71 34.25 1243092
aoD2SG 56e5 2 19 - 0.73 39.26 1286600
dry 56e5 2 85 - 0.08 0.31 139544
aoDLAV 56e5 2 85 - 0.46 22.61 849556
aoULAV 56e5 2 85 - 0.43 24.19 849560
aoD2AG 56e5 2 85 - 0.71 34.25 1241424
aoD2SG 56e5 2 85 - 0.73 39.29 1287180
dry 1e7 5 5 - 0.23 0.80 459888
aoDLAV 1e7 5 5 - 1.06 215.42 2323016
aoULAV 1e7 5 5 - 1.52 216.47 2323020
aoD2AG 1e7 5 5 - 2.04 237.90 3064356
aoD2SG 1e7 5 5 - 2.50 283.50 3149920
dry 1e7 5 64 - 0.24 0.79 459868
aoDLAV 1e7 5 64 - 1.07 215.46 2323020
aoULAV 1e7 5 64 - 1.47 218.79 2323016
aoD2AG 1e7 5 64 - 2.38 240.25 3064756
aoD2SG 1e7 5 64 - 2.21 286.29 3150108
dry 18e5 2 114 - 0.05 0.20 65328
aoDLAV 18e5 2 114 - 0.14 6.60 285512
aoULAV 18e5 2 114 - 0.17 6.80 285520
aoD2AG 18e5 2 114 - 0.26 9.81 412000
aoD2SG 18e5 2 114 - 0.25 11.18 426312
dry 1e7 5 38 - 0.23 0.80 459868
aoDLAV 1e7 5 38 - 1.08 215.47 2323020
aoULAV 1e7 5 38 - 1.09 218.43 2323020
aoD2AG 1e7 5 38 - 2.46 240.30 3064644
aoD2SG 1e7 5 38 - 2.61 285.74 3151868
dry 1e7 5 58 - 0.24 0.79 459868
aoDLAV 1e7 5 58 - 1.13 214.56 2323016
aoULAV 1e7 5 58 - 1.54 218.01 2323016
aoD2AG 1e7 5 58 - 2.01 239.36 3065100
aoD2SG 1e7 5 58 - 2.59 283.57 3151612
dry 1e7 2 19 - 0.12 0.44 225488
aoDLAV 1e7 2 19 - 0.76 44.30 1502684
aoULAV 1e7 2 19 - 0.79 47.03 1502688
aoD2AG 1e7 2 19 - 1.56 66.51 2203552
aoD2SG 1e7 2 19 - 1.81 76.85 2285124
dry 1e7 5 135 - 0.22 0.81 459872
aoDLAV 1e7 5 135 - 1.09 215.44 2323016
aoULAV 1e7 5 135 - 1.57 219.61 2323020
aoD2AG 1e7 5 135 - 2.03 240.50 3063320
aoD2SG 1e7 5 135 - 2.61 284.99 3149508
dry 56e5 2 107 - 0.08 0.32 139544
aoDLAV 56e5 2 107 - 0.46 22.87 849556
aoULAV 56e5 2 107 - 0.44 24.27 849556
aoD2AG 56e5 2 107 - 0.74 34.47 1241360
aoD2SG 56e5 2 107 - 0.76 39.63 1287436
dry 18e5 2 172 - 0.05 0.21 65324
aoDLAV 18e5 2 172 - 0.16 6.38 285508
aoULAV 18e5 2 172 - 0.21 6.79 285520
aoD2AG 18e5 2 172 - 0.25 9.80 411496
aoD2SG 18e5 2 172 - 0.26 11.16 426096
dry 1e7 10 6 - 0.46 1.37 850508
aoDLAV 1e7 10 6 - 2.14 4977.35 3533952
aoULAV 1e7 10 6 - 2.50 4754.50 3533956
aoD2AG 1e7 10 6 - 3.66 4835.51 4338964
aoD2SG 1e7 10 6 - 3.72 5836.80 4426524
dry 1e7 10 160 - 0.43 1.37 850508
aoDLAV 1e7 10 160 - 1.50 4866.79 3533956
aoULAV 1e7 10 160 - 2.34 4955.89 3533952
aoD2AG 1e7 10 160 - 3.41 4728.12 4338596
aoD2SG 1e7 10 160 - 3.49 8019.82 4428616
