dry 56e2 2 44 - 0.02 0.11 26236
aoDLAV 56e2 2 44 - 0.02 0.14 30976
aoULAV 56e2 2 44 - 0.02 0.15 30988
aoD2AG 56e2 2 44 - 0.03 0.15 31976
aoD2SG 56e2 2 44 - 0.03 0.16 31120
moore 56e2 2 44 - 0.87 281.40 952724
nbpm 56e2 2 44 - 2.32 71.98 2388088
greedy 56e2 2 44 - 1.90 83.81 3460492
dry 5e7 2 60 - 0.58 1.63 1006736
aoDLAV 5e7 2 60 - 4.16 300.59 7440192
aoULAV 5e7 2 60 - 5.19 310.63 7440192
aoD2AG 5e7 2 60 - 9.55 448.03 10936684
aoD2SG 5e7 2 60 - 10.15 526.53 11335352
dry 1e4 10 138 - 0.03 0.11 27692
aoDLAV 1e4 10 138 - 0.03 0.72 32764
aoULAV 1e4 10 138 - 0.03 0.71 32776
aoD2AG 1e4 10 138 - 0.04 0.72 32744
aoD2SG 1e4 10 138 - 0.02 0.83 34176
moore 1e4 10 138 - 1.30 1025.24 2963852
nbpm 1e4 10 138 - 7.74 726.90 7764388
greedy 1e4 10 138 - 6.33 278.41 10961112
dry 1e4 10 98 - 0.02 0.14 29720
aoDLAV 1e4 10 98 - 0.04 0.73 32764
aoULAV 1e4 10 98 - 0.03 0.75 32776
aoD2AG 1e4 10 98 - 0.03 0.74 32744
aoD2SG 1e4 10 98 - 0.04 1.09 34180
moore 1e4 10 98 - 1.15 1078.18 2963856
nbpm 1e4 10 98 - 7.73 968.65 7764496
greedy 1e4 10 98 - 6.98 271.10 10961108
dry 75e2 2 91 - 0.02 0.12 26328
aoDLAV 75e2 2 91 - 0.03 0.16 31376
aoULAV 75e2 2 91 - 0.03 0.15 31392
aoD2AG 75e2 2 91 - 0.03 0.18 31380
aoD2SG 75e2 2 91 - 0.04 0.18 31380
moore 75e2 2 91 - 0.68 376.71 1683872
nbpm 75e2 2 91 - 4.29 158.00 4242124
greedy 75e2 2 91 - 3.86 148.57 6183088
dry 25e2 2 115 - 0.03 0.11 26080
aoDLAV 25e2 2 115 - 0.02 0.15 30452
aoULAV 25e2 2 115 - 0.03 0.14 30464
aoD2AG 25e2 2 115 - 0.03 0.15 30980
aoD2SG 25e2 2 115 - 0.02 0.16 31024
moore 25e2 2 115 - 0.09 29.75 213604
nbpm 25e2 2 115 - 0.54 12.15 541644
greedy 25e2 2 115 - 0.47 9.28 713668
dry 3e7 2 141 - 0.37 1.02 616108
aoDLAV 3e7 2 141 - 2.57 160.48 4471428
aoULAV 3e7 2 141 - 3.29 173.42 4471428
aoD2AG 3e7 2 141 - 5.49 250.27 6570140
aoD2SG 3e7 2 141 - 6.46 296.52 6808424
dry 25e2 2 22 - 0.02 0.13 26084
aoDLAV 25e2 2 22 - 0.04 0.15 30452
aoULAV 25e2 2 22 - 0.03 0.16 30464
aoD2AG 25e2 2 22 - 0.03 0.15 30992
aoD2SG 25e2 2 22 - 0.03 0.16 31040
moore 25e2 2 22 - 0.10 43.69 213608
nbpm 25e2 2 22 - 0.55 12.07 541644
greedy 25e2 2 22 - 0.46 10.31 713668
dry 2e7 2 24 - 0.24 0.75 420796
aoDLAV 2e7 2 24 - 1.72 108.44 2987072
aoULAV 2e7 2 24 - 2.24 114.04 2987068
aoD2AG 2e7 2 24 - 3.57 158.60 4387252
aoD2SG 2e7 2 24 - 4.14 184.70 4548032
dry 50e2 2 178 - 0.02 0.12 26204
aoDLAV 50e2 2 178 - 0.02 0.15 30852
aoULAV 50e2 2 178 - 0.04 0.15 30860
aoD2AG 50e2 2 178 - 0.03 0.16 31792
aoD2SG 50e2 2 178 - 0.03 0.18 31880
moore 50e2 2 178 - 0.61 189.19 764628
nbpm 50e2 2 178 - 2.01 57.32 2011920
greedy 50e2 2 178 - 1.69 63.73 2764784
dry 32e2 2 9 - 0.02 0.12 26112
aoDLAV 32e2 2 9 - 0.03 0.15 30540
aoULAV 32e2 2 9 - 0.02 0.16 30548
aoD2AG 32e2 2 9 - 0.02 0.16 31228
aoD2SG 32e2 2 9 - 0.03 0.15 31264
moore 32e2 2 9 - 0.19 30.37 330516
nbpm 32e2 2 9 - 0.97 20.50 854752
greedy 32e2 2 9 - 0.77 23.90 1150164
dry 75e2 2 3 - 0.03 0.13 26332
aoDLAV 75e2 2 3 - 0.03 0.17 31376
aoULAV 75e2 2 3 - 0.03 0.17 31388
aoD2AG 75e2 2 3 - 0.03 0.19 31384
aoD2SG 75e2 2 3 - 0.03 0.19 31384
moore 75e2 2 3 - 1.36 494.56 1688788
nbpm 75e2 2 3 - 4.27 160.04 4242128
greedy 75e2 2 3 - 3.82 157.25 6183092
dry 56e2 2 93 - 0.03 0.12 26236
aoDLAV 56e2 2 93 - 0.03 0.16 30976
aoULAV 56e2 2 93 - 0.03 0.15 30988
aoD2AG 56e2 2 93 - 0.03 0.17 32000
aoD2SG 56e2 2 93 - 0.03 0.17 31124
moore 56e2 2 93 - 0.50 179.71 952724
nbpm 56e2 2 93 - 2.40 73.09 2388088
greedy 56e2 2 93 - 2.17 82.60 3460496
dry 32e6 2 41 - 0.41 1.13 655176
aoDLAV 32e6 2 41 - 2.63 180.69 4768324
aoULAV 32e6 2 41 - 2.63 191.91 4768324
aoD2AG 32e6 2 41 - 6.26 268.50 7007116
aoD2SG 32e6 2 41 - 6.97 321.99 7260804
dry 56e2 2 182 - 0.03 0.11 26236
aoDLAV 56e2 2 182 - 0.02 0.16 30976
aoULAV 56e2 2 182 - 0.03 0.15 30992
aoD2AG 56e2 2 182 - 0.01 0.18 31972
aoD2SG 56e2 2 182 - 0.02 0.18 31120
moore 56e2 2 182 - 0.62 217.83 952728
nbpm 56e2 2 182 - 2.39 73.95 2388092
greedy 56e2 2 182 - 2.11 77.61 3460492
dry 6e7 2 250 - 0.69 1.89 1202044
aoDLAV 6e7 2 250 - 5.17 419.69 8924560
aoULAV 6e7 2 250 - 6.27 374.11 8924560
aoD2AG 6e7 2 250 - 11.29 540.09 13119368
aoD2SG 6e7 2 250 - 12.50 648.75 13600420
dry 56e2 2 178 - 0.02 0.12 26236
aoDLAV 56e2 2 178 - 0.03 0.15 30976
aoULAV 56e2 2 178 - 0.02 0.15 30988
aoD2AG 56e2 2 178 - 0.04 0.16 31972
aoD2SG 56e2 2 178 - 0.03 0.16 31120
moore 56e2 2 178 - 0.81 252.83 952716
nbpm 56e2 2 178 - 2.34 71.85 2388080
greedy 56e2 2 178 - 2.16 82.81 3460488
dry 1e4 10 22 - 0.03 0.12 29340
aoDLAV 1e4 10 22 - 0.03 0.67 32764
aoULAV 1e4 10 22 - 0.03 0.68 32776
aoD2AG 1e4 10 22 - 0.04 0.69 32744
aoD2SG 1e4 10 22 - 0.03 0.77 34180
moore 1e4 10 22 - 1.17 805.68 2963852
nbpm 1e4 10 22 - 7.75 713.16 7764384
greedy 1e4 10 22 - 6.45 284.32 10961108
dry 32e2 2 17 - 0.02 0.12 26112
aoDLAV 32e2 2 17 - 0.04 0.14 30540
aoULAV 32e2 2 17 - 0.02 0.15 30552
aoD2AG 32e2 2 17 - 0.03 0.16 31228
aoD2SG 32e2 2 17 - 0.03 0.15 31292
moore 32e2 2 17 - 0.37 78.62 330512
nbpm 32e2 2 17 - 0.99 25.96 854752
greedy 32e2 2 17 - 0.72 22.21 1150188
dry 32e6 2 129 - 0.35 1.09 655176
aoDLAV 32e6 2 129 - 2.71 180.38 4768328
aoULAV 32e6 2 129 - 2.56 196.55 4768328
aoD2AG 32e6 2 129 - 6.19 263.10 7008724
aoD2SG 32e6 2 129 - 6.67 322.02 7263268
dry 18e2 2 48 - 0.02 0.12 26048
aoDLAV 18e2 2 48 - 0.03 0.15 30372
aoULAV 18e2 2 48 - 0.03 0.15 30384
aoD2AG 18e2 2 48 - 0.03 0.15 30792
aoD2SG 18e2 2 48 - 0.03 0.15 30820
moore 18e2 2 48 - 0.07 15.13 125416
nbpm 18e2 2 48 - 0.19 7.48 334536
greedy 18e2 2 48 - 0.21 3.96 384352
dry 1e4 10 24 - 0.03 0.12 27692
aoDLAV 1e4 10 24 - 0.03 0.69 32768
aoULAV 1e4 10 24 - 0.02 0.68 32780
aoD2AG 1e4 10 24 - 0.02 0.77 32788
aoD2SG 1e4 10 24 - 0.04 0.79 34176
moore 1e4 10 24 - 1.25 914.71 2963852
nbpm 1e4 10 24 - 7.52 717.60 7764388
greedy 1e4 10 24 - 6.35 267.07 10961108
dry 3e7 2 111 - 0.41 1.01 616108
aoDLAV 3e7 2 111 - 2.54 194.53 4471428
aoULAV 3e7 2 111 - 2.56 176.00 4471432
aoD2AG 3e7 2 111 - 5.96 250.91 6571080
aoD2SG 3e7 2 111 - 6.43 299.33 6811200
dry 2e7 2 211 - 0.23 0.77 420796
aoDLAV 2e7 2 211 - 1.69 106.23 2987068
aoULAV 2e7 2 211 - 1.65 112.64 2987068
aoD2AG 2e7 2 211 - 3.99 159.83 4388524
aoD2SG 2e7 2 211 - 3.74 185.32 4547352
dry 18e6 2 177 - 0.20 0.69 381740
aoDLAV 18e6 2 177 - 1.55 97.67 2690192
aoULAV 18e6 2 177 - 1.46 103.98 2690196
aoD2AG 18e6 2 177 - 3.15 143.43 3952716
aoD2SG 18e6 2 177 - 3.76 170.84 4093156
dry 50e2 2 226 - 0.03 0.13 26204
aoDLAV 50e2 2 226 - 0.03 0.16 30848
aoULAV 50e2 2 226 - 0.03 0.16 30860
aoD2AG 50e2 2 226 - 0.02 0.16 31788
aoD2SG 50e2 2 226 - 0.03 0.18 31872
moore 50e2 2 226 - 0.53 178.72 764632
nbpm 50e2 2 226 - 1.91 62.18 2011924
greedy 50e2 2 226 - 1.63 60.94 2764780
dry 1e4 5 239 - 0.03 0.11 26900
aoDLAV 1e4 5 239 - 0.04 0.21 31084
aoULAV 1e4 5 239 - 0.03 0.21 31100
aoD2AG 1e4 5 239 - 0.03 0.23 32112
aoD2SG 1e4 5 239 - 0.04 0.23 32108
moore 1e4 5 239 - 1.20 1108.13 2961792
nbpm 1e4 5 239 - 7.79 616.32 7811452
greedy 1e4 5 239 - 6.00 291.61 10959176
dry 56e6 2 146 - 0.66 1.78 1123924
aoDLAV 56e6 2 146 - 4.78 329.27 8330816
aoULAV 56e6 2 146 - 6.59 361.72 8330816
aoD2AG 56e6 2 146 - 11.18 508.27 12247656
aoD2SG 56e6 2 146 - 11.80 601.55 12696124
dry 1e4 2 187 - 0.02 0.13 26432
aoDLAV 1e4 2 187 - 0.03 0.18 31868
aoULAV 1e4 2 187 - 0.03 0.19 31876
aoD2AG 1e4 2 187 - 0.03 0.20 31876
aoD2SG 1e4 2 187 - 0.03 0.19 31984
moore 1e4 2 187 - 1.14 886.66 2960580
nbpm 1e4 2 187 - 7.56 363.93 7889424
greedy 1e4 2 187 - 5.95 269.99 10968568
dry 5e7 2 105 - 0.55 1.61 1006736
aoDLAV 5e7 2 105 - 4.22 289.65 7440192
aoULAV 5e7 2 105 - 5.31 310.26 7440196
aoD2AG 5e7 2 105 - 9.62 454.71 10937664
aoD2SG 5e7 2 105 - 10.47 538.13 11334600
dry 5e7 2 56 - 0.60 1.63 1006736
aoDLAV 5e7 2 56 - 4.34 292.69 7440192
aoULAV 5e7 2 56 - 5.56 319.45 7440192
aoD2AG 5e7 2 56 - 10.26 451.63 10939008
aoD2SG 5e7 2 56 - 10.53 507.49 11338928
dry 1e4 2 160 - 0.03 0.12 26436
aoDLAV 1e4 2 160 - 0.03 0.17 31868
aoULAV 1e4 2 160 - 0.04 0.17 31876
aoD2AG 1e4 2 160 - 0.03 0.18 31876
aoD2SG 1e4 2 160 - 0.03 0.18 31988
moore 1e4 2 160 - 1.19 1338.58 2960572
nbpm 1e4 2 160 - 7.41 352.14 7889416
greedy 1e4 2 160 - 6.68 273.02 10968572
dry 1e4 5 163 - 0.02 0.12 26904
aoDLAV 1e4 5 163 - 0.02 0.22 31084
aoULAV 1e4 5 163 - 0.03 0.21 31096
aoD2AG 1e4 5 163 - 0.03 0.22 32112
aoD2SG 1e4 5 163 - 0.03 0.23 32112
moore 1e4 5 163 - 1.32 1367.61 2961736
nbpm 1e4 5 163 - 7.38 712.11 7811452
greedy 1e4 5 163 - 6.47 289.30 10959172
dry 56e6 2 52 - 0.60 1.77 1123924
aoDLAV 56e6 2 52 - 4.67 328.66 8330816
aoULAV 56e6 2 52 - 6.52 444.42 8330816
aoD2AG 56e6 2 52 - 11.15 516.90 12246400
aoD2SG 56e6 2 52 - 11.57 588.86 12693876
dry 1e4 2 204 - 0.02 0.11 26432
aoDLAV 1e4 2 204 - 0.03 0.17 31864
aoULAV 1e4 2 204 - 0.04 0.16 31876
aoD2AG 1e4 2 204 - 0.03 0.17 31876
aoD2SG 1e4 2 204 - 0.03 0.18 31988
moore 1e4 2 204 - 1.08 1025.58 2960580
nbpm 1e4 2 204 - 7.37 359.16 7889424
greedy 1e4 2 204 - 6.59 277.35 10968568
dry 56e6 2 203 - 0.66 1.81 1123924
aoDLAV 56e6 2 203 - 4.78 332.66 8330816
aoULAV 56e6 2 203 - 6.12 348.67 8330820
aoD2AG 56e6 2 203 - 10.71 532.82 12246184
aoD2SG 56e6 2 203 - 12.04 688.72 12693924
dry 50e2 2 104 - 0.02 0.13 26204
aoDLAV 50e2 2 104 - 0.02 0.16 30852
aoULAV 50e2 2 104 - 0.03 0.16 30860
aoD2AG 50e2 2 104 - 0.03 0.16 31764
aoD2SG 50e2 2 104 - 0.03 0.18 31844
moore 50e2 2 104 - 0.61 188.27 764628
nbpm 50e2 2 104 - 2.05 59.98 2011924
greedy 50e2 2 104 - 1.75 64.66 2764784
dry 1e4 10 44 - 0.03 0.12 27692
aoDLAV 1e4 10 44 - 0.04 0.73 32764
aoULAV 1e4 10 44 - 0.03 0.68 32776
aoD2AG 1e4 10 44 - 0.02 0.72 32748
aoD2SG 1e4 10 44 - 0.03 0.78 34176
moore 1e4 10 44 - 1.20 1130.77 2963856
nbpm 1e4 10 44 - 8.13 751.81 7764496
greedy 1e4 10 44 - 6.65 273.89 10961108
dry 1e4 5 77 - 0.02 0.12 28724
aoDLAV 1e4 5 77 - 0.03 0.22 31088
aoULAV 1e4 5 77 - 0.03 0.22 31100
aoD2AG 1e4 5 77 - 0.04 0.22 32112
aoD2SG 1e4 5 77 - 0.04 0.22 32108
moore 1e4 5 77 - 1.20 1184.27 2961736
nbpm 1e4 5 77 - 7.56 595.25 7811452
greedy 1e4 5 77 - 6.86 305.94 10959184
dry 50e2 2 119 - 0.02 0.12 26204
aoDLAV 50e2 2 119 - 0.03 0.16 30848
aoULAV 50e2 2 119 - 0.03 0.15 30860
aoD2AG 50e2 2 119 - 0.04 0.15 31776
aoD2SG 50e2 2 119 - 0.03 0.18 31876
moore 50e2 2 119 - 0.53 161.49 764628
nbpm 50e2 2 119 - 1.95 57.06 2011924
greedy 50e2 2 119 - 1.70 64.28 2764784
dry 7e7 2 99 - 0.77 2.20 1397356
aoDLAV 7e7 2 99 - 5.98 420.91 10408936
aoULAV 7e7 2 99 - 7.16 449.64 10408936
aoD2AG 7e7 2 99 - 13.29 635.13 15303364
aoD2SG 7e7 2 99 - 14.58 949.51 15864364
dry 7e7 2 217 - 1.07 2.26 1397356
aoDLAV 7e7 2 217 - 5.91 532.18 10408940
aoULAV 7e7 2 217 - 7.77 460.73 10408936
aoD2AG 7e7 2 217 - 13.59 654.80 15306488
aoD2SG 7e7 2 217 - 14.89 964.34 15863004
dry 25e2 2 39 - 0.01 0.13 28116
aoDLAV 25e2 2 39 - 0.03 0.14 30456
aoULAV 25e2 2 39 - 0.02 0.15 30464
aoD2AG 25e2 2 39 - 0.02 0.15 30976
aoD2SG 25e2 2 39 - 0.03 0.15 31012
moore 25e2 2 39 - 0.09 23.56 213604
nbpm 25e2 2 39 - 0.54 12.62 541644
greedy 25e2 2 39 - 0.40 9.27 713664
dry 18e2 2 136 - 0.03 0.11 26048
aoDLAV 18e2 2 136 - 0.02 0.15 30372
aoULAV 18e2 2 136 - 0.02 0.15 30384
aoD2AG 18e2 2 136 - 0.03 0.14 30784
aoD2SG 18e2 2 136 - 0.02 0.15 30824
moore 18e2 2 136 - 0.06 13.99 125420
nbpm 18e2 2 136 - 0.17 7.58 334536
greedy 18e2 2 136 - 0.21 3.83 384352
dry 56e6 2 108 - 0.64 1.81 1123924
aoDLAV 56e6 2 108 - 4.91 393.49 8330816
aoULAV 56e6 2 108 - 6.18 348.67 8330816
aoD2AG 56e6 2 108 - 10.95 512.36 12246908
aoD2SG 56e6 2 108 - 11.46 584.55 12692664
dry 75e2 2 235 - 0.02 0.12 26332
aoDLAV 75e2 2 235 - 0.03 0.15 31376
aoULAV 75e2 2 235 - 0.01 0.17 31388
aoD2AG 75e2 2 235 - 0.02 0.18 31380
aoD2SG 75e2 2 235 - 0.03 0.17 31380
moore 75e2 2 235 - 0.68 375.64 1683876
nbpm 75e2 2 235 - 4.26 161.71 4242124
greedy 75e2 2 235 - 3.75 158.87 6183088
dry 5e7 2 86 - 0.58 1.60 1006740
aoDLAV 5e7 2 86 - 4.24 302.05 7440192
aoULAV 5e7 2 86 - 5.67 319.26 7440196
aoD2AG 5e7 2 86 - 9.79 454.56 10935900
aoD2SG 5e7 2 86 - 10.39 526.58 11335420
dry 32e6 2 205 - 0.37 1.08 655176
aoDLAV 32e6 2 205 - 2.66 180.47 4768324
aoULAV 32e6 2 205 - 2.90 196.61 4768328
aoD2AG 32e6 2 205 - 6.71 276.85 7007760
aoD2SG 32e6 2 205 - 6.83 321.39 7263784
dry 1e4 5 40 - 0.02 0.12 26900
aoDLAV 1e4 5 40 - 0.03 0.21 31084
aoULAV 1e4 5 40 - 0.03 0.21 31100
aoD2AG 1e4 5 40 - 0.03 0.22 32108
aoD2SG 1e4 5 40 - 0.02 0.24 32108
moore 1e4 5 40 - 1.20 921.93 2961736
nbpm 1e4 5 40 - 7.28 626.72 7811452
greedy 1e4 5 40 - 6.90 339.40 10959172
dry 18e2 2 156 - 0.03 0.13 26052
aoDLAV 18e2 2 156 - 0.03 0.15 30372
aoULAV 18e2 2 156 - 0.03 0.16 30388
aoD2AG 18e2 2 156 - 0.03 0.16 30780
aoD2SG 18e2 2 156 - 0.04 0.15 30816
moore 18e2 2 156 - 0.07 13.26 125416
nbpm 18e2 2 156 - 0.21 8.41 334532
greedy 18e2 2 156 - 0.22 5.13 384348
dry 25e2 2 118 - 0.03 0.12 26080
aoDLAV 25e2 2 118 - 0.03 0.16 30452
aoULAV 25e2 2 118 - 0.02 0.16 30468
aoD2AG 25e2 2 118 - 0.04 0.14 31000
aoD2SG 25e2 2 118 - 0.02 0.16 31032
moore 25e2 2 118 - 0.08 13.76 213632
nbpm 25e2 2 118 - 0.53 12.44 541724
greedy 25e2 2 118 - 0.49 11.31 713664
dry 7e7 2 52 - 0.79 2.24 1397356
aoDLAV 7e7 2 52 - 5.99 488.39 10408936
aoULAV 7e7 2 52 - 7.79 439.18 10408940
aoD2AG 7e7 2 52 - 13.67 626.32 15304032
aoD2SG 7e7 2 52 - 14.57 751.63 15861952
dry 50e2 2 160 - 0.03 0.11 26204
aoDLAV 50e2 2 160 - 0.02 0.16 30848
aoULAV 50e2 2 160 - 0.04 0.15 30860
aoD2AG 50e2 2 160 - 0.03 0.16 31764
aoD2SG 50e2 2 160 - 0.04 0.17 31852
moore 50e2 2 160 - 0.66 185.98 764632
nbpm 50e2 2 160 - 1.96 55.52 2011924
greedy 50e2 2 160 - 1.89 65.62 2764784
dry 18e2 2 41 - 0.02 0.13 26052
aoDLAV 18e2 2 41 - 0.03 0.15 30372
aoULAV 18e2 2 41 - 0.03 0.16 30388
aoD2AG 18e2 2 41 - 0.02 0.16 30788
aoD2SG 18e2 2 41 - 0.03 0.16 30820
moore 18e2 2 41 - 0.07 9.14 125436
nbpm 18e2 2 41 - 0.19 7.90 334528
greedy 18e2 2 41 - 0.23 3.86 384356
dry 50e2 2 172 - 0.03 0.11 26204
aoDLAV 50e2 2 172 - 0.03 0.15 30848
aoULAV 50e2 2 172 - 0.03 0.15 30860
aoD2AG 50e2 2 172 - 0.03 0.15 31780
aoD2SG 50e2 2 172 - 0.03 0.17 31872
moore 50e2 2 172 - 0.31 129.68 762980
nbpm 50e2 2 172 - 2.10 54.41 2011924
greedy 50e2 2 172 - 1.82 71.26 2764780
dry 5e7 2 62 - 0.60 1.64 1006736
aoDLAV 5e7 2 62 - 4.15 294.66 7440192
aoULAV 5e7 2 62 - 5.53 307.60 7440196
aoD2AG 5e7 2 62 - 10.00 436.03 10938344
aoD2SG 5e7 2 62 - 10.51 603.21 11337960
