dry 32e5 2 192 - 0.05 0.22 92676
aoDLAV 32e5 2 192 - 0.23 10.75 493324
aoULAV 32e5 2 192 - 0.24 12.21 493340
aoD2AG 32e5 2 192 - 0.41 17.93 717812
aoD2SG 32e5 2 192 - 0.43 20.84 742456
dry 32e5 2 73 - 0.06 0.25 92676
aoDLAV 32e5 2 73 - 0.28 12.17 493324
aoULAV 32e5 2 73 - 0.27 12.69 493336
aoD2AG 32e5 2 73 - 0.41 18.74 717888
aoD2SG 32e5 2 73 - 0.41 20.80 742956
dry 18e5 2 129 - 0.04 0.21 65328
aoDLAV 18e5 2 129 - 0.17 6.81 285508
aoULAV 18e5 2 129 - 0.16 7.29 285520
aoD2AG 18e5 2 129 - 0.24 10.19 412656
aoD2SG 18e5 2 129 - 0.22 11.30 426792
dry 32e5 2 46 - 0.05 0.25 92676
aoDLAV 32e5 2 46 - 0.28 11.62 493324
aoULAV 32e5 2 46 - 0.27 12.62 493336
aoD2AG 32e5 2 46 - 0.41 18.21 718608
aoD2SG 32e5 2 46 - 0.42 20.65 742748
dry 1e7 10 49 - 0.42 1.35 850508
aoDLAV 1e7 10 49 - 1.59 4769.81 3533956
aoULAV 1e7 10 49 - 2.45 4775.48 3534060
aoD2AG 1e7 10 49 - 3.59 4838.39 4337172
aoD2SG 1e7 10 49 - 3.62 5823.15 4425596
dry 18e5 2 183 - 0.04 0.21 65324
aoDLAV 18e5 2 183 - 0.17 6.34 285508
aoULAV 18e5 2 183 - 0.15 6.56 285520
aoD2AG 18e5 2 183 - 0.27 9.48 412552
aoD2SG 18e5 2 183 - 0.25 10.97 427232
dry 56e5 2 109 - 0.07 0.32 139544
aoDLAV 56e5 2 109 - 0.42 22.24 849556
aoULAV 56e5 2 109 - 0.44 23.64 849560
aoD2AG 56e5 2 109 - 0.78 33.59 1242320
aoD2SG 56e5 2 109 - 0.86 38.61 1286256
dry 1e7 10 57 - 0.40 1.36 850508
aoDLAV 1e7 10 57 - 1.49 6503.01 3533956
aoULAV 1e7 10 57 - 2.41 4774.35 3533960
aoD2AG 1e7 10 57 - 3.60 4756.41 4336688
aoD2SG 1e7 10 57 - 3.74 5830.90 4427456
dry 32e5 2 84 - 0.06 0.25 92676
aoDLAV 32e5 2 84 - 0.25 11.82 493328
aoULAV 32e5 2 84 - 0.27 12.52 493340
aoD2AG 32e5 2 84 - 0.38 18.05 717428
aoD2SG 32e5 2 84 - 0.43 20.65 744616
dry 56e5 2 202 - 0.08 0.31 139544
aoDLAV 56e5 2 202 - 0.43 22.60 849556
aoULAV 56e5 2 202 - 0.45 23.97 849556
aoD2AG 56e5 2 202 - 0.70 34.13 1243300
aoD2SG 56e5 2 202 - 0.75 39.28 1287188
dry 56e5 2 64 - 0.08 0.32 139544
aoDLAV 56e5 2 64 - 0.43 22.61 849556
aoULAV 56e5 2 64 - 0.44 24.22 849556
aoD2AG 56e5 2 64 - 0.67 34.37 1243332
aoD2SG 56e5 2 64 - 0.85 39.43 1286424
dry 1e7 10 54 - 0.42 1.37 850508
aoDLAV 1e7 10 54 - 1.52 4798.29 3533956
aoULAV 1e7 10 54 - 2.38 4777.33 3533956
aoD2AG 1e7 10 54 - 3.48 4825.79 4337356
aoD2SG 1e7 10 54 - 3.66 5785.06 4427784
dry 1e7 10 132 - 0.44 1.36 850508
aoDLAV 1e7 10 132 - 1.54 7203.66 3533956
aoULAV 1e7 10 132 - 2.39 4825.20 3533956
aoD2AG 1e7 10 132 - 4.13 5706.68 4337420
aoD2SG 1e7 10 132 - 3.77 5850.08 4426060
dry 56e5 2 32 - 0.08 0.31 139596
aoDLAV 56e5 2 32 - 0.42 22.60 849556
aoULAV 56e5 2 32 - 0.45 24.10 849556
aoD2AG 56e5 2 32 - 0.77 34.27 1241484
aoD2SG 56e5 2 32 - 0.74 39.56 1286600
dry 32e5 2 50 - 0.06 0.25 92676
aoDLAV 32e5 2 50 - 0.25 11.93 493324
aoULAV 32e5 2 50 - 0.24 12.72 493340
aoD2AG 32e5 2 50 - 0.41 18.22 719276
aoD2SG 32e5 2 50 - 0.41 20.88 744296
dry 56e5 2 80 - 0.08 0.32 139544
aoDLAV 56e5 2 80 - 0.46 22.83 849560
aoULAV 56e5 2 80 - 0.45 24.26 849560
aoD2AG 56e5 2 80 - 0.82 34.41 1242796
aoD2SG 56e5 2 80 - 0.77 40.69 1287684
dry 32e5 2 153 - 0.07 0.25 92676
aoDLAV 32e5 2 153 - 0.26 12.05 493328
aoULAV 32e5 2 153 - 0.28 12.84 493340
aoD2AG 32e5 2 153 - 0.42 18.53 717448
aoD2SG 32e5 2 153 - 0.41 21.22 743992
dry 18e5 2 92 - 0.05 0.20 65328
aoDLAV 18e5 2 92 - 0.15 6.47 285512
aoULAV 18e5 2 92 - 0.18 6.87 285544
aoD2AG 18e5 2 92 - 0.22 9.98 413112
aoD2SG 18e5 2 92 - 0.26 11.34 426396
dry 32e5 2 141 - 0.06 0.25 92680
aoDLAV 32e5 2 141 - 0.24 12.08 493328
aoULAV 32e5 2 141 - 0.26 12.90 493336
aoD2AG 32e5 2 141 - 0.40 18.54 717196
aoD2SG 32e5 2 141 - 0.40 21.20 743876
dry 1e7 5 54 - 0.22 0.80 459868
aoDLAV 1e7 5 54 - 1.10 217.47 2323072
aoULAV 1e7 5 54 - 1.55 221.18 2323016
aoD2AG 1e7 5 54 - 2.51 243.70 3064440
aoD2SG 1e7 5 54 - 2.62 289.37 3151448
dry 18e5 2 162 - 0.04 0.21 65324
aoDLAV 18e5 2 162 - 0.17 6.34 285508
aoULAV 18e5 2 162 - 0.15 6.87 285524
aoD2AG 18e5 2 162 - 0.24 9.85 412072
aoD2SG 18e5 2 162 - 0.24 11.32 425524
dry 56e5 2 145 - 0.08 0.32 139544
aoDLAV 56e5 2 145 - 0.44 23.06 849560
aoULAV 56e5 2 145 - 0.44 24.34 849560
aoD2AG 56e5 2 145 - 0.74 34.97 1242464
aoD2SG 56e5 2 145 - 0.73 40.32 1286344
dry 32e5 2 155 - 0.06 0.24 92676
aoDLAV 32e5 2 155 - 0.27 11.94 493344
aoULAV 32e5 2 155 - 0.25 12.75 493336
aoD2AG 32e5 2 155 - 0.41 18.31 717812
aoD2SG 32e5 2 155 - 0.40 21.00 744268
dry 18e5 2 51 - 0.04 0.21 65324
aoDLAV 18e5 2 51 - 0.17 6.36 285508
aoULAV 18e5 2 51 - 0.16 6.81 285520
aoD2AG 18e5 2 51 - 0.30 9.83 413152
aoD2SG 18e5 2 51 - 0.25 11.19 427324
dry 1e7 2 138 - 0.11 0.45 225484
aoDLAV 1e7 2 138 - 0.75 44.41 1502684
aoULAV 1e7 2 138 - 0.74 47.79 1502688
aoD2AG 1e7 2 138 - 1.49 66.72 2202944
aoD2SG 1e7 2 138 - 1.53 77.08 2283760
dry 1e7 2 243 - 0.12 0.44 225484
aoDLAV 1e7 2 243 - 0.76 44.27 1502744
aoULAV 1e7 2 243 - 0.97 47.65 1502688
aoD2AG 1e7 2 243 - 1.53 66.68 2203024
aoD2SG 1e7 2 243 - 1.64 77.28 2284772
dry 18e5 2 235 - 0.03 0.22 65324
aoDLAV 18e5 2 235 - 0.17 6.39 285508
aoULAV 18e5 2 235 - 0.14 6.82 285524
aoD2AG 18e5 2 235 - 0.27 9.84 412164
aoD2SG 18e5 2 235 - 0.25 11.28 426648
dry 1e7 10 198 - 0.42 1.40 850508
aoDLAV 1e7 10 198 - 1.52 4870.26 3533956
aoULAV 1e7 10 198 - 2.48 4874.34 3533960
aoD2AG 1e7 10 198 - 3.62 5135.86 4336236
aoD2SG 1e7 10 198 - 3.68 7716.75 4427568
dry 1e7 2 67 - 0.12 0.45 225484
aoDLAV 1e7 2 67 - 0.78 43.84 1502684
aoULAV 1e7 2 67 - 0.73 47.07 1502684
aoD2AG 1e7 2 67 - 1.55 66.08 2203736
aoD2SG 1e7 2 67 - 1.73 76.24 2285100
dry 32e5 2 3 - 0.05 0.26 92676
aoDLAV 32e5 2 3 - 0.25 11.84 493324
aoULAV 32e5 2 3 - 0.28 12.58 493336
aoD2AG 32e5 2 3 - 0.40 18.19 717360
aoD2SG 32e5 2 3 - 0.41 20.94 744308
dry 1e7 2 32 - 0.12 0.44 225484
aoDLAV 1e7 2 32 - 0.74 44.17 1502684
aoULAV 1e7 2 32 - 0.76 46.98 1502684
aoD2AG 1e7 2 32 - 1.57 65.99 2202168
aoD2SG 1e7 2 32 - 1.70 76.81 2283376
dry 18e5 2 158 - 0.04 0.21 65324
aoDLAV 18e5 2 158 - 0.16 6.36 285508
aoULAV 18e5 2 158 - 0.13 6.66 285524
aoD2AG 18e5 2 158 - 0.26 10.00 412452
aoD2SG 18e5 2 158 - 0.25 11.29 427752
dry 18e5 2 65 - 0.04 0.21 65328
aoDLAV 18e5 2 65 - 0.16 6.41 285512
aoULAV 18e5 2 65 - 0.15 6.88 285524
aoD2AG 18e5 2 65 - 0.23 10.02 412288
aoD2SG 18e5 2 65 - 0.26 11.33 426896
dry 18e5 2 12 - 0.04 0.21 65324
aoDLAV 18e5 2 12 - 0.17 6.54 285512
aoULAV 18e5 2 12 - 0.16 6.92 285524
aoD2AG 18e5 2 12 - 0.25 10.06 413004
aoD2SG 18e5 2 12 - 0.26 11.47 426232
dry 56e5 2 16 - 0.08 0.32 139544
aoDLAV 56e5 2 16 - 0.47 23.31 849556
aoULAV 56e5 2 16 - 0.46 24.89 849556
aoD2AG 56e5 2 16 - 0.77 35.23 1241288
aoD2SG 56e5 2 16 - 0.75 40.34 1286184
dry 56e5 2 214 - 0.08 0.32 139544
aoDLAV 56e5 2 214 - 0.49 23.04 849648
aoULAV 56e5 2 214 - 0.49 24.62 849556
aoD2AG 56e5 2 214 - 0.85 34.81 1241940
aoD2SG 56e5 2 214 - 0.77 40.64 1285992
dry 32e5 2 113 - 0.06 0.27 92676
aoDLAV 32e5 2 113 - 0.29 12.33 493420
aoULAV 32e5 2 113 - 0.27 13.00 493336
aoD2AG 32e5 2 113 - 0.42 18.45 718072
aoD2SG 32e5 2 113 - 0.43 21.10 742772
dry 32e5 2 238 - 0.06 0.25 92676
aoDLAV 32e5 2 238 - 0.27 12.05 493324
aoULAV 32e5 2 238 - 0.26 12.82 493340
aoD2AG 32e5 2 238 - 0.42 18.40 717772
aoD2SG 32e5 2 238 - 0.44 21.07 744788
dry 32e5 2 20 - 0.05 0.25 92680
aoDLAV 32e5 2 20 - 0.24 12.04 493324
aoULAV 32e5 2 20 - 0.28 12.83 493336
aoD2AG 32e5 2 20 - 0.43 18.41 719020
aoD2SG 32e5 2 20 - 0.41 21.08 742776
dry 1e7 10 206 - 0.43 1.37 850508
aoDLAV 1e7 10 206 - 2.00 5201.19 3533956
aoULAV 1e7 10 206 - 2.29 4773.38 3533956
aoD2AG 1e7 10 206 - 3.53 4832.42 4337440
aoD2SG 1e7 10 206 - 3.62 5757.77 4425640
