dry 1e4 2 98 - 0.03 0.10 28308
aoDLAV 1e4 2 98 - 0.02 0.16 31892
aoULAV 1e4 2 98 - 0.03 0.15 31880
aoD2AG 1e4 2 98 - 0.03 0.15 31880
aoD2SG 1e4 2 98 - 0.03 0.16 31992
moore 1e4 2 98 - 1.08 834.80 2960580
nbpm 1e4 2 98 - 7.41 370.30 7889424
greedy 1e4 2 98 - 6.08 268.57 10968572
dry 25e2 2 144 - 0.02 0.13 26080
aoDLAV 25e2 2 144 - 0.03 0.14 30452
aoULAV 25e2 2 144 - 0.03 0.15 30468
aoD2AG 25e2 2 144 - 0.03 0.15 30980
aoD2SG 25e2 2 144 - 0.03 0.15 31036
moore 25e2 2 144 - 0.11 28.79 213600
nbpm 25e2 2 144 - 0.60 13.31 541632
greedy 25e2 2 144 - 0.49 10.12 713664
dry 25e2 2 177 - 0.02 0.12 26084
aoDLAV 25e2 2 177 - 0.03 0.15 30456
aoULAV 25e2 2 177 - 0.04 0.15 30464
aoD2AG 25e2 2 177 - 0.03 0.16 30992
aoD2SG 25e2 2 177 - 0.02 0.16 31040
moore 25e2 2 177 - 0.11 30.74 213612
nbpm 25e2 2 177 - 0.56 13.01 541648
greedy 25e2 2 177 - 0.47 10.18 713664
dry 75e2 2 4 - 0.03 0.12 26332
aoDLAV 75e2 2 4 - 0.04 0.14 31376
aoULAV 75e2 2 4 - 0.03 0.16 31388
aoD2AG 75e2 2 4 - 0.02 0.18 31380
aoD2SG 75e2 2 4 - 0.03 0.17 31380
moore 75e2 2 4 - 1.00 420.64 1688784
nbpm 75e2 2 4 - 4.26 160.72 4242148
greedy 75e2 2 4 - 3.78 149.00 6183096
dry 4e7 2 87 - 0.46 1.33 811484
aoDLAV 4e7 2 87 - 3.31 227.92 5955816
aoULAV 4e7 2 87 - 4.24 241.35 5955820
aoD2AG 4e7 2 87 - 7.15 345.25 8753520
aoD2SG 4e7 2 87 - 8.53 411.00 9070784
dry 1e4 10 185 - 0.02 0.12 29088
aoDLAV 1e4 10 185 - 0.03 0.67 32764
aoULAV 1e4 10 185 - 0.03 0.66 32776
aoD2AG 1e4 10 185 - 0.03 0.70 32748
aoD2SG 1e4 10 185 - 0.03 0.77 34176
moore 1e4 10 185 - 1.22 822.12 2963856
nbpm 1e4 10 185 - 7.59 782.74 7764384
greedy 1e4 10 185 - 7.23 358.38 10961108
dry 1e4 2 158 - 0.01 0.13 26432
aoDLAV 1e4 2 158 - 0.03 0.17 31864
aoULAV 1e4 2 158 - 0.03 0.17 31876
aoD2AG 1e4 2 158 - 0.02 0.18 31876
aoD2SG 1e4 2 158 - 0.03 0.18 31988
moore 1e4 2 158 - 1.20 855.21 2960572
nbpm 1e4 2 158 - 7.81 374.12 7889416
greedy 1e4 2 158 - 6.23 282.05 10968568
dry 2e7 2 250 - 0.25 0.75 420800
aoDLAV 2e7 2 250 - 1.69 112.08 2987072
aoULAV 2e7 2 250 - 1.69 120.64 2987068
aoD2AG 2e7 2 250 - 4.10 167.38 4387216
aoD2SG 2e7 2 250 - 3.64 191.36 4544008
dry 56e6 2 26 - 0.65 1.80 1123924
aoDLAV 56e6 2 26 - 4.60 329.57 8330820
aoULAV 56e6 2 26 - 5.97 353.77 8330816
aoD2AG 56e6 2 26 - 11.26 517.40 12248792
aoD2SG 56e6 2 26 - 11.59 594.23 12694052
dry 2e7 2 141 - 0.26 0.74 420796
aoDLAV 2e7 2 141 - 1.79 109.69 2987068
aoULAV 2e7 2 141 - 1.72 115.32 2987068
aoD2AG 2e7 2 141 - 3.85 159.46 4385428
aoD2SG 2e7 2 141 - 3.90 189.43 4547708
dry 6e7 2 172 - 0.67 1.88 1202044
aoDLAV 6e7 2 172 - 5.14 351.23 8924560
aoULAV 6e7 2 172 - 6.48 380.31 8924564
aoD2AG 6e7 2 172 - 12.44 541.15 13121992
aoD2SG 6e7 2 172 - 12.86 642.31 13600796
dry 1e4 5 136 - 0.03 0.12 26900
aoDLAV 1e4 5 136 - 0.03 0.23 31088
aoULAV 1e4 5 136 - 0.02 0.23 31096
aoD2AG 1e4 5 136 - 0.02 0.23 32112
aoD2SG 1e4 5 136 - 0.03 0.23 32108
moore 1e4 5 136 - 1.20 949.53 2961732
nbpm 1e4 5 136 - 8.07 669.28 7811460
greedy 1e4 5 136 - 7.04 302.47 10959176
dry 32e6 2 31 - 0.39 1.10 655176
aoDLAV 32e6 2 31 - 2.86 184.95 4768324
aoULAV 32e6 2 31 - 3.63 196.96 4768324
aoD2AG 32e6 2 31 - 5.92 269.73 7007028
aoD2SG 32e6 2 31 - 6.61 319.33 7262088
dry 1e4 5 83 - 0.02 0.12 26900
aoDLAV 1e4 5 83 - 0.03 0.22 31084
aoULAV 1e4 5 83 - 0.03 0.21 31096
aoD2AG 1e4 5 83 - 0.03 0.22 32108
aoD2SG 1e4 5 83 - 0.03 0.23 32108
moore 1e4 5 83 - 1.19 1030.60 2961732
nbpm 1e4 5 83 - 7.53 712.31 7811452
greedy 1e4 5 83 - 6.54 294.22 10959176
dry 5e7 2 149 - 0.60 1.60 1006736
aoDLAV 5e7 2 149 - 4.32 297.12 7440192
aoULAV 5e7 2 149 - 5.82 310.55 7440192
aoD2AG 5e7 2 149 - 10.28 437.09 10939536
aoD2SG 5e7 2 149 - 10.32 521.92 11338440
dry 32e6 2 194 - 0.38 1.09 655176
aoDLAV 32e6 2 194 - 2.63 175.93 4768324
aoULAV 32e6 2 194 - 2.67 192.18 4768324
aoD2AG 32e6 2 194 - 6.56 265.56 7006772
aoD2SG 32e6 2 194 - 6.89 316.18 7262520
dry 56e6 2 3 - 0.66 1.80 1123924
aoDLAV 56e6 2 3 - 5.04 340.49 8330816
aoULAV 56e6 2 3 - 6.31 369.83 8330816
aoD2AG 56e6 2 3 - 11.59 507.10 12247472
aoD2SG 56e6 2 3 - 11.85 576.88 12695384
dry 4e7 2 120 - 0.47 1.36 811424
aoDLAV 4e7 2 120 - 3.28 229.37 5955820
aoULAV 4e7 2 120 - 4.53 239.41 5955820
aoD2AG 4e7 2 120 - 8.01 338.80 8752788
aoD2SG 4e7 2 120 - 8.58 489.19 9076432
dry 75e2 2 152 - 0.03 0.12 26332
aoDLAV 75e2 2 152 - 0.03 0.16 31380
aoULAV 75e2 2 152 - 0.03 0.16 31388
aoD2AG 75e2 2 152 - 0.04 0.17 31380
aoD2SG 75e2 2 152 - 0.04 0.18 31384
moore 75e2 2 152 - 1.56 554.16 1688788
nbpm 75e2 2 152 - 4.05 170.09 4242124
greedy 75e2 2 152 - 3.77 156.30 6183092
dry 1e4 2 101 - 0.02 0.13 26432
aoDLAV 1e4 2 101 - 0.04 0.17 31864
aoULAV 1e4 2 101 - 0.04 0.17 31876
aoD2AG 1e4 2 101 - 0.03 0.18 31876
aoD2SG 1e4 2 101 - 0.03 0.19 31996
moore 1e4 2 101 - 1.14 1275.14 2960608
nbpm 1e4 2 101 - 7.70 355.69 7889424
greedy 1e4 2 101 - 6.43 270.75 10968568
dry 1e4 2 116 - 0.02 0.13 26432
aoDLAV 1e4 2 116 - 0.03 0.18 31864
aoULAV 1e4 2 116 - 0.03 0.17 31876
aoD2AG 1e4 2 116 - 0.03 0.19 31876
aoD2SG 1e4 2 116 - 0.02 0.19 31992
moore 1e4 2 116 - 1.41 1018.63 2960576
nbpm 1e4 2 116 - 7.51 342.42 7889464
greedy 1e4 2 116 - 6.55 274.57 10968572
dry 32e2 2 106 - 0.02 0.13 26112
aoDLAV 32e2 2 106 - 0.03 0.16 30540
aoULAV 32e2 2 106 - 0.03 0.16 30552
aoD2AG 32e2 2 106 - 0.03 0.16 31212
aoD2SG 32e2 2 106 - 0.03 0.16 31256
moore 32e2 2 106 - 0.46 104.49 330516
nbpm 32e2 2 106 - 0.86 18.74 854752
greedy 32e2 2 106 - 0.71 20.89 1150168
dry 18e6 2 131 - 0.20 0.69 381736
aoDLAV 18e6 2 131 - 1.54 95.95 2690192
aoULAV 18e6 2 131 - 1.53 102.86 2690192
aoD2AG 18e6 2 131 - 3.58 139.85 3949160
aoD2SG 18e6 2 131 - 3.37 160.23 4094148
dry 50e2 2 133 - 0.04 0.11 26204
aoDLAV 50e2 2 133 - 0.04 0.15 30848
aoULAV 50e2 2 133 - 0.03 0.15 30864
aoD2AG 50e2 2 133 - 0.03 0.15 31784
aoD2SG 50e2 2 133 - 0.03 0.18 31876
moore 50e2 2 133 - 0.33 126.77 762984
nbpm 50e2 2 133 - 2.04 56.21 2011924
greedy 50e2 2 133 - 1.59 61.87 2764780
dry 2e7 2 128 - 0.24 0.75 420796
aoDLAV 2e7 2 128 - 1.69 113.78 2987068
aoULAV 2e7 2 128 - 2.21 114.52 2987084
aoD2AG 2e7 2 128 - 3.59 163.45 4388556
aoD2SG 2e7 2 128 - 4.24 186.66 4545344
dry 7e7 2 184 - 0.79 2.22 1397360
aoDLAV 7e7 2 184 - 6.09 428.33 10408940
aoULAV 7e7 2 184 - 7.56 451.15 10408936
aoD2AG 7e7 2 184 - 14.01 765.25 15305704
aoD2SG 7e7 2 184 - 14.66 930.80 15864532
dry 7e7 2 144 - 0.81 2.17 1397356
aoDLAV 7e7 2 144 - 5.83 424.84 10408936
aoULAV 7e7 2 144 - 7.98 490.30 10408936
aoD2AG 7e7 2 144 - 14.20 720.35 15303460
aoD2SG 7e7 2 144 - 14.79 751.76 15858620
dry 50e2 2 168 - 0.02 0.14 26204
aoDLAV 50e2 2 168 - 0.04 0.15 30848
aoULAV 50e2 2 168 - 0.03 0.15 30860
aoD2AG 50e2 2 168 - 0.03 0.15 31792
aoD2SG 50e2 2 168 - 0.05 0.17 31888
moore 50e2 2 168 - 0.45 150.97 764628
nbpm 50e2 2 168 - 2.21 69.93 2011924
greedy 50e2 2 168 - 1.76 63.47 2764780
dry 3e7 2 160 - 0.37 1.05 616104
aoDLAV 3e7 2 160 - 2.61 164.32 4471432
aoULAV 3e7 2 160 - 3.16 176.81 4471428
aoD2AG 3e7 2 160 - 5.96 249.74 6571520
aoD2SG 3e7 2 160 - 5.49 294.20 6809492
dry 6e7 2 96 - 0.66 1.91 1202044
aoDLAV 6e7 2 96 - 5.07 364.53 8924560
aoULAV 6e7 2 96 - 6.86 478.34 8924560
aoD2AG 6e7 2 96 - 11.67 545.86 13117792
aoD2SG 6e7 2 96 - 12.23 634.96 13595864
dry 32e2 2 216 - 0.02 0.12 26112
aoDLAV 32e2 2 216 - 0.02 0.15 30540
aoULAV 32e2 2 216 - 0.03 0.14 30548
aoD2AG 32e2 2 216 - 0.03 0.14 31212
aoD2SG 32e2 2 216 - 0.02 0.16 31264
moore 32e2 2 216 - 0.32 67.41 330512
nbpm 32e2 2 216 - 0.90 24.28 854752
greedy 32e2 2 216 - 0.79 22.13 1150164
dry 56e2 2 97 - 0.03 0.12 26236
aoDLAV 56e2 2 97 - 0.03 0.15 30976
aoULAV 56e2 2 97 - 0.03 0.15 30988
aoD2AG 56e2 2 97 - 0.03 0.18 31984
aoD2SG 56e2 2 97 - 0.03 0.18 31124
moore 56e2 2 97 - 0.39 143.08 949980
nbpm 56e2 2 97 - 2.40 85.33 2388080
greedy 56e2 2 97 - 2.04 77.55 3460492
dry 1e4 2 60 - 0.01 0.13 26432
aoDLAV 1e4 2 60 - 0.03 0.17 31864
aoULAV 1e4 2 60 - 0.03 0.17 31876
aoD2AG 1e4 2 60 - 0.03 0.18 31876
aoD2SG 1e4 2 60 - 0.02 0.18 31988
moore 1e4 2 60 - 1.27 1116.09 2960580
nbpm 1e4 2 60 - 7.48 345.23 7889424
greedy 1e4 2 60 - 6.02 282.63 10968568
dry 6e7 2 6 - 0.66 1.90 1202048
aoDLAV 6e7 2 6 - 4.91 361.58 8924564
aoULAV 6e7 2 6 - 6.56 382.70 8924560
aoD2AG 6e7 2 6 - 11.61 551.96 13124152
aoD2SG 6e7 2 6 - 12.64 652.23 13600108
dry 32e2 2 145 - 0.02 0.12 26112
aoDLAV 32e2 2 145 - 0.03 0.15 30540
aoULAV 32e2 2 145 - 0.02 0.15 30556
aoD2AG 32e2 2 145 - 0.02 0.16 31208
aoD2SG 32e2 2 145 - 0.03 0.15 31248
moore 32e2 2 145 - 0.47 97.94 330512
nbpm 32e2 2 145 - 1.06 20.73 854752
greedy 32e2 2 145 - 0.73 25.28 1150164
dry 6e7 2 15 - 0.73 1.94 1202044
aoDLAV 6e7 2 15 - 5.14 357.41 8924564
aoULAV 6e7 2 15 - 6.64 379.60 8924560
aoD2AG 6e7 2 15 - 11.97 542.20 13120964
aoD2SG 6e7 2 15 - 12.88 792.14 13602316
dry 56e2 2 74 - 0.02 0.12 26240
aoDLAV 56e2 2 74 - 0.03 0.16 30976
aoULAV 56e2 2 74 - 0.03 0.16 30988
aoD2AG 56e2 2 74 - 0.03 0.18 31980
aoD2SG 56e2 2 74 - 0.03 0.18 31124
moore 56e2 2 74 - 0.63 210.61 952728
nbpm 56e2 2 74 - 2.45 72.65 2388088
greedy 56e2 2 74 - 2.00 82.92 3460488
dry 75e2 2 222 - 0.02 0.12 26328
aoDLAV 75e2 2 222 - 0.04 0.15 31376
aoULAV 75e2 2 222 - 0.02 0.16 31392
aoD2AG 75e2 2 222 - 0.03 0.18 31380
aoD2SG 75e2 2 222 - 0.03 0.20 31384
moore 75e2 2 222 - 1.18 470.23 1688840
nbpm 75e2 2 222 - 4.18 172.21 4242132
greedy 75e2 2 222 - 3.62 155.87 6183092
dry 3e7 2 246 - 0.38 1.04 616104
aoDLAV 3e7 2 246 - 2.55 171.63 4471428
aoULAV 3e7 2 246 - 3.23 175.64 4471428
aoD2AG 3e7 2 246 - 5.12 252.74 6569028
aoD2SG 3e7 2 246 - 6.24 295.67 6808300
dry 32e2 2 86 - 0.03 0.12 26116
aoDLAV 32e2 2 86 - 0.03 0.15 30540
aoULAV 32e2 2 86 - 0.03 0.15 30548
aoD2AG 32e2 2 86 - 0.03 0.15 31212
aoD2SG 32e2 2 86 - 0.03 0.15 31272
moore 32e2 2 86 - 0.20 52.31 330520
nbpm 32e2 2 86 - 0.83 19.88 854760
greedy 32e2 2 86 - 0.65 21.55 1150164
dry 18e2 2 150 - 0.02 0.12 26048
aoDLAV 18e2 2 150 - 0.03 0.14 30376
aoULAV 18e2 2 150 - 0.03 0.15 30384
aoD2AG 18e2 2 150 - 0.02 0.15 30792
aoD2SG 18e2 2 150 - 0.02 0.15 30832
moore 18e2 2 150 - 0.08 8.35 125448
nbpm 18e2 2 150 - 0.18 7.53 334540
greedy 18e2 2 150 - 0.21 4.81 384352
dry 50e2 2 176 - 0.02 0.12 26204
aoDLAV 50e2 2 176 - 0.02 0.15 30848
aoULAV 50e2 2 176 - 0.02 0.15 30860
aoD2AG 50e2 2 176 - 0.02 0.16 31768
aoD2SG 50e2 2 176 - 0.02 0.18 31864
moore 50e2 2 176 - 0.53 168.88 764592
nbpm 50e2 2 176 - 1.97 56.13 2011920
greedy 50e2 2 176 - 1.55 62.44 2764780
dry 4e7 2 228 - 0.48 1.35 811428
aoDLAV 4e7 2 228 - 3.57 239.45 5955816
aoULAV 4e7 2 228 - 4.65 253.79 5955816
aoD2AG 4e7 2 228 - 7.86 345.39 8753484
aoD2SG 4e7 2 228 - 8.66 403.78 9072980
dry 5e7 2 234 - 0.60 1.63 1006736
aoDLAV 5e7 2 234 - 4.03 294.67 7440192
aoULAV 5e7 2 234 - 5.62 399.70 7440196
aoD2AG 5e7 2 234 - 10.05 460.10 10940376
aoD2SG 5e7 2 234 - 10.62 529.14 11337804
dry 1e4 5 54 - 0.02 0.12 26904
aoDLAV 1e4 5 54 - 0.03 0.23 31084
aoULAV 1e4 5 54 - 0.03 0.23 31100
aoD2AG 1e4 5 54 - 0.03 0.23 32108
aoD2SG 1e4 5 54 - 0.04 0.23 32108
moore 1e4 5 54 - 1.28 1343.89 2961736
nbpm 1e4 5 54 - 7.64 674.88 7811452
greedy 1e4 5 54 - 7.03 308.49 10959172
dry 32e2 2 172 - 0.02 0.12 26112
aoDLAV 32e2 2 172 - 0.03 0.15 30544
aoULAV 32e2 2 172 - 0.03 0.16 30556
aoD2AG 32e2 2 172 - 0.03 0.16 31208
aoD2SG 32e2 2 172 - 0.03 0.16 31248
moore 32e2 2 172 - 0.30 66.81 330520
nbpm 32e2 2 172 - 0.94 18.90 854760
greedy 32e2 2 172 - 0.70 22.24 1150164
dry 3e7 2 156 - 0.37 1.10 616104
aoDLAV 3e7 2 156 - 2.68 172.76 4471428
aoULAV 3e7 2 156 - 2.70 181.80 4471428
aoD2AG 3e7 2 156 - 6.08 255.75 6569976
aoD2SG 3e7 2 156 - 6.16 284.82 6809672
dry 6e7 2 46 - 0.64 1.89 1202044
aoDLAV 6e7 2 46 - 4.97 371.34 8924560
aoULAV 6e7 2 46 - 6.71 474.43 8924564
aoD2AG 6e7 2 46 - 11.72 565.30 13121336
aoD2SG 6e7 2 46 - 12.87 699.54 13601012
dry 75e2 2 55 - 0.02 0.12 26328
aoDLAV 75e2 2 55 - 0.02 0.16 31376
aoULAV 75e2 2 55 - 0.03 0.15 31388
aoD2AG 75e2 2 55 - 0.03 0.18 31380
aoD2SG 75e2 2 55 - 0.03 0.18 31380
moore 75e2 2 55 - 1.35 494.67 1688784
nbpm 75e2 2 55 - 4.16 176.01 4242128
greedy 75e2 2 55 - 3.69 156.51 6183088
dry 4e7 2 197 - 0.43 1.34 811424
aoDLAV 4e7 2 197 - 3.40 249.85 5955816
aoULAV 4e7 2 197 - 4.30 247.93 5955816
aoD2AG 4e7 2 197 - 8.19 346.75 8754032
aoD2SG 4e7 2 197 - 8.47 402.03 9071852
dry 56e2 2 24 - 0.03 0.12 28176
aoDLAV 56e2 2 24 - 0.04 0.15 30976
aoULAV 56e2 2 24 - 0.03 0.15 30988
aoD2AG 56e2 2 24 - 0.03 0.17 32008
aoD2SG 56e2 2 24 - 0.03 0.17 31128
moore 56e2 2 24 - 0.49 190.07 952720
nbpm 56e2 2 24 - 2.37 72.97 2388080
greedy 56e2 2 24 - 2.11 78.45 3460488
dry 18e2 2 36 - 0.03 0.11 26048
aoDLAV 18e2 2 36 - 0.03 0.15 30372
aoULAV 18e2 2 36 - 0.03 0.15 30384
aoD2AG 18e2 2 36 - 0.03 0.15 30776
aoD2SG 18e2 2 36 - 0.04 0.14 30816
moore 18e2 2 36 - 0.07 25.58 125420
nbpm 18e2 2 36 - 0.17 7.91 334540
greedy 18e2 2 36 - 0.21 4.24 384352
dry 3e7 2 142 - 0.32 1.06 616104
aoDLAV 3e7 2 142 - 2.76 181.48 4471428
aoULAV 3e7 2 142 - 3.42 187.35 4471428
aoD2AG 3e7 2 142 - 6.20 302.15 6568260
aoD2SG 3e7 2 142 - 6.11 286.14 6810476
dry 50e2 2 210 - 0.02 0.12 26204
aoDLAV 50e2 2 210 - 0.03 0.15 30848
aoULAV 50e2 2 210 - 0.03 0.16 30864
aoD2AG 50e2 2 210 - 0.03 0.16 31792
aoD2SG 50e2 2 210 - 0.03 0.17 31880
moore 50e2 2 210 - 0.33 125.52 762972
nbpm 50e2 2 210 - 2.05 52.79 2011916
greedy 50e2 2 210 - 1.55 59.70 2764780
dry 18e2 2 4 - 0.02 0.13 26048
aoDLAV 18e2 2 4 - 0.03 0.15 30372
aoULAV 18e2 2 4 - 0.03 0.15 30388
aoD2AG 18e2 2 4 - 0.02 0.15 30780
aoD2SG 18e2 2 4 - 0.03 0.15 30816
moore 18e2 2 4 - 0.07 15.89 125420
nbpm 18e2 2 4 - 0.20 7.67 334540
greedy 18e2 2 4 - 0.27 4.30 384352
dry 2e7 2 30 - 0.26 0.75 420796
aoDLAV 2e7 2 30 - 1.71 111.48 2987072
aoULAV 2e7 2 30 - 1.68 117.02 2987068
aoD2AG 2e7 2 30 - 3.46 161.88 4387460
aoD2SG 2e7 2 30 - 4.23 190.58 4548000
dry 75e2 2 69 - 0.02 0.13 26328
aoDLAV 75e2 2 69 - 0.03 0.16 31376
aoULAV 75e2 2 69 - 0.03 0.16 31388
aoD2AG 75e2 2 69 - 0.02 0.18 31380
aoD2SG 75e2 2 69 - 0.03 0.19 31380
moore 75e2 2 69 - 0.96 412.98 1688784
nbpm 75e2 2 69 - 4.09 178.09 4242124
greedy 75e2 2 69 - 3.64 157.90 6183092
dry 56e6 2 204 - 0.61 1.78 1123924
aoDLAV 56e6 2 204 - 4.81 340.04 8330816
aoULAV 56e6 2 204 - 6.23 361.28 8330820
aoD2AG 56e6 2 204 - 11.21 495.83 12246776
aoD2SG 56e6 2 204 - 11.27 579.79 12694536
