dry 325e2 2 60 - 0.04 0.13 27316
aoDLAV 325e2 2 60 - 0.05 0.24 31372
aoULAV 325e2 2 60 - 0.04 0.23 32088
aoD2AG 325e2 2 60 - 0.05 0.25 35004
aoD2SG 325e2 2 60 - 0.04 0.27 34764
dry 56e4 2 100 - 0.05 0.18 41104
aoDLAV 56e4 2 100 - 0.08 1.57 107988
aoULAV 56e4 2 100 - 0.09 1.40 107984
aoD2AG 56e4 2 100 - 0.12 1.93 139224
aoD2SG 56e4 2 100 - 0.12 2.16 143108
dry 5e4 2 198 - 0.03 0.12 28000
aoDLAV 5e4 2 198 - 0.04 0.20 33012
aoULAV 5e4 2 198 - 0.04 0.22 33316
aoD2AG 5e4 2 198 - 0.04 0.24 36408
aoD2SG 5e4 2 198 - 0.04 0.26 36424
dry 56e1 2 110 - 0.03 0.12 26012
aoDLAV 56e1 2 110 - 0.04 0.14 30260
aoULAV 56e1 2 110 - 0.04 0.16 30236
aoD2AG 56e1 2 110 - 0.04 0.14 30416
aoD2SG 56e1 2 110 - 0.03 0.13 30424
moore 56e1 2 110 - 0.04 1.04 39652
nbpm 56e1 2 110 - 0.14 2.90 78708
greedy 56e1 2 110 - 0.06 0.36 64104
dry 1e3 10 206 - 0.03 0.14 26136
aoDLAV 1e3 10 206 - 0.04 0.18 30652
aoULAV 1e3 10 206 - 0.04 0.18 30668
aoD2AG 1e3 10 206 - 0.03 0.20 31064
aoD2SG 1e3 10 206 - 0.03 0.20 31092
moore 1e3 10 206 - 0.05 3.08 59868
nbpm 1e3 10 206 - 0.13 3.80 136236
greedy 1e3 10 206 - 0.08 0.95 139616
dry 18e4 2 85 - 0.02 0.11 33104
aoDLAV 18e4 2 85 - 0.04 0.55 47860
aoULAV 18e4 2 85 - 0.03 0.50 47864
aoD2AG 18e4 2 85 - 0.05 0.73 58644
aoD2SG 18e4 2 85 - 0.04 0.88 60044
dry 1e6 2 54 - 0.04 0.17 49704
aoDLAV 1e6 2 54 - 0.11 2.98 178460
aoULAV 1e6 2 54 - 0.10 2.98 178456
aoD2AG 1e6 2 54 - 0.14 4.17 234184
aoD2SG 1e6 2 54 - 0.18 4.78 242080
dry 1e3 5 179 - 0.02 0.11 26060
aoDLAV 1e3 5 179 - 0.02 0.13 30424
aoULAV 1e3 5 179 - 0.02 0.13 30436
aoD2AG 1e3 5 179 - 0.02 0.13 30744
aoD2SG 1e3 5 179 - 0.04 0.12 30752
moore 1e3 5 179 - 0.04 6.12 59804
nbpm 1e3 5 179 - 0.09 3.88 129240
greedy 1e3 5 179 - 0.06 0.93 139392
dry 250e2 2 59 - 0.02 0.11 27020
aoDLAV 250e2 2 59 - 0.03 0.18 31108
aoULAV 250e2 2 59 - 0.03 0.19 31212
aoD2AG 250e2 2 59 - 0.03 0.21 33860
aoD2SG 250e2 2 59 - 0.03 0.21 33964
dry 1e6 10 53 - 0.06 0.34 112236
aoDLAV 1e6 10 53 - 0.20 376.52 369884
aoULAV 1e6 10 53 - 0.29 375.97 369980
aoD2AG 1e6 10 53 - 0.40 375.91 447744
aoD2SG 1e6 10 53 - 0.42 452.05 459228
dry 1e2 5 25 - 0.02 0.12 26000
aoDLAV 1e2 5 25 - 0.02 0.14 30216
aoULAV 1e2 5 25 - 0.03 0.14 30228
aoD2AG 1e2 5 25 - 0.03 0.14 30384
aoD2SG 1e2 5 25 - 0.03 0.14 30392
moore 1e2 5 25 - 0.02 0.27 30496
nbpm 1e2 5 25 - 0.07 2.17 53032
greedy 1e2 5 25 - 0.03 0.14 30920
dry 1e2 10 19 - 0.03 0.11 26004
aoDLAV 1e2 10 19 - 0.02 0.15 30260
aoULAV 1e2 10 19 - 0.03 0.13 30272
aoD2AG 1e2 10 19 - 0.02 0.15 30440
aoD2SG 1e2 10 19 - 0.03 0.14 30448
moore 1e2 10 19 - 0.03 0.22 30496
nbpm 1e2 10 19 - 0.08 2.17 53080
greedy 1e2 10 19 - 0.02 0.15 30972
dry 5e4 10 17 - 0.03 0.14 33892
aoDLAV 5e4 10 17 - 0.04 8.01 40200
aoULAV 5e4 10 17 - 0.04 7.96 40200
aoD2AG 5e4 10 17 - 0.04 8.08 44980
aoD2SG 5e4 10 17 - 0.04 9.00 44996
dry 1e6 2 181 - 0.05 0.19 49704
aoDLAV 1e6 2 181 - 0.10 3.61 178456
aoULAV 1e6 2 181 - 0.12 3.77 178456
aoD2AG 1e6 2 181 - 0.16 5.38 234208
aoD2SG 1e6 2 181 - 0.21 6.16 241744
dry 1e2 5 118 - 0.02 0.12 26000
aoDLAV 1e2 5 118 - 0.03 0.15 30212
aoULAV 1e2 5 118 - 0.03 0.15 30224
aoD2AG 1e2 5 118 - 0.03 0.15 30384
aoD2SG 1e2 5 118 - 0.03 0.16 30392
moore 1e2 5 118 - 0.02 0.23 30492
nbpm 1e2 5 118 - 0.11 2.40 53016
greedy 1e2 5 118 - 0.03 0.15 30920
dry 1e2 10 126 - 0.02 0.13 26004
aoDLAV 1e2 10 126 - 0.04 0.14 30260
aoULAV 1e2 10 126 - 0.04 0.14 30272
aoD2AG 1e2 10 126 - 0.02 0.15 30440
aoD2SG 1e2 10 126 - 0.03 0.14 30448
moore 1e2 10 126 - 0.02 0.26 30500
nbpm 1e2 10 126 - 0.07 2.19 53076
greedy 1e2 10 126 - 0.02 0.15 30976
dry 1e6 10 26 - 0.08 0.41 112232
aoDLAV 1e6 10 26 - 2.14 380.27 369888
aoULAV 1e6 10 26 - 0.32 372.20 369888
aoD2AG 1e6 10 26 - 0.40 385.01 447328
aoD2SG 1e6 10 26 - 0.40 459.96 459156
dry 18e1 2 120 - 0.02 0.12 26008
aoDLAV 18e1 2 120 - 0.03 0.14 30188
aoULAV 18e1 2 120 - 0.03 0.14 30196
aoD2AG 18e1 2 120 - 0.04 0.14 30356
aoD2SG 18e1 2 120 - 0.02 0.14 30364
moore 18e1 2 120 - 0.03 0.32 30488
nbpm 18e1 2 120 - 0.09 2.17 54436
greedy 18e1 2 120 - 0.03 0.16 33348
dry 5e4 2 38 - 0.03 0.11 29760
aoDLAV 5e4 2 38 - 0.03 0.28 33008
aoULAV 5e4 2 38 - 0.04 0.27 33316
aoD2AG 5e4 2 38 - 0.03 0.34 36408
aoD2SG 5e4 2 38 - 0.03 0.36 36464
dry 1e2 10 154 - 0.02 0.12 26004
aoDLAV 1e2 10 154 - 0.03 0.14 30260
aoULAV 1e2 10 154 - 0.03 0.14 30272
aoD2AG 1e2 10 154 - 0.02 0.15 30440
aoD2SG 1e2 10 154 - 0.03 0.14 30448
moore 1e2 10 154 - 0.02 0.20 30500
nbpm 1e2 10 154 - 0.07 2.16 53076
greedy 1e2 10 154 - 0.03 0.14 30972
dry 1e6 2 241 - 0.04 0.20 49708
aoDLAV 1e6 2 241 - 0.09 3.80 178456
aoULAV 1e6 2 241 - 0.12 3.97 178460
aoD2AG 1e6 2 241 - 0.16 5.52 233604
aoD2SG 1e6 2 241 - 0.19 6.25 242172
dry 5e4 10 37 - 0.02 0.14 33892
aoDLAV 5e4 10 37 - 0.04 8.35 40200
aoULAV 5e4 10 37 - 0.04 8.13 40204
aoD2AG 5e4 10 37 - 0.05 8.08 44980
aoD2SG 5e4 10 37 - 0.04 8.57 44996
dry 375e2 2 211 - 0.04 0.11 29204
aoDLAV 375e2 2 211 - 0.03 0.24 31788
aoULAV 375e2 2 211 - 0.04 0.23 32608
aoD2AG 375e2 2 211 - 0.03 0.28 35520
aoD2SG 375e2 2 211 - 0.02 0.30 35532
dry 32e4 2 96 - 0.03 0.17 36428
aoDLAV 32e4 2 96 - 0.05 1.28 70832
aoULAV 32e4 2 96 - 0.06 1.27 70840
aoD2AG 32e4 2 96 - 0.07 1.75 89436
aoD2SG 32e4 2 96 - 0.08 1.94 91028
dry 32e3 2 210 - 0.02 0.12 27300
aoDLAV 32e3 2 210 - 0.02 0.23 31444
aoULAV 32e3 2 210 - 0.03 0.22 32148
aoD2AG 32e3 2 210 - 0.03 0.25 35024
aoD2SG 32e3 2 210 - 0.04 0.26 34792
dry 250e2 2 85 - 0.02 0.12 27020
aoDLAV 250e2 2 85 - 0.02 0.21 31108
aoULAV 250e2 2 85 - 0.03 0.21 31212
aoD2AG 250e2 2 85 - 0.03 0.23 33864
aoD2SG 250e2 2 85 - 0.03 0.24 33968
dry 5e4 5 101 - 0.03 0.13 30640
aoDLAV 5e4 5 101 - 0.05 0.75 34704
aoULAV 5e4 5 101 - 0.04 0.77 34708
aoD2AG 5e4 5 101 - 0.04 0.82 37724
aoD2SG 5e4 5 101 - 0.03 0.90 37932
dry 1e5 5 50 - 0.03 0.14 34476
aoDLAV 1e5 5 50 - 0.04 1.61 41816
aoULAV 1e5 5 50 - 0.04 1.61 43612
aoD2AG 1e5 5 50 - 0.04 1.76 53564
aoD2SG 1e5 5 50 - 0.04 1.94 53204
dry 5e4 10 199 - 0.03 0.13 33892
aoDLAV 5e4 10 199 - 0.04 7.79 40200
aoULAV 5e4 10 199 - 0.04 7.83 40204
aoD2AG 5e4 10 199 - 0.04 8.02 44984
aoD2SG 5e4 10 199 - 0.06 9.05 45000
dry 1e2 5 190 - 0.02 0.12 25996
aoDLAV 1e2 5 190 - 0.03 0.14 30216
aoULAV 1e2 5 190 - 0.03 0.14 30224
aoD2AG 1e2 5 190 - 0.03 0.14 30388
aoD2SG 1e2 5 190 - 0.02 0.15 30388
moore 1e2 5 190 - 0.02 0.22 30492
nbpm 1e2 5 190 - 0.09 2.17 53020
greedy 1e2 5 190 - 0.02 0.15 30920
dry 375e2 2 147 - 0.02 0.12 29220
aoDLAV 375e2 2 147 - 0.04 0.23 31784
aoULAV 375e2 2 147 - 0.02 0.25 32604
aoD2AG 375e2 2 147 - 0.03 0.28 35568
aoD2SG 375e2 2 147 - 0.04 0.29 35532
dry 5e4 5 48 - 0.02 0.14 30992
aoDLAV 5e4 5 48 - 0.03 0.79 34708
aoULAV 5e4 5 48 - 0.02 0.77 34704
aoD2AG 5e4 5 48 - 0.03 0.82 37732
aoD2SG 5e4 5 48 - 0.03 0.90 37936
dry 1e2 2 96 - 0.02 0.11 25992
aoDLAV 1e2 2 96 - 0.02 0.14 30168
aoULAV 1e2 2 96 - 0.03 0.14 30180
aoD2AG 1e2 2 96 - 0.02 0.14 30336
aoD2SG 1e2 2 96 - 0.03 0.14 30336
moore 1e2 2 96 - 0.04 0.21 30488
nbpm 1e2 2 96 - 0.08 2.18 53008
greedy 1e2 2 96 - 0.02 0.14 30880
dry 32e4 2 209 - 0.04 0.15 36424
aoDLAV 32e4 2 209 - 0.05 1.24 70828
aoULAV 32e4 2 209 - 0.06 1.30 70840
aoD2AG 32e4 2 209 - 0.08 1.75 88236
aoD2SG 32e4 2 209 - 0.07 1.89 90980
dry 1e2 5 96 - 0.02 0.12 25996
aoDLAV 1e2 5 96 - 0.03 0.15 30252
aoULAV 1e2 5 96 - 0.03 0.14 30224
aoD2AG 1e2 5 96 - 0.02 0.14 30384
aoD2SG 1e2 5 96 - 0.03 0.14 30388
moore 1e2 5 96 - 0.03 0.23 30492
nbpm 1e2 5 96 - 0.08 2.15 53016
greedy 1e2 5 96 - 0.03 0.14 30920
dry 400e2 2 20 - 0.03 0.11 29092
aoDLAV 400e2 2 20 - 0.02 0.25 32236
aoULAV 400e2 2 20 - 0.03 0.25 33112
aoD2AG 400e2 2 20 - 0.02 0.30 36072
aoD2SG 400e2 2 20 - 0.03 0.32 35932
dry 325e2 2 97 - 0.02 0.12 27320
aoDLAV 325e2 2 97 - 0.02 0.23 31372
aoULAV 325e2 2 97 - 0.03 0.23 32084
aoD2AG 325e2 2 97 - 0.04 0.25 35004
aoD2SG 325e2 2 97 - 0.03 0.27 34760
dry 5e4 10 59 - 0.03 0.14 33888
aoDLAV 5e4 10 59 - 0.04 8.25 40200
aoULAV 5e4 10 59 - 0.04 7.90 40200
aoD2AG 5e4 10 59 - 0.05 7.66 44984
aoD2SG 5e4 10 59 - 0.04 8.52 45000
dry 32e3 2 70 - 0.03 0.11 27296
aoDLAV 32e3 2 70 - 0.02 0.22 31440
aoULAV 32e3 2 70 - 0.02 0.22 32152
aoD2AG 32e3 2 70 - 0.03 0.25 35020
aoD2SG 32e3 2 70 - 0.03 0.25 34788
dry 400e2 2 128 - 0.02 0.12 27616
aoDLAV 400e2 2 128 - 0.02 0.24 32236
aoULAV 400e2 2 128 - 0.03 0.24 33156
aoD2AG 400e2 2 128 - 0.03 0.28 36072
aoD2SG 400e2 2 128 - 0.03 0.29 35928
dry 250e2 2 176 - 0.02 0.12 30624
aoDLAV 250e2 2 176 - 0.03 0.20 31108
aoULAV 250e2 2 176 - 0.03 0.19 31212
aoD2AG 250e2 2 176 - 0.02 0.22 33860
aoD2SG 250e2 2 176 - 0.02 0.23 33964
dry 400e2 2 81 - 0.02 0.12 27616
aoDLAV 400e2 2 81 - 0.03 0.23 32236
aoULAV 400e2 2 81 - 0.03 0.24 33112
aoD2AG 400e2 2 81 - 0.03 0.28 36076
aoD2SG 400e2 2 81 - 0.03 0.30 35928
dry 1e3 5 158 - 0.03 0.11 26056
aoDLAV 1e3 5 158 - 0.02 0.15 30424
aoULAV 1e3 5 158 - 0.03 0.14 30436
aoD2AG 1e3 5 158 - 0.02 0.15 30760
aoD2SG 1e3 5 158 - 0.02 0.15 30764
moore 1e3 5 158 - 0.04 3.61 59800
nbpm 1e3 5 158 - 0.11 4.38 129244
greedy 1e3 5 158 - 0.08 1.00 139388
dry 275e2 2 156 - 0.02 0.11 27124
aoDLAV 275e2 2 156 - 0.02 0.20 31240
aoULAV 275e2 2 156 - 0.02 0.21 31572
aoD2AG 275e2 2 156 - 0.02 0.23 34692
aoD2SG 275e2 2 156 - 0.03 0.24 34808
dry 56e1 2 142 - 0.01 0.12 26008
aoDLAV 56e1 2 142 - 0.03 0.13 30224
aoULAV 56e1 2 142 - 0.02 0.14 30232
aoD2AG 56e1 2 142 - 0.03 0.14 30420
aoD2SG 56e1 2 142 - 0.02 0.14 30424
moore 56e1 2 142 - 0.02 0.70 39680
nbpm 56e1 2 142 - 0.09 2.90 78704
greedy 56e1 2 142 - 0.04 0.38 64104
dry 1e3 10 123 - 0.02 0.12 26140
aoDLAV 1e3 10 123 - 0.03 0.16 30652
aoULAV 1e3 10 123 - 0.02 0.16 30664
aoD2AG 1e3 10 123 - 0.02 0.17 31088
aoD2SG 1e3 10 123 - 0.02 0.17 31088
moore 1e3 10 123 - 0.04 7.00 59844
nbpm 1e3 10 123 - 0.11 4.75 136156
greedy 1e3 10 123 - 0.09 1.01 139616
dry 250e2 2 170 - 0.02 0.12 27024
aoDLAV 250e2 2 170 - 0.03 0.20 31112
aoULAV 250e2 2 170 - 0.02 0.20 31212
aoD2AG 250e2 2 170 - 0.02 0.22 33860
aoD2SG 250e2 2 170 - 0.03 0.23 33960
dry 1e3 2 16 - 0.03 0.11 26020
aoDLAV 1e3 2 16 - 0.02 0.15 30280
aoULAV 1e3 2 16 - 0.02 0.15 30296
aoD2AG 1e3 2 16 - 0.02 0.15 30548
aoD2SG 1e3 2 16 - 0.03 0.14 30560
moore 1e3 2 16 - 0.04 4.83 59780
nbpm 1e3 2 16 - 0.13 4.04 138560
greedy 1e3 2 16 - 0.08 1.03 139244
dry 350e2 2 4 - 0.03 0.11 27420
aoDLAV 350e2 2 4 - 0.03 0.22 31484
aoULAV 350e2 2 4 - 0.03 0.23 32260
aoD2AG 350e2 2 4 - 0.04 0.26 34848
aoD2SG 350e2 2 4 - 0.02 0.28 35136
dry 1e6 5 159 - 0.05 0.27 73152
aoDLAV 1e6 5 159 - 0.15 19.00 252760
aoULAV 1e6 5 159 - 0.15 19.36 252716
aoD2AG 1e6 5 159 - 0.21 21.21 324020
aoD2SG 1e6 5 159 - 0.22 24.74 333076
dry 32e3 2 92 - 0.03 0.11 27296
aoDLAV 32e3 2 92 - 0.03 0.21 31436
aoULAV 32e3 2 92 - 0.03 0.21 32148
aoD2AG 32e3 2 92 - 0.04 0.24 35020
aoD2SG 32e3 2 92 - 0.04 0.25 34788
dry 325e2 2 64 - 0.03 0.11 27316
aoDLAV 325e2 2 64 - 0.02 0.22 31372
aoULAV 325e2 2 64 - 0.03 0.21 32148
aoD2AG 325e2 2 64 - 0.03 0.24 35004
aoD2SG 325e2 2 64 - 0.03 0.26 34760
dry 275e2 2 161 - 0.03 0.11 27124
aoDLAV 275e2 2 161 - 0.02 0.20 31240
aoULAV 275e2 2 161 - 0.03 0.20 31572
aoD2AG 275e2 2 161 - 0.04 0.22 34696
aoD2SG 275e2 2 161 - 0.03 0.24 34808
dry 250e2 2 114 - 0.02 0.12 27024
aoDLAV 250e2 2 114 - 0.02 0.20 31112
aoULAV 250e2 2 114 - 0.03 0.20 31212
aoD2AG 250e2 2 114 - 0.02 0.23 33860
aoD2SG 250e2 2 114 - 0.03 0.23 33968
dry 1e1 2 213 - 0.02 0.12 25992
aoDLAV 1e1 2 213 - 0.03 0.14 30160
aoULAV 1e1 2 213 - 0.02 0.15 30172
aoD2AG 1e1 2 213 - 0.02 0.14 30320
aoD2SG 1e1 2 213 - 0.03 0.13 30328
moore 1e1 2 213 - 0.02 0.19 30476
nbpm 1e1 2 213 - 0.08 2.09 49816
greedy 1e1 2 213 - 0.03 0.13 30124
dry 325e2 2 184 - 0.02 0.12 27316
aoDLAV 325e2 2 184 - 0.02 0.22 31372
aoULAV 325e2 2 184 - 0.03 0.22 32092
aoD2AG 325e2 2 184 - 0.04 0.24 35004
aoD2SG 325e2 2 184 - 0.02 0.26 34764
dry 275e2 2 233 - 0.01 0.13 30676
aoDLAV 275e2 2 233 - 0.02 0.20 31240
aoULAV 275e2 2 233 - 0.03 0.20 31572
aoD2AG 275e2 2 233 - 0.03 0.22 34696
aoD2SG 275e2 2 233 - 0.03 0.23 34812
dry 1e1 2 127 - 0.02 0.12 25992
aoDLAV 1e1 2 127 - 0.03 0.14 30160
aoULAV 1e1 2 127 - 0.03 0.14 30172
aoD2AG 1e1 2 127 - 0.02 0.14 30312
aoD2SG 1e1 2 127 - 0.02 0.14 30312
moore 1e1 2 127 - 0.03 0.18 30500
nbpm 1e1 2 127 - 0.08 2.12 49812
greedy 1e1 2 127 - 0.02 0.14 30124
dry 400e2 2 40 - 0.03 0.11 27616
aoDLAV 400e2 2 40 - 0.02 0.24 32240
aoULAV 400e2 2 40 - 0.03 0.23 33112
aoD2AG 400e2 2 40 - 0.04 0.27 36068
aoD2SG 400e2 2 40 - 0.03 0.30 35924
dry 300e2 2 121 - 0.02 0.12 29036
aoDLAV 300e2 2 121 - 0.03 0.21 31296
aoULAV 300e2 2 121 - 0.02 0.21 31892
aoD2AG 300e2 2 121 - 0.03 0.23 35056
aoD2SG 300e2 2 121 - 0.03 0.25 34712
dry 1e2 2 29 - 0.02 0.11 25992
aoDLAV 1e2 2 29 - 0.02 0.14 30168
aoULAV 1e2 2 29 - 0.02 0.14 30180
aoD2AG 1e2 2 29 - 0.03 0.13 30336
aoD2SG 1e2 2 29 - 0.03 0.13 30340
moore 1e2 2 29 - 0.02 0.20 30480
nbpm 1e2 2 29 - 0.06 2.14 53004
greedy 1e2 2 29 - 0.03 0.14 30880
dry 5e4 5 221 - 0.03 0.13 30824
aoDLAV 5e4 5 221 - 0.03 0.71 34704
aoULAV 5e4 5 221 - 0.03 0.72 34708
aoD2AG 5e4 5 221 - 0.03 0.76 37724
aoD2SG 5e4 5 221 - 0.04 0.84 37932
dry 5e4 2 75 - 0.02 0.12 28044
aoDLAV 5e4 2 75 - 0.03 0.27 33008
aoULAV 5e4 2 75 - 0.03 0.27 33312
aoD2AG 5e4 2 75 - 0.04 0.32 36408
aoD2SG 5e4 2 75 - 0.04 0.35 36424
dry 18e4 2 95 - 0.03 0.13 33108
aoDLAV 18e4 2 95 - 0.04 0.74 47860
aoULAV 18e4 2 95 - 0.04 0.75 47860
aoD2AG 18e4 2 95 - 0.06 0.96 58668
aoD2SG 18e4 2 95 - 0.06 1.08 59840
dry 1e2 2 97 - 0.01 0.12 25992
aoDLAV 1e2 2 97 - 0.02 0.14 30168
aoULAV 1e2 2 97 - 0.02 0.14 30180
aoD2AG 1e2 2 97 - 0.03 0.14 30328
aoD2SG 1e2 2 97 - 0.03 0.14 30336
moore 1e2 2 97 - 0.03 0.18 30480
nbpm 1e2 2 97 - 0.08 2.11 53000
greedy 1e2 2 97 - 0.02 0.15 30880
dry 1e6 10 151 - 0.08 0.39 112232
aoDLAV 1e6 10 151 - 0.20 351.97 369884
aoULAV 1e6 10 151 - 0.31 362.08 369900
aoD2AG 1e6 10 151 - 0.43 366.41 448196
aoD2SG 1e6 10 151 - 0.43 435.19 456676
dry 1e3 5 129 - 0.03 0.11 26056
aoDLAV 1e3 5 129 - 0.04 0.14 30424
aoULAV 1e3 5 129 - 0.03 0.14 30440
aoD2AG 1e3 5 129 - 0.03 0.14 30756
aoD2SG 1e3 5 129 - 0.03 0.15 30780
moore 1e3 5 129 - 0.04 4.44 59804
nbpm 1e3 5 129 - 0.13 4.55 129244
greedy 1e3 5 129 - 0.10 1.04 139392
dry 1e6 5 33 - 0.05 0.27 73156
aoDLAV 1e6 5 33 - 0.15 19.48 252692
aoULAV 1e6 5 33 - 0.13 19.90 252688
aoD2AG 1e6 5 33 - 0.20 22.06 323804
aoD2SG 1e6 5 33 - 0.21 25.55 332232
dry 1e5 5 89 - 0.04 0.13 34476
aoDLAV 1e5 5 89 - 0.04 1.65 41816
aoULAV 1e5 5 89 - 0.05 1.65 43572
aoD2AG 1e5 5 89 - 0.05 1.62 53564
aoD2SG 1e5 5 89 - 0.05 1.95 53204
dry 32e4 2 60 - 0.03 0.17 36424
aoDLAV 32e4 2 60 - 0.06 1.26 70828
aoULAV 32e4 2 60 - 0.05 1.32 70840
aoD2AG 32e4 2 60 - 0.08 1.85 88352
aoD2SG 32e4 2 60 - 0.07 2.02 91452
dry 5e4 2 65 - 0.03 0.11 28000
aoDLAV 5e4 2 65 - 0.03 0.28 33008
aoULAV 5e4 2 65 - 0.03 0.28 33312
aoD2AG 5e4 2 65 - 0.03 0.35 36412
aoD2SG 5e4 2 65 - 0.03 0.37 36428
dry 1e5 2 34 - 0.03 0.14 32020
aoDLAV 1e5 2 34 - 0.04 0.45 34804
aoULAV 1e5 2 34 - 0.04 0.46 35324
aoD2AG 1e5 2 34 - 0.03 0.60 42600
aoD2SG 1e5 2 34 - 0.04 0.66 43804
dry 250e2 2 236 - 0.02 0.12 27020
aoDLAV 250e2 2 236 - 0.02 0.21 31108
aoULAV 250e2 2 236 - 0.02 0.21 31212
aoD2AG 250e2 2 236 - 0.03 0.23 33860
aoD2SG 250e2 2 236 - 0.03 0.24 33964
dry 1e1 2 224 - 0.02 0.12 25992
aoDLAV 1e1 2 224 - 0.02 0.15 30160
aoULAV 1e1 2 224 - 0.03 0.14 30172
aoD2AG 1e1 2 224 - 0.03 0.14 30316
aoD2SG 1e1 2 224 - 0.03 0.14 30312
moore 1e1 2 224 - 0.03 0.18 30480
nbpm 1e1 2 224 - 0.07 2.20 49816
greedy 1e1 2 224 - 0.03 0.14 30124
dry 400e2 2 58 - 0.03 0.12 29596
aoDLAV 400e2 2 58 - 0.03 0.24 32236
aoULAV 400e2 2 58 - 0.03 0.25 33112
aoD2AG 400e2 2 58 - 0.03 0.29 36076
aoD2SG 400e2 2 58 - 0.03 0.31 35928
dry 5e4 10 236 - 0.03 0.14 33888
aoDLAV 5e4 10 236 - 0.04 8.16 40200
aoULAV 5e4 10 236 - 0.04 6.78 40200
aoD2AG 5e4 10 236 - 0.17 8.33 44980
aoD2SG 5e4 10 236 - 0.04 12.25 44996
dry 5e4 5 54 - 0.03 0.13 31424
aoDLAV 5e4 5 54 - 0.03 0.83 34708
aoULAV 5e4 5 54 - 0.03 0.80 34704
aoD2AG 5e4 5 54 - 0.05 0.83 37728
aoD2SG 5e4 5 54 - 0.04 0.93 37940
dry 225e2 2 92 - 0.02 0.12 26920
aoDLAV 225e2 2 92 - 0.03 0.20 30980
aoULAV 225e2 2 92 - 0.03 0.20 30992
aoD2AG 225e2 2 92 - 0.03 0.22 33372
aoD2SG 225e2 2 92 - 0.04 0.22 33460
dry 375e2 2 178 - 0.03 0.11 27516
aoDLAV 375e2 2 178 - 0.03 0.23 31784
aoULAV 375e2 2 178 - 0.03 0.24 32604
aoD2AG 375e2 2 178 - 0.04 0.25 35520
aoD2SG 375e2 2 178 - 0.03 0.27 35524
dry 32e1 2 249 - 0.02 0.12 26000
aoDLAV 32e1 2 249 - 0.02 0.14 30200
aoULAV 32e1 2 249 - 0.03 0.13 30208
aoD2AG 32e1 2 249 - 0.03 0.13 30376
aoD2SG 32e1 2 249 - 0.04 0.13 30384
moore 32e1 2 249 - 0.04 0.77 33684
nbpm 32e1 2 249 - 0.09 2.26 58308
greedy 32e1 2 249 - 0.03 0.21 40972
dry 5e4 5 53 - 0.03 0.13 31840
aoDLAV 5e4 5 53 - 0.03 0.66 34708
aoULAV 5e4 5 53 - 0.03 0.65 34708
aoD2AG 5e4 5 53 - 0.04 0.71 37724
aoD2SG 5e4 5 53 - 0.04 0.78 37940
dry 32e1 2 39 - 0.02 0.12 27956
aoDLAV 32e1 2 39 - 0.02 0.14 30200
aoULAV 32e1 2 39 - 0.03 0.14 30208
aoD2AG 32e1 2 39 - 0.02 0.14 30376
aoD2SG 32e1 2 39 - 0.03 0.14 30388
moore 32e1 2 39 - 0.02 0.72 33680
nbpm 32e1 2 39 - 0.09 2.26 58300
greedy 32e1 2 39 - 0.03 0.21 40972
dry 1e2 2 62 - 0.02 0.12 25992
aoDLAV 1e2 2 62 - 0.02 0.14 30168
aoULAV 1e2 2 62 - 0.03 0.14 30180
aoD2AG 1e2 2 62 - 0.03 0.14 30340
aoD2SG 1e2 2 62 - 0.02 0.14 30344
moore 1e2 2 62 - 0.03 0.19 30488
nbpm 1e2 2 62 - 0.09 2.05 53008
greedy 1e2 2 62 - 0.03 0.14 30880
dry 1e5 10 71 - 0.03 0.17 38400
aoDLAV 1e5 10 71 - 0.05 18.73 53536
aoULAV 1e5 10 71 - 0.05 18.25 55308
aoD2AG 1e5 10 71 - 0.10 31.74 62724
aoD2SG 1e5 10 71 - 0.05 20.41 66832
dry 18e1 2 11 - 0.03 0.11 26004
aoDLAV 18e1 2 11 - 0.02 0.14 30188
aoULAV 18e1 2 11 - 0.03 0.13 30196
aoD2AG 18e1 2 11 - 0.03 0.14 30360
aoD2SG 18e1 2 11 - 0.03 0.14 30368
moore 18e1 2 11 - 0.02 0.33 30492
nbpm 18e1 2 11 - 0.06 2.21 54436
greedy 18e1 2 11 - 0.03 0.15 33348
dry 1e3 2 149 - 0.02 0.12 26024
aoDLAV 1e3 2 149 - 0.02 0.15 30280
aoULAV 1e3 2 149 - 0.03 0.14 30292
aoD2AG 1e3 2 149 - 0.02 0.15 30556
aoD2SG 1e3 2 149 - 0.02 0.15 30576
moore 1e3 2 149 - 0.07 4.31 59780
nbpm 1e3 2 149 - 0.14 4.21 138560
greedy 1e3 2 149 - 0.09 1.04 139248
dry 5e4 2 49 - 0.03 0.11 29644
aoDLAV 5e4 2 49 - 0.03 0.27 33008
aoULAV 5e4 2 49 - 0.03 0.27 33312
aoD2AG 5e4 2 49 - 0.03 0.33 36408
aoD2SG 5e4 2 49 - 0.05 0.35 36420
dry 400e2 2 158 - 0.02 0.12 27616
aoDLAV 400e2 2 158 - 0.03 0.24 32236
aoULAV 400e2 2 158 - 0.02 0.24 33112
aoD2AG 400e2 2 158 - 0.03 0.28 36076
aoD2SG 400e2 2 158 - 0.03 0.30 35932
dry 250e2 2 18 - 0.02 0.12 30628
aoDLAV 250e2 2 18 - 0.03 0.20 31108
aoULAV 250e2 2 18 - 0.03 0.19 31212
aoD2AG 250e2 2 18 - 0.03 0.23 33860
aoD2SG 250e2 2 18 - 0.03 0.23 33964
dry 1e2 5 92 - 0.03 0.11 26000
aoDLAV 1e2 5 92 - 0.03 0.14 30212
aoULAV 1e2 5 92 - 0.03 0.14 30224
aoD2AG 1e2 5 92 - 0.02 0.15 30384
aoD2SG 1e2 5 92 - 0.03 0.14 30388
moore 1e2 5 92 - 0.03 0.23 30492
nbpm 1e2 5 92 - 0.08 2.18 53020
greedy 1e2 5 92 - 0.03 0.14 30920
dry 56e1 2 70 - 0.02 0.11 26008
aoDLAV 56e1 2 70 - 0.03 0.14 30220
aoULAV 56e1 2 70 - 0.02 0.15 30232
aoD2AG 56e1 2 70 - 0.03 0.14 30416
aoD2SG 56e1 2 70 - 0.03 0.14 30428
moore 56e1 2 70 - 0.04 0.59 39688
nbpm 56e1 2 70 - 0.08 3.02 78716
greedy 56e1 2 70 - 0.04 0.40 64104
dry 56e3 2 41 - 0.03 0.12 28272
aoDLAV 56e3 2 41 - 0.03 0.26 33476
aoULAV 56e3 2 41 - 0.02 0.27 34696
aoD2AG 56e3 2 41 - 0.03 0.33 37280
aoD2SG 56e3 2 41 - 0.03 0.35 37300
dry 400e2 2 34 - 0.03 0.11 27620
aoDLAV 400e2 2 34 - 0.03 0.22 32236
aoULAV 400e2 2 34 - 0.03 0.22 33112
aoD2AG 400e2 2 34 - 0.03 0.26 36072
aoD2SG 400e2 2 34 - 0.03 0.27 35932
dry 1e2 5 199 - 0.03 0.11 25996
aoDLAV 1e2 5 199 - 0.03 0.15 30216
aoULAV 1e2 5 199 - 0.03 0.15 30224
aoD2AG 1e2 5 199 - 0.02 0.15 30384
aoD2SG 1e2 5 199 - 0.02 0.15 30388
moore 1e2 5 199 - 0.03 0.24 30496
nbpm 1e2 5 199 - 0.09 2.23 53060
greedy 1e2 5 199 - 0.03 0.15 30920
dry 350e2 2 191 - 0.02 0.12 27416
aoDLAV 350e2 2 191 - 0.03 0.23 31484
aoULAV 350e2 2 191 - 0.02 0.24 32264
aoD2AG 350e2 2 191 - 0.03 0.27 34848
aoD2SG 350e2 2 191 - 0.03 0.28 35136
dry 275e2 2 209 - 0.02 0.12 30676
aoDLAV 275e2 2 209 - 0.02 0.22 31240
aoULAV 275e2 2 209 - 0.03 0.21 31576
aoD2AG 275e2 2 209 - 0.03 0.24 34696
aoD2SG 275e2 2 209 - 0.03 0.25 34812
dry 1e5 10 155 - 0.04 0.18 38396
aoDLAV 1e5 10 155 - 0.05 19.03 53536
aoULAV 1e5 10 155 - 0.05 18.65 55308
aoD2AG 1e5 10 155 - 0.06 18.59 62704
aoD2SG 1e5 10 155 - 0.05 24.54 66832
dry 1e5 10 201 - 0.03 0.18 38436
aoDLAV 1e5 10 201 - 0.04 22.58 53540
aoULAV 1e5 10 201 - 0.06 33.01 55312
aoD2AG 1e5 10 201 - 0.06 18.74 62760
aoD2SG 1e5 10 201 - 0.05 36.87 66832
dry 5e4 10 130 - 0.02 0.14 33888
aoDLAV 5e4 10 130 - 0.03 6.40 40204
aoULAV 5e4 10 130 - 0.13 8.31 40200
aoD2AG 5e4 10 130 - 0.05 10.12 44984
aoD2SG 5e4 10 130 - 0.05 7.23 44992
dry 18e4 2 115 - 0.02 0.13 33104
aoDLAV 18e4 2 115 - 0.04 0.69 47860
aoULAV 18e4 2 115 - 0.05 0.71 47860
aoD2AG 18e4 2 115 - 0.06 0.91 58640
aoD2SG 18e4 2 115 - 0.08 1.19 59952
dry 56e4 2 48 - 0.04 0.16 41104
aoDLAV 56e4 2 48 - 0.08 1.96 107984
aoULAV 56e4 2 48 - 0.08 2.00 107984
aoD2AG 56e4 2 48 - 0.11 2.83 139312
aoD2SG 56e4 2 48 - 0.11 3.22 144664
dry 225e2 2 124 - 0.02 0.11 26920
aoDLAV 225e2 2 124 - 0.04 0.17 30980
aoULAV 225e2 2 124 - 0.02 0.21 30992
aoD2AG 225e2 2 124 - 0.03 0.21 33368
aoD2SG 225e2 2 124 - 0.03 0.22 33460
dry 18e4 2 97 - 0.02 0.14 33104
aoDLAV 18e4 2 97 - 0.06 0.79 47860
aoULAV 18e4 2 97 - 0.05 0.71 47860
aoD2AG 18e4 2 97 - 0.05 0.90 59244
aoD2SG 18e4 2 97 - 0.06 1.05 59992
dry 18e1 2 162 - 0.02 0.12 26004
aoDLAV 18e1 2 162 - 0.02 0.15 30184
aoULAV 18e1 2 162 - 0.03 0.14 30196
aoD2AG 18e1 2 162 - 0.03 0.14 30356
aoD2SG 18e1 2 162 - 0.03 0.14 30364
moore 18e1 2 162 - 0.02 0.29 30496
nbpm 18e1 2 162 - 0.08 2.20 54444
greedy 18e1 2 162 - 0.04 0.15 33348
dry 18e4 2 183 - 0.03 0.13 33172
aoDLAV 18e4 2 183 - 0.04 0.81 47872
aoULAV 18e4 2 183 - 0.04 0.81 47860
aoD2AG 18e4 2 183 - 0.05 1.02 58644
aoD2SG 18e4 2 183 - 0.05 1.03 59816
dry 1e3 5 222 - 0.03 0.11 26056
aoDLAV 1e3 5 222 - 0.03 0.15 30440
aoULAV 1e3 5 222 - 0.02 0.16 30436
aoD2AG 1e3 5 222 - 0.03 0.14 30748
aoD2SG 1e3 5 222 - 0.03 0.14 30776
moore 1e3 5 222 - 0.04 1.88 59952
nbpm 1e3 5 222 - 0.14 4.41 129244
greedy 1e3 5 222 - 0.07 0.99 139392
dry 350e2 2 247 - 0.02 0.12 27416
aoDLAV 350e2 2 247 - 0.03 0.23 31480
aoULAV 350e2 2 247 - 0.03 0.23 32264
aoD2AG 350e2 2 247 - 0.04 0.26 34852
aoD2SG 350e2 2 247 - 0.03 0.29 35132
dry 18e1 2 24 - 0.02 0.12 26008
aoDLAV 18e1 2 24 - 0.02 0.15 30188
aoULAV 18e1 2 24 - 0.02 0.15 30196
aoD2AG 18e1 2 24 - 0.03 0.15 30356
aoD2SG 18e1 2 24 - 0.03 0.14 30364
moore 18e1 2 24 - 0.03 0.21 30500
nbpm 18e1 2 24 - 0.09 2.19 54444
greedy 18e1 2 24 - 0.03 0.15 33352
dry 56e3 2 136 - 0.02 0.12 30048
aoDLAV 56e3 2 136 - 0.03 0.27 33496
aoULAV 56e3 2 136 - 0.03 0.27 34696
aoD2AG 56e3 2 136 - 0.04 0.33 37280
aoD2SG 56e3 2 136 - 0.04 0.35 37300
dry 1e5 10 51 - 0.03 0.17 38396
aoDLAV 1e5 10 51 - 0.05 19.28 53536
aoULAV 1e5 10 51 - 0.05 19.12 55312
aoD2AG 1e5 10 51 - 0.06 19.47 62636
aoD2SG 1e5 10 51 - 0.06 21.87 66836
dry 32e3 2 229 - 0.02 0.11 27296
aoDLAV 32e3 2 229 - 0.02 0.21 31440
aoULAV 32e3 2 229 - 0.02 0.21 32148
aoD2AG 32e3 2 229 - 0.02 0.24 35024
aoD2SG 32e3 2 229 - 0.03 0.25 34788
dry 375e2 2 156 - 0.03 0.11 29440
aoDLAV 375e2 2 156 - 0.03 0.21 31788
aoULAV 375e2 2 156 - 0.03 0.22 32608
aoD2AG 375e2 2 156 - 0.03 0.26 35516
aoD2SG 375e2 2 156 - 0.03 0.27 35528
dry 375e2 2 217 - 0.02 0.12 27516
aoDLAV 375e2 2 217 - 0.03 0.22 31784
aoULAV 375e2 2 217 - 0.04 0.21 32608
aoD2AG 375e2 2 217 - 0.03 0.25 35516
aoD2SG 375e2 2 217 - 0.04 0.27 35528
dry 1e3 10 67 - 0.02 0.11 26136
aoDLAV 1e3 10 67 - 0.03 0.15 30660
aoULAV 1e3 10 67 - 0.02 0.16 30664
aoD2AG 1e3 10 67 - 0.02 0.16 31072
aoD2SG 1e3 10 67 - 0.02 0.17 31092
moore 1e3 10 67 - 0.04 3.65 59872
nbpm 1e3 10 67 - 0.11 4.68 136140
greedy 1e3 10 67 - 0.09 0.98 139616
dry 32e1 2 126 - 0.02 0.12 26004
aoDLAV 32e1 2 126 - 0.02 0.15 30200
aoULAV 32e1 2 126 - 0.03 0.13 30208
aoD2AG 32e1 2 126 - 0.03 0.14 30380
aoD2SG 32e1 2 126 - 0.03 0.14 30384
moore 32e1 2 126 - 0.04 0.42 33684
nbpm 32e1 2 126 - 0.06 2.31 58308
greedy 32e1 2 126 - 0.03 0.20 40976
dry 375e2 2 65 - 0.02 0.11 27516
aoDLAV 375e2 2 65 - 0.04 0.21 31784
aoULAV 375e2 2 65 - 0.03 0.22 32604
aoD2AG 375e2 2 65 - 0.04 0.25 35520
aoD2SG 375e2 2 65 - 0.04 0.26 35528
dry 32e3 2 172 - 0.03 0.11 30764
aoDLAV 32e3 2 172 - 0.03 0.20 31436
aoULAV 32e3 2 172 - 0.02 0.22 32144
aoD2AG 32e3 2 172 - 0.02 0.24 35020
aoD2SG 32e3 2 172 - 0.03 0.24 34784
dry 375e2 2 3 - 0.02 0.12 29200
aoDLAV 375e2 2 3 - 0.03 0.22 31784
aoULAV 375e2 2 3 - 0.03 0.22 32604
aoD2AG 375e2 2 3 - 0.03 0.26 35516
aoD2SG 375e2 2 3 - 0.04 0.27 35528
dry 1e5 10 198 - 0.03 0.17 38400
aoDLAV 1e5 10 198 - 0.05 19.35 53540
aoULAV 1e5 10 198 - 0.05 20.04 55316
aoD2AG 1e5 10 198 - 0.05 20.61 62632
aoD2SG 1e5 10 198 - 0.07 22.98 66832
dry 1e5 2 54 - 0.03 0.12 32128
aoDLAV 1e5 2 54 - 0.03 0.43 34804
aoULAV 1e5 2 54 - 0.03 0.44 35320
aoD2AG 1e5 2 54 - 0.04 0.55 42604
aoD2SG 1e5 2 54 - 0.04 0.62 44016
dry 1e6 10 208 - 0.09 0.40 112232
aoDLAV 1e6 10 208 - 0.23 377.12 369888
aoULAV 1e6 10 208 - 0.30 373.77 369884
aoD2AG 1e6 10 208 - 0.42 392.57 447844
aoD2SG 1e6 10 208 - 0.40 460.01 456192
dry 1e3 10 249 - 0.02 0.12 26136
aoDLAV 1e3 10 249 - 0.02 0.16 30656
aoULAV 1e3 10 249 - 0.02 0.16 30664
aoD2AG 1e3 10 249 - 0.03 0.16 31072
aoD2SG 1e3 10 249 - 0.03 0.16 31100
moore 1e3 10 249 - 0.04 5.25 59840
nbpm 1e3 10 249 - 0.12 4.87 136140
greedy 1e3 10 249 - 0.07 1.08 139620
dry 18e1 2 49 - 0.02 0.12 26008
aoDLAV 18e1 2 49 - 0.02 0.15 30184
aoULAV 18e1 2 49 - 0.02 0.15 30196
aoD2AG 18e1 2 49 - 0.03 0.14 30360
aoD2SG 18e1 2 49 - 0.03 0.14 30364
moore 18e1 2 49 - 0.02 0.31 30488
nbpm 18e1 2 49 - 0.08 2.12 54452
greedy 18e1 2 49 - 0.03 0.16 33348
dry 1e5 5 70 - 0.03 0.13 34476
aoDLAV 1e5 5 70 - 0.04 1.47 41820
aoULAV 1e5 5 70 - 0.05 1.48 43572
aoD2AG 1e5 5 70 - 0.05 1.60 53568
aoD2SG 1e5 5 70 - 0.04 2.00 53244
dry 1e6 10 225 - 0.08 0.39 112232
aoDLAV 1e6 10 225 - 0.21 347.41 369884
aoULAV 1e6 10 225 - 0.28 341.14 369884
aoD2AG 1e6 10 225 - 0.43 359.57 447228
aoD2SG 1e6 10 225 - 0.43 412.69 458632
