dry 1e3 10 124 - 0.03 0.11 26140
aoDLAV 1e3 10 124 - 0.02 0.16 30652
aoULAV 1e3 10 124 - 0.02 0.16 30668
aoD2AG 1e3 10 124 - 0.02 0.16 31068
aoD2SG 1e3 10 124 - 0.03 0.16 31092
moore 1e3 10 124 - 0.04 3.89 59840
nbpm 1e3 10 124 - 0.12 4.59 136144
greedy 1e3 10 124 - 0.09 0.97 139616
dry 18e1 2 118 - 0.02 0.11 26004
aoDLAV 18e1 2 118 - 0.02 0.14 30184
aoULAV 18e1 2 118 - 0.02 0.14 30200
aoD2AG 18e1 2 118 - 0.03 0.13 30408
aoD2SG 18e1 2 118 - 0.03 0.14 30368
moore 18e1 2 118 - 0.03 0.34 30496
nbpm 18e1 2 118 - 0.07 2.20 54440
greedy 18e1 2 118 - 0.02 0.16 33352
dry 275e2 2 163 - 0.02 0.11 27120
aoDLAV 275e2 2 163 - 0.02 0.20 31240
aoULAV 275e2 2 163 - 0.03 0.19 31572
aoD2AG 275e2 2 163 - 0.03 0.22 34696
aoD2SG 275e2 2 163 - 0.03 0.23 34812
dry 1e6 2 134 - 0.04 0.19 49708
aoDLAV 1e6 2 134 - 0.12 3.43 178460
aoULAV 1e6 2 134 - 0.10 3.61 178460
aoD2AG 1e6 2 134 - 0.16 5.22 233760
aoD2SG 1e6 2 134 - 0.18 5.86 240776
dry 325e2 2 55 - 0.02 0.11 30776
aoDLAV 325e2 2 55 - 0.02 0.21 31372
aoULAV 325e2 2 55 - 0.03 0.20 32084
aoD2AG 325e2 2 55 - 0.03 0.24 35004
aoD2SG 325e2 2 55 - 0.03 0.24 34764
dry 32e4 2 184 - 0.03 0.16 36428
aoDLAV 32e4 2 184 - 0.06 1.17 70828
aoULAV 32e4 2 184 - 0.05 1.19 70840
aoD2AG 32e4 2 184 - 0.07 1.58 88272
aoD2SG 32e4 2 184 - 0.07 1.77 90852
dry 1e5 5 180 - 0.03 0.13 34476
aoDLAV 1e5 5 180 - 0.03 1.46 41816
aoULAV 1e5 5 180 - 0.04 1.38 43576
aoD2AG 1e5 5 180 - 0.05 1.52 53716
aoD2SG 1e5 5 180 - 0.05 1.67 53196
dry 1e5 10 169 - 0.03 0.17 38396
aoDLAV 1e5 10 169 - 0.04 19.50 53536
aoULAV 1e5 10 169 - 0.05 21.41 55308
aoD2AG 1e5 10 169 - 0.05 22.43 62800
aoD2SG 1e5 10 169 - 0.06 23.37 66832
dry 1e6 10 190 - 0.07 0.39 112232
aoDLAV 1e6 10 190 - 0.20 364.44 369888
aoULAV 1e6 10 190 - 0.30 365.81 369888
aoD2AG 1e6 10 190 - 0.40 380.23 447884
aoD2SG 1e6 10 190 - 0.41 460.49 458668
dry 32e3 2 201 - 0.03 0.11 30768
aoDLAV 32e3 2 201 - 0.03 0.21 31436
aoULAV 32e3 2 201 - 0.04 0.21 32144
aoD2AG 32e3 2 201 - 0.03 0.25 35020
aoD2SG 32e3 2 201 - 0.03 0.26 34784
dry 18e1 2 240 - 0.03 0.11 26004
aoDLAV 18e1 2 240 - 0.03 0.14 30220
aoULAV 18e1 2 240 - 0.02 0.15 30200
aoD2AG 18e1 2 240 - 0.02 0.14 30356
aoD2SG 18e1 2 240 - 0.04 0.14 30364
moore 18e1 2 240 - 0.02 0.39 30492
nbpm 18e1 2 240 - 0.07 2.20 54436
greedy 18e1 2 240 - 0.03 0.16 33348
dry 1e3 5 159 - 0.02 0.13 26056
aoDLAV 1e3 5 159 - 0.03 0.15 30428
aoULAV 1e3 5 159 - 0.03 0.15 30436
aoD2AG 1e3 5 159 - 0.03 0.15 30744
aoD2SG 1e3 5 159 - 0.03 0.15 30768
moore 1e3 5 159 - 0.05 8.14 59800
nbpm 1e3 5 159 - 0.12 4.29 129244
greedy 1e3 5 159 - 0.07 1.00 139388
dry 56e4 2 222 - 0.03 0.18 41104
aoDLAV 56e4 2 222 - 0.09 1.97 107984
aoULAV 56e4 2 222 - 0.08 2.07 107984
aoD2AG 56e4 2 222 - 0.12 2.93 140576
aoD2SG 56e4 2 222 - 0.12 4.21 143892
dry 1e3 10 193 - 0.03 0.12 26140
aoDLAV 1e3 10 193 - 0.03 0.16 30652
aoULAV 1e3 10 193 - 0.03 0.16 30664
aoD2AG 1e3 10 193 - 0.04 0.16 31072
aoD2SG 1e3 10 193 - 0.02 0.17 31100
moore 1e3 10 193 - 0.07 5.08 59840
nbpm 1e3 10 193 - 0.12 4.88 136140
greedy 1e3 10 193 - 0.08 1.06 139616
dry 250e2 2 205 - 0.02 0.12 30628
aoDLAV 250e2 2 205 - 0.03 0.19 31108
aoULAV 250e2 2 205 - 0.02 0.23 31216
aoD2AG 250e2 2 205 - 0.04 0.24 33860
aoD2SG 250e2 2 205 - 0.04 0.23 33960
dry 1e5 10 127 - 0.03 0.18 38396
aoDLAV 1e5 10 127 - 0.04 22.34 53536
aoULAV 1e5 10 127 - 0.04 26.86 55312
aoD2AG 1e5 10 127 - 0.06 21.83 62688
aoD2SG 1e5 10 127 - 0.05 23.88 66832
dry 1e2 5 188 - 0.02 0.12 25996
aoDLAV 1e2 5 188 - 0.03 0.14 30212
aoULAV 1e2 5 188 - 0.03 0.14 30224
aoD2AG 1e2 5 188 - 0.02 0.15 30384
aoD2SG 1e2 5 188 - 0.02 0.15 30388
moore 1e2 5 188 - 0.03 0.23 30492
nbpm 1e2 5 188 - 0.07 2.13 53016
greedy 1e2 5 188 - 0.02 0.15 30920
dry 350e2 2 99 - 0.03 0.11 30828
aoDLAV 350e2 2 99 - 0.02 0.23 31480
aoULAV 350e2 2 99 - 0.03 0.22 32260
aoD2AG 350e2 2 99 - 0.04 0.24 34848
aoD2SG 350e2 2 99 - 0.03 0.26 35128
dry 1e5 2 113 - 0.02 0.13 32028
aoDLAV 1e5 2 113 - 0.04 0.52 34800
aoULAV 1e5 2 113 - 0.03 0.44 35320
aoD2AG 1e5 2 113 - 0.04 0.55 42604
aoD2SG 1e5 2 113 - 0.04 0.64 43800
dry 1e6 2 151 - 0.04 0.19 49704
aoDLAV 1e6 2 151 - 0.12 3.59 178456
aoULAV 1e6 2 151 - 0.13 3.79 178456
aoD2AG 1e6 2 151 - 0.17 5.22 233508
aoD2SG 1e6 2 151 - 0.18 6.13 241620
dry 1e3 10 33 - 0.02 0.11 26136
aoDLAV 1e3 10 33 - 0.02 0.17 30656
aoULAV 1e3 10 33 - 0.03 0.16 30664
aoD2AG 1e3 10 33 - 0.03 0.16 31064
aoD2SG 1e3 10 33 - 0.03 0.16 31076
moore 1e3 10 33 - 0.04 4.89 59840
nbpm 1e3 10 33 - 0.12 5.38 136140
greedy 1e3 10 33 - 0.09 1.20 139620
dry 5e4 5 78 - 0.02 0.14 31928
aoDLAV 5e4 5 78 - 0.04 0.78 34704
aoULAV 5e4 5 78 - 0.04 0.79 34704
aoD2AG 5e4 5 78 - 0.05 0.87 37732
aoD2SG 5e4 5 78 - 0.03 0.91 37940
dry 1e3 5 192 - 0.02 0.12 26056
aoDLAV 1e3 5 192 - 0.03 0.15 30428
aoULAV 1e3 5 192 - 0.02 0.15 30436
aoD2AG 1e3 5 192 - 0.02 0.15 30744
aoD2SG 1e3 5 192 - 0.03 0.14 30764
moore 1e3 5 192 - 0.06 5.70 59800
nbpm 1e3 5 192 - 0.09 4.57 129244
greedy 1e3 5 192 - 0.09 1.05 139392
dry 1e3 10 48 - 0.03 0.11 26136
aoDLAV 1e3 10 48 - 0.03 0.16 30652
aoULAV 1e3 10 48 - 0.03 0.17 30668
aoD2AG 1e3 10 48 - 0.04 0.15 31076
aoD2SG 1e3 10 48 - 0.03 0.16 31088
moore 1e3 10 48 - 0.04 3.65 59996
nbpm 1e3 10 48 - 0.11 4.79 136140
greedy 1e3 10 48 - 0.09 1.05 139616
dry 1e5 10 14 - 0.03 0.18 38396
aoDLAV 1e5 10 14 - 0.05 21.13 53540
aoULAV 1e5 10 14 - 0.06 20.05 55312
aoD2AG 1e5 10 14 - 0.05 19.95 62728
aoD2SG 1e5 10 14 - 0.06 35.49 66836
dry 32e1 2 93 - 0.03 0.10 26000
aoDLAV 32e1 2 93 - 0.03 0.14 30200
aoULAV 32e1 2 93 - 0.03 0.14 30212
aoD2AG 32e1 2 93 - 0.02 0.15 30376
aoD2SG 32e1 2 93 - 0.03 0.14 30388
moore 32e1 2 93 - 0.03 0.37 33688
nbpm 32e1 2 93 - 0.08 2.28 58308
greedy 32e1 2 93 - 0.03 0.21 40972
dry 1e2 5 28 - 0.02 0.12 25996
aoDLAV 1e2 5 28 - 0.03 0.14 30212
aoULAV 1e2 5 28 - 0.03 0.14 30228
aoD2AG 1e2 5 28 - 0.03 0.14 30388
aoD2SG 1e2 5 28 - 0.03 0.14 30392
moore 1e2 5 28 - 0.03 0.19 30492
nbpm 1e2 5 28 - 0.07 2.07 53016
greedy 1e2 5 28 - 0.02 0.14 30920
dry 275e2 2 55 - 0.03 0.11 27120
aoDLAV 275e2 2 55 - 0.03 0.19 31244
aoULAV 275e2 2 55 - 0.04 0.19 31576
aoD2AG 275e2 2 55 - 0.03 0.22 34700
aoD2SG 275e2 2 55 - 0.03 0.23 34812
dry 300e2 2 170 - 0.03 0.11 29224
aoDLAV 300e2 2 170 - 0.03 0.20 31296
aoULAV 300e2 2 170 - 0.02 0.21 31896
aoD2AG 300e2 2 170 - 0.02 0.24 35060
aoD2SG 300e2 2 170 - 0.03 0.24 34712
dry 56e1 2 204 - 0.02 0.12 26012
aoDLAV 56e1 2 204 - 0.03 0.14 30220
aoULAV 56e1 2 204 - 0.03 0.14 30232
aoD2AG 56e1 2 204 - 0.03 0.14 30416
aoD2SG 56e1 2 204 - 0.03 0.14 30424
moore 56e1 2 204 - 0.03 0.65 39692
nbpm 56e1 2 204 - 0.10 3.13 78708
greedy 56e1 2 204 - 0.04 0.38 64104
dry 250e2 2 203 - 0.02 0.12 27020
aoDLAV 250e2 2 203 - 0.03 0.19 31112
aoULAV 250e2 2 203 - 0.03 0.20 31212
aoD2AG 250e2 2 203 - 0.03 0.21 33860
aoD2SG 250e2 2 203 - 0.02 0.23 33964
dry 350e2 2 14 - 0.02 0.12 27416
aoDLAV 350e2 2 14 - 0.02 0.25 31484
aoULAV 350e2 2 14 - 0.03 0.24 32260
aoD2AG 350e2 2 14 - 0.03 0.26 34848
aoD2SG 350e2 2 14 - 0.04 0.28 35128
dry 5e4 5 175 - 0.03 0.13 30200
aoDLAV 5e4 5 175 - 0.04 0.76 34704
aoULAV 5e4 5 175 - 0.02 0.96 34708
aoD2AG 5e4 5 175 - 0.04 0.78 37724
aoD2SG 5e4 5 175 - 0.03 0.87 37936
dry 32e1 2 43 - 0.02 0.12 26004
aoDLAV 32e1 2 43 - 0.02 0.15 30200
aoULAV 32e1 2 43 - 0.03 0.14 30208
aoD2AG 32e1 2 43 - 0.03 0.14 30376
aoD2SG 32e1 2 43 - 0.02 0.14 30384
moore 32e1 2 43 - 0.04 0.72 33676
nbpm 32e1 2 43 - 0.07 2.39 58300
greedy 32e1 2 43 - 0.04 0.21 40976
dry 18e1 2 90 - 0.02 0.12 26004
aoDLAV 18e1 2 90 - 0.03 0.14 30184
aoULAV 18e1 2 90 - 0.03 0.14 30196
aoD2AG 18e1 2 90 - 0.03 0.15 30360
aoD2SG 18e1 2 90 - 0.03 0.14 30368
moore 18e1 2 90 - 0.02 0.28 30496
nbpm 18e1 2 90 - 0.07 2.21 54444
greedy 18e1 2 90 - 0.03 0.15 33348
dry 18e1 2 156 - 0.03 0.11 26008
aoDLAV 18e1 2 156 - 0.03 0.14 30184
aoULAV 18e1 2 156 - 0.04 0.13 30196
aoD2AG 18e1 2 156 - 0.03 0.14 30360
aoD2SG 18e1 2 156 - 0.03 0.14 30364
moore 18e1 2 156 - 0.03 0.21 30496
nbpm 18e1 2 156 - 0.08 2.11 54448
greedy 18e1 2 156 - 0.04 0.15 33348
dry 325e2 2 178 - 0.03 0.11 27320
aoDLAV 325e2 2 178 - 0.03 0.21 31412
aoULAV 325e2 2 178 - 0.03 0.21 32120
aoD2AG 325e2 2 178 - 0.04 0.23 35000
aoD2SG 325e2 2 178 - 0.04 0.26 34764
dry 1e1 2 15 - 0.02 0.12 25992
aoDLAV 1e1 2 15 - 0.02 0.14 30160
aoULAV 1e1 2 15 - 0.02 0.15 30172
aoD2AG 1e1 2 15 - 0.03 0.14 30316
aoD2SG 1e1 2 15 - 0.03 0.14 30324
moore 1e1 2 15 - 0.03 0.18 30476
nbpm 1e1 2 15 - 0.07 2.09 49816
greedy 1e1 2 15 - 0.03 0.13 30124
dry 350e2 2 117 - 0.02 0.12 27416
aoDLAV 350e2 2 117 - 0.03 0.22 31480
aoULAV 350e2 2 117 - 0.03 0.22 32256
aoD2AG 350e2 2 117 - 0.02 0.26 34848
aoD2SG 350e2 2 117 - 0.03 0.27 35136
dry 56e1 2 203 - 0.03 0.11 26008
aoDLAV 56e1 2 203 - 0.03 0.14 30220
aoULAV 56e1 2 203 - 0.02 0.14 30232
aoD2AG 56e1 2 203 - 0.03 0.14 30416
aoD2SG 56e1 2 203 - 0.03 0.14 30424
moore 56e1 2 203 - 0.03 1.34 39652
nbpm 56e1 2 203 - 0.12 2.86 78704
greedy 56e1 2 203 - 0.04 0.40 64104
dry 350e2 2 195 - 0.02 0.12 27420
aoDLAV 350e2 2 195 - 0.04 0.22 31480
aoULAV 350e2 2 195 - 0.03 0.23 32256
aoD2AG 350e2 2 195 - 0.03 0.27 34852
aoD2SG 350e2 2 195 - 0.04 0.28 35136
dry 1e5 5 124 - 0.02 0.14 34480
aoDLAV 1e5 5 124 - 0.05 1.64 41816
aoULAV 1e5 5 124 - 0.03 1.67 43572
aoD2AG 1e5 5 124 - 0.04 2.08 53560
aoD2SG 1e5 5 124 - 0.05 1.98 53204
dry 1e1 2 122 - 0.03 0.11 25996
aoDLAV 1e1 2 122 - 0.03 0.14 30160
aoULAV 1e1 2 122 - 0.03 0.14 30172
aoD2AG 1e1 2 122 - 0.03 0.14 30324
aoD2SG 1e1 2 122 - 0.02 0.15 30332
moore 1e1 2 122 - 0.03 0.18 30476
nbpm 1e1 2 122 - 0.08 2.27 49816
greedy 1e1 2 122 - 0.01 0.16 30124
dry 5e4 2 48 - 0.03 0.11 28000
aoDLAV 5e4 2 48 - 0.03 0.27 33008
aoULAV 5e4 2 48 - 0.03 0.26 33312
aoD2AG 5e4 2 48 - 0.04 0.31 36404
aoD2SG 5e4 2 48 - 0.03 0.37 36424
dry 300e2 2 225 - 0.02 0.12 27216
aoDLAV 300e2 2 225 - 0.03 0.20 31300
aoULAV 300e2 2 225 - 0.03 0.21 31892
aoD2AG 300e2 2 225 - 0.03 0.24 35060
aoD2SG 300e2 2 225 - 0.04 0.23 34720
dry 5e4 5 123 - 0.03 0.13 31672
aoDLAV 5e4 5 123 - 0.03 0.72 34704
aoULAV 5e4 5 123 - 0.05 0.73 34704
aoD2AG 5e4 5 123 - 0.04 0.78 37724
aoD2SG 5e4 5 123 - 0.05 0.87 37936
dry 375e2 2 233 - 0.02 0.12 30876
aoDLAV 375e2 2 233 - 0.03 0.23 31784
aoULAV 375e2 2 233 - 0.03 0.23 32600
aoD2AG 375e2 2 233 - 0.03 0.27 35516
aoD2SG 375e2 2 233 - 0.03 0.29 35524
dry 1e6 5 115 - 0.06 0.29 73152
aoDLAV 1e6 5 115 - 0.15 17.92 252692
aoULAV 1e6 5 115 - 0.14 19.19 252692
aoD2AG 1e6 5 115 - 0.21 26.05 324720
aoD2SG 1e6 5 115 - 0.21 22.96 333632
dry 5e4 5 208 - 0.03 0.13 31652
aoDLAV 5e4 5 208 - 0.03 0.66 34704
aoULAV 5e4 5 208 - 0.03 0.69 34708
aoD2AG 5e4 5 208 - 0.04 0.76 37724
aoD2SG 5e4 5 208 - 0.03 0.82 37932
dry 1e2 2 28 - 0.02 0.12 25992
aoDLAV 1e2 2 28 - 0.03 0.14 30168
aoULAV 1e2 2 28 - 0.03 0.14 30180
aoD2AG 1e2 2 28 - 0.02 0.15 30340
aoD2SG 1e2 2 28 - 0.03 0.14 30384
moore 1e2 2 28 - 0.03 0.22 30480
nbpm 1e2 2 28 - 0.09 2.09 53000
greedy 1e2 2 28 - 0.03 0.14 30884
dry 1e2 10 77 - 0.03 0.11 26004
aoDLAV 1e2 10 77 - 0.03 0.14 30260
aoULAV 1e2 10 77 - 0.03 0.14 30272
aoD2AG 1e2 10 77 - 0.02 0.14 30440
aoD2SG 1e2 10 77 - 0.03 0.14 30452
moore 1e2 10 77 - 0.03 0.19 30496
nbpm 1e2 10 77 - 0.08 2.07 53076
greedy 1e2 10 77 - 0.02 0.15 30972
dry 250e2 2 58 - 0.02 0.12 28952
aoDLAV 250e2 2 58 - 0.03 0.19 31112
aoULAV 250e2 2 58 - 0.03 0.19 31212
aoD2AG 250e2 2 58 - 0.03 0.22 33860
aoD2SG 250e2 2 58 - 0.03 0.24 33964
dry 225e2 2 222 - 0.03 0.12 28916
aoDLAV 225e2 2 222 - 0.03 0.20 30980
aoULAV 225e2 2 222 - 0.04 0.19 30992
aoD2AG 225e2 2 222 - 0.03 0.22 33372
aoD2SG 225e2 2 222 - 0.02 0.23 33464
dry 1e2 2 60 - 0.02 0.12 25992
aoDLAV 1e2 2 60 - 0.02 0.14 30172
aoULAV 1e2 2 60 - 0.02 0.15 30180
aoD2AG 1e2 2 60 - 0.02 0.15 30340
aoD2SG 1e2 2 60 - 0.03 0.14 30344
moore 1e2 2 60 - 0.02 0.23 30524
nbpm 1e2 2 60 - 0.10 2.23 53008
greedy 1e2 2 60 - 0.03 0.14 30880
dry 1e5 5 26 - 0.03 0.14 34480
aoDLAV 1e5 5 26 - 0.04 1.64 41816
aoULAV 1e5 5 26 - 0.05 1.59 43568
aoD2AG 1e5 5 26 - 0.05 1.71 53560
aoD2SG 1e5 5 26 - 0.04 1.77 53200
dry 5e4 10 118 - 0.03 0.14 33892
aoDLAV 5e4 10 118 - 0.04 7.82 40200
aoULAV 5e4 10 118 - 0.04 7.14 40200
aoD2AG 5e4 10 118 - 0.05 6.39 44984
aoD2SG 5e4 10 118 - 0.03 9.13 44996
dry 5e4 10 141 - 0.03 0.13 33888
aoDLAV 5e4 10 141 - 0.04 6.27 40200
aoULAV 5e4 10 141 - 0.04 6.36 40200
aoD2AG 5e4 10 141 - 0.05 6.69 44984
aoD2SG 5e4 10 141 - 0.08 10.17 45000
dry 32e4 2 106 - 0.03 0.17 36424
aoDLAV 32e4 2 106 - 0.06 1.30 70828
aoULAV 32e4 2 106 - 0.07 1.30 70840
aoD2AG 32e4 2 106 - 0.08 1.78 88412
aoD2SG 32e4 2 106 - 0.08 1.99 90936
dry 1e3 2 145 - 0.02 0.12 26020
aoDLAV 1e3 2 145 - 0.03 0.14 30284
aoULAV 1e3 2 145 - 0.03 0.14 30296
aoD2AG 1e3 2 145 - 0.02 0.15 30540
aoD2SG 1e3 2 145 - 0.03 0.14 30560
moore 1e3 2 145 - 0.04 2.36 59804
nbpm 1e3 2 145 - 0.13 4.63 138616
greedy 1e3 2 145 - 0.07 1.09 139244
dry 1e3 5 139 - 0.03 0.11 26056
aoDLAV 1e3 5 139 - 0.03 0.15 30428
aoULAV 1e3 5 139 - 0.03 0.14 30436
aoD2AG 1e3 5 139 - 0.02 0.15 30748
aoD2SG 1e3 5 139 - 0.03 0.15 30776
moore 1e3 5 139 - 0.05 3.69 59800
nbpm 1e3 5 139 - 0.11 5.00 129296
greedy 1e3 5 139 - 0.08 1.10 139388
dry 225e2 2 70 - 0.03 0.11 26920
aoDLAV 225e2 2 70 - 0.03 0.19 30980
aoULAV 225e2 2 70 - 0.03 0.19 30992
aoD2AG 225e2 2 70 - 0.02 0.21 33396
aoD2SG 225e2 2 70 - 0.03 0.22 33464
dry 1e2 10 123 - 0.02 0.11 26004
aoDLAV 1e2 10 123 - 0.03 0.14 30260
aoULAV 1e2 10 123 - 0.03 0.14 30276
aoD2AG 1e2 10 123 - 0.03 0.14 30444
aoD2SG 1e2 10 123 - 0.03 0.14 30448
moore 1e2 10 123 - 0.03 0.26 30496
nbpm 1e2 10 123 - 0.07 2.18 53076
greedy 1e2 10 123 - 0.03 0.15 31004
dry 1e6 10 31 - 0.07 0.39 112232
aoDLAV 1e6 10 31 - 0.20 328.64 369884
aoULAV 1e6 10 31 - 0.28 335.69 369884
aoD2AG 1e6 10 31 - 0.39 424.65 447152
aoD2SG 1e6 10 31 - 0.45 420.62 457520
dry 1e5 5 35 - 0.04 0.13 34480
aoDLAV 1e5 5 35 - 0.05 1.64 41816
aoULAV 1e5 5 35 - 0.06 1.64 43568
aoD2AG 1e5 5 35 - 0.05 1.78 53564
aoD2SG 1e5 5 35 - 0.05 1.98 53244
dry 275e2 2 221 - 0.02 0.11 27124
aoDLAV 275e2 2 221 - 0.03 0.21 31240
aoULAV 275e2 2 221 - 0.03 0.21 31572
aoD2AG 275e2 2 221 - 0.03 0.24 34696
aoD2SG 275e2 2 221 - 0.03 0.25 34816
dry 400e2 2 217 - 0.02 0.12 27620
aoDLAV 400e2 2 217 - 0.02 0.26 32236
aoULAV 400e2 2 217 - 0.03 0.24 33116
aoD2AG 400e2 2 217 - 0.04 0.29 36072
aoD2SG 400e2 2 217 - 0.04 0.29 35928
dry 1e3 2 125 - 0.02 0.12 26020
aoDLAV 1e3 2 125 - 0.03 0.14 30280
aoULAV 1e3 2 125 - 0.03 0.14 30296
aoD2AG 1e3 2 125 - 0.02 0.15 30536
aoD2SG 1e3 2 125 - 0.03 0.15 30556
moore 1e3 2 125 - 0.05 3.71 59780
nbpm 1e3 2 125 - 0.15 4.52 138564
greedy 1e3 2 125 - 0.08 0.99 139248
dry 275e2 2 10 - 0.03 0.11 27120
aoDLAV 275e2 2 10 - 0.04 0.20 31244
aoULAV 275e2 2 10 - 0.03 0.20 31568
aoD2AG 275e2 2 10 - 0.04 0.22 34692
aoD2SG 275e2 2 10 - 0.03 0.24 34812
dry 225e2 2 60 - 0.03 0.11 26920
aoDLAV 225e2 2 60 - 0.03 0.19 30980
aoULAV 225e2 2 60 - 0.03 0.19 30992
aoD2AG 225e2 2 60 - 0.03 0.21 33372
aoD2SG 225e2 2 60 - 0.04 0.21 33464
dry 1e6 5 67 - 0.05 0.28 73152
aoDLAV 1e6 5 67 - 0.17 19.81 252688
aoULAV 1e6 5 67 - 0.16 26.36 252688
aoD2AG 1e6 5 67 - 0.23 22.10 323972
aoD2SG 1e6 5 67 - 0.22 22.96 332424
dry 1e3 5 227 - 0.03 0.11 26056
aoDLAV 1e3 5 227 - 0.02 0.15 30428
aoULAV 1e3 5 227 - 0.03 0.14 30436
aoD2AG 1e3 5 227 - 0.04 0.14 30748
aoD2SG 1e3 5 227 - 0.03 0.16 30772
moore 1e3 5 227 - 0.04 4.34 59800
nbpm 1e3 5 227 - 0.14 4.97 129248
greedy 1e3 5 227 - 0.09 1.05 139388
dry 56e1 2 103 - 0.02 0.12 26012
aoDLAV 56e1 2 103 - 0.03 0.14 30224
aoULAV 56e1 2 103 - 0.02 0.15 30232
aoD2AG 56e1 2 103 - 0.03 0.14 30420
aoD2SG 56e1 2 103 - 0.03 0.14 30424
moore 56e1 2 103 - 0.03 1.93 39664
nbpm 56e1 2 103 - 0.10 3.27 78712
greedy 56e1 2 103 - 0.05 0.38 64104
dry 56e1 2 198 - 0.02 0.12 26008
aoDLAV 56e1 2 198 - 0.04 0.13 30220
aoULAV 56e1 2 198 - 0.02 0.15 30236
aoD2AG 56e1 2 198 - 0.03 0.14 30420
aoD2SG 56e1 2 198 - 0.03 0.14 30424
moore 56e1 2 198 - 0.03 0.74 39680
nbpm 56e1 2 198 - 0.09 2.95 78704
greedy 56e1 2 198 - 0.03 0.37 64108
dry 1e2 5 46 - 0.02 0.12 27952
aoDLAV 1e2 5 46 - 0.03 0.15 30216
aoULAV 1e2 5 46 - 0.03 0.14 30224
aoD2AG 1e2 5 46 - 0.02 0.15 30384
aoD2SG 1e2 5 46 - 0.02 0.15 30392
moore 1e2 5 46 - 0.03 0.22 30492
nbpm 1e2 5 46 - 0.09 2.31 53016
greedy 1e2 5 46 - 0.02 0.15 30924
dry 5e4 10 244 - 0.04 0.14 33888
aoDLAV 5e4 10 244 - 0.03 7.98 40200
aoULAV 5e4 10 244 - 0.06 7.50 40200
aoD2AG 5e4 10 244 - 0.04 7.79 44980
aoD2SG 5e4 10 244 - 0.05 9.49 44996
dry 1e6 2 42 - 0.03 0.20 49704
aoDLAV 1e6 2 42 - 0.10 3.86 178456
aoULAV 1e6 2 42 - 0.12 4.08 178460
aoD2AG 1e6 2 42 - 0.17 5.89 234260
aoD2SG 1e6 2 42 - 0.20 6.58 241856
dry 1e2 10 198 - 0.03 0.11 26008
aoDLAV 1e2 10 198 - 0.03 0.14 30260
aoULAV 1e2 10 198 - 0.02 0.15 30272
aoD2AG 1e2 10 198 - 0.03 0.14 30440
aoD2SG 1e2 10 198 - 0.03 0.14 30448
moore 1e2 10 198 - 0.03 0.23 30500
nbpm 1e2 10 198 - 0.09 2.18 53076
greedy 1e2 10 198 - 0.03 0.15 30976
dry 18e4 2 49 - 0.04 0.13 33108
aoDLAV 18e4 2 49 - 0.05 0.76 47860
aoULAV 18e4 2 49 - 0.05 0.76 47860
aoD2AG 18e4 2 49 - 0.06 1.05 58644
aoD2SG 18e4 2 49 - 0.06 1.13 59884
dry 275e2 2 194 - 0.02 0.12 27120
aoDLAV 275e2 2 194 - 0.03 0.20 31240
aoULAV 275e2 2 194 - 0.02 0.22 31572
aoD2AG 275e2 2 194 - 0.04 0.22 34696
aoD2SG 275e2 2 194 - 0.03 0.24 34816
dry 32e1 2 155 - 0.02 0.12 26000
aoDLAV 32e1 2 155 - 0.02 0.14 30196
aoULAV 32e1 2 155 - 0.03 0.14 30208
aoD2AG 32e1 2 155 - 0.03 0.14 30380
aoD2SG 32e1 2 155 - 0.04 0.13 30384
moore 32e1 2 155 - 0.03 0.45 33688
nbpm 32e1 2 155 - 0.07 2.37 58304
greedy 32e1 2 155 - 0.04 0.20 40976
dry 1e2 10 8 - 0.02 0.12 26008
aoDLAV 1e2 10 8 - 0.03 0.14 30260
aoULAV 1e2 10 8 - 0.03 0.15 30272
aoD2AG 1e2 10 8 - 0.02 0.15 30432
aoD2SG 1e2 10 8 - 0.03 0.14 30444
moore 1e2 10 8 - 0.03 0.25 30496
nbpm 1e2 10 8 - 0.08 2.14 53076
greedy 1e2 10 8 - 0.03 0.14 30972
dry 18e1 2 3 - 0.03 0.10 26008
aoDLAV 18e1 2 3 - 0.02 0.15 30184
aoULAV 18e1 2 3 - 0.03 0.14 30196
aoD2AG 18e1 2 3 - 0.02 0.14 30356
aoD2SG 18e1 2 3 - 0.03 0.15 30364
moore 18e1 2 3 - 0.03 0.31 30492
nbpm 18e1 2 3 - 0.08 2.17 54440
greedy 18e1 2 3 - 0.03 0.16 33348
dry 32e4 2 137 - 0.03 0.16 36424
aoDLAV 32e4 2 137 - 0.04 1.19 70828
aoULAV 32e4 2 137 - 0.06 1.25 70840
aoD2AG 32e4 2 137 - 0.07 1.71 89056
aoD2SG 32e4 2 137 - 0.08 1.80 91524
dry 5e4 2 150 - 0.01 0.13 29312
aoDLAV 5e4 2 150 - 0.03 0.26 33012
aoULAV 5e4 2 150 - 0.03 0.26 33316
aoD2AG 5e4 2 150 - 0.03 0.32 36408
aoD2SG 5e4 2 150 - 0.03 0.34 36424
dry 1e2 5 94 - 0.02 0.11 25996
aoDLAV 1e2 5 94 - 0.03 0.14 30212
aoULAV 1e2 5 94 - 0.03 0.13 30224
aoD2AG 1e2 5 94 - 0.03 0.14 30412
aoD2SG 1e2 5 94 - 0.03 0.14 30392
moore 1e2 5 94 - 0.03 0.21 30492
nbpm 1e2 5 94 - 0.07 2.24 53016
greedy 1e2 5 94 - 0.04 0.13 30924
dry 350e2 2 89 - 0.03 0.11 29168
aoDLAV 350e2 2 89 - 0.03 0.22 31480
aoULAV 350e2 2 89 - 0.03 0.23 32260
aoD2AG 350e2 2 89 - 0.03 0.25 34856
aoD2SG 350e2 2 89 - 0.03 0.27 35132
dry 5e4 10 206 - 0.03 0.14 33888
aoDLAV 5e4 10 206 - 0.04 7.45 40200
aoULAV 5e4 10 206 - 0.04 7.39 40204
aoD2AG 5e4 10 206 - 0.04 7.35 44980
aoD2SG 5e4 10 206 - 0.05 7.74 45000
dry 18e4 2 108 - 0.03 0.13 33104
aoDLAV 18e4 2 108 - 0.05 0.73 47860
aoULAV 18e4 2 108 - 0.05 0.77 47864
aoD2AG 18e4 2 108 - 0.06 0.98 58644
aoD2SG 18e4 2 108 - 0.06 1.08 59888
dry 1e2 2 117 - 0.02 0.12 25996
aoDLAV 1e2 2 117 - 0.03 0.14 30168
aoULAV 1e2 2 117 - 0.02 0.15 30180
aoD2AG 1e2 2 117 - 0.03 0.14 30336
aoD2SG 1e2 2 117 - 0.03 0.14 30344
moore 1e2 2 117 - 0.03 0.21 30488
nbpm 1e2 2 117 - 0.08 2.10 53008
greedy 1e2 2 117 - 0.04 0.13 30880
dry 56e4 2 188 - 0.04 0.17 41104
aoDLAV 56e4 2 188 - 0.08 2.44 107984
aoULAV 56e4 2 188 - 0.08 2.04 107984
aoD2AG 56e4 2 188 - 0.11 2.86 140340
aoD2SG 56e4 2 188 - 0.12 3.17 143816
dry 1e2 10 224 - 0.01 0.12 26004
aoDLAV 1e2 10 224 - 0.03 0.14 30264
aoULAV 1e2 10 224 - 0.02 0.15 30272
aoD2AG 1e2 10 224 - 0.03 0.14 30440
aoD2SG 1e2 10 224 - 0.02 0.15 30448
moore 1e2 10 224 - 0.04 0.20 30496
nbpm 1e2 10 224 - 0.08 2.08 53076
greedy 1e2 10 224 - 0.03 0.14 30972
dry 1e2 5 89 - 0.03 0.11 25996
aoDLAV 1e2 5 89 - 0.02 0.14 30212
aoULAV 1e2 5 89 - 0.03 0.14 30224
aoD2AG 1e2 5 89 - 0.03 0.14 30384
aoD2SG 1e2 5 89 - 0.03 0.14 30388
moore 1e2 5 89 - 0.03 0.25 30492
nbpm 1e2 5 89 - 0.08 2.13 53020
greedy 1e2 5 89 - 0.02 0.15 30924
dry 1e6 5 209 - 0.06 0.26 73152
aoDLAV 1e6 5 209 - 0.14 18.59 252696
aoULAV 1e6 5 209 - 0.14 18.99 252688
aoD2AG 1e6 5 209 - 0.22 21.23 324604
aoD2SG 1e6 5 209 - 0.22 24.63 332348
dry 225e2 2 142 - 0.03 0.11 26920
aoDLAV 225e2 2 142 - 0.03 0.19 30980
aoULAV 225e2 2 142 - 0.03 0.20 30996
aoD2AG 225e2 2 142 - 0.03 0.21 33368
aoD2SG 225e2 2 142 - 0.02 0.23 33464
dry 1e3 10 162 - 0.02 0.12 26136
aoDLAV 1e3 10 162 - 0.03 0.15 30652
aoULAV 1e3 10 162 - 0.02 0.16 30664
aoD2AG 1e3 10 162 - 0.02 0.16 31056
aoD2SG 1e3 10 162 - 0.02 0.16 31080
moore 1e3 10 162 - 0.03 5.19 59840
nbpm 1e3 10 162 - 0.12 5.00 136144
greedy 1e3 10 162 - 0.07 1.05 139620
dry 1e2 2 233 - 0.02 0.12 25992
aoDLAV 1e2 2 233 - 0.02 0.15 30168
aoULAV 1e2 2 233 - 0.02 0.15 30180
aoD2AG 1e2 2 233 - 0.03 0.14 30336
aoD2SG 1e2 2 233 - 0.04 0.13 30344
moore 1e2 2 233 - 0.04 0.21 30488
nbpm 1e2 2 233 - 0.09 2.13 53012
greedy 1e2 2 233 - 0.03 0.15 30884
dry 375e2 2 193 - 0.03 0.11 27520
aoDLAV 375e2 2 193 - 0.02 0.23 31784
aoULAV 375e2 2 193 - 0.03 0.23 32604
aoD2AG 375e2 2 193 - 0.04 0.27 35520
aoD2SG 375e2 2 193 - 0.04 0.28 35528
dry 32e3 2 138 - 0.03 0.12 27296
aoDLAV 32e3 2 138 - 0.02 0.22 31436
aoULAV 32e3 2 138 - 0.03 0.21 32152
aoD2AG 32e3 2 138 - 0.04 0.23 35024
aoD2SG 32e3 2 138 - 0.04 0.25 34792
dry 1e2 10 239 - 0.02 0.12 26004
aoDLAV 1e2 10 239 - 0.03 0.14 30260
aoULAV 1e2 10 239 - 0.02 0.15 30272
aoD2AG 1e2 10 239 - 0.03 0.14 30440
aoD2SG 1e2 10 239 - 0.03 0.14 30448
moore 1e2 10 239 - 0.04 0.22 30496
nbpm 1e2 10 239 - 0.07 2.16 53076
greedy 1e2 10 239 - 0.03 0.15 30972
dry 32e4 2 19 - 0.03 0.17 36424
aoDLAV 32e4 2 19 - 0.06 1.24 70828
aoULAV 32e4 2 19 - 0.05 1.28 70844
aoD2AG 32e4 2 19 - 0.08 1.70 88328
aoD2SG 32e4 2 19 - 0.08 1.94 91836
dry 18e4 2 38 - 0.04 0.13 33192
aoDLAV 18e4 2 38 - 0.05 0.77 47860
aoULAV 18e4 2 38 - 0.05 0.79 47860
aoD2AG 18e4 2 38 - 0.05 1.04 58756
aoD2SG 18e4 2 38 - 0.06 1.34 60036
dry 1e3 10 126 - 0.03 0.11 26136
aoDLAV 1e3 10 126 - 0.02 0.17 30656
aoULAV 1e3 10 126 - 0.04 0.16 30668
aoD2AG 1e3 10 126 - 0.03 0.17 31060
aoD2SG 1e3 10 126 - 0.03 0.17 31084
moore 1e3 10 126 - 0.05 7.25 59844
nbpm 1e3 10 126 - 0.13 4.93 136256
greedy 1e3 10 126 - 0.08 1.03 139616
dry 32e4 2 121 - 0.03 0.18 36424
aoDLAV 32e4 2 121 - 0.06 1.20 70828
aoULAV 32e4 2 121 - 0.05 1.28 70840
aoD2AG 32e4 2 121 - 0.06 1.71 88636
aoD2SG 32e4 2 121 - 0.08 1.86 90876
dry 56e1 2 150 - 0.02 0.12 26008
aoDLAV 56e1 2 150 - 0.03 0.14 30224
aoULAV 56e1 2 150 - 0.03 0.14 30232
aoD2AG 56e1 2 150 - 0.03 0.14 30420
aoD2SG 56e1 2 150 - 0.02 0.15 30428
moore 56e1 2 150 - 0.04 2.45 39660
nbpm 56e1 2 150 - 0.10 2.88 78716
greedy 56e1 2 150 - 0.03 0.39 64104
dry 56e1 2 123 - 0.02 0.12 26008
aoDLAV 56e1 2 123 - 0.03 0.14 30220
aoULAV 56e1 2 123 - 0.02 0.15 30236
aoD2AG 56e1 2 123 - 0.02 0.15 30416
aoD2SG 56e1 2 123 - 0.02 0.15 30428
moore 56e1 2 123 - 0.03 2.55 39664
nbpm 56e1 2 123 - 0.12 3.05 78712
greedy 56e1 2 123 - 0.04 0.39 64108
dry 1e5 2 29 - 0.04 0.12 30644
aoDLAV 1e5 2 29 - 0.03 0.44 34804
aoULAV 1e5 2 29 - 0.03 0.45 35320
aoD2AG 1e5 2 29 - 0.04 0.56 42756
aoD2SG 1e5 2 29 - 0.04 0.63 44016
dry 1e5 2 122 - 0.02 0.14 30936
aoDLAV 1e5 2 122 - 0.03 0.44 34804
aoULAV 1e5 2 122 - 0.04 0.45 35320
aoD2AG 1e5 2 122 - 0.04 0.57 42600
aoD2SG 1e5 2 122 - 0.04 0.63 43804
dry 1e3 2 118 - 0.02 0.12 26024
aoDLAV 1e3 2 118 - 0.03 0.14 30280
aoULAV 1e3 2 118 - 0.03 0.14 30292
aoD2AG 1e3 2 118 - 0.02 0.15 30536
aoD2SG 1e3 2 118 - 0.03 0.14 30556
moore 1e3 2 118 - 0.05 3.08 59804
nbpm 1e3 2 118 - 0.12 4.00 138560
greedy 1e3 2 118 - 0.09 1.01 139248
dry 225e2 2 163 - 0.03 0.11 26920
aoDLAV 225e2 2 163 - 0.03 0.19 30980
aoULAV 225e2 2 163 - 0.03 0.19 30992
aoD2AG 225e2 2 163 - 0.02 0.22 33372
aoD2SG 225e2 2 163 - 0.02 0.22 33460
dry 225e2 2 90 - 0.02 0.12 26920
aoDLAV 225e2 2 90 - 0.03 0.19 30980
aoULAV 225e2 2 90 - 0.02 0.20 30996
aoD2AG 225e2 2 90 - 0.03 0.21 33368
aoD2SG 225e2 2 90 - 0.03 0.22 33468
dry 350e2 2 64 - 0.02 0.12 27420
aoDLAV 350e2 2 64 - 0.02 0.22 31484
aoULAV 350e2 2 64 - 0.03 0.23 32260
aoD2AG 350e2 2 64 - 0.03 0.25 34852
aoD2SG 350e2 2 64 - 0.03 0.27 35136
dry 1e2 10 130 - 0.02 0.12 26004
aoDLAV 1e2 10 130 - 0.02 0.15 30260
aoULAV 1e2 10 130 - 0.03 0.14 30272
aoD2AG 1e2 10 130 - 0.03 0.14 30444
aoD2SG 1e2 10 130 - 0.02 0.15 30448
moore 1e2 10 130 - 0.03 0.21 30496
nbpm 1e2 10 130 - 0.08 2.17 53076
greedy 1e2 10 130 - 0.02 0.15 30976
dry 1e6 5 177 - 0.05 0.28 73156
aoDLAV 1e6 5 177 - 0.16 18.59 252688
aoULAV 1e6 5 177 - 0.16 20.03 252688
aoD2AG 1e6 5 177 - 0.29 21.91 324460
aoD2SG 1e6 5 177 - 0.37 25.26 332412
dry 1e6 5 151 - 0.06 0.26 73152
aoDLAV 1e6 5 151 - 0.16 19.18 252688
aoULAV 1e6 5 151 - 0.15 18.71 252688
aoD2AG 1e6 5 151 - 0.21 20.26 323052
aoD2SG 1e6 5 151 - 0.21 23.00 333744
dry 18e1 2 167 - 0.03 0.11 26004
aoDLAV 18e1 2 167 - 0.03 0.15 30184
aoULAV 18e1 2 167 - 0.03 0.14 30200
aoD2AG 18e1 2 167 - 0.03 0.14 30348
aoD2SG 18e1 2 167 - 0.03 0.14 30364
moore 18e1 2 167 - 0.03 0.35 30492
nbpm 18e1 2 167 - 0.08 2.21 54440
greedy 18e1 2 167 - 0.04 0.15 33348
dry 400e2 2 238 - 0.02 0.12 27620
aoDLAV 400e2 2 238 - 0.04 0.21 32236
aoULAV 400e2 2 238 - 0.02 0.26 33112
aoD2AG 400e2 2 238 - 0.04 0.28 36076
aoD2SG 400e2 2 238 - 0.03 0.30 35928
dry 300e2 2 208 - 0.02 0.12 27216
aoDLAV 300e2 2 208 - 0.03 0.22 31296
aoULAV 300e2 2 208 - 0.03 0.22 31892
aoD2AG 300e2 2 208 - 0.03 0.25 35056
aoD2SG 300e2 2 208 - 0.03 0.26 34716
dry 300e2 2 239 - 0.02 0.12 28940
aoDLAV 300e2 2 239 - 0.02 0.23 31300
aoULAV 300e2 2 239 - 0.04 0.22 31892
aoD2AG 300e2 2 239 - 0.03 0.26 35060
aoD2SG 300e2 2 239 - 0.04 0.25 34720
dry 5e4 5 46 - 0.02 0.13 31560
aoDLAV 5e4 5 46 - 0.04 0.64 34704
aoULAV 5e4 5 46 - 0.04 0.77 34708
aoD2AG 5e4 5 46 - 0.04 0.81 37728
aoD2SG 5e4 5 46 - 0.04 0.89 37936
dry 5e4 5 227 - 0.03 0.14 31492
aoDLAV 5e4 5 227 - 0.04 0.67 34704
aoULAV 5e4 5 227 - 0.02 0.80 34704
aoD2AG 5e4 5 227 - 0.03 0.77 37728
aoD2SG 5e4 5 227 - 0.04 0.86 37940
dry 275e2 2 197 - 0.02 0.12 27124
aoDLAV 275e2 2 197 - 0.03 0.19 31240
aoULAV 275e2 2 197 - 0.03 0.19 31572
aoD2AG 275e2 2 197 - 0.03 0.24 34696
aoD2SG 275e2 2 197 - 0.03 0.27 34812
dry 1e3 5 143 - 0.02 0.12 26056
aoDLAV 1e3 5 143 - 0.03 0.14 30428
aoULAV 1e3 5 143 - 0.02 0.16 30436
aoD2AG 1e3 5 143 - 0.03 0.15 30752
aoD2SG 1e3 5 143 - 0.03 0.15 30780
moore 1e3 5 143 - 0.04 1.75 59828
nbpm 1e3 5 143 - 0.11 4.29 129244
greedy 1e3 5 143 - 0.08 0.94 139388
dry 1e3 2 216 - 0.02 0.11 26020
aoDLAV 1e3 2 216 - 0.02 0.15 30284
aoULAV 1e3 2 216 - 0.02 0.14 30296
aoD2AG 1e3 2 216 - 0.02 0.15 30532
aoD2SG 1e3 2 216 - 0.02 0.16 30548
moore 1e3 2 216 - 0.08 5.86 59800
nbpm 1e3 2 216 - 0.14 4.21 138560
greedy 1e3 2 216 - 0.09 1.05 139244
dry 1e3 5 230 - 0.03 0.11 26060
aoDLAV 1e3 5 230 - 0.03 0.15 30424
aoULAV 1e3 5 230 - 0.03 0.14 30436
aoD2AG 1e3 5 230 - 0.03 0.14 30728
aoD2SG 1e3 5 230 - 0.04 0.14 30744
moore 1e3 5 230 - 0.03 2.41 59832
nbpm 1e3 5 230 - 0.11 4.66 129244
greedy 1e3 5 230 - 0.07 1.08 139388
dry 56e1 2 174 - 0.02 0.12 26008
aoDLAV 56e1 2 174 - 0.03 0.14 30224
aoULAV 56e1 2 174 - 0.03 0.14 30232
aoD2AG 56e1 2 174 - 0.03 0.14 30420
aoD2SG 56e1 2 174 - 0.03 0.14 30424
moore 56e1 2 174 - 0.03 2.71 39656
nbpm 56e1 2 174 - 0.10 3.30 78708
greedy 56e1 2 174 - 0.04 0.45 64104
dry 1e6 10 232 - 0.09 0.42 112236
aoDLAV 1e6 10 232 - 0.23 330.16 369884
aoULAV 1e6 10 232 - 0.31 348.20 369884
aoD2AG 1e6 10 232 - 0.42 365.15 447468
aoD2SG 1e6 10 232 - 0.42 428.26 458008
dry 32e3 2 104 - 0.02 0.12 27296
aoDLAV 32e3 2 104 - 0.03 0.22 31436
aoULAV 32e3 2 104 - 0.03 0.22 32152
aoD2AG 32e3 2 104 - 0.03 0.25 35028
aoD2SG 32e3 2 104 - 0.03 0.26 34788
dry 1e5 10 13 - 0.05 0.17 38396
aoDLAV 1e5 10 13 - 0.05 20.62 53536
aoULAV 1e5 10 13 - 0.06 21.99 55312
aoD2AG 1e5 10 13 - 0.05 21.03 62756
aoD2SG 1e5 10 13 - 0.05 23.69 66832
