dry 1e7 5 75 - 0.17 0.69 459872
aoDLAV 1e7 5 75 - 0.97 225.18 2323016
aoULAV 1e7 5 75 - 1.55 221.94 2323016
aoD2AG 1e7 5 75 - 2.16 240.18 3066004
aoD2SG 1e7 5 75 - 2.74 284.15 3151080
dry 18e5 2 28 - 0.05 0.21 65328
aoDLAV 18e5 2 28 - 0.14 6.29 285512
aoULAV 18e5 2 28 - 0.18 6.87 285520
aoD2AG 18e5 2 28 - 0.24 10.56 412524
aoD2SG 18e5 2 28 - 0.24 11.44 427332
dry 56e5 2 184 - 0.08 0.31 139548
aoDLAV 56e5 2 184 - 0.47 22.93 849556
aoULAV 56e5 2 184 - 0.46 24.25 849604
aoD2AG 56e5 2 184 - 0.74 34.47 1241260
aoD2SG 56e5 2 184 - 0.90 39.62 1286624
dry 32e5 2 88 - 0.06 0.24 92676
aoDLAV 32e5 2 88 - 0.25 12.83 493324
aoULAV 32e5 2 88 - 0.30 12.28 493380
aoD2AG 32e5 2 88 - 0.42 18.64 718344
aoD2SG 32e5 2 88 - 0.40 20.82 743480
dry 32e5 2 107 - 0.05 0.26 92676
aoDLAV 32e5 2 107 - 0.25 11.87 493324
aoULAV 32e5 2 107 - 0.26 12.66 493336
aoD2AG 32e5 2 107 - 0.41 18.15 717520
aoD2SG 32e5 2 107 - 0.42 20.79 742844
dry 1e7 10 250 - 0.43 1.37 850508
aoDLAV 1e7 10 250 - 1.55 4793.66 3533956
aoULAV 1e7 10 250 - 2.31 4777.15 3533960
aoD2AG 1e7 10 250 - 3.57 4812.69 4336156
aoD2SG 1e7 10 250 - 3.69 5750.58 4428324
dry 32e5 2 203 - 0.06 0.25 92676
aoDLAV 32e5 2 203 - 0.27 11.65 493324
aoULAV 32e5 2 203 - 0.27 12.54 493336
aoD2AG 32e5 2 203 - 0.38 18.19 717424
aoD2SG 32e5 2 203 - 0.39 20.54 744736
dry 32e5 2 160 - 0.05 0.25 92676
aoDLAV 32e5 2 160 - 0.26 11.83 493324
aoULAV 32e5 2 160 - 0.24 12.68 493336
aoD2AG 32e5 2 160 - 0.42 18.03 719260
aoD2SG 32e5 2 160 - 0.41 21.93 744264
dry 1e7 10 108 - 0.40 1.38 850508
aoDLAV 1e7 10 108 - 1.53 5002.10 3534004
aoULAV 1e7 10 108 - 2.86 6267.54 3533956
aoD2AG 1e7 10 108 - 3.81 6235.00 4337976
aoD2SG 1e7 10 108 - 3.62 6074.53 4426260
dry 1e7 2 41 - 0.11 0.45 225484
aoDLAV 1e7 2 41 - 0.80 43.86 1502688
aoULAV 1e7 2 41 - 1.02 46.94 1502684
aoD2AG 1e7 2 41 - 1.48 66.30 2204640
aoD2SG 1e7 2 41 - 1.56 76.42 2283656
dry 56e5 2 174 - 0.08 0.32 139548
aoDLAV 56e5 2 174 - 0.47 22.64 849556
aoULAV 56e5 2 174 - 0.47 24.18 849560
aoD2AG 56e5 2 174 - 0.72 34.44 1243484
aoD2SG 56e5 2 174 - 0.84 39.58 1287000
dry 18e5 2 184 - 0.05 0.21 65328
aoDLAV 18e5 2 184 - 0.16 6.62 285508
aoULAV 18e5 2 184 - 0.16 6.94 285524
aoD2AG 18e5 2 184 - 0.22 9.87 412568
aoD2SG 18e5 2 184 - 0.25 11.13 426212
dry 18e5 2 4 - 0.04 0.21 65324
aoDLAV 18e5 2 4 - 0.15 6.34 285508
aoULAV 18e5 2 4 - 0.16 6.76 285520
aoD2AG 18e5 2 4 - 0.24 9.82 412060
aoD2SG 18e5 2 4 - 0.26 11.13 426752
dry 1e7 2 111 - 0.13 0.43 225488
aoDLAV 1e7 2 111 - 0.74 44.20 1502684
aoULAV 1e7 2 111 - 0.74 46.91 1502684
aoD2AG 1e7 2 111 - 1.53 66.89 2203332
aoD2SG 1e7 2 111 - 1.62 76.75 2284300
dry 32e5 2 127 - 0.05 0.26 92676
aoDLAV 32e5 2 127 - 0.26 11.86 493324
aoULAV 32e5 2 127 - 0.24 12.72 493336
aoD2AG 32e5 2 127 - 0.42 18.26 718984
aoD2SG 32e5 2 127 - 0.42 20.86 743112
dry 1e7 2 2 - 0.12 0.44 225484
aoDLAV 1e7 2 2 - 0.77 44.16 1502684
aoULAV 1e7 2 2 - 0.77 47.51 1502688
aoD2AG 1e7 2 2 - 1.52 66.22 2205320
aoD2SG 1e7 2 2 - 1.82 76.35 2284440
dry 1e7 10 16 - 0.43 1.38 850512
aoDLAV 1e7 10 16 - 1.50 4780.41 3533956
aoULAV 1e7 10 16 - 2.35 4871.51 3533952
aoD2AG 1e7 10 16 - 3.86 5419.97 4338896
aoD2SG 1e7 10 16 - 3.63 5880.31 4425856
dry 1e7 2 231 - 0.12 0.43 225484
aoDLAV 1e7 2 231 - 0.77 44.39 1502684
aoULAV 1e7 2 231 - 0.77 47.55 1502684
aoD2AG 1e7 2 231 - 1.58 67.75 2203576
aoD2SG 1e7 2 231 - 1.66 77.12 2282764
dry 56e5 2 59 - 0.08 0.31 139544
aoDLAV 56e5 2 59 - 0.46 22.91 849556
aoULAV 56e5 2 59 - 0.53 24.26 849560
aoD2AG 56e5 2 59 - 0.74 34.51 1242348
aoD2SG 56e5 2 59 - 0.73 39.78 1287900
dry 18e5 2 236 - 0.04 0.22 65324
aoDLAV 18e5 2 236 - 0.17 6.32 285508
aoULAV 18e5 2 236 - 0.15 6.76 285524
aoD2AG 18e5 2 236 - 0.24 9.79 412148
aoD2SG 18e5 2 236 - 0.24 11.04 427352
dry 1e7 10 237 - 0.50 1.45 850512
aoDLAV 1e7 10 237 - 1.50 4839.56 3533956
aoULAV 1e7 10 237 - 2.41 4781.52 3533956
aoD2AG 1e7 10 237 - 3.49 4865.92 4337832
aoD2SG 1e7 10 237 - 3.60 5809.86 4427236
dry 1e7 5 81 - 0.24 0.79 459868
aoDLAV 1e7 5 81 - 1.08 215.89 2323020
aoULAV 1e7 5 81 - 1.08 218.68 2323020
aoD2AG 1e7 5 81 - 2.43 241.70 3063844
aoD2SG 1e7 5 81 - 2.57 286.33 3149716
dry 56e5 2 188 - 0.09 0.31 139544
aoDLAV 56e5 2 188 - 0.44 22.81 849556
aoULAV 56e5 2 188 - 0.45 24.24 849556
aoD2AG 56e5 2 188 - 0.78 34.48 1242548
aoD2SG 56e5 2 188 - 0.71 39.70 1286940
dry 1e7 5 147 - 0.24 0.79 459868
aoDLAV 1e7 5 147 - 1.05 215.52 2323020
aoULAV 1e7 5 147 - 1.56 218.46 2323020
aoD2AG 1e7 5 147 - 2.48 241.60 3064388
aoD2SG 1e7 5 147 - 2.47 284.31 3149680
dry 1e7 5 182 - 0.23 0.79 459868
aoDLAV 1e7 5 182 - 1.11 213.28 2323016
aoULAV 1e7 5 182 - 1.05 216.03 2323016
aoD2AG 1e7 5 182 - 2.41 237.38 3064276
aoD2SG 1e7 5 182 - 2.55 282.55 3149564
dry 56e5 2 38 - 0.08 0.31 139544
aoDLAV 56e5 2 38 - 0.42 22.64 849556
aoULAV 56e5 2 38 - 0.43 24.08 849556
aoD2AG 56e5 2 38 - 0.75 34.10 1242936
aoD2SG 56e5 2 38 - 0.74 39.18 1286780
dry 1e7 10 116 - 0.45 1.37 850508
aoDLAV 1e7 10 116 - 1.54 4731.75 3533956
aoULAV 1e7 10 116 - 2.25 4775.54 3534068
aoD2AG 1e7 10 116 - 3.40 4731.32 4337188
aoD2SG 1e7 10 116 - 3.54 5674.22 4425204
dry 56e5 2 160 - 0.08 0.32 139544
aoDLAV 56e5 2 160 - 0.45 22.19 849620
aoULAV 56e5 2 160 - 0.48 23.54 849556
aoD2AG 56e5 2 160 - 0.73 33.61 1243260
aoD2SG 56e5 2 160 - 0.75 38.46 1286496
dry 18e5 2 69 - 0.05 0.21 65324
aoDLAV 18e5 2 69 - 0.16 6.23 285508
aoULAV 18e5 2 69 - 0.16 6.55 285520
aoD2AG 18e5 2 69 - 0.25 9.65 412060
aoD2SG 18e5 2 69 - 0.25 11.10 427128
dry 1e7 10 122 - 0.41 1.37 850508
aoDLAV 1e7 10 122 - 1.55 4726.57 3533956
aoULAV 1e7 10 122 - 2.46 6882.91 3533960
aoD2AG 1e7 10 122 - 3.60 4789.41 4337532
aoD2SG 1e7 10 122 - 3.56 5634.55 4425240
