dry 25e2 2 36 - 0.03 0.11 26080
aoDLAV 25e2 2 36 - 0.03 0.14 30456
aoULAV 25e2 2 36 - 0.04 0.13 30468
aoD2AG 25e2 2 36 - 0.03 0.14 30992
aoD2SG 25e2 2 36 - 0.05 0.12 31044
moore 25e2 2 36 - 0.11 34.03 213600
nbpm 25e2 2 36 - 0.55 11.92 541636
greedy 25e2 2 36 - 0.38 8.72 713664
dry 1e4 5 214 - 0.03 0.12 26900
aoDLAV 1e4 5 214 - 0.03 0.21 31088
aoULAV 1e4 5 214 - 0.03 0.21 31100
aoD2AG 1e4 5 214 - 0.02 0.24 32108
aoD2SG 1e4 5 214 - 0.03 0.23 32108
moore 1e4 5 214 - 1.13 1073.48 2961732
nbpm 1e4 5 214 - 7.28 608.62 7811452
greedy 1e4 5 214 - 6.43 301.11 10959172
dry 25e2 2 166 - 0.02 0.12 26080
aoDLAV 25e2 2 166 - 0.03 0.15 30452
aoULAV 25e2 2 166 - 0.03 0.14 30464
aoD2AG 25e2 2 166 - 0.03 0.16 30984
aoD2SG 25e2 2 166 - 0.02 0.17 31036
moore 25e2 2 166 - 0.10 29.82 213604
nbpm 25e2 2 166 - 0.56 12.11 541644
greedy 25e2 2 166 - 0.43 9.59 713668
dry 6e7 2 116 - 0.67 1.89 1202044
aoDLAV 6e7 2 116 - 5.22 364.52 8924564
aoULAV 6e7 2 116 - 6.73 388.56 8924564
aoD2AG 6e7 2 116 - 11.99 554.45 13121184
aoD2SG 6e7 2 116 - 12.99 657.75 13597000
dry 2e7 2 56 - 0.24 0.75 420796
aoDLAV 2e7 2 56 - 1.66 108.24 2987068
aoULAV 2e7 2 56 - 1.76 116.61 2987068
aoD2AG 2e7 2 56 - 3.97 161.36 4388860
aoD2SG 2e7 2 56 - 3.71 210.23 4546552
dry 1e4 2 249 - 0.03 0.12 28360
aoDLAV 1e4 2 249 - 0.03 0.18 31864
aoULAV 1e4 2 249 - 0.03 0.18 31876
aoD2AG 1e4 2 249 - 0.03 0.19 31880
aoD2SG 1e4 2 249 - 0.03 0.18 31988
moore 1e4 2 249 - 1.19 1051.42 2960572
nbpm 1e4 2 249 - 7.95 358.75 7889416
greedy 1e4 2 249 - 6.99 282.16 10968568
dry 1e4 5 223 - 0.03 0.12 26900
aoDLAV 1e4 5 223 - 0.03 0.22 31084
aoULAV 1e4 5 223 - 0.04 0.21 31096
aoD2AG 1e4 5 223 - 0.03 0.23 32108
aoD2SG 1e4 5 223 - 0.03 0.26 32108
moore 1e4 5 223 - 1.20 1170.45 2961736
nbpm 1e4 5 223 - 8.03 670.20 7811456
greedy 1e4 5 223 - 6.93 301.57 10959176
dry 6e7 2 139 - 0.71 1.90 1202048
aoDLAV 6e7 2 139 - 5.14 351.41 8924560
aoULAV 6e7 2 139 - 6.76 397.22 8924560
aoD2AG 6e7 2 139 - 12.17 547.02 13119472
aoD2SG 6e7 2 139 - 12.64 621.84 13597832
dry 18e2 2 34 - 0.03 0.11 26052
aoDLAV 18e2 2 34 - 0.03 0.15 30372
aoULAV 18e2 2 34 - 0.03 0.14 30384
aoD2AG 18e2 2 34 - 0.03 0.14 30796
aoD2SG 18e2 2 34 - 0.03 0.15 30824
moore 18e2 2 34 - 0.07 11.83 125416
nbpm 18e2 2 34 - 0.19 7.61 334540
greedy 18e2 2 34 - 0.25 4.27 384356
dry 1e4 2 157 - 0.02 0.12 26432
aoDLAV 1e4 2 157 - 0.02 0.17 31868
aoULAV 1e4 2 157 - 0.02 0.17 31880
aoD2AG 1e4 2 157 - 0.03 0.18 31876
aoD2SG 1e4 2 157 - 0.04 0.18 31988
moore 1e4 2 157 - 1.22 1028.76 2960580
nbpm 1e4 2 157 - 8.15 357.79 7889424
greedy 1e4 2 157 - 6.73 267.22 10968572
dry 18e6 2 221 - 0.26 0.70 381740
aoDLAV 18e6 2 221 - 1.58 94.70 2690192
aoULAV 18e6 2 221 - 1.68 98.10 2690192
aoD2AG 18e6 2 221 - 3.81 146.83 3949836
aoD2SG 18e6 2 221 - 3.58 169.69 4094084
dry 7e7 2 165 - 0.87 2.20 1397360
aoDLAV 7e7 2 165 - 6.03 430.93 10408936
aoULAV 7e7 2 165 - 7.44 465.22 10408940
aoD2AG 7e7 2 165 - 13.29 648.89 15303980
aoD2SG 7e7 2 165 - 15.01 976.49 15863140
dry 4e7 2 15 - 0.49 1.30 811424
aoDLAV 4e7 2 15 - 3.43 229.93 5955816
aoULAV 4e7 2 15 - 4.36 243.74 5955820
aoD2AG 4e7 2 15 - 7.92 352.22 8754828
aoD2SG 4e7 2 15 - 8.31 406.62 9072912
dry 4e7 2 220 - 0.46 1.32 811424
aoDLAV 4e7 2 220 - 3.23 228.43 5955816
aoULAV 4e7 2 220 - 4.43 243.73 5955816
aoD2AG 4e7 2 220 - 7.52 345.02 8754324
aoD2SG 4e7 2 220 - 8.99 457.05 9073576
dry 32e6 2 16 - 0.37 1.09 655176
aoDLAV 32e6 2 16 - 2.59 179.56 4768328
aoULAV 32e6 2 16 - 3.37 188.61 4768324
aoD2AG 32e6 2 16 - 5.79 270.61 7005664
aoD2SG 32e6 2 16 - 6.68 329.32 7263052
dry 5e7 2 195 - 0.55 1.65 1006736
aoDLAV 5e7 2 195 - 4.31 283.78 7440192
aoULAV 5e7 2 195 - 5.64 306.27 7440196
aoD2AG 5e7 2 195 - 10.14 434.31 10938712
aoD2SG 5e7 2 195 - 10.53 511.83 11336236
dry 1e4 10 96 - 0.03 0.12 27688
aoDLAV 1e4 10 96 - 0.03 0.68 32764
aoULAV 1e4 10 96 - 0.03 0.68 32796
aoD2AG 1e4 10 96 - 0.04 0.69 32744
aoD2SG 1e4 10 96 - 0.04 0.78 34176
moore 1e4 10 96 - 1.23 1043.71 2963856
nbpm 1e4 10 96 - 7.65 1235.50 7764496
greedy 1e4 10 96 - 6.44 264.69 10961108
dry 1e4 10 86 - 0.02 0.12 27692
aoDLAV 1e4 10 86 - 0.04 0.66 32764
aoULAV 1e4 10 86 - 0.03 0.67 32776
aoD2AG 1e4 10 86 - 0.03 0.69 32744
aoD2SG 1e4 10 86 - 0.03 0.76 34176
moore 1e4 10 86 - 1.16 793.77 2963852
nbpm 1e4 10 86 - 7.37 744.94 7764384
greedy 1e4 10 86 - 6.64 265.44 10961112
dry 50e2 2 68 - 0.02 0.12 26204
aoDLAV 50e2 2 68 - 0.04 0.16 30848
aoULAV 50e2 2 68 - 0.03 0.16 30860
aoD2AG 50e2 2 68 - 0.03 0.16 31780
aoD2SG 50e2 2 68 - 0.04 0.17 31872
moore 50e2 2 68 - 0.59 177.46 764664
nbpm 50e2 2 68 - 1.93 53.87 2011928
greedy 50e2 2 68 - 1.78 60.53 2764780
dry 5e7 2 84 - 0.58 1.63 1006736
aoDLAV 5e7 2 84 - 4.27 295.40 7440192
aoULAV 5e7 2 84 - 5.63 314.53 7440192
aoD2AG 5e7 2 84 - 9.94 440.09 10936552
aoD2SG 5e7 2 84 - 10.53 521.68 11334620
dry 18e6 2 207 - 0.27 0.67 381736
aoDLAV 18e6 2 207 - 1.55 99.57 2690192
aoULAV 18e6 2 207 - 1.55 103.00 2690192
aoD2AG 18e6 2 207 - 3.24 146.53 3951428
aoD2SG 18e6 2 207 - 3.76 171.14 4093448
dry 18e2 2 94 - 0.02 0.12 26048
aoDLAV 18e2 2 94 - 0.02 0.15 30376
aoULAV 18e2 2 94 - 0.03 0.14 30384
aoD2AG 18e2 2 94 - 0.03 0.14 30796
aoD2SG 18e2 2 94 - 0.03 0.15 30828
moore 18e2 2 94 - 0.07 10.67 125448
nbpm 18e2 2 94 - 0.20 7.53 334536
greedy 18e2 2 94 - 0.25 4.47 384352
dry 1e4 2 20 - 0.02 0.12 26436
aoDLAV 1e4 2 20 - 0.03 0.18 31864
aoULAV 1e4 2 20 - 0.03 0.18 31876
aoD2AG 1e4 2 20 - 0.03 0.18 31876
aoD2SG 1e4 2 20 - 0.03 0.19 31988
moore 1e4 2 20 - 1.13 1144.85 2960572
nbpm 1e4 2 20 - 7.61 349.17 7889416
greedy 1e4 2 20 - 6.69 269.28 10968572
dry 50e2 2 130 - 0.03 0.12 26208
aoDLAV 50e2 2 130 - 0.03 0.15 30852
aoULAV 50e2 2 130 - 0.02 0.16 30860
aoD2AG 50e2 2 130 - 0.03 0.16 31792
aoD2SG 50e2 2 130 - 0.04 0.17 31876
moore 50e2 2 130 - 0.73 203.31 764620
nbpm 50e2 2 130 - 2.11 55.63 2011916
greedy 50e2 2 130 - 1.85 65.73 2764784
dry 1e4 10 150 - 0.02 0.13 27688
aoDLAV 1e4 10 150 - 0.04 0.84 32768
aoULAV 1e4 10 150 - 0.03 0.79 32776
aoD2AG 1e4 10 150 - 0.03 0.80 32744
aoD2SG 1e4 10 150 - 0.04 0.81 34176
moore 1e4 10 150 - 1.31 994.95 2963856
nbpm 1e4 10 150 - 7.43 799.15 7764384
greedy 1e4 10 150 - 6.43 279.67 10961108
dry 1e4 10 133 - 0.03 0.12 29436
aoDLAV 1e4 10 133 - 0.03 0.72 32768
aoULAV 1e4 10 133 - 0.04 0.73 32776
aoD2AG 1e4 10 133 - 0.04 0.72 32744
aoD2SG 1e4 10 133 - 0.03 0.79 34176
moore 1e4 10 133 - 1.15 1152.11 2963856
nbpm 1e4 10 133 - 7.47 723.66 7764388
greedy 1e4 10 133 - 6.47 302.00 10961108
dry 2e7 2 89 - 0.24 0.74 420796
aoDLAV 2e7 2 89 - 1.65 107.10 2987072
aoULAV 2e7 2 89 - 1.86 117.71 2987068
aoD2AG 2e7 2 89 - 3.99 163.93 4387616
aoD2SG 2e7 2 89 - 3.64 187.88 4547408
dry 25e2 2 117 - 0.02 0.13 26084
aoDLAV 25e2 2 117 - 0.02 0.15 30452
aoULAV 25e2 2 117 - 0.02 0.16 30464
aoD2AG 25e2 2 117 - 0.02 0.16 30988
aoD2SG 25e2 2 117 - 0.03 0.15 31040
moore 25e2 2 117 - 0.09 35.21 213596
nbpm 25e2 2 117 - 0.54 12.38 541744
greedy 25e2 2 117 - 0.49 9.54 713664
dry 50e2 2 58 - 0.03 0.11 26204
aoDLAV 50e2 2 58 - 0.04 0.16 30852
aoULAV 50e2 2 58 - 0.04 0.15 30860
aoD2AG 50e2 2 58 - 0.04 0.15 31796
aoD2SG 50e2 2 58 - 0.04 0.16 31888
moore 50e2 2 58 - 0.34 131.86 762972
nbpm 50e2 2 58 - 1.93 56.87 2011916
greedy 50e2 2 58 - 1.73 62.88 2764780
dry 2e7 2 186 - 0.24 0.76 420796
aoDLAV 2e7 2 186 - 1.71 112.46 2987068
aoULAV 2e7 2 186 - 1.83 117.85 2987068
aoD2AG 2e7 2 186 - 4.14 164.99 4387360
aoD2SG 2e7 2 186 - 3.88 186.75 4546892
dry 75e2 2 88 - 0.03 0.12 26332
aoDLAV 75e2 2 88 - 0.03 0.17 31376
aoULAV 75e2 2 88 - 0.03 0.17 31388
aoD2AG 75e2 2 88 - 0.03 0.19 31432
aoD2SG 75e2 2 88 - 0.03 0.19 31384
moore 75e2 2 88 - 1.27 487.26 1688788
nbpm 75e2 2 88 - 4.30 163.56 4242124
greedy 75e2 2 88 - 3.41 151.24 6183088
dry 2e7 2 209 - 0.26 0.74 420796
aoDLAV 2e7 2 209 - 1.73 106.75 2987068
aoULAV 2e7 2 209 - 1.96 149.28 2987068
aoD2AG 2e7 2 209 - 3.98 162.35 4387792
aoD2SG 2e7 2 209 - 3.74 195.62 4547772
dry 2e7 2 194 - 0.27 0.75 420796
aoDLAV 2e7 2 194 - 1.87 111.54 2987072
aoULAV 2e7 2 194 - 1.79 118.30 2987068
aoD2AG 2e7 2 194 - 4.03 167.83 4387676
aoD2SG 2e7 2 194 - 4.11 192.77 4545740
dry 7e7 2 232 - 0.83 2.19 1397360
aoDLAV 7e7 2 232 - 6.24 422.80 10408940
aoULAV 7e7 2 232 - 7.93 436.74 10408936
aoD2AG 7e7 2 232 - 13.53 637.53 15305248
aoD2SG 7e7 2 232 - 14.78 973.77 15861208
dry 5e7 2 25 - 0.52 1.62 1006736
aoDLAV 5e7 2 25 - 4.20 298.75 7440192
aoULAV 5e7 2 25 - 5.78 327.43 7440192
aoD2AG 5e7 2 25 - 10.29 459.52 10936312
aoD2SG 5e7 2 25 - 10.46 525.71 11333856
dry 1e4 2 186 - 0.03 0.12 26432
aoDLAV 1e4 2 186 - 0.04 0.16 31868
aoULAV 1e4 2 186 - 0.03 0.17 31876
aoD2AG 1e4 2 186 - 0.03 0.18 31880
aoD2SG 1e4 2 186 - 0.02 0.19 31992
moore 1e4 2 186 - 1.20 1056.32 2960580
nbpm 1e4 2 186 - 7.71 364.16 7889424
greedy 1e4 2 186 - 6.20 274.34 10968572
dry 1e4 2 21 - 0.02 0.12 26432
aoDLAV 1e4 2 21 - 0.03 0.17 31868
aoULAV 1e4 2 21 - 0.02 0.17 31876
aoD2AG 1e4 2 21 - 0.03 0.18 31876
aoD2SG 1e4 2 21 - 0.03 0.17 31988
moore 1e4 2 21 - 1.18 1069.16 2960580
nbpm 1e4 2 21 - 7.53 345.60 7889428
greedy 1e4 2 21 - 6.57 276.94 10968568
dry 56e2 2 207 - 0.02 0.12 26240
aoDLAV 56e2 2 207 - 0.03 0.15 30976
aoULAV 56e2 2 207 - 0.03 0.15 30988
aoD2AG 56e2 2 207 - 0.03 0.17 31992
aoD2SG 56e2 2 207 - 0.03 0.17 31120
moore 56e2 2 207 - 0.75 253.64 952728
nbpm 56e2 2 207 - 2.38 76.04 2388092
greedy 56e2 2 207 - 2.30 80.79 3460488
dry 75e2 2 156 - 0.03 0.11 26328
aoDLAV 75e2 2 156 - 0.03 0.15 31380
aoULAV 75e2 2 156 - 0.04 0.15 31392
aoD2AG 75e2 2 156 - 0.03 0.17 31384
aoD2SG 75e2 2 156 - 0.03 0.17 31380
moore 75e2 2 156 - 1.41 516.88 1688792
nbpm 75e2 2 156 - 4.14 151.53 4242136
greedy 75e2 2 156 - 3.44 153.43 6183092
dry 7e7 2 199 - 0.81 2.20 1397356
aoDLAV 7e7 2 199 - 5.85 429.90 10408940
aoULAV 7e7 2 199 - 7.74 459.53 10408940
aoD2AG 7e7 2 199 - 13.88 659.00 15305976
aoD2SG 7e7 2 199 - 14.78 746.06 15861688
dry 32e6 2 121 - 0.41 1.12 655176
aoDLAV 32e6 2 121 - 2.84 180.12 4768324
aoULAV 32e6 2 121 - 3.47 190.84 4768324
aoD2AG 32e6 2 121 - 6.47 272.28 7007760
aoD2SG 32e6 2 121 - 6.60 336.30 7262948
dry 56e2 2 3 - 0.02 0.13 26236
aoDLAV 56e2 2 3 - 0.03 0.15 30976
aoULAV 56e2 2 3 - 0.03 0.15 30988
aoD2AG 56e2 2 3 - 0.03 0.17 32004
aoD2SG 56e2 2 3 - 0.03 0.17 31124
moore 56e2 2 3 - 0.49 146.33 949980
nbpm 56e2 2 3 - 2.35 72.46 2388080
greedy 56e2 2 3 - 2.15 72.29 3460488
dry 18e6 2 78 - 0.27 0.70 381736
aoDLAV 18e6 2 78 - 1.64 93.92 2690192
aoULAV 18e6 2 78 - 1.57 97.81 2690196
aoD2AG 18e6 2 78 - 3.26 141.98 3950556
aoD2SG 18e6 2 78 - 4.03 166.55 4094824
dry 6e7 2 203 - 0.71 1.90 1202044
aoDLAV 6e7 2 203 - 5.07 369.24 8924560
aoULAV 6e7 2 203 - 6.54 391.98 8924560
aoD2AG 6e7 2 203 - 11.74 539.91 13120424
aoD2SG 6e7 2 203 - 12.82 688.59 13598412
dry 2e7 2 111 - 0.27 0.75 420796
aoDLAV 2e7 2 111 - 1.74 110.26 2987072
aoULAV 2e7 2 111 - 2.19 115.64 2987068
aoD2AG 2e7 2 111 - 3.53 165.98 4386856
aoD2SG 2e7 2 111 - 4.24 191.48 4549044
dry 32e2 2 180 - 0.02 0.12 26112
aoDLAV 32e2 2 180 - 0.03 0.15 30544
aoULAV 32e2 2 180 - 0.03 0.14 30552
aoD2AG 32e2 2 180 - 0.03 0.15 31216
aoD2SG 32e2 2 180 - 0.04 0.15 31296
moore 32e2 2 180 - 0.23 51.22 330524
nbpm 32e2 2 180 - 0.87 20.54 854764
greedy 32e2 2 180 - 0.72 25.07 1150164
dry 32e2 2 230 - 0.03 0.12 26112
aoDLAV 32e2 2 230 - 0.02 0.16 30540
aoULAV 32e2 2 230 - 0.02 0.16 30548
aoD2AG 32e2 2 230 - 0.03 0.15 31200
aoD2SG 32e2 2 230 - 0.03 0.16 31256
moore 32e2 2 230 - 0.15 39.77 330512
nbpm 32e2 2 230 - 0.88 20.28 854752
greedy 32e2 2 230 - 0.62 21.63 1150164
dry 1e4 2 163 - 0.03 0.12 26432
aoDLAV 1e4 2 163 - 0.03 0.17 31864
aoULAV 1e4 2 163 - 0.02 0.19 31880
aoD2AG 1e4 2 163 - 0.03 0.18 31880
aoD2SG 1e4 2 163 - 0.03 0.18 31988
moore 1e4 2 163 - 1.21 858.64 2960576
nbpm 1e4 2 163 - 7.48 592.93 7889416
greedy 1e4 2 163 - 6.36 271.99 10968568
dry 6e7 2 72 - 0.70 1.90 1202044
aoDLAV 6e7 2 72 - 5.25 352.71 8924560
aoULAV 6e7 2 72 - 6.87 369.23 8924560
aoD2AG 6e7 2 72 - 12.27 590.15 13122116
aoD2SG 6e7 2 72 - 12.60 638.42 13602716
dry 1e4 10 81 - 0.02 0.12 27688
aoDLAV 1e4 10 81 - 0.04 0.65 32776
aoULAV 1e4 10 81 - 0.02 0.67 32776
aoD2AG 1e4 10 81 - 0.04 0.67 32744
aoD2SG 1e4 10 81 - 0.03 0.76 34176
moore 1e4 10 81 - 1.20 848.32 2963852
nbpm 1e4 10 81 - 7.35 716.34 7764392
greedy 1e4 10 81 - 6.50 267.60 10961108
dry 56e6 2 202 - 0.68 1.81 1123972
aoDLAV 56e6 2 202 - 4.87 332.53 8330816
aoULAV 56e6 2 202 - 6.25 347.81 8330816
aoD2AG 56e6 2 202 - 11.53 505.95 12247608
aoD2SG 56e6 2 202 - 11.29 574.20 12692708
dry 7e7 2 28 - 0.87 2.23 1397356
aoDLAV 7e7 2 28 - 5.91 427.45 10408936
aoULAV 7e7 2 28 - 7.58 453.53 10408936
aoD2AG 7e7 2 28 - 13.39 614.59 15302240
aoD2SG 7e7 2 28 - 14.07 646.46 15863236
