dry 150e2 2 118 - 0.03 0.14 26628
aoDLAV 150e2 2 118 - 0.04 0.20 30824
aoULAV 150e2 2 118 - 0.04 0.21 30824
aoD2AG 150e2 2 118 - 0.04 0.22 31608
aoD2SG 150e2 2 118 - 0.04 0.21 31608
moore 150e2 2 118 - 2.09 2934.94 6629356
nbpm 150e2 2 118 - 14.66 1148.17 16814176
greedy 150e2 2 118 - 14.34 706.90 24630024
dry 1e8 2 38 - 1.23 3.08 1983308
aoDLAV 1e8 2 38 - 7.76 598.81 14862068
aoULAV 1e8 2 38 - 10.33 633.38 14862072
aoD2AG 1e8 2 38 - 18.86 1103.87 21853792
aoD2SG 1e8 2 38 - 19.76 1059.58 22652640
dry 1e8 2 16 - 1.06 2.99 1983296
aoDLAV 1e8 2 16 - 7.92 600.93 14862068
aoULAV 1e8 2 16 - 10.03 686.00 14862068
aoD2AG 1e8 2 16 - 18.44 867.00 21854944
aoD2SG 1e8 2 16 - 19.50 1014.69 22650996
dry 8e7 2 24 - 0.81 2.45 1592676
aoDLAV 8e7 2 24 - 6.60 455.25 11893324
aoULAV 8e7 2 24 - 8.69 483.70 11893324
aoD2AG 8e7 2 24 - 15.50 722.15 17486772
aoD2SG 8e7 2 24 - 16.63 864.24 18124560
dry 175e2 2 240 - 0.03 0.11 30488
aoDLAV 175e2 2 240 - 0.03 0.18 30748
aoULAV 175e2 2 240 - 0.03 0.18 30716
aoD2AG 175e2 2 240 - 0.03 0.20 31752
aoD2SG 175e2 2 240 - 0.03 0.21 31760
moore 175e2 2 240 - 2.72 5235.79 9014028
nbpm 175e2 2 240 - 21.22 1833.96 22863148
greedy 175e2 2 240 - 18.80 949.26 33516976
dry 2e4 5 210 - 0.03 0.12 27776
aoDLAV 2e4 5 210 - 0.03 0.28 32756
aoULAV 2e4 5 210 - 0.02 0.29 32768
aoD2AG 2e4 5 210 - 0.03 0.31 33340
aoD2SG 2e4 5 210 - 0.03 0.34 32860
moore 2e4 5 210 - 3.50 7325.38 11768084
nbpm 2e4 5 210 - 29.31 4964.31 34200496
greedy 2e4 5 210 - 25.06 1384.74 43774004
dry 1e8 5 108 - 2.31 6.27 4327056
aoDLAV 1e8 5 108 - 11.60 3211.41 23065208
aoULAV 1e8 5 108 - 16.36 2594.45 23065204
aoD2AG 1e8 5 108 - 25.26 2926.89 30457696
aoD2SG 1e8 5 108 - 28.22 4973.30 31312356
dry 2e4 5 66 - 0.03 0.11 29680
aoDLAV 2e4 5 66 - 0.04 0.29 32756
aoULAV 2e4 5 66 - 0.03 0.30 32768
aoD2AG 2e4 5 66 - 0.04 0.33 33348
aoD2SG 2e4 5 66 - 0.03 0.36 32864
moore 2e4 5 66 - 3.61 8669.18 11768084
nbpm 2e4 5 66 - 35.26 5534.44 34200496
greedy 2e4 5 66 - 23.77 1336.74 43774000
dry 150e2 2 57 - 0.02 0.12 26628
aoDLAV 150e2 2 57 - 0.03 0.18 30828
aoULAV 150e2 2 57 - 0.03 0.18 30824
aoD2AG 150e2 2 57 - 0.03 0.19 31608
aoD2SG 150e2 2 57 - 0.03 0.20 31640
moore 150e2 2 57 - 2.08 2979.07 6629344
nbpm 150e2 2 57 - 14.48 1108.42 16814168
greedy 150e2 2 57 - 14.19 679.60 24630028
dry 175e2 2 70 - 0.03 0.12 26732
aoDLAV 175e2 2 70 - 0.04 0.19 30720
aoULAV 175e2 2 70 - 0.03 0.18 30716
aoD2AG 175e2 2 70 - 0.02 0.20 31756
aoD2SG 175e2 2 70 - 0.03 0.22 31760
moore 175e2 2 70 - 2.68 4247.49 9014024
nbpm 175e2 2 70 - 21.22 1851.00 22863136
greedy 175e2 2 70 - 19.30 953.12 33516980
dry 2e4 2 54 - 0.02 0.12 26828
aoDLAV 2e4 2 54 - 0.03 0.19 30808
aoULAV 2e4 2 54 - 0.03 0.20 30808
aoD2AG 2e4 2 54 - 0.04 0.21 32284
aoD2SG 2e4 2 54 - 0.03 0.22 32288
moore 2e4 2 54 - 3.55 8100.59 11765556
nbpm 2e4 2 54 - 29.46 2641.98 31402196
greedy 2e4 2 54 - 25.93 1220.25 43771044
dry 1e8 2 46 - 1.19 3.02 1983296
aoDLAV 1e8 2 46 - 7.51 588.22 14862068
aoULAV 1e8 2 46 - 9.75 623.35 14862068
aoD2AG 1e8 2 46 - 19.02 907.95 21854788
aoD2SG 1e8 2 46 - 19.89 1268.28 22651800
dry 2e4 5 64 - 0.02 0.12 29456
aoDLAV 2e4 5 64 - 0.03 0.30 32756
aoULAV 2e4 5 64 - 0.04 0.29 32768
aoD2AG 2e4 5 64 - 0.04 0.33 33340
aoD2SG 2e4 5 64 - 0.03 0.35 32860
moore 2e4 5 64 - 4.04 7116.56 11768084
nbpm 2e4 5 64 - 28.97 4669.62 34200496
greedy 2e4 5 64 - 25.74 1313.55 43774004
dry 18e3 2 233 - 0.02 0.13 30496
aoDLAV 18e3 2 233 - 0.03 0.19 30744
aoULAV 18e3 2 233 - 0.03 0.19 30744
aoD2AG 18e3 2 233 - 0.03 0.20 31804
aoD2SG 18e3 2 233 - 0.03 0.21 31808
moore 18e3 2 233 - 2.95 4784.12 9534984
nbpm 18e3 2 233 - 23.80 1996.35 25451064
greedy 18e3 2 233 - 19.00 1096.84 35458368
dry 175e2 2 29 - 0.02 0.12 26736
aoDLAV 175e2 2 29 - 0.03 0.19 30716
aoULAV 175e2 2 29 - 0.03 0.19 30720
aoD2AG 175e2 2 29 - 0.03 0.20 31756
aoD2SG 175e2 2 29 - 0.03 0.21 31760
moore 175e2 2 29 - 2.73 5476.07 9014020
nbpm 175e2 2 29 - 20.86 1940.43 22863136
greedy 175e2 2 29 - 17.95 987.45 33516976
dry 1e8 5 247 - 2.32 6.22 4327052
aoDLAV 1e8 5 247 - 11.05 2610.52 23065204
aoULAV 1e8 5 247 - 15.71 2624.92 23065204
aoD2AG 1e8 5 247 - 25.04 2960.96 30458372
aoD2SG 1e8 5 247 - 27.68 3609.52 31313640
dry 9e7 2 129 - 0.95 2.77 1787984
aoDLAV 9e7 2 129 - 7.26 522.39 13377688
aoULAV 9e7 2 129 - 9.74 558.78 13377684
aoD2AG 9e7 2 129 - 17.04 794.18 19669304
aoD2SG 9e7 2 129 - 18.36 933.86 20388836
dry 2e4 10 34 - 0.03 0.12 30884
aoDLAV 2e4 10 34 - 0.03 1.68 34836
aoULAV 2e4 10 34 - 0.04 1.87 34852
aoD2AG 2e4 10 34 - 0.03 1.73 36076
aoD2SG 2e4 10 34 - 0.03 1.93 36076
moore 2e4 10 34 - 3.42 6543.75 11770836
nbpm 2e4 10 34 - 28.75 7669.17 30880044
greedy 2e4 10 34 - 25.28 1290.27 43775820
dry 9e7 2 17 - 1.03 2.74 1787984
aoDLAV 9e7 2 17 - 7.83 521.06 13377684
aoULAV 9e7 2 17 - 9.84 559.20 13377688
aoD2AG 9e7 2 17 - 17.25 791.66 19669196
aoD2SG 9e7 2 17 - 18.26 973.82 20389268
dry 1e8 5 21 - 2.43 6.28 4327052
aoDLAV 1e8 5 21 - 11.75 2601.45 23065204
aoULAV 1e8 5 21 - 16.62 2725.40 23065204
aoD2AG 1e8 5 21 - 27.10 2906.27 30454504
aoD2SG 1e8 5 21 - 27.70 3627.00 31311476
dry 150e2 2 82 - 0.02 0.12 26628
aoDLAV 150e2 2 82 - 0.03 0.18 30824
aoULAV 150e2 2 82 - 0.03 0.18 30824
aoD2AG 150e2 2 82 - 0.03 0.19 31608
aoD2SG 150e2 2 82 - 0.03 0.19 31612
moore 150e2 2 82 - 2.15 3227.79 6629344
nbpm 150e2 2 82 - 14.68 1153.49 16814168
greedy 150e2 2 82 - 14.14 694.00 24630024
dry 1e8 5 161 - 2.25 6.22 4327052
aoDLAV 1e8 5 161 - 11.40 2962.68 23065204
aoULAV 1e8 5 161 - 16.41 3246.16 23065208
aoD2AG 1e8 5 161 - 26.70 2978.15 30453592
aoD2SG 1e8 5 161 - 27.95 3543.31 31312388
dry 9e7 2 25 - 0.97 2.76 1787988
aoDLAV 9e7 2 25 - 7.01 527.47 13377688
aoULAV 9e7 2 25 - 9.27 556.17 13377688
aoD2AG 9e7 2 25 - 17.69 801.67 19670356
aoD2SG 9e7 2 25 - 18.91 913.33 20387616
dry 125e2 2 87 - 0.02 0.12 26536
aoDLAV 125e2 2 87 - 0.03 0.18 30712
aoULAV 125e2 2 87 - 0.03 0.18 30708
aoD2AG 125e2 2 87 - 0.04 0.17 31376
aoD2SG 125e2 2 87 - 0.03 0.19 31380
moore 125e2 2 87 - 1.57 1584.31 4611552
nbpm 125e2 2 87 - 11.31 668.82 12302328
greedy 125e2 2 87 - 9.23 444.83 17109964
dry 8e7 2 42 - 1.15 2.44 1592676
aoDLAV 8e7 2 42 - 6.13 464.82 11893324
aoULAV 8e7 2 42 - 8.21 494.98 11893324
aoD2AG 8e7 2 42 - 14.47 699.72 17487700
aoD2SG 8e7 2 42 - 15.60 821.62 18125808
dry 2e4 5 147 - 0.03 0.11 27776
aoDLAV 2e4 5 147 - 0.03 0.30 32760
aoULAV 2e4 5 147 - 0.04 0.28 32768
aoD2AG 2e4 5 147 - 0.03 0.31 33344
aoD2SG 2e4 5 147 - 0.03 0.34 32864
moore 2e4 5 147 - 3.47 7692.30 11768080
nbpm 2e4 5 147 - 29.35 4966.36 34200500
greedy 2e4 5 147 - 24.44 1277.02 43774004
dry 8e7 2 31 - 0.89 2.44 1592676
aoDLAV 8e7 2 31 - 6.09 464.95 11893324
aoULAV 8e7 2 31 - 8.45 484.14 11893344
aoD2AG 8e7 2 31 - 15.52 670.45 17487764
aoD2SG 8e7 2 31 - 16.64 818.05 18127168
dry 18e3 2 115 - 0.03 0.12 26748
aoDLAV 18e3 2 115 - 0.03 0.19 30740
aoULAV 18e3 2 115 - 0.04 0.19 30740
aoD2AG 18e3 2 115 - 0.04 0.20 31808
aoD2SG 18e3 2 115 - 0.04 0.20 31816
moore 18e3 2 115 - 3.03 5454.39 9534984
nbpm 18e3 2 115 - 23.59 1943.11 25451068
greedy 18e3 2 115 - 21.07 1059.89 35458364
dry 125e2 2 29 - 0.03 0.12 26532
aoDLAV 125e2 2 29 - 0.03 0.18 30708
aoULAV 125e2 2 29 - 0.03 0.18 30712
aoD2AG 125e2 2 29 - 0.03 0.20 31376
aoD2SG 125e2 2 29 - 0.03 0.20 31376
moore 125e2 2 29 - 1.60 2184.49 4611548
nbpm 125e2 2 29 - 11.45 706.58 12302328
greedy 125e2 2 29 - 9.33 434.14 17109964
dry 2e4 2 119 - 0.03 0.12 26828
aoDLAV 2e4 2 119 - 0.04 0.19 30808
aoULAV 2e4 2 119 - 0.03 0.19 30808
aoD2AG 2e4 2 119 - 0.04 0.20 32288
aoD2SG 2e4 2 119 - 0.03 0.21 32296
moore 2e4 2 119 - 3.42 7475.45 11765552
nbpm 2e4 2 119 - 29.47 2700.53 31402196
greedy 2e4 2 119 - 24.23 1318.00 43771040
dry 125e2 2 246 - 0.03 0.11 26536
aoDLAV 125e2 2 246 - 0.03 0.18 30712
aoULAV 125e2 2 246 - 0.04 0.17 30708
aoD2AG 125e2 2 246 - 0.03 0.19 31376
aoD2SG 125e2 2 246 - 0.03 0.19 31376
moore 125e2 2 246 - 1.60 1654.31 4611540
nbpm 125e2 2 246 - 11.46 690.92 12302320
greedy 125e2 2 246 - 10.16 458.30 17109964
dry 175e2 2 34 - 0.03 0.12 26736
aoDLAV 175e2 2 34 - 0.03 0.19 30716
aoULAV 175e2 2 34 - 0.04 0.18 30720
aoD2AG 175e2 2 34 - 0.04 0.20 31756
aoD2SG 175e2 2 34 - 0.03 0.20 31756
moore 175e2 2 34 - 2.80 5080.00 9014020
nbpm 175e2 2 34 - 21.20 3145.45 22863140
greedy 175e2 2 34 - 19.61 958.02 33516980
dry 125e2 2 114 - 0.03 0.12 26532
aoDLAV 125e2 2 114 - 0.04 0.17 30712
aoULAV 125e2 2 114 - 0.03 0.18 30712
aoD2AG 125e2 2 114 - 0.03 0.19 31376
aoD2SG 125e2 2 114 - 0.03 0.19 31376
moore 125e2 2 114 - 1.59 1950.19 4611548
nbpm 125e2 2 114 - 11.33 685.73 12302332
greedy 125e2 2 114 - 9.28 466.38 17109964
dry 9e7 2 105 - 1.03 2.78 1787984
aoDLAV 9e7 2 105 - 7.56 541.87 13377684
aoULAV 9e7 2 105 - 9.72 565.67 13377684
aoD2AG 9e7 2 105 - 17.26 1000.17 19671492
aoD2SG 9e7 2 105 - 17.96 931.31 20388376
dry 18e3 2 12 - 0.03 0.12 26748
aoDLAV 18e3 2 12 - 0.04 0.18 30740
aoULAV 18e3 2 12 - 0.03 0.19 30740
aoD2AG 18e3 2 12 - 0.03 0.20 31804
aoD2SG 18e3 2 12 - 0.03 0.21 31808
moore 18e3 2 12 - 2.83 5591.05 9534980
