dry 32e2 2 91 - 0.02 0.12 26112
aoDLAV 32e2 2 91 - 0.03 0.15 30540
aoULAV 32e2 2 91 - 0.04 0.15 30556
aoD2AG 32e2 2 91 - 0.03 0.15 31200
aoD2SG 32e2 2 91 - 0.02 0.15 31308
moore 32e2 2 91 - 0.29 83.94 330524
nbpm 32e2 2 91 - 0.90 20.75 854764
greedy 32e2 2 91 - 0.63 22.81 1150164
dry 7e7 2 18 - 0.74 2.20 1397356
aoDLAV 7e7 2 18 - 5.45 455.94 10408936
aoULAV 7e7 2 18 - 7.47 549.72 10408940
aoD2AG 7e7 2 18 - 13.05 633.74 15303640
aoD2SG 7e7 2 18 - 14.41 772.65 15860912
dry 1e4 2 127 - 0.02 0.12 26436
aoDLAV 1e4 2 127 - 0.03 0.17 31864
aoULAV 1e4 2 127 - 0.03 0.17 31876
aoD2AG 1e4 2 127 - 0.03 0.18 31876
aoD2SG 1e4 2 127 - 0.03 0.19 31988
moore 1e4 2 127 - 1.18 1092.18 2960572
nbpm 1e4 2 127 - 7.69 400.06 7889416
greedy 1e4 2 127 - 6.77 267.22 10968596
dry 18e2 2 135 - 0.01 0.13 26048
aoDLAV 18e2 2 135 - 0.02 0.15 30376
aoULAV 18e2 2 135 - 0.02 0.15 30384
aoD2AG 18e2 2 135 - 0.03 0.17 30800
aoD2SG 18e2 2 135 - 0.03 0.16 30832
moore 18e2 2 135 - 0.07 16.27 125408
nbpm 18e2 2 135 - 0.19 7.82 334528
greedy 18e2 2 135 - 0.24 5.24 384356
dry 18e6 2 122 - 0.22 0.71 381736
aoDLAV 18e6 2 122 - 1.51 96.00 2690196
aoULAV 18e6 2 122 - 1.71 103.99 2690192
aoD2AG 18e6 2 122 - 3.60 143.80 3950420
aoD2SG 18e6 2 122 - 3.49 167.23 4094748
dry 5e7 2 32 - 0.57 1.62 1006796
aoDLAV 5e7 2 32 - 4.44 298.38 7440192
aoULAV 5e7 2 32 - 5.75 371.47 7440192
aoD2AG 5e7 2 32 - 10.02 436.61 10937704
aoD2SG 5e7 2 32 - 10.03 503.86 11336404
dry 56e6 2 95 - 0.70 1.81 1123928
aoDLAV 56e6 2 95 - 4.72 330.16 8330816
aoULAV 56e6 2 95 - 6.29 357.70 8330816
aoD2AG 56e6 2 95 - 10.92 631.15 12246808
aoD2SG 56e6 2 95 - 11.21 594.77 12693412
dry 2e7 2 134 - 0.27 0.74 420796
aoDLAV 2e7 2 134 - 1.73 106.56 2987072
aoULAV 2e7 2 134 - 1.88 116.36 2987068
aoD2AG 2e7 2 134 - 3.88 160.89 4388100
aoD2SG 2e7 2 134 - 3.62 181.15 4548912
dry 4e7 2 137 - 0.43 1.32 811424
aoDLAV 4e7 2 137 - 3.49 228.58 5955816
aoULAV 4e7 2 137 - 4.25 285.36 5955816
aoD2AG 4e7 2 137 - 7.74 362.18 8756072
aoD2SG 4e7 2 137 - 8.00 413.82 9072808
dry 32e6 2 114 - 0.36 1.09 655176
aoDLAV 32e6 2 114 - 2.77 176.48 4768324
aoULAV 32e6 2 114 - 3.45 208.36 4768328
aoD2AG 32e6 2 114 - 6.43 270.14 7007940
aoD2SG 32e6 2 114 - 6.70 318.32 7265244
dry 5e7 2 134 - 0.59 1.61 1006740
aoDLAV 5e7 2 134 - 4.07 291.11 7440192
aoULAV 5e7 2 134 - 5.50 396.23 7440196
aoD2AG 5e7 2 134 - 9.57 436.49 10936140
aoD2SG 5e7 2 134 - 10.43 519.33 11337276
dry 4e7 2 179 - 0.45 1.36 811472
aoDLAV 4e7 2 179 - 3.47 235.89 5955816
aoULAV 4e7 2 179 - 4.24 239.45 5955816
aoD2AG 4e7 2 179 - 7.69 347.10 8754964
aoD2SG 4e7 2 179 - 8.21 410.64 9075160
dry 4e7 2 138 - 0.46 1.37 811424
aoDLAV 4e7 2 138 - 3.22 231.14 5955816
aoULAV 4e7 2 138 - 3.53 247.93 5955816
aoD2AG 4e7 2 138 - 8.04 349.33 8754404
aoD2SG 4e7 2 138 - 8.43 411.20 9073976
dry 56e6 2 48 - 0.60 1.77 1123924
aoDLAV 56e6 2 48 - 4.51 336.39 8330816
aoULAV 56e6 2 48 - 5.71 354.07 8330816
aoD2AG 56e6 2 48 - 10.83 522.22 12249412
aoD2SG 56e6 2 48 - 11.53 590.76 12693848
dry 5e7 2 82 - 0.59 1.60 1006736
aoDLAV 5e7 2 82 - 4.30 366.92 7440192
aoULAV 5e7 2 82 - 5.33 370.09 7440192
aoD2AG 5e7 2 82 - 9.82 447.68 10936140
aoD2SG 5e7 2 82 - 10.53 525.53 11336156
dry 56e6 2 100 - 0.63 1.78 1123924
aoDLAV 56e6 2 100 - 4.81 337.67 8330820
aoULAV 56e6 2 100 - 6.30 357.61 8330816
aoD2AG 56e6 2 100 - 10.89 499.86 12246532
aoD2SG 56e6 2 100 - 10.84 592.27 12695256
dry 56e6 2 181 - 0.62 1.76 1123924
aoDLAV 56e6 2 181 - 4.58 328.40 8330816
aoULAV 56e6 2 181 - 5.94 353.50 8330816
aoD2AG 56e6 2 181 - 10.60 495.83 12245676
aoD2SG 56e6 2 181 - 11.58 611.90 12691916
dry 7e7 2 171 - 0.82 2.20 1397356
aoDLAV 7e7 2 171 - 5.95 433.46 10408940
aoULAV 7e7 2 171 - 7.69 447.13 10408936
aoD2AG 7e7 2 171 - 13.75 650.54 15304512
aoD2SG 7e7 2 171 - 14.49 758.09 15862236
dry 75e2 2 83 - 0.03 0.12 26332
aoDLAV 75e2 2 83 - 0.03 0.16 31376
aoULAV 75e2 2 83 - 0.04 0.16 31392
aoD2AG 75e2 2 83 - 0.03 0.17 31380
aoD2SG 75e2 2 83 - 0.03 0.18 31384
moore 75e2 2 83 - 1.22 484.01 1688784
nbpm 75e2 2 83 - 4.27 175.58 4242124
greedy 75e2 2 83 - 3.77 145.11 6183092
dry 1e4 10 43 - 0.03 0.12 27688
aoDLAV 1e4 10 43 - 0.04 0.67 32764
aoULAV 1e4 10 43 - 0.04 0.71 32776
aoD2AG 1e4 10 43 - 0.03 0.70 32744
aoD2SG 1e4 10 43 - 0.03 0.82 34228
moore 1e4 10 43 - 1.13 1422.30 2963856
nbpm 1e4 10 43 - 7.38 698.12 7764392
greedy 1e4 10 43 - 6.47 276.22 10961108
dry 4e7 2 198 - 0.50 1.33 811424
aoDLAV 4e7 2 198 - 3.46 230.77 5955816
aoULAV 4e7 2 198 - 4.35 246.40 5955816
aoD2AG 4e7 2 198 - 7.22 340.00 8754732
aoD2SG 4e7 2 198 - 8.41 415.60 9072580
dry 25e2 2 9 - 0.03 0.12 26084
aoDLAV 25e2 2 9 - 0.03 0.15 30452
aoULAV 25e2 2 9 - 0.03 0.15 30464
aoD2AG 25e2 2 9 - 0.03 0.16 31004
aoD2SG 25e2 2 9 - 0.03 0.16 31044
moore 25e2 2 9 - 0.10 23.23 213600
nbpm 25e2 2 9 - 0.54 12.21 541636
greedy 25e2 2 9 - 0.38 10.06 713664
dry 7e7 2 71 - 0.80 2.17 1397356
aoDLAV 7e7 2 71 - 5.76 423.82 10408940
aoULAV 7e7 2 71 - 7.40 457.01 10408936
aoD2AG 7e7 2 71 - 13.89 654.10 15303940
aoD2SG 7e7 2 71 - 14.74 745.17 15862792
dry 2e7 2 66 - 0.25 0.74 420796
aoDLAV 2e7 2 66 - 1.75 109.46 2987072
aoULAV 2e7 2 66 - 1.82 114.62 2987068
aoD2AG 2e7 2 66 - 4.27 160.48 4386876
aoD2SG 2e7 2 66 - 3.72 193.27 4547304
dry 18e6 2 45 - 0.22 0.68 381736
aoDLAV 18e6 2 45 - 1.57 107.37 2690192
aoULAV 18e6 2 45 - 1.68 103.93 2690192
aoD2AG 18e6 2 45 - 3.73 149.49 3949108
aoD2SG 18e6 2 45 - 3.49 172.91 4092752
dry 3e7 2 103 - 0.35 1.05 616104
aoDLAV 3e7 2 103 - 2.73 168.92 4471428
aoULAV 3e7 2 103 - 2.81 172.76 4471428
aoD2AG 3e7 2 103 - 6.05 246.08 6571300
aoD2SG 3e7 2 103 - 6.08 292.89 6809592
dry 4e7 2 217 - 0.43 1.31 811424
aoDLAV 4e7 2 217 - 3.47 231.20 5955816
aoULAV 4e7 2 217 - 4.32 262.51 5955816
aoD2AG 4e7 2 217 - 8.12 356.94 8752520
aoD2SG 4e7 2 217 - 8.24 398.85 9073912
dry 1e4 10 155 - 0.03 0.12 27692
aoDLAV 1e4 10 155 - 0.03 0.73 32768
aoULAV 1e4 10 155 - 0.03 0.79 32776
aoD2AG 1e4 10 155 - 0.03 0.77 32744
aoD2SG 1e4 10 155 - 0.03 0.82 34176
moore 1e4 10 155 - 1.22 909.44 2963856
nbpm 1e4 10 155 - 7.77 703.33 7764384
greedy 1e4 10 155 - 6.50 277.64 10961108
dry 6e7 2 113 - 0.69 1.90 1202044
aoDLAV 6e7 2 113 - 4.94 359.18 8924560
aoULAV 6e7 2 113 - 6.55 394.73 8924564
aoD2AG 6e7 2 113 - 11.96 548.00 13120312
aoD2SG 6e7 2 113 - 12.31 768.34 13600292
dry 3e7 2 91 - 0.35 1.05 616104
aoDLAV 3e7 2 91 - 2.56 174.09 4471432
aoULAV 3e7 2 91 - 2.51 181.21 4471428
aoD2AG 3e7 2 91 - 6.08 265.47 6569560
aoD2SG 3e7 2 91 - 6.33 296.30 6810572
dry 32e2 2 197 - 0.03 0.12 26112
aoDLAV 32e2 2 197 - 0.02 0.15 30544
aoULAV 32e2 2 197 - 0.03 0.15 30556
aoD2AG 32e2 2 197 - 0.03 0.15 31200
aoD2SG 32e2 2 197 - 0.03 0.15 31264
moore 32e2 2 197 - 0.54 130.30 330520
nbpm 32e2 2 197 - 0.85 19.04 854760
greedy 32e2 2 197 - 0.78 21.10 1150164
dry 7e7 2 22 - 0.81 2.22 1397356
aoDLAV 7e7 2 22 - 5.81 427.62 10408936
aoULAV 7e7 2 22 - 7.57 448.15 10408936
aoD2AG 7e7 2 22 - 13.89 622.85 15305552
aoD2SG 7e7 2 22 - 14.90 752.94 15863620
dry 5e7 2 69 - 0.59 1.65 1006736
aoDLAV 5e7 2 69 - 4.50 315.73 7440192
aoULAV 5e7 2 69 - 5.56 304.44 7440192
aoD2AG 5e7 2 69 - 10.01 448.75 10937656
aoD2SG 5e7 2 69 - 10.73 517.76 11335516
dry 56e2 2 126 - 0.02 0.12 26236
aoDLAV 56e2 2 126 - 0.03 0.15 30976
aoULAV 56e2 2 126 - 0.02 0.15 30992
aoD2AG 56e2 2 126 - 0.03 0.16 31988
aoD2SG 56e2 2 126 - 0.02 0.17 31120
moore 56e2 2 126 - 0.59 205.96 952720
nbpm 56e2 2 126 - 2.52 74.03 2388080
greedy 56e2 2 126 - 1.94 81.87 3460488
dry 75e2 2 238 - 0.02 0.13 26328
aoDLAV 75e2 2 238 - 0.04 0.15 31376
aoULAV 75e2 2 238 - 0.03 0.15 31388
aoD2AG 75e2 2 238 - 0.04 0.17 31420
aoD2SG 75e2 2 238 - 0.03 0.19 31384
moore 75e2 2 238 - 2.05 632.65 1688792
nbpm 75e2 2 238 - 4.22 165.61 4242132
greedy 75e2 2 238 - 3.79 149.46 6183088
dry 18e2 2 230 - 0.02 0.12 26052
aoDLAV 18e2 2 230 - 0.02 0.15 30376
aoULAV 18e2 2 230 - 0.03 0.14 30384
aoD2AG 18e2 2 230 - 0.03 0.14 30800
aoD2SG 18e2 2 230 - 0.03 0.15 30832
moore 18e2 2 230 - 0.06 11.63 125456
nbpm 18e2 2 230 - 0.17 7.46 334540
greedy 18e2 2 230 - 0.24 3.90 384352
dry 56e6 2 186 - 0.71 1.75 1123924
aoDLAV 56e6 2 186 - 4.93 337.72 8330816
aoULAV 56e6 2 186 - 6.29 348.40 8330816
aoD2AG 56e6 2 186 - 11.06 507.66 12248656
aoD2SG 56e6 2 186 - 11.88 597.21 12698740
dry 32e2 2 5 - 0.02 0.13 26112
aoDLAV 32e2 2 5 - 0.03 0.15 30540
aoULAV 32e2 2 5 - 0.03 0.16 30552
aoD2AG 32e2 2 5 - 0.03 0.16 31204
aoD2SG 32e2 2 5 - 0.03 0.15 31252
moore 32e2 2 5 - 0.29 67.98 330512
nbpm 32e2 2 5 - 0.89 19.66 854756
greedy 32e2 2 5 - 0.73 22.40 1150164
dry 7e7 2 58 - 0.82 2.20 1397356
aoDLAV 7e7 2 58 - 6.00 417.94 10408936
aoULAV 7e7 2 58 - 8.08 444.79 10408940
aoD2AG 7e7 2 58 - 13.95 634.06 15306352
aoD2SG 7e7 2 58 - 14.45 748.05 15862868
dry 3e7 2 16 - 0.40 1.07 616104
aoDLAV 3e7 2 16 - 2.72 168.17 4471428
aoULAV 3e7 2 16 - 3.31 202.78 4471428
aoD2AG 3e7 2 16 - 5.78 255.45 6570460
aoD2SG 3e7 2 16 - 5.97 293.59 6810996
dry 4e7 2 167 - 0.47 1.31 811424
aoDLAV 4e7 2 167 - 3.50 228.87 5955820
aoULAV 4e7 2 167 - 3.51 240.53 5955816
aoD2AG 4e7 2 167 - 7.87 341.56 8755020
aoD2SG 4e7 2 167 - 8.17 404.51 9074088
dry 25e2 2 48 - 0.02 0.12 26080
aoDLAV 25e2 2 48 - 0.02 0.15 30452
aoULAV 25e2 2 48 - 0.02 0.16 30464
aoD2AG 25e2 2 48 - 0.04 0.14 30980
aoD2SG 25e2 2 48 - 0.03 0.15 31024
moore 25e2 2 48 - 0.09 31.84 213596
nbpm 25e2 2 48 - 0.54 12.01 541636
greedy 25e2 2 48 - 0.44 9.96 713668
dry 6e7 2 89 - 0.70 1.91 1202048
aoDLAV 6e7 2 89 - 4.98 348.97 8924560
aoULAV 6e7 2 89 - 6.32 377.97 8924560
aoD2AG 6e7 2 89 - 12.27 597.87 13119088
aoD2SG 6e7 2 89 - 12.70 608.43 13599772
dry 4e7 2 155 - 0.51 1.35 811424
aoDLAV 4e7 2 155 - 3.35 229.97 5955820
aoULAV 4e7 2 155 - 3.39 235.25 5955816
aoD2AG 4e7 2 155 - 7.40 353.89 8753792
aoD2SG 4e7 2 155 - 8.39 436.97 9071640
dry 1e4 2 188 - 0.02 0.12 26432
aoDLAV 1e4 2 188 - 0.03 0.17 31864
aoULAV 1e4 2 188 - 0.03 0.17 31876
aoD2AG 1e4 2 188 - 0.03 0.18 31876
aoD2SG 1e4 2 188 - 0.02 0.19 31988
moore 1e4 2 188 - 1.19 1202.49 2960572
nbpm 1e4 2 188 - 7.22 370.24 7889412
greedy 1e4 2 188 - 6.27 281.19 10968572
dry 1e4 10 230 - 0.03 0.13 29064
aoDLAV 1e4 10 230 - 0.04 0.75 32764
aoULAV 1e4 10 230 - 0.04 0.70 32776
aoD2AG 1e4 10 230 - 0.04 0.71 32748
aoD2SG 1e4 10 230 - 0.03 0.78 34176
moore 1e4 10 230 - 1.18 1309.99 2963852
nbpm 1e4 10 230 - 7.83 720.90 7764384
greedy 1e4 10 230 - 6.44 275.95 10961108
dry 25e2 2 202 - 0.02 0.13 26080
aoDLAV 25e2 2 202 - 0.02 0.16 30500
aoULAV 25e2 2 202 - 0.04 0.14 30464
aoD2AG 25e2 2 202 - 0.03 0.15 30988
aoD2SG 25e2 2 202 - 0.03 0.16 31020
moore 25e2 2 202 - 0.10 18.62 213628
nbpm 25e2 2 202 - 0.57 12.83 541636
greedy 25e2 2 202 - 0.44 12.06 713664
dry 18e2 2 64 - 0.02 0.12 26048
aoDLAV 18e2 2 64 - 0.04 0.14 30376
aoULAV 18e2 2 64 - 0.03 0.15 30388
aoD2AG 18e2 2 64 - 0.02 0.15 30792
aoD2SG 18e2 2 64 - 0.03 0.15 30824
moore 18e2 2 64 - 0.06 17.51 125416
nbpm 18e2 2 64 - 0.20 7.68 334536
greedy 18e2 2 64 - 0.24 4.41 384352
dry 1e4 2 172 - 0.01 0.13 26432
aoDLAV 1e4 2 172 - 0.02 0.18 31868
aoULAV 1e4 2 172 - 0.03 0.17 31876
aoD2AG 1e4 2 172 - 0.02 0.18 31876
aoD2SG 1e4 2 172 - 0.02 0.18 31988
moore 1e4 2 172 - 1.14 1054.97 2960580
nbpm 1e4 2 172 - 7.63 364.07 7889424
greedy 1e4 2 172 - 6.42 260.41 10968572
