dry 1e7 5 49 - 0.22 0.77 459872
aoDLAV 1e7 5 49 - 1.03 210.06 2323016
aoULAV 1e7 5 49 - 1.50 215.64 2323016
aoD2AG 1e7 5 49 - 2.05 238.60 3065376
aoD2SG 1e7 5 49 - 2.61 282.55 3150944
dry 32e5 2 231 - 0.06 0.25 92676
aoDLAV 32e5 2 231 - 0.25 11.87 493324
aoULAV 32e5 2 231 - 0.25 12.64 493336
aoD2AG 32e5 2 231 - 0.41 18.25 718968
aoD2SG 32e5 2 231 - 0.41 20.81 743248
dry 56e5 2 246 - 0.08 0.32 139544
aoDLAV 56e5 2 246 - 0.45 22.80 849556
aoULAV 56e5 2 246 - 0.57 24.20 849560
aoD2AG 56e5 2 246 - 0.75 34.38 1240748
aoD2SG 56e5 2 246 - 0.80 39.82 1286332
dry 18e5 2 104 - 0.06 0.20 65352
aoDLAV 18e5 2 104 - 0.15 6.41 285508
aoULAV 18e5 2 104 - 0.17 6.79 285524
aoD2AG 18e5 2 104 - 0.25 9.85 412708
aoD2SG 18e5 2 104 - 0.25 11.18 425436
dry 1e7 5 183 - 0.24 0.78 459868
aoDLAV 1e7 5 183 - 1.12 215.42 2323016
aoULAV 1e7 5 183 - 1.56 218.38 2323016
aoD2AG 1e7 5 183 - 2.13 240.72 3064728
aoD2SG 1e7 5 183 - 2.58 285.79 3150632
dry 32e5 2 134 - 0.06 0.25 92680
aoDLAV 32e5 2 134 - 0.27 11.96 493324
aoULAV 32e5 2 134 - 0.27 12.75 493336
aoD2AG 32e5 2 134 - 0.43 18.33 718924
aoD2SG 32e5 2 134 - 0.40 20.97 744624
dry 18e5 2 170 - 0.05 0.20 65324
aoDLAV 18e5 2 170 - 0.15 6.39 285508
aoULAV 18e5 2 170 - 0.17 6.81 285584
aoD2AG 18e5 2 170 - 0.30 9.84 413100
aoD2SG 18e5 2 170 - 0.28 11.17 427740
dry 1e7 10 101 - 0.44 1.37 850508
aoDLAV 1e7 10 101 - 1.82 5760.31 3533956
aoULAV 1e7 10 101 - 2.48 5151.00 3533956
aoD2AG 1e7 10 101 - 3.58 4868.71 4336936
aoD2SG 1e7 10 101 - 3.97 5702.94 4425264
dry 1e7 10 113 - 0.39 1.38 850508
aoDLAV 1e7 10 113 - 1.78 5042.19 3533960
aoULAV 1e7 10 113 - 2.32 4773.29 3533956
aoD2AG 1e7 10 113 - 3.57 4740.20 4337336
aoD2SG 1e7 10 113 - 4.48 5829.42 4427888
dry 56e5 2 101 - 0.08 0.32 139544
aoDLAV 56e5 2 101 - 0.47 22.77 849592
aoULAV 56e5 2 101 - 0.46 24.19 849560
aoD2AG 56e5 2 101 - 0.73 34.46 1241668
aoD2SG 56e5 2 101 - 0.85 39.54 1288188
dry 1e7 5 249 - 0.23 0.79 459868
aoDLAV 1e7 5 249 - 1.05 213.65 2323020
aoULAV 1e7 5 249 - 1.12 216.74 2323016
aoD2AG 1e7 5 249 - 2.43 239.67 3064532
aoD2SG 1e7 5 249 - 2.54 284.13 3152232
dry 1e7 5 104 - 0.24 0.78 459868
aoDLAV 1e7 5 104 - 1.05 217.24 2323020
aoULAV 1e7 5 104 - 1.54 219.87 2323016
aoD2AG 1e7 5 104 - 2.06 242.54 3064764
aoD2SG 1e7 5 104 - 2.56 288.37 3150152
dry 1e7 10 238 - 0.41 1.38 850508
aoDLAV 1e7 10 238 - 1.78 4816.62 3533956
aoULAV 1e7 10 238 - 2.37 4796.82 3533960
aoD2AG 1e7 10 238 - 3.47 4796.97 4338908
aoD2SG 1e7 10 238 - 4.30 5782.33 4427792
dry 32e5 2 185 - 0.05 0.25 92680
aoDLAV 32e5 2 185 - 0.26 11.59 493324
aoULAV 32e5 2 185 - 0.26 12.35 493336
aoD2AG 32e5 2 185 - 0.43 17.67 718892
aoD2SG 32e5 2 185 - 0.42 20.28 744100
dry 1e7 10 99 - 0.42 1.36 850508
aoDLAV 1e7 10 99 - 1.54 4654.30 3533952
aoULAV 1e7 10 99 - 2.33 5818.90 3533956
aoD2AG 1e7 10 99 - 3.54 4914.39 4339080
aoD2SG 1e7 10 99 - 3.76 7843.38 4428508
dry 1e7 5 218 - 0.24 0.79 459868
aoDLAV 1e7 5 218 - 1.07 211.23 2323020
aoULAV 1e7 5 218 - 1.49 216.19 2323016
aoD2AG 1e7 5 218 - 2.44 236.72 3065720
aoD2SG 1e7 5 218 - 2.53 280.07 3151368
dry 18e5 2 190 - 0.04 0.21 65324
aoDLAV 18e5 2 190 - 0.16 6.35 285508
aoULAV 18e5 2 190 - 0.17 6.77 285520
aoD2AG 18e5 2 190 - 0.27 9.76 411984
aoD2SG 18e5 2 190 - 0.26 11.14 426964
dry 32e5 2 178 - 0.06 0.25 92676
aoDLAV 32e5 2 178 - 0.26 11.89 493328
aoULAV 32e5 2 178 - 0.27 12.66 493336
aoD2AG 32e5 2 178 - 0.43 18.20 717268
aoD2SG 32e5 2 178 - 0.42 20.84 743508
dry 1e7 2 143 - 0.13 0.44 225484
aoDLAV 1e7 2 143 - 0.79 44.14 1502688
aoULAV 1e7 2 143 - 0.77 46.81 1502684
aoD2AG 1e7 2 143 - 1.52 66.55 2202864
aoD2SG 1e7 2 143 - 1.64 76.72 2283472
dry 1e7 5 186 - 0.23 0.79 459872
aoDLAV 1e7 5 186 - 1.06 212.87 2323016
aoULAV 1e7 5 186 - 1.01 214.71 2323020
aoD2AG 1e7 5 186 - 2.37 236.56 3064288
aoD2SG 1e7 5 186 - 2.49 280.97 3149864
dry 1e7 5 230 - 0.22 0.80 459868
aoDLAV 1e7 5 230 - 1.08 212.48 2323016
aoULAV 1e7 5 230 - 1.48 215.76 2323020
aoD2AG 1e7 5 230 - 2.05 237.84 3065348
aoD2SG 1e7 5 230 - 2.50 283.66 3150720
dry 32e5 2 41 - 0.06 0.25 92680
aoDLAV 32e5 2 41 - 0.25 11.92 493452
aoULAV 32e5 2 41 - 0.27 12.68 493336
aoD2AG 32e5 2 41 - 0.40 18.21 718212
aoD2SG 32e5 2 41 - 0.43 20.89 743732
dry 56e5 2 99 - 0.07 0.32 139544
aoDLAV 56e5 2 99 - 0.46 22.74 849560
aoULAV 56e5 2 99 - 0.45 25.24 849560
aoD2AG 56e5 2 99 - 0.72 34.60 1242244
aoD2SG 56e5 2 99 - 0.86 39.62 1287188
dry 1e7 10 192 - 0.42 1.38 850508
aoDLAV 1e7 10 192 - 1.54 4748.40 3533956
aoULAV 1e7 10 192 - 2.47 4795.45 3533960
aoD2AG 1e7 10 192 - 3.55 4907.17 4338432
aoD2SG 1e7 10 192 - 3.78 6105.29 4425876
dry 32e5 2 193 - 0.06 0.25 92680
aoDLAV 32e5 2 193 - 0.25 12.11 493324
aoULAV 32e5 2 193 - 0.24 12.83 493336
aoD2AG 32e5 2 193 - 0.38 18.74 718668
aoD2SG 32e5 2 193 - 0.41 20.94 742796
dry 56e5 2 185 - 0.07 0.32 139544
aoDLAV 56e5 2 185 - 0.47 22.65 849556
aoULAV 56e5 2 185 - 0.40 24.15 849556
aoD2AG 56e5 2 185 - 0.77 34.21 1242012
aoD2SG 56e5 2 185 - 0.76 39.42 1287180
dry 1e7 5 125 - 0.24 0.79 459868
aoDLAV 1e7 5 125 - 1.07 213.52 2323020
aoULAV 1e7 5 125 - 1.53 210.71 2323020
aoD2AG 1e7 5 125 - 2.08 234.32 3064388
aoD2SG 1e7 5 125 - 2.57 278.46 3150056
dry 1e7 2 112 - 0.11 0.45 225484
aoDLAV 1e7 2 112 - 0.75 43.73 1502684
aoULAV 1e7 2 112 - 0.77 46.40 1502688
aoD2AG 1e7 2 112 - 1.58 65.53 2204700
aoD2SG 1e7 2 112 - 1.86 75.89 2283788
dry 1e7 5 188 - 0.23 0.79 459868
aoDLAV 1e7 5 188 - 1.09 213.85 2323020
aoULAV 1e7 5 188 - 1.51 269.12 2323016
aoD2AG 1e7 5 188 - 2.50 235.94 3065420
aoD2SG 1e7 5 188 - 2.09 275.29 3149504
dry 1e7 2 226 - 0.12 0.44 225484
aoDLAV 1e7 2 226 - 0.79 42.90 1502684
aoULAV 1e7 2 226 - 0.75 45.52 1502684
aoD2AG 1e7 2 226 - 1.72 64.58 2203592
aoD2SG 1e7 2 226 - 1.70 75.19 2283496
dry 1e7 5 102 - 0.24 0.78 459868
aoDLAV 1e7 5 102 - 0.99 209.00 2323016
aoULAV 1e7 5 102 - 1.48 211.35 2323016
aoD2AG 1e7 5 102 - 2.48 233.23 3065000
aoD2SG 1e7 5 102 - 2.13 277.06 3150540
dry 1e7 10 146 - 0.41 1.37 850508
aoDLAV 1e7 10 146 - 1.59 4718.38 3533952
aoULAV 1e7 10 146 - 2.38 4720.44 3533952
aoD2AG 1e7 10 146 - 3.47 4685.01 4337184
aoD2SG 1e7 10 146 - 3.58 5398.71 4428444
