dry 56e2 2 104 - 0.02 0.11 26240
aoDLAV 56e2 2 104 - 0.03 0.14 30976
aoULAV 56e2 2 104 - 0.02 0.14 30988
aoD2AG 56e2 2 104 - 0.03 0.15 31968
aoD2SG 56e2 2 104 - 0.02 0.15 31124
moore 56e2 2 104 - 0.64 220.20 952728
nbpm 56e2 2 104 - 2.40 73.06 2388088
greedy 56e2 2 104 - 1.90 80.40 3460488
dry 1e4 10 20 - 0.02 0.12 27688
aoDLAV 1e4 10 20 - 0.03 0.68 32764
aoULAV 1e4 10 20 - 0.03 0.68 32780
aoD2AG 1e4 10 20 - 0.03 0.71 32744
aoD2SG 1e4 10 20 - 0.03 0.78 34180
moore 1e4 10 20 - 1.13 1067.67 2963900
nbpm 1e4 10 20 - 7.68 749.26 7764388
greedy 1e4 10 20 - 6.82 271.85 10961108
dry 56e2 2 35 - 0.02 0.12 26240
aoDLAV 56e2 2 35 - 0.03 0.16 30976
aoULAV 56e2 2 35 - 0.04 0.15 30988
aoD2AG 56e2 2 35 - 0.03 0.18 31964
aoD2SG 56e2 2 35 - 0.04 0.16 31124
moore 56e2 2 35 - 0.73 224.69 952724
nbpm 56e2 2 35 - 2.43 71.14 2388092
greedy 56e2 2 35 - 2.03 79.99 3460492
dry 1e4 5 25 - 0.03 0.11 26900
aoDLAV 1e4 5 25 - 0.03 0.21 31084
aoULAV 1e4 5 25 - 0.03 0.22 31096
aoD2AG 1e4 5 25 - 0.03 0.22 32108
aoD2SG 1e4 5 25 - 0.03 0.23 32108
moore 1e4 5 25 - 1.11 1004.59 2961736
nbpm 1e4 5 25 - 7.29 717.21 7811448
greedy 1e4 5 25 - 6.42 296.89 10959172
dry 56e2 2 73 - 0.02 0.12 28280
aoDLAV 56e2 2 73 - 0.02 0.16 30976
aoULAV 56e2 2 73 - 0.03 0.15 30992
aoD2AG 56e2 2 73 - 0.03 0.17 31972
aoD2SG 56e2 2 73 - 0.03 0.18 31124
moore 56e2 2 73 - 0.49 189.84 952724
nbpm 56e2 2 73 - 2.34 72.15 2388088
greedy 56e2 2 73 - 2.07 79.06 3460492
dry 2e7 2 153 - 0.26 0.79 420796
aoDLAV 2e7 2 153 - 1.80 109.62 2987068
aoULAV 2e7 2 153 - 1.75 115.88 2987068
aoD2AG 2e7 2 153 - 3.41 160.50 4386604
aoD2SG 2e7 2 153 - 4.11 189.25 4544904
dry 7e7 2 176 - 0.85 2.21 1397360
aoDLAV 7e7 2 176 - 6.10 428.73 10408936
aoULAV 7e7 2 176 - 7.66 459.41 10408936
aoD2AG 7e7 2 176 - 14.17 640.77 15304316
aoD2SG 7e7 2 176 - 15.29 766.27 15860996
dry 1e4 10 9 - 0.03 0.12 27688
aoDLAV 1e4 10 9 - 0.04 0.66 32764
aoULAV 1e4 10 9 - 0.03 0.67 32776
aoD2AG 1e4 10 9 - 0.04 0.69 32748
aoD2SG 1e4 10 9 - 0.03 0.75 34180
moore 1e4 10 9 - 1.10 1033.25 2963856
nbpm 1e4 10 9 - 8.04 734.39 7764384
greedy 1e4 10 9 - 6.69 287.80 10961108
dry 7e7 2 11 - 0.87 2.16 1397356
aoDLAV 7e7 2 11 - 5.89 428.00 10408936
aoULAV 7e7 2 11 - 7.29 461.41 10408936
aoD2AG 7e7 2 11 - 13.85 747.72 15303696
aoD2SG 7e7 2 11 - 14.36 759.69 15861488
dry 1e4 5 117 - 0.03 0.13 28792
aoDLAV 1e4 5 117 - 0.03 0.23 31088
aoULAV 1e4 5 117 - 0.03 0.22 31096
aoD2AG 1e4 5 117 - 0.04 0.22 32112
aoD2SG 1e4 5 117 - 0.03 0.24 32112
moore 1e4 5 117 - 1.17 1289.40 2961732
nbpm 1e4 5 117 - 7.65 593.62 7811456
greedy 1e4 5 117 - 6.53 297.83 10959172
dry 1e4 2 209 - 0.02 0.13 26432
aoDLAV 1e4 2 209 - 0.04 0.17 31864
aoULAV 1e4 2 209 - 0.03 0.18 31880
aoD2AG 1e4 2 209 - 0.03 0.19 31876
aoD2SG 1e4 2 209 - 0.04 0.18 31992
moore 1e4 2 209 - 1.16 1089.50 2960580
nbpm 1e4 2 209 - 7.53 451.17 7889420
greedy 1e4 2 209 - 6.38 265.97 10968568
dry 50e2 2 72 - 0.03 0.11 26204
aoDLAV 50e2 2 72 - 0.03 0.16 30848
aoULAV 50e2 2 72 - 0.04 0.15 30860
aoD2AG 50e2 2 72 - 0.02 0.16 31772
aoD2SG 50e2 2 72 - 0.03 0.17 31848
moore 50e2 2 72 - 0.71 205.90 764632
nbpm 50e2 2 72 - 1.96 64.39 2011924
greedy 50e2 2 72 - 1.70 65.68 2764780
dry 3e7 2 154 - 0.39 1.00 616104
aoDLAV 3e7 2 154 - 2.47 165.30 4471428
aoULAV 3e7 2 154 - 3.44 181.13 4471428
aoD2AG 3e7 2 154 - 5.22 250.10 6572668
aoD2SG 3e7 2 154 - 6.30 299.77 6810628
dry 7e7 2 57 - 0.84 2.20 1397360
aoDLAV 7e7 2 57 - 5.75 416.19 10408936
aoULAV 7e7 2 57 - 7.80 548.08 10408940
aoD2AG 7e7 2 57 - 13.72 633.44 15305644
aoD2SG 7e7 2 57 - 14.01 741.22 15864564
dry 56e6 2 22 - 0.58 1.81 1123928
aoDLAV 56e6 2 22 - 4.65 328.84 8330816
aoULAV 56e6 2 22 - 6.15 351.12 8330816
aoD2AG 56e6 2 22 - 11.32 509.00 12246344
aoD2SG 56e6 2 22 - 11.69 657.77 12693048
dry 25e2 2 216 - 0.02 0.12 26080
aoDLAV 25e2 2 216 - 0.03 0.15 30452
aoULAV 25e2 2 216 - 0.03 0.14 30464
aoD2AG 25e2 2 216 - 0.04 0.14 30976
aoD2SG 25e2 2 216 - 0.03 0.14 31032
moore 25e2 2 216 - 0.10 30.53 213604
nbpm 25e2 2 216 - 0.52 12.14 541644
greedy 25e2 2 216 - 0.44 9.68 713668
dry 56e6 2 122 - 0.63 1.83 1123972
aoDLAV 56e6 2 122 - 4.85 373.24 8330816
aoULAV 56e6 2 122 - 6.02 352.94 8330820
aoD2AG 56e6 2 122 - 11.16 513.62 12244652
aoD2SG 56e6 2 122 - 11.69 599.24 12693332
dry 3e7 2 109 - 0.36 1.03 616104
aoDLAV 3e7 2 109 - 2.58 174.37 4471428
aoULAV 3e7 2 109 - 3.25 179.21 4471432
aoD2AG 3e7 2 109 - 5.41 286.50 6572872
aoD2SG 3e7 2 109 - 6.25 295.75 6808452
dry 50e2 2 79 - 0.02 0.13 26208
aoDLAV 50e2 2 79 - 0.03 0.15 30848
aoULAV 50e2 2 79 - 0.04 0.15 30864
aoD2AG 50e2 2 79 - 0.03 0.16 31792
aoD2SG 50e2 2 79 - 0.03 0.18 31884
moore 50e2 2 79 - 0.52 173.79 764624
nbpm 50e2 2 79 - 1.97 56.10 2011916
greedy 50e2 2 79 - 1.86 63.71 2764784
dry 50e2 2 91 - 0.03 0.12 26204
aoDLAV 50e2 2 91 - 0.02 0.16 30848
aoULAV 50e2 2 91 - 0.02 0.16 30860
aoD2AG 50e2 2 91 - 0.02 0.17 31776
aoD2SG 50e2 2 91 - 0.02 0.18 31888
moore 50e2 2 91 - 0.68 204.66 764628
nbpm 50e2 2 91 - 1.91 75.41 2011928
greedy 50e2 2 91 - 1.56 78.15 2764780
dry 50e2 2 164 - 0.02 0.11 26204
aoDLAV 50e2 2 164 - 0.03 0.15 30848
aoULAV 50e2 2 164 - 0.02 0.16 30860
aoD2AG 50e2 2 164 - 0.03 0.15 31780
aoD2SG 50e2 2 164 - 0.02 0.18 31868
moore 50e2 2 164 - 1.52 369.60 764620
nbpm 50e2 2 164 - 2.05 53.76 2011916
greedy 50e2 2 164 - 1.60 65.11 2764780
dry 56e2 2 208 - 0.02 0.12 27952
aoDLAV 56e2 2 208 - 0.03 0.15 30980
aoULAV 56e2 2 208 - 0.02 0.16 30992
aoD2AG 56e2 2 208 - 0.03 0.17 31980
aoD2SG 56e2 2 208 - 0.03 0.17 31124
moore 56e2 2 208 - 0.85 254.00 952720
nbpm 56e2 2 208 - 2.46 82.15 2388084
greedy 56e2 2 208 - 2.09 83.67 3460492
dry 18e6 2 195 - 0.24 0.71 381736
aoDLAV 18e6 2 195 - 1.62 99.92 2690192
aoULAV 18e6 2 195 - 1.61 101.16 2690196
aoD2AG 18e6 2 195 - 2.99 150.00 3951572
aoD2SG 18e6 2 195 - 3.91 169.09 4094132
dry 25e2 2 230 - 0.02 0.12 26080
aoDLAV 25e2 2 230 - 0.03 0.14 30456
aoULAV 25e2 2 230 - 0.03 0.15 30464
aoD2AG 25e2 2 230 - 0.03 0.15 30996
aoD2SG 25e2 2 230 - 0.03 0.15 31036
moore 25e2 2 230 - 0.11 38.61 213600
nbpm 25e2 2 230 - 0.60 12.37 541636
greedy 25e2 2 230 - 0.51 8.64 713664
dry 32e2 2 233 - 0.02 0.12 26112
aoDLAV 32e2 2 233 - 0.02 0.15 30544
aoULAV 32e2 2 233 - 0.02 0.15 30548
aoD2AG 32e2 2 233 - 0.03 0.15 31216
aoD2SG 32e2 2 233 - 0.02 0.15 31272
moore 32e2 2 233 - 0.15 33.20 330516
nbpm 32e2 2 233 - 0.91 30.48 854756
greedy 32e2 2 233 - 0.73 21.82 1150164
dry 75e2 2 97 - 0.02 0.12 26332
aoDLAV 75e2 2 97 - 0.03 0.15 31376
aoULAV 75e2 2 97 - 0.03 0.15 31388
aoD2AG 75e2 2 97 - 0.03 0.17 31380
aoD2SG 75e2 2 97 - 0.03 0.17 31384
moore 75e2 2 97 - 0.89 425.79 1688792
nbpm 75e2 2 97 - 4.16 157.93 4242132
greedy 75e2 2 97 - 3.62 160.26 6183092
dry 6e7 2 101 - 0.71 1.92 1202044
aoDLAV 6e7 2 101 - 4.98 363.67 8924560
aoULAV 6e7 2 101 - 6.69 386.87 8924560
aoD2AG 6e7 2 101 - 11.81 550.90 13121860
aoD2SG 6e7 2 101 - 12.36 645.73 13596432
dry 3e7 2 171 - 0.36 1.09 616104
aoDLAV 3e7 2 171 - 2.48 169.88 4471428
aoULAV 3e7 2 171 - 3.18 176.27 4471428
aoD2AG 3e7 2 171 - 5.12 256.88 6570260
aoD2SG 3e7 2 171 - 6.16 290.69 6808980
dry 18e6 2 86 - 0.24 0.73 381736
aoDLAV 18e6 2 86 - 1.66 129.16 2690192
aoULAV 18e6 2 86 - 2.07 121.45 2690192
aoD2AG 18e6 2 86 - 3.29 143.63 3952052
aoD2SG 18e6 2 86 - 3.89 173.61 4095472
dry 18e2 2 192 - 0.02 0.12 26048
aoDLAV 18e2 2 192 - 0.03 0.14 30376
aoULAV 18e2 2 192 - 0.03 0.15 30388
aoD2AG 18e2 2 192 - 0.03 0.15 30800
aoD2SG 18e2 2 192 - 0.03 0.15 30836
moore 18e2 2 192 - 0.06 9.87 125436
nbpm 18e2 2 192 - 0.19 7.96 334560
greedy 18e2 2 192 - 0.23 4.34 384352
dry 4e7 2 71 - 0.47 1.32 811424
aoDLAV 4e7 2 71 - 3.35 228.33 5955816
aoULAV 4e7 2 71 - 4.33 242.54 5955816
aoD2AG 4e7 2 71 - 7.83 348.38 8753288
aoD2SG 4e7 2 71 - 8.64 400.16 9071844
dry 1e4 10 47 - 0.02 0.12 28932
aoDLAV 1e4 10 47 - 0.03 0.69 32764
aoULAV 1e4 10 47 - 0.03 0.68 32776
aoD2AG 1e4 10 47 - 0.03 0.71 32744
aoD2SG 1e4 10 47 - 0.03 0.77 34216
moore 1e4 10 47 - 1.15 984.19 2963856
nbpm 1e4 10 47 - 7.41 719.43 7764384
greedy 1e4 10 47 - 6.63 268.22 10961108
dry 32e2 2 168 - 0.02 0.12 26112
aoDLAV 32e2 2 168 - 0.03 0.15 30540
aoULAV 32e2 2 168 - 0.03 0.15 30552
aoD2AG 32e2 2 168 - 0.03 0.15 31208
aoD2SG 32e2 2 168 - 0.03 0.16 31256
moore 32e2 2 168 - 0.19 45.51 330512
nbpm 32e2 2 168 - 0.90 25.05 854756
greedy 32e2 2 168 - 0.72 23.22 1150164
dry 4e7 2 105 - 0.49 1.34 811424
aoDLAV 4e7 2 105 - 3.27 230.76 5955816
aoULAV 4e7 2 105 - 4.68 262.56 5955816
aoD2AG 4e7 2 105 - 7.69 348.60 8752516
aoD2SG 4e7 2 105 - 8.48 410.93 9074160
dry 1e4 2 92 - 0.02 0.12 26436
aoDLAV 1e4 2 92 - 0.03 0.17 31868
aoULAV 1e4 2 92 - 0.02 0.18 31876
aoD2AG 1e4 2 92 - 0.03 0.18 31880
aoD2SG 1e4 2 92 - 0.03 0.18 31992
moore 1e4 2 92 - 1.14 906.16 2960572
nbpm 1e4 2 92 - 7.49 385.66 7889416
greedy 1e4 2 92 - 6.37 290.01 10968568
dry 3e7 2 74 - 0.35 1.04 616108
aoDLAV 3e7 2 74 - 2.41 165.62 4471432
aoULAV 3e7 2 74 - 3.35 178.27 4471432
aoD2AG 3e7 2 74 - 5.13 257.40 6568796
aoD2SG 3e7 2 74 - 6.16 303.05 6808772
dry 18e6 2 63 - 0.22 0.70 381736
aoDLAV 18e6 2 63 - 1.43 96.67 2690192
aoULAV 18e6 2 63 - 2.13 106.68 2690196
aoD2AG 18e6 2 63 - 3.23 149.70 3950264
aoD2SG 18e6 2 63 - 3.30 175.00 4094552
dry 50e2 2 138 - 0.02 0.12 26204
aoDLAV 50e2 2 138 - 0.04 0.14 30852
aoULAV 50e2 2 138 - 0.03 0.15 30864
aoD2AG 50e2 2 138 - 0.03 0.16 31772
aoD2SG 50e2 2 138 - 0.02 0.18 31868
moore 50e2 2 138 - 0.60 182.31 764620
nbpm 50e2 2 138 - 2.04 55.22 2011912
greedy 50e2 2 138 - 1.66 65.68 2764784
dry 56e2 2 106 - 0.03 0.12 26236
aoDLAV 56e2 2 106 - 0.02 0.16 30980
aoULAV 56e2 2 106 - 0.03 0.15 30988
aoD2AG 56e2 2 106 - 0.02 0.18 31972
aoD2SG 56e2 2 106 - 0.04 0.17 31124
moore 56e2 2 106 - 0.51 196.56 952716
nbpm 56e2 2 106 - 2.36 73.83 2388080
greedy 56e2 2 106 - 2.17 85.79 3460488
dry 32e6 2 142 - 0.37 1.10 655176
aoDLAV 32e6 2 142 - 2.71 181.25 4768324
aoULAV 32e6 2 142 - 3.57 195.70 4768328
aoD2AG 32e6 2 142 - 6.24 270.23 7005824
aoD2SG 32e6 2 142 - 6.00 322.95 7262700
dry 2e7 2 189 - 0.26 0.77 420796
aoDLAV 2e7 2 189 - 1.69 109.32 2987068
aoULAV 2e7 2 189 - 1.75 120.72 2987068
aoD2AG 2e7 2 189 - 3.46 164.77 4387308
aoD2SG 2e7 2 189 - 4.37 236.76 4545220
dry 2e7 2 67 - 0.24 0.77 420796
aoDLAV 2e7 2 67 - 1.79 108.68 2987072
aoULAV 2e7 2 67 - 1.78 115.94 2987068
aoD2AG 2e7 2 67 - 4.31 163.62 4388364
aoD2SG 2e7 2 67 - 4.11 193.09 4547728
dry 56e2 2 78 - 0.03 0.12 26236
aoDLAV 56e2 2 78 - 0.03 0.16 30976
aoULAV 56e2 2 78 - 0.04 0.15 30988
aoD2AG 56e2 2 78 - 0.03 0.18 31972
aoD2SG 56e2 2 78 - 0.02 0.19 31128
moore 56e2 2 78 - 0.49 180.64 952724
nbpm 56e2 2 78 - 2.46 72.45 2388092
greedy 56e2 2 78 - 2.01 78.57 3460492
dry 32e6 2 139 - 0.38 1.09 655176
aoDLAV 32e6 2 139 - 2.71 180.35 4768324
aoULAV 32e6 2 139 - 3.67 193.16 4768324
aoD2AG 32e6 2 139 - 5.51 266.49 7007172
aoD2SG 32e6 2 139 - 6.81 314.01 7260496
dry 32e2 2 33 - 0.02 0.12 27952
aoDLAV 32e2 2 33 - 0.03 0.16 30540
aoULAV 32e2 2 33 - 0.03 0.15 30548
aoD2AG 32e2 2 33 - 0.02 0.16 31196
aoD2SG 32e2 2 33 - 0.03 0.15 31244
moore 32e2 2 33 - 0.42 100.65 330524
nbpm 32e2 2 33 - 0.93 19.89 854760
greedy 32e2 2 33 - 0.66 21.15 1150164
dry 1e4 10 126 - 0.03 0.11 29352
aoDLAV 1e4 10 126 - 0.03 0.70 32768
aoULAV 1e4 10 126 - 0.04 0.68 32776
aoD2AG 1e4 10 126 - 0.03 0.72 32744
aoD2SG 1e4 10 126 - 0.03 0.87 34176
moore 1e4 10 126 - 1.25 982.54 2963852
nbpm 1e4 10 126 - 7.70 756.37 7764384
greedy 1e4 10 126 - 6.62 283.31 10961108
dry 7e7 2 167 - 2.27 2.20 1397356
aoDLAV 7e7 2 167 - 6.19 433.95 10408936
aoULAV 7e7 2 167 - 7.47 440.48 10408936
aoD2AG 7e7 2 167 - 13.92 654.29 15305736
aoD2SG 7e7 2 167 - 14.49 752.95 15864900
dry 18e2 2 155 - 0.03 0.11 26048
aoDLAV 18e2 2 155 - 0.03 0.14 30376
aoULAV 18e2 2 155 - 0.02 0.15 30384
aoD2AG 18e2 2 155 - 0.02 0.15 30792
aoD2SG 18e2 2 155 - 0.02 0.15 30820
moore 18e2 2 155 - 0.08 15.30 125416
nbpm 18e2 2 155 - 0.17 7.79 334580
greedy 18e2 2 155 - 0.21 4.96 384352
dry 3e7 2 138 - 0.38 1.04 616104
aoDLAV 3e7 2 138 - 2.68 168.48 4471428
aoULAV 3e7 2 138 - 3.47 179.22 4471428
aoD2AG 3e7 2 138 - 5.90 254.15 6570076
aoD2SG 3e7 2 138 - 5.64 295.33 6808144
dry 4e7 2 180 - 0.46 1.33 811444
aoDLAV 4e7 2 180 - 3.39 249.34 5955820
aoULAV 4e7 2 180 - 3.63 240.08 5955820
aoD2AG 4e7 2 180 - 8.27 343.32 8752412
aoD2SG 4e7 2 180 - 8.75 404.64 9072232
dry 56e2 2 210 - 0.03 0.12 26236
aoDLAV 56e2 2 210 - 0.02 0.17 30980
aoULAV 56e2 2 210 - 0.04 0.15 30992
aoD2AG 56e2 2 210 - 0.03 0.17 31980
aoD2SG 56e2 2 210 - 0.02 0.18 31124
moore 56e2 2 210 - 0.57 201.45 952720
nbpm 56e2 2 210 - 2.50 69.58 2388080
greedy 56e2 2 210 - 2.19 78.29 3460492
dry 75e2 2 167 - 0.03 0.12 26328
aoDLAV 75e2 2 167 - 0.03 0.16 31376
aoULAV 75e2 2 167 - 0.03 0.16 31388
aoD2AG 75e2 2 167 - 0.04 0.17 31384
aoD2SG 75e2 2 167 - 0.03 0.18 31380
moore 75e2 2 167 - 0.74 386.68 1683884
nbpm 75e2 2 167 - 4.25 155.04 4242128
greedy 75e2 2 167 - 3.92 152.85 6183096
dry 6e7 2 74 - 0.74 1.93 1202044
aoDLAV 6e7 2 74 - 5.57 361.97 8924564
aoULAV 6e7 2 74 - 6.77 377.43 8924560
aoD2AG 6e7 2 74 - 12.30 531.42 13122280
aoD2SG 6e7 2 74 - 12.31 650.01 13600128
dry 5e7 2 51 - 0.57 1.61 1006740
aoDLAV 5e7 2 51 - 4.27 290.50 7440192
aoULAV 5e7 2 51 - 5.49 303.30 7440192
aoD2AG 5e7 2 51 - 9.76 429.87 10936020
aoD2SG 5e7 2 51 - 10.57 509.85 11335668
dry 1e4 10 46 - 0.03 0.12 27692
aoDLAV 1e4 10 46 - 0.03 0.71 32768
aoULAV 1e4 10 46 - 0.04 0.68 32776
aoD2AG 1e4 10 46 - 0.03 0.69 32744
aoD2SG 1e4 10 46 - 0.02 0.77 34176
moore 1e4 10 46 - 1.23 1093.05 2963852
nbpm 1e4 10 46 - 7.45 755.14 7764496
greedy 1e4 10 46 - 6.45 272.46 10961108
dry 4e7 2 211 - 0.51 1.32 811424
aoDLAV 4e7 2 211 - 3.54 230.86 5955816
aoULAV 4e7 2 211 - 4.36 237.92 5955820
aoD2AG 4e7 2 211 - 7.79 349.16 8753816
aoD2SG 4e7 2 211 - 8.40 413.21 9076252
dry 56e6 2 7 - 0.65 1.81 1123924
aoDLAV 56e6 2 7 - 4.71 331.82 8330816
aoULAV 56e6 2 7 - 6.32 355.98 8330816
aoD2AG 56e6 2 7 - 11.21 497.96 12249464
aoD2SG 56e6 2 7 - 11.59 584.75 12695040
dry 32e2 2 134 - 0.02 0.12 26116
aoDLAV 32e2 2 134 - 0.02 0.15 30540
aoULAV 32e2 2 134 - 0.03 0.14 30552
aoD2AG 32e2 2 134 - 0.03 0.15 31208
aoD2SG 32e2 2 134 - 0.03 0.16 31264
moore 32e2 2 134 - 0.24 67.67 330520
nbpm 32e2 2 134 - 0.85 20.56 854760
greedy 32e2 2 134 - 0.71 22.54 1150164
dry 18e6 2 106 - 0.22 0.69 381736
aoDLAV 18e6 2 106 - 1.46 96.73 2690192
aoULAV 18e6 2 106 - 1.53 99.80 2690192
aoD2AG 18e6 2 106 - 3.74 147.81 3949820
aoD2SG 18e6 2 106 - 3.36 169.06 4093956
dry 32e6 2 24 - 0.44 1.12 655176
aoDLAV 32e6 2 24 - 2.84 181.05 4768328
aoULAV 32e6 2 24 - 2.90 190.92 4768328
aoD2AG 32e6 2 24 - 6.40 275.02 7007940
aoD2SG 32e6 2 24 - 6.80 311.67 7262384
