dry 1e4 5 74 - 0.03 0.12 26900
aoDLAV 1e4 5 74 - 0.03 0.20 31088
aoULAV 1e4 5 74 - 0.02 0.21 31096
aoD2AG 1e4 5 74 - 0.03 0.23 32108
aoD2SG 1e4 5 74 - 0.04 0.23 32108
moore 1e4 5 74 - 1.17 928.29 2961736
nbpm 1e4 5 74 - 7.49 757.64 7811448
greedy 1e4 5 74 - 5.98 299.95 10959172
dry 5e7 2 81 - 0.57 1.61 1006736
aoDLAV 5e7 2 81 - 3.96 296.33 7440196
aoULAV 5e7 2 81 - 5.66 315.58 7440192
aoD2AG 5e7 2 81 - 9.71 459.62 10934968
aoD2SG 5e7 2 81 - 10.29 542.11 11337804
dry 7e7 2 129 - 0.87 2.20 1397356
aoDLAV 7e7 2 129 - 5.68 424.96 10408940
aoULAV 7e7 2 129 - 7.59 450.48 10408936
aoD2AG 7e7 2 129 - 13.67 641.24 15306372
aoD2SG 7e7 2 129 - 14.41 757.56 15864724
dry 50e2 2 94 - 0.02 0.12 26204
aoDLAV 50e2 2 94 - 0.03 0.15 30848
aoULAV 50e2 2 94 - 0.03 0.15 30860
aoD2AG 50e2 2 94 - 0.02 0.16 31788
aoD2SG 50e2 2 94 - 0.02 0.17 31872
moore 50e2 2 94 - 1.02 281.01 764600
nbpm 50e2 2 94 - 2.00 79.51 2011928
greedy 50e2 2 94 - 1.89 61.99 2764780
dry 2e7 2 15 - 0.24 0.76 420796
aoDLAV 2e7 2 15 - 1.57 106.30 2987068
aoULAV 2e7 2 15 - 1.69 113.87 2987068
aoD2AG 2e7 2 15 - 3.61 168.03 4386532
aoD2SG 2e7 2 15 - 4.31 192.24 4547156
dry 75e2 2 90 - 0.03 0.11 26332
aoDLAV 75e2 2 90 - 0.03 0.16 31376
aoULAV 75e2 2 90 - 0.03 0.16 31388
aoD2AG 75e2 2 90 - 0.03 0.19 31380
aoD2SG 75e2 2 90 - 0.04 0.18 31384
moore 75e2 2 90 - 0.77 384.73 1683872
nbpm 75e2 2 90 - 4.25 162.20 4242124
greedy 75e2 2 90 - 3.95 203.17 6183088
dry 50e2 2 50 - 0.02 0.13 26204
aoDLAV 50e2 2 50 - 0.03 0.16 30848
aoULAV 50e2 2 50 - 0.03 0.16 30860
aoD2AG 50e2 2 50 - 0.04 0.16 31796
aoD2SG 50e2 2 50 - 0.04 0.18 31856
moore 50e2 2 50 - 0.46 147.88 764620
nbpm 50e2 2 50 - 2.03 55.20 2011916
greedy 50e2 2 50 - 1.67 62.90 2764784
dry 2e7 2 145 - 0.24 0.74 420800
aoDLAV 2e7 2 145 - 1.64 106.52 2987068
aoULAV 2e7 2 145 - 2.27 110.92 2987072
aoD2AG 2e7 2 145 - 3.54 194.90 4386160
aoD2SG 2e7 2 145 - 4.07 185.40 4547028
dry 32e6 2 250 - 0.37 1.09 655176
aoDLAV 32e6 2 250 - 2.65 181.00 4768324
aoULAV 32e6 2 250 - 3.63 192.32 4768324
aoD2AG 32e6 2 250 - 6.27 282.10 7006164
aoD2SG 32e6 2 250 - 6.19 328.83 7261468
dry 7e7 2 152 - 0.81 2.20 1397360
aoDLAV 7e7 2 152 - 5.85 406.19 10408936
aoULAV 7e7 2 152 - 7.54 447.51 10408936
aoD2AG 7e7 2 152 - 13.59 622.62 15304144
aoD2SG 7e7 2 152 - 14.79 746.52 15861224
dry 56e6 2 109 - 0.63 1.83 1123928
aoDLAV 56e6 2 109 - 4.76 326.74 8330816
aoULAV 56e6 2 109 - 6.13 357.46 8330816
aoD2AG 56e6 2 109 - 11.36 499.98 12248300
aoD2SG 56e6 2 109 - 11.97 667.71 12696752
dry 1e4 5 140 - 0.02 0.13 26904
aoDLAV 1e4 5 140 - 0.03 0.22 31084
aoULAV 1e4 5 140 - 0.03 0.22 31096
aoD2AG 1e4 5 140 - 0.02 0.24 32108
aoD2SG 1e4 5 140 - 0.02 0.24 32108
moore 1e4 5 140 - 1.21 1192.92 2961736
nbpm 1e4 5 140 - 7.25 963.73 7811456
greedy 1e4 5 140 - 6.83 304.96 10959172
dry 18e6 2 241 - 0.26 0.71 381736
aoDLAV 18e6 2 241 - 1.58 96.19 2690192
aoULAV 18e6 2 241 - 1.60 105.88 2690192
aoD2AG 18e6 2 241 - 3.63 144.19 3950824
aoD2SG 18e6 2 241 - 3.68 169.67 4095524
dry 7e7 2 189 - 0.85 2.21 1397356
aoDLAV 7e7 2 189 - 5.86 426.00 10408936
aoULAV 7e7 2 189 - 7.63 447.99 10408936
aoD2AG 7e7 2 189 - 14.01 654.95 15304628
aoD2SG 7e7 2 189 - 14.47 762.03 15861840
dry 1e4 5 128 - 0.03 0.12 26900
aoDLAV 1e4 5 128 - 0.03 0.22 31084
aoULAV 1e4 5 128 - 0.03 0.21 31136
aoD2AG 1e4 5 128 - 0.03 0.22 32108
aoD2SG 1e4 5 128 - 0.04 0.23 32108
moore 1e4 5 128 - 1.13 1010.22 2961736
nbpm 1e4 5 128 - 7.66 583.59 7811452
greedy 1e4 5 128 - 6.29 297.47 10959176
dry 6e7 2 150 - 0.69 1.94 1202044
aoDLAV 6e7 2 150 - 4.73 358.96 8924560
aoULAV 6e7 2 150 - 6.55 369.08 8924560
aoD2AG 6e7 2 150 - 12.08 684.98 13125076
aoD2SG 6e7 2 150 - 12.94 817.03 13601004
dry 4e7 2 161 - 0.45 1.30 811424
aoDLAV 4e7 2 161 - 3.30 218.32 5955816
aoULAV 4e7 2 161 - 3.58 233.29 5955816
aoD2AG 4e7 2 161 - 8.10 344.13 8753040
aoD2SG 4e7 2 161 - 8.64 404.23 9072656
dry 2e7 2 222 - 0.29 0.79 420796
aoDLAV 2e7 2 222 - 1.85 142.31 2987068
aoULAV 2e7 2 222 - 1.82 134.07 2987068
aoD2AG 2e7 2 222 - 4.01 169.50 4385972
aoD2SG 2e7 2 222 - 3.67 194.24 4548780
dry 1e4 2 82 - 0.02 0.12 26432
aoDLAV 1e4 2 82 - 0.02 0.18 31868
aoULAV 1e4 2 82 - 0.03 0.16 31876
aoD2AG 1e4 2 82 - 0.03 0.18 31876
aoD2SG 1e4 2 82 - 0.04 0.17 31988
moore 1e4 2 82 - 1.22 1390.98 2960580
nbpm 1e4 2 82 - 7.85 358.11 7889424
greedy 1e4 2 82 - 6.65 265.48 10968572
dry 75e2 2 172 - 0.02 0.12 26328
aoDLAV 75e2 2 172 - 0.03 0.15 31376
aoULAV 75e2 2 172 - 0.04 0.15 31388
aoD2AG 75e2 2 172 - 0.03 0.18 31380
aoD2SG 75e2 2 172 - 0.03 0.18 31380
moore 75e2 2 172 - 1.09 445.67 1688792
nbpm 75e2 2 172 - 4.24 160.48 4242132
greedy 75e2 2 172 - 3.69 157.66 6183092
dry 1e4 10 6 - 0.03 0.12 29472
aoDLAV 1e4 10 6 - 0.03 0.72 32764
aoULAV 1e4 10 6 - 0.03 0.69 32776
aoD2AG 1e4 10 6 - 0.03 0.72 32748
aoD2SG 1e4 10 6 - 0.03 0.79 34176
moore 1e4 10 6 - 1.23 1102.15 2963852
nbpm 1e4 10 6 - 7.48 719.22 7764384
greedy 1e4 10 6 - 7.25 352.51 10961108
dry 1e4 10 214 - 0.03 0.11 27688
aoDLAV 1e4 10 214 - 0.04 0.67 32800
aoULAV 1e4 10 214 - 0.03 0.68 32780
aoD2AG 1e4 10 214 - 0.02 0.71 32744
aoD2SG 1e4 10 214 - 0.04 0.76 34176
moore 1e4 10 214 - 1.23 1062.37 2963852
nbpm 1e4 10 214 - 7.58 685.69 7764384
greedy 1e4 10 214 - 6.81 272.45 10961108
dry 1e4 2 236 - 0.02 0.13 26432
aoDLAV 1e4 2 236 - 0.03 0.18 31864
aoULAV 1e4 2 236 - 0.04 0.17 31876
aoD2AG 1e4 2 236 - 0.04 0.18 31880
aoD2SG 1e4 2 236 - 0.03 0.19 31988
moore 1e4 2 236 - 1.11 1103.72 2960572
nbpm 1e4 2 236 - 7.63 341.68 7889420
greedy 1e4 2 236 - 6.33 269.08 10968568
dry 50e2 2 185 - 0.02 0.12 26204
aoDLAV 50e2 2 185 - 0.03 0.15 30852
aoULAV 50e2 2 185 - 0.03 0.15 30864
aoD2AG 50e2 2 185 - 0.03 0.17 31768
aoD2SG 50e2 2 185 - 0.03 0.18 31852
moore 50e2 2 185 - 0.54 179.49 764620
nbpm 50e2 2 185 - 2.05 53.69 2011916
greedy 50e2 2 185 - 1.60 58.31 2764784
dry 1e4 10 2 - 0.02 0.12 27688
aoDLAV 1e4 10 2 - 0.03 0.67 32768
aoULAV 1e4 10 2 - 0.02 0.68 32776
aoD2AG 1e4 10 2 - 0.04 0.71 32744
aoD2SG 1e4 10 2 - 0.03 0.78 34176
moore 1e4 10 2 - 1.12 1209.34 2963856
nbpm 1e4 10 2 - 7.60 737.78 7764516
greedy 1e4 10 2 - 6.86 268.91 10961108
dry 6e7 2 114 - 0.70 1.91 1202044
aoDLAV 6e7 2 114 - 5.51 366.98 8924560
aoULAV 6e7 2 114 - 6.65 385.75 8924560
aoD2AG 6e7 2 114 - 11.79 554.58 13123128
aoD2SG 6e7 2 114 - 12.00 639.98 13602060
dry 56e6 2 206 - 0.57 1.78 1123924
aoDLAV 56e6 2 206 - 4.78 345.28 8330816
aoULAV 56e6 2 206 - 6.39 369.29 8330820
aoD2AG 56e6 2 206 - 10.95 516.49 12247324
aoD2SG 56e6 2 206 - 11.74 588.82 12694048
dry 50e2 2 125 - 0.02 0.12 26204
aoDLAV 50e2 2 125 - 0.03 0.15 30848
aoULAV 50e2 2 125 - 0.02 0.15 30864
aoD2AG 50e2 2 125 - 0.03 0.15 31764
aoD2SG 50e2 2 125 - 0.03 0.17 31852
moore 50e2 2 125 - 1.07 273.64 764620
nbpm 50e2 2 125 - 2.00 51.93 2011916
greedy 50e2 2 125 - 1.62 62.79 2764784
dry 56e6 2 196 - 0.73 1.82 1123928
aoDLAV 56e6 2 196 - 4.82 334.18 8330816
aoULAV 56e6 2 196 - 6.44 353.10 8330816
aoD2AG 56e6 2 196 - 10.99 493.66 12248120
aoD2SG 56e6 2 196 - 11.43 576.94 12696052
dry 2e7 2 14 - 0.24 0.74 420796
aoDLAV 2e7 2 14 - 1.64 106.63 2987068
aoULAV 2e7 2 14 - 1.58 114.04 2987068
aoD2AG 2e7 2 14 - 3.91 165.69 4387428
aoD2SG 2e7 2 14 - 3.71 185.55 4548176
dry 2e7 2 182 - 0.26 0.77 420796
aoDLAV 2e7 2 182 - 1.69 107.82 2987068
aoULAV 2e7 2 182 - 1.73 114.69 2987068
aoD2AG 2e7 2 182 - 3.79 157.42 4388220
aoD2SG 2e7 2 182 - 3.66 185.76 4547344
dry 25e2 2 246 - 0.02 0.12 26080
aoDLAV 25e2 2 246 - 0.02 0.15 30452
aoULAV 25e2 2 246 - 0.02 0.15 30464
aoD2AG 25e2 2 246 - 0.03 0.14 30988
aoD2SG 25e2 2 246 - 0.02 0.15 31040
moore 25e2 2 246 - 0.09 30.42 213608
nbpm 25e2 2 246 - 0.55 12.99 541644
greedy 25e2 2 246 - 0.38 8.53 713664
dry 4e7 2 19 - 0.45 1.31 811428
aoDLAV 4e7 2 19 - 3.33 279.24 5955816
aoULAV 4e7 2 19 - 4.50 292.57 5955816
aoD2AG 4e7 2 19 - 8.26 341.22 8753176
aoD2SG 4e7 2 19 - 8.02 412.82 9074616
dry 2e7 2 232 - 0.24 0.74 420800
aoDLAV 2e7 2 232 - 1.73 109.17 2987068
aoULAV 2e7 2 232 - 1.70 119.07 2987068
aoD2AG 2e7 2 232 - 3.43 166.37 4387816
aoD2SG 2e7 2 232 - 4.26 192.71 4545752
dry 18e2 2 105 - 0.01 0.12 26052
aoDLAV 18e2 2 105 - 0.03 0.15 30372
aoULAV 18e2 2 105 - 0.03 0.15 30388
aoD2AG 18e2 2 105 - 0.03 0.15 30788
aoD2SG 18e2 2 105 - 0.03 0.15 30820
moore 18e2 2 105 - 0.06 15.22 125408
nbpm 18e2 2 105 - 0.21 7.72 334524
greedy 18e2 2 105 - 0.23 5.14 384352
dry 7e7 2 247 - 0.79 2.21 1397356
aoDLAV 7e7 2 247 - 5.69 430.24 10408936
aoULAV 7e7 2 247 - 7.63 439.28 10408956
aoD2AG 7e7 2 247 - 13.98 653.77 15304500
aoD2SG 7e7 2 247 - 14.55 758.27 15863720
dry 18e2 2 62 - 0.03 0.12 26048
aoDLAV 18e2 2 62 - 0.03 0.15 30372
aoULAV 18e2 2 62 - 0.02 0.15 30384
aoD2AG 18e2 2 62 - 0.03 0.15 30792
aoD2SG 18e2 2 62 - 0.02 0.15 30832
moore 18e2 2 62 - 0.08 25.29 125412
nbpm 18e2 2 62 - 0.17 8.70 334528
greedy 18e2 2 62 - 0.23 4.18 384356
dry 18e6 2 217 - 0.22 0.69 381736
aoDLAV 18e6 2 217 - 1.59 94.49 2690192
aoULAV 18e6 2 217 - 1.59 99.94 2690192
aoD2AG 18e6 2 217 - 3.20 152.47 3951220
aoD2SG 18e6 2 217 - 3.70 164.77 4092712
dry 75e2 2 197 - 0.02 0.12 28336
aoDLAV 75e2 2 197 - 0.02 0.16 31376
aoULAV 75e2 2 197 - 0.04 0.15 31388
aoD2AG 75e2 2 197 - 0.03 0.17 31380
aoD2SG 75e2 2 197 - 0.03 0.18 31380
moore 75e2 2 197 - 1.49 541.07 1688792
nbpm 75e2 2 197 - 4.30 174.09 4242132
greedy 75e2 2 197 - 3.54 152.54 6183092
dry 56e2 2 15 - 0.02 0.12 26240
aoDLAV 56e2 2 15 - 0.03 0.15 30976
aoULAV 56e2 2 15 - 0.02 0.16 30988
aoD2AG 56e2 2 15 - 0.03 0.17 31968
aoD2SG 56e2 2 15 - 0.02 0.18 31120
moore 56e2 2 15 - 0.45 182.44 952724
nbpm 56e2 2 15 - 2.53 69.90 2388088
greedy 56e2 2 15 - 2.11 78.47 3460488
dry 50e2 2 233 - 0.02 0.12 26208
aoDLAV 50e2 2 233 - 0.03 0.14 30852
aoULAV 50e2 2 233 - 0.02 0.15 30860
aoD2AG 50e2 2 233 - 0.02 0.16 31784
aoD2SG 50e2 2 233 - 0.02 0.17 31872
moore 50e2 2 233 - 0.33 103.78 762984
nbpm 50e2 2 233 - 1.98 54.75 2011924
greedy 50e2 2 233 - 1.68 67.38 2764784
dry 32e6 2 183 - 0.40 1.09 655176
aoDLAV 32e6 2 183 - 2.83 182.36 4768324
aoULAV 32e6 2 183 - 3.52 193.21 4768328
aoD2AG 32e6 2 183 - 6.77 283.60 7007988
aoD2SG 32e6 2 183 - 6.74 323.62 7263016
dry 56e6 2 87 - 0.67 1.82 1123924
aoDLAV 56e6 2 87 - 4.69 339.69 8330820
aoULAV 56e6 2 87 - 6.22 353.63 8330816
aoD2AG 56e6 2 87 - 11.04 516.93 12246196
aoD2SG 56e6 2 87 - 11.80 589.04 12693304
dry 1e4 5 160 - 0.02 0.12 26904
aoDLAV 1e4 5 160 - 0.04 0.20 31084
aoULAV 1e4 5 160 - 0.03 0.21 31100
aoD2AG 1e4 5 160 - 0.03 0.22 32108
aoD2SG 1e4 5 160 - 0.03 0.23 32108
moore 1e4 5 160 - 1.22 1006.18 2961732
nbpm 1e4 5 160 - 8.39 608.88 7811452
greedy 1e4 5 160 - 6.78 296.77 10959172
dry 6e7 2 37 - 0.77 1.96 1202044
aoDLAV 6e7 2 37 - 5.10 371.29 8924560
aoULAV 6e7 2 37 - 6.47 400.79 8924564
aoD2AG 6e7 2 37 - 11.95 554.62 13121792
aoD2SG 6e7 2 37 - 12.20 629.23 13597008
dry 1e4 5 97 - 0.03 0.11 28932
aoDLAV 1e4 5 97 - 0.03 0.21 31084
aoULAV 1e4 5 97 - 0.03 0.22 31100
aoD2AG 1e4 5 97 - 0.03 0.23 32112
aoD2SG 1e4 5 97 - 0.04 0.23 32112
moore 1e4 5 97 - 1.20 1748.05 2961736
nbpm 1e4 5 97 - 7.63 701.56 7811452
greedy 1e4 5 97 - 6.67 294.85 10959172
dry 3e7 2 46 - 0.39 1.03 616104
aoDLAV 3e7 2 46 - 2.69 170.73 4471428
aoULAV 3e7 2 46 - 3.47 178.52 4471432
aoD2AG 3e7 2 46 - 6.22 255.46 6570416
aoD2SG 3e7 2 46 - 5.72 299.26 6807952
dry 1e4 2 180 - 0.02 0.12 26432
aoDLAV 1e4 2 180 - 0.02 0.18 31868
aoULAV 1e4 2 180 - 0.03 0.17 31880
aoD2AG 1e4 2 180 - 0.03 0.18 31876
aoD2SG 1e4 2 180 - 0.03 0.19 31992
moore 1e4 2 180 - 1.15 1083.00 2960572
nbpm 1e4 2 180 - 7.26 339.47 7889416
greedy 1e4 2 180 - 6.09 168.32 10968572
