dry 32e5 2 197 - 0.06 0.27 92676
aoDLAV 32e5 2 197 - 0.27 13.09 493348
aoULAV 32e5 2 197 - 0.26 12.92 493336
aoD2AG 32e5 2 197 - 0.42 18.32 718304
aoD2SG 32e5 2 197 - 0.41 21.33 744848
dry 18e5 2 189 - 0.05 0.20 65328
aoDLAV 18e5 2 189 - 0.15 6.42 285512
aoULAV 18e5 2 189 - 0.18 6.67 285524
aoD2AG 18e5 2 189 - 0.23 9.91 412360
aoD2SG 18e5 2 189 - 0.25 11.43 426352
dry 1e7 2 184 - 0.12 0.44 225484
aoDLAV 1e7 2 184 - 0.78 44.53 1502684
aoULAV 1e7 2 184 - 0.94 48.62 1502688
aoD2AG 1e7 2 184 - 1.56 67.31 2203048
aoD2SG 1e7 2 184 - 1.64 76.61 2284416
dry 1e7 10 19 - 0.42 1.38 850508
aoDLAV 1e7 10 19 - 1.55 4745.64 3533960
aoULAV 1e7 10 19 - 2.35 4741.78 3533952
aoD2AG 1e7 10 19 - 3.53 4768.38 4338752
aoD2SG 1e7 10 19 - 3.58 5911.15 4429036
dry 1e7 10 12 - 0.42 1.42 850508
aoDLAV 1e7 10 12 - 1.57 5180.98 3533956
aoULAV 1e7 10 12 - 2.41 4723.49 3533952
aoD2AG 1e7 10 12 - 3.48 4777.12 4336712
aoD2SG 1e7 10 12 - 3.64 5819.54 4425936
dry 1e7 5 133 - 0.22 0.80 459868
aoDLAV 1e7 5 133 - 1.06 212.30 2323016
aoULAV 1e7 5 133 - 1.48 214.06 2323016
aoD2AG 1e7 5 133 - 2.00 236.43 3063972
aoD2SG 1e7 5 133 - 2.55 279.97 3149072
dry 18e5 2 63 - 0.04 0.21 65328
aoDLAV 18e5 2 63 - 0.16 6.13 285508
aoULAV 18e5 2 63 - 0.17 6.60 285520
aoD2AG 18e5 2 63 - 0.24 10.39 412712
aoD2SG 18e5 2 63 - 0.29 11.51 426892
dry 1e7 2 6 - 0.12 0.45 225484
aoDLAV 1e7 2 6 - 0.74 44.10 1502688
aoULAV 1e7 2 6 - 0.76 47.70 1502688
aoD2AG 1e7 2 6 - 1.76 66.30 2203892
aoD2SG 1e7 2 6 - 1.68 76.33 2282428
dry 1e7 5 189 - 0.24 0.79 459868
aoDLAV 1e7 5 189 - 1.10 213.32 2323020
aoULAV 1e7 5 189 - 1.47 217.99 2323016
aoD2AG 1e7 5 189 - 2.34 237.96 3064332
aoD2SG 1e7 5 189 - 2.12 282.91 3148980
dry 1e7 5 84 - 0.24 0.79 459868
aoDLAV 1e7 5 84 - 1.08 212.59 2323016
aoULAV 1e7 5 84 - 1.49 215.95 2323016
aoD2AG 1e7 5 84 - 2.50 236.66 3065668
aoD2SG 1e7 5 84 - 2.55 281.91 3148616
dry 1e7 10 169 - 0.43 1.37 850508
aoDLAV 1e7 10 169 - 1.52 4777.20 3533956
aoULAV 1e7 10 169 - 2.37 4793.84 3533956
aoD2AG 1e7 10 169 - 3.54 4789.14 4337492
aoD2SG 1e7 10 169 - 3.67 5825.85 4426396
dry 56e5 2 218 - 0.09 0.31 139544
aoDLAV 56e5 2 218 - 0.44 22.98 849560
aoULAV 56e5 2 218 - 0.44 24.41 849556
aoD2AG 56e5 2 218 - 0.70 34.79 1242420
aoD2SG 56e5 2 218 - 0.74 39.88 1287080
dry 1e7 5 190 - 0.24 0.79 459872
aoDLAV 1e7 5 190 - 1.05 215.00 2323016
aoULAV 1e7 5 190 - 1.45 219.34 2323020
aoD2AG 1e7 5 190 - 2.53 239.66 3065480
aoD2SG 1e7 5 190 - 2.55 283.24 3150656
dry 1e7 5 62 - 0.69 0.80 459868
aoDLAV 1e7 5 62 - 1.07 216.86 2323016
aoULAV 1e7 5 62 - 1.04 219.70 2323016
aoD2AG 1e7 5 62 - 2.42 241.70 3065028
aoD2SG 1e7 5 62 - 2.59 284.48 3150568
dry 1e7 10 187 - 0.43 1.38 850508
aoDLAV 1e7 10 187 - 1.54 4821.42 3533956
aoULAV 1e7 10 187 - 2.38 4760.90 3533952
aoD2AG 1e7 10 187 - 3.58 4843.06 4337440
aoD2SG 1e7 10 187 - 3.74 5822.63 4427948
dry 56e5 2 76 - 0.08 0.32 139544
aoDLAV 56e5 2 76 - 0.50 22.84 849556
aoULAV 56e5 2 76 - 0.44 24.44 849556
aoD2AG 56e5 2 76 - 0.75 34.92 1243004
aoD2SG 56e5 2 76 - 0.90 39.62 1287080
dry 1e7 2 46 - 0.12 0.44 225484
aoDLAV 1e7 2 46 - 0.74 43.71 1502688
aoULAV 1e7 2 46 - 0.77 46.72 1502684
aoD2AG 1e7 2 46 - 1.51 65.20 2205572
aoD2SG 1e7 2 46 - 1.61 75.36 2284112
dry 32e5 2 196 - 0.06 0.24 92676
aoDLAV 32e5 2 196 - 0.25 11.71 493324
aoULAV 32e5 2 196 - 0.26 12.50 493336
aoD2AG 32e5 2 196 - 0.42 17.88 718756
aoD2SG 32e5 2 196 - 0.39 20.68 744548
dry 18e5 2 181 - 0.04 0.21 65328
aoDLAV 18e5 2 181 - 0.16 6.18 285508
aoULAV 18e5 2 181 - 0.15 6.57 285520
aoD2AG 18e5 2 181 - 0.24 9.54 413268
aoD2SG 18e5 2 181 - 0.22 10.85 427288
dry 1e7 2 215 - 0.11 0.44 225484
aoDLAV 1e7 2 215 - 0.71 44.11 1502688
aoULAV 1e7 2 215 - 0.76 46.27 1502688
aoD2AG 1e7 2 215 - 1.48 65.26 2203108
aoD2SG 1e7 2 215 - 1.56 75.51 2284128
dry 1e7 2 10 - 0.12 0.44 225484
aoDLAV 1e7 2 10 - 0.73 43.80 1502684
aoULAV 1e7 2 10 - 0.77 46.12 1502684
aoD2AG 1e7 2 10 - 1.52 64.36 2205504
aoD2SG 1e7 2 10 - 1.62 75.11 2281772
dry 56e5 2 219 - 0.08 0.31 139548
aoDLAV 56e5 2 219 - 0.44 22.76 849556
aoULAV 56e5 2 219 - 0.60 23.77 849596
aoD2AG 56e5 2 219 - 0.66 33.45 1241872
aoD2SG 56e5 2 219 - 0.72 38.44 1286084
dry 56e5 2 77 - 0.08 0.31 139544
aoDLAV 56e5 2 77 - 0.47 22.24 849556
aoULAV 56e5 2 77 - 0.47 23.53 849560
aoD2AG 56e5 2 77 - 0.71 33.62 1242144
aoD2SG 56e5 2 77 - 0.71 38.91 1286664
dry 18e5 2 94 - 0.05 0.20 65328
aoDLAV 18e5 2 94 - 0.15 6.09 285508
aoULAV 18e5 2 94 - 0.17 6.49 285524
aoD2AG 18e5 2 94 - 0.24 9.44 413320
aoD2SG 18e5 2 94 - 0.26 10.67 427244
dry 1e7 5 96 - 0.22 0.79 459868
aoDLAV 1e7 5 96 - 1.02 210.19 2323016
aoULAV 1e7 5 96 - 1.43 212.59 2323016
aoD2AG 1e7 5 96 - 2.49 233.63 3065008
aoD2SG 1e7 5 96 - 2.48 279.69 3150156
dry 1e7 10 176 - 0.42 1.37 850508
aoDLAV 1e7 10 176 - 2.12 4849.74 3533956
aoULAV 1e7 10 176 - 2.81 4829.41 3533956
aoD2AG 1e7 10 176 - 3.77 6275.20 4337076
aoD2SG 1e7 10 176 - 3.68 5698.26 4425212
dry 18e5 2 45 - 0.05 0.21 65328
aoDLAV 18e5 2 45 - 0.16 6.29 285508
aoULAV 18e5 2 45 - 0.16 6.68 285520
aoD2AG 18e5 2 45 - 0.24 9.75 413020
aoD2SG 18e5 2 45 - 0.27 10.99 426232
dry 1e7 5 34 - 0.24 0.79 459868
aoDLAV 1e7 5 34 - 1.04 217.29 2323016
aoULAV 1e7 5 34 - 1.58 220.26 2323016
aoD2AG 1e7 5 34 - 2.09 243.76 3064568
aoD2SG 1e7 5 34 - 2.58 280.57 3152208
dry 1e7 5 246 - 0.27 0.84 459868
aoDLAV 1e7 5 246 - 1.22 248.77 2323020
aoULAV 1e7 5 246 - 1.63 251.59 2323016
aoD2AG 1e7 5 246 - 2.63 276.09 3064664
aoD2SG 1e7 5 246 - 2.62 320.91 3151700
dry 32e5 2 173 - 0.06 0.25 92680
aoDLAV 32e5 2 173 - 0.25 12.04 493324
aoULAV 32e5 2 173 - 0.25 12.80 493340
aoD2AG 32e5 2 173 - 0.39 18.81 717928
aoD2SG 32e5 2 173 - 0.42 21.09 743080
dry 18e5 2 150 - 0.04 0.21 65324
aoDLAV 18e5 2 150 - 0.17 6.39 285508
aoULAV 18e5 2 150 - 0.15 6.83 285520
aoD2AG 18e5 2 150 - 0.26 9.86 413108
aoD2SG 18e5 2 150 - 0.26 11.22 427268
dry 1e7 2 27 - 0.12 0.44 225488
aoDLAV 1e7 2 27 - 0.74 44.68 1502684
aoULAV 1e7 2 27 - 0.82 47.38 1502684
aoD2AG 1e7 2 27 - 1.72 67.17 2205008
aoD2SG 1e7 2 27 - 1.66 78.78 2283476
dry 1e7 5 234 - 0.24 0.79 459868
aoDLAV 1e7 5 234 - 1.09 218.92 2323016
aoULAV 1e7 5 234 - 1.54 222.60 2323016
aoD2AG 1e7 5 234 - 2.42 245.01 3063756
aoD2SG 1e7 5 234 - 2.09 287.95 3148600
dry 1e7 2 68 - 0.12 0.44 225484
aoDLAV 1e7 2 68 - 0.79 44.67 1502684
aoULAV 1e7 2 68 - 0.95 46.91 1502684
aoD2AG 1e7 2 68 - 1.50 69.87 2203568
aoD2SG 1e7 2 68 - 1.68 75.50 2284692
dry 1e7 5 33 - 0.27 0.82 459868
aoDLAV 1e7 5 33 - 1.15 214.39 2323020
aoULAV 1e7 5 33 - 1.48 214.12 2323020
aoD2AG 1e7 5 33 - 2.28 235.60 3064924
aoD2SG 1e7 5 33 - 2.03 279.31 3150344
dry 32e5 2 250 - 0.06 0.25 92676
aoDLAV 32e5 2 250 - 0.28 11.71 493324
aoULAV 32e5 2 250 - 0.26 12.49 493336
aoD2AG 32e5 2 250 - 0.42 17.98 718164
aoD2SG 32e5 2 250 - 0.48 20.59 743324
dry 18e5 2 76 - 0.04 0.21 65328
aoDLAV 18e5 2 76 - 0.15 6.18 285508
aoULAV 18e5 2 76 - 0.17 6.63 285524
aoD2AG 18e5 2 76 - 0.23 9.65 412364
aoD2SG 18e5 2 76 - 0.25 10.91 426268
dry 32e5 2 62 - 0.06 0.25 92676
aoDLAV 32e5 2 62 - 0.28 11.74 493324
aoULAV 32e5 2 62 - 0.26 12.58 493340
aoD2AG 32e5 2 62 - 0.41 18.09 717872
aoD2SG 32e5 2 62 - 0.42 20.75 742960
dry 18e5 2 140 - 0.04 0.21 65324
aoDLAV 18e5 2 140 - 0.17 6.31 285508
aoULAV 18e5 2 140 - 0.15 6.74 285520
aoD2AG 18e5 2 140 - 0.26 9.76 411692
aoD2SG 18e5 2 140 - 0.26 11.64 426068
dry 1e7 10 88 - 0.40 1.37 850512
aoDLAV 1e7 10 88 - 2.01 5413.28 3533952
aoULAV 1e7 10 88 - 2.63 4848.40 3533952
aoD2AG 1e7 10 88 - 3.56 4807.92 4336396
aoD2SG 1e7 10 88 - 4.01 6373.09 4428084
