dry 2e4 10 187 - 0.03 0.11 30932
aoDLAV 2e4 10 187 - 0.03 1.52 34836
aoULAV 2e4 10 187 - 0.04 1.87 34852
aoD2AG 2e4 10 187 - 0.03 1.66 36076
aoD2SG 2e4 10 187 - 0.02 1.87 36076
moore 2e4 10 187 - 3.40 6877.87 11770836
nbpm 2e4 10 187 - 28.75 7301.56 30880048
greedy 2e4 10 187 - 24.68 1596.18 43775820
dry 2e4 2 195 - 0.02 0.12 27956
aoDLAV 2e4 2 195 - 0.03 0.19 30808
aoULAV 2e4 2 195 - 0.04 0.19 30808
aoD2AG 2e4 2 195 - 0.04 0.20 32284
aoD2SG 2e4 2 195 - 0.03 0.22 32296
moore 2e4 2 195 - 3.49 7450.48 11765556
nbpm 2e4 2 195 - 28.95 2592.53 31402196
greedy 2e4 2 195 - 24.82 1189.44 43771040
dry 175e2 2 117 - 0.02 0.12 26736
aoDLAV 175e2 2 117 - 0.02 0.19 30716
aoULAV 175e2 2 117 - 0.03 0.19 30716
aoD2AG 175e2 2 117 - 0.03 0.20 31752
aoD2SG 175e2 2 117 - 0.02 0.21 31756
moore 175e2 2 117 - 2.74 4889.31 9014028
nbpm 175e2 2 117 - 21.68 1809.54 22863144
greedy 175e2 2 117 - 20.07 970.95 33516980
dry 8e7 2 52 - 0.93 2.48 1592676
aoDLAV 8e7 2 52 - 6.67 468.54 11893324
aoULAV 8e7 2 52 - 8.39 501.24 11893376
aoD2AG 8e7 2 52 - 15.26 689.44 17489200
aoD2SG 8e7 2 52 - 16.21 845.50 18129348
dry 18e3 2 159 - 0.04 0.11 30492
aoDLAV 18e3 2 159 - 0.04 0.19 30740
aoULAV 18e3 2 159 - 0.03 0.19 30744
aoD2AG 18e3 2 159 - 0.02 0.21 31812
aoD2SG 18e3 2 159 - 0.02 0.22 31812
moore 18e3 2 159 - 2.98 5219.34 9534976
nbpm 18e3 2 159 - 24.25 1942.79 25451060
greedy 18e3 2 159 - 19.68 976.49 35458364
dry 8e7 2 100 - 0.83 2.45 1592676
aoDLAV 8e7 2 100 - 6.44 590.68 11893324
aoULAV 8e7 2 100 - 7.90 482.55 11893324
aoD2AG 8e7 2 100 - 14.74 738.36 17486756
aoD2SG 8e7 2 100 - 15.54 858.85 18128476
dry 175e2 2 11 - 0.02 0.12 26732
aoDLAV 175e2 2 11 - 0.04 0.18 30720
aoULAV 175e2 2 11 - 0.02 0.19 30716
aoD2AG 175e2 2 11 - 0.02 0.20 31752
aoD2SG 175e2 2 11 - 0.02 0.21 31760
moore 175e2 2 11 - 2.72 4887.55 9014028
nbpm 175e2 2 11 - 21.24 1866.27 22863148
greedy 175e2 2 11 - 18.23 974.87 33516976
dry 8e7 2 154 - 0.85 2.44 1592676
aoDLAV 8e7 2 154 - 6.46 460.06 11893324
aoULAV 8e7 2 154 - 8.36 490.36 11893324
aoD2AG 8e7 2 154 - 14.79 693.04 17486572
aoD2SG 8e7 2 154 - 16.01 830.34 18123752
dry 2e4 2 45 - 0.02 0.12 26828
aoDLAV 2e4 2 45 - 0.03 0.19 30808
aoULAV 2e4 2 45 - 0.04 0.18 30812
aoD2AG 2e4 2 45 - 0.04 0.20 32288
aoD2SG 2e4 2 45 - 0.03 0.21 32292
moore 2e4 2 45 - 3.53 7705.07 11765544
nbpm 2e4 2 45 - 28.63 2577.53 31402188
greedy 2e4 2 45 - 23.65 1219.87 43771040
dry 18e3 2 167 - 0.02 0.12 26748
aoDLAV 18e3 2 167 - 0.03 0.18 30740
aoULAV 18e3 2 167 - 0.03 0.18 30740
aoD2AG 18e3 2 167 - 0.03 0.20 31864
aoD2SG 18e3 2 167 - 0.03 0.20 31812
moore 18e3 2 167 - 2.98 5723.05 9534980
nbpm 18e3 2 167 - 23.64 1985.02 25451056
greedy 18e3 2 167 - 20.62 1097.43 35458364
dry 18e3 2 125 - 0.02 0.12 26752
aoDLAV 18e3 2 125 - 0.03 0.19 30740
aoULAV 18e3 2 125 - 0.03 0.19 30744
aoD2AG 18e3 2 125 - 0.03 0.20 31808
aoD2SG 18e3 2 125 - 0.03 0.21 31812
moore 18e3 2 125 - 2.85 4551.37 9534976
nbpm 18e3 2 125 - 23.37 1944.85 25451056
greedy 18e3 2 125 - 19.22 981.91 35458368
dry 125e2 2 74 - 0.03 0.11 26532
aoDLAV 125e2 2 74 - 0.02 0.18 30708
aoULAV 125e2 2 74 - 0.02 0.18 30708
aoD2AG 125e2 2 74 - 0.03 0.19 31380
aoD2SG 125e2 2 74 - 0.03 0.19 31376
moore 125e2 2 74 - 1.61 1816.51 4611548
nbpm 125e2 2 74 - 11.83 644.19 12302328
greedy 125e2 2 74 - 10.11 446.10 17109964
dry 18e3 2 221 - 0.02 0.12 26748
aoDLAV 18e3 2 221 - 0.02 0.19 30740
aoULAV 18e3 2 221 - 0.02 0.19 30744
aoD2AG 18e3 2 221 - 0.03 0.19 31804
aoD2SG 18e3 2 221 - 0.04 0.20 31816
moore 18e3 2 221 - 2.91 6296.13 9534988
nbpm 18e3 2 221 - 25.20 2053.66 25451064
greedy 18e3 2 221 - 19.96 1074.15 35458364
dry 8e7 2 90 - 0.83 2.46 1592676
aoDLAV 8e7 2 90 - 6.24 481.32 11893324
aoULAV 8e7 2 90 - 8.61 507.36 11893324
aoD2AG 8e7 2 90 - 15.10 713.76 17489012
aoD2SG 8e7 2 90 - 16.58 832.57 18125752
dry 2e4 10 104 - 0.02 0.12 29368
aoDLAV 2e4 10 104 - 0.04 1.86 34836
aoULAV 2e4 10 104 - 0.04 1.76 34852
aoD2AG 2e4 10 104 - 0.05 1.78 36076
aoD2SG 2e4 10 104 - 0.04 1.95 36080
moore 2e4 10 104 - 3.50 8200.64 11770836
nbpm 2e4 10 104 - 29.40 6071.57 30880036
greedy 2e4 10 104 - 25.57 1324.86 43775820
dry 2e4 2 40 - 0.03 0.11 26832
aoDLAV 2e4 2 40 - 0.03 0.19 30812
aoULAV 2e4 2 40 - 0.03 0.19 30812
aoD2AG 2e4 2 40 - 0.04 0.20 32292
aoD2SG 2e4 2 40 - 0.02 0.22 32296
moore 2e4 2 40 - 3.49 7300.48 11765552
nbpm 2e4 2 40 - 29.03 2633.26 31402220
greedy 2e4 2 40 - 25.12 1248.42 43771048
dry 18e3 2 43 - 0.03 0.11 26752
aoDLAV 18e3 2 43 - 0.02 0.19 30740
aoULAV 18e3 2 43 - 0.03 0.19 30744
aoD2AG 18e3 2 43 - 0.04 0.20 31808
aoD2SG 18e3 2 43 - 0.03 0.21 31808
moore 18e3 2 43 - 4.33 4781.50 9534980
nbpm 18e3 2 43 - 23.49 1922.27 25451056
greedy 18e3 2 43 - 21.90 1157.81 35458368
dry 175e2 2 209 - 0.03 0.12 26732
aoDLAV 175e2 2 209 - 0.04 0.19 30716
aoULAV 175e2 2 209 - 0.03 0.19 30720
aoD2AG 175e2 2 209 - 0.04 0.20 31760
aoD2SG 175e2 2 209 - 0.04 0.21 31760
moore 175e2 2 209 - 2.85 4094.43 9014028
nbpm 175e2 2 209 - 21.37 1838.43 22863144
greedy 175e2 2 209 - 19.19 990.82 33516976
dry 9e7 2 160 - 0.98 2.73 1787984
aoDLAV 9e7 2 160 - 7.03 523.81 13377684
aoULAV 9e7 2 160 - 9.20 552.33 13377684
aoD2AG 9e7 2 160 - 17.37 788.33 19669980
aoD2SG 9e7 2 160 - 17.58 952.02 20385816
dry 2e4 2 68 - 0.03 0.11 28812
aoDLAV 2e4 2 68 - 0.03 0.18 30808
aoULAV 2e4 2 68 - 0.03 0.18 30828
aoD2AG 2e4 2 68 - 0.02 0.21 32284
aoD2SG 2e4 2 68 - 0.03 0.21 32292
moore 2e4 2 68 - 3.45 7555.73 11765548
nbpm 2e4 2 68 - 28.50 2596.81 31402192
greedy 2e4 2 68 - 25.19 1229.05 43771040
dry 9e7 2 165 - 1.01 2.77 1787984
aoDLAV 9e7 2 165 - 7.09 532.92 13377688
aoULAV 9e7 2 165 - 9.32 561.37 13377684
aoD2AG 9e7 2 165 - 16.17 785.31 19672528
aoD2SG 9e7 2 165 - 17.47 943.22 20388756
dry 18e3 2 218 - 0.03 0.12 26748
aoDLAV 18e3 2 218 - 0.03 0.19 30740
aoULAV 18e3 2 218 - 0.03 0.19 30740
aoD2AG 18e3 2 218 - 0.03 0.20 31804
aoD2SG 18e3 2 218 - 0.04 0.21 31808
moore 18e3 2 218 - 2.99 5145.36 9534988
nbpm 18e3 2 218 - 23.71 2396.09 25451064
greedy 18e3 2 218 - 19.69 1008.38 35458364
dry 18e3 2 236 - 0.02 0.11 26752
aoDLAV 18e3 2 236 - 0.03 0.17 30744
aoULAV 18e3 2 236 - 0.03 0.19 30740
aoD2AG 18e3 2 236 - 0.02 0.20 31808
aoD2SG 18e3 2 236 - 0.03 0.20 31812
moore 18e3 2 236 - 2.95 6159.76 9534980
nbpm 18e3 2 236 - 23.87 1963.63 25451060
greedy 18e3 2 236 - 20.24 1003.46 35458364
dry 1e8 5 214 - 2.54 6.33 4327052
aoDLAV 1e8 5 214 - 11.79 2691.91 23065204
aoULAV 1e8 5 214 - 16.98 2665.96 23065204
aoD2AG 1e8 5 214 - 26.28 2966.93 30458828
aoD2SG 1e8 5 214 - 27.09 3589.14 31313040
dry 1e8 5 183 - 2.22 6.25 4327052
aoDLAV 1e8 5 183 - 10.74 2622.92 23065208
aoULAV 1e8 5 183 - 16.78 2709.26 23065204
aoD2AG 1e8 5 183 - 26.19 2917.01 30458772
aoD2SG 1e8 5 183 - 27.06 3561.28 31312640
dry 2e4 5 76 - 0.03 0.12 29476
aoDLAV 2e4 5 76 - 0.03 0.29 32760
aoULAV 2e4 5 76 - 0.03 0.29 32768
aoD2AG 2e4 5 76 - 0.03 0.32 33340
aoD2SG 2e4 5 76 - 0.03 0.35 32860
moore 2e4 5 76 - 3.45 7396.69 11768084
nbpm 2e4 5 76 - 29.07 4979.83 34200496
greedy 2e4 5 76 - 23.66 1331.64 43774000
dry 9e7 2 231 - 1.09 2.75 1787984
aoDLAV 9e7 2 231 - 7.31 543.67 13377688
aoULAV 9e7 2 231 - 9.52 570.61 13377684
aoD2AG 9e7 2 231 - 17.09 790.58 19670640
aoD2SG 9e7 2 231 - 17.62 919.83 20390612
dry 2e4 10 145 - 0.03 0.12 30672
aoDLAV 2e4 10 145 - 0.04 1.57 34836
aoULAV 2e4 10 145 - 0.03 1.57 34848
aoD2AG 2e4 10 145 - 0.04 1.59 36076
aoD2SG 2e4 10 145 - 0.04 1.81 36080
moore 2e4 10 145 - 3.36 7352.34 11770836
nbpm 2e4 10 145 - 28.71 5641.90 30880036
greedy 2e4 10 145 - 24.34 1375.55 43775820
dry 2e4 10 156 - 0.02 0.13 30500
aoDLAV 2e4 10 156 - 0.04 1.80 34840
aoULAV 2e4 10 156 - 0.02 1.75 34848
aoD2AG 2e4 10 156 - 0.03 1.73 36076
aoD2SG 2e4 10 156 - 0.05 2.17 36100
moore 2e4 10 156 - 3.38 6651.04 11770840
nbpm 2e4 10 156 - 28.94 5517.52 30880036
greedy 2e4 10 156 - 24.56 1288.76 43775820
dry 2e4 10 109 - 0.03 0.12 30420
aoDLAV 2e4 10 109 - 0.02 1.73 34836
aoULAV 2e4 10 109 - 0.03 1.72 34852
aoD2AG 2e4 10 109 - 0.04 1.75 36076
aoD2SG 2e4 10 109 - 0.03 1.96 36076
moore 2e4 10 109 - 3.44 7003.80 11770836
