dry 1e8 2 12 - 1.19 3.04 1983300
aoDLAV 1e8 2 12 - 7.83 610.52 14862072
aoULAV 1e8 2 12 - 10.60 667.90 14862068
aoD2AG 1e8 2 12 - 19.24 899.38 21853208
aoD2SG 1e8 2 12 - 20.61 1061.27 22648800
dry 18e3 2 128 - 0.03 0.12 26748
aoDLAV 18e3 2 128 - 0.03 0.18 30740
aoULAV 18e3 2 128 - 0.03 0.19 30740
aoD2AG 18e3 2 128 - 0.03 0.20 31812
aoD2SG 18e3 2 128 - 0.03 0.21 31812
moore 18e3 2 128 - 2.85 5586.45 9534988
nbpm 18e3 2 128 - 23.65 1924.39 25451068
greedy 18e3 2 128 - 20.00 988.36 35458364
dry 2e4 5 230 - 0.02 0.12 27776
aoDLAV 2e4 5 230 - 0.02 0.29 32760
aoULAV 2e4 5 230 - 0.03 0.28 32768
aoD2AG 2e4 5 230 - 0.03 0.32 33344
aoD2SG 2e4 5 230 - 0.03 0.34 32864
moore 2e4 5 230 - 3.62 8159.78 11768192
nbpm 2e4 5 230 - 28.68 5068.75 34200504
greedy 2e4 5 230 - 25.31 1376.24 43774004
dry 1e8 5 188 - 2.48 6.30 4327056
aoDLAV 1e8 5 188 - 11.86 2578.28 23065204
aoULAV 1e8 5 188 - 16.06 2644.35 23065208
aoD2AG 1e8 5 188 - 26.04 2880.60 30457020
aoD2SG 1e8 5 188 - 27.40 3563.34 31311932
dry 150e2 2 86 - 0.02 0.12 26628
aoDLAV 150e2 2 86 - 0.03 0.18 30824
aoULAV 150e2 2 86 - 0.03 0.18 30824
aoD2AG 150e2 2 86 - 0.03 0.19 31608
aoD2SG 150e2 2 86 - 0.03 0.19 31608
moore 150e2 2 86 - 2.14 2549.26 6629344
nbpm 150e2 2 86 - 15.42 1161.41 16814164
greedy 150e2 2 86 - 15.07 709.81 24630024
dry 1e8 5 167 - 2.33 6.21 4327052
aoDLAV 1e8 5 167 - 11.01 2621.36 23065208
aoULAV 1e8 5 167 - 16.29 2630.59 23065208
aoD2AG 1e8 5 167 - 26.84 2940.13 30456736
aoD2SG 1e8 5 167 - 27.98 3470.78 31314192
dry 2e4 5 63 - 0.03 0.11 31016
aoDLAV 2e4 5 63 - 0.03 0.28 32760
aoULAV 2e4 5 63 - 0.03 0.28 32768
aoD2AG 2e4 5 63 - 0.04 0.30 33348
aoD2SG 2e4 5 63 - 0.04 0.32 32860
moore 2e4 5 63 - 3.37 6617.31 11768084
nbpm 2e4 5 63 - 28.91 4903.22 34200496
greedy 2e4 5 63 - 23.97 1261.44 43774008
dry 9e7 2 233 - 0.96 2.73 1787984
aoDLAV 9e7 2 233 - 7.24 515.58 13377684
aoULAV 9e7 2 233 - 9.21 552.33 13377684
aoD2AG 9e7 2 233 - 16.78 798.06 19671880
aoD2SG 9e7 2 233 - 18.75 944.94 20388440
dry 2e4 10 126 - 0.03 0.12 31300
aoDLAV 2e4 10 126 - 0.04 1.70 34836
aoULAV 2e4 10 126 - 0.03 1.85 34848
aoD2AG 2e4 10 126 - 0.04 1.93 36076
aoD2SG 2e4 10 126 - 0.03 2.13 36080
moore 2e4 10 126 - 3.67 7034.75 11770836
nbpm 2e4 10 126 - 29.96 5727.98 30880040
greedy 2e4 10 126 - 24.16 1309.08 43775820
dry 18e3 2 100 - 0.03 0.11 26748
aoDLAV 18e3 2 100 - 0.02 0.19 30760
aoULAV 18e3 2 100 - 0.03 0.18 30740
aoD2AG 18e3 2 100 - 0.03 0.20 31804
aoD2SG 18e3 2 100 - 0.04 0.20 31812
moore 18e3 2 100 - 2.88 4984.40 9534980
nbpm 18e3 2 100 - 23.79 2276.82 25451052
greedy 18e3 2 100 - 20.35 982.41 35458368
dry 18e3 2 101 - 0.03 0.12 26748
aoDLAV 18e3 2 101 - 0.04 0.17 30740
aoULAV 18e3 2 101 - 0.04 0.17 30740
aoD2AG 18e3 2 101 - 0.03 0.20 31808
aoD2SG 18e3 2 101 - 0.04 0.20 31812
moore 18e3 2 101 - 2.92 4380.54 9534976
nbpm 18e3 2 101 - 24.09 2005.90 25451056
greedy 18e3 2 101 - 20.66 1040.97 35458368
dry 175e2 2 36 - 0.03 0.11 26732
aoDLAV 175e2 2 36 - 0.04 0.18 30720
aoULAV 175e2 2 36 - 0.04 0.18 30716
aoD2AG 175e2 2 36 - 0.03 0.20 31756
aoD2SG 175e2 2 36 - 0.04 0.21 31764
moore 175e2 2 36 - 2.80 5123.52 9014024
nbpm 175e2 2 36 - 21.07 1849.36 22863136
greedy 175e2 2 36 - 19.25 1004.75 33516980
dry 150e2 2 95 - 0.02 0.12 26628
aoDLAV 150e2 2 95 - 0.03 0.18 30824
aoULAV 150e2 2 95 - 0.03 0.18 30824
aoD2AG 150e2 2 95 - 0.04 0.18 31608
aoD2SG 150e2 2 95 - 0.03 0.20 31608
moore 150e2 2 95 - 2.13 3296.99 6629352
nbpm 150e2 2 95 - 14.82 1105.00 16814176
greedy 150e2 2 95 - 14.26 712.49 24630028
dry 1e8 5 244 - 2.46 6.23 4327052
aoDLAV 1e8 5 244 - 11.55 2604.52 23065204
aoULAV 1e8 5 244 - 15.87 2621.23 23065204
aoD2AG 1e8 5 244 - 25.56 2973.80 30458096
aoD2SG 1e8 5 244 - 27.94 3506.56 31311268
dry 18e3 2 75 - 0.03 0.11 26748
aoDLAV 18e3 2 75 - 0.03 0.19 30744
aoULAV 18e3 2 75 - 0.05 0.17 30740
aoD2AG 18e3 2 75 - 0.03 0.20 31808
aoD2SG 18e3 2 75 - 0.03 0.21 31812
moore 18e3 2 75 - 2.84 4709.10 9534984
nbpm 18e3 2 75 - 23.32 2118.11 25451064
greedy 18e3 2 75 - 19.59 1030.55 35458364
dry 2e4 5 187 - 0.03 0.12 27776
aoDLAV 2e4 5 187 - 0.03 0.28 32756
aoULAV 2e4 5 187 - 0.03 0.29 32796
aoD2AG 2e4 5 187 - 0.04 0.31 33344
aoD2SG 2e4 5 187 - 0.03 0.34 32864
moore 2e4 5 187 - 3.45 7504.36 11768080
nbpm 2e4 5 187 - 29.52 4791.47 34200496
greedy 2e4 5 187 - 24.41 1338.26 43774008
dry 1e8 5 60 - 2.29 6.16 4327052
aoDLAV 1e8 5 60 - 11.90 2608.67 23065204
aoULAV 1e8 5 60 - 16.43 2637.18 23065204
aoD2AG 1e8 5 60 - 26.23 2906.73 30455232
aoD2SG 1e8 5 60 - 27.32 3556.43 31312412
dry 18e3 2 104 - 0.03 0.11 26748
aoDLAV 18e3 2 104 - 0.03 0.18 30744
aoULAV 18e3 2 104 - 0.04 0.18 30740
aoD2AG 18e3 2 104 - 0.03 0.20 31804
aoD2SG 18e3 2 104 - 0.03 0.20 31808
moore 18e3 2 104 - 2.87 5928.38 9534980
nbpm 18e3 2 104 - 23.44 1957.00 25451056
greedy 18e3 2 104 - 20.13 1234.18 35458368
dry 175e2 2 110 - 0.02 0.12 26732
aoDLAV 175e2 2 110 - 0.03 0.18 30716
aoULAV 175e2 2 110 - 0.03 0.18 30720
aoD2AG 175e2 2 110 - 0.03 0.19 31756
aoD2SG 175e2 2 110 - 0.03 0.20 31760
moore 175e2 2 110 - 2.68 4612.37 9014020
nbpm 175e2 2 110 - 21.25 1856.03 22863136
greedy 175e2 2 110 - 17.45 956.66 33517016
dry 2e4 5 35 - 0.03 0.12 29252
aoDLAV 2e4 5 35 - 0.03 0.28 32756
aoULAV 2e4 5 35 - 0.03 0.29 32768
aoD2AG 2e4 5 35 - 0.04 0.32 33340
aoD2SG 2e4 5 35 - 0.04 0.33 32860
moore 2e4 5 35 - 3.44 6829.16 11768080
nbpm 2e4 5 35 - 28.97 4840.35 34200496
greedy 2e4 5 35 - 25.26 1341.04 43774008
dry 2e4 10 11 - 0.03 0.11 31288
aoDLAV 2e4 10 11 - 0.03 1.73 34840
aoULAV 2e4 10 11 - 0.03 1.71 34852
aoD2AG 2e4 10 11 - 0.04 1.78 36076
aoD2SG 2e4 10 11 - 0.03 2.00 36076
moore 2e4 10 11 - 3.39 7507.32 11770836
nbpm 2e4 10 11 - 29.21 5753.58 30880040
greedy 2e4 10 11 - 22.54 1269.50 43775824
