dry 2e4 10 119 - 0.03 0.14 30568
aoDLAV 2e4 10 119 - 0.05 1.45 34836
aoULAV 2e4 10 119 - 0.04 1.21 34848
aoD2AG 2e4 10 119 - 0.05 1.23 36080
aoD2SG 2e4 10 119 - 0.04 1.41 36076
moore 2e4 10 119 - 3.31 6603.42 11770844
nbpm 2e4 10 119 - 27.82 7389.09 30880040
greedy 2e4 10 119 - 24.48 1359.54 43775820
dry 8e7 2 209 - 0.96 2.48 1592676
aoDLAV 8e7 2 209 - 7.00 474.45 11893324
aoULAV 8e7 2 209 - 9.25 506.00 11893324
aoD2AG 8e7 2 209 - 14.98 741.17 17487384
aoD2SG 8e7 2 209 - 16.20 858.66 18124760
dry 1e8 2 21 - 1.08 3.04 1983300
aoDLAV 1e8 2 21 - 8.04 600.16 14862068
aoULAV 1e8 2 21 - 10.46 636.48 14862068
aoD2AG 1e8 2 21 - 18.02 874.66 21853648
aoD2SG 1e8 2 21 - 19.38 1036.66 22648884
dry 2e4 2 224 - 0.03 0.11 28840
aoDLAV 2e4 2 224 - 0.03 0.18 30808
aoULAV 2e4 2 224 - 0.02 0.19 30808
aoD2AG 2e4 2 224 - 0.02 0.20 32284
aoD2SG 2e4 2 224 - 0.03 0.20 32288
moore 2e4 2 224 - 3.41 6076.32 11765552
nbpm 2e4 2 224 - 29.04 2601.39 31402196
greedy 2e4 2 224 - 24.67 1200.32 43771044
dry 175e2 2 53 - 0.03 0.11 26732
aoDLAV 175e2 2 53 - 0.03 0.18 30716
aoULAV 175e2 2 53 - 0.03 0.18 30720
aoD2AG 175e2 2 53 - 0.03 0.19 31752
aoD2SG 175e2 2 53 - 0.03 0.21 31756
moore 175e2 2 53 - 2.63 5062.50 9014028
nbpm 175e2 2 53 - 21.42 1813.90 22863144
greedy 175e2 2 53 - 18.59 951.37 33516980
dry 125e2 2 105 - 0.02 0.12 26536
aoDLAV 125e2 2 105 - 0.03 0.17 30708
aoULAV 125e2 2 105 - 0.03 0.18 30712
aoD2AG 125e2 2 105 - 0.03 0.18 31380
aoD2SG 125e2 2 105 - 0.04 0.18 31376
moore 125e2 2 105 - 1.58 1874.26 4611540
nbpm 125e2 2 105 - 11.57 687.75 12302324
greedy 125e2 2 105 - 10.36 444.61 17109964
dry 150e2 2 212 - 0.02 0.12 26628
aoDLAV 150e2 2 212 - 0.02 0.18 30824
aoULAV 150e2 2 212 - 0.03 0.17 30824
aoD2AG 150e2 2 212 - 0.03 0.19 31608
aoD2SG 150e2 2 212 - 0.03 0.20 31608
moore 150e2 2 212 - 2.23 3570.38 6629352
nbpm 150e2 2 212 - 15.09 1173.21 16814176
greedy 150e2 2 212 - 13.90 690.37 24630024
dry 1e8 5 116 - 2.20 6.19 4327052
aoDLAV 1e8 5 116 - 11.17 2579.61 23065204
aoULAV 1e8 5 116 - 15.85 2637.84 23065204
aoD2AG 1e8 5 116 - 26.61 3757.77 30456332
aoD2SG 1e8 5 116 - 27.42 4457.37 31309404
dry 1e8 2 107 - 1.08 3.04 1983296
aoDLAV 1e8 2 107 - 8.13 606.89 14862072
aoULAV 1e8 2 107 - 10.52 621.69 14862068
aoD2AG 1e8 2 107 - 19.16 863.69 21855424
aoD2SG 1e8 2 107 - 20.23 1014.00 22652824
dry 1e8 5 42 - 2.42 6.37 4327052
aoDLAV 1e8 5 42 - 11.05 2553.14 23065204
aoULAV 1e8 5 42 - 15.66 2664.00 23065208
aoD2AG 1e8 5 42 - 26.39 2960.49 30455872
aoD2SG 1e8 5 42 - 28.41 3525.20 31310228
dry 2e4 5 168 - 0.03 0.11 29444
aoDLAV 2e4 5 168 - 0.03 0.29 32756
aoULAV 2e4 5 168 - 0.04 0.28 32768
aoD2AG 2e4 5 168 - 0.03 0.31 33344
aoD2SG 2e4 5 168 - 0.05 0.32 32860
moore 2e4 5 168 - 3.37 6959.61 11768080
nbpm 2e4 5 168 - 29.33 5253.20 34200500
greedy 2e4 5 168 - 24.37 1281.61 43774004
dry 175e2 2 56 - 0.02 0.12 26732
aoDLAV 175e2 2 56 - 0.03 0.18 30764
aoULAV 175e2 2 56 - 0.03 0.19 30720
aoD2AG 175e2 2 56 - 0.03 0.20 31756
aoD2SG 175e2 2 56 - 0.04 0.20 31808
moore 175e2 2 56 - 2.93 4925.45 9014024
nbpm 175e2 2 56 - 21.44 1858.60 22863140
greedy 175e2 2 56 - 19.10 979.10 33516976
dry 1e8 2 4 - 1.12 3.05 1983300
aoDLAV 1e8 2 4 - 7.87 588.95 14862068
aoULAV 1e8 2 4 - 10.30 626.30 14862068
aoD2AG 1e8 2 4 - 18.78 897.44 21855856
aoD2SG 1e8 2 4 - 19.43 1045.25 22651208
dry 2e4 10 233 - 0.03 0.12 30476
aoDLAV 2e4 10 233 - 0.04 1.70 34840
aoULAV 2e4 10 233 - 0.03 1.85 34848
aoD2AG 2e4 10 233 - 0.05 1.72 36080
aoD2SG 2e4 10 233 - 0.03 1.97 36076
moore 2e4 10 233 - 3.45 6990.22 11770836
nbpm 2e4 10 233 - 28.97 5379.60 30880040
greedy 2e4 10 233 - 25.46 1742.20 43775820
dry 2e4 10 193 - 0.03 0.12 31816
aoDLAV 2e4 10 193 - 0.06 1.75 34836
aoULAV 2e4 10 193 - 0.03 1.81 34852
aoD2AG 2e4 10 193 - 0.04 2.04 36076
aoD2SG 2e4 10 193 - 0.04 2.04 36080
moore 2e4 10 193 - 3.38 6937.86 11770836
nbpm 2e4 10 193 - 29.79 5594.83 30880036
greedy 2e4 10 193 - 25.19 1352.12 43775820
dry 18e3 2 55 - 0.03 0.11 27952
aoDLAV 18e3 2 55 - 0.04 0.18 30740
aoULAV 18e3 2 55 - 0.04 0.18 30740
aoD2AG 18e3 2 55 - 0.03 0.20 31804
aoD2SG 18e3 2 55 - 0.02 0.21 31812
moore 18e3 2 55 - 2.91 4922.14 9534976
nbpm 18e3 2 55 - 23.50 2308.91 25451056
greedy 18e3 2 55 - 20.14 1238.14 35458368
dry 8e7 2 86 - 0.86 2.45 1592676
aoDLAV 8e7 2 86 - 6.50 467.55 11893328
aoULAV 8e7 2 86 - 8.59 505.60 11893324
aoD2AG 8e7 2 86 - 16.16 711.13 17487892
aoD2SG 8e7 2 86 - 16.94 833.12 18125332
dry 1e8 5 229 - 2.39 6.26 4327052
aoDLAV 1e8 5 229 - 11.98 2624.44 23065204
aoULAV 1e8 5 229 - 16.51 2541.20 23065204
aoD2AG 1e8 5 229 - 26.57 2872.43 30453984
aoD2SG 1e8 5 229 - 28.13 3474.98 31312484
dry 9e7 2 249 - 1.14 2.82 1787988
aoDLAV 9e7 2 249 - 7.28 519.04 13377684
aoULAV 9e7 2 249 - 9.83 548.57 13377684
aoD2AG 9e7 2 249 - 17.28 776.03 19671892
aoD2SG 9e7 2 249 - 18.04 911.52 20389488
dry 8e7 2 63 - 0.84 2.44 1592676
aoDLAV 8e7 2 63 - 6.46 455.85 11893328
aoULAV 8e7 2 63 - 8.14 470.20 11893324
aoD2AG 8e7 2 63 - 15.19 665.67 17488604
aoD2SG 8e7 2 63 - 15.26 809.26 18124332
dry 8e7 2 59 - 0.80 2.40 1592680
aoDLAV 8e7 2 59 - 6.04 447.63 11893324
aoULAV 8e7 2 59 - 7.95 480.02 11893328
aoD2AG 8e7 2 59 - 14.61 723.15 17486804
aoD2SG 8e7 2 59 - 15.49 786.54 18126796
dry 2e4 5 216 - 0.02 0.12 29568
aoDLAV 2e4 5 216 - 0.02 0.28 32756
aoULAV 2e4 5 216 - 0.03 0.27 32768
aoD2AG 2e4 5 216 - 0.04 0.30 33344
aoD2SG 2e4 5 216 - 0.03 0.32 32860
moore 2e4 5 216 - 3.35 7817.03 11768080
nbpm 2e4 5 216 - 29.71 4900.81 34200628
greedy 2e4 5 216 - 23.50 1299.10 43774020
dry 1e8 2 125 - 1.39 3.10 1983296
aoDLAV 1e8 2 125 - 9.78 693.17 14862068
aoULAV 1e8 2 125 - 11.87 715.63 14862068
aoD2AG 1e8 2 125 - 20.45 880.42 21856344
aoD2SG 1e8 2 125 - 20.52 1029.95 22650936
dry 9e7 2 103 - 0.91 2.71 1787984
aoDLAV 9e7 2 103 - 6.83 509.59 13377688
aoULAV 9e7 2 103 - 9.09 548.96 13377684
aoD2AG 9e7 2 103 - 17.27 783.74 19672356
aoD2SG 9e7 2 103 - 18.13 926.98 20388836
dry 175e2 2 75 - 0.03 0.11 26736
aoDLAV 175e2 2 75 - 0.03 0.19 30716
aoULAV 175e2 2 75 - 0.03 0.19 30720
aoD2AG 175e2 2 75 - 0.03 0.20 31756
aoD2SG 175e2 2 75 - 0.03 0.20 31760
moore 175e2 2 75 - 2.68 5163.40 9014028
nbpm 175e2 2 75 - 20.91 1852.74 22863140
greedy 175e2 2 75 - 18.13 938.19 33516976
dry 2e4 10 12 - 0.02 0.12 30080
aoDLAV 2e4 10 12 - 0.05 1.70 34836
aoULAV 2e4 10 12 - 0.04 1.70 34848
aoD2AG 2e4 10 12 - 0.03 1.75 36076
aoD2SG 2e4 10 12 - 0.04 1.93 36076
moore 2e4 10 12 - 3.37 6332.79 11770836
nbpm 2e4 10 12 - 28.72 5928.28 30880148
greedy 2e4 10 12 - 23.83 1147.96 43775820
