dry 175e2 2 239 - 0.02 0.11 26732
aoDLAV 175e2 2 239 - 0.02 0.17 30716
aoULAV 175e2 2 239 - 0.03 0.17 30720
aoD2AG 175e2 2 239 - 0.03 0.18 31756
aoD2SG 175e2 2 239 - 0.03 0.19 31760
moore 175e2 2 239 - 2.71 4909.10 9014020
nbpm 175e2 2 239 - 20.84 1811.24 22863136
greedy 175e2 2 239 - 17.03 926.30 33516976
dry 125e2 2 175 - 0.02 0.12 26532
aoDLAV 125e2 2 175 - 0.02 0.19 30708
aoULAV 125e2 2 175 - 0.03 0.18 30708
aoD2AG 125e2 2 175 - 0.03 0.18 31380
aoD2SG 125e2 2 175 - 0.02 0.20 31376
moore 125e2 2 175 - 1.62 2166.64 4611548
nbpm 125e2 2 175 - 11.70 677.53 12302332
greedy 125e2 2 175 - 9.61 436.77 17109964
dry 9e7 2 191 - 1.01 2.75 1787988
aoDLAV 9e7 2 191 - 7.33 531.13 13377688
aoULAV 9e7 2 191 - 9.29 563.78 13377684
aoD2AG 9e7 2 191 - 16.45 793.72 19669936
aoD2SG 9e7 2 191 - 18.01 1031.03 20387272
dry 18e3 2 241 - 0.02 0.12 26748
aoDLAV 18e3 2 241 - 0.04 0.18 30740
aoULAV 18e3 2 241 - 0.03 0.19 30740
aoD2AG 18e3 2 241 - 0.03 0.21 31804
aoD2SG 18e3 2 241 - 0.03 0.21 31812
moore 18e3 2 241 - 2.90 4746.12 9534980
nbpm 18e3 2 241 - 23.49 1958.48 25451060
greedy 18e3 2 241 - 20.31 1029.25 35458364
dry 175e2 2 32 - 0.03 0.12 26732
aoDLAV 175e2 2 32 - 0.03 0.18 30720
aoULAV 175e2 2 32 - 0.04 0.18 30716
aoD2AG 175e2 2 32 - 0.03 0.20 31752
aoD2SG 175e2 2 32 - 0.04 0.20 31756
moore 175e2 2 32 - 2.70 4680.44 9014028
nbpm 175e2 2 32 - 22.02 1814.86 22863144
greedy 175e2 2 32 - 19.67 943.24 33516980
dry 125e2 2 118 - 0.03 0.11 26532
aoDLAV 125e2 2 118 - 0.04 0.17 30708
aoULAV 125e2 2 118 - 0.03 0.18 30708
aoD2AG 125e2 2 118 - 0.03 0.18 31380
aoD2SG 125e2 2 118 - 0.03 0.19 31380
moore 125e2 2 118 - 1.63 1780.87 4611540
nbpm 125e2 2 118 - 11.44 723.10 12302320
greedy 125e2 2 118 - 9.65 441.07 17109964
dry 8e7 2 55 - 0.88 2.43 1592676
aoDLAV 8e7 2 55 - 6.43 460.32 11893324
aoULAV 8e7 2 55 - 8.31 492.05 11893324
aoD2AG 8e7 2 55 - 14.74 707.04 17489376
aoD2SG 8e7 2 55 - 16.54 839.88 18128908
dry 18e3 2 27 - 0.03 0.11 26748
aoDLAV 18e3 2 27 - 0.03 0.18 30740
aoULAV 18e3 2 27 - 0.02 0.19 30740
aoD2AG 18e3 2 27 - 0.02 0.21 31804
aoD2SG 18e3 2 27 - 0.03 0.20 31808
moore 18e3 2 27 - 2.92 5924.31 9534984
nbpm 18e3 2 27 - 23.63 1974.32 25451068
greedy 18e3 2 27 - 21.13 996.69 35458364
dry 1e8 5 81 - 2.35 6.28 4327056
aoDLAV 1e8 5 81 - 11.14 2623.87 23065204
aoULAV 1e8 5 81 - 15.91 2747.38 23065208
aoD2AG 1e8 5 81 - 26.03 2975.36 30455556
aoD2SG 1e8 5 81 - 27.99 3509.15 31309316
dry 150e2 2 3 - 0.02 0.12 26628
aoDLAV 150e2 2 3 - 0.03 0.18 30824
aoULAV 150e2 2 3 - 0.03 0.18 30824
aoD2AG 150e2 2 3 - 0.03 0.19 31612
aoD2SG 150e2 2 3 - 0.04 0.19 31612
moore 150e2 2 3 - 2.07 3309.46 6629352
nbpm 150e2 2 3 - 14.88 1174.09 16814176
greedy 150e2 2 3 - 13.61 652.26 24630028
dry 150e2 2 156 - 0.03 0.11 26628
aoDLAV 150e2 2 156 - 0.03 0.17 30824
aoULAV 150e2 2 156 - 0.03 0.17 30828
aoD2AG 150e2 2 156 - 0.03 0.19 31608
aoD2SG 150e2 2 156 - 0.03 0.19 31608
moore 150e2 2 156 - 2.13 2631.45 6629352
nbpm 150e2 2 156 - 14.49 1168.27 16814180
greedy 150e2 2 156 - 13.90 697.18 24630024
dry 150e2 2 169 - 0.02 0.12 26632
aoDLAV 150e2 2 169 - 0.03 0.17 30824
aoULAV 150e2 2 169 - 0.03 0.18 30824
aoD2AG 150e2 2 169 - 0.02 0.20 31608
aoD2SG 150e2 2 169 - 0.03 0.19 31612
moore 150e2 2 169 - 2.36 2813.67 6629348
nbpm 150e2 2 169 - 14.93 1193.35 16814168
greedy 150e2 2 169 - 14.53 691.70 24630024
dry 1e8 5 52 - 2.25 6.22 4327056
aoDLAV 1e8 5 52 - 11.13 2629.69 23065204
aoULAV 1e8 5 52 - 16.85 2748.27 23065204
aoD2AG 1e8 5 52 - 26.96 3029.11 30455652
aoD2SG 1e8 5 52 - 28.37 4001.67 31312032
dry 175e2 2 223 - 0.03 0.12 26732
aoDLAV 175e2 2 223 - 0.02 0.19 30716
aoULAV 175e2 2 223 - 0.03 0.19 30716
aoD2AG 175e2 2 223 - 0.04 0.20 31752
aoD2SG 175e2 2 223 - 0.04 0.20 31756
moore 175e2 2 223 - 2.85 5300.51 9014032
nbpm 175e2 2 223 - 21.77 1798.66 22863148
greedy 175e2 2 223 - 19.27 904.65 33516976
dry 125e2 2 27 - 0.02 0.12 26536
aoDLAV 125e2 2 27 - 0.03 0.17 30708
aoULAV 125e2 2 27 - 0.02 0.18 30708
aoD2AG 125e2 2 27 - 0.03 0.18 31380
aoD2SG 125e2 2 27 - 0.03 0.19 31376
moore 125e2 2 27 - 1.51 1889.36 4611548
nbpm 125e2 2 27 - 11.39 670.92 12302328
greedy 125e2 2 27 - 9.44 458.92 17109964
dry 150e2 2 166 - 0.02 0.12 27952
aoDLAV 150e2 2 166 - 0.03 0.18 30824
aoULAV 150e2 2 166 - 0.03 0.18 30824
aoD2AG 150e2 2 166 - 0.03 0.19 31612
aoD2SG 150e2 2 166 - 0.03 0.20 31612
moore 150e2 2 166 - 2.40 3546.51 6629344
nbpm 150e2 2 166 - 14.86 1164.72 16814196
greedy 150e2 2 166 - 13.58 693.84 24630024
dry 2e4 10 160 - 0.04 0.12 29364
aoDLAV 2e4 10 160 - 0.05 1.87 34840
aoULAV 2e4 10 160 - 0.03 1.73 34864
aoD2AG 2e4 10 160 - 0.04 1.79 36076
aoD2SG 2e4 10 160 - 0.04 1.99 36076
moore 2e4 10 160 - 3.39 7413.69 11770840
nbpm 2e4 10 160 - 29.12 6145.03 30880072
greedy 2e4 10 160 - 24.92 1374.61 43775820
dry 150e2 2 19 - 0.02 0.12 26628
aoDLAV 150e2 2 19 - 0.03 0.18 30824
aoULAV 150e2 2 19 - 0.03 0.18 30828
aoD2AG 150e2 2 19 - 0.03 0.19 31608
aoD2SG 150e2 2 19 - 0.03 0.20 31608
moore 150e2 2 19 - 2.32 2770.70 6629356
nbpm 150e2 2 19 - 14.80 1131.18 16814180
greedy 150e2 2 19 - 14.39 671.62 24630024
dry 150e2 2 178 - 0.03 0.12 26628
aoDLAV 150e2 2 178 - 0.03 0.18 30824
aoULAV 150e2 2 178 - 0.03 0.19 30824
aoD2AG 150e2 2 178 - 0.03 0.19 31612
aoD2SG 150e2 2 178 - 0.03 0.21 31612
moore 150e2 2 178 - 2.13 3207.37 6629348
nbpm 150e2 2 178 - 14.38 1151.24 16814168
greedy 150e2 2 178 - 13.70 686.82 24630024
dry 9e7 2 115 - 0.96 2.73 1787988
aoDLAV 9e7 2 115 - 7.10 501.98 13377692
aoULAV 9e7 2 115 - 8.93 532.49 13377684
aoD2AG 9e7 2 115 - 17.13 766.03 19671160
aoD2SG 9e7 2 115 - 17.98 915.52 20387564
dry 1e8 2 109 - 1.07 3.06 1983300
aoDLAV 1e8 2 109 - 8.31 613.71 14862068
aoULAV 1e8 2 109 - 10.75 642.31 14862068
aoD2AG 1e8 2 109 - 19.34 913.94 21855364
aoD2SG 1e8 2 109 - 20.27 1332.08 22652136
dry 175e2 2 151 - 0.02 0.12 26736
aoDLAV 175e2 2 151 - 0.03 0.18 30720
aoULAV 175e2 2 151 - 0.03 0.19 30716
aoD2AG 175e2 2 151 - 0.04 0.19 31756
aoD2SG 175e2 2 151 - 0.03 0.21 31764
moore 175e2 2 151 - 2.83 4694.49 9014024
nbpm 175e2 2 151 - 28.74 2600.06 22863180
greedy 175e2 2 151 - 19.00 993.75 33516976
dry 2e4 5 127 - 0.03 0.11 27776
aoDLAV 2e4 5 127 - 0.04 0.30 32756
aoULAV 2e4 5 127 - 0.04 0.31 32768
aoD2AG 2e4 5 127 - 0.03 0.35 33344
aoD2SG 2e4 5 127 - 0.04 0.36 32860
moore 2e4 5 127 - 3.52 6713.96 11768084
nbpm 2e4 5 127 - 28.36 5242.12 34200508
greedy 2e4 5 127 - 26.64 1302.76 43774004
dry 18e3 2 155 - 0.02 0.12 26748
aoDLAV 18e3 2 155 - 0.03 0.19 30740
aoULAV 18e3 2 155 - 0.03 0.19 30740
aoD2AG 18e3 2 155 - 0.02 0.20 31804
aoD2SG 18e3 2 155 - 0.03 0.21 31816
moore 18e3 2 155 - 2.91 4991.24 9534988
nbpm 18e3 2 155 - 23.14 1870.01 25451064
greedy 18e3 2 155 - 19.03 970.77 35458364
dry 2e4 5 12 - 0.02 0.12 29172
aoDLAV 2e4 5 12 - 0.03 0.28 32756
aoULAV 2e4 5 12 - 0.03 0.29 32768
aoD2AG 2e4 5 12 - 0.03 0.33 33344
aoD2SG 2e4 5 12 - 0.03 0.34 32864
moore 2e4 5 12 - 3.46 7716.11 11768080
nbpm 2e4 5 12 - 28.90 4979.87 34200500
greedy 2e4 5 12 - 23.52 1311.37 43774004
dry 2e4 5 229 - 0.03 0.12 27780
aoDLAV 2e4 5 229 - 0.03 0.29 32756
aoULAV 2e4 5 229 - 0.04 0.27 32768
aoD2AG 2e4 5 229 - 0.03 0.32 33344
aoD2SG 2e4 5 229 - 0.03 0.34 32864
moore 2e4 5 229 - 5.13 8774.43 11768080
nbpm 2e4 5 229 - 29.06 4735.43 34200496
greedy 2e4 5 229 - 25.07 1341.02 43774004
dry 125e2 2 26 - 0.02 0.12 26532
aoDLAV 125e2 2 26 - 0.03 0.17 30708
aoULAV 125e2 2 26 - 0.02 0.18 30712
aoD2AG 125e2 2 26 - 0.02 0.19 31376
aoD2SG 125e2 2 26 - 0.03 0.19 31432
moore 125e2 2 26 - 1.63 2279.86 4611540
nbpm 125e2 2 26 - 11.58 631.93 12302320
greedy 125e2 2 26 - 9.27 423.59 17109968
dry 9e7 2 79 - 0.92 2.72 1787988
aoDLAV 9e7 2 79 - 7.19 515.89 13377684
aoULAV 9e7 2 79 - 9.25 562.53 13377684
aoD2AG 9e7 2 79 - 16.81 777.92 19670316
aoD2SG 9e7 2 79 - 17.81 916.53 20388392
dry 2e4 5 207 - 0.02 0.12 27780
aoDLAV 2e4 5 207 - 0.04 0.27 32760
aoULAV 2e4 5 207 - 0.02 0.29 32768
aoD2AG 2e4 5 207 - 0.03 0.31 33344
aoD2SG 2e4 5 207 - 0.03 0.33 32864
moore 2e4 5 207 - 3.40 7576.50 11768084
nbpm 2e4 5 207 - 27.72 4585.25 34200600
greedy 2e4 5 207 - 19.95 929.51 43774008
