dry 1e8 2 132 - 0.90 2.75 1983300
aoDLAV 1e8 2 132 - 7.36 698.89 14862068
aoULAV 1e8 2 132 - 10.79 623.15 14862068
aoD2AG 1e8 2 132 - 19.30 1153.54 21854760
aoD2SG 1e8 2 132 - 19.86 1107.97 22653584
dry 150e2 2 127 - 0.03 0.11 26628
aoDLAV 150e2 2 127 - 0.03 0.18 30824
aoULAV 150e2 2 127 - 0.02 0.19 30828
aoD2AG 150e2 2 127 - 0.03 0.20 31612
aoD2SG 150e2 2 127 - 0.03 0.20 31608
moore 150e2 2 127 - 2.16 3524.31 6629352
nbpm 150e2 2 127 - 14.29 1194.04 16814180
greedy 150e2 2 127 - 13.06 674.38 24630028
dry 150e2 2 239 - 0.02 0.12 28440
aoDLAV 150e2 2 239 - 0.03 0.18 30824
aoULAV 150e2 2 239 - 0.02 0.18 30836
aoD2AG 150e2 2 239 - 0.03 0.19 31612
aoD2SG 150e2 2 239 - 0.03 0.20 31608
moore 150e2 2 239 - 2.06 3077.39 6629344
nbpm 150e2 2 239 - 14.61 1093.31 16814168
greedy 150e2 2 239 - 13.28 794.90 24630024
dry 175e2 2 115 - 0.03 0.12 28668
aoDLAV 175e2 2 115 - 0.03 0.20 30716
aoULAV 175e2 2 115 - 0.03 0.19 30716
aoD2AG 175e2 2 115 - 0.03 0.21 31752
aoD2SG 175e2 2 115 - 0.04 0.21 31760
moore 175e2 2 115 - 2.93 4572.84 9014024
nbpm 175e2 2 115 - 21.58 1789.60 22863136
greedy 175e2 2 115 - 19.43 1023.35 33516980
dry 1e8 5 215 - 2.35 6.34 4327052
aoDLAV 1e8 5 215 - 11.54 2631.42 23065208
aoULAV 1e8 5 215 - 16.02 2615.42 23065204
aoD2AG 1e8 5 215 - 26.12 3269.86 30457916
aoD2SG 1e8 5 215 - 26.99 3590.32 31310268
dry 2e4 5 164 - 0.03 0.12 27776
aoDLAV 2e4 5 164 - 0.03 0.29 32760
aoULAV 2e4 5 164 - 0.03 0.30 32768
aoD2AG 2e4 5 164 - 0.03 0.33 33344
aoD2SG 2e4 5 164 - 0.03 0.35 32860
moore 2e4 5 164 - 3.43 7046.43 11768128
nbpm 2e4 5 164 - 29.23 4859.23 34200496
greedy 2e4 5 164 - 24.38 1292.31 43774004
dry 2e4 2 184 - 0.02 0.12 26828
aoDLAV 2e4 2 184 - 0.03 0.19 30812
aoULAV 2e4 2 184 - 0.03 0.19 30808
aoD2AG 2e4 2 184 - 0.03 0.21 32284
aoD2SG 2e4 2 184 - 0.04 0.20 32292
moore 2e4 2 184 - 3.39 6602.67 11765556
nbpm 2e4 2 184 - 28.83 2640.50 31402196
greedy 2e4 2 184 - 25.49 1239.21 43771040
dry 175e2 2 248 - 0.02 0.13 26732
aoDLAV 175e2 2 248 - 0.03 0.19 30716
aoULAV 175e2 2 248 - 0.04 0.19 30720
aoD2AG 175e2 2 248 - 0.03 0.21 31760
aoD2SG 175e2 2 248 - 0.04 0.22 31760
moore 175e2 2 248 - 2.74 4412.39 9014020
nbpm 175e2 2 248 - 21.13 1805.85 22863136
greedy 175e2 2 248 - 17.87 977.03 33516976
dry 2e4 2 168 - 0.03 0.12 26832
aoDLAV 2e4 2 168 - 0.04 0.18 30812
aoULAV 2e4 2 168 - 0.03 0.19 30812
aoD2AG 2e4 2 168 - 0.02 0.21 32288
aoD2SG 2e4 2 168 - 0.02 0.22 32292
moore 2e4 2 168 - 3.57 7018.08 11765544
nbpm 2e4 2 168 - 28.94 2867.18 31402188
greedy 2e4 2 168 - 23.04 1257.27 43771040
dry 175e2 2 47 - 0.02 0.11 26732
aoDLAV 175e2 2 47 - 0.03 0.18 30716
aoULAV 175e2 2 47 - 0.03 0.18 30716
aoD2AG 175e2 2 47 - 0.03 0.20 31756
aoD2SG 175e2 2 47 - 0.02 0.21 31760
moore 175e2 2 47 - 2.68 4558.28 9014028
nbpm 175e2 2 47 - 21.53 1764.28 22863144
greedy 175e2 2 47 - 18.46 964.35 33516976
dry 18e3 2 91 - 0.02 0.12 26752
aoDLAV 18e3 2 91 - 0.02 0.19 30740
aoULAV 18e3 2 91 - 0.03 0.18 30744
aoD2AG 18e3 2 91 - 0.03 0.19 31808
aoD2SG 18e3 2 91 - 0.03 0.21 31808
moore 18e3 2 91 - 2.88 5394.17 9534988
nbpm 18e3 2 91 - 23.12 1977.28 25451064
greedy 18e3 2 91 - 18.74 1031.58 35458364
dry 2e4 5 85 - 0.02 0.12 27776
aoDLAV 2e4 5 85 - 0.04 0.27 32756
aoULAV 2e4 5 85 - 0.03 0.29 32768
aoD2AG 2e4 5 85 - 0.04 0.30 33344
aoD2SG 2e4 5 85 - 0.03 0.34 32860
moore 2e4 5 85 - 3.44 6778.09 11768088
nbpm 2e4 5 85 - 28.95 5106.78 34200496
greedy 2e4 5 85 - 24.98 1355.69 43774008
dry 2e4 10 247 - 0.04 0.12 30932
aoDLAV 2e4 10 247 - 0.03 1.85 34836
aoULAV 2e4 10 247 - 0.03 1.90 34852
aoD2AG 2e4 10 247 - 0.04 1.95 36076
aoD2SG 2e4 10 247 - 0.03 2.16 36080
moore 2e4 10 247 - 3.43 7882.94 11770836
nbpm 2e4 10 247 - 29.30 5644.00 30880036
greedy 2e4 10 247 - 24.79 1312.78 43775820
dry 9e7 2 142 - 0.94 2.72 1787984
aoDLAV 9e7 2 142 - 7.10 519.90 13377688
aoULAV 9e7 2 142 - 8.97 558.88 13377688
aoD2AG 9e7 2 142 - 17.52 783.75 19672868
aoD2SG 9e7 2 142 - 18.17 926.96 20389196
dry 125e2 2 70 - 0.02 0.12 26536
aoDLAV 125e2 2 70 - 0.03 0.17 30708
aoULAV 125e2 2 70 - 0.02 0.18 30708
aoD2AG 125e2 2 70 - 0.03 0.18 31376
aoD2SG 125e2 2 70 - 0.03 0.19 31376
moore 125e2 2 70 - 1.63 2393.15 4611548
nbpm 125e2 2 70 - 11.48 678.12 12302328
greedy 125e2 2 70 - 9.04 447.67 17109964
dry 2e4 5 50 - 0.02 0.12 31016
aoDLAV 2e4 5 50 - 0.03 0.28 32756
aoULAV 2e4 5 50 - 0.03 0.29 32768
aoD2AG 2e4 5 50 - 0.03 0.32 33348
aoD2SG 2e4 5 50 - 0.03 0.34 32860
moore 2e4 5 50 - 3.79 7812.05 11768084
nbpm 2e4 5 50 - 28.77 4854.47 34200496
greedy 2e4 5 50 - 24.23 1269.71 43774004
dry 150e2 2 214 - 0.02 0.11 26628
aoDLAV 150e2 2 214 - 0.03 0.18 30824
aoULAV 150e2 2 214 - 0.04 0.17 30828
aoD2AG 150e2 2 214 - 0.04 0.18 31608
aoD2SG 150e2 2 214 - 0.03 0.20 31608
moore 150e2 2 214 - 2.12 3070.80 6629356
nbpm 150e2 2 214 - 14.73 1208.96 16814176
greedy 150e2 2 214 - 13.32 672.15 24630024
dry 150e2 2 170 - 0.02 0.12 26628
aoDLAV 150e2 2 170 - 0.03 0.18 30824
aoULAV 150e2 2 170 - 0.02 0.19 30824
aoD2AG 150e2 2 170 - 0.03 0.20 31608
aoD2SG 150e2 2 170 - 0.03 0.19 31612
moore 150e2 2 170 - 2.13 2504.90 6629344
nbpm 150e2 2 170 - 14.91 1723.69 16814164
greedy 150e2 2 170 - 13.92 683.49 24630024
dry 2e4 5 186 - 0.03 0.12 27776
aoDLAV 2e4 5 186 - 0.04 0.29 32756
aoULAV 2e4 5 186 - 0.03 0.29 32772
aoD2AG 2e4 5 186 - 0.02 0.33 33344
aoD2SG 2e4 5 186 - 0.04 0.35 32864
moore 2e4 5 186 - 3.46 6854.99 11768084
nbpm 2e4 5 186 - 29.01 4838.50 34200496
greedy 2e4 5 186 - 25.88 1372.59 43774004
dry 125e2 2 5 - 0.03 0.11 26532
aoDLAV 125e2 2 5 - 0.03 0.17 30708
aoULAV 125e2 2 5 - 0.03 0.17 30708
aoD2AG 125e2 2 5 - 0.03 0.18 31376
aoD2SG 125e2 2 5 - 0.03 0.19 31376
moore 125e2 2 5 - 1.64 1931.67 4611548
nbpm 125e2 2 5 - 11.34 643.68 12302328
greedy 125e2 2 5 - 9.83 445.00 17109968
dry 2e4 2 114 - 0.03 0.12 26832
aoDLAV 2e4 2 114 - 0.03 0.21 30808
aoULAV 2e4 2 114 - 0.03 0.22 30808
aoD2AG 2e4 2 114 - 0.04 0.22 32284
aoD2SG 2e4 2 114 - 0.03 0.22 32288
moore 2e4 2 114 - 4.06 7998.86 11765544
nbpm 2e4 2 114 - 28.95 2735.10 31402188
greedy 2e4 2 114 - 25.85 1259.62 43771044
dry 1e8 5 240 - 2.38 6.26 4327052
aoDLAV 1e8 5 240 - 11.38 2638.08 23065204
aoULAV 1e8 5 240 - 17.20 2698.55 23065204
aoD2AG 1e8 5 240 - 25.54 2989.57 30456676
aoD2SG 1e8 5 240 - 26.76 3614.94 31309724
dry 8e7 2 54 - 0.84 2.46 1592676
aoDLAV 8e7 2 54 - 6.56 467.19 11893324
aoULAV 8e7 2 54 - 8.59 493.97 11893324
aoD2AG 8e7 2 54 - 15.25 775.60 17487456
aoD2SG 8e7 2 54 - 16.60 1024.46 18125772
dry 2e4 5 74 - 0.02 0.12 27776
aoDLAV 2e4 5 74 - 0.03 0.29 32756
aoULAV 2e4 5 74 - 0.03 0.29 32768
aoD2AG 2e4 5 74 - 0.04 0.32 33344
aoD2SG 2e4 5 74 - 0.04 0.34 32864
moore 2e4 5 74 - 3.54 7302.45 11768080
nbpm 2e4 5 74 - 27.55 4320.46 34200504
greedy 2e4 5 74 - 21.15 1216.65 43774004
