dry 18e3 2 130 - 0.02 0.11 26752
aoDLAV 18e3 2 130 - 0.02 0.17 30740
aoULAV 18e3 2 130 - 0.02 0.17 30740
aoD2AG 18e3 2 130 - 0.02 0.19 31804
aoD2SG 18e3 2 130 - 0.03 0.20 31812
moore 18e3 2 130 - 2.94 4438.81 9534984
nbpm 18e3 2 130 - 23.76 2114.41 25451064
greedy 18e3 2 130 - 19.35 1020.47 35458364
dry 8e7 2 76 - 0.84 2.41 1592676
aoDLAV 8e7 2 76 - 6.46 464.16 11893324
aoULAV 8e7 2 76 - 8.64 498.77 11893324
aoD2AG 8e7 2 76 - 15.40 695.09 17488908
aoD2SG 8e7 2 76 - 16.02 804.63 18126176
dry 125e2 2 111 - 0.03 0.11 26536
aoDLAV 125e2 2 111 - 0.03 0.17 30708
aoULAV 125e2 2 111 - 0.02 0.18 30708
aoD2AG 125e2 2 111 - 0.02 0.19 31376
aoD2SG 125e2 2 111 - 0.03 0.19 31376
moore 125e2 2 111 - 1.60 1510.87 4611540
nbpm 125e2 2 111 - 11.71 659.87 12302316
greedy 125e2 2 111 - 10.10 436.33 17109968
dry 2e4 2 178 - 0.03 0.11 27956
aoDLAV 2e4 2 178 - 0.03 0.18 30812
aoULAV 2e4 2 178 - 0.03 0.19 30808
aoD2AG 2e4 2 178 - 0.02 0.21 32288
aoD2SG 2e4 2 178 - 0.03 0.21 32292
moore 2e4 2 178 - 3.42 6029.21 11765552
nbpm 2e4 2 178 - 28.85 2795.32 31402196
greedy 2e4 2 178 - 24.69 1242.01 43771040
dry 125e2 2 107 - 0.02 0.12 26532
aoDLAV 125e2 2 107 - 0.02 0.18 30708
aoULAV 125e2 2 107 - 0.03 0.17 30712
aoD2AG 125e2 2 107 - 0.04 0.17 31380
aoD2SG 125e2 2 107 - 0.04 0.18 31376
moore 125e2 2 107 - 1.63 1638.50 4611544
nbpm 125e2 2 107 - 11.31 832.32 12302320
greedy 125e2 2 107 - 9.41 488.25 17109968
dry 150e2 2 8 - 0.03 0.12 26628
aoDLAV 150e2 2 8 - 0.02 0.19 30824
aoULAV 150e2 2 8 - 0.02 0.19 30824
aoD2AG 150e2 2 8 - 0.03 0.19 31608
aoD2SG 150e2 2 8 - 0.03 0.20 31612
moore 150e2 2 8 - 2.16 3407.01 6629352
nbpm 150e2 2 8 - 14.83 1279.13 16814176
greedy 150e2 2 8 - 13.72 671.86 24630028
dry 150e2 2 85 - 0.03 0.11 26628
aoDLAV 150e2 2 85 - 0.03 0.18 30828
aoULAV 150e2 2 85 - 0.03 0.18 30824
aoD2AG 150e2 2 85 - 0.03 0.19 31608
aoD2SG 150e2 2 85 - 0.03 0.20 31612
moore 150e2 2 85 - 2.09 2931.18 6629344
nbpm 150e2 2 85 - 15.03 1155.18 16814176
greedy 150e2 2 85 - 13.21 698.45 24630024
dry 2e4 10 161 - 0.03 0.13 31816
aoDLAV 2e4 10 161 - 0.04 2.34 34836
aoULAV 2e4 10 161 - 0.04 1.97 34848
aoD2AG 2e4 10 161 - 0.04 1.85 36076
aoD2SG 2e4 10 161 - 0.04 2.09 36080
moore 2e4 10 161 - 3.50 7039.19 11770836
nbpm 2e4 10 161 - 28.99 5590.46 30880040
greedy 2e4 10 161 - 24.83 1276.60 43775824
dry 1e8 2 35 - 1.03 2.96 1983296
aoDLAV 1e8 2 35 - 7.90 587.18 14862068
aoULAV 1e8 2 35 - 10.56 623.99 14862112
aoD2AG 1e8 2 35 - 18.70 925.60 21853300
aoD2SG 1e8 2 35 - 19.77 1094.01 22651648
dry 2e4 2 189 - 0.03 0.11 26832
aoDLAV 2e4 2 189 - 0.03 0.18 30808
aoULAV 2e4 2 189 - 0.02 0.19 30808
aoD2AG 2e4 2 189 - 0.03 0.20 32312
aoD2SG 2e4 2 189 - 0.03 0.21 32292
moore 2e4 2 189 - 3.41 7090.43 11765552
nbpm 2e4 2 189 - 29.17 2634.73 31402196
greedy 2e4 2 189 - 24.50 1341.20 43771040
dry 125e2 2 57 - 0.02 0.12 26532
aoDLAV 125e2 2 57 - 0.03 0.17 30708
aoULAV 125e2 2 57 - 0.02 0.18 30712
aoD2AG 125e2 2 57 - 0.02 0.20 31376
aoD2SG 125e2 2 57 - 0.02 0.20 31376
moore 125e2 2 57 - 1.55 1923.53 4611540
nbpm 125e2 2 57 - 11.20 655.16 12302316
greedy 125e2 2 57 - 9.16 446.87 17109992
dry 150e2 2 73 - 0.03 0.11 26632
aoDLAV 150e2 2 73 - 0.02 0.19 30824
aoULAV 150e2 2 73 - 0.02 0.18 30828
aoD2AG 150e2 2 73 - 0.03 0.19 31608
aoD2SG 150e2 2 73 - 0.03 0.19 31608
moore 150e2 2 73 - 2.10 2723.02 6629344
nbpm 150e2 2 73 - 14.89 1181.79 16814172
greedy 150e2 2 73 - 13.53 853.81 24630024
dry 1e8 5 205 - 2.34 6.24 4327052
aoDLAV 1e8 5 205 - 11.63 2681.20 23065204
aoULAV 1e8 5 205 - 16.85 2708.04 23065204
aoD2AG 1e8 5 205 - 26.57 2996.78 30458272
aoD2SG 1e8 5 205 - 29.17 3658.24 31311504
dry 8e7 2 106 - 0.84 2.43 1592676
aoDLAV 8e7 2 106 - 6.21 462.66 11893324
aoULAV 8e7 2 106 - 8.14 481.99 11893324
aoD2AG 8e7 2 106 - 14.62 666.93 17486408
aoD2SG 8e7 2 106 - 15.33 792.01 18125652
dry 150e2 2 121 - 0.02 0.12 26628
aoDLAV 150e2 2 121 - 0.03 0.18 30828
aoULAV 150e2 2 121 - 0.03 0.18 30824
aoD2AG 150e2 2 121 - 0.03 0.20 31608
aoD2SG 150e2 2 121 - 0.03 0.20 31608
moore 150e2 2 121 - 2.11 2912.33 6629352
nbpm 150e2 2 121 - 14.50 1250.04 16814176
greedy 150e2 2 121 - 13.08 674.06 24630024
dry 2e4 10 69 - 0.02 0.12 30148
aoDLAV 2e4 10 69 - 0.03 1.59 34840
aoULAV 2e4 10 69 - 0.04 1.61 34848
aoD2AG 2e4 10 69 - 0.03 1.88 36080
aoD2SG 2e4 10 69 - 0.05 1.84 36080
moore 2e4 10 69 - 3.42 6994.40 11770944
nbpm 2e4 10 69 - 29.54 7730.42 30880144
greedy 2e4 10 69 - 24.24 1269.01 43775820
dry 1e8 2 27 - 1.07 3.02 1983300
aoDLAV 1e8 2 27 - 8.16 628.65 14862068
aoULAV 1e8 2 27 - 10.36 617.93 14862068
aoD2AG 1e8 2 27 - 18.59 938.48 21855148
aoD2SG 1e8 2 27 - 19.26 1022.05 22652776
dry 9e7 2 20 - 0.95 2.72 1787984
aoDLAV 9e7 2 20 - 7.48 521.85 13377688
aoULAV 9e7 2 20 - 9.53 556.02 13377688
aoD2AG 9e7 2 20 - 17.20 761.15 19669084
aoD2SG 9e7 2 20 - 17.98 906.91 20385704
dry 9e7 2 9 - 0.93 2.74 1787988
aoDLAV 9e7 2 9 - 7.00 516.38 13377684
aoULAV 9e7 2 9 - 9.83 593.17 13377684
aoD2AG 9e7 2 9 - 16.98 855.81 19672732
aoD2SG 9e7 2 9 - 18.38 980.75 20388720
dry 2e4 10 222 - 0.03 0.12 30112
aoDLAV 2e4 10 222 - 0.04 1.82 34836
aoULAV 2e4 10 222 - 0.03 1.85 34848
aoD2AG 2e4 10 222 - 0.05 1.86 36076
aoD2SG 2e4 10 222 - 0.04 2.07 36080
moore 2e4 10 222 - 3.41 7844.63 11770836
nbpm 2e4 10 222 - 28.47 6948.47 30880040
greedy 2e4 10 222 - 24.42 1230.90 43775824
dry 1e8 2 231 - 1.04 3.02 1983296
aoDLAV 1e8 2 231 - 8.34 565.77 14862068
aoULAV 1e8 2 231 - 9.90 638.40 14862068
aoD2AG 1e8 2 231 - 18.53 963.14 21856640
aoD2SG 1e8 2 231 - 19.80 1050.76 22653332
dry 2e4 5 14 - 0.02 0.11 27780
aoDLAV 2e4 5 14 - 0.03 0.28 32792
aoULAV 2e4 5 14 - 0.02 0.29 32768
aoD2AG 2e4 5 14 - 0.04 0.30 33344
aoD2SG 2e4 5 14 - 0.03 0.33 32860
moore 2e4 5 14 - 3.53 8210.67 11768084
nbpm 2e4 5 14 - 28.50 5288.84 34200496
greedy 2e4 5 14 - 25.19 1390.62 43774044
dry 18e3 2 26 - 0.02 0.13 27952
aoDLAV 18e3 2 26 - 0.03 0.19 30740
aoULAV 18e3 2 26 - 0.04 0.19 30740
aoD2AG 18e3 2 26 - 0.04 0.20 31808
aoD2SG 18e3 2 26 - 0.04 0.21 31812
moore 18e3 2 26 - 2.99 5691.07 9534980
nbpm 18e3 2 26 - 23.10 1948.53 25451056
greedy 18e3 2 26 - 19.17 1017.18 35458368
dry 9e7 2 197 - 0.86 2.76 1787984
aoDLAV 9e7 2 197 - 6.90 527.02 13377684
aoULAV 9e7 2 197 - 9.12 566.03 13377684
aoD2AG 9e7 2 197 - 16.42 818.80 19670540
aoD2SG 9e7 2 197 - 18.14 964.23 20388072
dry 2e4 2 117 - 0.03 0.11 26828
aoDLAV 2e4 2 117 - 0.03 0.19 30808
aoULAV 2e4 2 117 - 0.04 0.18 30812
aoD2AG 2e4 2 117 - 0.03 0.21 32288
aoD2SG 2e4 2 117 - 0.03 0.21 32292
moore 2e4 2 117 - 3.44 6590.23 11765544
nbpm 2e4 2 117 - 29.16 2790.83 31402192
greedy 2e4 2 117 - 23.12 1215.81 43771040
dry 9e7 2 94 - 1.04 2.73 1787984
aoDLAV 9e7 2 94 - 8.01 570.58 13377720
aoULAV 9e7 2 94 - 9.74 574.24 13377684
aoD2AG 9e7 2 94 - 17.80 821.80 19670880
aoD2SG 9e7 2 94 - 18.57 951.50 20387732
dry 175e2 2 63 - 0.03 0.11 26732
aoDLAV 175e2 2 63 - 0.03 0.19 30716
aoULAV 175e2 2 63 - 0.03 0.18 30716
aoD2AG 175e2 2 63 - 0.04 0.19 31756
aoD2SG 175e2 2 63 - 0.03 0.20 31760
moore 175e2 2 63 - 2.78 4729.77 9014024
nbpm 175e2 2 63 - 21.51 2329.71 22863136
greedy 175e2 2 63 - 18.97 953.29 33516976
dry 2e4 10 212 - 0.03 0.12 31816
aoDLAV 2e4 10 212 - 0.02 1.82 34836
aoULAV 2e4 10 212 - 0.03 1.57 34848
aoD2AG 2e4 10 212 - 0.04 1.77 36076
aoD2SG 2e4 10 212 - 0.04 1.89 36076
moore 2e4 10 212 - 3.50 6598.24 11770836
nbpm 2e4 10 212 - 36.05 6231.81 30880144
greedy 2e4 10 212 - 24.07 1225.24 43775820
