dry 1e8 5 164 - 1.90 5.82 4327052
aoDLAV 1e8 5 164 - 10.87 2639.74 23065208
aoULAV 1e8 5 164 - 16.39 2608.25 23065204
aoD2AG 1e8 5 164 - 25.58 2863.77 30458284
aoD2SG 1e8 5 164 - 28.28 3497.83 31313804
dry 2e4 10 205 - 0.03 0.12 31820
aoDLAV 2e4 10 205 - 0.03 1.95 34836
aoULAV 2e4 10 205 - 0.03 1.76 34852
aoD2AG 2e4 10 205 - 0.03 1.74 36076
aoD2SG 2e4 10 205 - 0.03 2.04 36076
moore 2e4 10 205 - 3.51 6609.58 11770836
nbpm 2e4 10 205 - 28.55 5798.51 30880040
greedy 2e4 10 205 - 23.65 1372.24 43775820
dry 18e3 2 160 - 0.03 0.11 26748
aoDLAV 18e3 2 160 - 0.03 0.19 30740
aoULAV 18e3 2 160 - 0.03 0.19 30740
aoD2AG 18e3 2 160 - 0.03 0.20 31804
aoD2SG 18e3 2 160 - 0.04 0.20 31816
moore 18e3 2 160 - 2.87 5076.59 9534976
nbpm 18e3 2 160 - 23.53 1927.92 25451056
greedy 18e3 2 160 - 20.17 1053.71 35458364
dry 150e2 2 29 - 0.03 0.11 26628
aoDLAV 150e2 2 29 - 0.03 0.18 30824
aoULAV 150e2 2 29 - 0.03 0.18 30824
aoD2AG 150e2 2 29 - 0.04 0.18 31608
aoD2SG 150e2 2 29 - 0.04 0.19 31608
moore 150e2 2 29 - 2.22 4463.91 6629352
nbpm 150e2 2 29 - 14.59 1126.85 16814176
greedy 150e2 2 29 - 13.62 654.15 24630024
dry 18e3 2 247 - 0.02 0.12 26752
aoDLAV 18e3 2 247 - 0.04 0.18 30740
aoULAV 18e3 2 247 - 0.03 0.19 30740
aoD2AG 18e3 2 247 - 0.03 0.20 31808
aoD2SG 18e3 2 247 - 0.03 0.21 31812
moore 18e3 2 247 - 2.92 5000.70 9534976
nbpm 18e3 2 247 - 23.72 1959.41 25451056
greedy 18e3 2 247 - 19.56 988.19 35458368
dry 175e2 2 118 - 0.03 0.11 30484
aoDLAV 175e2 2 118 - 0.03 0.18 30716
aoULAV 175e2 2 118 - 0.03 0.18 30716
aoD2AG 175e2 2 118 - 0.03 0.19 31752
aoD2SG 175e2 2 118 - 0.03 0.20 31760
moore 175e2 2 118 - 2.68 5565.27 9014020
nbpm 175e2 2 118 - 21.34 2145.51 22863136
greedy 175e2 2 118 - 19.47 1310.09 33516980
dry 2e4 2 138 - 0.02 0.12 26828
aoDLAV 2e4 2 138 - 0.02 0.19 30808
aoULAV 2e4 2 138 - 0.02 0.20 30812
aoD2AG 2e4 2 138 - 0.03 0.21 32284
aoD2SG 2e4 2 138 - 0.03 0.21 32292
moore 2e4 2 138 - 3.48 7831.08 11765544
nbpm 2e4 2 138 - 28.43 2582.87 31402188
greedy 2e4 2 138 - 24.00 1220.18 43771040
dry 9e7 2 111 - 0.95 2.74 1787984
aoDLAV 9e7 2 111 - 7.33 538.55 13377684
aoULAV 9e7 2 111 - 9.44 574.33 13377684
aoD2AG 9e7 2 111 - 16.69 803.76 19668420
aoD2SG 9e7 2 111 - 17.76 1157.75 20385716
dry 1e8 2 50 - 1.00 3.01 1983296
aoDLAV 1e8 2 50 - 7.63 597.63 14862068
aoULAV 1e8 2 50 - 10.93 642.02 14862072
aoD2AG 1e8 2 50 - 18.72 931.19 21858164
aoD2SG 1e8 2 50 - 20.31 1089.64 22653752
dry 2e4 2 59 - 0.03 0.12 26828
aoDLAV 2e4 2 59 - 0.04 0.19 30808
aoULAV 2e4 2 59 - 0.04 0.19 30812
aoD2AG 2e4 2 59 - 0.03 0.21 32284
aoD2SG 2e4 2 59 - 0.04 0.22 32296
moore 2e4 2 59 - 3.57 7457.05 11765556
nbpm 2e4 2 59 - 30.95 2681.68 31402196
greedy 2e4 2 59 - 24.22 1295.27 43771040
dry 2e4 5 9 - 0.02 0.12 27776
aoDLAV 2e4 5 9 - 0.03 0.28 32760
aoULAV 2e4 5 9 - 0.02 0.30 32768
aoD2AG 2e4 5 9 - 0.03 0.32 33348
aoD2SG 2e4 5 9 - 0.03 0.34 32860
moore 2e4 5 9 - 3.49 6012.91 11768084
nbpm 2e4 5 9 - 28.96 4874.02 34200500
greedy 2e4 5 9 - 23.60 1325.85 43774004
dry 1e8 5 111 - 2.29 6.21 4327052
aoDLAV 1e8 5 111 - 11.54 2677.49 23065204
aoULAV 1e8 5 111 - 16.90 2759.24 23065204
aoD2AG 1e8 5 111 - 26.99 3486.79 30452220
aoD2SG 1e8 5 111 - 27.33 3538.13 31309376
dry 2e4 5 156 - 0.03 0.11 27776
aoDLAV 2e4 5 156 - 0.03 0.28 32756
aoULAV 2e4 5 156 - 0.04 0.28 32812
aoD2AG 2e4 5 156 - 0.04 0.30 33340
aoD2SG 2e4 5 156 - 0.03 0.34 32880
moore 2e4 5 156 - 3.58 8438.94 11768080
nbpm 2e4 5 156 - 28.81 4638.58 34200496
greedy 2e4 5 156 - 23.68 1355.38 43774004
dry 1e8 5 73 - 2.49 6.35 4327052
aoDLAV 1e8 5 73 - 12.26 2683.49 23065208
aoULAV 1e8 5 73 - 17.03 2702.03 23065204
aoD2AG 1e8 5 73 - 26.12 4059.25 30456636
aoD2SG 1e8 5 73 - 27.99 3585.66 31308300
dry 175e2 2 188 - 0.02 0.12 26732
aoDLAV 175e2 2 188 - 0.03 0.20 30716
aoULAV 175e2 2 188 - 0.03 0.19 30716
aoD2AG 175e2 2 188 - 0.03 0.21 31756
aoD2SG 175e2 2 188 - 0.03 0.21 31756
moore 175e2 2 188 - 2.73 4221.67 9014032
nbpm 175e2 2 188 - 21.50 1861.58 22863144
greedy 175e2 2 188 - 18.09 1219.42 33516980
dry 2e4 5 244 - 0.03 0.11 27780
aoDLAV 2e4 5 244 - 0.03 0.28 32756
aoULAV 2e4 5 244 - 0.03 0.29 32772
aoD2AG 2e4 5 244 - 0.03 0.33 33340
aoD2SG 2e4 5 244 - 0.04 0.32 32864
moore 2e4 5 244 - 3.45 6752.81 11768080
nbpm 2e4 5 244 - 28.78 5066.82 34200504
greedy 2e4 5 244 - 23.40 1224.04 43774004
dry 9e7 2 36 - 0.94 2.72 1787984
aoDLAV 9e7 2 36 - 7.13 512.17 13377684
aoULAV 9e7 2 36 - 9.39 551.10 13377684
aoD2AG 9e7 2 36 - 16.94 782.71 19671820
aoD2SG 9e7 2 36 - 17.36 974.21 20389288
dry 9e7 2 88 - 0.95 2.77 1787988
aoDLAV 9e7 2 88 - 7.34 537.58 13377684
aoULAV 9e7 2 88 - 9.81 752.41 13377744
aoD2AG 9e7 2 88 - 17.89 834.70 19674524
aoD2SG 9e7 2 88 - 18.54 998.30 20389204
dry 175e2 2 45 - 0.02 0.12 26732
aoDLAV 175e2 2 45 - 0.03 0.18 30720
aoULAV 175e2 2 45 - 0.02 0.19 30716
aoD2AG 175e2 2 45 - 0.03 0.20 31756
aoD2SG 175e2 2 45 - 0.03 0.22 31760
moore 175e2 2 45 - 2.86 4732.76 9014032
nbpm 175e2 2 45 - 25.04 1785.92 22863188
greedy 175e2 2 45 - 18.45 948.75 33516976
dry 175e2 2 193 - 0.03 0.11 28664
aoDLAV 175e2 2 193 - 0.03 0.19 30716
aoULAV 175e2 2 193 - 0.03 0.19 30720
aoD2AG 175e2 2 193 - 0.03 0.20 31752
aoD2SG 175e2 2 193 - 0.03 0.20 31760
moore 175e2 2 193 - 2.73 4723.89 9014028
nbpm 175e2 2 193 - 21.72 1850.75 22863140
greedy 175e2 2 193 - 19.05 1212.36 33516980
dry 8e7 2 224 - 0.84 2.44 1592676
aoDLAV 8e7 2 224 - 6.35 459.72 11893328
aoULAV 8e7 2 224 - 8.43 491.46 11893324
aoD2AG 8e7 2 224 - 15.15 695.88 17488792
aoD2SG 8e7 2 224 - 16.51 828.86 18125936
dry 9e7 2 232 - 0.90 2.70 1787984
aoDLAV 9e7 2 232 - 7.08 521.02 13377684
aoULAV 9e7 2 232 - 8.93 540.68 13377684
aoD2AG 9e7 2 232 - 16.62 766.97 19670136
aoD2SG 9e7 2 232 - 17.20 915.63 20388772
dry 1e8 5 128 - 2.23 6.15 4327056
aoDLAV 1e8 5 128 - 10.85 2597.45 23065204
aoULAV 1e8 5 128 - 16.13 3332.69 23065204
aoD2AG 1e8 5 128 - 25.66 2886.88 30455616
aoD2SG 1e8 5 128 - 28.06 3418.71 31313016
