dry 18e3 2 48 - 0.02 0.11 28700
aoDLAV 18e3 2 48 - 0.02 0.18 30740
aoULAV 18e3 2 48 - 0.03 0.16 30740
aoD2AG 18e3 2 48 - 0.03 0.18 31808
aoD2SG 18e3 2 48 - 0.03 0.20 31808
moore 18e3 2 48 - 2.89 4469.23 9534976
nbpm 18e3 2 48 - 23.26 2125.14 25451060
greedy 18e3 2 48 - 18.99 976.38 35458364
dry 9e7 2 84 - 0.97 2.74 1787984
aoDLAV 9e7 2 84 - 7.24 525.85 13377684
aoULAV 9e7 2 84 - 9.67 562.35 13377684
aoD2AG 9e7 2 84 - 16.82 784.24 19672716
aoD2SG 9e7 2 84 - 18.29 911.08 20388140
dry 9e7 2 29 - 0.91 2.72 1787984
aoDLAV 9e7 2 29 - 6.67 530.47 13377688
aoULAV 9e7 2 29 - 9.50 552.02 13377684
aoD2AG 9e7 2 29 - 17.48 787.72 19670764
aoD2SG 9e7 2 29 - 17.56 935.23 20389796
dry 2e4 10 230 - 0.02 0.12 31020
aoDLAV 2e4 10 230 - 0.04 1.68 34836
aoULAV 2e4 10 230 - 0.04 1.57 34852
aoD2AG 2e4 10 230 - 0.04 1.63 36076
aoD2SG 2e4 10 230 - 0.04 1.79 36076
moore 2e4 10 230 - 3.48 6564.84 11770836
nbpm 2e4 10 230 - 29.18 5268.42 30880036
greedy 2e4 10 230 - 24.94 1257.25 43775820
dry 150e2 2 51 - 0.03 0.12 26628
aoDLAV 150e2 2 51 - 0.03 0.19 30824
aoULAV 150e2 2 51 - 0.03 0.18 30828
aoD2AG 150e2 2 51 - 0.04 0.19 31612
aoD2SG 150e2 2 51 - 0.04 0.19 31612
moore 150e2 2 51 - 2.13 2787.68 6629356
nbpm 150e2 2 51 - 14.70 1134.21 16814176
greedy 150e2 2 51 - 13.23 663.86 24630024
dry 8e7 2 101 - 0.80 2.43 1592676
aoDLAV 8e7 2 101 - 6.10 456.55 11893324
aoULAV 8e7 2 101 - 8.08 485.77 11893324
aoD2AG 8e7 2 101 - 14.62 685.43 17489152
aoD2SG 8e7 2 101 - 15.37 819.04 18121288
dry 175e2 2 102 - 0.03 0.11 26732
aoDLAV 175e2 2 102 - 0.03 0.18 30716
aoULAV 175e2 2 102 - 0.02 0.19 30716
aoD2AG 175e2 2 102 - 0.03 0.20 31752
aoD2SG 175e2 2 102 - 0.03 0.21 31760
moore 175e2 2 102 - 2.75 4655.37 9014032
nbpm 175e2 2 102 - 21.19 1783.37 22863144
greedy 175e2 2 102 - 19.13 958.62 33516976
dry 9e7 2 61 - 1.01 2.74 1787988
aoDLAV 9e7 2 61 - 7.61 516.14 13377684
aoULAV 9e7 2 61 - 9.31 546.72 13377684
aoD2AG 9e7 2 61 - 16.94 777.59 19669648
aoD2SG 9e7 2 61 - 17.52 959.92 20388012
dry 18e3 2 39 - 0.02 0.12 26752
aoDLAV 18e3 2 39 - 0.04 0.18 30744
aoULAV 18e3 2 39 - 0.03 0.19 30744
aoD2AG 18e3 2 39 - 0.02 0.22 31804
aoD2SG 18e3 2 39 - 0.03 0.21 31808
moore 18e3 2 39 - 2.91 4522.91 9534980
nbpm 18e3 2 39 - 23.56 2375.78 25451056
greedy 18e3 2 39 - 21.73 1018.35 35458364
dry 1e8 2 104 - 1.21 3.01 1983296
aoDLAV 1e8 2 104 - 8.37 608.95 14862068
aoULAV 1e8 2 104 - 10.31 661.04 14862068
aoD2AG 1e8 2 104 - 19.44 912.87 21854812
aoD2SG 1e8 2 104 - 21.15 1068.95 22653792
dry 125e2 2 115 - 0.02 0.12 26532
aoDLAV 125e2 2 115 - 0.03 0.18 30708
aoULAV 125e2 2 115 - 0.04 0.16 30712
aoD2AG 125e2 2 115 - 0.03 0.18 31376
aoD2SG 125e2 2 115 - 0.03 0.20 31376
moore 125e2 2 115 - 1.60 1778.37 4611548
nbpm 125e2 2 115 - 11.71 688.58 12302332
greedy 125e2 2 115 - 9.77 450.44 17109964
dry 175e2 2 68 - 0.02 0.12 26736
aoDLAV 175e2 2 68 - 0.03 0.18 30716
aoULAV 175e2 2 68 - 0.03 0.19 30716
aoD2AG 175e2 2 68 - 0.02 0.21 31756
aoD2SG 175e2 2 68 - 0.03 0.21 31764
moore 175e2 2 68 - 2.77 4511.35 9014024
nbpm 175e2 2 68 - 21.32 1803.25 22863136
greedy 175e2 2 68 - 17.78 917.37 33516976
dry 2e4 2 112 - 0.03 0.11 26828
aoDLAV 2e4 2 112 - 0.03 0.19 30808
aoULAV 2e4 2 112 - 0.03 0.19 30808
aoD2AG 2e4 2 112 - 0.03 0.20 32288
aoD2SG 2e4 2 112 - 0.03 0.21 32292
moore 2e4 2 112 - 3.49 7906.98 11765552
nbpm 2e4 2 112 - 29.43 2767.07 31402196
greedy 2e4 2 112 - 25.17 1194.55 43771044
dry 125e2 2 159 - 0.03 0.12 26532
aoDLAV 125e2 2 159 - 0.03 0.17 30708
aoULAV 125e2 2 159 - 0.03 0.17 30708
aoD2AG 125e2 2 159 - 0.03 0.18 31380
aoD2SG 125e2 2 159 - 0.04 0.18 31376
moore 125e2 2 159 - 1.51 1530.47 4611540
nbpm 125e2 2 159 - 11.31 658.44 12302324
greedy 125e2 2 159 - 9.61 450.72 17109964
dry 2e4 10 185 - 0.03 0.12 30856
aoDLAV 2e4 10 185 - 0.04 1.87 34836
aoULAV 2e4 10 185 - 0.04 1.83 34852
aoD2AG 2e4 10 185 - 0.03 1.92 36076
aoD2SG 2e4 10 185 - 0.04 2.08 36076
moore 2e4 10 185 - 3.64 8542.84 11770836
nbpm 2e4 10 185 - 29.22 5518.18 30880044
greedy 2e4 10 185 - 24.77 1328.04 43775820
dry 8e7 2 120 - 0.92 2.45 1592676
aoDLAV 8e7 2 120 - 7.70 475.61 11893324
aoULAV 8e7 2 120 - 8.16 498.10 11893324
aoD2AG 8e7 2 120 - 14.55 695.02 17488252
aoD2SG 8e7 2 120 - 15.49 822.32 18126876
dry 8e7 2 93 - 0.78 2.43 1592676
aoDLAV 8e7 2 93 - 6.30 465.87 11893328
aoULAV 8e7 2 93 - 8.13 496.02 11893348
aoD2AG 8e7 2 93 - 14.80 697.49 17486824
aoD2SG 8e7 2 93 - 15.62 811.54 18124324
dry 1e8 5 146 - 2.17 6.11 4327052
aoDLAV 1e8 5 146 - 11.61 3664.35 23065208
aoULAV 1e8 5 146 - 16.99 2621.82 23065204
aoD2AG 1e8 5 146 - 25.99 2875.74 30458580
aoD2SG 1e8 5 146 - 27.23 3670.72 31309384
dry 150e2 2 190 - 0.02 0.12 26628
aoDLAV 150e2 2 190 - 0.03 0.18 30824
aoULAV 150e2 2 190 - 0.03 0.18 30828
aoD2AG 150e2 2 190 - 0.03 0.19 31636
aoD2SG 150e2 2 190 - 0.03 0.20 31612
moore 150e2 2 190 - 2.09 3201.30 6629352
nbpm 150e2 2 190 - 15.28 2182.67 16814172
greedy 150e2 2 190 - 13.42 683.11 24630024
dry 1e8 5 32 - 2.20 6.22 4327056
aoDLAV 1e8 5 32 - 11.14 2663.81 23065204
aoULAV 1e8 5 32 - 16.43 3670.89 23065204
aoD2AG 1e8 5 32 - 25.43 2874.92 30454904
aoD2SG 1e8 5 32 - 27.34 3515.30 31307244
dry 1e8 5 202 - 2.18 6.27 4327052
aoDLAV 1e8 5 202 - 10.96 3603.34 23065204
aoULAV 1e8 5 202 - 15.93 2681.02 23065204
aoD2AG 1e8 5 202 - 27.09 2981.23 30451992
aoD2SG 1e8 5 202 - 28.15 3459.60 31306636
dry 8e7 2 92 - 0.85 2.46 1592676
aoDLAV 8e7 2 92 - 6.31 448.67 11893328
aoULAV 8e7 2 92 - 8.11 468.56 11893324
aoD2AG 8e7 2 92 - 15.07 680.86 17489060
aoD2SG 8e7 2 92 - 15.92 816.47 18127236
dry 2e4 10 31 - 0.03 0.12 29364
aoDLAV 2e4 10 31 - 0.04 1.63 34836
aoULAV 2e4 10 31 - 0.04 1.61 34848
aoD2AG 2e4 10 31 - 0.04 1.67 36076
aoD2SG 2e4 10 31 - 0.03 1.93 36080
moore 2e4 10 31 - 3.49 8538.28 11770836
nbpm 2e4 10 31 - 28.28 5760.20 30880040
greedy 2e4 10 31 - 25.50 1322.32 43775820
dry 18e3 2 185 - 0.03 0.12 26748
aoDLAV 18e3 2 185 - 0.03 0.19 30744
aoULAV 18e3 2 185 - 0.03 0.19 30740
aoD2AG 18e3 2 185 - 0.03 0.20 31808
aoD2SG 18e3 2 185 - 0.03 0.21 31812
moore 18e3 2 185 - 2.86 5093.49 9534976
nbpm 18e3 2 185 - 24.35 2079.32 25451060
greedy 18e3 2 185 - 20.77 1017.97 35458364
dry 1e8 2 47 - 0.98 2.99 1983296
aoDLAV 1e8 2 47 - 7.59 593.10 14862072
aoULAV 1e8 2 47 - 9.83 624.35 14862072
aoD2AG 1e8 2 47 - 20.95 923.52 21855728
aoD2SG 1e8 2 47 - 20.88 1343.68 22651472
dry 2e4 2 167 - 0.02 0.12 26828
aoDLAV 2e4 2 167 - 0.03 0.18 30808
aoULAV 2e4 2 167 - 0.04 0.18 30808
aoD2AG 2e4 2 167 - 0.03 0.20 32284
aoD2SG 2e4 2 167 - 0.03 0.21 32296
moore 2e4 2 167 - 3.47 6288.05 11765544
nbpm 2e4 2 167 - 35.43 2970.78 31402192
greedy 2e4 2 167 - 23.19 1189.67 43771044
dry 125e2 2 41 - 0.02 0.12 26532
aoDLAV 125e2 2 41 - 0.02 0.18 30708
aoULAV 125e2 2 41 - 0.03 0.17 30708
aoD2AG 125e2 2 41 - 0.04 0.17 31376
aoD2SG 125e2 2 41 - 0.03 0.19 31376
moore 125e2 2 41 - 1.52 1886.16 4611540
nbpm 125e2 2 41 - 11.56 679.24 12302324
greedy 125e2 2 41 - 9.37 453.96 17109964
dry 2e4 10 186 - 0.03 0.12 31816
aoDLAV 2e4 10 186 - 0.03 1.94 34836
aoULAV 2e4 10 186 - 0.05 2.27 34848
aoD2AG 2e4 10 186 - 0.04 1.96 36076
aoD2SG 2e4 10 186 - 0.04 2.64 36076
moore 2e4 10 186 - 3.34 6567.39 11770836
nbpm 2e4 10 186 - 29.78 5612.49 30880036
greedy 2e4 10 186 - 22.41 1113.57 43775820
