dry 8e7 2 117 - 0.87 2.46 1592676
aoDLAV 8e7 2 117 - 6.32 466.66 11893328
aoULAV 8e7 2 117 - 8.45 501.59 11893324
aoD2AG 8e7 2 117 - 14.59 743.44 17486936
aoD2SG 8e7 2 117 - 16.03 837.10 18124128
dry 1e8 2 59 - 1.07 3.04 1983300
aoDLAV 1e8 2 59 - 7.80 613.63 14862068
aoULAV 1e8 2 59 - 10.50 667.84 14862072
aoD2AG 1e8 2 59 - 18.69 931.47 21854040
aoD2SG 1e8 2 59 - 19.90 1100.99 22652416
dry 1e8 5 207 - 2.22 6.16 4327052
aoDLAV 1e8 5 207 - 11.12 2626.46 23065204
aoULAV 1e8 5 207 - 15.95 2569.75 23065204
aoD2AG 1e8 5 207 - 25.95 2862.49 30452696
aoD2SG 1e8 5 207 - 28.82 3620.65 31305416
dry 9e7 2 87 - 0.99 2.72 1787988
aoDLAV 9e7 2 87 - 7.22 538.51 13377684
aoULAV 9e7 2 87 - 9.32 576.35 13377684
aoD2AG 9e7 2 87 - 16.77 786.90 19674864
aoD2SG 9e7 2 87 - 17.79 935.79 20390732
dry 2e4 2 75 - 0.02 0.12 28660
aoDLAV 2e4 2 75 - 0.02 0.20 30808
aoULAV 2e4 2 75 - 0.03 0.20 30808
aoD2AG 2e4 2 75 - 0.03 0.21 32284
aoD2SG 2e4 2 75 - 0.03 0.22 32292
moore 2e4 2 75 - 3.52 6989.80 11765552
nbpm 2e4 2 75 - 29.19 2749.58 31402200
greedy 2e4 2 75 - 25.93 1242.08 43771040
dry 125e2 2 95 - 0.03 0.12 26532
aoDLAV 125e2 2 95 - 0.02 0.18 30712
aoULAV 125e2 2 95 - 0.03 0.17 30708
aoD2AG 125e2 2 95 - 0.02 0.19 31376
aoD2SG 125e2 2 95 - 0.03 0.19 31380
moore 125e2 2 95 - 1.64 2150.21 4611544
nbpm 125e2 2 95 - 11.47 655.43 12302320
greedy 125e2 2 95 - 8.85 447.75 17109964
dry 1e8 2 174 - 1.03 3.00 1983296
aoDLAV 1e8 2 174 - 7.84 588.87 14862072
aoULAV 1e8 2 174 - 10.04 807.15 14862120
aoD2AG 1e8 2 174 - 18.55 1020.22 21856160
aoD2SG 1e8 2 174 - 20.23 1075.60 22654712
dry 9e7 2 41 - 0.97 2.73 1787988
aoDLAV 9e7 2 41 - 7.39 527.33 13377684
aoULAV 9e7 2 41 - 9.87 549.81 13377684
aoD2AG 9e7 2 41 - 17.41 806.25 19671308
aoD2SG 9e7 2 41 - 18.01 943.01 20388868
dry 2e4 10 244 - 0.03 0.12 29364
aoDLAV 2e4 10 244 - 0.03 1.90 34836
aoULAV 2e4 10 244 - 0.03 1.81 34848
aoD2AG 2e4 10 244 - 0.04 1.85 36076
aoD2SG 2e4 10 244 - 0.04 2.10 36080
moore 2e4 10 244 - 3.39 6962.02 11770836
nbpm 2e4 10 244 - 29.22 5340.65 30880036
greedy 2e4 10 244 - 24.98 1518.85 43775820
dry 150e2 2 244 - 0.03 0.12 26628
aoDLAV 150e2 2 244 - 0.03 0.18 30824
aoULAV 150e2 2 244 - 0.04 0.18 30824
aoD2AG 150e2 2 244 - 0.04 0.19 31608
aoD2SG 150e2 2 244 - 0.02 0.21 31608
moore 150e2 2 244 - 2.09 2921.69 6629348
nbpm 150e2 2 244 - 14.78 1439.23 16814168
greedy 150e2 2 244 - 13.19 694.66 24630028
dry 2e4 10 118 - 0.03 0.12 30612
aoDLAV 2e4 10 118 - 0.04 1.81 34836
aoULAV 2e4 10 118 - 0.03 1.87 34848
aoD2AG 2e4 10 118 - 0.05 1.88 36076
aoD2SG 2e4 10 118 - 0.04 2.11 36076
moore 2e4 10 118 - 3.43 8282.00 11770836
nbpm 2e4 10 118 - 29.43 5591.45 30880080
greedy 2e4 10 118 - 24.41 1267.40 43775824
dry 150e2 2 21 - 0.03 0.11 26628
aoDLAV 150e2 2 21 - 0.03 0.18 30824
aoULAV 150e2 2 21 - 0.03 0.18 30824
aoD2AG 150e2 2 21 - 0.03 0.19 31608
aoD2SG 150e2 2 21 - 0.04 0.19 31608
moore 150e2 2 21 - 2.11 2643.12 6629348
nbpm 150e2 2 21 - 15.04 1104.69 16814168
greedy 150e2 2 21 - 13.23 707.31 24630028
dry 18e3 2 116 - 0.02 0.12 26748
aoDLAV 18e3 2 116 - 0.03 0.18 30740
aoULAV 18e3 2 116 - 0.03 0.19 30740
aoD2AG 18e3 2 116 - 0.03 0.20 31804
aoD2SG 18e3 2 116 - 0.03 0.20 31816
moore 18e3 2 116 - 2.98 4984.78 9534988
nbpm 18e3 2 116 - 24.60 1973.97 25451068
greedy 18e3 2 116 - 18.97 1023.24 35458380
dry 175e2 2 81 - 0.02 0.12 26736
aoDLAV 175e2 2 81 - 0.02 0.18 30720
aoULAV 175e2 2 81 - 0.02 0.18 30720
aoD2AG 175e2 2 81 - 0.03 0.19 31756
aoD2SG 175e2 2 81 - 0.02 0.20 31760
moore 175e2 2 81 - 2.69 4568.54 9014024
nbpm 175e2 2 81 - 21.45 1785.28 22863180
greedy 175e2 2 81 - 18.55 998.87 33516980
dry 150e2 2 152 - 0.03 0.11 26628
aoDLAV 150e2 2 152 - 0.03 0.17 30828
aoULAV 150e2 2 152 - 0.03 0.18 30824
aoD2AG 150e2 2 152 - 0.04 0.19 31612
aoD2SG 150e2 2 152 - 0.03 0.20 31612
moore 150e2 2 152 - 2.21 3115.88 6629348
nbpm 150e2 2 152 - 14.63 1164.93 16814172
greedy 150e2 2 152 - 13.41 686.19 24630028
dry 2e4 2 125 - 0.03 0.11 26828
aoDLAV 2e4 2 125 - 0.03 0.19 30812
aoULAV 2e4 2 125 - 0.03 0.19 30808
aoD2AG 2e4 2 125 - 0.03 0.20 32284
aoD2SG 2e4 2 125 - 0.03 0.21 32288
moore 2e4 2 125 - 3.54 7035.39 11765544
nbpm 2e4 2 125 - 28.78 2672.77 31402188
greedy 2e4 2 125 - 23.68 1227.65 43771044
dry 150e2 2 246 - 0.03 0.12 28532
aoDLAV 150e2 2 246 - 0.03 0.18 30828
aoULAV 150e2 2 246 - 0.03 0.18 30824
aoD2AG 150e2 2 246 - 0.03 0.20 31608
aoD2SG 150e2 2 246 - 0.03 0.20 31608
moore 150e2 2 246 - 2.20 3048.36 6629352
nbpm 150e2 2 246 - 15.13 1125.43 16814176
greedy 150e2 2 246 - 14.25 684.17 24630028
dry 175e2 2 5 - 0.02 0.12 26732
aoDLAV 175e2 2 5 - 0.03 0.18 30716
aoULAV 175e2 2 5 - 0.04 0.17 30716
aoD2AG 175e2 2 5 - 0.03 0.20 31756
aoD2SG 175e2 2 5 - 0.03 0.21 31760
moore 175e2 2 5 - 2.72 4168.69 9014024
nbpm 175e2 2 5 - 21.57 1838.68 22863136
greedy 175e2 2 5 - 20.62 1008.38 33516980
dry 9e7 2 134 - 1.03 2.72 1787984
aoDLAV 9e7 2 134 - 7.62 539.04 13377688
aoULAV 9e7 2 134 - 9.63 563.46 13377684
aoD2AG 9e7 2 134 - 17.15 800.60 19671364
aoD2SG 9e7 2 134 - 18.17 1197.44 20387432
dry 2e4 5 58 - 0.02 0.12 27780
aoDLAV 2e4 5 58 - 0.04 0.29 32756
aoULAV 2e4 5 58 - 0.03 0.30 32768
aoD2AG 2e4 5 58 - 0.04 0.33 33344
aoD2SG 2e4 5 58 - 0.03 0.35 32864
moore 2e4 5 58 - 3.57 6902.49 11768100
nbpm 2e4 5 58 - 28.53 5413.42 34200496
greedy 2e4 5 58 - 24.16 1264.13 43774004
dry 18e3 2 235 - 0.03 0.12 26748
aoDLAV 18e3 2 235 - 0.03 0.19 30740
aoULAV 18e3 2 235 - 0.04 0.18 30740
aoD2AG 18e3 2 235 - 0.03 0.20 31808
aoD2SG 18e3 2 235 - 0.03 0.21 31812
moore 18e3 2 235 - 2.87 5027.17 9534988
nbpm 18e3 2 235 - 24.27 1914.12 25451068
greedy 18e3 2 235 - 20.40 1048.33 35458368
dry 1e8 5 209 - 2.33 6.34 4327052
aoDLAV 1e8 5 209 - 11.50 2646.73 23065204
aoULAV 1e8 5 209 - 16.08 2645.02 23065252
aoD2AG 1e8 5 209 - 25.32 2930.97 30457072
aoD2SG 1e8 5 209 - 27.50 3503.44 31309064
dry 175e2 2 18 - 0.02 0.12 26732
aoDLAV 175e2 2 18 - 0.02 0.19 30716
aoULAV 175e2 2 18 - 0.03 0.18 30720
aoD2AG 175e2 2 18 - 0.03 0.20 31752
aoD2SG 175e2 2 18 - 0.02 0.21 31764
moore 175e2 2 18 - 2.73 4035.76 9014020
nbpm 175e2 2 18 - 21.22 1886.13 22863136
greedy 175e2 2 18 - 19.63 965.64 33516976
dry 1e8 2 75 - 1.09 2.96 1983296
aoDLAV 1e8 2 75 - 8.10 579.42 14862068
aoULAV 1e8 2 75 - 10.34 625.19 14862068
aoD2AG 1e8 2 75 - 19.49 865.94 21852816
aoD2SG 1e8 2 75 - 21.70 1055.53 22653360
dry 1e8 5 194 - 4.73 6.22 4327052
aoDLAV 1e8 5 194 - 14.53 2588.57 23065208
aoULAV 1e8 5 194 - 16.57 2624.05 23065208
aoD2AG 1e8 5 194 - 25.72 2929.09 30457752
aoD2SG 1e8 5 194 - 27.84 3582.70 31315104
dry 150e2 2 55 - 0.03 0.11 26628
aoDLAV 150e2 2 55 - 0.03 0.17 30828
aoULAV 150e2 2 55 - 0.02 0.19 30824
aoD2AG 150e2 2 55 - 0.03 0.19 31608
aoD2SG 150e2 2 55 - 0.03 0.19 31608
moore 150e2 2 55 - 2.13 3144.57 6629352
nbpm 150e2 2 55 - 14.94 1189.05 16814176
greedy 150e2 2 55 - 13.90 647.99 24630028
dry 8e7 2 21 - 0.81 2.41 1592676
aoDLAV 8e7 2 21 - 6.36 441.68 11893324
aoULAV 8e7 2 21 - 8.36 471.87 11893324
aoD2AG 8e7 2 21 - 15.12 680.19 17486008
aoD2SG 8e7 2 21 - 15.56 833.85 18122936
dry 9e7 2 154 - 0.98 2.69 1787984
aoDLAV 9e7 2 154 - 6.78 529.14 13377688
aoULAV 9e7 2 154 - 9.16 568.33 13377688
aoD2AG 9e7 2 154 - 17.13 890.72 19674392
aoD2SG 9e7 2 154 - 18.15 922.78 20391856
dry 1e8 2 41 - 1.08 3.03 1983296
aoDLAV 1e8 2 41 - 8.42 754.18 14862068
aoULAV 1e8 2 41 - 10.48 627.13 14862068
aoD2AG 1e8 2 41 - 19.17 905.22 21853352
aoD2SG 1e8 2 41 - 20.82 1064.49 22652408
