dry 2e4 10 57 - 0.02 0.10 31816
aoDLAV 2e4 10 57 - 0.03 1.29 34840
aoULAV 2e4 10 57 - 0.02 1.31 34848
aoD2AG 2e4 10 57 - 0.03 1.33 36076
aoD2SG 2e4 10 57 - 0.02 1.53 36076
moore 2e4 10 57 - 3.42 6325.14 11770836
nbpm 2e4 10 57 - 28.14 8243.68 30880040
greedy 2e4 10 57 - 24.58 1292.28 43775824
dry 2e4 5 204 - 0.02 0.13 31012
aoDLAV 2e4 5 204 - 0.04 0.29 32756
aoULAV 2e4 5 204 - 0.03 0.28 32772
aoD2AG 2e4 5 204 - 0.03 0.32 33344
aoD2SG 2e4 5 204 - 0.04 0.34 32860
moore 2e4 5 204 - 3.50 7225.80 11768080
nbpm 2e4 5 204 - 29.18 4791.58 34200496
greedy 2e4 5 204 - 24.20 1314.96 43774004
dry 18e3 2 68 - 0.03 0.12 26748
aoDLAV 18e3 2 68 - 0.03 0.19 30740
aoULAV 18e3 2 68 - 0.03 0.19 30744
aoD2AG 18e3 2 68 - 0.03 0.21 31808
aoD2SG 18e3 2 68 - 0.03 0.21 31812
moore 18e3 2 68 - 2.80 5243.55 9534988
nbpm 18e3 2 68 - 23.67 1873.02 25451068
greedy 18e3 2 68 - 19.74 1041.26 35458368
dry 2e4 2 204 - 0.03 0.11 26828
aoDLAV 2e4 2 204 - 0.03 0.19 30808
aoULAV 2e4 2 204 - 0.03 0.19 30808
aoD2AG 2e4 2 204 - 0.03 0.20 32288
aoD2SG 2e4 2 204 - 0.03 0.21 32288
moore 2e4 2 204 - 3.55 7332.97 11765556
nbpm 2e4 2 204 - 29.20 2762.20 31402196
greedy 2e4 2 204 - 23.29 1241.67 43771040
dry 1e8 5 93 - 2.27 6.24 4327056
aoDLAV 1e8 5 93 - 11.10 2633.32 23065204
aoULAV 1e8 5 93 - 16.50 2672.24 23065204
aoD2AG 1e8 5 93 - 26.63 2909.85 30455488
aoD2SG 1e8 5 93 - 28.21 3526.87 31309328
dry 2e4 5 134 - 0.03 0.12 27776
aoDLAV 2e4 5 134 - 0.04 0.28 32756
aoULAV 2e4 5 134 - 0.03 0.29 32768
aoD2AG 2e4 5 134 - 0.03 0.33 33344
aoD2SG 2e4 5 134 - 0.03 0.36 32860
moore 2e4 5 134 - 3.57 8514.08 11768076
nbpm 2e4 5 134 - 28.88 4680.66 34200488
greedy 2e4 5 134 - 23.56 1353.66 43774004
dry 1e8 2 124 - 1.05 3.00 1983296
aoDLAV 1e8 2 124 - 7.73 577.74 14862072
aoULAV 1e8 2 124 - 10.54 619.47 14862072
aoD2AG 1e8 2 124 - 18.99 888.10 21856920
aoD2SG 1e8 2 124 - 20.87 1305.72 22654436
dry 1e8 5 223 - 2.23 6.22 4327056
aoDLAV 1e8 5 223 - 11.26 2637.49 23065204
aoULAV 1e8 5 223 - 16.37 2615.46 23065204
aoD2AG 1e8 5 223 - 27.26 3003.52 30456424
aoD2SG 1e8 5 223 - 28.55 3531.05 31309864
dry 150e2 2 141 - 0.02 0.12 26628
aoDLAV 150e2 2 141 - 0.03 0.18 30824
aoULAV 150e2 2 141 - 0.04 0.17 30828
aoD2AG 150e2 2 141 - 0.04 0.18 31608
aoD2SG 150e2 2 141 - 0.04 0.19 31608
moore 150e2 2 141 - 2.14 2559.96 6629352
nbpm 150e2 2 141 - 14.35 1291.67 16814176
greedy 150e2 2 141 - 14.45 666.11 24630024
dry 8e7 2 149 - 0.89 2.47 1592680
aoDLAV 8e7 2 149 - 6.63 455.26 11893328
aoULAV 8e7 2 149 - 8.30 478.22 11893324
aoD2AG 8e7 2 149 - 14.53 675.96 17486320
aoD2SG 8e7 2 149 - 16.12 818.91 18124604
dry 2e4 10 228 - 0.03 0.12 30160
aoDLAV 2e4 10 228 - 0.04 1.65 34836
aoULAV 2e4 10 228 - 0.03 1.88 34848
aoD2AG 2e4 10 228 - 0.04 1.99 36076
aoD2SG 2e4 10 228 - 0.03 2.21 36076
moore 2e4 10 228 - 3.38 6997.90 11770832
nbpm 2e4 10 228 - 28.67 5817.54 30880044
greedy 2e4 10 228 - 25.07 1327.25 43775820
dry 9e7 2 228 - 0.99 2.75 1787988
aoDLAV 9e7 2 228 - 7.39 540.10 13377684
aoULAV 9e7 2 228 - 9.77 572.92 13377684
aoD2AG 9e7 2 228 - 17.74 814.42 19672088
aoD2SG 9e7 2 228 - 18.87 941.79 20387128
dry 150e2 2 94 - 0.03 0.12 28508
aoDLAV 150e2 2 94 - 0.03 0.17 30824
aoULAV 150e2 2 94 - 0.03 0.18 30824
aoD2AG 150e2 2 94 - 0.03 0.19 31612
aoD2SG 150e2 2 94 - 0.03 0.19 31612
moore 150e2 2 94 - 2.13 3258.49 6629344
nbpm 150e2 2 94 - 15.24 1135.99 16814172
greedy 150e2 2 94 - 13.47 663.31 24630024
dry 2e4 5 188 - 0.03 0.12 27776
aoDLAV 2e4 5 188 - 0.03 0.29 32760
aoULAV 2e4 5 188 - 0.04 0.28 32768
aoD2AG 2e4 5 188 - 0.03 0.32 33344
aoD2SG 2e4 5 188 - 0.04 0.34 32860
moore 2e4 5 188 - 3.31 7242.90 11768080
nbpm 2e4 5 188 - 28.80 5937.97 34200496
greedy 2e4 5 188 - 24.63 1308.89 43774004
dry 125e2 2 207 - 0.02 0.12 26532
aoDLAV 125e2 2 207 - 0.02 0.18 30708
aoULAV 125e2 2 207 - 0.03 0.18 30708
aoD2AG 125e2 2 207 - 0.04 0.18 31376
aoD2SG 125e2 2 207 - 0.04 0.19 31376
moore 125e2 2 207 - 1.62 2275.98 4611552
nbpm 125e2 2 207 - 11.45 681.20 12302324
greedy 125e2 2 207 - 9.41 447.08 17109964
dry 18e3 2 204 - 0.03 0.11 28592
aoDLAV 18e3 2 204 - 0.04 0.19 30744
aoULAV 18e3 2 204 - 0.03 0.19 30740
aoD2AG 18e3 2 204 - 0.04 0.19 31804
aoD2SG 18e3 2 204 - 0.04 0.20 31812
moore 18e3 2 204 - 2.82 4638.46 9534984
nbpm 18e3 2 204 - 23.64 2003.14 25451064
greedy 18e3 2 204 - 20.04 1014.87 35458368
dry 2e4 10 223 - 0.03 0.12 31316
aoDLAV 2e4 10 223 - 0.04 1.59 34840
aoULAV 2e4 10 223 - 0.04 1.57 34848
aoD2AG 2e4 10 223 - 0.03 1.62 36080
aoD2SG 2e4 10 223 - 0.04 1.83 36076
moore 2e4 10 223 - 3.51 8506.15 11770832
nbpm 2e4 10 223 - 29.25 5524.79 30880036
greedy 2e4 10 223 - 25.89 1369.89 43775820
dry 2e4 10 59 - 0.03 0.12 31324
aoDLAV 2e4 10 59 - 0.03 1.83 34840
aoULAV 2e4 10 59 - 0.04 1.82 34848
aoD2AG 2e4 10 59 - 0.03 1.85 36076
aoD2SG 2e4 10 59 - 0.03 2.10 36076
moore 2e4 10 59 - 3.50 7069.99 11770836
nbpm 2e4 10 59 - 28.57 5405.63 30880036
greedy 2e4 10 59 - 23.53 1335.51 43775820
dry 150e2 2 65 - 0.03 0.12 28424
aoDLAV 150e2 2 65 - 0.04 0.17 30824
aoULAV 150e2 2 65 - 0.04 0.17 30848
aoD2AG 150e2 2 65 - 0.03 0.18 31608
aoD2SG 150e2 2 65 - 0.04 0.19 31608
moore 150e2 2 65 - 2.12 3242.01 6629348
nbpm 150e2 2 65 - 14.97 1179.38 16814164
greedy 150e2 2 65 - 13.87 864.04 24630024
dry 18e3 2 232 - 0.03 0.12 26748
aoDLAV 18e3 2 232 - 0.03 0.19 30744
aoULAV 18e3 2 232 - 0.04 0.18 30740
aoD2AG 18e3 2 232 - 0.03 0.20 31804
aoD2SG 18e3 2 232 - 0.03 0.20 31812
moore 18e3 2 232 - 2.86 4892.41 9534976
nbpm 18e3 2 232 - 23.62 1963.78 25451056
greedy 18e3 2 232 - 20.01 965.73 35458364
dry 9e7 2 95 - 1.00 2.72 1787984
aoDLAV 9e7 2 95 - 7.18 512.32 13377684
aoULAV 9e7 2 95 - 9.44 558.54 13377684
aoD2AG 9e7 2 95 - 16.94 775.79 19671632
aoD2SG 9e7 2 95 - 18.58 1226.39 20390236
dry 8e7 2 17 - 0.89 2.45 1592676
aoDLAV 8e7 2 17 - 6.67 456.96 11893324
aoULAV 8e7 2 17 - 8.57 487.44 11893324
aoD2AG 8e7 2 17 - 15.53 687.49 17486668
aoD2SG 8e7 2 17 - 15.21 815.15 18125524
dry 2e4 10 210 - 0.03 0.12 30500
aoDLAV 2e4 10 210 - 0.04 1.65 34836
aoULAV 2e4 10 210 - 0.04 1.64 34848
aoD2AG 2e4 10 210 - 0.03 1.70 36076
aoD2SG 2e4 10 210 - 0.03 1.89 36076
moore 2e4 10 210 - 3.52 6824.20 11770836
nbpm 2e4 10 210 - 27.76 5560.36 30880040
greedy 2e4 10 210 - 20.35 913.53 43775820
