dry 18e3 2 224 - 0.02 0.11 26748
aoDLAV 18e3 2 224 - 0.02 0.18 30744
aoULAV 18e3 2 224 - 0.02 0.18 30744
aoD2AG 18e3 2 224 - 0.03 0.19 31804
aoD2SG 18e3 2 224 - 0.03 0.20 31812
moore 18e3 2 224 - 2.87 5565.05 9534980
nbpm 18e3 2 224 - 23.92 2259.53 25451056
greedy 18e3 2 224 - 18.86 1029.44 35458364
dry 125e2 2 230 - 0.02 0.11 26532
aoDLAV 125e2 2 230 - 0.03 0.16 30708
aoULAV 125e2 2 230 - 0.03 0.17 30708
aoD2AG 125e2 2 230 - 0.03 0.18 31376
aoD2SG 125e2 2 230 - 0.03 0.19 31380
moore 125e2 2 230 - 1.56 2118.34 4611580
nbpm 125e2 2 230 - 11.51 648.49 12302320
greedy 125e2 2 230 - 9.24 441.00 17109964
dry 125e2 2 241 - 0.03 0.11 26532
aoDLAV 125e2 2 241 - 0.02 0.18 30708
aoULAV 125e2 2 241 - 0.03 0.18 30712
aoD2AG 125e2 2 241 - 0.02 0.19 31376
aoD2SG 125e2 2 241 - 0.02 0.20 31376
moore 125e2 2 241 - 1.53 1652.08 4611544
nbpm 125e2 2 241 - 11.45 1318.29 12302320
greedy 125e2 2 241 - 9.35 452.07 17109964
dry 1e8 5 155 - 2.29 6.19 4327052
aoDLAV 1e8 5 155 - 11.97 2605.92 23065208
aoULAV 1e8 5 155 - 17.15 3580.08 23065204
aoD2AG 1e8 5 155 - 26.21 2909.44 30456996
aoD2SG 1e8 5 155 - 26.95 3541.61 31308048
dry 175e2 2 236 - 0.03 0.11 26736
aoDLAV 175e2 2 236 - 0.02 0.18 30720
aoULAV 175e2 2 236 - 0.03 0.18 30716
aoD2AG 175e2 2 236 - 0.03 0.19 31756
aoD2SG 175e2 2 236 - 0.02 0.20 31764
moore 175e2 2 236 - 2.64 5592.92 9014028
nbpm 175e2 2 236 - 21.12 1895.25 22863144
greedy 175e2 2 236 - 18.65 961.96 33516976
dry 8e7 2 192 - 0.82 2.41 1592676
aoDLAV 8e7 2 192 - 6.25 462.20 11893324
aoULAV 8e7 2 192 - 8.13 606.70 11893328
aoD2AG 8e7 2 192 - 14.96 713.14 17487648
aoD2SG 8e7 2 192 - 16.58 808.69 18125712
dry 175e2 2 152 - 0.02 0.12 26732
aoDLAV 175e2 2 152 - 0.02 0.18 30716
aoULAV 175e2 2 152 - 0.02 0.19 30716
aoD2AG 175e2 2 152 - 0.03 0.19 31756
aoD2SG 175e2 2 152 - 0.03 0.20 31756
moore 175e2 2 152 - 3.06 4913.42 9014024
nbpm 175e2 2 152 - 21.45 1922.00 22863136
greedy 175e2 2 152 - 18.53 1008.73 33516976
dry 2e4 5 141 - 0.03 0.11 29704
aoDLAV 2e4 5 141 - 0.04 0.28 32756
aoULAV 2e4 5 141 - 0.03 0.30 32772
aoD2AG 2e4 5 141 - 0.02 0.33 33344
aoD2SG 2e4 5 141 - 0.04 0.35 32860
moore 2e4 5 141 - 3.47 6756.56 11768080
nbpm 2e4 5 141 - 34.06 5014.90 34200500
greedy 2e4 5 141 - 23.91 1344.04 43774000
dry 125e2 2 215 - 0.02 0.12 26532
aoDLAV 125e2 2 215 - 0.02 0.18 30712
aoULAV 125e2 2 215 - 0.03 0.17 30712
aoD2AG 125e2 2 215 - 0.03 0.18 31380
aoD2SG 125e2 2 215 - 0.04 0.18 31376
moore 125e2 2 215 - 1.68 1767.89 4611544
nbpm 125e2 2 215 - 11.56 674.78 12302320
greedy 125e2 2 215 - 9.70 460.40 17109964
dry 2e4 2 222 - 0.03 0.12 26828
aoDLAV 2e4 2 222 - 0.03 0.20 30812
aoULAV 2e4 2 222 - 0.02 0.21 30808
aoD2AG 2e4 2 222 - 0.04 0.21 32284
aoD2SG 2e4 2 222 - 0.03 0.23 32292
moore 2e4 2 222 - 3.50 8419.19 11765556
nbpm 2e4 2 222 - 28.91 3124.58 31402196
greedy 2e4 2 222 - 22.65 1202.37 43771048
dry 2e4 10 52 - 0.02 0.13 31820
aoDLAV 2e4 10 52 - 0.03 1.65 34836
aoULAV 2e4 10 52 - 0.03 1.63 34848
aoD2AG 2e4 10 52 - 0.04 1.67 36080
aoD2SG 2e4 10 52 - 0.04 1.87 36080
moore 2e4 10 52 - 3.38 6884.09 11770872
nbpm 2e4 10 52 - 29.23 5692.31 30880032
greedy 2e4 10 52 - 24.66 1332.76 43775820
dry 1e8 5 50 - 2.21 6.21 4327052
aoDLAV 1e8 5 50 - 11.01 3174.18 23065204
aoULAV 1e8 5 50 - 16.64 2671.63 23065208
aoD2AG 1e8 5 50 - 26.61 2945.10 30458976
aoD2SG 1e8 5 50 - 27.71 3561.89 31309384
dry 125e2 2 96 - 0.04 0.11 26532
aoDLAV 125e2 2 96 - 0.03 0.18 30708
aoULAV 125e2 2 96 - 0.03 0.18 30712
aoD2AG 125e2 2 96 - 0.03 0.19 31376
aoD2SG 125e2 2 96 - 0.02 0.20 31376
moore 125e2 2 96 - 1.58 1987.66 4611540
nbpm 125e2 2 96 - 11.44 685.84 12302320
greedy 125e2 2 96 - 10.36 472.37 17109964
dry 2e4 2 174 - 0.02 0.12 26828
aoDLAV 2e4 2 174 - 0.03 0.19 30808
aoULAV 2e4 2 174 - 0.02 0.19 30808
aoD2AG 2e4 2 174 - 0.03 0.20 32284
aoD2SG 2e4 2 174 - 0.03 0.21 32292
moore 2e4 2 174 - 3.46 7258.81 11765544
nbpm 2e4 2 174 - 29.29 5064.72 31402188
greedy 2e4 2 174 - 24.25 1169.68 43771040
dry 125e2 2 7 - 0.02 0.12 27956
aoDLAV 125e2 2 7 - 0.03 0.17 30708
aoULAV 125e2 2 7 - 0.03 0.17 30708
aoD2AG 125e2 2 7 - 0.03 0.18 31376
aoD2SG 125e2 2 7 - 0.03 0.19 31376
moore 125e2 2 7 - 1.50 1454.91 4611540
nbpm 125e2 2 7 - 11.32 678.56 12302320
greedy 125e2 2 7 - 9.29 455.74 17109964
dry 2e4 10 196 - 0.02 0.12 30960
aoDLAV 2e4 10 196 - 0.04 1.74 34836
aoULAV 2e4 10 196 - 0.03 1.73 34848
aoD2AG 2e4 10 196 - 0.03 1.82 36076
aoD2SG 2e4 10 196 - 0.03 2.23 36080
moore 2e4 10 196 - 3.52 6135.00 11770836
nbpm 2e4 10 196 - 28.87 5940.87 30880036
greedy 2e4 10 196 - 24.17 1330.12 43775820
dry 125e2 2 142 - 0.02 0.12 26532
aoDLAV 125e2 2 142 - 0.03 0.17 30708
aoULAV 125e2 2 142 - 0.02 0.18 30708
aoD2AG 125e2 2 142 - 0.03 0.18 31376
aoD2SG 125e2 2 142 - 0.03 0.19 31380
moore 125e2 2 142 - 1.53 1604.74 4611540
nbpm 125e2 2 142 - 11.27 760.18 12302320
greedy 125e2 2 142 - 9.64 446.57 17109964
dry 175e2 2 131 - 0.03 0.11 30484
aoDLAV 175e2 2 131 - 0.03 0.19 30716
aoULAV 175e2 2 131 - 0.03 0.18 30716
aoD2AG 175e2 2 131 - 0.03 0.20 31752
aoD2SG 175e2 2 131 - 0.03 0.20 31760
moore 175e2 2 131 - 3.02 5025.58 9014028
nbpm 175e2 2 131 - 21.36 1876.44 22863144
greedy 175e2 2 131 - 18.45 1015.92 33516980
dry 2e4 5 238 - 0.02 0.12 27776
aoDLAV 2e4 5 238 - 0.04 0.29 32756
aoULAV 2e4 5 238 - 0.03 0.29 32768
aoD2AG 2e4 5 238 - 0.03 0.32 33344
aoD2SG 2e4 5 238 - 0.03 0.35 32864
moore 2e4 5 238 - 3.63 8551.24 11768084
nbpm 2e4 5 238 - 28.73 4976.35 34200496
greedy 2e4 5 238 - 24.61 1325.21 43774004
dry 18e3 2 190 - 0.02 0.12 26748
aoDLAV 18e3 2 190 - 0.04 0.18 30740
aoULAV 18e3 2 190 - 0.03 0.18 30740
aoD2AG 18e3 2 190 - 0.04 0.20 31804
aoD2SG 18e3 2 190 - 0.03 0.22 31808
moore 18e3 2 190 - 2.94 4897.88 9534988
nbpm 18e3 2 190 - 24.00 1983.44 25451064
greedy 18e3 2 190 - 20.59 995.46 35458364
dry 2e4 10 116 - 0.03 0.12 30932
aoDLAV 2e4 10 116 - 0.04 1.78 34836
aoULAV 2e4 10 116 - 0.05 1.79 34848
aoD2AG 2e4 10 116 - 0.04 1.86 36076
aoD2SG 2e4 10 116 - 0.04 1.96 36076
moore 2e4 10 116 - 3.47 7802.96 11770836
nbpm 2e4 10 116 - 29.59 5965.59 30880036
greedy 2e4 10 116 - 25.31 1335.27 43775820
dry 125e2 2 106 - 0.02 0.12 26532
aoDLAV 125e2 2 106 - 0.02 0.18 30712
aoULAV 125e2 2 106 - 0.02 0.18 30708
aoD2AG 125e2 2 106 - 0.03 0.18 31380
aoD2SG 125e2 2 106 - 0.02 0.19 31380
moore 125e2 2 106 - 1.63 1530.40 4611552
nbpm 125e2 2 106 - 11.41 659.32 12302360
greedy 125e2 2 106 - 9.84 454.69 17109968
dry 150e2 2 207 - 0.01 0.13 26632
aoDLAV 150e2 2 207 - 0.03 0.17 30824
aoULAV 150e2 2 207 - 0.04 0.17 30824
aoD2AG 150e2 2 207 - 0.03 0.19 31628
aoD2SG 150e2 2 207 - 0.03 0.19 31612
moore 150e2 2 207 - 2.11 3693.64 6629352
nbpm 150e2 2 207 - 14.53 1142.90 16814176
greedy 150e2 2 207 - 13.99 677.02 24630024
dry 2e4 2 15 - 0.02 0.12 26828
aoDLAV 2e4 2 15 - 0.03 0.18 30808
aoULAV 2e4 2 15 - 0.03 0.19 30808
aoD2AG 2e4 2 15 - 0.03 0.20 32284
aoD2SG 2e4 2 15 - 0.03 0.21 32292
moore 2e4 2 15 - 3.44 6006.09 11765548
nbpm 2e4 2 15 - 28.58 2647.53 31402188
greedy 2e4 2 15 - 21.81 1237.50 43771040
