dry 8e7 2 196 - 0.72 2.25 1592676
aoDLAV 8e7 2 196 - 6.09 473.37 11893324
aoULAV 8e7 2 196 - 7.90 521.29 11893324
aoD2AG 8e7 2 196 - 14.61 742.40 17487712
aoD2SG 8e7 2 196 - 16.08 859.24 18127176
dry 150e2 2 110 - 0.03 0.12 26628
aoDLAV 150e2 2 110 - 0.04 0.18 30824
aoULAV 150e2 2 110 - 0.04 0.18 30824
aoD2AG 150e2 2 110 - 0.04 0.19 31608
aoD2SG 150e2 2 110 - 0.03 0.20 31608
moore 150e2 2 110 - 2.26 2966.66 6629344
nbpm 150e2 2 110 - 14.54 1175.26 16814168
greedy 150e2 2 110 - 13.76 659.13 24630024
dry 1e8 5 10 - 2.14 6.13 4327052
aoDLAV 1e8 5 10 - 10.73 2545.11 23065208
aoULAV 1e8 5 10 - 16.53 3616.19 23065208
aoD2AG 1e8 5 10 - 27.11 3023.09 30457752
aoD2SG 1e8 5 10 - 28.52 3572.25 31311764
dry 175e2 2 74 - 0.02 0.12 26736
aoDLAV 175e2 2 74 - 0.03 0.18 30716
aoULAV 175e2 2 74 - 0.02 0.20 30720
aoD2AG 175e2 2 74 - 0.03 0.20 31752
aoD2SG 175e2 2 74 - 0.03 0.20 31760
moore 175e2 2 74 - 2.75 5111.70 9014024
nbpm 175e2 2 74 - 21.28 2114.87 22863140
greedy 175e2 2 74 - 18.10 949.63 33516980
dry 2e4 2 242 - 0.02 0.12 26828
aoDLAV 2e4 2 242 - 0.03 0.19 30808
aoULAV 2e4 2 242 - 0.03 0.18 30808
aoD2AG 2e4 2 242 - 0.04 0.19 32284
aoD2SG 2e4 2 242 - 0.03 0.21 32292
moore 2e4 2 242 - 3.43 7095.59 11765552
nbpm 2e4 2 242 - 28.80 2693.73 31402200
greedy 2e4 2 242 - 24.29 1258.38 43771040
dry 2e4 10 109 - 0.03 0.13 31172
aoDLAV 2e4 10 109 - 0.05 2.26 34836
aoULAV 2e4 10 109 - 0.04 2.20 34852
aoD2AG 2e4 10 109 - 0.03 1.91 36076
aoD2SG 2e4 10 109 - 0.05 2.09 36076
moore 2e4 10 109 - 3.45 6942.30 11770836
nbpm 2e4 10 109 - 28.84 6012.57 30880040
greedy 2e4 10 109 - 24.58 1237.55 43775824
dry 175e2 2 7 - 0.03 0.11 26732
aoDLAV 175e2 2 7 - 0.03 0.19 30720
aoULAV 175e2 2 7 - 0.03 0.19 30716
aoD2AG 175e2 2 7 - 0.04 0.20 31760
aoD2SG 175e2 2 7 - 0.03 0.21 31764
moore 175e2 2 7 - 2.73 5927.20 9014028
nbpm 175e2 2 7 - 21.24 1842.58 22863140
greedy 175e2 2 7 - 18.30 970.03 33516980
dry 125e2 2 133 - 0.02 0.12 26532
aoDLAV 125e2 2 133 - 0.03 0.17 30708
aoULAV 125e2 2 133 - 0.03 0.17 30708
aoD2AG 125e2 2 133 - 0.03 0.18 31380
aoD2SG 125e2 2 133 - 0.04 0.18 31380
moore 125e2 2 133 - 1.51 2133.65 4611548
nbpm 125e2 2 133 - 11.59 736.86 12302328
greedy 125e2 2 133 - 9.32 453.87 17109964
dry 175e2 2 104 - 0.02 0.12 30484
aoDLAV 175e2 2 104 - 0.03 0.18 30716
aoULAV 175e2 2 104 - 0.03 0.19 30716
aoD2AG 175e2 2 104 - 0.03 0.20 31752
aoD2SG 175e2 2 104 - 0.04 0.20 31760
moore 175e2 2 104 - 2.89 5233.29 9014028
nbpm 175e2 2 104 - 21.32 1835.05 22863148
greedy 175e2 2 104 - 19.30 929.32 33516976
dry 125e2 2 213 - 0.03 0.12 26532
aoDLAV 125e2 2 213 - 0.03 0.18 30708
aoULAV 125e2 2 213 - 0.03 0.17 30712
aoD2AG 125e2 2 213 - 0.03 0.18 31380
aoD2SG 125e2 2 213 - 0.03 0.19 31376
moore 125e2 2 213 - 1.55 1803.91 4611540
nbpm 125e2 2 213 - 11.91 759.70 12302324
greedy 125e2 2 213 - 9.36 443.35 17109964
dry 2e4 5 78 - 0.03 0.11 29448
aoDLAV 2e4 5 78 - 0.04 0.29 32756
aoULAV 2e4 5 78 - 0.03 0.30 32772
aoD2AG 2e4 5 78 - 0.04 0.33 33348
aoD2SG 2e4 5 78 - 0.03 0.35 32860
moore 2e4 5 78 - 3.63 6293.13 11768080
nbpm 2e4 5 78 - 28.58 4641.05 34200492
greedy 2e4 5 78 - 22.86 1309.24 43774004
dry 1e8 5 7 - 2.22 6.21 4327052
aoDLAV 1e8 5 7 - 10.99 2617.04 23065208
aoULAV 1e8 5 7 - 16.09 2650.76 23065204
aoD2AG 1e8 5 7 - 25.87 2919.26 30458656
aoD2SG 1e8 5 7 - 27.71 3618.49 31315212
dry 18e3 2 127 - 0.03 0.11 26752
aoDLAV 18e3 2 127 - 0.03 0.18 30740
aoULAV 18e3 2 127 - 0.02 0.19 30740
aoD2AG 18e3 2 127 - 0.03 0.20 31808
aoD2SG 18e3 2 127 - 0.03 0.21 31812
moore 18e3 2 127 - 2.89 5230.91 9534984
nbpm 18e3 2 127 - 23.31 1962.49 25451064
greedy 18e3 2 127 - 20.12 1098.17 35458364
dry 8e7 2 49 - 0.93 2.45 1592676
aoDLAV 8e7 2 49 - 6.41 453.48 11893324
aoULAV 8e7 2 49 - 8.11 568.07 11893328
aoD2AG 8e7 2 49 - 15.02 682.03 17487832
aoD2SG 8e7 2 49 - 15.81 799.57 18126840
dry 2e4 2 194 - 0.03 0.12 26828
aoDLAV 2e4 2 194 - 0.03 0.18 30808
aoULAV 2e4 2 194 - 0.03 0.19 30808
aoD2AG 2e4 2 194 - 0.02 0.21 32284
aoD2SG 2e4 2 194 - 0.03 0.21 32292
moore 2e4 2 194 - 3.39 7278.49 11765552
nbpm 2e4 2 194 - 29.39 2606.94 31402196
greedy 2e4 2 194 - 26.33 1282.24 43771044
dry 9e7 2 150 - 1.10 2.76 1787984
aoDLAV 9e7 2 150 - 7.20 523.37 13377684
aoULAV 9e7 2 150 - 9.47 557.81 13377684
aoD2AG 9e7 2 150 - 16.64 1003.42 19669736
aoD2SG 9e7 2 150 - 18.16 939.48 20386856
dry 150e2 2 43 - 0.03 0.12 26628
aoDLAV 150e2 2 43 - 0.03 0.18 30832
aoULAV 150e2 2 43 - 0.04 0.18 30828
aoD2AG 150e2 2 43 - 0.03 0.20 31612
aoD2SG 150e2 2 43 - 0.03 0.20 31608
moore 150e2 2 43 - 2.15 2922.27 6629352
nbpm 150e2 2 43 - 14.66 1163.58 16814176
greedy 150e2 2 43 - 14.24 710.40 24630024
dry 1e8 5 98 - 2.37 6.22 4327052
aoDLAV 1e8 5 98 - 11.35 2560.67 23065204
aoULAV 1e8 5 98 - 16.02 2643.07 23065204
aoD2AG 1e8 5 98 - 25.73 2924.99 30455220
aoD2SG 1e8 5 98 - 27.61 4385.85 31312088
dry 18e3 2 228 - 0.02 0.12 27956
aoDLAV 18e3 2 228 - 0.03 0.18 30744
aoULAV 18e3 2 228 - 0.03 0.18 30764
aoD2AG 18e3 2 228 - 0.02 0.21 31808
aoD2SG 18e3 2 228 - 0.03 0.21 31812
moore 18e3 2 228 - 2.88 5219.88 9534980
nbpm 18e3 2 228 - 23.58 1955.24 25451056
greedy 18e3 2 228 - 19.34 1023.24 35458364
dry 125e2 2 15 - 0.02 0.12 26532
aoDLAV 125e2 2 15 - 0.03 0.17 30708
aoULAV 125e2 2 15 - 0.03 0.17 30708
aoD2AG 125e2 2 15 - 0.03 0.18 31380
aoD2SG 125e2 2 15 - 0.03 0.19 31380
moore 125e2 2 15 - 1.59 1755.08 4611540
nbpm 125e2 2 15 - 11.83 687.78 12302320
greedy 125e2 2 15 - 10.22 455.82 17109964
dry 1e8 2 33 - 1.07 3.02 1983296
aoDLAV 1e8 2 33 - 8.24 592.59 14862068
aoULAV 1e8 2 33 - 10.42 632.17 14862068
aoD2AG 1e8 2 33 - 18.52 898.76 21855352
aoD2SG 1e8 2 33 - 19.79 1341.88 22654880
dry 9e7 2 201 - 0.92 2.74 1787984
aoDLAV 9e7 2 201 - 6.86 521.98 13377684
aoULAV 9e7 2 201 - 9.59 562.68 13377688
aoD2AG 9e7 2 201 - 16.84 808.03 19669828
aoD2SG 9e7 2 201 - 19.11 959.73 20389000
dry 125e2 2 148 - 0.04 0.11 28336
aoDLAV 125e2 2 148 - 0.04 0.18 30708
aoULAV 125e2 2 148 - 0.03 0.18 30708
aoD2AG 125e2 2 148 - 0.04 0.19 31380
aoD2SG 125e2 2 148 - 0.04 0.19 31380
moore 125e2 2 148 - 1.72 1711.49 4611540
nbpm 125e2 2 148 - 11.91 713.25 12302320
greedy 125e2 2 148 - 10.64 451.06 17109968
dry 150e2 2 37 - 0.03 0.11 26628
aoDLAV 150e2 2 37 - 0.03 0.18 30824
aoULAV 150e2 2 37 - 0.03 0.18 30828
aoD2AG 150e2 2 37 - 0.03 0.20 31608
aoD2SG 150e2 2 37 - 0.03 0.20 31608
moore 150e2 2 37 - 2.10 2785.33 6629344
nbpm 150e2 2 37 - 14.84 1419.55 16814168
greedy 150e2 2 37 - 14.42 682.68 24630024
dry 1e8 5 24 - 3.25 6.17 4327052
aoDLAV 1e8 5 24 - 11.00 2633.14 23065204
aoULAV 1e8 5 24 - 16.14 2707.99 23065204
aoD2AG 1e8 5 24 - 25.67 2941.43 30455412
aoD2SG 1e8 5 24 - 26.97 3600.23 31309824
dry 125e2 2 234 - 0.02 0.12 26532
aoDLAV 125e2 2 234 - 0.03 0.17 30708
aoULAV 125e2 2 234 - 0.03 0.17 30708
aoD2AG 125e2 2 234 - 0.03 0.18 31380
aoD2SG 125e2 2 234 - 0.03 0.18 31376
moore 125e2 2 234 - 1.70 2183.17 4611548
nbpm 125e2 2 234 - 12.29 820.50 12302328
greedy 125e2 2 234 - 9.83 455.16 17109964
dry 2e4 10 85 - 0.02 0.13 31108
aoDLAV 2e4 10 85 - 0.04 1.72 34836
aoULAV 2e4 10 85 - 0.04 1.72 34852
aoD2AG 2e4 10 85 - 0.04 1.75 36080
aoD2SG 2e4 10 85 - 0.04 1.98 36076
moore 2e4 10 85 - 3.43 7143.61 11770836
nbpm 2e4 10 85 - 29.08 5548.14 30880144
greedy 2e4 10 85 - 23.98 1176.98 43775824
