dry 1e8 5 51 - 4.82 6.36 4327052
aoDLAV 1e8 5 51 - 13.99 2661.53 23065208
aoULAV 1e8 5 51 - 15.92 2629.67 23065204
aoD2AG 1e8 5 51 - 25.76 2889.47 30452772
aoD2SG 1e8 5 51 - 27.80 3590.85 31308860
dry 1e8 2 222 - 1.05 2.99 1983300
aoDLAV 1e8 2 222 - 7.71 578.99 14862068
aoULAV 1e8 2 222 - 10.99 633.15 14862068
aoD2AG 1e8 2 222 - 20.19 905.13 21855484
aoD2SG 1e8 2 222 - 20.89 1087.98 22653188
dry 175e2 2 212 - 0.02 0.12 26732
aoDLAV 175e2 2 212 - 0.03 0.18 30716
aoULAV 175e2 2 212 - 0.02 0.19 30716
aoD2AG 175e2 2 212 - 0.03 0.21 31756
aoD2SG 175e2 2 212 - 0.02 0.22 31760
moore 175e2 2 212 - 2.73 4496.79 9014020
nbpm 175e2 2 212 - 20.97 1861.90 22863136
greedy 175e2 2 212 - 18.89 983.57 33516980
dry 125e2 2 119 - 0.02 0.12 26532
aoDLAV 125e2 2 119 - 0.02 0.18 30708
aoULAV 125e2 2 119 - 0.03 0.17 30712
aoD2AG 125e2 2 119 - 0.03 0.19 31376
aoD2SG 125e2 2 119 - 0.03 0.18 31376
moore 125e2 2 119 - 1.60 2037.61 4611548
nbpm 125e2 2 119 - 11.14 667.78 12302328
greedy 125e2 2 119 - 9.42 487.74 17109968
dry 175e2 2 120 - 0.03 0.12 26736
aoDLAV 175e2 2 120 - 0.04 0.20 30772
aoULAV 175e2 2 120 - 0.04 0.21 30716
aoD2AG 175e2 2 120 - 0.03 0.23 31752
aoD2SG 175e2 2 120 - 0.03 0.24 31760
moore 175e2 2 120 - 2.80 4338.55 9014032
nbpm 175e2 2 120 - 21.38 1940.28 22863144
greedy 175e2 2 120 - 18.42 944.69 33516976
dry 1e8 5 15 - 2.13 6.17 4327052
aoDLAV 1e8 5 15 - 10.68 2609.59 23065208
aoULAV 1e8 5 15 - 16.15 2720.74 23065204
aoD2AG 1e8 5 15 - 26.27 3851.97 30457780
aoD2SG 1e8 5 15 - 27.90 3590.80 31309828
dry 9e7 2 220 - 1.00 2.72 1787988
aoDLAV 9e7 2 220 - 7.09 529.30 13377684
aoULAV 9e7 2 220 - 9.48 566.48 13377688
aoD2AG 9e7 2 220 - 16.77 787.40 19670696
aoD2SG 9e7 2 220 - 18.20 918.21 20388800
dry 9e7 2 28 - 0.97 2.73 1787984
aoDLAV 9e7 2 28 - 7.44 528.64 13377684
aoULAV 9e7 2 28 - 9.16 555.88 13377688
aoD2AG 9e7 2 28 - 16.90 785.60 19674012
aoD2SG 9e7 2 28 - 17.95 947.81 20390372
dry 125e2 2 79 - 0.03 0.11 26532
aoDLAV 125e2 2 79 - 0.03 0.18 30708
aoULAV 125e2 2 79 - 0.03 0.18 30712
aoD2AG 125e2 2 79 - 0.03 0.19 31376
aoD2SG 125e2 2 79 - 0.04 0.18 31376
moore 125e2 2 79 - 1.60 1802.74 4611540
nbpm 125e2 2 79 - 11.44 675.89 12302320
greedy 125e2 2 79 - 10.81 452.82 17109968
dry 18e3 2 203 - 0.03 0.12 30492
aoDLAV 18e3 2 203 - 0.03 0.19 30740
aoULAV 18e3 2 203 - 0.03 0.19 30744
aoD2AG 18e3 2 203 - 0.03 0.21 31808
aoD2SG 18e3 2 203 - 0.03 0.21 31812
moore 18e3 2 203 - 2.98 5694.91 9534980
nbpm 18e3 2 203 - 23.38 1926.47 25451056
greedy 18e3 2 203 - 20.02 1111.09 35458364
dry 2e4 2 10 - 0.03 0.12 26828
aoDLAV 2e4 2 10 - 0.03 0.19 30808
aoULAV 2e4 2 10 - 0.03 0.19 30808
aoD2AG 2e4 2 10 - 0.03 0.21 32288
aoD2SG 2e4 2 10 - 0.04 0.21 32292
moore 2e4 2 10 - 3.48 7285.78 11765544
nbpm 2e4 2 10 - 28.99 2708.66 31402188
greedy 2e4 2 10 - 25.20 1314.46 43771040
dry 2e4 2 61 - 0.03 0.11 26832
aoDLAV 2e4 2 61 - 0.03 0.19 30808
aoULAV 2e4 2 61 - 0.03 0.19 30808
aoD2AG 2e4 2 61 - 0.04 0.20 32284
aoD2SG 2e4 2 61 - 0.04 0.20 32344
moore 2e4 2 61 - 3.52 7395.25 11765552
nbpm 2e4 2 61 - 29.35 2629.87 31402196
greedy 2e4 2 61 - 23.81 1272.49 43771044
dry 175e2 2 77 - 0.03 0.11 26732
aoDLAV 175e2 2 77 - 0.03 0.18 30716
aoULAV 175e2 2 77 - 0.02 0.19 30716
aoD2AG 175e2 2 77 - 0.03 0.19 31752
aoD2SG 175e2 2 77 - 0.03 0.20 31764
moore 175e2 2 77 - 2.62 4083.44 9014032
nbpm 175e2 2 77 - 20.98 1762.36 22863144
greedy 175e2 2 77 - 17.61 944.07 33516976
dry 2e4 5 52 - 0.03 0.11 27780
aoDLAV 2e4 5 52 - 0.03 0.28 32788
aoULAV 2e4 5 52 - 0.04 0.28 32768
aoD2AG 2e4 5 52 - 0.04 0.31 33348
aoD2SG 2e4 5 52 - 0.04 0.34 32860
moore 2e4 5 52 - 3.50 6806.13 11768084
nbpm 2e4 5 52 - 28.68 4809.63 34200496
greedy 2e4 5 52 - 24.84 1274.37 43774004
dry 125e2 2 156 - 0.02 0.13 26532
aoDLAV 125e2 2 156 - 0.03 0.18 30708
aoULAV 125e2 2 156 - 0.03 0.17 30712
aoD2AG 125e2 2 156 - 0.03 0.19 31376
aoD2SG 125e2 2 156 - 0.04 0.18 31380
moore 125e2 2 156 - 1.58 1829.65 4611552
nbpm 125e2 2 156 - 11.32 663.13 12302328
greedy 125e2 2 156 - 9.64 431.50 17109968
dry 175e2 2 130 - 0.02 0.12 30488
aoDLAV 175e2 2 130 - 0.03 0.18 30716
aoULAV 175e2 2 130 - 0.02 0.19 30716
aoD2AG 175e2 2 130 - 0.03 0.20 31752
aoD2SG 175e2 2 130 - 0.03 0.20 31760
moore 175e2 2 130 - 2.78 4455.77 9014032
nbpm 175e2 2 130 - 21.32 1806.00 22863140
greedy 175e2 2 130 - 19.91 966.34 33516976
dry 2e4 10 226 - 0.02 0.13 30356
aoDLAV 2e4 10 226 - 0.04 1.89 34836
aoULAV 2e4 10 226 - 0.03 1.94 34848
aoD2AG 2e4 10 226 - 0.03 2.06 36076
aoD2SG 2e4 10 226 - 0.04 2.19 36076
moore 2e4 10 226 - 3.54 7173.39 11770836
nbpm 2e4 10 226 - 28.70 5780.96 30880032
greedy 2e4 10 226 - 23.87 1353.87 43775820
dry 150e2 2 217 - 0.03 0.11 26632
aoDLAV 150e2 2 217 - 0.03 0.18 30828
aoULAV 150e2 2 217 - 0.02 0.19 30828
aoD2AG 150e2 2 217 - 0.04 0.19 31608
aoD2SG 150e2 2 217 - 0.02 0.21 31612
moore 150e2 2 217 - 2.14 3094.94 6629344
nbpm 150e2 2 217 - 14.85 1156.73 16814168
greedy 150e2 2 217 - 14.46 783.08 24630024
dry 2e4 5 217 - 0.03 0.11 27776
aoDLAV 2e4 5 217 - 0.04 0.29 32756
aoULAV 2e4 5 217 - 0.04 0.28 32772
aoD2AG 2e4 5 217 - 0.03 0.32 33348
aoD2SG 2e4 5 217 - 0.03 0.35 32860
moore 2e4 5 217 - 3.43 6588.62 11768080
nbpm 2e4 5 217 - 28.65 4871.82 34200504
greedy 2e4 5 217 - 23.70 1334.99 43774004
dry 2e4 2 102 - 0.02 0.12 26832
aoDLAV 2e4 2 102 - 0.03 0.18 30808
aoULAV 2e4 2 102 - 0.03 0.19 30808
aoD2AG 2e4 2 102 - 0.03 0.20 32284
aoD2SG 2e4 2 102 - 0.03 0.21 32296
moore 2e4 2 102 - 3.70 9589.76 11765552
nbpm 2e4 2 102 - 28.71 3048.66 31402196
greedy 2e4 2 102 - 24.26 1555.94 43771044
dry 8e7 2 178 - 0.87 2.47 1592680
aoDLAV 8e7 2 178 - 6.36 461.34 11893324
aoULAV 8e7 2 178 - 8.77 485.74 11893328
aoD2AG 8e7 2 178 - 15.08 693.18 17488552
aoD2SG 8e7 2 178 - 16.30 826.93 18126184
dry 1e8 2 178 - 1.09 3.03 1983300
aoDLAV 1e8 2 178 - 8.34 628.46 14862072
aoULAV 1e8 2 178 - 10.70 640.83 14862068
aoD2AG 1e8 2 178 - 18.79 923.46 21852920
aoD2SG 1e8 2 178 - 19.99 1076.82 22651632
dry 1e8 5 168 - 2.42 6.19 4327052
aoDLAV 1e8 5 168 - 11.24 2526.21 23065204
aoULAV 1e8 5 168 - 16.38 2605.03 23065204
aoD2AG 1e8 5 168 - 26.76 3081.55 30453708
aoD2SG 1e8 5 168 - 27.36 3624.04 31309900
dry 2e4 10 231 - 0.03 0.11 31176
aoDLAV 2e4 10 231 - 0.04 1.47 34836
aoULAV 2e4 10 231 - 0.04 1.49 34848
aoD2AG 2e4 10 231 - 0.04 1.52 36076
aoD2SG 2e4 10 231 - 0.05 1.72 36080
moore 2e4 10 231 - 3.51 6991.74 11770836
nbpm 2e4 10 231 - 29.25 5718.96 30880040
greedy 2e4 10 231 - 24.57 1270.99 43775820
dry 2e4 10 239 - 0.02 0.12 30632
aoDLAV 2e4 10 239 - 0.03 1.78 34836
aoULAV 2e4 10 239 - 0.04 1.80 34848
aoD2AG 2e4 10 239 - 0.03 1.83 36080
aoD2SG 2e4 10 239 - 0.04 2.02 36076
moore 2e4 10 239 - 3.53 7175.82 11770840
nbpm 2e4 10 239 - 27.79 5267.69 30880100
greedy 2e4 10 239 - 19.62 936.90 43775828
