dry 175e2 2 214 - 0.03 0.13 26736
aoDLAV 175e2 2 214 - 0.04 0.20 30716
aoULAV 175e2 2 214 - 0.05 0.20 30716
aoD2AG 175e2 2 214 - 0.04 0.22 31752
aoD2SG 175e2 2 214 - 0.03 0.23 31760
moore 175e2 2 214 - 2.61 4791.97 9014028
nbpm 175e2 2 214 - 21.06 2469.14 22863144
greedy 175e2 2 214 - 17.59 957.66 33516980
dry 1e8 2 24 - 1.04 3.02 1983296
aoDLAV 1e8 2 24 - 8.32 593.49 14862068
aoULAV 1e8 2 24 - 10.33 629.07 14862068
aoD2AG 1e8 2 24 - 19.07 873.88 21854276
aoD2SG 1e8 2 24 - 20.35 1036.48 22652680
dry 8e7 2 104 - 0.91 2.43 1592680
aoDLAV 8e7 2 104 - 6.80 457.24 11893324
aoULAV 8e7 2 104 - 8.57 485.45 11893328
aoD2AG 8e7 2 104 - 15.43 685.14 17487548
aoD2SG 8e7 2 104 - 17.17 831.90 18124000
dry 175e2 2 226 - 0.03 0.11 26732
aoDLAV 175e2 2 226 - 0.03 0.19 30716
aoULAV 175e2 2 226 - 0.03 0.19 30720
aoD2AG 175e2 2 226 - 0.04 0.19 31752
aoD2SG 175e2 2 226 - 0.03 0.21 31760
moore 175e2 2 226 - 2.78 5417.80 9014024
nbpm 175e2 2 226 - 21.22 2381.98 22863136
greedy 175e2 2 226 - 18.45 972.59 33516980
dry 2e4 10 192 - 0.03 0.12 30092
aoDLAV 2e4 10 192 - 0.04 1.87 34836
aoULAV 2e4 10 192 - 0.05 1.89 34848
aoD2AG 2e4 10 192 - 0.04 1.92 36076
aoD2SG 2e4 10 192 - 0.05 2.11 36076
moore 2e4 10 192 - 3.46 7447.90 11770832
nbpm 2e4 10 192 - 28.74 5754.12 30880148
greedy 2e4 10 192 - 25.83 1410.66 43775836
dry 2e4 5 130 - 0.02 0.13 27780
aoDLAV 2e4 5 130 - 0.03 0.30 32756
aoULAV 2e4 5 130 - 0.04 0.30 32768
aoD2AG 2e4 5 130 - 0.03 0.34 33340
aoD2SG 2e4 5 130 - 0.03 0.36 32860
moore 2e4 5 130 - 3.55 7548.52 11768084
nbpm 2e4 5 130 - 29.11 4817.44 34200504
greedy 2e4 5 130 - 24.49 1294.48 43774004
dry 18e3 2 76 - 0.03 0.11 26748
aoDLAV 18e3 2 76 - 0.03 0.17 30740
aoULAV 18e3 2 76 - 0.02 0.19 30740
aoD2AG 18e3 2 76 - 0.02 0.20 31808
aoD2SG 18e3 2 76 - 0.02 0.20 31812
moore 18e3 2 76 - 2.97 4378.54 9534984
nbpm 18e3 2 76 - 24.02 2002.29 25451068
greedy 18e3 2 76 - 21.45 1038.92 35458368
dry 2e4 5 38 - 0.03 0.11 29192
aoDLAV 2e4 5 38 - 0.03 0.29 32756
aoULAV 2e4 5 38 - 0.03 0.30 32768
aoD2AG 2e4 5 38 - 0.03 0.31 33344
aoD2SG 2e4 5 38 - 0.03 0.33 32860
moore 2e4 5 38 - 3.57 6929.03 11768080
nbpm 2e4 5 38 - 29.07 5606.72 34200496
greedy 2e4 5 38 - 24.28 1335.05 43774008
dry 2e4 5 250 - 0.03 0.12 27776
aoDLAV 2e4 5 250 - 0.03 0.30 32756
aoULAV 2e4 5 250 - 0.03 0.30 32768
aoD2AG 2e4 5 250 - 0.03 0.35 33344
aoD2SG 2e4 5 250 - 0.04 0.35 32860
moore 2e4 5 250 - 3.46 7003.42 11768080
nbpm 2e4 5 250 - 29.32 4895.29 34200496
greedy 2e4 5 250 - 25.60 1324.60 43774004
dry 2e4 2 185 - 0.02 0.13 26828
aoDLAV 2e4 2 185 - 0.03 0.19 30812
aoULAV 2e4 2 185 - 0.04 0.18 30808
aoD2AG 2e4 2 185 - 0.03 0.20 32284
aoD2SG 2e4 2 185 - 0.02 0.22 32288
moore 2e4 2 185 - 3.46 6868.62 11765556
nbpm 2e4 2 185 - 29.13 2658.30 31402196
greedy 2e4 2 185 - 25.38 1285.15 43771040
dry 2e4 10 83 - 0.03 0.11 30352
aoDLAV 2e4 10 83 - 0.04 1.65 34840
aoULAV 2e4 10 83 - 0.04 1.61 34848
aoD2AG 2e4 10 83 - 0.05 1.64 36076
aoD2SG 2e4 10 83 - 0.04 1.88 36076
moore 2e4 10 83 - 3.52 7960.84 11770840
nbpm 2e4 10 83 - 29.57 5799.79 30880144
greedy 2e4 10 83 - 23.57 1261.51 43775820
dry 18e3 2 59 - 0.03 0.11 26752
aoDLAV 18e3 2 59 - 0.03 0.18 30740
aoULAV 18e3 2 59 - 0.03 0.18 30740
aoD2AG 18e3 2 59 - 0.03 0.20 31804
aoD2SG 18e3 2 59 - 0.04 0.20 31812
moore 18e3 2 59 - 2.89 5483.61 9534980
nbpm 18e3 2 59 - 23.95 2750.26 25451052
greedy 18e3 2 59 - 19.75 1060.22 35458372
dry 150e2 2 204 - 0.03 0.11 26628
aoDLAV 150e2 2 204 - 0.03 0.18 30824
aoULAV 150e2 2 204 - 0.03 0.18 30824
aoD2AG 150e2 2 204 - 0.04 0.18 31608
aoD2SG 150e2 2 204 - 0.03 0.20 31612
moore 150e2 2 204 - 2.18 2603.06 6629352
nbpm 150e2 2 204 - 14.55 1150.77 16814176
greedy 150e2 2 204 - 13.36 657.57 24630024
dry 18e3 2 57 - 0.02 0.12 26752
aoDLAV 18e3 2 57 - 0.02 0.19 30740
aoULAV 18e3 2 57 - 0.03 0.19 30740
aoD2AG 18e3 2 57 - 0.03 0.20 31804
aoD2SG 18e3 2 57 - 0.02 0.21 31816
moore 18e3 2 57 - 3.09 5963.07 9534976
nbpm 18e3 2 57 - 24.22 1956.98 25451052
greedy 18e3 2 57 - 19.83 1058.69 35458368
dry 2e4 5 102 - 0.02 0.12 27776
aoDLAV 2e4 5 102 - 0.04 0.27 32756
aoULAV 2e4 5 102 - 0.03 0.28 32768
aoD2AG 2e4 5 102 - 0.04 0.30 33340
aoD2SG 2e4 5 102 - 0.02 0.35 32864
moore 2e4 5 102 - 3.50 6683.88 11768084
nbpm 2e4 5 102 - 29.04 5291.16 34200504
greedy 2e4 5 102 - 24.78 1279.20 43774004
dry 8e7 2 123 - 0.87 2.43 1592676
aoDLAV 8e7 2 123 - 6.54 497.23 11893324
aoULAV 8e7 2 123 - 8.75 479.50 11893324
aoD2AG 8e7 2 123 - 15.46 681.59 17488596
aoD2SG 8e7 2 123 - 16.89 809.07 18125248
dry 2e4 2 151 - 0.03 0.11 26828
aoDLAV 2e4 2 151 - 0.03 0.19 30808
aoULAV 2e4 2 151 - 0.03 0.19 30808
aoD2AG 2e4 2 151 - 0.03 0.20 32284
aoD2SG 2e4 2 151 - 0.03 0.21 32288
moore 2e4 2 151 - 3.47 6594.13 11765552
nbpm 2e4 2 151 - 28.76 2808.38 31402244
greedy 2e4 2 151 - 24.68 1220.44 43771040
dry 2e4 5 84 - 0.03 0.12 29576
aoDLAV 2e4 5 84 - 0.04 0.29 32760
aoULAV 2e4 5 84 - 0.04 0.32 32768
aoD2AG 2e4 5 84 - 0.03 0.32 33392
aoD2SG 2e4 5 84 - 0.03 0.34 32864
moore 2e4 5 84 - 3.44 7381.92 11768080
nbpm 2e4 5 84 - 28.68 4868.83 34200500
greedy 2e4 5 84 - 27.76 1381.10 43774004
dry 125e2 2 209 - 0.02 0.12 26532
aoDLAV 125e2 2 209 - 0.03 0.18 30708
aoULAV 125e2 2 209 - 0.02 0.18 30712
aoD2AG 125e2 2 209 - 0.02 0.19 31376
aoD2SG 125e2 2 209 - 0.02 0.20 31380
moore 125e2 2 209 - 1.69 2004.20 4611548
nbpm 125e2 2 209 - 12.28 828.88 12302332
greedy 125e2 2 209 - 9.60 467.52 17109968
dry 2e4 5 237 - 0.02 0.12 27780
aoDLAV 2e4 5 237 - 0.03 0.29 32756
aoULAV 2e4 5 237 - 0.03 0.29 32768
aoD2AG 2e4 5 237 - 0.02 0.33 33344
aoD2SG 2e4 5 237 - 0.04 0.34 32860
moore 2e4 5 237 - 3.55 6222.02 11768084
nbpm 2e4 5 237 - 28.90 5765.76 34200496
greedy 2e4 5 237 - 23.49 1388.21 43774004
dry 2e4 10 46 - 0.04 0.11 29368
aoDLAV 2e4 10 46 - 0.05 2.08 34836
aoULAV 2e4 10 46 - 0.04 1.57 34848
aoD2AG 2e4 10 46 - 0.04 1.63 36080
aoD2SG 2e4 10 46 - 0.04 1.82 36076
moore 2e4 10 46 - 4.15 7534.67 11770836
nbpm 2e4 10 46 - 28.24 5523.13 30880040
greedy 2e4 10 46 - 21.14 1017.40 43775820
