dry 125e2 2 76 - 0.02 0.10 26536
aoDLAV 125e2 2 76 - 0.03 0.15 30708
aoULAV 125e2 2 76 - 0.03 0.15 30712
aoD2AG 125e2 2 76 - 0.02 0.17 31376
aoD2SG 125e2 2 76 - 0.03 0.17 31376
moore 125e2 2 76 - 1.56 1480.69 4611548
nbpm 125e2 2 76 - 11.50 660.06 12302328
greedy 125e2 2 76 - 9.53 477.86 17109968
dry 2e4 5 154 - 0.02 0.12 31012
aoDLAV 2e4 5 154 - 0.03 0.31 32756
aoULAV 2e4 5 154 - 0.03 0.32 32768
aoD2AG 2e4 5 154 - 0.03 0.34 33340
aoD2SG 2e4 5 154 - 0.03 0.36 32860
moore 2e4 5 154 - 3.44 7147.48 11768084
nbpm 2e4 5 154 - 28.36 5025.17 34200504
greedy 2e4 5 154 - 25.60 1396.58 43774000
dry 8e7 2 218 - 0.92 2.47 1592676
aoDLAV 8e7 2 218 - 6.87 571.56 11893324
aoULAV 8e7 2 218 - 8.81 520.68 11893328
aoD2AG 8e7 2 218 - 15.81 936.93 17490736
aoD2SG 8e7 2 218 - 15.60 834.84 18125512
dry 8e7 2 195 - 0.81 2.41 1592680
aoDLAV 8e7 2 195 - 6.29 451.62 11893324
aoULAV 8e7 2 195 - 7.82 487.68 11893324
aoD2AG 8e7 2 195 - 14.75 688.04 17487056
aoD2SG 8e7 2 195 - 15.51 819.23 18127496
dry 2e4 5 163 - 0.03 0.12 27776
aoDLAV 2e4 5 163 - 0.03 0.28 32756
aoULAV 2e4 5 163 - 0.03 0.29 32768
aoD2AG 2e4 5 163 - 0.03 0.32 33340
aoD2SG 2e4 5 163 - 0.03 0.34 32860
moore 2e4 5 163 - 3.60 6650.65 11768084
nbpm 2e4 5 163 - 28.41 5972.11 34200504
greedy 2e4 5 163 - 25.01 1316.50 43774000
dry 2e4 10 95 - 0.03 0.12 30744
aoDLAV 2e4 10 95 - 0.04 1.79 34836
aoULAV 2e4 10 95 - 0.02 1.65 34848
aoD2AG 2e4 10 95 - 0.03 1.67 36080
aoD2SG 2e4 10 95 - 0.03 1.88 36076
moore 2e4 10 95 - 3.46 6289.91 11770836
nbpm 2e4 10 95 - 29.28 5752.57 30880044
greedy 2e4 10 95 - 24.98 1289.75 43775820
dry 8e7 2 226 - 0.89 2.43 1592680
aoDLAV 8e7 2 226 - 6.31 471.13 11893324
aoULAV 8e7 2 226 - 8.10 493.72 11893328
aoD2AG 8e7 2 226 - 15.36 696.96 17487752
aoD2SG 8e7 2 226 - 16.19 836.97 18126780
dry 2e4 5 110 - 0.03 0.12 27776
aoDLAV 2e4 5 110 - 0.04 0.30 32756
aoULAV 2e4 5 110 - 0.04 0.30 32768
aoD2AG 2e4 5 110 - 0.04 0.33 33344
aoD2SG 2e4 5 110 - 0.03 0.35 32860
moore 2e4 5 110 - 3.54 7148.10 11768080
nbpm 2e4 5 110 - 29.20 7792.45 34200496
greedy 2e4 5 110 - 24.08 1324.94 43774004
dry 9e7 2 219 - 1.00 2.73 1787984
aoDLAV 9e7 2 219 - 7.39 527.10 13377684
aoULAV 9e7 2 219 - 9.50 571.01 13377684
aoD2AG 9e7 2 219 - 17.10 811.82 19673052
aoD2SG 9e7 2 219 - 18.02 978.15 20389324
dry 1e8 5 72 - 2.50 6.39 4327052
aoDLAV 1e8 5 72 - 11.02 2584.53 23065204
aoULAV 1e8 5 72 - 16.44 2593.70 23065204
aoD2AG 1e8 5 72 - 25.80 2849.53 30455368
aoD2SG 1e8 5 72 - 28.92 3634.13 31313264
dry 175e2 2 3 - 0.02 0.12 26736
aoDLAV 175e2 2 3 - 0.03 0.18 30720
aoULAV 175e2 2 3 - 0.03 0.19 30720
aoD2AG 175e2 2 3 - 0.04 0.19 31756
aoD2SG 175e2 2 3 - 0.03 0.21 31764
moore 175e2 2 3 - 3.07 4924.82 9014020
nbpm 175e2 2 3 - 21.54 2673.65 22863136
greedy 175e2 2 3 - 19.01 976.12 33516976
dry 150e2 2 14 - 0.03 0.11 26628
aoDLAV 150e2 2 14 - 0.03 0.18 30824
aoULAV 150e2 2 14 - 0.02 0.18 30824
aoD2AG 150e2 2 14 - 0.03 0.19 31608
aoD2SG 150e2 2 14 - 0.03 0.20 31608
moore 150e2 2 14 - 2.01 3657.33 6629344
nbpm 150e2 2 14 - 15.01 1161.93 16814168
greedy 150e2 2 14 - 13.34 674.98 24630028
dry 1e8 2 235 - 1.02 2.98 1983300
aoDLAV 1e8 2 235 - 7.97 593.45 14862068
aoULAV 1e8 2 235 - 10.45 631.91 14862068
aoD2AG 1e8 2 235 - 18.99 948.68 21855848
aoD2SG 1e8 2 235 - 19.92 1028.57 22653288
dry 18e3 2 210 - 0.02 0.11 26752
aoDLAV 18e3 2 210 - 0.02 0.18 30740
aoULAV 18e3 2 210 - 0.02 0.18 30740
aoD2AG 18e3 2 210 - 0.03 0.19 31804
aoD2SG 18e3 2 210 - 0.03 0.20 31812
moore 18e3 2 210 - 2.85 5253.02 9534976
nbpm 18e3 2 210 - 23.24 1963.44 25451056
greedy 18e3 2 210 - 19.67 1005.83 35458364
dry 9e7 2 113 - 0.90 2.74 1787984
aoDLAV 9e7 2 113 - 7.29 523.91 13377684
aoULAV 9e7 2 113 - 9.73 560.08 13377688
aoD2AG 9e7 2 113 - 17.20 802.63 19671100
aoD2SG 9e7 2 113 - 18.76 934.34 20387468
dry 1e8 2 65 - 1.12 2.97 1983296
aoDLAV 1e8 2 65 - 7.58 702.17 14862068
aoULAV 1e8 2 65 - 11.11 625.91 14862072
aoD2AG 1e8 2 65 - 18.87 914.35 21858816
aoD2SG 1e8 2 65 - 20.11 1078.05 22654652
dry 2e4 2 56 - 0.02 0.12 26828
aoDLAV 2e4 2 56 - 0.02 0.20 30808
aoULAV 2e4 2 56 - 0.02 0.20 30808
aoD2AG 2e4 2 56 - 0.03 0.20 32284
aoD2SG 2e4 2 56 - 0.03 0.22 32296
moore 2e4 2 56 - 3.47 6062.89 11765548
nbpm 2e4 2 56 - 29.59 2699.80 31402188
greedy 2e4 2 56 - 25.10 1251.62 43771040
dry 150e2 2 216 - 0.03 0.11 26628
aoDLAV 150e2 2 216 - 0.03 0.18 30824
aoULAV 150e2 2 216 - 0.04 0.17 30828
aoD2AG 150e2 2 216 - 0.03 0.19 31628
aoD2SG 150e2 2 216 - 0.03 0.20 31608
moore 150e2 2 216 - 2.15 3386.53 6629344
nbpm 150e2 2 216 - 14.66 1230.75 16814168
greedy 150e2 2 216 - 13.77 686.37 24630028
dry 175e2 2 39 - 0.03 0.11 26732
aoDLAV 175e2 2 39 - 0.03 0.18 30720
aoULAV 175e2 2 39 - 0.04 0.18 30716
aoD2AG 175e2 2 39 - 0.03 0.20 31760
aoD2SG 175e2 2 39 - 0.03 0.20 31760
moore 175e2 2 39 - 2.75 4485.86 9014032
nbpm 175e2 2 39 - 24.87 1868.30 22863148
greedy 175e2 2 39 - 18.32 991.11 33516980
dry 175e2 2 123 - 0.03 0.11 26732
aoDLAV 175e2 2 123 - 0.04 0.18 30716
aoULAV 175e2 2 123 - 0.03 0.18 30720
aoD2AG 175e2 2 123 - 0.03 0.20 31756
aoD2SG 175e2 2 123 - 0.03 0.21 31764
moore 175e2 2 123 - 2.84 5171.30 9014076
nbpm 175e2 2 123 - 20.98 1813.40 22863136
greedy 175e2 2 123 - 18.44 967.92 33516980
dry 150e2 2 88 - 0.02 0.12 26628
aoDLAV 150e2 2 88 - 0.02 0.18 30828
aoULAV 150e2 2 88 - 0.03 0.17 30824
aoD2AG 150e2 2 88 - 0.03 0.19 31612
aoD2SG 150e2 2 88 - 0.03 0.19 31608
moore 150e2 2 88 - 2.16 3085.65 6629352
nbpm 150e2 2 88 - 15.36 1163.68 16814176
greedy 150e2 2 88 - 13.93 698.20 24630028
dry 2e4 2 29 - 0.03 0.11 28696
aoDLAV 2e4 2 29 - 0.03 0.19 30808
aoULAV 2e4 2 29 - 0.03 0.19 30812
aoD2AG 2e4 2 29 - 0.04 0.20 32284
aoD2SG 2e4 2 29 - 0.03 0.22 32292
moore 2e4 2 29 - 3.56 7621.71 11765552
nbpm 2e4 2 29 - 28.96 2678.51 31402212
greedy 2e4 2 29 - 25.23 1219.41 43771040
dry 1e8 2 182 - 1.93 3.04 1983296
aoDLAV 1e8 2 182 - 9.68 612.16 14862068
aoULAV 1e8 2 182 - 10.34 627.09 14862068
aoD2AG 1e8 2 182 - 18.93 943.87 21852396
aoD2SG 1e8 2 182 - 20.02 1165.39 22651612
dry 1e8 2 2 - 1.06 3.04 1983300
aoDLAV 1e8 2 2 - 8.05 624.88 14862072
aoULAV 1e8 2 2 - 10.35 617.55 14862068
aoD2AG 1e8 2 2 - 18.82 875.60 21850604
aoD2SG 1e8 2 2 - 19.98 1008.34 22649696
dry 2e4 5 54 - 0.03 0.12 27776
aoDLAV 2e4 5 54 - 0.03 0.28 32756
aoULAV 2e4 5 54 - 0.03 0.29 32772
aoD2AG 2e4 5 54 - 0.03 0.32 33356
aoD2SG 2e4 5 54 - 0.03 0.35 32860
moore 2e4 5 54 - 3.59 7957.31 11768080
nbpm 2e4 5 54 - 30.03 4844.46 34200496
greedy 2e4 5 54 - 24.70 1329.25 43774008
dry 2e4 2 84 - 0.02 0.13 26828
aoDLAV 2e4 2 84 - 0.03 0.21 30812
aoULAV 2e4 2 84 - 0.04 0.20 30808
aoD2AG 2e4 2 84 - 0.03 0.23 32284
aoD2SG 2e4 2 84 - 0.04 0.22 32296
moore 2e4 2 84 - 3.47 7862.68 11765544
nbpm 2e4 2 84 - 29.08 2920.68 31402188
greedy 2e4 2 84 - 24.62 1267.15 43771040
dry 2e4 2 76 - 0.03 0.12 28832
aoDLAV 2e4 2 76 - 0.03 0.19 30808
aoULAV 2e4 2 76 - 0.03 0.19 30808
aoD2AG 2e4 2 76 - 0.04 0.20 32284
aoD2SG 2e4 2 76 - 0.04 0.21 32292
moore 2e4 2 76 - 3.60 7073.94 11765548
nbpm 2e4 2 76 - 27.58 2528.11 31402188
greedy 2e4 2 76 - 21.67 939.27 43771044
