dry 18e3 2 238 - 0.02 0.12 30492
aoDLAV 18e3 2 238 - 0.03 0.17 30740
aoULAV 18e3 2 238 - 0.03 0.18 30740
aoD2AG 18e3 2 238 - 0.02 0.20 31804
aoD2SG 18e3 2 238 - 0.02 0.20 31812
moore 18e3 2 238 - 3.10 5573.43 9534980
nbpm 18e3 2 238 - 23.32 2062.71 25451060
greedy 18e3 2 238 - 19.45 1008.00 35458364
dry 1e8 5 211 - 2.21 6.21 4327056
aoDLAV 1e8 5 211 - 11.16 3019.83 23065208
aoULAV 1e8 5 211 - 15.74 2629.28 23065208
aoD2AG 1e8 5 211 - 27.45 2990.53 30455456
aoD2SG 1e8 5 211 - 27.35 3486.48 31311332
dry 2e4 5 234 - 0.02 0.12 27780
aoDLAV 2e4 5 234 - 0.03 0.28 32756
aoULAV 2e4 5 234 - 0.03 0.28 32768
aoD2AG 2e4 5 234 - 0.04 0.31 33380
aoD2SG 2e4 5 234 - 0.03 0.40 32860
moore 2e4 5 234 - 3.45 7736.55 11768084
nbpm 2e4 5 234 - 28.41 4812.52 34200496
greedy 2e4 5 234 - 24.93 1266.44 43774000
dry 1e8 5 137 - 2.35 6.23 4327052
aoDLAV 1e8 5 137 - 11.34 2552.43 23065204
aoULAV 1e8 5 137 - 16.75 3396.98 23065208
aoD2AG 1e8 5 137 - 26.85 4016.11 30457264
aoD2SG 1e8 5 137 - 27.48 3432.13 31311696
dry 125e2 2 45 - 0.02 0.12 26536
aoDLAV 125e2 2 45 - 0.04 0.17 30708
aoULAV 125e2 2 45 - 0.03 0.17 30708
aoD2AG 125e2 2 45 - 0.03 0.18 31380
aoD2SG 125e2 2 45 - 0.03 0.19 31376
moore 125e2 2 45 - 1.58 1952.09 4611540
nbpm 125e2 2 45 - 11.16 650.59 12302320
greedy 125e2 2 45 - 9.63 531.93 17109964
dry 8e7 2 227 - 0.86 2.46 1592680
aoDLAV 8e7 2 227 - 6.60 458.66 11893328
aoULAV 8e7 2 227 - 8.68 491.43 11893324
aoD2AG 8e7 2 227 - 15.36 730.54 17491308
aoD2SG 8e7 2 227 - 16.48 800.72 18128692
dry 2e4 2 225 - 0.02 0.12 30532
aoDLAV 2e4 2 225 - 0.03 0.19 30808
aoULAV 2e4 2 225 - 0.02 0.20 30812
aoD2AG 2e4 2 225 - 0.03 0.21 32308
aoD2SG 2e4 2 225 - 0.03 0.21 32288
moore 2e4 2 225 - 3.60 7829.35 11765544
nbpm 2e4 2 225 - 29.48 2636.36 31402188
greedy 2e4 2 225 - 24.48 1157.00 43771060
dry 150e2 2 206 - 0.02 0.12 26628
aoDLAV 150e2 2 206 - 0.03 0.19 30824
aoULAV 150e2 2 206 - 0.03 0.18 30824
aoD2AG 150e2 2 206 - 0.04 0.18 31612
aoD2SG 150e2 2 206 - 0.04 0.20 31608
moore 150e2 2 206 - 2.12 3552.98 6629356
nbpm 150e2 2 206 - 14.48 1572.44 16814172
greedy 150e2 2 206 - 13.56 675.34 24630028
dry 2e4 2 247 - 0.02 0.12 26828
aoDLAV 2e4 2 247 - 0.03 0.19 30808
aoULAV 2e4 2 247 - 0.04 0.18 30808
aoD2AG 2e4 2 247 - 0.03 0.21 32284
aoD2SG 2e4 2 247 - 0.04 0.20 32288
moore 2e4 2 247 - 3.43 6093.08 11765548
nbpm 2e4 2 247 - 28.87 2597.05 31402188
greedy 2e4 2 247 - 26.59 1295.36 43771040
dry 2e4 2 79 - 0.03 0.11 26832
aoDLAV 2e4 2 79 - 0.04 0.18 30808
aoULAV 2e4 2 79 - 0.03 0.19 30808
aoD2AG 2e4 2 79 - 0.04 0.20 32284
aoD2SG 2e4 2 79 - 0.03 0.21 32288
moore 2e4 2 79 - 3.50 6877.06 11765556
nbpm 2e4 2 79 - 28.82 3119.77 31402196
greedy 2e4 2 79 - 24.77 1206.91 43771044
dry 175e2 2 6 - 0.02 0.12 26732
aoDLAV 175e2 2 6 - 0.03 0.20 30716
aoULAV 175e2 2 6 - 0.03 0.20 30720
aoD2AG 175e2 2 6 - 0.03 0.22 31752
aoD2SG 175e2 2 6 - 0.04 0.21 31756
moore 175e2 2 6 - 3.12 4910.02 9014020
nbpm 175e2 2 6 - 21.29 1871.78 22863136
greedy 175e2 2 6 - 19.45 973.55 33516976
dry 9e7 2 245 - 1.02 2.72 1788040
aoDLAV 9e7 2 245 - 7.38 542.83 13377684
aoULAV 9e7 2 245 - 9.30 586.39 13377684
aoD2AG 9e7 2 245 - 17.90 837.68 19669564
aoD2SG 9e7 2 245 - 17.84 924.24 20388196
dry 2e4 2 249 - 0.03 0.11 26832
aoDLAV 2e4 2 249 - 0.03 0.19 30808
aoULAV 2e4 2 249 - 0.03 0.19 30808
aoD2AG 2e4 2 249 - 0.03 0.21 32284
aoD2SG 2e4 2 249 - 0.03 0.22 32292
moore 2e4 2 249 - 3.43 6112.26 11765552
nbpm 2e4 2 249 - 35.27 2686.19 31402256
greedy 2e4 2 249 - 24.38 1151.92 43771040
dry 1e8 2 193 - 1.11 3.01 1983296
aoDLAV 1e8 2 193 - 8.45 585.62 14862068
aoULAV 1e8 2 193 - 11.37 664.97 14862068
aoD2AG 1e8 2 193 - 19.89 964.03 21856676
aoD2SG 1e8 2 193 - 20.12 1362.79 22653488
dry 8e7 2 222 - 0.87 2.43 1592676
aoDLAV 8e7 2 222 - 6.36 470.03 11893324
aoULAV 8e7 2 222 - 8.09 495.64 11893324
aoD2AG 8e7 2 222 - 14.62 696.43 17488460
aoD2SG 8e7 2 222 - 15.20 825.57 18129508
dry 9e7 2 116 - 0.93 2.74 1787988
aoDLAV 9e7 2 116 - 7.00 530.38 13377688
aoULAV 9e7 2 116 - 9.11 561.59 13377688
aoD2AG 9e7 2 116 - 16.81 931.46 19673872
aoD2SG 9e7 2 116 - 17.75 949.89 20390140
dry 2e4 10 207 - 0.03 0.11 31112
aoDLAV 2e4 10 207 - 0.03 1.69 34840
aoULAV 2e4 10 207 - 0.03 1.68 34848
aoD2AG 2e4 10 207 - 0.04 1.77 36076
aoD2SG 2e4 10 207 - 0.04 1.90 36080
moore 2e4 10 207 - 3.41 6608.89 11770892
nbpm 2e4 10 207 - 28.93 5566.00 30880036
greedy 2e4 10 207 - 24.31 1264.05 43775820
dry 2e4 10 138 - 0.02 0.12 30036
aoDLAV 2e4 10 138 - 0.04 1.71 34836
aoULAV 2e4 10 138 - 0.04 1.62 34852
aoD2AG 2e4 10 138 - 0.03 1.68 36076
aoD2SG 2e4 10 138 - 0.04 1.88 36076
moore 2e4 10 138 - 3.41 6076.93 11770836
nbpm 2e4 10 138 - 28.87 6441.73 30880040
greedy 2e4 10 138 - 24.03 1369.25 43775820
dry 2e4 10 81 - 0.03 0.11 30264
aoDLAV 2e4 10 81 - 0.03 1.81 34836
aoULAV 2e4 10 81 - 0.03 1.98 34848
aoD2AG 2e4 10 81 - 0.03 1.70 36076
aoD2SG 2e4 10 81 - 0.04 2.01 36076
moore 2e4 10 81 - 3.43 7745.10 11770836
nbpm 2e4 10 81 - 28.99 5600.18 30880036
greedy 2e4 10 81 - 25.25 1320.83 43775820
dry 1e8 2 186 - 1.17 3.06 1983296
aoDLAV 1e8 2 186 - 8.37 641.27 14862068
aoULAV 1e8 2 186 - 10.62 651.06 14862068
aoD2AG 1e8 2 186 - 18.88 942.42 21853920
aoD2SG 1e8 2 186 - 20.10 1028.44 22649436
dry 2e4 5 1 - 0.03 0.12 27776
aoDLAV 2e4 5 1 - 0.03 0.30 32756
aoULAV 2e4 5 1 - 0.03 0.30 32768
aoD2AG 2e4 5 1 - 0.03 0.33 33344
aoD2SG 2e4 5 1 - 0.04 0.34 32864
moore 2e4 5 1 - 3.67 7239.91 11768080
nbpm 2e4 5 1 - 35.93 5186.39 34200496
greedy 2e4 5 1 - 25.75 1308.23 43774004
dry 8e7 2 9 - 0.85 2.45 1592680
aoDLAV 8e7 2 9 - 6.46 458.23 11893324
aoULAV 8e7 2 9 - 8.16 472.97 11893324
aoD2AG 8e7 2 9 - 14.75 677.06 17485840
aoD2SG 8e7 2 9 - 15.43 792.61 18125948
dry 125e2 2 210 - 0.02 0.11 26532
aoDLAV 125e2 2 210 - 0.03 0.17 30712
aoULAV 125e2 2 210 - 0.02 0.17 30712
aoD2AG 125e2 2 210 - 0.02 0.19 31376
aoD2SG 125e2 2 210 - 0.03 0.18 31392
moore 125e2 2 210 - 1.52 1996.68 4611544
nbpm 125e2 2 210 - 11.34 693.53 12302320
greedy 125e2 2 210 - 9.25 432.38 17109964
dry 18e3 2 21 - 0.03 0.12 26748
aoDLAV 18e3 2 21 - 0.03 0.18 30740
aoULAV 18e3 2 21 - 0.03 0.18 30740
aoD2AG 18e3 2 21 - 0.03 0.20 31808
aoD2SG 18e3 2 21 - 0.03 0.20 31812
moore 18e3 2 21 - 2.85 4899.12 9534976
nbpm 18e3 2 21 - 23.55 1935.28 25451056
greedy 18e3 2 21 - 19.79 1025.13 35458364
