dry 150e2 2 5 - 0.03 0.11 26628
aoDLAV 150e2 2 5 - 0.03 0.16 30824
aoULAV 150e2 2 5 - 0.03 0.17 30824
aoD2AG 150e2 2 5 - 0.02 0.19 31608
aoD2SG 150e2 2 5 - 0.02 0.19 31608
moore 150e2 2 5 - 2.01 3372.60 6629344
nbpm 150e2 2 5 - 14.72 1393.68 16814172
greedy 150e2 2 5 - 13.79 709.06 24630024
dry 8e7 2 119 - 0.84 2.48 1592680
aoDLAV 8e7 2 119 - 6.15 470.55 11893324
aoULAV 8e7 2 119 - 8.09 487.27 11893324
aoD2AG 8e7 2 119 - 14.49 686.64 17488452
aoD2SG 8e7 2 119 - 15.15 812.82 18127956
dry 18e3 2 19 - 0.02 0.12 26748
aoDLAV 18e3 2 19 - 0.03 0.18 30740
aoULAV 18e3 2 19 - 0.03 0.18 30740
aoD2AG 18e3 2 19 - 0.04 0.19 31804
aoD2SG 18e3 2 19 - 0.03 0.20 31812
moore 18e3 2 19 - 2.89 5793.50 9534984
nbpm 18e3 2 19 - 23.70 3188.06 25451060
greedy 18e3 2 19 - 22.77 1067.89 35458364
dry 1e8 5 22 - 2.31 6.31 4327056
aoDLAV 1e8 5 22 - 11.94 2559.77 23065204
aoULAV 1e8 5 22 - 16.79 2603.32 23065204
aoD2AG 1e8 5 22 - 27.08 3370.00 30455720
aoD2SG 1e8 5 22 - 27.38 3494.33 31311780
dry 18e3 2 158 - 0.03 0.11 26748
aoDLAV 18e3 2 158 - 0.02 0.18 30740
aoULAV 18e3 2 158 - 0.03 0.18 30740
aoD2AG 18e3 2 158 - 0.02 0.19 31804
aoD2SG 18e3 2 158 - 0.04 0.19 31812
moore 18e3 2 158 - 2.80 4699.38 9534984
nbpm 18e3 2 158 - 23.63 1908.24 25451064
greedy 18e3 2 158 - 20.16 1021.50 35458368
dry 2e4 5 175 - 0.03 0.12 29564
aoDLAV 2e4 5 175 - 0.03 0.29 32756
aoULAV 2e4 5 175 - 0.02 0.30 32768
aoD2AG 2e4 5 175 - 0.03 0.32 33344
aoD2SG 2e4 5 175 - 0.02 0.35 32864
moore 2e4 5 175 - 3.98 6848.75 11768080
nbpm 2e4 5 175 - 28.81 4840.57 34200504
greedy 2e4 5 175 - 23.49 1297.40 43774004
dry 9e7 2 19 - 0.93 2.72 1787988
aoDLAV 9e7 2 19 - 7.15 538.05 13377684
aoULAV 9e7 2 19 - 9.86 576.79 13377684
aoD2AG 9e7 2 19 - 17.21 820.03 19671004
aoD2SG 9e7 2 19 - 18.44 950.20 20390304
dry 9e7 2 211 - 0.99 2.76 1787984
aoDLAV 9e7 2 211 - 7.67 536.05 13377684
aoULAV 9e7 2 211 - 9.32 559.35 13377684
aoD2AG 9e7 2 211 - 17.04 783.42 19674292
aoD2SG 9e7 2 211 - 17.76 924.32 20388964
dry 9e7 2 157 - 0.97 2.74 1787984
aoDLAV 9e7 2 157 - 7.60 545.15 13377688
aoULAV 9e7 2 157 - 9.60 556.26 13377684
aoD2AG 9e7 2 157 - 17.43 818.61 19671176
aoD2SG 9e7 2 157 - 18.45 1237.78 20390004
dry 2e4 5 196 - 0.02 0.12 29752
aoDLAV 2e4 5 196 - 0.04 0.27 32760
aoULAV 2e4 5 196 - 0.03 0.28 32772
aoD2AG 2e4 5 196 - 0.03 0.32 33340
aoD2SG 2e4 5 196 - 0.03 0.34 32860
moore 2e4 5 196 - 3.49 6363.96 11768084
nbpm 2e4 5 196 - 28.52 5167.76 34200500
greedy 2e4 5 196 - 24.00 1359.36 43774004
dry 150e2 2 77 - 0.02 0.12 26628
aoDLAV 150e2 2 77 - 0.02 0.20 30824
aoULAV 150e2 2 77 - 0.03 0.19 30828
aoD2AG 150e2 2 77 - 0.03 0.21 31608
aoD2SG 150e2 2 77 - 0.02 0.21 31608
moore 150e2 2 77 - 2.15 3286.90 6629356
nbpm 150e2 2 77 - 14.56 1187.38 16814176
greedy 150e2 2 77 - 13.43 661.02 24630024
dry 9e7 2 140 - 1.00 2.75 1787984
aoDLAV 9e7 2 140 - 7.29 538.88 13377684
aoULAV 9e7 2 140 - 9.60 579.38 13377688
aoD2AG 9e7 2 140 - 16.75 816.85 19673360
aoD2SG 9e7 2 140 - 18.27 953.20 20389632
dry 2e4 5 137 - 0.02 0.12 27776
aoDLAV 2e4 5 137 - 0.03 0.28 32756
aoULAV 2e4 5 137 - 0.02 0.29 32768
aoD2AG 2e4 5 137 - 0.04 0.30 33344
aoD2SG 2e4 5 137 - 0.04 0.32 32872
moore 2e4 5 137 - 3.45 7327.35 11768080
nbpm 2e4 5 137 - 28.41 5064.58 34200508
greedy 2e4 5 137 - 24.43 1277.96 43774004
dry 125e2 2 20 - 0.02 0.12 26536
aoDLAV 125e2 2 20 - 0.03 0.18 30708
aoULAV 125e2 2 20 - 0.03 0.18 30708
aoD2AG 125e2 2 20 - 0.03 0.18 31376
aoD2SG 125e2 2 20 - 0.02 0.20 31376
moore 125e2 2 20 - 1.59 2054.93 4611540
nbpm 125e2 2 20 - 11.51 678.66 12302320
greedy 125e2 2 20 - 10.13 453.39 17109964
dry 2e4 5 142 - 0.03 0.12 27776
aoDLAV 2e4 5 142 - 0.04 0.28 32816
aoULAV 2e4 5 142 - 0.03 0.29 32772
aoD2AG 2e4 5 142 - 0.03 0.32 33344
aoD2SG 2e4 5 142 - 0.04 0.34 32864
moore 2e4 5 142 - 3.48 8030.61 11768084
nbpm 2e4 5 142 - 30.09 4843.13 34200508
greedy 2e4 5 142 - 23.15 1276.65 43774008
dry 18e3 2 133 - 0.02 0.12 28608
aoDLAV 18e3 2 133 - 0.03 0.18 30740
aoULAV 18e3 2 133 - 0.03 0.18 30740
aoD2AG 18e3 2 133 - 0.03 0.20 31808
aoD2SG 18e3 2 133 - 0.03 0.21 31812
moore 18e3 2 133 - 2.97 5350.56 9534984
nbpm 18e3 2 133 - 23.62 1886.01 25451064
greedy 18e3 2 133 - 20.27 1072.12 35458368
dry 2e4 2 135 - 0.03 0.11 26832
aoDLAV 2e4 2 135 - 0.03 0.19 30808
aoULAV 2e4 2 135 - 0.02 0.19 30812
aoD2AG 2e4 2 135 - 0.03 0.20 32284
aoD2SG 2e4 2 135 - 0.04 0.21 32292
moore 2e4 2 135 - 3.54 6369.42 11765548
nbpm 2e4 2 135 - 29.77 2693.73 31402188
greedy 2e4 2 135 - 25.07 1283.86 43771040
dry 18e3 2 220 - 0.02 0.12 26748
aoDLAV 18e3 2 220 - 0.03 0.18 30740
aoULAV 18e3 2 220 - 0.04 0.19 30740
aoD2AG 18e3 2 220 - 0.04 0.20 31804
aoD2SG 18e3 2 220 - 0.04 0.20 31808
moore 18e3 2 220 - 2.82 4635.58 9534984
nbpm 18e3 2 220 - 23.62 1947.28 25451064
greedy 18e3 2 220 - 21.89 1067.31 35458368
dry 9e7 2 104 - 1.05 2.76 1787984
aoDLAV 9e7 2 104 - 7.29 537.32 13377688
aoULAV 9e7 2 104 - 9.52 574.81 13377684
aoD2AG 9e7 2 104 - 17.36 1023.64 19671692
aoD2SG 9e7 2 104 - 18.69 941.97 20392332
dry 1e8 2 25 - 1.10 3.02 1983296
aoDLAV 1e8 2 25 - 8.49 593.01 14862072
aoULAV 1e8 2 25 - 9.89 631.21 14862068
aoD2AG 1e8 2 25 - 18.02 884.05 21855116
aoD2SG 1e8 2 25 - 18.77 1046.69 22652812
dry 1e8 2 234 - 0.99 3.03 1983296
aoDLAV 1e8 2 234 - 8.40 583.19 14862068
aoULAV 1e8 2 234 - 10.26 664.01 14862072
aoD2AG 1e8 2 234 - 18.75 871.72 21855496
aoD2SG 1e8 2 234 - 20.23 1041.77 22651512
dry 150e2 2 195 - 0.03 0.11 26628
aoDLAV 150e2 2 195 - 0.02 0.19 30824
aoULAV 150e2 2 195 - 0.02 0.18 30824
aoD2AG 150e2 2 195 - 0.03 0.19 31608
aoD2SG 150e2 2 195 - 0.03 0.19 31608
moore 150e2 2 195 - 2.18 2676.59 6629344
nbpm 150e2 2 195 - 14.60 1121.18 16814164
greedy 150e2 2 195 - 13.59 725.66 24630024
dry 175e2 2 221 - 0.03 0.12 26736
aoDLAV 175e2 2 221 - 0.03 0.19 30720
aoULAV 175e2 2 221 - 0.03 0.19 30716
aoD2AG 175e2 2 221 - 0.03 0.20 31756
aoD2SG 175e2 2 221 - 0.04 0.21 31760
moore 175e2 2 221 - 2.91 4241.91 9014028
nbpm 175e2 2 221 - 20.99 1809.36 22863144
greedy 175e2 2 221 - 17.29 950.05 33516976
dry 2e4 10 216 - 0.02 0.12 29964
aoDLAV 2e4 10 216 - 0.03 1.63 34836
aoULAV 2e4 10 216 - 0.04 1.61 34848
aoD2AG 2e4 10 216 - 0.03 1.65 36076
aoD2SG 2e4 10 216 - 0.04 1.86 36076
moore 2e4 10 216 - 3.55 6722.29 11770836
nbpm 2e4 10 216 - 29.38 5348.26 30880040
greedy 2e4 10 216 - 23.42 1311.18 43775820
dry 2e4 5 235 - 0.03 0.12 27776
aoDLAV 2e4 5 235 - 0.03 0.29 32756
aoULAV 2e4 5 235 - 0.02 0.30 32768
aoD2AG 2e4 5 235 - 0.04 0.32 33340
aoD2SG 2e4 5 235 - 0.03 0.35 32864
moore 2e4 5 235 - 3.51 6988.27 11768084
nbpm 2e4 5 235 - 29.19 4910.46 34200496
greedy 2e4 5 235 - 24.96 1311.46 43774004
dry 1e8 2 140 - 1.09 2.97 1983300
aoDLAV 1e8 2 140 - 7.46 580.10 14862072
aoULAV 1e8 2 140 - 10.09 619.16 14862068
aoD2AG 1e8 2 140 - 18.20 899.11 21854092
aoD2SG 1e8 2 140 - 19.90 1071.41 22654220
dry 2e4 2 105 - 0.03 0.12 26832
aoDLAV 2e4 2 105 - 0.03 0.19 30808
aoULAV 2e4 2 105 - 0.03 0.19 30808
aoD2AG 2e4 2 105 - 0.04 0.19 32284
aoD2SG 2e4 2 105 - 0.03 0.21 32292
moore 2e4 2 105 - 3.33 6732.75 11765552
nbpm 2e4 2 105 - 29.23 2628.08 31402200
greedy 2e4 2 105 - 22.86 1131.10 43771040
