dry 2e4 2 192 - 0.02 0.10 26828
aoDLAV 2e4 2 192 - 0.03 0.15 30808
aoULAV 2e4 2 192 - 0.03 0.16 30808
aoD2AG 2e4 2 192 - 0.03 0.17 32284
aoD2SG 2e4 2 192 - 0.02 0.18 32292
moore 2e4 2 192 - 3.35 7807.02 11765556
nbpm 2e4 2 192 - 29.08 2612.42 31402196
greedy 2e4 2 192 - 26.16 1208.33 43771040
dry 1e8 2 31 - 1.23 3.06 1983296
aoDLAV 1e8 2 31 - 8.28 601.34 14862068
aoULAV 1e8 2 31 - 10.42 800.73 14862068
aoD2AG 1e8 2 31 - 18.41 892.25 21857256
aoD2SG 1e8 2 31 - 19.59 1071.11 22656404
dry 2e4 2 77 - 0.03 0.11 26832
aoDLAV 2e4 2 77 - 0.02 0.19 30808
aoULAV 2e4 2 77 - 0.03 0.19 30812
aoD2AG 2e4 2 77 - 0.02 0.21 32288
aoD2SG 2e4 2 77 - 0.03 0.21 32288
moore 2e4 2 77 - 3.43 6612.31 11765556
nbpm 2e4 2 77 - 28.69 2671.68 31402196
greedy 2e4 2 77 - 23.47 1172.95 43771040
dry 1e8 5 136 - 2.32 6.22 4327052
aoDLAV 1e8 5 136 - 11.16 2744.13 23065208
aoULAV 1e8 5 136 - 16.65 2987.13 23065204
aoD2AG 1e8 5 136 - 26.09 3340.58 30459100
aoD2SG 1e8 5 136 - 27.73 3520.20 31314416
dry 2e4 5 94 - 0.03 0.12 27780
aoDLAV 2e4 5 94 - 0.04 0.28 32756
aoULAV 2e4 5 94 - 0.04 0.28 32768
aoD2AG 2e4 5 94 - 0.04 0.32 33344
aoD2SG 2e4 5 94 - 0.04 0.34 32860
moore 2e4 5 94 - 3.48 6054.14 11768084
nbpm 2e4 5 94 - 28.74 4776.09 34200508
greedy 2e4 5 94 - 24.03 1345.85 43774008
dry 1e8 2 42 - 1.12 2.99 1983296
aoDLAV 1e8 2 42 - 8.06 589.93 14862072
aoULAV 1e8 2 42 - 10.62 622.74 14862068
aoD2AG 1e8 2 42 - 20.32 888.93 21855524
aoD2SG 1e8 2 42 - 20.67 1018.30 22652444
dry 175e2 2 91 - 0.02 0.12 26732
aoDLAV 175e2 2 91 - 0.03 0.17 30716
aoULAV 175e2 2 91 - 0.02 0.18 30716
aoD2AG 175e2 2 91 - 0.03 0.19 31752
aoD2SG 175e2 2 91 - 0.02 0.21 31760
moore 175e2 2 91 - 2.74 4224.11 9014032
nbpm 175e2 2 91 - 21.56 1849.95 22863144
greedy 175e2 2 91 - 18.19 931.42 33516980
dry 175e2 2 217 - 0.03 0.11 26736
aoDLAV 175e2 2 217 - 0.03 0.18 30716
aoULAV 175e2 2 217 - 0.03 0.19 30716
aoD2AG 175e2 2 217 - 0.03 0.20 31800
aoD2SG 175e2 2 217 - 0.03 0.20 31760
moore 175e2 2 217 - 2.74 4426.71 9014028
nbpm 175e2 2 217 - 20.96 1944.25 22863148
greedy 175e2 2 217 - 19.40 962.53 33516976
dry 2e4 2 2 - 0.02 0.12 26828
aoDLAV 2e4 2 2 - 0.03 0.20 30812
aoULAV 2e4 2 2 - 0.03 0.19 30812
aoD2AG 2e4 2 2 - 0.04 0.20 32284
aoD2SG 2e4 2 2 - 0.03 0.21 32292
moore 2e4 2 2 - 3.42 6400.41 11765552
nbpm 2e4 2 2 - 29.29 2785.07 31402200
greedy 2e4 2 2 - 25.52 1656.49 43771044
dry 2e4 2 99 - 0.02 0.12 28720
aoDLAV 2e4 2 99 - 0.03 0.18 30808
aoULAV 2e4 2 99 - 0.03 0.19 30812
aoD2AG 2e4 2 99 - 0.02 0.21 32288
aoD2SG 2e4 2 99 - 0.03 0.21 32292
moore 2e4 2 99 - 3.48 6176.95 11765548
nbpm 2e4 2 99 - 29.09 2646.73 31402192
greedy 2e4 2 99 - 23.91 1187.32 43771044
dry 1e8 5 41 - 2.65 6.41 4327056
aoDLAV 1e8 5 41 - 11.27 2586.32 23065204
aoULAV 1e8 5 41 - 15.80 2901.79 23065204
aoD2AG 1e8 5 41 - 27.39 2925.54 30460232
aoD2SG 1e8 5 41 - 28.56 3533.42 31315548
dry 2e4 10 89 - 0.03 0.12 30864
aoDLAV 2e4 10 89 - 0.04 1.95 34836
aoULAV 2e4 10 89 - 0.02 1.81 34848
aoD2AG 2e4 10 89 - 0.04 1.89 36076
aoD2SG 2e4 10 89 - 0.03 2.07 36080
moore 2e4 10 89 - 3.92 6739.16 11770836
nbpm 2e4 10 89 - 29.26 5811.75 30880148
greedy 2e4 10 89 - 26.16 1299.17 43775820
dry 8e7 2 168 - 0.89 2.46 1592676
aoDLAV 8e7 2 168 - 6.67 461.26 11893328
aoULAV 8e7 2 168 - 8.43 484.38 11893328
aoD2AG 8e7 2 168 - 15.41 669.95 17487716
aoD2SG 8e7 2 168 - 15.92 796.57 18125816
dry 9e7 2 24 - 0.95 2.72 1787984
aoDLAV 9e7 2 24 - 7.34 516.90 13377684
aoULAV 9e7 2 24 - 9.17 551.00 13377740
aoD2AG 9e7 2 24 - 17.70 800.72 19673296
aoD2SG 9e7 2 24 - 17.74 951.93 20389252
dry 2e4 10 140 - 0.03 0.13 31816
aoDLAV 2e4 10 140 - 0.05 1.93 34836
aoULAV 2e4 10 140 - 0.04 1.88 34848
aoD2AG 2e4 10 140 - 0.04 1.94 36080
aoD2SG 2e4 10 140 - 0.04 2.16 36076
moore 2e4 10 140 - 3.49 7982.04 11770832
nbpm 2e4 10 140 - 28.76 5704.31 30880036
greedy 2e4 10 140 - 24.59 1378.42 43775820
dry 9e7 2 108 - 0.99 2.73 1787984
aoDLAV 9e7 2 108 - 7.47 525.11 13377684
aoULAV 9e7 2 108 - 9.38 552.64 13377684
aoD2AG 9e7 2 108 - 17.04 788.81 19671564
aoD2SG 9e7 2 108 - 18.03 959.57 20389512
dry 18e3 2 51 - 0.02 0.12 26752
aoDLAV 18e3 2 51 - 0.03 0.18 30740
aoULAV 18e3 2 51 - 0.04 0.18 30744
aoD2AG 18e3 2 51 - 0.03 0.21 31808
aoD2SG 18e3 2 51 - 0.03 0.21 31812
moore 18e3 2 51 - 2.85 4819.10 9534988
nbpm 18e3 2 51 - 23.66 1980.07 25451064
greedy 18e3 2 51 - 20.64 969.64 35458372
dry 2e4 10 13 - 0.02 0.12 30024
aoDLAV 2e4 10 13 - 0.04 1.54 34836
aoULAV 2e4 10 13 - 0.03 1.57 34848
aoD2AG 2e4 10 13 - 0.04 1.75 36076
aoD2SG 2e4 10 13 - 0.04 1.79 36076
moore 2e4 10 13 - 3.52 7506.25 11770876
nbpm 2e4 10 13 - 28.89 5357.55 30880040
greedy 2e4 10 13 - 23.84 1274.23 43775820
dry 8e7 2 28 - 0.96 2.46 1592676
aoDLAV 8e7 2 28 - 6.95 457.84 11893324
aoULAV 8e7 2 28 - 8.76 483.59 11893376
aoD2AG 8e7 2 28 - 15.50 679.68 17488340
aoD2SG 8e7 2 28 - 16.28 835.12 18127888
dry 2e4 5 220 - 0.02 0.12 27780
aoDLAV 2e4 5 220 - 0.03 0.31 32756
aoULAV 2e4 5 220 - 0.03 0.30 32768
aoD2AG 2e4 5 220 - 0.04 0.35 33348
aoD2SG 2e4 5 220 - 0.03 0.37 32860
moore 2e4 5 220 - 3.46 6995.66 11768080
nbpm 2e4 5 220 - 33.74 5064.55 34200500
greedy 2e4 5 220 - 23.82 1277.62 43774004
dry 2e4 10 73 - 0.03 0.12 29772
aoDLAV 2e4 10 73 - 0.03 1.74 34840
aoULAV 2e4 10 73 - 0.03 1.76 34848
aoD2AG 2e4 10 73 - 0.04 1.75 36076
aoD2SG 2e4 10 73 - 0.04 1.99 36076
moore 2e4 10 73 - 4.05 7616.30 11770836
nbpm 2e4 10 73 - 31.78 5507.46 30880036
greedy 2e4 10 73 - 24.11 1359.81 43775824
dry 150e2 2 235 - 0.02 0.12 26628
aoDLAV 150e2 2 235 - 0.03 0.18 30824
aoULAV 150e2 2 235 - 0.03 0.18 30824
aoD2AG 150e2 2 235 - 0.03 0.19 31608
aoD2SG 150e2 2 235 - 0.04 0.19 31608
moore 150e2 2 235 - 2.08 2630.46 6629352
nbpm 150e2 2 235 - 14.60 1124.39 16814180
greedy 150e2 2 235 - 13.34 670.42 24630024
