dry 1e8 2 26 - 0.95 2.97 1983296
aoDLAV 1e8 2 26 - 7.74 619.35 14862068
aoULAV 1e8 2 26 - 10.85 622.50 14862068
aoD2AG 1e8 2 26 - 18.74 936.43 21855496
aoD2SG 1e8 2 26 - 19.79 1114.39 22649048
dry 150e2 2 112 - 0.02 0.12 26628
aoDLAV 150e2 2 112 - 0.02 0.18 30824
aoULAV 150e2 2 112 - 0.03 0.18 30824
aoD2AG 150e2 2 112 - 0.03 0.19 31608
aoD2SG 150e2 2 112 - 0.03 0.20 31608
moore 150e2 2 112 - 2.09 3319.96 6629344
nbpm 150e2 2 112 - 14.39 1132.65 16814164
greedy 150e2 2 112 - 13.48 637.17 24630028
dry 175e2 2 149 - 0.03 0.11 26732
aoDLAV 175e2 2 149 - 0.03 0.18 30716
aoULAV 175e2 2 149 - 0.03 0.19 30716
aoD2AG 175e2 2 149 - 0.03 0.20 31812
aoD2SG 175e2 2 149 - 0.03 0.21 31760
moore 175e2 2 149 - 2.70 4905.04 9014032
nbpm 175e2 2 149 - 21.27 1837.04 22863144
greedy 175e2 2 149 - 18.83 991.99 33516976
dry 2e4 10 4 - 0.03 0.12 30864
aoDLAV 2e4 10 4 - 0.03 1.76 34836
aoULAV 2e4 10 4 - 0.04 1.78 34848
aoD2AG 2e4 10 4 - 0.04 1.84 36076
aoD2SG 2e4 10 4 - 0.02 2.04 36076
moore 2e4 10 4 - 3.46 6608.38 11770832
nbpm 2e4 10 4 - 29.21 5826.44 30880036
greedy 2e4 10 4 - 25.00 1345.26 43775820
dry 9e7 2 11 - 0.93 2.76 1787988
aoDLAV 9e7 2 11 - 7.19 530.03 13377688
aoULAV 9e7 2 11 - 9.10 564.95 13377688
aoD2AG 9e7 2 11 - 16.42 805.04 19668624
aoD2SG 9e7 2 11 - 18.53 952.32 20387964
dry 9e7 2 54 - 0.94 2.75 1787988
aoDLAV 9e7 2 54 - 7.17 529.18 13377684
aoULAV 9e7 2 54 - 9.47 561.16 13377688
aoD2AG 9e7 2 54 - 16.37 786.56 19670168
aoD2SG 9e7 2 54 - 17.81 937.38 20389084
dry 150e2 2 22 - 0.02 0.12 26628
aoDLAV 150e2 2 22 - 0.03 0.17 30824
aoULAV 150e2 2 22 - 0.03 0.17 30824
aoD2AG 150e2 2 22 - 0.03 0.19 31608
aoD2SG 150e2 2 22 - 0.03 0.19 31608
moore 150e2 2 22 - 2.09 3125.31 6629352
nbpm 150e2 2 22 - 14.33 1112.62 16814176
greedy 150e2 2 22 - 14.08 711.79 24630028
dry 1e8 5 145 - 2.37 6.28 4327052
aoDLAV 1e8 5 145 - 11.74 2626.86 23065204
aoULAV 1e8 5 145 - 16.34 2611.09 23065204
aoD2AG 1e8 5 145 - 26.15 2932.14 30455708
aoD2SG 1e8 5 145 - 27.04 3562.53 31307136
dry 1e8 5 130 - 2.28 6.22 4327052
aoDLAV 1e8 5 130 - 10.92 2634.01 23065208
aoULAV 1e8 5 130 - 16.72 3449.18 23065204
aoD2AG 1e8 5 130 - 25.79 2954.04 30454744
aoD2SG 1e8 5 130 - 26.92 3598.49 31311252
dry 2e4 2 142 - 0.02 0.12 26828
aoDLAV 2e4 2 142 - 0.03 0.19 30808
aoULAV 2e4 2 142 - 0.03 0.19 30808
aoD2AG 2e4 2 142 - 0.03 0.21 32284
aoD2SG 2e4 2 142 - 0.02 0.23 32288
moore 2e4 2 142 - 3.44 6759.08 11765544
nbpm 2e4 2 142 - 28.70 2694.31 31402188
greedy 2e4 2 142 - 23.46 1259.33 43771044
dry 175e2 2 93 - 0.02 0.12 26732
aoDLAV 175e2 2 93 - 0.03 0.18 30716
aoULAV 175e2 2 93 - 0.03 0.18 30716
aoD2AG 175e2 2 93 - 0.02 0.20 31752
aoD2SG 175e2 2 93 - 0.02 0.21 31760
moore 175e2 2 93 - 2.83 4969.51 9014028
nbpm 175e2 2 93 - 22.08 1890.24 22863144
greedy 175e2 2 93 - 19.83 964.20 33516980
dry 1e8 2 215 - 1.11 3.03 1983296
aoDLAV 1e8 2 215 - 8.11 591.19 14862072
aoULAV 1e8 2 215 - 11.00 648.50 14862072
aoD2AG 1e8 2 215 - 20.34 922.75 21853612
aoD2SG 1e8 2 215 - 20.93 1086.72 22654608
dry 1e8 5 138 - 2.09 6.18 4327052
aoDLAV 1e8 5 138 - 10.54 2610.99 23065204
aoULAV 1e8 5 138 - 16.54 2648.52 23065208
aoD2AG 1e8 5 138 - 26.23 2965.17 30454464
aoD2SG 1e8 5 138 - 27.51 4142.92 31311984
dry 2e4 5 180 - 0.03 0.12 27776
aoDLAV 2e4 5 180 - 0.04 0.28 32760
aoULAV 2e4 5 180 - 0.03 0.29 32768
aoD2AG 2e4 5 180 - 0.03 0.32 33344
aoD2SG 2e4 5 180 - 0.03 0.34 32860
moore 2e4 5 180 - 3.42 7090.79 11768084
nbpm 2e4 5 180 - 28.46 4765.00 34200496
greedy 2e4 5 180 - 25.94 1291.60 43774008
dry 2e4 5 145 - 0.03 0.12 29428
aoDLAV 2e4 5 145 - 0.03 0.30 32756
aoULAV 2e4 5 145 - 0.03 0.29 32772
aoD2AG 2e4 5 145 - 0.03 0.32 33340
aoD2SG 2e4 5 145 - 0.03 0.35 32860
moore 2e4 5 145 - 3.50 6340.33 11768080
nbpm 2e4 5 145 - 28.80 4768.65 34200608
greedy 2e4 5 145 - 25.33 1317.27 43774008
dry 2e4 5 73 - 0.03 0.11 29288
aoDLAV 2e4 5 73 - 0.04 0.28 32760
aoULAV 2e4 5 73 - 0.03 0.31 32772
aoD2AG 2e4 5 73 - 0.03 0.32 33340
aoD2SG 2e4 5 73 - 0.03 0.35 32860
moore 2e4 5 73 - 3.39 6869.90 11768096
nbpm 2e4 5 73 - 29.03 4674.17 34200504
greedy 2e4 5 73 - 24.01 1306.15 43774008
dry 18e3 2 176 - 0.03 0.12 26748
aoDLAV 18e3 2 176 - 0.03 0.19 30740
aoULAV 18e3 2 176 - 0.03 0.19 30740
aoD2AG 18e3 2 176 - 0.02 0.21 31804
aoD2SG 18e3 2 176 - 0.03 0.21 31812
moore 18e3 2 176 - 2.76 5292.71 9534988
nbpm 18e3 2 176 - 23.56 1995.32 25451068
greedy 18e3 2 176 - 20.02 1088.06 35458364
dry 18e3 2 74 - 0.02 0.12 26748
aoDLAV 18e3 2 74 - 0.03 0.19 30740
aoULAV 18e3 2 74 - 0.03 0.19 30744
aoD2AG 18e3 2 74 - 0.03 0.20 31804
aoD2SG 18e3 2 74 - 0.03 0.21 31812
moore 18e3 2 74 - 2.94 5160.93 9534980
nbpm 18e3 2 74 - 24.40 1911.47 25451060
greedy 18e3 2 74 - 20.15 1164.62 35458364
dry 2e4 10 133 - 0.03 0.12 31816
aoDLAV 2e4 10 133 - 0.03 1.92 34836
aoULAV 2e4 10 133 - 0.04 1.92 34848
aoD2AG 2e4 10 133 - 0.03 1.75 36076
aoD2SG 2e4 10 133 - 0.04 2.06 36076
moore 2e4 10 133 - 3.49 7985.57 11770836
nbpm 2e4 10 133 - 29.19 5902.14 30880044
greedy 2e4 10 133 - 24.36 1316.59 43775824
dry 175e2 2 126 - 0.02 0.12 27952
aoDLAV 175e2 2 126 - 0.02 0.18 30716
aoULAV 175e2 2 126 - 0.02 0.19 30716
aoD2AG 175e2 2 126 - 0.03 0.20 31752
aoD2SG 175e2 2 126 - 0.03 0.20 31760
moore 175e2 2 126 - 2.72 4310.56 9014032
nbpm 175e2 2 126 - 21.65 1859.55 22863144
greedy 175e2 2 126 - 19.54 996.02 33516980
dry 9e7 2 208 - 1.03 2.73 1787984
aoDLAV 9e7 2 208 - 7.57 519.89 13377684
aoULAV 9e7 2 208 - 9.96 552.17 13377684
aoD2AG 9e7 2 208 - 17.20 770.97 19672332
aoD2SG 9e7 2 208 - 18.01 907.22 20384612
dry 2e4 10 78 - 0.02 0.12 31816
aoDLAV 2e4 10 78 - 0.03 1.68 34836
aoULAV 2e4 10 78 - 0.03 1.55 34848
aoD2AG 2e4 10 78 - 0.03 1.58 36076
aoD2SG 2e4 10 78 - 0.03 1.81 36076
moore 2e4 10 78 - 3.58 6728.02 11770836
nbpm 2e4 10 78 - 28.48 5990.84 30880032
greedy 2e4 10 78 - 24.22 1315.45 43775820
dry 1e8 5 49 - 2.38 6.34 4327052
aoDLAV 1e8 5 49 - 11.65 2609.29 23065208
aoULAV 1e8 5 49 - 16.40 2573.82 23065204
aoD2AG 1e8 5 49 - 24.34 3448.93 30456644
aoD2SG 1e8 5 49 - 24.76 4111.36 31310400
