dry 1e8 5 189 - 1.73 5.51 4327056
aoDLAV 1e8 5 189 - 10.47 2678.02 23065204
aoULAV 1e8 5 189 - 16.69 2616.76 23065204
aoD2AG 1e8 5 189 - 25.38 2875.94 30457324
aoD2SG 1e8 5 189 - 26.84 3750.62 31309052
dry 150e2 2 201 - 0.02 0.12 28448
aoDLAV 150e2 2 201 - 0.03 0.18 30824
aoULAV 150e2 2 201 - 0.02 0.19 30824
aoD2AG 150e2 2 201 - 0.04 0.18 31608
aoD2SG 150e2 2 201 - 0.04 0.19 31608
moore 150e2 2 201 - 2.16 3110.84 6629352
nbpm 150e2 2 201 - 14.39 1181.39 16814172
greedy 150e2 2 201 - 14.44 696.33 24630024
dry 9e7 2 171 - 1.04 2.75 1787988
aoDLAV 9e7 2 171 - 7.65 531.07 13377684
aoULAV 9e7 2 171 - 9.64 567.95 13377684
aoD2AG 9e7 2 171 - 17.11 831.17 19669268
aoD2SG 9e7 2 171 - 18.16 925.81 20388132
dry 9e7 2 18 - 1.04 2.73 1787988
aoDLAV 9e7 2 18 - 7.10 518.41 13377684
aoULAV 9e7 2 18 - 8.96 543.48 13377684
aoD2AG 9e7 2 18 - 16.63 755.97 19672340
aoD2SG 9e7 2 18 - 18.16 910.64 20388072
dry 9e7 2 99 - 0.95 2.71 1788024
aoDLAV 9e7 2 99 - 7.05 517.16 13377684
aoULAV 9e7 2 99 - 8.96 544.91 13377688
aoD2AG 9e7 2 99 - 16.61 776.73 19674876
aoD2SG 9e7 2 99 - 17.80 943.96 20393704
dry 2e4 5 31 - 0.03 0.11 29656
aoDLAV 2e4 5 31 - 0.03 0.29 32756
aoULAV 2e4 5 31 - 0.03 0.30 32768
aoD2AG 2e4 5 31 - 0.03 0.33 33344
aoD2SG 2e4 5 31 - 0.03 0.34 32860
moore 2e4 5 31 - 3.44 6932.00 11768084
nbpm 2e4 5 31 - 29.07 4989.52 34200496
greedy 2e4 5 31 - 26.22 1371.14 43774008
dry 9e7 2 156 - 1.05 2.70 1787984
aoDLAV 9e7 2 156 - 7.14 677.81 13377684
aoULAV 9e7 2 156 - 10.20 567.20 13377684
aoD2AG 9e7 2 156 - 17.90 805.15 19671688
aoD2SG 9e7 2 156 - 17.79 1223.26 20386904
dry 175e2 2 145 - 0.03 0.11 26732
aoDLAV 175e2 2 145 - 0.03 0.18 30716
aoULAV 175e2 2 145 - 0.03 0.19 30716
aoD2AG 175e2 2 145 - 0.02 0.20 31756
aoD2SG 175e2 2 145 - 0.02 0.21 31756
moore 175e2 2 145 - 2.66 4768.97 9014028
nbpm 175e2 2 145 - 21.53 1848.62 22863144
greedy 175e2 2 145 - 18.92 978.26 33516980
dry 18e3 2 113 - 0.03 0.11 26752
aoDLAV 18e3 2 113 - 0.03 0.18 30740
aoULAV 18e3 2 113 - 0.04 0.18 30740
aoD2AG 18e3 2 113 - 0.03 0.20 31804
aoD2SG 18e3 2 113 - 0.04 0.20 31816
moore 18e3 2 113 - 3.02 4813.26 9534980
nbpm 18e3 2 113 - 28.69 1948.65 25451056
greedy 18e3 2 113 - 20.58 1090.94 35458368
dry 9e7 2 92 - 1.07 2.74 1787988
aoDLAV 9e7 2 92 - 7.14 532.82 13377684
aoULAV 9e7 2 92 - 9.31 560.33 13377684
aoD2AG 9e7 2 92 - 17.47 796.06 19669388
aoD2SG 9e7 2 92 - 18.24 929.65 20387888
dry 1e8 5 197 - 2.34 6.26 4327052
aoDLAV 1e8 5 197 - 11.71 2601.17 23065208
aoULAV 1e8 5 197 - 16.48 2699.62 23065204
aoD2AG 1e8 5 197 - 26.10 3011.37 30453188
aoD2SG 1e8 5 197 - 26.97 3516.20 31311224
dry 2e4 2 132 - 0.02 0.11 26828
aoDLAV 2e4 2 132 - 0.04 0.17 30808
aoULAV 2e4 2 132 - 0.03 0.18 30808
aoD2AG 2e4 2 132 - 0.03 0.20 32284
aoD2SG 2e4 2 132 - 0.02 0.21 32288
moore 2e4 2 132 - 3.39 6787.16 11765544
nbpm 2e4 2 132 - 29.50 2706.44 31402188
greedy 2e4 2 132 - 25.63 1229.78 43771040
dry 2e4 5 29 - 0.02 0.12 27776
aoDLAV 2e4 5 29 - 0.03 0.28 32760
aoULAV 2e4 5 29 - 0.03 0.28 32768
aoD2AG 2e4 5 29 - 0.03 0.31 33344
aoD2SG 2e4 5 29 - 0.03 0.34 32860
moore 2e4 5 29 - 3.41 7509.77 11768080
nbpm 2e4 5 29 - 28.71 4888.48 34200608
greedy 2e4 5 29 - 24.81 1279.87 43774000
dry 150e2 2 61 - 0.03 0.12 28596
aoDLAV 150e2 2 61 - 0.04 0.17 30824
aoULAV 150e2 2 61 - 0.02 0.19 30824
aoD2AG 150e2 2 61 - 0.03 0.20 31608
aoD2SG 150e2 2 61 - 0.04 0.19 31608
moore 150e2 2 61 - 2.29 3616.69 6629344
nbpm 150e2 2 61 - 15.11 1126.90 16814168
greedy 150e2 2 61 - 14.57 691.23 24630024
dry 1e8 2 172 - 1.08 3.07 1983296
aoDLAV 1e8 2 172 - 8.43 596.48 14862072
aoULAV 1e8 2 172 - 10.53 629.27 14862108
aoD2AG 1e8 2 172 - 18.77 880.67 21855304
aoD2SG 1e8 2 172 - 19.55 1019.23 22652412
dry 1e8 5 226 - 2.15 6.14 4327052
aoDLAV 1e8 5 226 - 10.99 2553.19 23065208
aoULAV 1e8 5 226 - 16.29 2717.47 23065204
aoD2AG 1e8 5 226 - 25.91 3456.22 30451808
aoD2SG 1e8 5 226 - 27.36 3568.46 31306624
dry 8e7 2 204 - 0.88 2.44 1592676
aoDLAV 8e7 2 204 - 6.27 468.79 11893324
aoULAV 8e7 2 204 - 8.15 489.84 11893328
aoD2AG 8e7 2 204 - 15.14 683.30 17488952
aoD2SG 8e7 2 204 - 15.01 809.24 18124476
dry 9e7 2 144 - 0.91 2.74 1787988
aoDLAV 9e7 2 144 - 7.07 517.97 13377684
aoULAV 9e7 2 144 - 9.68 557.72 13377684
aoD2AG 9e7 2 144 - 16.46 1011.24 19671468
aoD2SG 9e7 2 144 - 17.97 954.12 20388336
dry 1e8 2 111 - 1.02 3.02 1983300
aoDLAV 1e8 2 111 - 8.16 601.73 14862072
aoULAV 1e8 2 111 - 10.82 632.80 14862068
aoD2AG 1e8 2 111 - 18.94 908.61 21854276
aoD2SG 1e8 2 111 - 20.50 1062.54 22653128
dry 2e4 10 147 - 0.03 0.12 30980
aoDLAV 2e4 10 147 - 0.04 1.71 34836
aoULAV 2e4 10 147 - 0.04 1.92 34848
aoD2AG 2e4 10 147 - 0.04 1.96 36076
aoD2SG 2e4 10 147 - 0.04 1.94 36080
moore 2e4 10 147 - 3.36 7274.61 11770836
nbpm 2e4 10 147 - 29.31 6077.07 30880036
greedy 2e4 10 147 - 26.34 1322.84 43775824
dry 2e4 2 133 - 0.02 0.12 28824
aoDLAV 2e4 2 133 - 0.04 0.19 30808
aoULAV 2e4 2 133 - 0.04 0.19 30812
aoD2AG 2e4 2 133 - 0.03 0.22 32288
aoD2SG 2e4 2 133 - 0.04 0.22 32292
moore 2e4 2 133 - 3.48 6299.81 11765560
nbpm 2e4 2 133 - 29.35 2617.04 31402200
greedy 2e4 2 133 - 23.88 1238.93 43771044
dry 18e3 2 114 - 0.02 0.12 26748
aoDLAV 18e3 2 114 - 0.04 0.17 30744
aoULAV 18e3 2 114 - 0.03 0.19 30740
aoD2AG 18e3 2 114 - 0.03 0.20 31808
aoD2SG 18e3 2 114 - 0.03 0.21 31816
moore 18e3 2 114 - 2.90 5849.48 9534976
nbpm 18e3 2 114 - 23.73 1902.66 25451056
greedy 18e3 2 114 - 19.95 1075.45 35458368
dry 2e4 5 51 - 0.03 0.12 27776
aoDLAV 2e4 5 51 - 0.04 0.29 32756
aoULAV 2e4 5 51 - 0.03 0.30 32772
aoD2AG 2e4 5 51 - 0.04 0.33 33344
aoD2SG 2e4 5 51 - 0.04 0.35 32860
moore 2e4 5 51 - 3.45 6771.14 11768084
nbpm 2e4 5 51 - 29.16 5251.84 34200496
greedy 2e4 5 51 - 25.77 1292.70 43774004
dry 18e3 2 65 - 0.03 0.11 26752
aoDLAV 18e3 2 65 - 0.04 0.18 30740
aoULAV 18e3 2 65 - 0.03 0.19 30740
aoD2AG 18e3 2 65 - 0.03 0.19 31804
aoD2SG 18e3 2 65 - 0.03 0.20 31812
moore 18e3 2 65 - 2.81 5405.29 9534996
nbpm 18e3 2 65 - 23.56 1960.37 25451064
greedy 18e3 2 65 - 20.48 1083.02 35458364
dry 1e8 5 230 - 2.46 6.38 4327056
aoDLAV 1e8 5 230 - 11.62 2729.13 23065204
aoULAV 1e8 5 230 - 16.64 2682.63 23065208
aoD2AG 1e8 5 230 - 26.47 2965.59 30460136
aoD2SG 1e8 5 230 - 28.30 3598.81 31313024
dry 150e2 2 159 - 0.02 0.12 26628
aoDLAV 150e2 2 159 - 0.03 0.18 30824
aoULAV 150e2 2 159 - 0.03 0.18 30828
aoD2AG 150e2 2 159 - 0.02 0.20 31608
aoD2SG 150e2 2 159 - 0.02 0.20 31608
moore 150e2 2 159 - 2.05 3009.67 6629368
nbpm 150e2 2 159 - 14.56 1100.25 16814180
greedy 150e2 2 159 - 12.65 631.55 24630024
