dry 18e3 2 61 - 0.02 0.10 30496
aoDLAV 18e3 2 61 - 0.03 0.15 30744
aoULAV 18e3 2 61 - 0.02 0.16 30740
aoD2AG 18e3 2 61 - 0.03 0.16 31812
aoD2SG 18e3 2 61 - 0.02 0.17 31812
moore 18e3 2 61 - 2.91 5472.63 9535096
nbpm 18e3 2 61 - 23.56 1866.43 25451068
greedy 18e3 2 61 - 18.88 998.89 35458364
dry 1e8 2 123 - 0.98 3.00 1983296
aoDLAV 1e8 2 123 - 8.00 729.45 14862068
aoULAV 1e8 2 123 - 10.35 618.69 14862068
aoD2AG 1e8 2 123 - 18.99 1010.14 21855032
aoD2SG 1e8 2 123 - 19.56 1067.22 22649324
dry 150e2 2 89 - 0.02 0.12 28608
aoDLAV 150e2 2 89 - 0.03 0.18 30824
aoULAV 150e2 2 89 - 0.03 0.18 30828
aoD2AG 150e2 2 89 - 0.03 0.19 31608
aoD2SG 150e2 2 89 - 0.03 0.20 31608
moore 150e2 2 89 - 2.12 2612.10 6629352
nbpm 150e2 2 89 - 14.92 1517.48 16814176
greedy 150e2 2 89 - 14.32 676.13 24630024
dry 18e3 2 42 - 0.03 0.12 26752
aoDLAV 18e3 2 42 - 0.04 0.19 30740
aoULAV 18e3 2 42 - 0.03 0.20 30740
aoD2AG 18e3 2 42 - 0.04 0.20 31804
aoD2SG 18e3 2 42 - 0.03 0.21 31808
moore 18e3 2 42 - 3.00 6189.81 9534984
nbpm 18e3 2 42 - 23.45 1876.84 25451064
greedy 18e3 2 42 - 19.68 1061.50 35458364
dry 125e2 2 58 - 0.02 0.12 27952
aoDLAV 125e2 2 58 - 0.02 0.18 30708
aoULAV 125e2 2 58 - 0.03 0.17 30712
aoD2AG 125e2 2 58 - 0.02 0.19 31376
aoD2SG 125e2 2 58 - 0.03 0.18 31376
moore 125e2 2 58 - 1.64 1677.56 4611544
nbpm 125e2 2 58 - 11.68 666.06 12302320
greedy 125e2 2 58 - 9.01 441.24 17109968
dry 1e8 5 203 - 2.29 6.31 4327056
aoDLAV 1e8 5 203 - 11.13 2583.92 23065208
aoULAV 1e8 5 203 - 16.28 2595.50 23065204
aoD2AG 1e8 5 203 - 25.39 2909.02 30458860
aoD2SG 1e8 5 203 - 27.03 3544.95 31310392
dry 8e7 2 113 - 0.84 2.48 1592676
aoDLAV 8e7 2 113 - 6.22 477.61 11893324
aoULAV 8e7 2 113 - 8.19 503.00 11893324
aoD2AG 8e7 2 113 - 14.80 690.87 17489312
aoD2SG 8e7 2 113 - 15.87 820.13 18124788
dry 2e4 5 123 - 0.03 0.12 29796
aoDLAV 2e4 5 123 - 0.02 0.31 32756
aoULAV 2e4 5 123 - 0.04 0.30 32768
aoD2AG 2e4 5 123 - 0.03 0.34 33348
aoD2SG 2e4 5 123 - 0.04 0.35 32860
moore 2e4 5 123 - 3.41 6418.94 11768080
nbpm 2e4 5 123 - 28.87 5753.80 34200504
greedy 2e4 5 123 - 23.63 1253.37 43774004
dry 2e4 5 139 - 0.03 0.11 27776
aoDLAV 2e4 5 139 - 0.04 0.26 32756
aoULAV 2e4 5 139 - 0.03 0.28 32772
aoD2AG 2e4 5 139 - 0.03 0.31 33340
aoD2SG 2e4 5 139 - 0.04 0.33 32860
moore 2e4 5 139 - 3.52 6853.27 11768084
nbpm 2e4 5 139 - 28.55 4675.55 34200496
greedy 2e4 5 139 - 25.68 1335.62 43774004
dry 18e3 2 37 - 0.02 0.12 26748
aoDLAV 18e3 2 37 - 0.03 0.18 30740
aoULAV 18e3 2 37 - 0.03 0.19 30744
aoD2AG 18e3 2 37 - 0.02 0.21 31808
aoD2SG 18e3 2 37 - 0.03 0.21 31816
moore 18e3 2 37 - 2.89 5130.01 9534976
nbpm 18e3 2 37 - 23.40 1934.29 25451052
greedy 18e3 2 37 - 20.91 1043.96 35458364
dry 175e2 2 1 - 0.02 0.12 28732
aoDLAV 175e2 2 1 - 0.04 0.18 30720
aoULAV 175e2 2 1 - 0.04 0.18 30720
aoD2AG 175e2 2 1 - 0.03 0.20 31756
aoD2SG 175e2 2 1 - 0.03 0.21 31760
moore 175e2 2 1 - 2.82 4672.22 9014020
nbpm 175e2 2 1 - 21.30 1804.65 22863136
greedy 175e2 2 1 - 19.88 996.89 33516976
dry 2e4 5 171 - 0.03 0.12 27776
aoDLAV 2e4 5 171 - 0.03 0.28 32760
aoULAV 2e4 5 171 - 0.03 0.29 32768
aoD2AG 2e4 5 171 - 0.02 0.33 33348
aoD2SG 2e4 5 171 - 0.04 0.36 32860
moore 2e4 5 171 - 3.43 7280.55 11768084
nbpm 2e4 5 171 - 28.72 5118.85 34200500
greedy 2e4 5 171 - 26.52 1332.77 43774004
dry 2e4 2 62 - 0.03 0.12 26828
aoDLAV 2e4 2 62 - 0.03 0.19 30808
aoULAV 2e4 2 62 - 0.04 0.19 30808
aoD2AG 2e4 2 62 - 0.03 0.21 32288
aoD2SG 2e4 2 62 - 0.03 0.22 32292
moore 2e4 2 62 - 3.51 7189.76 11765552
nbpm 2e4 2 62 - 28.97 2688.18 31402196
greedy 2e4 2 62 - 23.54 1302.53 43771040
dry 1e8 2 179 - 1.10 3.05 1983296
aoDLAV 1e8 2 179 - 8.46 600.65 14862068
aoULAV 1e8 2 179 - 10.37 627.62 14862068
aoD2AG 1e8 2 179 - 18.85 912.24 21855792
aoD2SG 1e8 2 179 - 20.16 1079.08 22653956
dry 2e4 5 7 - 0.03 0.12 29348
aoDLAV 2e4 5 7 - 0.04 0.29 32760
aoULAV 2e4 5 7 - 0.04 0.29 32768
aoD2AG 2e4 5 7 - 0.03 0.33 33340
aoD2SG 2e4 5 7 - 0.04 0.35 32860
moore 2e4 5 7 - 3.71 7238.82 11768080
nbpm 2e4 5 7 - 28.60 4725.49 34200496
greedy 2e4 5 7 - 25.21 1307.75 43774008
dry 1e8 5 75 - 2.35 6.23 4327056
aoDLAV 1e8 5 75 - 11.39 2646.74 23065204
aoULAV 1e8 5 75 - 16.21 2709.86 23065228
aoD2AG 1e8 5 75 - 25.29 2917.12 30453664
aoD2SG 1e8 5 75 - 27.52 3511.84 31308684
dry 2e4 10 171 - 0.03 0.12 30148
aoDLAV 2e4 10 171 - 0.04 1.77 34836
aoULAV 2e4 10 171 - 0.04 2.14 34848
aoD2AG 2e4 10 171 - 0.03 2.01 36076
aoD2SG 2e4 10 171 - 0.03 2.04 36080
moore 2e4 10 171 - 3.49 6954.48 11770836
nbpm 2e4 10 171 - 28.55 5847.32 30880040
greedy 2e4 10 171 - 23.63 1311.81 43775820
dry 2e4 5 247 - 0.02 0.12 29700
aoDLAV 2e4 5 247 - 0.03 0.28 32756
aoULAV 2e4 5 247 - 0.03 0.28 32768
aoD2AG 2e4 5 247 - 0.04 0.30 33344
aoD2SG 2e4 5 247 - 0.04 0.32 32864
moore 2e4 5 247 - 3.37 7143.46 11768080
nbpm 2e4 5 247 - 28.96 4759.76 34200496
greedy 2e4 5 247 - 25.86 1277.32 43774004
dry 8e7 2 121 - 0.83 2.45 1592676
aoDLAV 8e7 2 121 - 6.38 554.32 11893364
aoULAV 8e7 2 121 - 8.11 484.69 11893328
aoD2AG 8e7 2 121 - 15.40 682.34 17488744
aoD2SG 8e7 2 121 - 16.06 812.24 18125268
dry 1e8 5 12 - 2.38 6.22 4327052
aoDLAV 1e8 5 12 - 10.78 3351.63 23065208
aoULAV 1e8 5 12 - 16.11 2607.15 23065204
aoD2AG 1e8 5 12 - 26.20 2908.58 30456212
aoD2SG 1e8 5 12 - 27.86 4329.87 31311492
dry 18e3 2 196 - 0.03 0.11 26748
aoDLAV 18e3 2 196 - 0.04 0.18 30744
aoULAV 18e3 2 196 - 0.03 0.19 30740
aoD2AG 18e3 2 196 - 0.03 0.20 31808
aoD2SG 18e3 2 196 - 0.04 0.20 31812
moore 18e3 2 196 - 2.85 4967.46 9534976
nbpm 18e3 2 196 - 23.31 1978.90 25451060
greedy 18e3 2 196 - 20.59 1025.43 35458364
dry 1e8 5 54 - 2.72 6.31 4327052
aoDLAV 1e8 5 54 - 11.89 3299.53 23065228
aoULAV 1e8 5 54 - 16.92 3017.68 23065204
aoD2AG 1e8 5 54 - 26.01 2896.55 30456352
aoD2SG 1e8 5 54 - 24.75 3455.15 31312724
