dry 2e4 10 150 - 0.02 0.12 31092
aoDLAV 2e4 10 150 - 0.03 1.49 34836
aoULAV 2e4 10 150 - 0.02 1.52 34848
aoD2AG 2e4 10 150 - 0.04 1.56 36076
aoD2SG 2e4 10 150 - 0.03 1.77 36076
moore 2e4 10 150 - 3.43 7249.87 11770836
nbpm 2e4 10 150 - 28.32 5461.81 30880040
greedy 2e4 10 150 - 24.35 1322.86 43775820
dry 175e2 2 92 - 0.03 0.12 26732
aoDLAV 175e2 2 92 - 0.03 0.19 30716
aoULAV 175e2 2 92 - 0.04 0.18 30716
aoD2AG 175e2 2 92 - 0.03 0.19 31752
aoD2SG 175e2 2 92 - 0.02 0.21 31760
moore 175e2 2 92 - 2.77 4838.00 9014020
nbpm 175e2 2 92 - 21.08 2036.11 22863132
greedy 175e2 2 92 - 19.08 925.90 33516976
dry 150e2 2 229 - 0.02 0.12 26628
aoDLAV 150e2 2 229 - 0.03 0.18 30824
aoULAV 150e2 2 229 - 0.03 0.18 30824
aoD2AG 150e2 2 229 - 0.02 0.19 31608
aoD2SG 150e2 2 229 - 0.03 0.19 31612
moore 150e2 2 229 - 2.17 3603.82 6629352
nbpm 150e2 2 229 - 14.80 1201.65 16814176
greedy 150e2 2 229 - 14.32 710.21 24630024
dry 9e7 2 187 - 1.00 2.78 1787984
aoDLAV 9e7 2 187 - 7.32 528.10 13377684
aoULAV 9e7 2 187 - 9.25 573.48 13377684
aoD2AG 9e7 2 187 - 16.89 793.39 19671664
aoD2SG 9e7 2 187 - 17.81 893.51 20386920
dry 125e2 2 139 - 0.02 0.12 26532
aoDLAV 125e2 2 139 - 0.03 0.17 30712
aoULAV 125e2 2 139 - 0.03 0.18 30712
aoD2AG 125e2 2 139 - 0.03 0.18 31376
aoD2SG 125e2 2 139 - 0.03 0.18 31376
moore 125e2 2 139 - 1.54 2039.00 4611548
nbpm 125e2 2 139 - 11.26 645.16 12302328
greedy 125e2 2 139 - 9.42 450.78 17109964
dry 125e2 2 212 - 0.02 0.12 26532
aoDLAV 125e2 2 212 - 0.03 0.17 30708
aoULAV 125e2 2 212 - 0.03 0.17 30712
aoD2AG 125e2 2 212 - 0.02 0.19 31376
aoD2SG 125e2 2 212 - 0.02 0.19 31376
moore 125e2 2 212 - 1.62 1770.16 4611540
nbpm 125e2 2 212 - 11.52 697.18 12302320
greedy 125e2 2 212 - 10.20 473.91 17109964
dry 1e8 2 191 - 1.16 3.01 1983300
aoDLAV 1e8 2 191 - 8.06 618.01 14862068
aoULAV 1e8 2 191 - 10.08 624.00 14862068
aoD2AG 1e8 2 191 - 18.79 875.21 21855400
aoD2SG 1e8 2 191 - 20.25 1022.82 22651904
dry 2e4 10 32 - 0.03 0.12 30452
aoDLAV 2e4 10 32 - 0.03 1.61 34836
aoULAV 2e4 10 32 - 0.03 1.69 34852
aoD2AG 2e4 10 32 - 0.04 1.73 36076
aoD2SG 2e4 10 32 - 0.04 1.91 36076
moore 2e4 10 32 - 3.42 7126.82 11770832
nbpm 2e4 10 32 - 28.87 5620.51 30880040
greedy 2e4 10 32 - 25.68 1617.37 43775820
dry 175e2 2 203 - 0.03 0.11 26732
aoDLAV 175e2 2 203 - 0.03 0.18 30720
aoULAV 175e2 2 203 - 0.03 0.19 30716
aoD2AG 175e2 2 203 - 0.04 0.19 31752
aoD2SG 175e2 2 203 - 0.04 0.20 31756
moore 175e2 2 203 - 2.70 4727.86 9014020
nbpm 175e2 2 203 - 21.50 2375.44 22863136
greedy 175e2 2 203 - 18.14 1020.99 33516976
dry 175e2 2 116 - 0.03 0.11 26732
aoDLAV 175e2 2 116 - 0.03 0.18 30716
aoULAV 175e2 2 116 - 0.03 0.19 30720
aoD2AG 175e2 2 116 - 0.03 0.20 31756
aoD2SG 175e2 2 116 - 0.03 0.20 31760
moore 175e2 2 116 - 2.74 4705.51 9014028
nbpm 175e2 2 116 - 20.89 1823.87 22863140
greedy 175e2 2 116 - 18.84 919.02 33516976
dry 2e4 2 80 - 0.03 0.12 26832
aoDLAV 2e4 2 80 - 0.03 0.18 30808
aoULAV 2e4 2 80 - 0.03 0.18 30812
aoD2AG 2e4 2 80 - 0.04 0.19 32284
aoD2SG 2e4 2 80 - 0.03 0.21 32288
moore 2e4 2 80 - 3.41 6055.95 11765544
nbpm 2e4 2 80 - 29.18 2690.03 31402188
greedy 2e4 2 80 - 25.64 1205.89 43771040
dry 175e2 2 154 - 0.03 0.11 26732
aoDLAV 175e2 2 154 - 0.02 0.19 30716
aoULAV 175e2 2 154 - 0.03 0.19 30716
aoD2AG 175e2 2 154 - 0.03 0.20 31752
aoD2SG 175e2 2 154 - 0.03 0.20 31760
moore 175e2 2 154 - 2.77 4834.52 9014028
nbpm 175e2 2 154 - 21.13 2022.91 22863144
greedy 175e2 2 154 - 19.94 988.34 33516976
dry 150e2 2 160 - 0.03 0.11 28560
aoDLAV 150e2 2 160 - 0.03 0.17 30828
aoULAV 150e2 2 160 - 0.03 0.18 30824
aoD2AG 150e2 2 160 - 0.04 0.18 31608
aoD2SG 150e2 2 160 - 0.03 0.19 31608
moore 150e2 2 160 - 2.15 3232.58 6629352
nbpm 150e2 2 160 - 14.49 1148.14 16814180
greedy 150e2 2 160 - 13.80 683.34 24630028
dry 175e2 2 28 - 0.04 0.11 30484
aoDLAV 175e2 2 28 - 0.04 0.19 30716
aoULAV 175e2 2 28 - 0.03 0.19 30716
aoD2AG 175e2 2 28 - 0.03 0.21 31756
aoD2SG 175e2 2 28 - 0.02 0.21 31764
moore 175e2 2 28 - 2.71 4790.15 9014020
nbpm 175e2 2 28 - 21.84 2014.05 22863136
greedy 175e2 2 28 - 19.17 1068.57 33516976
dry 2e4 2 137 - 0.03 0.11 28648
aoDLAV 2e4 2 137 - 0.03 0.19 30808
aoULAV 2e4 2 137 - 0.04 0.19 30808
aoD2AG 2e4 2 137 - 0.04 0.20 32284
aoD2SG 2e4 2 137 - 0.04 0.21 32288
moore 2e4 2 137 - 3.39 6464.60 11765552
nbpm 2e4 2 137 - 28.70 3927.79 31402196
greedy 2e4 2 137 - 23.02 1211.46 43771044
dry 2e4 5 215 - 0.02 0.12 29136
aoDLAV 2e4 5 215 - 0.04 0.28 32760
aoULAV 2e4 5 215 - 0.03 0.29 32768
aoD2AG 2e4 5 215 - 0.04 0.31 33340
aoD2SG 2e4 5 215 - 0.03 0.34 32860
moore 2e4 5 215 - 3.53 7808.47 11768080
nbpm 2e4 5 215 - 28.84 4701.19 34200504
greedy 2e4 5 215 - 23.96 1378.55 43774004
dry 125e2 2 59 - 0.03 0.11 26532
aoDLAV 125e2 2 59 - 0.03 0.18 30712
aoULAV 125e2 2 59 - 0.04 0.17 30712
aoD2AG 125e2 2 59 - 0.02 0.20 31376
aoD2SG 125e2 2 59 - 0.03 0.20 31376
moore 125e2 2 59 - 1.54 1673.97 4611540
nbpm 125e2 2 59 - 11.53 676.79 12302320
greedy 125e2 2 59 - 10.04 443.57 17109968
dry 1e8 5 8 - 2.26 6.18 4327052
aoDLAV 1e8 5 8 - 11.11 2557.12 23065208
aoULAV 1e8 5 8 - 16.17 2728.48 23065204
aoD2AG 1e8 5 8 - 26.23 2853.26 30451828
aoD2SG 1e8 5 8 - 27.95 3636.97 31308252
dry 150e2 2 63 - 0.03 0.12 26632
aoDLAV 150e2 2 63 - 0.03 0.18 30828
aoULAV 150e2 2 63 - 0.03 0.19 30828
aoD2AG 150e2 2 63 - 0.03 0.21 31612
aoD2SG 150e2 2 63 - 0.03 0.22 31612
moore 150e2 2 63 - 2.21 3015.63 6629352
nbpm 150e2 2 63 - 14.68 1199.83 16814176
greedy 150e2 2 63 - 13.17 678.20 24630024
dry 2e4 2 96 - 0.02 0.12 26828
aoDLAV 2e4 2 96 - 0.03 0.19 30812
aoULAV 2e4 2 96 - 0.02 0.19 30808
aoD2AG 2e4 2 96 - 0.03 0.21 32288
aoD2SG 2e4 2 96 - 0.03 0.21 32296
moore 2e4 2 96 - 3.51 7633.13 11765556
nbpm 2e4 2 96 - 29.32 2717.56 31402196
greedy 2e4 2 96 - 23.64 1133.36 43771040
dry 8e7 2 108 - 0.74 2.42 1592676
aoDLAV 8e7 2 108 - 6.04 451.86 11893328
aoULAV 8e7 2 108 - 7.88 497.68 11893324
aoD2AG 8e7 2 108 - 14.36 681.46 17488596
aoD2SG 8e7 2 108 - 15.45 808.52 18127136
dry 2e4 5 60 - 0.03 0.11 27952
aoDLAV 2e4 5 60 - 0.03 0.28 32756
aoULAV 2e4 5 60 - 0.03 0.28 32768
aoD2AG 2e4 5 60 - 0.04 0.30 33340
aoD2SG 2e4 5 60 - 0.04 0.34 32860
moore 2e4 5 60 - 3.50 7150.83 11768084
nbpm 2e4 5 60 - 30.10 4866.14 34200496
greedy 2e4 5 60 - 23.14 1293.23 43774004
dry 2e4 5 49 - 0.03 0.12 31016
aoDLAV 2e4 5 49 - 0.03 0.28 32756
aoULAV 2e4 5 49 - 0.03 0.28 32768
aoD2AG 2e4 5 49 - 0.03 0.32 33348
aoD2SG 2e4 5 49 - 0.03 0.33 32864
moore 2e4 5 49 - 5.38 7860.41 11768080
nbpm 2e4 5 49 - 33.47 5135.26 34200496
greedy 2e4 5 49 - 25.09 1351.62 43774004
dry 150e2 2 172 - 0.02 0.12 26632
aoDLAV 150e2 2 172 - 0.02 0.18 30824
aoULAV 150e2 2 172 - 0.03 0.18 30824
aoD2AG 150e2 2 172 - 0.03 0.19 31612
aoD2SG 150e2 2 172 - 0.03 0.20 31608
moore 150e2 2 172 - 2.12 2684.52 6629352
nbpm 150e2 2 172 - 14.66 1138.83 16814176
greedy 150e2 2 172 - 14.48 710.76 24630024
dry 2e4 5 195 - 0.03 0.12 29584
aoDLAV 2e4 5 195 - 0.03 0.31 32756
aoULAV 2e4 5 195 - 0.04 0.30 32768
aoD2AG 2e4 5 195 - 0.04 0.33 33340
aoD2SG 2e4 5 195 - 0.04 0.34 32864
moore 2e4 5 195 - 4.49 6796.00 11768084
nbpm 2e4 5 195 - 28.85 4983.99 34200500
greedy 2e4 5 195 - 20.84 1039.14 43774004
