dry 9e7 2 10 - 0.91 2.77 1787984
aoDLAV 9e7 2 10 - 7.30 551.44 13377688
aoULAV 9e7 2 10 - 9.56 577.75 13377684
aoD2AG 9e7 2 10 - 16.48 834.60 19672264
aoD2SG 9e7 2 10 - 17.40 969.78 20388944
dry 18e3 2 10 - 0.03 0.12 26748
aoDLAV 18e3 2 10 - 0.03 0.19 30740
aoULAV 18e3 2 10 - 0.03 0.19 30740
aoD2AG 18e3 2 10 - 0.03 0.20 31804
aoD2SG 18e3 2 10 - 0.03 0.21 31808
moore 18e3 2 10 - 2.99 6630.70 9534984
nbpm 18e3 2 10 - 23.38 1956.31 25451064
greedy 18e3 2 10 - 21.36 1017.82 35458368
dry 18e3 2 119 - 0.02 0.12 26748
aoDLAV 18e3 2 119 - 0.02 0.19 30740
aoULAV 18e3 2 119 - 0.03 0.19 30744
aoD2AG 18e3 2 119 - 0.02 0.20 31808
aoD2SG 18e3 2 119 - 0.03 0.20 31812
moore 18e3 2 119 - 2.90 4665.30 9534980
nbpm 18e3 2 119 - 23.91 2006.19 25451056
greedy 18e3 2 119 - 18.99 1006.32 35458364
dry 2e4 5 109 - 0.03 0.11 29748
aoDLAV 2e4 5 109 - 0.03 0.28 32756
aoULAV 2e4 5 109 - 0.03 0.28 32768
aoD2AG 2e4 5 109 - 0.03 0.31 33340
aoD2SG 2e4 5 109 - 0.03 0.33 32864
moore 2e4 5 109 - 3.47 7560.27 11768080
nbpm 2e4 5 109 - 28.62 4868.87 34200608
greedy 2e4 5 109 - 23.24 1337.75 43774008
dry 2e4 10 97 - 0.03 0.12 30672
aoDLAV 2e4 10 97 - 0.03 1.77 34836
aoULAV 2e4 10 97 - 0.02 1.76 34848
aoD2AG 2e4 10 97 - 0.03 1.78 36076
aoD2SG 2e4 10 97 - 0.03 2.03 36080
moore 2e4 10 97 - 3.51 7357.17 11770836
nbpm 2e4 10 97 - 29.13 5576.61 30880044
greedy 2e4 10 97 - 24.25 1308.86 43775824
dry 18e3 2 109 - 0.02 0.11 26748
aoDLAV 18e3 2 109 - 0.02 0.18 30740
aoULAV 18e3 2 109 - 0.02 0.18 30740
aoD2AG 18e3 2 109 - 0.03 0.20 31808
aoD2SG 18e3 2 109 - 0.03 0.20 31816
moore 18e3 2 109 - 2.83 5844.27 9534976
nbpm 18e3 2 109 - 23.67 1981.86 25451056
greedy 18e3 2 109 - 21.32 1050.37 35458364
dry 9e7 2 241 - 0.96 2.76 1787988
aoDLAV 9e7 2 241 - 7.11 523.03 13377684
aoULAV 9e7 2 241 - 9.41 541.52 13377684
aoD2AG 9e7 2 241 - 18.18 830.08 19673164
aoD2SG 9e7 2 241 - 18.42 958.58 20390264
dry 1e8 2 39 - 1.02 2.99 1983296
aoDLAV 1e8 2 39 - 7.94 603.37 14862068
aoULAV 1e8 2 39 - 10.85 615.61 14862068
aoD2AG 1e8 2 39 - 18.46 937.52 21857280
aoD2SG 1e8 2 39 - 19.78 1105.02 22652232
dry 125e2 2 69 - 0.02 0.12 26536
aoDLAV 125e2 2 69 - 0.03 0.18 30708
aoULAV 125e2 2 69 - 0.03 0.18 30708
aoD2AG 125e2 2 69 - 0.03 0.18 31380
aoD2SG 125e2 2 69 - 0.03 0.19 31380
moore 125e2 2 69 - 1.64 1833.05 4611540
nbpm 125e2 2 69 - 10.79 678.77 12302320
greedy 125e2 2 69 - 8.95 443.27 17109964
dry 150e2 2 197 - 0.02 0.12 28512
aoDLAV 150e2 2 197 - 0.04 0.17 30824
aoULAV 150e2 2 197 - 0.03 0.18 30828
aoD2AG 150e2 2 197 - 0.04 0.18 31608
aoD2SG 150e2 2 197 - 0.05 0.18 31612
moore 150e2 2 197 - 2.15 2863.27 6629352
nbpm 150e2 2 197 - 14.51 1859.39 16814180
greedy 150e2 2 197 - 13.87 647.65 24630024
dry 150e2 2 222 - 0.02 0.12 26628
aoDLAV 150e2 2 222 - 0.03 0.18 30828
aoULAV 150e2 2 222 - 0.03 0.18 30824
aoD2AG 150e2 2 222 - 0.03 0.21 31608
aoD2SG 150e2 2 222 - 0.03 0.21 31608
moore 150e2 2 222 - 2.08 2930.49 6629344
nbpm 150e2 2 222 - 15.67 1217.22 16814204
greedy 150e2 2 222 - 13.75 693.62 24630028
dry 2e4 10 211 - 0.03 0.11 30012
aoDLAV 2e4 10 211 - 0.04 1.79 34836
aoULAV 2e4 10 211 - 0.03 1.74 34848
aoD2AG 2e4 10 211 - 0.04 1.78 36076
aoD2SG 2e4 10 211 - 0.04 1.98 36076
moore 2e4 10 211 - 3.66 7135.02 11770836
nbpm 2e4 10 211 - 28.30 9189.79 30880040
greedy 2e4 10 211 - 24.22 1281.25 43775820
dry 175e2 2 147 - 0.02 0.12 30488
aoDLAV 175e2 2 147 - 0.02 0.18 30716
aoULAV 175e2 2 147 - 0.03 0.18 30716
aoD2AG 175e2 2 147 - 0.02 0.20 31756
aoD2SG 175e2 2 147 - 0.03 0.20 31760
moore 175e2 2 147 - 2.74 4511.54 9014028
nbpm 175e2 2 147 - 21.48 1830.14 22863144
greedy 175e2 2 147 - 19.13 1066.00 33516976
dry 175e2 2 179 - 0.03 0.12 26732
aoDLAV 175e2 2 179 - 0.04 0.18 30716
aoULAV 175e2 2 179 - 0.03 0.19 30716
aoD2AG 175e2 2 179 - 0.04 0.19 31756
aoD2SG 175e2 2 179 - 0.03 0.21 31788
moore 175e2 2 179 - 2.81 5424.68 9014024
nbpm 175e2 2 179 - 21.10 1896.18 22863136
greedy 175e2 2 179 - 19.86 959.63 33517008
dry 9e7 2 58 - 1.12 2.71 1787984
aoDLAV 9e7 2 58 - 7.53 521.37 13377688
aoULAV 9e7 2 58 - 9.78 558.70 13377684
aoD2AG 9e7 2 58 - 17.39 792.32 19670100
aoD2SG 9e7 2 58 - 18.39 1187.26 20388204
dry 150e2 2 198 - 0.02 0.12 26628
aoDLAV 150e2 2 198 - 0.02 0.18 30824
aoULAV 150e2 2 198 - 0.04 0.16 30824
aoD2AG 150e2 2 198 - 0.02 0.20 31608
aoD2SG 150e2 2 198 - 0.02 0.20 31608
moore 150e2 2 198 - 2.10 3220.73 6629352
nbpm 150e2 2 198 - 14.67 1362.20 16814176
greedy 150e2 2 198 - 13.52 679.62 24630024
dry 18e3 2 222 - 0.03 0.12 26752
aoDLAV 18e3 2 222 - 0.04 0.18 30740
aoULAV 18e3 2 222 - 0.03 0.19 30740
aoD2AG 18e3 2 222 - 0.03 0.21 31804
aoD2SG 18e3 2 222 - 0.04 0.21 31808
moore 18e3 2 222 - 2.86 5814.84 9534988
nbpm 18e3 2 222 - 24.13 2076.34 25451064
greedy 18e3 2 222 - 19.81 976.33 35458368
dry 2e4 10 188 - 0.03 0.11 31816
aoDLAV 2e4 10 188 - 0.03 1.50 34840
aoULAV 2e4 10 188 - 0.03 1.49 34848
aoD2AG 2e4 10 188 - 0.03 1.57 36080
aoD2SG 2e4 10 188 - 0.04 1.73 36076
moore 2e4 10 188 - 3.35 6734.78 11770832
nbpm 2e4 10 188 - 35.11 6589.37 30880044
greedy 2e4 10 188 - 24.29 1346.71 43775820
dry 2e4 5 212 - 0.03 0.11 31016
aoDLAV 2e4 5 212 - 0.03 0.28 32756
aoULAV 2e4 5 212 - 0.04 0.28 32768
aoD2AG 2e4 5 212 - 0.03 0.32 33344
aoD2SG 2e4 5 212 - 0.03 0.33 32864
moore 2e4 5 212 - 3.39 7624.17 11768080
nbpm 2e4 5 212 - 28.61 4802.67 34200500
greedy 2e4 5 212 - 23.62 1363.78 43774004
dry 1e8 5 56 - 2.09 6.07 4327052
aoDLAV 1e8 5 56 - 10.79 2572.95 23065204
aoULAV 1e8 5 56 - 15.73 3203.12 23065204
aoD2AG 1e8 5 56 - 26.68 2945.61 30453308
aoD2SG 1e8 5 56 - 27.49 3487.92 31310124
dry 2e4 10 5 - 0.04 0.11 30716
aoDLAV 2e4 10 5 - 0.04 1.98 34840
aoULAV 2e4 10 5 - 0.03 2.02 34848
aoD2AG 2e4 10 5 - 0.04 1.77 36080
aoD2SG 2e4 10 5 - 0.04 1.91 36076
moore 2e4 10 5 - 3.49 7929.37 11770840
nbpm 2e4 10 5 - 29.89 7808.65 30880044
greedy 2e4 10 5 - 23.55 1340.18 43775820
dry 150e2 2 122 - 0.02 0.12 26628
aoDLAV 150e2 2 122 - 0.04 0.17 30824
aoULAV 150e2 2 122 - 0.03 0.18 30824
aoD2AG 150e2 2 122 - 0.03 0.19 31608
aoD2SG 150e2 2 122 - 0.03 0.19 31608
moore 150e2 2 122 - 2.11 3007.41 6629344
nbpm 150e2 2 122 - 14.92 1511.97 16814168
greedy 150e2 2 122 - 12.70 707.68 24630024
dry 2e4 5 30 - 0.02 0.12 27776
aoDLAV 2e4 5 30 - 0.03 0.29 32756
aoULAV 2e4 5 30 - 0.03 0.29 32768
aoD2AG 2e4 5 30 - 0.03 0.33 33348
aoD2SG 2e4 5 30 - 0.03 0.35 32860
moore 2e4 5 30 - 3.42 6297.63 11768080
nbpm 2e4 5 30 - 30.36 4538.30 34200492
greedy 2e4 5 30 - 23.43 1273.78 43774004
