dry 1e8 2 190 - 0.99 2.97 1983296
aoDLAV 1e8 2 190 - 7.86 594.47 14862068
aoULAV 1e8 2 190 - 10.42 806.35 14862068
aoD2AG 1e8 2 190 - 19.30 905.17 21853740
aoD2SG 1e8 2 190 - 21.14 1064.58 22651540
dry 150e2 2 185 - 0.03 0.12 26632
aoDLAV 150e2 2 185 - 0.04 0.18 30824
aoULAV 150e2 2 185 - 0.04 0.18 30824
aoD2AG 150e2 2 185 - 0.02 0.21 31608
aoD2SG 150e2 2 185 - 0.04 0.20 31608
moore 150e2 2 185 - 2.12 3906.38 6629348
nbpm 150e2 2 185 - 14.79 1675.17 16814168
greedy 150e2 2 185 - 14.01 672.17 24630024
dry 1e8 5 144 - 2.31 6.25 4327052
aoDLAV 1e8 5 144 - 11.02 2629.97 23065204
aoULAV 1e8 5 144 - 15.73 2722.39 23065204
aoD2AG 1e8 5 144 - 26.24 3010.70 30454108
aoD2SG 1e8 5 144 - 27.77 3592.73 31312212
dry 2e4 2 227 - 0.02 0.12 26832
aoDLAV 2e4 2 227 - 0.03 0.18 30808
aoULAV 2e4 2 227 - 0.02 0.20 30808
aoD2AG 2e4 2 227 - 0.03 0.19 32284
aoD2SG 2e4 2 227 - 0.03 0.21 32292
moore 2e4 2 227 - 3.39 6668.30 11765556
nbpm 2e4 2 227 - 28.75 2648.42 31402196
greedy 2e4 2 227 - 22.76 1242.02 43771040
dry 175e2 2 198 - 0.02 0.12 26736
aoDLAV 175e2 2 198 - 0.03 0.18 30716
aoULAV 175e2 2 198 - 0.03 0.18 30716
aoD2AG 175e2 2 198 - 0.03 0.20 31752
aoD2SG 175e2 2 198 - 0.02 0.21 31756
moore 175e2 2 198 - 2.66 4413.76 9014028
nbpm 175e2 2 198 - 21.54 1816.44 22863144
greedy 175e2 2 198 - 17.63 997.99 33516976
dry 2e4 5 153 - 0.03 0.12 27780
aoDLAV 2e4 5 153 - 0.03 0.30 32756
aoULAV 2e4 5 153 - 0.04 0.31 32768
aoD2AG 2e4 5 153 - 0.04 0.33 33340
aoD2SG 2e4 5 153 - 0.04 0.38 32860
moore 2e4 5 153 - 3.44 6918.56 11768080
nbpm 2e4 5 153 - 28.69 5160.69 34200496
greedy 2e4 5 153 - 25.28 1297.38 43774004
dry 125e2 2 228 - 0.03 0.12 26532
aoDLAV 125e2 2 228 - 0.04 0.17 30708
aoULAV 125e2 2 228 - 0.04 0.18 30708
aoD2AG 125e2 2 228 - 0.04 0.18 31376
aoD2SG 125e2 2 228 - 0.03 0.20 31376
moore 125e2 2 228 - 1.59 1858.21 4611540
nbpm 125e2 2 228 - 12.87 742.23 12302320
greedy 125e2 2 228 - 8.60 435.33 17109968
dry 125e2 2 4 - 0.01 0.12 26532
aoDLAV 125e2 2 4 - 0.03 0.17 30708
aoULAV 125e2 2 4 - 0.03 0.18 30708
aoD2AG 125e2 2 4 - 0.03 0.19 31380
aoD2SG 125e2 2 4 - 0.03 0.18 31376
moore 125e2 2 4 - 1.60 1624.18 4611540
nbpm 125e2 2 4 - 11.77 677.05 12302320
greedy 125e2 2 4 - 10.13 458.12 17109964
dry 2e4 10 120 - 0.02 0.13 30672
aoDLAV 2e4 10 120 - 0.04 1.87 34840
aoULAV 2e4 10 120 - 0.03 1.76 34848
aoD2AG 2e4 10 120 - 0.04 1.81 36080
aoD2SG 2e4 10 120 - 0.03 2.07 36076
moore 2e4 10 120 - 3.44 7472.37 11770836
nbpm 2e4 10 120 - 28.52 5505.54 30880040
greedy 2e4 10 120 - 22.26 1267.97 43775824
dry 150e2 2 223 - 0.03 0.11 26632
aoDLAV 150e2 2 223 - 0.03 0.18 30828
aoULAV 150e2 2 223 - 0.03 0.18 30828
aoD2AG 150e2 2 223 - 0.03 0.19 31608
aoD2SG 150e2 2 223 - 0.03 0.19 31608
moore 150e2 2 223 - 2.09 2789.36 6629344
nbpm 150e2 2 223 - 14.95 1219.77 16814168
greedy 150e2 2 223 - 14.56 694.51 24630024
dry 1e8 2 148 - 1.12 3.02 1983300
aoDLAV 1e8 2 148 - 8.05 598.11 14862068
aoULAV 1e8 2 148 - 10.61 653.58 14862068
aoD2AG 1e8 2 148 - 19.81 863.16 21854116
aoD2SG 1e8 2 148 - 21.07 1040.16 22652260
dry 2e4 2 53 - 0.02 0.12 26828
aoDLAV 2e4 2 53 - 0.02 0.19 30808
aoULAV 2e4 2 53 - 0.03 0.18 30808
aoD2AG 2e4 2 53 - 0.03 0.20 32292
aoD2SG 2e4 2 53 - 0.03 0.21 32296
moore 2e4 2 53 - 3.56 7980.76 11765544
nbpm 2e4 2 53 - 28.36 2659.20 31402188
greedy 2e4 2 53 - 23.80 1260.50 43771040
dry 150e2 2 45 - 0.03 0.11 26628
aoDLAV 150e2 2 45 - 0.03 0.17 30824
aoULAV 150e2 2 45 - 0.02 0.19 30828
aoD2AG 150e2 2 45 - 0.03 0.19 31608
aoD2SG 150e2 2 45 - 0.02 0.20 31608
moore 150e2 2 45 - 2.10 3001.97 6629368
nbpm 150e2 2 45 - 14.41 1448.49 16814176
greedy 150e2 2 45 - 14.07 690.91 24630028
dry 150e2 2 117 - 0.02 0.12 26628
aoDLAV 150e2 2 117 - 0.02 0.19 30840
aoULAV 150e2 2 117 - 0.03 0.18 30824
aoD2AG 150e2 2 117 - 0.02 0.20 31608
aoD2SG 150e2 2 117 - 0.03 0.20 31608
moore 150e2 2 117 - 2.21 3435.89 6629352
nbpm 150e2 2 117 - 14.80 1101.27 16814176
greedy 150e2 2 117 - 15.19 696.58 24630024
dry 8e7 2 129 - 0.91 2.42 1592676
aoDLAV 8e7 2 129 - 6.09 472.86 11893328
aoULAV 8e7 2 129 - 8.28 488.20 11893328
aoD2AG 8e7 2 129 - 14.91 680.16 17490768
aoD2SG 8e7 2 129 - 15.08 791.37 18126536
dry 18e3 2 2 - 0.03 0.11 26752
aoDLAV 18e3 2 2 - 0.02 0.19 30744
aoULAV 18e3 2 2 - 0.03 0.18 30740
aoD2AG 18e3 2 2 - 0.03 0.19 31808
aoD2SG 18e3 2 2 - 0.03 0.21 31816
moore 18e3 2 2 - 3.06 6400.34 9534980
nbpm 18e3 2 2 - 23.40 2080.75 25451056
greedy 18e3 2 2 - 21.09 1074.51 35458364
dry 1e8 5 195 - 2.31 6.23 4327052
aoDLAV 1e8 5 195 - 11.58 2564.79 23065204
aoULAV 1e8 5 195 - 16.26 2628.24 23065208
aoD2AG 1e8 5 195 - 25.86 2979.85 30460964
aoD2SG 1e8 5 195 - 28.49 3577.21 31316928
dry 125e2 2 214 - 0.02 0.13 26532
aoDLAV 125e2 2 214 - 0.03 0.18 30712
aoULAV 125e2 2 214 - 0.04 0.18 30712
aoD2AG 125e2 2 214 - 0.03 0.19 31380
aoD2SG 125e2 2 214 - 0.04 0.19 31376
moore 125e2 2 214 - 1.59 2040.75 4611540
nbpm 125e2 2 214 - 11.36 686.58 12302320
greedy 125e2 2 214 - 9.88 450.88 17109964
dry 1e8 2 117 - 1.09 3.05 1983296
aoDLAV 1e8 2 117 - 8.52 661.54 14862072
aoULAV 1e8 2 117 - 10.04 636.07 14862068
aoD2AG 1e8 2 117 - 18.30 888.06 21854920
aoD2SG 1e8 2 117 - 20.03 1044.60 22652208
dry 1e8 2 150 - 1.06 3.01 1983296
aoDLAV 1e8 2 150 - 7.81 583.40 14862068
aoULAV 1e8 2 150 - 10.25 629.08 14862068
aoD2AG 1e8 2 150 - 19.41 880.39 21853668
aoD2SG 1e8 2 150 - 19.99 1053.36 22651784
dry 9e7 2 35 - 0.93 2.68 1787984
aoDLAV 9e7 2 35 - 6.67 517.40 13377684
aoULAV 9e7 2 35 - 8.71 551.72 13377684
aoD2AG 9e7 2 35 - 17.72 800.51 19673908
aoD2SG 9e7 2 35 - 17.54 954.41 20391120
dry 9e7 2 2 - 0.93 2.74 1787984
aoDLAV 9e7 2 2 - 7.13 529.06 13377684
aoULAV 9e7 2 2 - 9.40 571.09 13377748
aoD2AG 9e7 2 2 - 16.22 805.35 19668204
aoD2SG 9e7 2 2 - 18.30 1023.86 20386980
dry 175e2 2 42 - 0.02 0.12 26732
aoDLAV 175e2 2 42 - 0.02 0.19 30720
aoULAV 175e2 2 42 - 0.04 0.18 30720
aoD2AG 175e2 2 42 - 0.03 0.20 31756
aoD2SG 175e2 2 42 - 0.03 0.20 31764
moore 175e2 2 42 - 2.91 4695.03 9014028
nbpm 175e2 2 42 - 21.38 1870.55 22863144
greedy 175e2 2 42 - 19.58 1006.12 33516980
dry 18e3 2 182 - 0.04 0.11 26752
aoDLAV 18e3 2 182 - 0.04 0.18 30740
aoULAV 18e3 2 182 - 0.04 0.18 30744
aoD2AG 18e3 2 182 - 0.03 0.20 31804
aoD2SG 18e3 2 182 - 0.03 0.21 31808
moore 18e3 2 182 - 2.91 5519.56 9534988
nbpm 18e3 2 182 - 23.82 1976.00 25451064
greedy 18e3 2 182 - 21.00 1043.08 35458364
dry 2e4 2 81 - 0.03 0.11 28780
aoDLAV 2e4 2 81 - 0.03 0.19 30812
aoULAV 2e4 2 81 - 0.03 0.20 30808
aoD2AG 2e4 2 81 - 0.04 0.20 32284
aoD2SG 2e4 2 81 - 0.03 0.22 32288
moore 2e4 2 81 - 3.51 6159.61 11765552
nbpm 2e4 2 81 - 28.86 2713.60 31402196
greedy 2e4 2 81 - 23.08 1234.19 43771040
dry 8e7 2 189 - 0.85 2.43 1592676
aoDLAV 8e7 2 189 - 6.07 461.81 11893324
aoULAV 8e7 2 189 - 8.20 496.01 11893324
aoD2AG 8e7 2 189 - 14.98 700.89 17487428
aoD2SG 8e7 2 189 - 15.94 820.44 18127148
dry 150e2 2 162 - 0.02 0.12 26628
aoDLAV 150e2 2 162 - 0.03 0.17 30824
aoULAV 150e2 2 162 - 0.02 0.18 30824
aoD2AG 150e2 2 162 - 0.02 0.19 31612
aoD2SG 150e2 2 162 - 0.03 0.19 31608
moore 150e2 2 162 - 2.02 3051.07 6629356
nbpm 150e2 2 162 - 14.78 1164.61 16814172
greedy 150e2 2 162 - 13.88 660.23 24630024
dry 175e2 2 207 - 0.02 0.12 26736
aoDLAV 175e2 2 207 - 0.03 0.18 30720
aoULAV 175e2 2 207 - 0.02 0.18 30716
aoD2AG 175e2 2 207 - 0.03 0.20 31752
aoD2SG 175e2 2 207 - 0.02 0.21 31756
moore 175e2 2 207 - 2.75 5153.58 9014028
nbpm 175e2 2 207 - 21.31 1927.66 22863144
greedy 175e2 2 207 - 20.12 990.20 33516976
dry 1e8 2 165 - 1.10 2.99 1983296
aoDLAV 1e8 2 165 - 8.25 593.32 14862068
aoULAV 1e8 2 165 - 10.48 641.45 14862068
aoD2AG 1e8 2 165 - 18.47 909.20 21854564
aoD2SG 1e8 2 165 - 19.62 1065.20 22649396
dry 18e3 2 93 - 0.03 0.12 26752
aoDLAV 18e3 2 93 - 0.03 0.19 30740
aoULAV 18e3 2 93 - 0.03 0.19 30744
aoD2AG 18e3 2 93 - 0.03 0.20 31804
aoD2SG 18e3 2 93 - 0.04 0.21 31808
moore 18e3 2 93 - 2.91 5820.28 9534988
nbpm 18e3 2 93 - 23.52 2035.99 25451068
greedy 18e3 2 93 - 21.06 956.68 35458364
