dry 1e8 5 13 - 2.21 6.20 4327052
aoDLAV 1e8 5 13 - 11.78 3392.01 23065204
aoULAV 1e8 5 13 - 16.13 2621.43 23065204
aoD2AG 1e8 5 13 - 25.50 2919.56 30455048
aoD2SG 1e8 5 13 - 27.55 3486.02 31309036
dry 2e4 10 54 - 0.03 0.12 30316
aoDLAV 2e4 10 54 - 0.03 1.58 34836
aoULAV 2e4 10 54 - 0.03 1.73 34852
aoD2AG 2e4 10 54 - 0.04 1.61 36076
aoD2SG 2e4 10 54 - 0.03 1.85 36076
moore 2e4 10 54 - 3.41 7116.66 11770836
nbpm 2e4 10 54 - 28.50 5774.35 30880040
greedy 2e4 10 54 - 24.54 1439.89 43775820
dry 150e2 2 71 - 0.03 0.11 26628
aoDLAV 150e2 2 71 - 0.03 0.18 30824
aoULAV 150e2 2 71 - 0.03 0.18 30824
aoD2AG 150e2 2 71 - 0.03 0.20 31612
aoD2SG 150e2 2 71 - 0.03 0.20 31608
moore 150e2 2 71 - 2.14 3331.82 6629356
nbpm 150e2 2 71 - 14.64 1396.65 16814200
greedy 150e2 2 71 - 13.33 670.62 24630024
dry 2e4 2 103 - 0.03 0.11 26832
aoDLAV 2e4 2 103 - 0.03 0.19 30808
aoULAV 2e4 2 103 - 0.03 0.18 30812
aoD2AG 2e4 2 103 - 0.03 0.20 32284
aoD2SG 2e4 2 103 - 0.03 0.21 32288
moore 2e4 2 103 - 3.51 7923.50 11765556
nbpm 2e4 2 103 - 29.42 3325.34 31402196
greedy 2e4 2 103 - 23.80 1280.30 43771040
dry 2e4 10 99 - 0.03 0.11 29364
aoDLAV 2e4 10 99 - 0.03 1.72 34836
aoULAV 2e4 10 99 - 0.03 1.73 34848
aoD2AG 2e4 10 99 - 0.04 1.79 36076
aoD2SG 2e4 10 99 - 0.03 2.02 36124
moore 2e4 10 99 - 3.45 6949.29 11770836
nbpm 2e4 10 99 - 30.04 5731.27 30880040
greedy 2e4 10 99 - 25.24 1266.21 43775824
dry 2e4 10 225 - 0.03 0.12 29368
aoDLAV 2e4 10 225 - 0.04 1.81 34836
aoULAV 2e4 10 225 - 0.05 1.81 34848
aoD2AG 2e4 10 225 - 0.04 1.86 36076
aoD2SG 2e4 10 225 - 0.04 2.07 36076
moore 2e4 10 225 - 3.71 6602.39 11770836
nbpm 2e4 10 225 - 30.06 5613.95 30880036
greedy 2e4 10 225 - 25.12 1262.31 43775820
dry 175e2 2 137 - 0.03 0.12 26736
aoDLAV 175e2 2 137 - 0.04 0.19 30720
aoULAV 175e2 2 137 - 0.03 0.19 30720
aoD2AG 175e2 2 137 - 0.02 0.22 31756
aoD2SG 175e2 2 137 - 0.03 0.21 31764
moore 175e2 2 137 - 2.77 4660.90 9014024
nbpm 175e2 2 137 - 22.12 1898.15 22863136
greedy 175e2 2 137 - 19.97 1021.59 33516980
dry 9e7 2 86 - 1.03 2.75 1787984
aoDLAV 9e7 2 86 - 7.65 538.09 13377688
aoULAV 9e7 2 86 - 9.52 566.77 13377684
aoD2AG 9e7 2 86 - 17.81 806.76 19668428
aoD2SG 9e7 2 86 - 19.70 962.32 20384620
dry 125e2 2 132 - 0.03 0.11 26532
aoDLAV 125e2 2 132 - 0.03 0.18 30708
aoULAV 125e2 2 132 - 0.03 0.17 30708
aoD2AG 125e2 2 132 - 0.03 0.18 31376
aoD2SG 125e2 2 132 - 0.03 0.19 31380
moore 125e2 2 132 - 1.68 1793.63 4611540
nbpm 125e2 2 132 - 11.49 689.30 12302320
greedy 125e2 2 132 - 9.74 469.32 17109964
dry 1e8 2 236 - 1.14 3.04 1983296
aoDLAV 1e8 2 236 - 8.86 602.09 14862072
aoULAV 1e8 2 236 - 10.65 632.84 14862072
aoD2AG 1e8 2 236 - 18.72 898.08 21856440
aoD2SG 1e8 2 236 - 19.92 1064.38 22654724
dry 1e8 2 166 - 1.07 3.01 1983296
aoDLAV 1e8 2 166 - 8.18 702.06 14862068
aoULAV 1e8 2 166 - 10.36 627.38 14862068
aoD2AG 1e8 2 166 - 18.16 885.23 21854632
aoD2SG 1e8 2 166 - 19.43 1050.29 22654004
dry 9e7 2 186 - 0.91 2.76 1787984
aoDLAV 9e7 2 186 - 7.44 666.39 13377688
aoULAV 9e7 2 186 - 9.32 549.81 13377684
aoD2AG 9e7 2 186 - 18.01 886.42 19669616
aoD2SG 9e7 2 186 - 17.66 952.14 20389248
dry 1e8 5 11 - 2.19 6.28 4327052
aoDLAV 1e8 5 11 - 12.04 2571.74 23065204
aoULAV 1e8 5 11 - 17.03 2600.08 23065204
aoD2AG 1e8 5 11 - 27.04 3533.11 30451816
aoD2SG 1e8 5 11 - 27.64 3505.40 31308444
dry 18e3 2 110 - 0.03 0.11 26748
aoDLAV 18e3 2 110 - 0.03 0.18 30744
aoULAV 18e3 2 110 - 0.03 0.19 30744
aoD2AG 18e3 2 110 - 0.03 0.20 31804
aoD2SG 18e3 2 110 - 0.03 0.20 31808
moore 18e3 2 110 - 2.90 6369.45 9534984
nbpm 18e3 2 110 - 23.70 2451.75 25451064
greedy 18e3 2 110 - 20.91 1005.07 35458364
dry 150e2 2 124 - 0.03 0.12 26628
aoDLAV 150e2 2 124 - 0.03 0.18 30828
aoULAV 150e2 2 124 - 0.02 0.19 30824
aoD2AG 150e2 2 124 - 0.04 0.18 31608
aoD2SG 150e2 2 124 - 0.03 0.20 31612
moore 150e2 2 124 - 2.05 2623.04 6629356
nbpm 150e2 2 124 - 14.72 1228.22 16814176
greedy 150e2 2 124 - 13.78 653.67 24630028
dry 8e7 2 198 - 0.96 2.44 1592676
aoDLAV 8e7 2 198 - 6.43 464.61 11893324
aoULAV 8e7 2 198 - 8.18 500.76 11893324
aoD2AG 8e7 2 198 - 14.74 703.17 17488800
aoD2SG 8e7 2 198 - 15.48 979.76 18124740
dry 2e4 5 160 - 0.02 0.12 29192
aoDLAV 2e4 5 160 - 0.03 0.29 32756
aoULAV 2e4 5 160 - 0.02 0.30 32772
aoD2AG 2e4 5 160 - 0.03 0.32 33344
aoD2SG 2e4 5 160 - 0.02 0.35 32860
moore 2e4 5 160 - 3.61 6387.75 11768084
nbpm 2e4 5 160 - 28.91 4796.05 34200508
greedy 2e4 5 160 - 23.75 1298.93 43774000
dry 1e8 5 193 - 2.23 6.28 4327052
aoDLAV 1e8 5 193 - 11.28 2645.92 23065204
aoULAV 1e8 5 193 - 16.63 2695.20 23065204
aoD2AG 1e8 5 193 - 25.93 2930.77 30449076
aoD2SG 1e8 5 193 - 28.18 3642.23 31312120
dry 2e4 10 149 - 0.02 0.12 31816
aoDLAV 2e4 10 149 - 0.04 1.73 34836
aoULAV 2e4 10 149 - 0.03 1.77 34848
aoD2AG 2e4 10 149 - 0.03 1.74 36076
aoD2SG 2e4 10 149 - 0.04 2.00 36076
moore 2e4 10 149 - 3.58 8032.44 11770836
nbpm 2e4 10 149 - 28.35 7325.70 30880040
greedy 2e4 10 149 - 24.27 1268.73 43775820
dry 125e2 2 190 - 0.03 0.11 26532
aoDLAV 125e2 2 190 - 0.03 0.17 30708
aoULAV 125e2 2 190 - 0.04 0.16 30708
aoD2AG 125e2 2 190 - 0.03 0.18 31376
aoD2SG 125e2 2 190 - 0.04 0.18 31380
moore 125e2 2 190 - 1.60 1738.50 4611540
nbpm 125e2 2 190 - 11.41 684.63 12302320
greedy 125e2 2 190 - 9.28 424.68 17109964
dry 18e3 2 216 - 0.03 0.11 26752
aoDLAV 18e3 2 216 - 0.04 0.17 30740
aoULAV 18e3 2 216 - 0.03 0.18 30744
aoD2AG 18e3 2 216 - 0.03 0.19 31804
aoD2SG 18e3 2 216 - 0.03 0.20 31812
moore 18e3 2 216 - 2.89 4912.92 9534988
nbpm 18e3 2 216 - 34.48 2040.54 25451064
greedy 18e3 2 216 - 21.04 1020.98 35458364
dry 18e3 2 64 - 0.02 0.12 26748
aoDLAV 18e3 2 64 - 0.02 0.19 30740
aoULAV 18e3 2 64 - 0.04 0.17 30760
aoD2AG 18e3 2 64 - 0.02 0.21 31808
aoD2SG 18e3 2 64 - 0.03 0.20 31812
moore 18e3 2 64 - 2.83 4553.27 9534980
nbpm 18e3 2 64 - 25.37 2433.88 25451056
greedy 18e3 2 64 - 19.85 1052.63 35458364
dry 2e4 2 244 - 0.02 0.12 26828
aoDLAV 2e4 2 244 - 0.03 0.19 30808
aoULAV 2e4 2 244 - 0.03 0.19 30812
aoD2AG 2e4 2 244 - 0.03 0.21 32288
aoD2SG 2e4 2 244 - 0.03 0.21 32288
moore 2e4 2 244 - 3.50 7224.69 11765548
nbpm 2e4 2 244 - 29.32 2925.02 31402188
greedy 2e4 2 244 - 25.31 1472.85 43771040
