dry 2e4 2 169 - 0.02 0.11 26828
aoDLAV 2e4 2 169 - 0.03 0.18 30808
aoULAV 2e4 2 169 - 0.02 0.18 30808
aoD2AG 2e4 2 169 - 0.03 0.20 32284
aoD2SG 2e4 2 169 - 0.04 0.20 32292
moore 2e4 2 169 - 3.47 7477.55 11765548
nbpm 2e4 2 169 - 28.79 2587.48 31402184
greedy 2e4 2 169 - 23.03 1229.86 43771040
dry 8e7 2 74 - 0.82 2.46 1592676
aoDLAV 8e7 2 74 - 6.34 468.95 11893324
aoULAV 8e7 2 74 - 8.23 495.30 11893328
aoD2AG 8e7 2 74 - 14.43 698.98 17488848
aoD2SG 8e7 2 74 - 17.04 835.85 18126400
dry 2e4 2 71 - 0.03 0.12 28756
aoDLAV 2e4 2 71 - 0.03 0.19 30808
aoULAV 2e4 2 71 - 0.03 0.19 30812
aoD2AG 2e4 2 71 - 0.03 0.21 32288
aoD2SG 2e4 2 71 - 0.04 0.21 32292
moore 2e4 2 71 - 3.53 7729.85 11765544
nbpm 2e4 2 71 - 28.74 2589.51 31402188
greedy 2e4 2 71 - 24.16 1162.03 43771040
dry 125e2 2 162 - 0.02 0.12 26532
aoDLAV 125e2 2 162 - 0.03 0.17 30712
aoULAV 125e2 2 162 - 0.04 0.17 30712
aoD2AG 125e2 2 162 - 0.03 0.19 31376
aoD2SG 125e2 2 162 - 0.02 0.19 31380
moore 125e2 2 162 - 1.63 1813.53 4611552
nbpm 125e2 2 162 - 11.11 708.87 12302328
greedy 125e2 2 162 - 9.52 468.98 17109964
dry 18e3 2 71 - 0.02 0.12 26748
aoDLAV 18e3 2 71 - 0.03 0.18 30744
aoULAV 18e3 2 71 - 0.02 0.19 30740
aoD2AG 18e3 2 71 - 0.02 0.20 31808
aoD2SG 18e3 2 71 - 0.02 0.21 31808
moore 18e3 2 71 - 2.92 4647.27 9534980
nbpm 18e3 2 71 - 23.35 1941.68 25451060
greedy 18e3 2 71 - 20.15 1039.28 35458364
dry 125e2 2 77 - 0.02 0.12 26532
aoDLAV 125e2 2 77 - 0.02 0.19 30708
aoULAV 125e2 2 77 - 0.03 0.17 30708
aoD2AG 125e2 2 77 - 0.04 0.17 31380
aoD2SG 125e2 2 77 - 0.03 0.19 31380
moore 125e2 2 77 - 1.60 1936.69 4611544
nbpm 125e2 2 77 - 11.26 1032.38 12302320
greedy 125e2 2 77 - 9.77 431.37 17109968
dry 9e7 2 246 - 0.96 2.71 1787984
aoDLAV 9e7 2 246 - 7.40 513.51 13377684
aoULAV 9e7 2 246 - 9.46 545.88 13377684
aoD2AG 9e7 2 246 - 17.15 784.69 19671224
aoD2SG 9e7 2 246 - 17.89 965.81 20391444
dry 1e8 5 158 - 2.26 6.26 4327052
aoDLAV 1e8 5 158 - 11.35 2533.90 23065204
aoULAV 1e8 5 158 - 16.01 2548.47 23065204
aoD2AG 1e8 5 158 - 25.89 3768.59 30460436
aoD2SG 1e8 5 158 - 28.60 3524.08 31316752
dry 1e8 2 100 - 1.11 3.02 1983296
aoDLAV 1e8 2 100 - 8.24 590.54 14862108
aoULAV 1e8 2 100 - 10.21 651.83 14862072
aoD2AG 1e8 2 100 - 19.18 1056.09 21858304
aoD2SG 1e8 2 100 - 19.75 1053.21 22656416
dry 2e4 2 180 - 0.02 0.12 26832
aoDLAV 2e4 2 180 - 0.03 0.19 30808
aoULAV 2e4 2 180 - 0.03 0.19 30808
aoD2AG 2e4 2 180 - 0.04 0.19 32284
aoD2SG 2e4 2 180 - 0.03 0.22 32288
moore 2e4 2 180 - 3.65 9078.61 11765552
nbpm 2e4 2 180 - 28.72 2678.45 31402192
greedy 2e4 2 180 - 24.90 1181.87 43771040
dry 9e7 2 141 - 0.88 2.71 1787988
aoDLAV 9e7 2 141 - 7.24 508.20 13377688
aoULAV 9e7 2 141 - 9.53 544.03 13377684
aoD2AG 9e7 2 141 - 18.08 799.66 19671128
aoD2SG 9e7 2 141 - 18.17 990.18 20386280
dry 125e2 2 92 - 0.02 0.12 26532
aoDLAV 125e2 2 92 - 0.03 0.18 30708
aoULAV 125e2 2 92 - 0.03 0.17 30708
aoD2AG 125e2 2 92 - 0.03 0.18 31376
aoD2SG 125e2 2 92 - 0.03 0.19 31376
moore 125e2 2 92 - 1.89 3118.49 4611548
nbpm 125e2 2 92 - 11.74 651.09 12302328
greedy 125e2 2 92 - 10.57 432.44 17109964
dry 2e4 5 86 - 0.03 0.11 29676
aoDLAV 2e4 5 86 - 0.04 0.28 32756
aoULAV 2e4 5 86 - 0.03 0.29 32772
aoD2AG 2e4 5 86 - 0.03 0.31 33340
aoD2SG 2e4 5 86 - 0.04 0.34 32864
moore 2e4 5 86 - 3.36 6914.23 11768080
nbpm 2e4 5 86 - 28.75 5227.32 34200496
greedy 2e4 5 86 - 24.79 1541.66 43774004
dry 18e3 2 12 - 0.03 0.11 26748
aoDLAV 18e3 2 12 - 0.03 0.18 30740
aoULAV 18e3 2 12 - 0.03 0.18 30740
aoD2AG 18e3 2 12 - 0.03 0.20 31804
aoD2SG 18e3 2 12 - 0.02 0.21 31808
moore 18e3 2 12 - 2.85 5614.02 9534976
nbpm 18e3 2 12 - 23.32 1947.90 25451056
greedy 18e3 2 12 - 18.91 1042.21 35458368
dry 1e8 5 206 - 2.29 6.21 4327052
aoDLAV 1e8 5 206 - 10.82 2723.77 23065204
aoULAV 1e8 5 206 - 17.49 2701.22 23065204
aoD2AG 1e8 5 206 - 27.01 3244.32 30455736
aoD2SG 1e8 5 206 - 27.96 4577.03 31307668
dry 9e7 2 174 - 1.02 2.77 1787984
aoDLAV 9e7 2 174 - 7.53 512.82 13377684
aoULAV 9e7 2 174 - 9.89 550.39 13377684
aoD2AG 9e7 2 174 - 17.17 784.58 19672924
aoD2SG 9e7 2 174 - 18.52 893.73 20388168
dry 18e3 2 69 - 0.02 0.12 26748
aoDLAV 18e3 2 69 - 0.04 0.17 30740
aoULAV 18e3 2 69 - 0.03 0.18 30740
aoD2AG 18e3 2 69 - 0.03 0.19 31808
aoD2SG 18e3 2 69 - 0.04 0.20 31812
moore 18e3 2 69 - 2.84 5588.20 9534980
nbpm 18e3 2 69 - 23.19 1954.05 25451060
greedy 18e3 2 69 - 18.58 995.31 35458392
dry 2e4 2 241 - 0.02 0.12 26832
aoDLAV 2e4 2 241 - 0.03 0.18 30812
aoULAV 2e4 2 241 - 0.04 0.18 30808
aoD2AG 2e4 2 241 - 0.03 0.20 32288
aoD2SG 2e4 2 241 - 0.03 0.21 32292
moore 2e4 2 241 - 3.41 7465.96 11765556
nbpm 2e4 2 241 - 29.07 2779.17 31402196
greedy 2e4 2 241 - 23.30 1196.84 43771040
dry 2e4 2 33 - 0.03 0.11 28660
aoDLAV 2e4 2 33 - 0.03 0.19 30808
aoULAV 2e4 2 33 - 0.03 0.19 30812
aoD2AG 2e4 2 33 - 0.03 0.20 32284
aoD2SG 2e4 2 33 - 0.03 0.21 32288
moore 2e4 2 33 - 3.47 7543.70 11765552
nbpm 2e4 2 33 - 28.94 2760.78 31402192
greedy 2e4 2 33 - 24.00 1261.88 43771040
dry 125e2 2 243 - 0.02 0.12 26532
aoDLAV 125e2 2 243 - 0.04 0.17 30708
aoULAV 125e2 2 243 - 0.02 0.18 30708
aoD2AG 125e2 2 243 - 0.03 0.19 31376
aoD2SG 125e2 2 243 - 0.03 0.19 31380
moore 125e2 2 243 - 1.59 1999.62 4611552
nbpm 125e2 2 243 - 11.99 672.46 12302328
greedy 125e2 2 243 - 9.81 479.49 17109972
dry 1e8 5 95 - 2.51 6.25 4327052
aoDLAV 1e8 5 95 - 11.74 2548.82 23065204
aoULAV 1e8 5 95 - 16.36 3508.35 23065204
aoD2AG 1e8 5 95 - 25.46 2934.07 30456908
aoD2SG 1e8 5 95 - 27.28 3708.51 31310416
dry 2e4 5 159 - 0.03 0.11 29492
aoDLAV 2e4 5 159 - 0.03 0.30 32756
aoULAV 2e4 5 159 - 0.03 0.33 32792
aoD2AG 2e4 5 159 - 0.04 0.34 33348
aoD2SG 2e4 5 159 - 0.03 0.37 32860
moore 2e4 5 159 - 3.47 7239.51 11768084
nbpm 2e4 5 159 - 28.60 5069.29 34200504
greedy 2e4 5 159 - 24.82 1304.59 43774004
dry 175e2 2 9 - 0.03 0.12 26736
aoDLAV 175e2 2 9 - 0.03 0.18 30716
aoULAV 175e2 2 9 - 0.03 0.18 30716
aoD2AG 175e2 2 9 - 0.04 0.19 31776
aoD2SG 175e2 2 9 - 0.03 0.20 31764
moore 175e2 2 9 - 2.73 3952.77 9014032
nbpm 175e2 2 9 - 22.95 1804.86 22863144
greedy 175e2 2 9 - 17.85 920.16 33516980
dry 175e2 2 73 - 0.01 0.12 26732
aoDLAV 175e2 2 73 - 0.03 0.17 30716
aoULAV 175e2 2 73 - 0.03 0.19 30720
aoD2AG 175e2 2 73 - 0.03 0.20 31752
aoD2SG 175e2 2 73 - 0.03 0.20 31760
moore 175e2 2 73 - 2.76 5397.97 9014024
nbpm 175e2 2 73 - 21.08 1839.36 22863136
greedy 175e2 2 73 - 19.31 990.27 33516976
dry 1e8 5 26 - 2.39 6.32 4327056
aoDLAV 1e8 5 26 - 11.20 2599.04 23065204
aoULAV 1e8 5 26 - 16.08 2619.95 23065208
aoD2AG 1e8 5 26 - 25.78 3069.30 30455336
aoD2SG 1e8 5 26 - 28.03 3147.97 31311756
