dry 2e4 10 163 - 0.03 0.11 30256
aoDLAV 2e4 10 163 - 0.04 1.93 34836
aoULAV 2e4 10 163 - 0.03 1.40 34848
aoD2AG 2e4 10 163 - 0.03 1.45 36076
aoD2SG 2e4 10 163 - 0.03 1.69 36080
moore 2e4 10 163 - 3.37 6985.78 11770836
nbpm 2e4 10 163 - 28.96 5629.86 30880032
greedy 2e4 10 163 - 24.00 1381.58 43775820
dry 8e7 2 173 - 0.90 2.44 1592676
aoDLAV 8e7 2 173 - 6.61 448.20 11893324
aoULAV 8e7 2 173 - 8.44 481.50 11893324
aoD2AG 8e7 2 173 - 14.82 694.89 17489760
aoD2SG 8e7 2 173 - 15.82 836.34 18129088
dry 18e3 2 135 - 0.03 0.12 26748
aoDLAV 18e3 2 135 - 0.03 0.19 30740
aoULAV 18e3 2 135 - 0.03 0.19 30740
aoD2AG 18e3 2 135 - 0.02 0.22 31804
aoD2SG 18e3 2 135 - 0.03 0.22 31812
moore 18e3 2 135 - 2.88 5605.36 9534984
nbpm 18e3 2 135 - 24.01 1966.56 25451064
greedy 18e3 2 135 - 21.00 1015.19 35458368
dry 175e2 2 228 - 0.02 0.12 26736
aoDLAV 175e2 2 228 - 0.02 0.19 30716
aoULAV 175e2 2 228 - 0.02 0.18 30716
aoD2AG 175e2 2 228 - 0.02 0.20 31752
aoD2SG 175e2 2 228 - 0.03 0.20 31760
moore 175e2 2 228 - 2.67 4218.51 9014024
nbpm 175e2 2 228 - 21.22 1758.80 22863136
greedy 175e2 2 228 - 17.66 990.81 33516980
dry 150e2 2 240 - 0.03 0.11 26632
aoDLAV 150e2 2 240 - 0.03 0.18 30828
aoULAV 150e2 2 240 - 0.03 0.18 30824
aoD2AG 150e2 2 240 - 0.03 0.19 31608
aoD2SG 150e2 2 240 - 0.04 0.19 31608
moore 150e2 2 240 - 2.13 3521.54 6629356
nbpm 150e2 2 240 - 14.69 1098.11 16814176
greedy 150e2 2 240 - 13.49 675.70 24630028
dry 125e2 2 216 - 0.03 0.11 26532
aoDLAV 125e2 2 216 - 0.02 0.18 30712
aoULAV 125e2 2 216 - 0.02 0.19 30708
aoD2AG 125e2 2 216 - 0.03 0.19 31376
aoD2SG 125e2 2 216 - 0.02 0.20 31376
moore 125e2 2 216 - 1.67 1627.99 4611540
nbpm 125e2 2 216 - 11.31 698.89 12302320
greedy 125e2 2 216 - 10.72 495.27 17109964
dry 125e2 2 30 - 0.03 0.12 26536
aoDLAV 125e2 2 30 - 0.04 0.17 30708
aoULAV 125e2 2 30 - 0.03 0.18 30708
aoD2AG 125e2 2 30 - 0.03 0.19 31376
aoD2SG 125e2 2 30 - 0.04 0.19 31376
moore 125e2 2 30 - 1.52 2071.92 4611548
nbpm 125e2 2 30 - 11.56 836.11 12302332
greedy 125e2 2 30 - 9.45 446.42 17109964
dry 1e8 5 91 - 2.31 6.27 4327096
aoDLAV 1e8 5 91 - 11.44 2582.46 23065204
aoULAV 1e8 5 91 - 16.09 2639.65 23065204
aoD2AG 1e8 5 91 - 26.16 2901.98 30453964
aoD2SG 1e8 5 91 - 27.61 4245.45 31310372
dry 18e3 2 187 - 0.03 0.12 26748
aoDLAV 18e3 2 187 - 0.03 0.20 30744
aoULAV 18e3 2 187 - 0.03 0.19 30740
aoD2AG 18e3 2 187 - 0.03 0.22 31804
aoD2SG 18e3 2 187 - 0.04 0.21 31808
moore 18e3 2 187 - 2.93 4906.25 9534984
nbpm 18e3 2 187 - 23.68 2097.52 25451076
greedy 18e3 2 187 - 20.38 1016.97 35458364
dry 125e2 2 78 - 0.02 0.12 26532
aoDLAV 125e2 2 78 - 0.03 0.17 30712
aoULAV 125e2 2 78 - 0.02 0.19 30708
aoD2AG 125e2 2 78 - 0.04 0.18 31376
aoD2SG 125e2 2 78 - 0.03 0.19 31376
moore 125e2 2 78 - 1.68 1768.14 4611540
nbpm 125e2 2 78 - 11.86 713.45 12302320
greedy 125e2 2 78 - 9.35 464.62 17109964
dry 9e7 2 149 - 0.92 2.71 1787984
aoDLAV 9e7 2 149 - 7.32 519.16 13377684
aoULAV 9e7 2 149 - 9.33 554.34 13377684
aoD2AG 9e7 2 149 - 16.80 789.42 19668016
aoD2SG 9e7 2 149 - 18.69 946.21 20386520
dry 1e8 2 194 - 1.00 3.02 1983296
aoDLAV 1e8 2 194 - 7.67 593.97 14862072
aoULAV 1e8 2 194 - 10.74 621.97 14862068
aoD2AG 1e8 2 194 - 19.44 868.67 21852716
aoD2SG 1e8 2 194 - 19.64 1021.70 22652620
dry 18e3 2 44 - 0.03 0.12 28632
aoDLAV 18e3 2 44 - 0.04 0.18 30740
aoULAV 18e3 2 44 - 0.04 0.18 30744
aoD2AG 18e3 2 44 - 0.03 0.21 31804
aoD2SG 18e3 2 44 - 0.04 0.21 31812
moore 18e3 2 44 - 2.90 5842.17 9534984
nbpm 18e3 2 44 - 24.56 1942.25 25451064
greedy 18e3 2 44 - 20.93 1072.17 35458368
dry 2e4 2 220 - 0.02 0.12 27952
aoDLAV 2e4 2 220 - 0.02 0.20 30812
aoULAV 2e4 2 220 - 0.04 0.18 30808
aoD2AG 2e4 2 220 - 0.02 0.21 32288
aoD2SG 2e4 2 220 - 0.03 0.22 32292
moore 2e4 2 220 - 3.37 6378.68 11765552
nbpm 2e4 2 220 - 29.06 4616.03 31402196
greedy 2e4 2 220 - 25.16 1573.71 43771040
dry 2e4 10 167 - 0.04 0.11 31268
aoDLAV 2e4 10 167 - 0.02 1.70 34848
aoULAV 2e4 10 167 - 0.03 1.70 34848
aoD2AG 2e4 10 167 - 0.03 1.73 36076
aoD2SG 2e4 10 167 - 0.04 1.93 36076
moore 2e4 10 167 - 3.39 7344.61 11770836
nbpm 2e4 10 167 - 28.91 7555.14 30880040
greedy 2e4 10 167 - 24.84 1355.89 43775820
dry 18e3 2 112 - 0.02 0.12 26748
aoDLAV 18e3 2 112 - 0.03 0.18 30740
aoULAV 18e3 2 112 - 0.04 0.18 30740
aoD2AG 18e3 2 112 - 0.04 0.19 31804
aoD2SG 18e3 2 112 - 0.03 0.21 31812
moore 18e3 2 112 - 2.87 5491.90 9534988
nbpm 18e3 2 112 - 24.09 1931.05 25451064
greedy 18e3 2 112 - 19.49 978.74 35458364
dry 2e4 2 73 - 0.02 0.12 26828
aoDLAV 2e4 2 73 - 0.03 0.19 30812
aoULAV 2e4 2 73 - 0.03 0.19 30808
aoD2AG 2e4 2 73 - 0.03 0.20 32284
aoD2SG 2e4 2 73 - 0.03 0.22 32296
moore 2e4 2 73 - 3.37 7062.65 11765552
nbpm 2e4 2 73 - 29.65 2678.14 31402196
greedy 2e4 2 73 - 24.79 1242.98 43771040
dry 1e8 5 175 - 2.25 6.22 4327052
aoDLAV 1e8 5 175 - 11.30 3215.27 23065204
aoULAV 1e8 5 175 - 16.32 2626.99 23065204
aoD2AG 1e8 5 175 - 25.61 2919.53 30455396
aoD2SG 1e8 5 175 - 27.03 3621.35 31308096
dry 1e8 2 247 - 1.06 3.01 1983296
aoDLAV 1e8 2 247 - 8.00 594.68 14862068
aoULAV 1e8 2 247 - 10.31 618.82 14862072
aoD2AG 1e8 2 247 - 18.63 896.99 21856064
aoD2SG 1e8 2 247 - 20.25 1068.67 22654660
dry 175e2 2 111 - 0.02 0.12 26736
aoDLAV 175e2 2 111 - 0.03 0.18 30716
aoULAV 175e2 2 111 - 0.03 0.19 30716
aoD2AG 175e2 2 111 - 0.02 0.21 31756
aoD2SG 175e2 2 111 - 0.02 0.21 31760
moore 175e2 2 111 - 2.71 4092.23 9014024
nbpm 175e2 2 111 - 21.23 1866.96 22863136
greedy 175e2 2 111 - 18.58 961.96 33516980
dry 9e7 2 175 - 0.96 2.75 1787988
aoDLAV 9e7 2 175 - 7.33 528.46 13377684
aoULAV 9e7 2 175 - 9.21 559.02 13377684
aoD2AG 9e7 2 175 - 17.48 792.22 19674496
aoD2SG 9e7 2 175 - 18.23 931.47 20391740
dry 2e4 5 197 - 0.03 0.11 27776
aoDLAV 2e4 5 197 - 0.02 0.30 32756
aoULAV 2e4 5 197 - 0.03 0.29 32772
aoD2AG 2e4 5 197 - 0.03 0.34 33348
aoD2SG 2e4 5 197 - 0.03 0.34 32864
moore 2e4 5 197 - 3.50 6992.46 11768140
nbpm 2e4 5 197 - 29.14 4474.75 34200496
greedy 2e4 5 197 - 22.64 1287.40 43774004
dry 125e2 2 36 - 0.02 0.12 26536
aoDLAV 125e2 2 36 - 0.03 0.17 30708
aoULAV 125e2 2 36 - 0.03 0.18 30708
aoD2AG 125e2 2 36 - 0.03 0.18 31376
aoD2SG 125e2 2 36 - 0.02 0.20 31376
moore 125e2 2 36 - 1.64 2159.69 4611544
nbpm 125e2 2 36 - 11.76 724.51 12302320
greedy 125e2 2 36 - 9.63 458.62 17109964
dry 18e3 2 67 - 0.02 0.12 26748
aoDLAV 18e3 2 67 - 0.04 0.17 30740
aoULAV 18e3 2 67 - 0.03 0.18 30740
aoD2AG 18e3 2 67 - 0.03 0.20 31804
aoD2SG 18e3 2 67 - 0.02 0.22 31808
moore 18e3 2 67 - 2.92 4534.20 9534984
nbpm 18e3 2 67 - 23.95 3029.48 25451064
greedy 18e3 2 67 - 19.97 1069.69 35458364
dry 8e7 2 233 - 0.83 2.42 1592680
aoDLAV 8e7 2 233 - 6.39 451.17 11893340
aoULAV 8e7 2 233 - 8.45 487.34 11893328
aoD2AG 8e7 2 233 - 16.00 696.13 17488472
aoD2SG 8e7 2 233 - 16.16 823.34 18127652
dry 1e8 5 159 - 2.49 6.26 4327056
aoDLAV 1e8 5 159 - 11.59 2662.23 23065204
aoULAV 1e8 5 159 - 15.89 2606.81 23065204
aoD2AG 1e8 5 159 - 25.91 2872.10 30458424
aoD2SG 1e8 5 159 - 27.22 4308.20 31311580
