dry 2e4 5 201 - 0.02 0.10 27776
aoDLAV 2e4 5 201 - 0.02 0.26 32756
aoULAV 2e4 5 201 - 0.04 0.25 32768
aoD2AG 2e4 5 201 - 0.03 0.28 33340
aoD2SG 2e4 5 201 - 0.03 0.30 32860
moore 2e4 5 201 - 3.27 6098.45 11768080
nbpm 2e4 5 201 - 28.24 5188.57 34200504
greedy 2e4 5 201 - 24.16 1273.03 43774004
dry 2e4 10 18 - 0.03 0.12 30236
aoDLAV 2e4 10 18 - 0.03 1.66 34836
aoULAV 2e4 10 18 - 0.03 1.66 34852
aoD2AG 2e4 10 18 - 0.04 1.71 36076
aoD2SG 2e4 10 18 - 0.04 1.96 36080
moore 2e4 10 18 - 3.40 7962.08 11770836
nbpm 2e4 10 18 - 28.65 7711.03 30880040
greedy 2e4 10 18 - 23.71 1308.32 43775824
dry 2e4 2 193 - 0.03 0.12 26828
aoDLAV 2e4 2 193 - 0.03 0.19 30812
aoULAV 2e4 2 193 - 0.02 0.20 30812
aoD2AG 2e4 2 193 - 0.03 0.20 32284
aoD2SG 2e4 2 193 - 0.03 0.21 32292
moore 2e4 2 193 - 3.48 8233.80 11765544
nbpm 2e4 2 193 - 29.04 2879.26 31402188
greedy 2e4 2 193 - 24.12 1264.24 43771044
dry 150e2 2 237 - 0.02 0.12 26628
aoDLAV 150e2 2 237 - 0.03 0.18 30824
aoULAV 150e2 2 237 - 0.03 0.18 30824
aoD2AG 150e2 2 237 - 0.04 0.18 31608
aoD2SG 150e2 2 237 - 0.03 0.20 31612
moore 150e2 2 237 - 2.15 4332.28 6629344
nbpm 150e2 2 237 - 14.48 1106.53 16814164
greedy 150e2 2 237 - 13.59 654.70 24630024
dry 18e3 2 90 - 0.03 0.12 28728
aoDLAV 18e3 2 90 - 0.04 0.18 30740
aoULAV 18e3 2 90 - 0.03 0.18 30740
aoD2AG 18e3 2 90 - 0.03 0.20 31804
aoD2SG 18e3 2 90 - 0.04 0.20 31812
moore 18e3 2 90 - 2.94 5806.58 9534988
nbpm 18e3 2 90 - 23.23 1967.13 25451068
greedy 18e3 2 90 - 20.87 1097.55 35458364
dry 2e4 10 177 - 0.04 0.12 29368
aoDLAV 2e4 10 177 - 0.05 1.82 34836
aoULAV 2e4 10 177 - 0.04 1.86 34848
aoD2AG 2e4 10 177 - 0.05 1.83 36076
aoD2SG 2e4 10 177 - 0.05 2.08 36080
moore 2e4 10 177 - 3.63 6471.11 11770836
nbpm 2e4 10 177 - 28.94 8683.00 30880040
greedy 2e4 10 177 - 22.80 1303.98 43775820
dry 125e2 2 238 - 0.02 0.12 26532
aoDLAV 125e2 2 238 - 0.02 0.18 30708
aoULAV 125e2 2 238 - 0.02 0.18 30708
aoD2AG 125e2 2 238 - 0.02 0.19 31376
aoD2SG 125e2 2 238 - 0.03 0.18 31376
moore 125e2 2 238 - 1.51 1892.84 4611540
nbpm 125e2 2 238 - 11.21 655.72 12302320
greedy 125e2 2 238 - 9.61 445.40 17109968
dry 9e7 2 167 - 0.96 2.71 1787984
aoDLAV 9e7 2 167 - 7.22 519.47 13377684
aoULAV 9e7 2 167 - 9.93 570.82 13377684
aoD2AG 9e7 2 167 - 16.44 803.44 19668316
aoD2SG 9e7 2 167 - 17.92 971.25 20389712
dry 2e4 5 206 - 0.02 0.12 27780
aoDLAV 2e4 5 206 - 0.03 0.29 32756
aoULAV 2e4 5 206 - 0.03 0.29 32768
aoD2AG 2e4 5 206 - 0.04 0.32 33344
aoD2SG 2e4 5 206 - 0.04 0.33 32860
moore 2e4 5 206 - 3.52 6044.70 11768084
nbpm 2e4 5 206 - 28.28 5238.99 34200496
greedy 2e4 5 206 - 23.01 1331.74 43774004
dry 1e8 5 148 - 2.15 6.16 4327052
aoDLAV 1e8 5 148 - 11.18 2769.44 23065208
aoULAV 1e8 5 148 - 16.48 2625.02 23065204
aoD2AG 1e8 5 148 - 26.91 2976.77 30455548
aoD2SG 1e8 5 148 - 26.67 3620.09 31308160
dry 175e2 2 83 - 0.02 0.12 26732
aoDLAV 175e2 2 83 - 0.02 0.19 30716
aoULAV 175e2 2 83 - 0.03 0.19 30716
aoD2AG 175e2 2 83 - 0.03 0.19 31756
aoD2SG 175e2 2 83 - 0.03 0.20 31760
moore 175e2 2 83 - 2.78 4052.75 9014032
nbpm 175e2 2 83 - 21.76 1800.58 22863144
greedy 175e2 2 83 - 18.75 983.59 33516980
dry 2e4 5 98 - 0.03 0.11 29548
aoDLAV 2e4 5 98 - 0.03 0.27 32756
aoULAV 2e4 5 98 - 0.03 0.28 32772
aoD2AG 2e4 5 98 - 0.04 0.29 33344
aoD2SG 2e4 5 98 - 0.03 0.33 32860
moore 2e4 5 98 - 3.44 7216.88 11768084
nbpm 2e4 5 98 - 28.21 4893.40 34200504
greedy 2e4 5 98 - 26.15 1607.57 43774004
dry 150e2 2 39 - 0.02 0.12 26628
aoDLAV 150e2 2 39 - 0.03 0.18 30824
aoULAV 150e2 2 39 - 0.03 0.18 30828
aoD2AG 150e2 2 39 - 0.03 0.20 31608
aoD2SG 150e2 2 39 - 0.03 0.19 31608
moore 150e2 2 39 - 2.14 3381.13 6629344
nbpm 150e2 2 39 - 14.57 1126.62 16814168
greedy 150e2 2 39 - 12.78 667.62 24630024
dry 175e2 2 227 - 0.02 0.13 26732
aoDLAV 175e2 2 227 - 0.03 0.18 30716
aoULAV 175e2 2 227 - 0.02 0.19 30720
aoD2AG 175e2 2 227 - 0.03 0.20 31760
aoD2SG 175e2 2 227 - 0.03 0.21 31760
moore 175e2 2 227 - 2.76 4279.33 9014024
nbpm 175e2 2 227 - 21.12 2151.10 22863136
greedy 175e2 2 227 - 18.95 972.84 33516976
dry 125e2 2 63 - 0.03 0.11 26532
aoDLAV 125e2 2 63 - 0.04 0.17 30712
aoULAV 125e2 2 63 - 0.03 0.17 30708
aoD2AG 125e2 2 63 - 0.02 0.19 31376
aoD2SG 125e2 2 63 - 0.03 0.19 31380
moore 125e2 2 63 - 1.58 2097.81 4611544
nbpm 125e2 2 63 - 11.60 658.88 12302320
greedy 125e2 2 63 - 9.41 465.27 17109968
dry 125e2 2 90 - 0.02 0.12 26532
aoDLAV 125e2 2 90 - 0.02 0.18 30708
aoULAV 125e2 2 90 - 0.03 0.17 30712
aoD2AG 125e2 2 90 - 0.04 0.18 31376
aoD2SG 125e2 2 90 - 0.03 0.19 31376
moore 125e2 2 90 - 1.54 2178.00 4611544
nbpm 125e2 2 90 - 11.47 651.61 12302320
greedy 125e2 2 90 - 10.08 452.47 17109964
dry 1e8 5 218 - 2.48 6.24 4327052
aoDLAV 1e8 5 218 - 11.72 2607.53 23065204
aoULAV 1e8 5 218 - 16.74 2676.89 23065208
aoD2AG 1e8 5 218 - 25.91 2958.72 30458804
aoD2SG 1e8 5 218 - 28.77 3556.83 31315488
dry 1e8 2 23 - 1.05 3.00 1983296
aoDLAV 1e8 2 23 - 8.05 580.99 14862068
aoULAV 1e8 2 23 - 10.45 615.98 14862072
aoD2AG 1e8 2 23 - 19.35 879.48 21856192
aoD2SG 1e8 2 23 - 20.50 1038.40 22653176
dry 2e4 5 5 - 0.02 0.12 27776
aoDLAV 2e4 5 5 - 0.04 0.28 32756
aoULAV 2e4 5 5 - 0.04 0.28 32768
aoD2AG 2e4 5 5 - 0.04 0.31 33344
aoD2SG 2e4 5 5 - 0.04 0.33 32860
moore 2e4 5 5 - 3.48 6383.41 11768080
nbpm 2e4 5 5 - 28.31 5848.85 34200504
greedy 2e4 5 5 - 25.02 1416.37 43774004
dry 1e8 2 167 - 1.17 3.08 1983300
aoDLAV 1e8 2 167 - 7.84 607.94 14862072
aoULAV 1e8 2 167 - 9.83 639.59 14862068
aoD2AG 1e8 2 167 - 18.19 881.97 21855556
aoD2SG 1e8 2 167 - 19.14 1067.05 22654804
dry 2e4 5 81 - 0.03 0.12 29180
aoDLAV 2e4 5 81 - 0.03 0.30 32756
aoULAV 2e4 5 81 - 0.03 0.29 32768
aoD2AG 2e4 5 81 - 0.03 0.33 33344
aoD2SG 2e4 5 81 - 0.03 0.35 32864
moore 2e4 5 81 - 3.57 6928.38 11768080
nbpm 2e4 5 81 - 28.76 6191.25 34200496
greedy 2e4 5 81 - 24.91 1289.40 43774004
dry 8e7 2 150 - 0.89 2.47 1592676
aoDLAV 8e7 2 150 - 6.88 457.09 11893328
aoULAV 8e7 2 150 - 8.14 494.95 11893324
aoD2AG 8e7 2 150 - 15.33 695.27 17487776
aoD2SG 8e7 2 150 - 16.80 1024.63 18124688
dry 8e7 2 4 - 0.92 2.46 1592680
aoDLAV 8e7 2 4 - 6.93 474.65 11893328
aoULAV 8e7 2 4 - 8.33 496.37 11893324
aoD2AG 8e7 2 4 - 15.37 711.25 17488232
aoD2SG 8e7 2 4 - 16.42 830.45 18126432
