dry 2e4 2 171 - 0.02 0.11 28836
aoDLAV 2e4 2 171 - 0.02 0.18 30808
aoULAV 2e4 2 171 - 0.03 0.19 30812
aoD2AG 2e4 2 171 - 0.02 0.20 32284
aoD2SG 2e4 2 171 - 0.03 0.19 32296
moore 2e4 2 171 - 3.50 6123.00 11765552
nbpm 2e4 2 171 - 28.66 2662.97 31402196
greedy 2e4 2 171 - 23.98 1263.03 43771044
dry 1e8 5 208 - 2.26 6.22 4327052
aoDLAV 1e8 5 208 - 11.31 2532.20 23065208
aoULAV 1e8 5 208 - 16.41 2551.23 23065208
aoD2AG 1e8 5 208 - 26.69 2938.86 30455904
aoD2SG 1e8 5 208 - 28.62 3604.65 31310404
dry 125e2 2 113 - 0.02 0.12 26532
aoDLAV 125e2 2 113 - 0.03 0.18 30708
aoULAV 125e2 2 113 - 0.03 0.17 30712
aoD2AG 125e2 2 113 - 0.03 0.18 31380
aoD2SG 125e2 2 113 - 0.03 0.19 31376
moore 125e2 2 113 - 1.59 1880.04 4611548
nbpm 125e2 2 113 - 11.40 671.99 12302328
greedy 125e2 2 113 - 9.20 439.10 17109964
dry 2e4 10 154 - 0.02 0.12 31248
aoDLAV 2e4 10 154 - 0.03 1.83 34836
aoULAV 2e4 10 154 - 0.03 1.79 34848
aoD2AG 2e4 10 154 - 0.04 1.96 36076
aoD2SG 2e4 10 154 - 0.03 2.06 36076
moore 2e4 10 154 - 3.37 7275.39 11770840
nbpm 2e4 10 154 - 29.36 5740.13 30880056
greedy 2e4 10 154 - 25.55 1344.88 43775820
dry 2e4 10 241 - 0.03 0.12 29988
aoDLAV 2e4 10 241 - 0.04 1.89 34840
aoULAV 2e4 10 241 - 0.03 1.75 34852
aoD2AG 2e4 10 241 - 0.03 1.88 36076
aoD2SG 2e4 10 241 - 0.04 2.16 36080
moore 2e4 10 241 - 3.47 7041.42 11770836
nbpm 2e4 10 241 - 28.61 6472.35 30880040
greedy 2e4 10 241 - 24.72 1474.29 43775820
dry 18e3 2 54 - 0.04 0.11 26748
aoDLAV 18e3 2 54 - 0.03 0.19 30740
aoULAV 18e3 2 54 - 0.04 0.19 30744
aoD2AG 18e3 2 54 - 0.05 0.19 31804
aoD2SG 18e3 2 54 - 0.04 0.21 31816
moore 18e3 2 54 - 4.09 4973.83 9534984
nbpm 18e3 2 54 - 24.21 1951.22 25451064
greedy 18e3 2 54 - 20.34 1048.70 35458368
dry 125e2 2 199 - 0.03 0.12 28340
aoDLAV 125e2 2 199 - 0.03 0.18 30712
aoULAV 125e2 2 199 - 0.02 0.18 30708
aoD2AG 125e2 2 199 - 0.03 0.18 31384
aoD2SG 125e2 2 199 - 0.03 0.19 31376
moore 125e2 2 199 - 1.54 2134.34 4611540
nbpm 125e2 2 199 - 11.41 671.84 12302320
greedy 125e2 2 199 - 9.48 432.32 17109968
dry 8e7 2 18 - 0.87 2.46 1592676
aoDLAV 8e7 2 18 - 6.67 453.23 11893324
aoULAV 8e7 2 18 - 8.25 519.59 11893328
aoD2AG 8e7 2 18 - 15.11 723.27 17486576
aoD2SG 8e7 2 18 - 15.79 836.57 18123136
dry 2e4 2 134 - 0.02 0.12 26832
aoDLAV 2e4 2 134 - 0.03 0.19 30808
aoULAV 2e4 2 134 - 0.03 0.19 30812
aoD2AG 2e4 2 134 - 0.02 0.21 32288
aoD2SG 2e4 2 134 - 0.03 0.21 32300
moore 2e4 2 134 - 3.46 6587.73 11765548
nbpm 2e4 2 134 - 28.74 2624.72 31402188
greedy 2e4 2 134 - 24.65 1285.16 43771040
dry 175e2 2 235 - 0.03 0.12 26732
aoDLAV 175e2 2 235 - 0.04 0.17 30720
aoULAV 175e2 2 235 - 0.03 0.19 30716
aoD2AG 175e2 2 235 - 0.04 0.19 31756
aoD2SG 175e2 2 235 - 0.04 0.20 31760
moore 175e2 2 235 - 2.68 5039.40 9014024
nbpm 175e2 2 235 - 20.90 1811.73 22863136
greedy 175e2 2 235 - 17.73 947.00 33517012
dry 2e4 2 166 - 0.03 0.11 28724
aoDLAV 2e4 2 166 - 0.03 0.19 30808
aoULAV 2e4 2 166 - 0.03 0.19 30808
aoD2AG 2e4 2 166 - 0.03 0.21 32288
aoD2SG 2e4 2 166 - 0.03 0.21 32292
moore 2e4 2 166 - 3.36 6313.61 11765552
nbpm 2e4 2 166 - 28.84 3370.05 31402196
greedy 2e4 2 166 - 24.81 1213.96 43771044
dry 1e8 5 231 - 2.43 6.26 4327052
aoDLAV 1e8 5 231 - 10.79 2602.35 23065208
aoULAV 1e8 5 231 - 16.37 2657.39 23065204
aoD2AG 1e8 5 231 - 26.98 3005.84 30457456
aoD2SG 1e8 5 231 - 28.15 3992.31 31314932
dry 2e4 2 175 - 0.03 0.11 28868
aoDLAV 2e4 2 175 - 0.04 0.18 30808
aoULAV 2e4 2 175 - 0.03 0.19 30808
aoD2AG 2e4 2 175 - 0.03 0.21 32284
aoD2SG 2e4 2 175 - 0.03 0.22 32292
moore 2e4 2 175 - 3.38 7032.41 11765552
nbpm 2e4 2 175 - 29.10 2690.49 31402200
greedy 2e4 2 175 - 24.40 1239.81 43771040
dry 175e2 2 157 - 0.02 0.11 26732
aoDLAV 175e2 2 157 - 0.02 0.19 30716
aoULAV 175e2 2 157 - 0.03 0.18 30716
aoD2AG 175e2 2 157 - 0.03 0.20 31752
aoD2SG 175e2 2 157 - 0.04 0.20 31756
moore 175e2 2 157 - 2.70 4114.13 9014028
nbpm 175e2 2 157 - 21.86 1812.44 22863144
greedy 175e2 2 157 - 20.39 994.97 33516980
dry 1e8 5 45 - 2.39 6.28 4327056
aoDLAV 1e8 5 45 - 12.27 2552.09 23065204
aoULAV 1e8 5 45 - 16.37 2617.71 23065204
aoD2AG 1e8 5 45 - 25.97 2952.53 30456000
aoD2SG 1e8 5 45 - 27.12 3538.97 31310372
dry 1e8 2 80 - 1.02 3.00 1983296
aoDLAV 1e8 2 80 - 8.11 584.30 14862068
aoULAV 1e8 2 80 - 10.95 627.18 14862068
aoD2AG 1e8 2 80 - 18.47 916.24 21855876
aoD2SG 1e8 2 80 - 19.55 1064.52 22653800
dry 9e7 2 68 - 0.93 2.80 1787984
aoDLAV 9e7 2 68 - 7.27 634.97 13377684
aoULAV 9e7 2 68 - 9.43 562.44 13377684
aoD2AG 9e7 2 68 - 17.04 776.33 19674400
aoD2SG 9e7 2 68 - 17.52 923.07 20392264
dry 9e7 2 98 - 0.94 2.77 1787984
aoDLAV 9e7 2 98 - 7.01 529.39 13377684
aoULAV 9e7 2 98 - 9.68 583.26 13377688
aoD2AG 9e7 2 98 - 16.77 803.53 19670180
aoD2SG 9e7 2 98 - 17.68 949.93 20388744
dry 1e8 5 213 - 2.36 6.32 4327052
aoDLAV 1e8 5 213 - 11.07 2618.47 23065204
aoULAV 1e8 5 213 - 15.57 2657.54 23065208
aoD2AG 1e8 5 213 - 26.08 3750.98 30453444
aoD2SG 1e8 5 213 - 28.26 3526.49 31312620
dry 125e2 2 177 - 0.02 0.12 26536
aoDLAV 125e2 2 177 - 0.02 0.18 30712
aoULAV 125e2 2 177 - 0.03 0.17 30708
aoD2AG 125e2 2 177 - 0.03 0.19 31376
aoD2SG 125e2 2 177 - 0.03 0.19 31380
moore 125e2 2 177 - 1.55 1508.37 4611552
nbpm 125e2 2 177 - 11.37 769.77 12302328
greedy 125e2 2 177 - 9.08 449.45 17109964
dry 9e7 2 127 - 0.92 2.74 1787984
aoDLAV 9e7 2 127 - 6.88 526.51 13377684
aoULAV 9e7 2 127 - 9.16 551.80 13377688
aoD2AG 9e7 2 127 - 16.75 794.61 19670588
aoD2SG 9e7 2 127 - 17.27 907.32 20389636
dry 1e8 5 58 - 2.12 6.20 4327052
aoDLAV 1e8 5 58 - 10.90 3191.72 23065204
aoULAV 1e8 5 58 - 16.80 2625.26 23065204
aoD2AG 1e8 5 58 - 25.68 4066.28 30453400
aoD2SG 1e8 5 58 - 27.55 4344.37 31307832
dry 2e4 2 51 - 0.02 0.12 26832
aoDLAV 2e4 2 51 - 0.03 0.19 30808
aoULAV 2e4 2 51 - 0.02 0.20 30808
aoD2AG 2e4 2 51 - 0.03 0.20 32288
aoD2SG 2e4 2 51 - 0.03 0.21 32288
moore 2e4 2 51 - 3.50 7944.42 11765552
nbpm 2e4 2 51 - 29.18 2800.38 31402196
greedy 2e4 2 51 - 24.73 1239.22 43771040
dry 2e4 2 13 - 0.03 0.12 26828
aoDLAV 2e4 2 13 - 0.02 0.21 30812
aoULAV 2e4 2 13 - 0.02 0.21 30808
aoD2AG 2e4 2 13 - 0.03 0.20 32288
aoD2SG 2e4 2 13 - 0.04 0.20 32296
moore 2e4 2 13 - 3.42 7705.08 11765548
nbpm 2e4 2 13 - 27.60 2437.69 31402188
greedy 2e4 2 13 - 21.49 909.34 43771044
