dry 18e3 2 237 - 0.03 0.12 26752
aoDLAV 18e3 2 237 - 0.03 0.18 30740
aoULAV 18e3 2 237 - 0.03 0.18 30744
aoD2AG 18e3 2 237 - 0.03 0.23 31812
aoD2SG 18e3 2 237 - 0.03 0.23 31812
moore 18e3 2 237 - 2.91 5381.80 9534980
nbpm 18e3 2 237 - 23.35 1933.38 25451060
greedy 18e3 2 237 - 19.49 981.75 35458368
dry 1e8 5 150 - 2.33 6.17 4327052
aoDLAV 1e8 5 150 - 11.16 2603.67 23065204
aoULAV 1e8 5 150 - 16.34 3593.47 23065204
aoD2AG 1e8 5 150 - 25.98 3664.33 30453268
aoD2SG 1e8 5 150 - 27.77 3484.00 31313456
dry 2e4 10 71 - 0.03 0.12 30200
aoDLAV 2e4 10 71 - 0.05 1.79 34836
aoULAV 2e4 10 71 - 0.04 1.77 34848
aoD2AG 2e4 10 71 - 0.04 2.96 36076
aoD2SG 2e4 10 71 - 0.05 2.63 36080
moore 2e4 10 71 - 3.43 7387.63 11770836
nbpm 2e4 10 71 - 29.05 6266.88 30880036
greedy 2e4 10 71 - 23.92 1261.48 43775820
dry 175e2 2 144 - 0.03 0.11 26736
aoDLAV 175e2 2 144 - 0.03 0.18 30716
aoULAV 175e2 2 144 - 0.03 0.18 30720
aoD2AG 175e2 2 144 - 0.02 0.21 31752
aoD2SG 175e2 2 144 - 0.03 0.20 31756
moore 175e2 2 144 - 2.70 4095.46 9014032
nbpm 175e2 2 144 - 21.08 1835.73 22863144
greedy 175e2 2 144 - 19.04 975.00 33516976
dry 125e2 2 14 - 0.02 0.12 26536
aoDLAV 125e2 2 14 - 0.03 0.18 30708
aoULAV 125e2 2 14 - 0.03 0.18 30712
aoD2AG 125e2 2 14 - 0.02 0.20 31376
aoD2SG 125e2 2 14 - 0.03 0.19 31380
moore 125e2 2 14 - 1.65 2604.42 4611552
nbpm 125e2 2 14 - 11.27 689.93 12302328
greedy 125e2 2 14 - 9.65 445.58 17109964
dry 125e2 2 80 - 0.03 0.12 26532
aoDLAV 125e2 2 80 - 0.02 0.18 30712
aoULAV 125e2 2 80 - 0.03 0.17 30708
aoD2AG 125e2 2 80 - 0.03 0.19 31376
aoD2SG 125e2 2 80 - 0.03 0.19 31376
moore 125e2 2 80 - 1.63 1645.56 4611552
nbpm 125e2 2 80 - 11.47 706.22 12302328
greedy 125e2 2 80 - 9.03 432.58 17109968
dry 2e4 2 34 - 0.03 0.11 26828
aoDLAV 2e4 2 34 - 0.04 0.18 30812
aoULAV 2e4 2 34 - 0.03 0.19 30808
aoD2AG 2e4 2 34 - 0.03 0.22 32284
aoD2SG 2e4 2 34 - 0.03 0.22 32292
moore 2e4 2 34 - 3.49 7663.46 11765544
nbpm 2e4 2 34 - 29.08 2988.31 31402192
greedy 2e4 2 34 - 23.89 1238.70 43771040
dry 1e8 2 156 - 1.17 3.02 1983296
aoDLAV 1e8 2 156 - 8.19 596.50 14862072
aoULAV 1e8 2 156 - 10.36 620.77 14862068
aoD2AG 1e8 2 156 - 18.59 867.75 21855160
aoD2SG 1e8 2 156 - 19.45 1008.37 22652500
dry 2e4 2 49 - 0.03 0.11 26828
aoDLAV 2e4 2 49 - 0.03 0.19 30808
aoULAV 2e4 2 49 - 0.03 0.19 30812
aoD2AG 2e4 2 49 - 0.04 0.19 32284
aoD2SG 2e4 2 49 - 0.03 0.21 32292
moore 2e4 2 49 - 3.45 7599.44 11765544
nbpm 2e4 2 49 - 29.09 3244.72 31402188
greedy 2e4 2 49 - 25.13 1238.28 43771040
dry 1e8 2 57 - 1.10 3.05 1983296
aoDLAV 1e8 2 57 - 8.57 587.51 14862068
aoULAV 1e8 2 57 - 10.90 622.10 14862072
aoD2AG 1e8 2 57 - 18.86 1110.96 21854908
aoD2SG 1e8 2 57 - 20.02 1067.22 22651712
dry 150e2 2 31 - 0.03 0.12 26632
aoDLAV 150e2 2 31 - 0.03 0.18 30824
aoULAV 150e2 2 31 - 0.03 0.17 30824
aoD2AG 150e2 2 31 - 0.03 0.19 31608
aoD2SG 150e2 2 31 - 0.03 0.20 31612
moore 150e2 2 31 - 2.22 2705.12 6629392
nbpm 150e2 2 31 - 14.26 1163.32 16814176
greedy 150e2 2 31 - 13.60 664.89 24630024
dry 1e8 5 115 - 2.21 6.18 4327052
aoDLAV 1e8 5 115 - 10.83 3061.05 23065204
aoULAV 1e8 5 115 - 16.63 2579.26 23065204
aoD2AG 1e8 5 115 - 26.70 2861.90 30455528
aoD2SG 1e8 5 115 - 27.78 3522.29 31313468
dry 2e4 5 33 - 0.03 0.12 29796
aoDLAV 2e4 5 33 - 0.03 0.29 32756
aoULAV 2e4 5 33 - 0.02 0.31 32772
aoD2AG 2e4 5 33 - 0.03 0.33 33340
aoD2SG 2e4 5 33 - 0.03 0.33 32860
moore 2e4 5 33 - 3.42 6437.96 11768084
nbpm 2e4 5 33 - 28.86 4584.78 34200496
greedy 2e4 5 33 - 23.04 1377.29 43774004
dry 2e4 2 43 - 0.03 0.11 26828
aoDLAV 2e4 2 43 - 0.03 0.19 30808
aoULAV 2e4 2 43 - 0.03 0.19 30840
aoD2AG 2e4 2 43 - 0.03 0.20 32284
aoD2SG 2e4 2 43 - 0.03 0.22 32288
moore 2e4 2 43 - 3.47 7196.62 11765544
nbpm 2e4 2 43 - 28.89 2710.01 31402188
greedy 2e4 2 43 - 23.86 1230.35 43771040
dry 2e4 2 14 - 0.03 0.11 26828
aoDLAV 2e4 2 14 - 0.03 0.19 30812
aoULAV 2e4 2 14 - 0.03 0.18 30808
aoD2AG 2e4 2 14 - 0.02 0.21 32288
aoD2SG 2e4 2 14 - 0.02 0.22 32292
moore 2e4 2 14 - 3.40 7011.51 11765544
nbpm 2e4 2 14 - 29.04 2823.15 31402188
greedy 2e4 2 14 - 24.67 1256.85 43771036
dry 2e4 2 91 - 0.02 0.12 26828
aoDLAV 2e4 2 91 - 0.03 0.19 30808
aoULAV 2e4 2 91 - 0.03 0.19 30808
aoD2AG 2e4 2 91 - 0.03 0.20 32284
aoD2SG 2e4 2 91 - 0.04 0.20 32292
moore 2e4 2 91 - 3.47 6031.76 11765544
nbpm 2e4 2 91 - 29.13 2848.24 31402188
greedy 2e4 2 91 - 25.34 1280.26 43771040
dry 8e7 2 30 - 0.81 2.46 1592680
aoDLAV 8e7 2 30 - 6.35 466.13 11893328
aoULAV 8e7 2 30 - 8.39 483.38 11893324
aoD2AG 8e7 2 30 - 14.38 711.38 17485652
aoD2SG 8e7 2 30 - 15.81 821.43 18125412
dry 125e2 2 166 - 0.02 0.12 26536
aoDLAV 125e2 2 166 - 0.03 0.18 30708
aoULAV 125e2 2 166 - 0.03 0.17 30708
aoD2AG 125e2 2 166 - 0.03 0.18 31380
aoD2SG 125e2 2 166 - 0.04 0.18 31376
moore 125e2 2 166 - 1.61 1616.21 4611548
nbpm 125e2 2 166 - 12.21 691.34 12302328
greedy 125e2 2 166 - 9.99 453.52 17109968
dry 18e3 2 165 - 0.03 0.12 26748
aoDLAV 18e3 2 165 - 0.03 0.18 30740
aoULAV 18e3 2 165 - 0.04 0.18 30744
aoD2AG 18e3 2 165 - 0.03 0.20 31804
aoD2SG 18e3 2 165 - 0.03 0.21 31816
moore 18e3 2 165 - 3.09 6569.17 9534988
nbpm 18e3 2 165 - 23.73 2135.07 25451064
greedy 18e3 2 165 - 20.96 1013.76 35458368
dry 1e8 5 121 - 2.34 6.20 4327052
aoDLAV 1e8 5 121 - 11.42 2565.36 23065204
aoULAV 1e8 5 121 - 16.48 2662.36 23065204
aoD2AG 1e8 5 121 - 27.55 2955.69 30453800
aoD2SG 1e8 5 121 - 28.31 4047.36 31312108
dry 175e2 2 12 - 0.03 0.11 26732
aoDLAV 175e2 2 12 - 0.02 0.19 30716
aoULAV 175e2 2 12 - 0.03 0.18 30716
aoD2AG 175e2 2 12 - 0.03 0.20 31752
aoD2SG 175e2 2 12 - 0.03 0.20 31760
moore 175e2 2 12 - 2.72 5342.66 9014032
nbpm 175e2 2 12 - 21.30 2022.84 22863144
greedy 175e2 2 12 - 18.47 986.33 33516980
dry 1e8 2 40 - 1.08 3.01 1983296
aoDLAV 1e8 2 40 - 8.41 578.95 14862068
aoULAV 1e8 2 40 - 11.03 617.84 14862068
aoD2AG 1e8 2 40 - 19.68 865.98 21853896
aoD2SG 1e8 2 40 - 20.27 1025.80 22652728
dry 18e3 2 107 - 0.03 0.11 26748
aoDLAV 18e3 2 107 - 0.04 0.18 30744
aoULAV 18e3 2 107 - 0.03 0.18 30744
aoD2AG 18e3 2 107 - 0.04 0.19 31804
aoD2SG 18e3 2 107 - 0.03 0.20 31812
moore 18e3 2 107 - 2.92 5359.32 9534988
nbpm 18e3 2 107 - 23.49 2200.21 25451064
greedy 18e3 2 107 - 19.47 1052.50 35458364
dry 8e7 2 16 - 0.83 2.45 1592676
aoDLAV 8e7 2 16 - 6.47 468.32 11893328
aoULAV 8e7 2 16 - 8.58 631.86 11893328
aoD2AG 8e7 2 16 - 15.41 695.27 17490464
aoD2SG 8e7 2 16 - 15.55 823.43 18130448
dry 175e2 2 234 - 0.02 0.12 26732
aoDLAV 175e2 2 234 - 0.03 0.19 30720
aoULAV 175e2 2 234 - 0.03 0.19 30716
aoD2AG 175e2 2 234 - 0.04 0.20 31752
aoD2SG 175e2 2 234 - 0.04 0.21 31760
moore 175e2 2 234 - 2.78 4842.87 9014020
nbpm 175e2 2 234 - 20.97 1775.85 22863136
greedy 175e2 2 234 - 16.13 815.25 33516976
