dry 150e2 2 11 - 0.02 0.13 28652
aoDLAV 150e2 2 11 - 0.03 0.18 30824
aoULAV 150e2 2 11 - 0.03 0.19 30824
aoD2AG 150e2 2 11 - 0.04 0.19 31608
aoD2SG 150e2 2 11 - 0.03 0.20 31608
moore 150e2 2 11 - 2.12 2582.33 6629344
nbpm 150e2 2 11 - 15.04 1177.00 16814168
greedy 150e2 2 11 - 14.92 693.90 24630024
dry 18e3 2 87 - 0.03 0.11 26748
aoDLAV 18e3 2 87 - 0.03 0.19 30740
aoULAV 18e3 2 87 - 0.04 0.19 30740
aoD2AG 18e3 2 87 - 0.03 0.20 31808
aoD2SG 18e3 2 87 - 0.02 0.22 31812
moore 18e3 2 87 - 2.82 4702.99 9534988
nbpm 18e3 2 87 - 23.32 2746.16 25451064
greedy 18e3 2 87 - 19.41 1054.21 35458364
dry 2e4 2 154 - 0.03 0.12 26832
aoDLAV 2e4 2 154 - 0.03 0.19 30808
aoULAV 2e4 2 154 - 0.02 0.20 30812
aoD2AG 2e4 2 154 - 0.03 0.20 32284
aoD2SG 2e4 2 154 - 0.03 0.22 32292
moore 2e4 2 154 - 3.50 7363.06 11765552
nbpm 2e4 2 154 - 29.14 2644.15 31402196
greedy 2e4 2 154 - 23.06 1220.51 43771040
dry 2e4 2 72 - 0.03 0.11 26828
aoDLAV 2e4 2 72 - 0.03 0.19 30812
aoULAV 2e4 2 72 - 0.03 0.19 30808
aoD2AG 2e4 2 72 - 0.03 0.21 32288
aoD2SG 2e4 2 72 - 0.04 0.20 32296
moore 2e4 2 72 - 3.32 6348.05 11765544
nbpm 2e4 2 72 - 29.05 3847.33 31402184
greedy 2e4 2 72 - 24.35 1230.85 43771040
dry 9e7 2 97 - 0.92 2.74 1787984
aoDLAV 9e7 2 97 - 7.01 504.53 13377684
aoULAV 9e7 2 97 - 9.38 543.73 13377688
aoD2AG 9e7 2 97 - 16.84 778.08 19673364
aoD2SG 9e7 2 97 - 17.73 922.50 20389568
dry 150e2 2 210 - 0.03 0.11 28492
aoDLAV 150e2 2 210 - 0.03 0.18 30824
aoULAV 150e2 2 210 - 0.03 0.18 30824
aoD2AG 150e2 2 210 - 0.03 0.20 31608
aoD2SG 150e2 2 210 - 0.02 0.20 31608
moore 150e2 2 210 - 2.13 2788.72 6629356
nbpm 150e2 2 210 - 14.93 1276.96 16814176
greedy 150e2 2 210 - 15.37 714.64 24630024
dry 2e4 5 36 - 0.02 0.12 31016
aoDLAV 2e4 5 36 - 0.02 0.29 32756
aoULAV 2e4 5 36 - 0.03 0.29 32768
aoD2AG 2e4 5 36 - 0.02 0.32 33344
aoD2SG 2e4 5 36 - 0.02 0.34 32860
moore 2e4 5 36 - 3.48 6931.25 11768080
nbpm 2e4 5 36 - 28.93 4922.85 34200496
greedy 2e4 5 36 - 22.50 1240.52 43774004
dry 18e3 2 70 - 0.02 0.13 26748
aoDLAV 18e3 2 70 - 0.04 0.18 30740
aoULAV 18e3 2 70 - 0.03 0.19 30740
aoD2AG 18e3 2 70 - 0.02 0.21 31808
aoD2SG 18e3 2 70 - 0.03 0.21 31812
moore 18e3 2 70 - 2.89 5994.36 9534980
nbpm 18e3 2 70 - 23.56 2064.08 25451056
greedy 18e3 2 70 - 20.19 994.60 35458364
dry 2e4 10 206 - 0.03 0.12 30532
aoDLAV 2e4 10 206 - 0.04 1.80 34836
aoULAV 2e4 10 206 - 0.04 1.78 34848
aoD2AG 2e4 10 206 - 0.04 1.84 36076
aoD2SG 2e4 10 206 - 0.04 2.07 36080
moore 2e4 10 206 - 3.48 7788.22 11770836
nbpm 2e4 10 206 - 30.00 5978.97 30880040
greedy 2e4 10 206 - 24.74 1349.52 43775820
dry 125e2 2 35 - 0.04 0.11 26532
aoDLAV 125e2 2 35 - 0.02 0.19 30708
aoULAV 125e2 2 35 - 0.03 0.18 30708
aoD2AG 125e2 2 35 - 0.02 0.19 31376
aoD2SG 125e2 2 35 - 0.03 0.19 31376
moore 125e2 2 35 - 1.54 2164.23 4611596
nbpm 125e2 2 35 - 11.40 647.59 12302328
greedy 125e2 2 35 - 9.10 460.83 17109968
dry 8e7 2 105 - 0.88 2.47 1592680
aoDLAV 8e7 2 105 - 6.24 608.03 11893324
aoULAV 8e7 2 105 - 8.59 506.47 11893324
aoD2AG 8e7 2 105 - 16.09 725.99 17485924
aoD2SG 8e7 2 105 - 17.38 856.96 18124632
dry 18e3 2 248 - 0.02 0.13 26752
aoDLAV 18e3 2 248 - 0.03 0.20 30744
aoULAV 18e3 2 248 - 0.03 0.19 30740
aoD2AG 18e3 2 248 - 0.03 0.21 31804
aoD2SG 18e3 2 248 - 0.04 0.20 31816
moore 18e3 2 248 - 2.97 6691.97 9534984
nbpm 18e3 2 248 - 23.40 1949.00 25451064
greedy 18e3 2 248 - 21.56 1087.82 35458364
dry 150e2 2 149 - 0.02 0.11 26632
aoDLAV 150e2 2 149 - 0.02 0.18 30824
aoULAV 150e2 2 149 - 0.02 0.18 30824
aoD2AG 150e2 2 149 - 0.03 0.19 31608
aoD2SG 150e2 2 149 - 0.03 0.20 31608
moore 150e2 2 149 - 2.10 2675.38 6629364
nbpm 150e2 2 149 - 14.47 1149.74 16814172
greedy 150e2 2 149 - 14.32 689.66 24630028
dry 9e7 2 163 - 1.01 2.75 1787988
aoDLAV 9e7 2 163 - 7.43 528.29 13377688
aoULAV 9e7 2 163 - 9.78 564.77 13377684
aoD2AG 9e7 2 163 - 17.44 813.45 19673788
aoD2SG 9e7 2 163 - 17.71 953.82 20389040
dry 1e8 2 198 - 0.99 2.98 1983296
aoDLAV 1e8 2 198 - 7.74 590.05 14862068
aoULAV 1e8 2 198 - 10.70 642.89 14862068
aoD2AG 1e8 2 198 - 19.46 921.61 21856988
aoD2SG 1e8 2 198 - 20.19 1074.61 22656048
dry 2e4 10 55 - 0.02 0.13 31176
aoDLAV 2e4 10 55 - 0.03 1.52 34836
aoULAV 2e4 10 55 - 0.03 1.54 34848
aoD2AG 2e4 10 55 - 0.03 1.58 36076
aoD2SG 2e4 10 55 - 0.03 1.77 36076
moore 2e4 10 55 - 3.45 8522.07 11770836
nbpm 2e4 10 55 - 28.83 5207.42 30880040
greedy 2e4 10 55 - 24.29 1325.79 43775820
dry 1e8 5 17 - 2.21 6.17 4327056
aoDLAV 1e8 5 17 - 11.02 2665.39 23065204
aoULAV 1e8 5 17 - 15.98 2687.35 23065208
aoD2AG 1e8 5 17 - 27.35 2964.48 30456832
aoD2SG 1e8 5 17 - 27.80 3907.11 31307480
dry 125e2 2 192 - 0.03 0.11 26532
aoDLAV 125e2 2 192 - 0.03 0.17 30708
aoULAV 125e2 2 192 - 0.03 0.18 30708
aoD2AG 125e2 2 192 - 0.03 0.18 31376
aoD2SG 125e2 2 192 - 0.03 0.19 31376
moore 125e2 2 192 - 1.71 1976.87 4611548
nbpm 125e2 2 192 - 11.38 792.45 12302328
greedy 125e2 2 192 - 9.19 445.45 17110016
dry 125e2 2 125 - 0.03 0.11 26536
aoDLAV 125e2 2 125 - 0.03 0.18 30708
aoULAV 125e2 2 125 - 0.03 0.18 30708
aoD2AG 125e2 2 125 - 0.03 0.19 31380
aoD2SG 125e2 2 125 - 0.04 0.18 31376
moore 125e2 2 125 - 1.56 2146.90 4611552
nbpm 125e2 2 125 - 11.43 842.01 12302328
greedy 125e2 2 125 - 9.55 466.85 17109964
dry 125e2 2 129 - 0.03 0.12 26532
aoDLAV 125e2 2 129 - 0.04 0.17 30708
aoULAV 125e2 2 129 - 0.03 0.17 30712
aoD2AG 125e2 2 129 - 0.04 0.18 31376
aoD2SG 125e2 2 129 - 0.03 0.19 31376
moore 125e2 2 129 - 1.59 2124.83 4611544
nbpm 125e2 2 129 - 11.41 653.86 12302320
greedy 125e2 2 129 - 9.11 444.13 17109964
dry 8e7 2 165 - 0.87 2.43 1592676
aoDLAV 8e7 2 165 - 6.49 469.46 11893324
aoULAV 8e7 2 165 - 8.31 497.37 11893324
aoD2AG 8e7 2 165 - 15.65 705.07 17486880
aoD2SG 8e7 2 165 - 16.00 833.86 18124236
dry 175e2 2 15 - 0.03 0.12 30484
aoDLAV 175e2 2 15 - 0.03 0.19 30716
aoULAV 175e2 2 15 - 0.02 0.20 30716
aoD2AG 175e2 2 15 - 0.02 0.21 31756
aoD2SG 175e2 2 15 - 0.03 0.21 31764
moore 175e2 2 15 - 2.65 4234.64 9014020
nbpm 175e2 2 15 - 21.12 1797.70 22863136
greedy 175e2 2 15 - 19.50 975.86 33516976
dry 2e4 10 246 - 0.03 0.11 29364
aoDLAV 2e4 10 246 - 0.03 1.62 34836
aoULAV 2e4 10 246 - 0.04 2.13 34900
aoD2AG 2e4 10 246 - 0.04 2.23 36080
aoD2SG 2e4 10 246 - 0.04 1.87 36076
moore 2e4 10 246 - 3.44 6177.35 11770836
nbpm 2e4 10 246 - 29.49 7025.09 30880040
greedy 2e4 10 246 - 24.87 1283.12 43775824
dry 2e4 5 172 - 0.03 0.11 29616
aoDLAV 2e4 5 172 - 0.03 0.29 32756
aoULAV 2e4 5 172 - 0.04 0.28 32772
aoD2AG 2e4 5 172 - 0.04 0.31 33348
aoD2SG 2e4 5 172 - 0.03 0.34 32860
moore 2e4 5 172 - 3.42 6966.38 11768080
nbpm 2e4 5 172 - 29.30 4933.69 34200500
greedy 2e4 5 172 - 25.66 1305.84 43774004
dry 1e8 2 173 - 1.02 3.02 1983300
aoDLAV 1e8 2 173 - 7.75 603.82 14862068
aoULAV 1e8 2 173 - 10.55 731.64 14862068
aoD2AG 1e8 2 173 - 18.10 887.92 21859904
aoD2SG 1e8 2 173 - 19.83 1053.62 22657920
dry 125e2 2 205 - 0.03 0.11 26532
aoDLAV 125e2 2 205 - 0.03 0.17 30708
aoULAV 125e2 2 205 - 0.03 0.17 30724
aoD2AG 125e2 2 205 - 0.04 0.18 31380
aoD2SG 125e2 2 205 - 0.04 0.18 31376
moore 125e2 2 205 - 1.54 2071.91 4611548
nbpm 125e2 2 205 - 11.21 676.94 12302324
greedy 125e2 2 205 - 9.62 443.28 17109964
dry 8e7 2 140 - 0.82 2.43 1592676
aoDLAV 8e7 2 140 - 6.17 457.97 11893328
aoULAV 8e7 2 140 - 8.00 479.55 11893324
aoD2AG 8e7 2 140 - 15.13 688.22 17487624
aoD2SG 8e7 2 140 - 16.24 807.39 18126856
dry 9e7 2 1 - 1.07 2.72 1787984
aoDLAV 9e7 2 1 - 7.45 521.35 13377684
aoULAV 9e7 2 1 - 9.56 659.03 13377688
aoD2AG 9e7 2 1 - 17.09 1000.25 19671220
aoD2SG 9e7 2 1 - 18.19 938.03 20388172
dry 8e7 2 65 - 0.86 2.48 1592676
aoDLAV 8e7 2 65 - 6.57 462.74 11893324
aoULAV 8e7 2 65 - 8.64 500.81 11893328
aoD2AG 8e7 2 65 - 15.58 703.03 17487096
aoD2SG 8e7 2 65 - 16.05 786.21 18122436
